1167,-3985,119
1161,-3985,117
1159,-3985,115
1157,-3985,113
1152,-3983,108
1150,-3978,113
1156,-3976,117
1163,-3979,119
1166,-3990,121
1171,-3995,128
1182,-3991,136
1186,-3984,136
1185,-3982,130
1180,-3982,127
1177,-3986,124
1174,-3982,123
1172,-3981,119
1165,-3978,117
1167,-3980,108
1168,-3975,103
1170,-3971,101
1170,-3964,99
1167,-3961,96
1168,-3958,95
1169,-3959,97
1158,-3964,85
1163,-3955,92
1175,-3950,106
1178,-3961,108
1179,-3967,115
1185,-3970,118
1190,-3975,125
1193,-3980,132
1190,-3986,141
1193,-3994,155
1197,-3998,169
1199,-3998,179
1199,-3993,182
1199,-3990,181
1194,-3992,185
1189,-3990,190
1182,-3989,190
1181,-3983,181
1176,-3977,169
1173,-3964,155
1168,-3962,141
1162,-3963,130
1159,-3961,123
1160,-3959,113
1158,-3956,101
1159,-3957,90
1159,-3965,81
1158,-3969,80
1162,-3974,87
1169,-3979,90
1174,-3983,94
1178,-3984,99
1181,-3984,109
1185,-3987,115
1187,-3991,131
1190,-3991,138
1190,-3990,142
1192,-3987,140
1188,-3989,143
1187,-3990,143
1180,-3988,145
1172,-3986,150
1172,-3985,143
1175,-3984,144
1176,-3983,136
1175,-3984,133
1172,-3980,126
1170,-3980,123
1169,-3979,113
1167,-3981,112
1164,-3974,103
1161,-3971,96
1160,-3975,97
1163,-3983,98
1174,-3987,98
1186,-3985,108
1193,-3985,114
1195,-3982,120
1197,-3989,128
1200,-3981,130
1193,-3975,132
1179,-3971,125
1167,-3967,117
1156,-3961,118
1153,-3953,113
1151,-3947,105
1151,-3951,99
1155,-3953,92
1155,-3954,92
1164,-3959,89
1173,-3965,87
1185,-3971,88
1192,-3975,89
1205,-3979,89
1211,-3987,90
1212,-3993,89
1212,-4000,91
1210,-4002,94
1205,-4000,97
1201,-3999,98
1197,-4001,104
1192,-3996,106
1185,-3991,110
1182,-3985,114
1177,-3982,115
1173,-3977,117
1172,-3977,113
1172,-3975,111
1172,-3975,105
1172,-3975,95
1170,-3979,92
1172,-3981,93
1175,-3976,86
1177,-3980,86
1179,-3983,83
1178,-3983,80
1181,-3984,80
1190,-3986,85
1185,-3983,90
1186,-3981,87
1189,-3979,80
1187,-3978,82
1190,-3977,81
1186,-3975,86
1184,-3977,90
1179,-3978,87
1178,-3979,87
1178,-3976,86
1176,-3974,86
1177,-3976,87
1180,-3979,90
1177,-3979,92
1178,-3978,91
1178,-3982,96
1182,-3984,97
1188,-3984,98
1191,-3986,97
1192,-3989,97
1191,-3991,93
1192,-3991,91
1197,-3990,93
1195,-3988,88
1195,-3987,86
1192,-3984,85
1188,-3988,81
1188,-3986,78
1185,-3984,76
1181,-3979,75
1180,-3979,79
1181,-3976,77
1177,-3974,75
1178,-3974,77
1177,-3971,74
1179,-3971,75
1181,-3973,78
1185,-3975,78
1181,-3974,79
1182,-3971,78
1183,-3973,77
1182,-3972,77
1186,-3974,81
1190,-3975,80
1192,-3974,86
1192,-3977,81
1192,-3978,82
1198,-3978,78
1200,-3976,76
1200,-3979,74
1202,-3980,78
1197,-3984,76
1192,-3986,80
1193,-3992,78
1195,-3989,81
1192,-3989,84
1190,-3990,81
1192,-3993,80
1188,-3986,75
1183,-3983,71
1181,-3980,65
1181,-3978,58
1184,-3973,53
1188,-3972,48
1186,-3973,46
1191,-3973,46
1194,-3972,43
1197,-3977,48
1200,-3985,48
1200,-3988,52
1198,-3989,54
1198,-3992,53
1195,-3993,54
1194,-3992,55
1193,-3992,55
1189,-3989,59
1186,-3986,58
1185,-3982,55
1181,-3981,54
1179,-3977,50
1179,-3972,45
1175,-3969,44
1174,-3966,42
1177,-3959,40
1180,-3961,45
1178,-3966,47
1185,-3967,49
1189,-3978,58
1194,-3984,63
1201,-3981,70
1202,-3984,70
1200,-3991,73
1195,-3993,73
1198,-3993,71
1198,-3996,66
1195,-3987,64
1193,-3986,51
1192,-3985,44
1190,-3982,40
1190,-3979,28
1190,-3968,21
1186,-3964,14
1185,-3961,6
1185,-3960,0
1185,-3958,-6
1186,-3959,-8
1189,-3962,-9
1193,-3972,-8
1199,-3979,-2
1203,-3986,4
1208,-3993,16
1212,-4001,29
1219,-4004,45
1221,-4006,54
1223,-4007,65
1219,-4009,73
1219,-4005,86
1210,-3999,91
1200,-3988,97
1193,-3984,92
1186,-3980,88
1179,-3971,78
1173,-3964,66
1167,-3961,53
1164,-3957,45
1161,-3955,32
1166,-3960,20
1166,-3960,12
1173,-3963,2
1177,-3969,-1
1174,-3971,-6
1182,-3974,-13
1185,-3978,-18
1188,-3980,-21
1195,-3982,-18
1197,-3985,-15
1199,-3987,-10
1198,-3990,-2
1201,-3990,4
1206,-3989,11
1210,-3991,17
1207,-3995,24
1208,-3997,34
1207,-3997,42
1205,-3993,45
1201,-3992,49
1200,-3990,52
1202,-3985,49
1202,-3983,45
1198,-3981,41
1201,-3982,43
1203,-3982,37
1203,-3983,26
1196,-3981,19
1196,-3976,14
1194,-3976,8
1193,-3977,0
1196,-3983,-1
1201,-3981,-1
1203,-3977,-2
1207,-3979,3
1209,-3978,11
1209,-3981,20
1211,-3978,27
1211,-3977,29
1211,-3975,29
1204,-3973,27
1199,-3969,27
1197,-3968,23
1192,-3967,14
1193,-3967,10
1190,-3967,4
1196,-3969,0
1200,-3969,-1
1205,-3966,-1
1209,-3968,-3
1214,-3973,-4
1219,-3975,-6
1218,-3982,-6
1218,-3983,-4
1219,-3990,-7
1217,-3996,-5
1214,-3996,-2
1211,-3996,1
1203,-3992,3
1200,-3997,2
1195,-4000,6
1196,-3996,8
1197,-3995,10
1198,-3996,16
1200,-3993,17
1198,-3992,21
1205,-3991,21
1209,-3992,22
1213,-3991,18
1218,-3989,17
1219,-3989,14
1215,-3987,12
1215,-3983,9
1210,-3979,7
1208,-3977,6
1208,-3976,3
1201,-3975,3
1199,-3975,2
1194,-3970,-1
1193,-3966,2
1190,-3967,3
1189,-3966,4
1182,-3965,4
1182,-3967,3
1182,-3970,3
1186,-3974,4
1192,-3975,8
1197,-3977,11
1199,-3978,17
1203,-3986,18
1207,-3986,24
1209,-3988,28
1212,-3992,31
1213,-3991,34
1212,-3990,30
1214,-3987,23
1211,-3985,23
1207,-3986,19
1203,-3985,18
1199,-3982,14
1199,-3977,11
1194,-3977,14
1194,-3974,14
1192,-3975,12
1187,-3973,11
1190,-3969,13
1189,-3969,12
1195,-3973,15
1196,-3971,13
1198,-3973,16
1203,-3974,15
1207,-3977,17
1207,-3975,16
1205,-3975,18
1207,-3978,18
1207,-3978,23
1208,-3980,28
1209,-3980,31
1210,-3980,38
1209,-3977,42
1207,-3976,43
1206,-3980,45
1208,-3978,45
1210,-3970,44
1206,-3969,45
1202,-3971,40
1201,-3969,44
1201,-3971,39
1200,-3969,33
1203,-3972,30
1202,-3972,29
1205,-3974,24
1211,-3975,22
1212,-3973,16
1210,-3975,15
1208,-3975,17
1207,-3980,17
1203,-3980,20
1204,-3980,22
1204,-3979,25
1207,-3980,28
1206,-3982,33
1207,-3981,33
1207,-3980,28
1206,-3980,34
1206,-3979,38
1204,-3975,37
1197,-3975,40
1195,-3970,43
1190,-3970,43
1194,-3965,43
1191,-3964,46
1196,-3962,48
1191,-3963,48
1197,-3962,50
1198,-3965,47
1194,-3968,45
1191,-3970,36
1190,-3973,36
1189,-3976,34
1193,-3979,32
1191,-3979,25
1192,-3982,24
1194,-3982,21
1198,-3981,20
1199,-3986,17
1205,-3989,21
1213,-3989,21
1219,-3991,23
1228,-3991,24
1227,-3993,25
1226,-3996,32
1224,-3995,35
1217,-3990,33
1210,-3985,36
1202,-3982,45
1194,-3977,47
1189,-3971,47
1186,-3969,53
1183,-3967,58
1185,-3962,58
1183,-3961,56
1179,-3956,51
1179,-3953,48
1181,-3953,39
1184,-3957,29
1193,-3963,27
1200,-3973,25
1208,-3974,27
1219,-3981,36
1231,-3987,39
1237,-3993,43
1235,-3995,45
1237,-3998,44
1234,-4000,42
1228,-4000,42
1220,-3996,41
1211,-3994,39
1201,-3983,42
1189,-3978,38
1185,-3971,35
1184,-3964,31
1181,-3966,31
1182,-3953,24
1186,-3958,21
1191,-3957,16
1197,-3961,13
1197,-3964,11
1205,-3968,9
1208,-3979,11
1215,-3987,18
1218,-3990,21
1225,-3997,33
1230,-4003,47
1235,-4010,55
1241,-4008,67
1243,-4006,77
1233,-4000,81
1225,-3995,82
1219,-3988,93
1215,-3979,90
1208,-3967,85
1196,-3960,74
1186,-3956,68
1181,-3951,57
1179,-3947,55
1178,-3944,49
1174,-3944,41
1171,-3947,27
1175,-3956,24
1178,-3958,21
1184,-3968,23
1191,-3976,27
1193,-3980,25
1202,-3982,29
1206,-3984,37
1210,-3987,44
1214,-3987,50
1213,-3987,52
1215,-3986,54
1214,-3983,59
1213,-3986,61
1213,-3981,60
1215,-3978,62
1214,-3973,63
1210,-3975,63
1212,-3973,61
1208,-3968,57
1210,-3973,52
1210,-3972,56
1210,-3973,56
1208,-3971,53
1208,-3973,54
1209,-3974,53
1211,-3972,58
1210,-3973,61
1208,-3974,53
1209,-3972,46
1206,-3969,41
1201,-3969,36
1200,-3971,36
1204,-3971,31
1208,-3967,35
1207,-3966,41
1208,-3967,46
1204,-3965,55
1202,-3959,58
1200,-3959,57
1196,-3959,53
1191,-3960,46
1186,-3959,40
1184,-3955,31
1182,-3952,25
1185,-3953,17
1186,-3952,13
1196,-3954,10
1203,-3957,6
1210,-3962,7
1214,-3968,5
1219,-3973,3
1222,-3976,3
1222,-3982,5
1223,-3990,7
1222,-3994,10
1222,-3998,8
1224,-3999,8
1226,-3998,8
1221,-4000,9
1220,-4002,12
1216,-4001,12
1211,-3996,12
1210,-4000,14
1211,-3997,14
1208,-3992,12
1208,-3997,15
1212,-3997,12
1214,-3996,9
1214,-3997,10
1218,-3999,9
1227,-3995,9
1230,-3994,7
1231,-3997,9
1237,-4000,7
1235,-3999,9
1236,-4001,10
1229,-4000,8
1228,-3998,10
1222,-3995,11
1220,-3997,11
1217,-3992,8
1213,-3985,6
1207,-3979,5
1199,-3974,3
1192,-3968,2
1189,-3964,0
1181,-3960,1
1179,-3956,2
1179,-3957,6
1175,-3956,10
1181,-3952,9
1184,-3954,12
1189,-3956,12
1196,-3962,13
1200,-3965,12
1205,-3971,12
1211,-3974,12
1214,-3979,12
1216,-3984,14
1220,-3987,15
1218,-3989,16
1215,-3989,21
1214,-3989,25
1208,-3988,29
1206,-3990,34
1207,-3987,35
1208,-3986,37
1210,-3979,38
1215,-3977,43
1212,-3979,47
1216,-3977,50
1219,-3978,54
1223,-3977,49
1223,-3974,46
1223,-3973,41
1223,-3971,40
1219,-3972,34
1214,-3972,27
1207,-3971,25
1206,-3969,23
1205,-3968,21
1201,-3971,18
1201,-3972,20
1204,-3970,23
1207,-3976,27
1211,-3981,30
1216,-3980,33
1219,-3984,35
1218,-3982,39
1220,-3981,35
1220,-3981,37
1221,-3980,37
1216,-3981,38
1213,-3978,36
1214,-3983,37
1210,-3982,37
1210,-3983,40
1208,-3980,42
1210,-3978,48
1207,-3976,50
1207,-3973,53
1210,-3971,56
1209,-3973,62
1212,-3971,63
1212,-3971,60
1209,-3970,64
1206,-3974,62
1206,-3974,63
1200,-3971,63
1199,-3971,58
1198,-3973,62
1197,-3975,62
1192,-3973,64
1190,-3973,62
1187,-3974,61
1183,-3975,58
1180,-3973,50
1177,-3968,44
1176,-3966,39
1179,-3966,37
1180,-3968,35
1186,-3965,33
1186,-3967,37
1189,-3973,39
1195,-3978,45
1197,-3978,49
1203,-3983,56
1206,-3986,60
1207,-3987,61
1208,-3992,60
1205,-3992,61
1199,-3990,61
1192,-3986,58
1192,-3984,60
1183,-3983,61
1174,-3980,56
1174,-3977,55
1169,-3974,48
1163,-3969,47
1160,-3969,45
1164,-3971,41
1167,-3970,42
1169,-3973,41
1175,-3968,45
1179,-3977,47
1182,-3985,53
1190,-3996,56
1194,-4000,61
1198,-4004,67
1197,-4006,67
1203,-4010,70
1200,-4010,63
1197,-4008,58
1197,-4008,53
1198,-4002,43
1197,-3996,39
1199,-3989,33
1202,-3983,29
1202,-3978,33
1200,-3974,32
1194,-3970,28
1192,-3970,32
1189,-3968,28
1188,-3959,29
1188,-3964,32
1189,-3967,37
1186,-3973,46
1188,-3978,57
1188,-3987,68
1195,-3994,79
1198,-4001,87
1199,-4005,97
1197,-4007,106
1200,-4007,113
1201,-4002,114
1195,-3997,115
1189,-3994,118
1186,-3987,114
1178,-3980,111
1167,-3974,104
1163,-3967,101
1159,-3957,92
1152,-3954,85
1152,-3954,86
1148,-3953,80
1147,-3954,69
1151,-3956,63
1155,-3960,64
1159,-3967,68
1165,-3970,70
1161,-3968,76
1167,-3972,80
1170,-3978,83
1174,-3986,82
1176,-3990,80
1178,-3996,73
1181,-3994,77
1185,-3992,78
1187,-3996,82
1188,-3997,88
1186,-3994,94
1187,-3992,97
1183,-3990,104
1179,-3988,109
1174,-3983,110
1173,-3977,111
1169,-3975,109
1171,-3972,107
1168,-3970,102
1168,-3969,101
1167,-3968,94
1166,-3971,94
1160,-3972,88
1157,-3970,84
1159,-3972,84
1161,-3977,84
1166,-3982,88
1179,-3986,91
1186,-3988,100
1187,-3988,107
1193,-3988,116
1190,-3988,126
1187,-3981,127
1176,-3977,125
1168,-3973,117
1166,-3971,110
1160,-3960,101
1152,-3957,98
1153,-3956,90
1161,-3953,82
1159,-3960,71
1158,-3962,64
1159,-3963,58
1166,-3966,57
1172,-3969,65
1182,-3977,69
1195,-3982,79
1200,-3986,84
1211,-3996,94
1208,-4007,93
1214,-4011,97
1218,-4013,101
1236,-3992,122
1246,-3988,129
1238,-3994,130
1229,-3999,123
1213,-3995,122
1203,-3991,122
1192,-3987,119
1182,-3984,115
1175,-3980,112
1170,-3979,110
1168,-3983,108
1166,-3983,106
1167,-3983,106
1165,-3980,108
1165,-3978,107
1165,-3977,109
1168,-3978,107
1169,-3980,109
1168,-3980,108
1172,-3979,106
1168,-3979,104
1163,-3980,103
1160,-3979,99
1161,-3979,99
1160,-3978,98
1162,-3978,97
1158,-3978,97
1159,-3977,98
1159,-3976,96
1159,-3976,96
1157,-3976,99
1155,-3983,111
1159,-3982,118
1161,-3978,124
1162,-3976,131
1158,-3979,135
1161,-3979,142
1163,-3981,147
1165,-3977,149
1163,-3976,145
1167,-3975,145
1169,-3971,145
1168,-3971,139
1166,-3970,138
1173,-3965,136
1169,-3963,137
1167,-3956,137
1164,-3961,129
1172,-3959,130
1169,-3962,136
1169,-3959,135
1169,-3958,136
1168,-3956,135
1173,-3959,139
1169,-3961,140
1168,-3964,147
1167,-3967,150
1171,-3968,154
1172,-3970,156
1175,-3971,158
1177,-3973,159
1185,-3976,152
1189,-3976,153
1197,-3976,150
1206,-3980,148
1213,-3983,142
1218,-3985,137
1223,-3989,136
1222,-3986,129
1216,-3986,129
1214,-3984,130
1207,-3980,137
1198,-3975,141
1193,-3972,143
1188,-3967,146
1179,-3965,150
1175,-3964,153
1176,-3960,152
1171,-3961,152
1171,-3959,146
1170,-3962,139
1171,-3964,135
1171,-3967,133
1174,-3971,125
1180,-3978,120
1189,-3980,118
1194,-3983,115
1198,-3987,113
1200,-3994,110
1204,-3997,106
1204,-3999,105
1206,-3999,101
1201,-3998,96
1199,-3994,94
1193,-3997,92
1188,-3994,91
1187,-3996,97
1182,-3994,100
1179,-3991,100
1180,-3988,98
1181,-3982,98
1176,-3980,98
1177,-3979,103
1179,-3976,104
1178,-3971,105
1177,-3973,103
1175,-3975,104
1174,-3981,108
1176,-3982,118
1178,-3986,123
1178,-3986,122
1169,-3986,122
1171,-3987,115
1173,-3990,109
1178,-3987,108
1183,-3985,100
1183,-3984,87
1183,-3979,80
1180,-3974,77
1173,-3968,75
1169,-3961,70
1166,-3958,64
1164,-3958,59
1164,-3960,59
1166,-3965,58
1168,-3967,59
1174,-3966,63
1178,-3971,64
1181,-3975,67
1187,-3982,78
1191,-3981,82
1196,-3988,90
1201,-3991,103
1197,-3997,113
1195,-3998,122
1195,-3995,130
1193,-3997,137
1192,-3999,148
1191,-3993,149
1183,-3988,153
1183,-3983,147
1176,-3981,143
1176,-3972,136
1168,-3965,128
1163,-3956,116
1155,-3960,100
1153,-3955,85
1150,-3956,74
1151,-3950,64
1152,-3952,59
1155,-3957,51
1162,-3960,48
1164,-3964,51
1172,-3970,51
1176,-3977,54
1187,-3983,57
1195,-3985,64
1206,-3991,75
1205,-3993,82
1207,-3995,85
1213,-3998,95
1216,-3995,104
1213,-3995,109
1208,-4000,120
1207,-3995,126
1208,-3988,128
1204,-3988,133
1200,-3982,133
1195,-3984,128
1197,-3982,122
1193,-3975,119
1187,-3971,115
1188,-3969,115
1193,-3969,109
1188,-3967,99
1182,-3967,94
1182,-3966,86
1185,-3964,82
1187,-3969,75
1187,-3975,70
1188,-3975,71
1192,-3977,75
1198,-3979,80
1197,-3976,87
1198,-3978,96
1195,-3977,100
1187,-3971,102
1184,-3968,103
1176,-3961,96
1175,-3958,94
1173,-3959,87
1174,-3960,77
1176,-3958,69
1175,-3956,61
1180,-3962,50
1184,-3961,49
1189,-3967,50
1194,-3972,46
1201,-3975,43
1209,-3978,44
1211,-3982,47
1208,-3988,49
1209,-3990,49
1208,-3995,53
1208,-3996,57
1203,-3998,55
1198,-3999,60
1198,-3999,62
1197,-4001,58
1196,-4000,60
1193,-3993,64
1194,-3992,64
1191,-3990,65
1189,-3985,61
1187,-3985,58
1190,-3986,54
1191,-3983,48
1194,-3982,49
1200,-3985,48
1205,-3987,48
1203,-3985,44
1200,-3985,41
1199,-3984,38
1196,-3981,37
1197,-3985,40
1192,-3984,36
1194,-3985,34
1188,-3985,33
1191,-3983,33
1191,-3981,30
1192,-3982,29
1190,-3982,23
1184,-3977,19
1180,-3978,20
1180,-3973,16
1183,-3974,14
1183,-3973,17
1182,-3970,23
1185,-3976,22
1188,-3975,25
1192,-3976,30
1196,-3981,30
1201,-3982,32
1207,-3987,36
1208,-3988,31
1212,-3986,37
1210,-3987,32
1207,-3989,25
1201,-3987,22
1201,-3985,15
1197,-3981,17
1197,-3981,19
1193,-3977,18
1194,-3982,19
1195,-3976,21
1196,-3977,22
1199,-3973,25
1200,-3974,31
1204,-3974,33
1204,-3975,37
1204,-3976,35
1204,-3979,34
1208,-3980,37
1207,-3979,37
1205,-3974,39
1204,-3975,37
1202,-3975,35
1196,-3977,31
1195,-3978,29
1192,-3976,26
1192,-3973,21
1190,-3974,15
1189,-3974,10
1195,-3975,9
1200,-3976,5
1201,-3973,5
1206,-3975,4
1208,-3976,4
1213,-3978,6
1215,-3986,10
1217,-3991,11
1217,-3995,19
1213,-3999,22
1212,-3996,22
1211,-3991,25
1204,-3987,29
1200,-3986,28
1195,-3986,24
1192,-3982,20
1189,-3981,16
1183,-3979,12
1183,-3973,9
1182,-3975,6
1182,-3974,4
1188,-3971,2
1190,-3972,3
1197,-3973,8
1203,-3978,16
1214,-3984,25
1220,-3992,38
1223,-3991,41
1223,-3990,47
1218,-3994,49
1210,-3993,41
1204,-3991,36
1200,-3987,29
1197,-3983,22
1193,-3978,16
1194,-3975,10
1195,-3974,7
1196,-3968,4
1196,-3965,-3
1194,-3962,-11
1193,-3959,-13
1190,-3955,-21
1192,-3960,-23
1195,-3964,-26
1202,-3966,-20
1201,-3971,-14
1205,-3977,-10
1206,-3982,-5
1211,-3991,7
1218,-3999,19
1224,-4003,31
1227,-4007,42
1236,-4010,57
1237,-4008,67
1233,-4008,73
1228,-4009,75
1220,-4001,74
1212,-3994,71
1208,-3989,67
1199,-3984,55
1196,-3981,41
1188,-3977,31
1185,-3974,20
1184,-3975,7
1183,-3970,1
1184,-3965,-7
1180,-3966,-13
1183,-3968,-15
1186,-3973,-16
1191,-3976,-19
1195,-3979,-21
1194,-3980,-14
1198,-3982,-12
1205,-3985,-5
1204,-3987,-1
1210,-3986,7
1214,-3988,11
1214,-3990,19
1212,-3988,25
1212,-3985,34
1219,-3982,41
1220,-3980,50
1218,-3982,55
1215,-3980,58
1210,-3979,60
1207,-3980,63
1208,-3979,63
1204,-3974,63
1202,-3973,62
1200,-3976,56
1199,-3978,54
1200,-3978,49
1205,-3981,42
1201,-3978,34
1200,-3976,26
1201,-3976,22
1206,-3975,17
1210,-3978,16
1213,-3978,14
1212,-3979,20
1216,-3975,31
1224,-3973,46
1221,-3973,53
1218,-3970,63
1211,-3975,71
1201,-3975,80
1202,-3963,79
1199,-3958,74
1194,-3954,69
1194,-3960,73
1202,-3956,68
1202,-3952,63
1199,-3950,51
1201,-3960,46
1203,-3958,44
1209,-3954,39
1208,-3956,39
1202,-3966,41
1204,-3971,47
1211,-3969,49
1208,-3969,49
1205,-3971,46
1197,-3981,51
1200,-3980,61
1211,-3975,59
1202,-3979,63
1199,-3981,63
1196,-3982,67
1200,-3985,71
1202,-3982,77
1202,-3985,72
1202,-3990,70
1209,-3987,68
1213,-3991,64
1216,-3995,59
1221,-3989,57
1216,-3993,54
1219,-3987,51
1210,-3983,50
1208,-3983,49
1213,-3969,51
1206,-3968,52
1201,-3965,57
1198,-3962,60
1189,-3962,60
1191,-3954,62
1188,-3954,61
1189,-3955,61
1192,-3951,59
1188,-3957,55
1191,-3957,53
1192,-3959,52
1194,-3964,58
1200,-3968,55
1203,-3975,62
1208,-3972,59
1213,-3979,58
1213,-3984,59
1217,-3980,60
1218,-3982,64
1216,-3980,64
1213,-3980,63
1209,-3974,63
1211,-3972,63
1205,-3972,60
1203,-3962,63
1196,-3964,62
1195,-3963,63
1190,-3963,60
1192,-3959,59
1191,-3962,61
1193,-3962,60
1196,-3963,59
1199,-3964,59
1208,-3967,60
1208,-3970,56
1209,-3971,54
1209,-3973,51
1208,-3975,46
1210,-3977,45
1213,-3976,41
1217,-3975,38
1217,-3980,37
1221,-3980,34
1223,-3980,34
1219,-3981,33
1217,-3983,31
1213,-3983,35
1214,-3981,42
1214,-3982,40
1210,-3982,39
1208,-3979,34
1209,-3978,33
1204,-3979,33
1204,-3978,31
1204,-3977,33
1203,-3976,32
1203,-3976,31
1211,-3977,30
1218,-3978,31
1222,-3979,31
1220,-3980,32
1224,-3980,38
1220,-3981,37
1215,-3983,35
1210,-3983,37
1209,-3981,40
1206,-3980,39
1201,-3978,46
1198,-3978,46
1199,-3976,44
1201,-3976,44
1200,-3969,38
1197,-3968,35
1198,-3963,32
1193,-3964,29
1189,-3960,27
1187,-3958,23
1190,-3959,20
1197,-3963,27
1207,-3967,36
1212,-3971,42
1215,-3976,52
1218,-3978,59
1215,-3981,58
1212,-3986,58
1203,-3988,56
1202,-3989,53
1197,-3985,49
1195,-3980,44
1193,-3976,41
1196,-3973,44
1194,-3969,43
1196,-3968,43
1198,-3961,38
1203,-3955,30
1204,-3955,23
1204,-3955,13
1204,-3958,8
1209,-3964,4
1214,-3967,4
1219,-3975,-1
1221,-3983,-1
1228,-3988,2
1232,-3994,7
1240,-3999,12
1240,-4001,24
1244,-3999,33
1238,-3994,42
1237,-3993,50
1234,-3991,53
1229,-3985,58
1221,-3981,60
1220,-3970,61
1217,-3969,57
1211,-3962,52
1203,-3957,48
1200,-3958,42
1197,-3952,31
1191,-3950,25
1194,-3948,22
1194,-3953,13
1195,-3959,12
1200,-3966,9
1204,-3972,7
1207,-3978,4
1208,-3979,4
1214,-3980,5
1219,-3982,8
1221,-3984,12
1221,-3985,12
1225,-3989,13
1222,-3992,13
1225,-3990,14
1222,-3991,18
1221,-3989,22
1223,-3984,20
1222,-3983,23
1223,-3981,27
1219,-3980,31
1221,-3983,33
1221,-3986,34
1218,-3988,37
1215,-3990,41
1216,-3989,42
1215,-3990,44
1219,-3993,48
1218,-3988,53
1213,-3984,46
1209,-3979,38
1201,-3975,28
1199,-3973,21
1198,-3972,12
1197,-3971,9
1197,-3970,6
1201,-3971,4
1207,-3971,8
1209,-3971,13
1210,-3969,21
1212,-3971,23
1215,-3971,20
1215,-3971,22
1213,-3968,20
1210,-3970,19
1205,-3969,19
1205,-3968,20
1204,-3965,23
1208,-3962,19
1210,-3964,19
1211,-3963,21
1216,-3961,19
1217,-3960,19
1217,-3963,18
1219,-3964,14
1220,-3969,17
1219,-3967,12
1218,-3971,13
1213,-3975,10
1214,-3982,13
1213,-3983,13
1213,-3984,15
1213,-3990,16
1211,-3989,14
1216,-3994,17
1219,-3993,19
1223,-3992,20
1226,-3991,22
1225,-3992,20
1225,-3992,19
1223,-3988,17
1227,-3986,14
1224,-3983,13
1222,-3983,14
1221,-3978,11
1218,-3976,12
1213,-3975,12
1210,-3973,10
1207,-3971,12
1206,-3974,16
1203,-3973,17
1200,-3972,22
1203,-3967,26
1199,-3969,30
1196,-3967,29
1192,-3971,28
1198,-3978,27
1199,-3977,25
1195,-3979,25
1196,-3977,26
1195,-3975,23
1194,-3975,19
1191,-3977,16
1191,-3979,15
1192,-3979,13
1194,-3977,14
1193,-3977,17
1197,-3979,16
1201,-3981,18
1205,-3983,21
1207,-3983,20
1205,-3985,22
1207,-3984,23
1200,-3985,21
1201,-3982,22
1198,-3978,18
1196,-3976,18
1196,-3977,17
1199,-3976,21
1198,-3973,25
1198,-3971,26
1199,-3970,30
1198,-3971,38
1198,-3972,44
1200,-3973,46
1202,-3971,46
1205,-3967,43
1204,-3968,48
1204,-3965,49
1195,-3967,46
1191,-3968,44
1191,-3969,45
1197,-3968,40
1195,-3972,37
1196,-3972,32
1195,-3972,29
1195,-3972,26
1195,-3973,18
1194,-3974,14
1195,-3973,10
1197,-3976,9
1197,-3978,7
1199,-3979,9
1202,-3981,11
1207,-3980,21
1211,-3979,27
1220,-3983,36
1224,-3990,44
1220,-3995,53
1220,-3998,57
1219,-3996,64
1216,-3991,69
1212,-3992,70
1206,-3987,66
1198,-3987,65
1192,-3984,62
1184,-3981,58
1181,-3978,51
1182,-3974,46
1177,-3974,38
1173,-3973,28
1170,-3968,21
1170,-3969,16
1167,-3966,11
1177,-3965,11
1183,-3969,16
1188,-3977,21
1192,-3986,30
1202,-3992,40
1211,-3997,56
1215,-4000,62
1216,-3999,66
1212,-4002,69
1214,-3995,69
1212,-3988,66
1208,-3985,60
1206,-3980,54
1202,-3978,50
1207,-3971,50
1213,-3965,46
1209,-3960,41
1202,-3954,38
1197,-3948,40
1194,-3946,38
1189,-3947,42
1189,-3951,45
1187,-3956,55
1191,-3959,62
1195,-3964,72
1203,-3971,81
1208,-3975,90
1214,-3981,100
1218,-3985,112
1227,-3992,124
1232,-3995,134
1231,-3992,137
1222,-3992,137
1216,-3988,134
1208,-3984,128
1197,-3983,123
1185,-3977,116
1178,-3970,102
1168,-3965,93
1160,-3957,83
1157,-3953,67
1155,-3950,60
1154,-3950,58
1155,-3950,47
1155,-3952,47
1160,-3956,47
1163,-3963,41
1170,-3970,45
1178,-3974,45
1185,-3980,51
1186,-3988,62
1191,-3989,71
1198,-3993,82
1201,-3993,90
1208,-3988,96
1208,-3987,102
1206,-3985,108
1205,-3983,115
1202,-3981,120
1200,-3980,124
1196,-3977,127
1195,-3972,122
1186,-3974,116
1190,-3971,116
1189,-3968,106
1183,-3968,100
1181,-3971,90
1182,-3970,90
1180,-3975,87
1188,-3974,88
1188,-3972,83
1191,-3971,79
1190,-3973,70
1192,-3977,71
1203,-3979,74
1208,-3978,78
1213,-3982,81
1210,-3984,85
1215,-3991,97
1222,-3986,111
1222,-3977,116
1214,-3971,115
1204,-3969,110
1196,-3967,117
1191,-3957,117
1191,-3950,104
1188,-3945,95
1179,-3943,85
1178,-3945,84
1184,-3945,80
1188,-3950,72
1186,-3954,66
1186,-3962,66
1195,-3967,75
1210,-3968,76
1217,-3979,79
1223,-3983,81
1228,-3991,87
1235,-3992,94
1239,-3996,97
1233,-3998,102
1227,-3995,101
1220,-3995,99
1217,-3988,96
1209,-3986,96
1198,-3980,96
1189,-3978,95
1186,-3977,89
1179,-3974,89
1178,-3973,84
1177,-3974,81
1181,-3974,80
1186,-3974,76
1193,-3976,76
1198,-3973,72
1198,-3975,70
1205,-3976,69
1204,-3978,67
1206,-3973,70
1199,-3973,66
1195,-3971,64
1190,-3970,65
1189,-3970,68
1185,-3971,67
1183,-3969,67
1181,-3970,69
1179,-3970,67
1177,-3969,64
1177,-3968,67
1181,-3970,62
1186,-3971,61
1189,-3970,60
1189,-3972,64
1192,-3973,59
1196,-3976,60
1197,-3975,57
1203,-3979,57
1206,-3980,57
1211,-3984,55
1207,-3990,48
1211,-3993,53
1206,-3994,52
1207,-3993,50
1211,-3998,54
1210,-3996,55
1212,-3996,58
1213,-3995,55
1214,-3992,60
1209,-3990,59
1206,-3986,60
1207,-3986,62
1204,-3982,62
1202,-3980,67
1197,-3976,70
1194,-3970,70
1193,-3968,72
1192,-3962,71
1194,-3961,66
1194,-3965,65
1197,-3966,68
1197,-3967,65
1199,-3967,61
1199,-3966,58
1198,-3969,54
1195,-3970,50
1187,-3968,49
1189,-3970,51
1189,-3975,53
1190,-3978,50
1192,-3982,46
1190,-3981,49
1187,-3980,49
1180,-3976,46
1180,-3973,43
1178,-3970,41
1177,-3967,40
1177,-3966,33
1178,-3965,27
1178,-3965,23
1181,-3963,21
1187,-3966,21
1192,-3973,20
1195,-3976,21
1200,-3979,21
1201,-3985,22
1203,-3991,25
1204,-3995,24
1204,-3998,28
1203,-4003,31
1200,-4005,38
1202,-4005,45
1204,-4011,45
1198,-4011,48
1200,-4009,47
1197,-4012,44
1195,-4010,39
1189,-4009,32
1187,-4006,27
1185,-4004,22
1184,-3999,15
1184,-4001,19
1189,-4008,22
1195,-4012,30
1198,-4008,36
1202,-4011,36
1203,-4012,37
1202,-4012,31
1203,-4016,27
1200,-4017,23
1198,-4018,14
1196,-4016,7
1198,-4017,-4
1195,-4010,-15
1195,-4004,-25
1189,-3999,-38
1185,-3990,-47
1178,-3981,-55
1173,-3973,-60
1170,-3965,-61
1173,-3962,-60
1179,-3959,-52
1182,-3965,-43
1184,-3971,-34
1183,-3981,-21
1188,-3993,-6
1196,-4004,5
1200,-4014,18
1209,-4029,31
1217,-4040,46
1227,-4048,55
1225,-4064,58
1226,-4075,59
1220,-4081,51
1212,-4084,42
1204,-4084,27
1193,-4077,19
1179,-4071,12
1168,-4061,-1
1154,-4047,-14
1153,-4030,-28
1144,-4026,-37
1143,-4016,-45
1147,-4005,-45
1154,-3995,-38
1162,-3992,-28
1169,-3983,-12
1181,-3972,7
1195,-3961,37
1212,-3951,60
1221,-3948,72
1230,-3950,86
1239,-3954,90
1241,-3962,91
1244,-3970,92
1246,-3980,84
1240,-3986,83
1232,-3991,74
1226,-3997,65
1215,-4005,52
1204,-4007,38
1195,-4010,21
1191,-4015,12
1190,-4022,6
1184,-4032,3
1195,-4035,4
1201,-4042,5
1208,-4045,8
1217,-4053,12
1224,-4058,8
1224,-4055,18
1221,-4054,20
1214,-4041,24
1200,-4030,31
1184,-4021,40
1164,-4005,50
1145,-3989,66
1129,-3970,74
1123,-3960,82
1113,-3951,90
1106,-3952,96
1106,-3949,100
1110,-3956,91
1114,-3970,84
1123,-3986,79
1138,-4006,70
1151,-4030,59
1164,-4046,52
1180,-4060,44
1198,-4070,30
1225,-4073,25
1253,-4068,31
1289,-4062,41
1316,-4060,56
1341,-4062,75
1361,-4061,97
1380,-4060,130
1395,-4055,167
1409,-4050,213
1427,-4041,257
1441,-4026,297
1453,-4002,335
1459,-3978,373
1459,-3951,404
1457,-3920,431
1454,-3908,450
1457,-3898,456
1455,-3897,459
1448,-3903,455
1445,-3916,445
1445,-3923,443
1436,-3929,446
1427,-3929,467
1411,-3937,483
1396,-3949,497
1382,-3954,505
1369,-3948,508
1361,-3942,505
1361,-3938,500
1353,-3939,491
1360,-3961,472
1380,-3976,441
1412,-3978,407
1436,-3986,373
1464,-4042,307
1491,-4122,218
1503,-4090,187
1519,-4056,167
1544,-4046,138
1565,-4042,98
1580,-4032,53
1577,-4014,21
1577,-3994,-19
1579,-3993,-90
1582,-3983,-179
1592,-3974,-287
1600,-3970,-401
1607,-3966,-518
1626,-3971,-624
1646,-4004,-735
1669,-4024,-804
1693,-4059,-883
1712,-4080,-969
1727,-4085,-1031
1734,-4093,-1103
1736,-4097,-1191
1724,-4098,-1289
1701,-4102,-1395
1651,-4132,-1567
1598,-4157,-1707
1548,-4149,-1798
1498,-4126,-1845
1447,-4116,-1882
1387,-4107,-1889
1315,-4104,-1862
1221,-4098,-1824
1110,-4091,-1777
979,-4088,-1718
836,-4094,-1664
687,-4111,-1618
552,-4129,-1557
445,-4144,-1478
361,-4165,-1388
278,-4189,-1277
204,-4193,-1168
153,-4182,-1054
128,-4174,-947
127,-4172,-859
129,-4164,-782
152,-4172,-720
187,-4197,-676
245,-4236,-639
307,-4269,-600
361,-4317,-580
413,-4365,-565
468,-4397,-553
512,-4407,-536
542,-4407,-525
572,-4423,-517
618,-4448,-483
649,-4463,-443
687,-4479,-406
729,-4494,-372
774,-4514,-342
809,-4530,-312
838,-4544,-290
837,-4544,-269
825,-4529,-245
813,-4501,-218
808,-4470,-198
824,-4460,-196
827,-4446,-181
822,-4426,-164
827,-4410,-136
819,-4383,-107
820,-4346,-76
823,-4313,-40
832,-4284,6
846,-4268,67
852,-4241,128
864,-4205,188
871,-4162,249
891,-4124,316
916,-4075,392
945,-4052,462
985,-4045,531
1025,-4046,593
1069,-4015,647
1115,-3962,682
1150,-3893,706
1189,-3805,723
1226,-3718,736
1266,-3652,741
1304,-3612,743
1344,-3599,754
1378,-3601,770
1409,-3627,801
1449,-3666,850
1500,-3700,927
1557,-3741,1029
1617,-3777,1130
1681,-3779,1214
1738,-3761,1290
1799,-3738,1365
1860,-3709,1440
1918,-3671,1519
1969,-3622,1586
2016,-3544,1628
2051,-3452,1649
2077,-3350,1648
2106,-3242,1630
2133,-3141,1599
2159,-3031,1562
2193,-2927,1527
2223,-2842,1502
2264,-2783,1477
2319,-2745,1453
2382,-2732,1426
2447,-2720,1404
2521,-2720,1381
2585,-2727,1351
2640,-2750,1330
2692,-2788,1315
2742,-2833,1313
2782,-2863,1300
2803,-2868,1267
2807,-2862,1206
2795,-2856,1143
2778,-2857,1090
2756,-2863,1057
2734,-2874,1043
2708,-2886,1036
2682,-2906,1041
2663,-2939,1056
2649,-2992,1085
2640,-3058,1131
2629,-3132,1184
2616,-3196,1215
2606,-3244,1227
2592,-3282,1219
2588,-3316,1201
2586,-3350,1175
2580,-3372,1139
2575,-3372,1089
2562,-3354,1029
2552,-3337,980
2554,-3328,957
2555,-3321,940
2556,-3314,930
2563,-3296,909
2579,-3253,900
2594,-3196,903
2608,-3141,915
2613,-3088,937
2604,-3040,957
2575,-2991,968
2531,-2933,955
2475,-2876,918
2414,-2820,865
2361,-2777,812
2321,-2737,756
2291,-2696,707
2274,-2650,661
2274,-2610,624
2285,-2582,605
2316,-2567,602
2351,-2559,598
2389,-2541,583
2428,-2522,557
2469,-2511,513
2519,-2508,454
2570,-2521,395
2621,-2555,339
2676,-2605,291
2725,-2651,240
2770,-2690,185
2809,-2717,131
2848,-2741,70
2875,-2761,11
2904,-2771,-44
2933,-2775,-82
2953,-2777,-112
2962,-2769,-141
2969,-2744,-163
2980,-2716,-180
2991,-2690,-193
3005,-2669,-196
3014,-2644,-194
3035,-2624,-176
3059,-2600,-163
3084,-2576,-143
3105,-2551,-124
3134,-2524,-104
3165,-2497,-93
3190,-2463,-85
3207,-2429,-86
3223,-2397,-93
3230,-2359,-109
3232,-2321,-133
3221,-2278,-171
3205,-2238,-212
3193,-2210,-263
3183,-2219,-323
3181,-2259,-386
3180,-2314,-464
3177,-2368,-543
3181,-2419,-617
3179,-2458,-678
3179,-2488,-733
3183,-2497,-771
3204,-2494,-798
3227,-2479,-817
3247,-2455,-827
3266,-2419,-827
3275,-2373,-830
3276,-2323,-831
3281,-2264,-832
3284,-2196,-838
3289,-2123,-847
3292,-2044,-861
3297,-1965,-885
3300,-1888,-914
3317,-1815,-951
3336,-1749,-996
3358,-1692,-1049
3393,-1646,-1099
3435,-1601,-1160
3483,-1561,-1218
3540,-1519,-1271
3599,-1482,-1332
3644,-1453,-1398
3694,-1426,-1457
3738,-1400,-1503
3782,-1377,-1545
3828,-1355,-1575
3879,-1329,-1608
3920,-1306,-1645
3957,-1285,-1682
3996,-1260,-1705
4048,-1223,-1714
4093,-1184,-1716
4125,-1148,-1715
4150,-1124,-1700
4162,-1103,-1679
4160,-1087,-1665
4157,-1064,-1640
4136,-1044,-1621
4095,-1041,-1606
4045,-1017,-1573
4009,-974,-1520
3957,-931,-1482
3900,-897,-1449
3841,-860,-1412
3786,-821,-1369
3742,-790,-1332
3694,-761,-1289
3663,-729,-1246
3647,-698,-1208
3627,-690,-1185
3616,-687,-1160
3600,-690,-1151
3600,-699,-1148
3611,-711,-1147
3632,-741,-1145
3653,-787,-1150
3678,-841,-1158
3697,-888,-1158
3719,-932,-1152
3738,-960,-1137
3746,-976,-1129
3755,-972,-1118
3762,-955,-1112
3768,-934,-1100
3769,-900,-1095
3767,-857,-1088
3756,-810,-1068
3736,-759,-1049
3708,-718,-1042
3667,-682,-1043
3625,-653,-1046
3581,-629,-1038
3541,-610,-1031
3510,-597,-1030
3504,-580,-1021
3524,-558,-1007
3533,-540,-1001
3540,-525,-1008
3541,-517,-1016
3558,-507,-1012
3575,-488,-1003
3586,-470,-995
3611,-435,-976
3642,-402,-953
3653,-387,-949
3669,-371,-930
3681,-356,-905
3682,-331,-877
3678,-305,-856
3657,-283,-842
3640,-253,-820
3625,-225,-811
3628,-174,-782
3610,-137,-774
3595,-100,-769
3599,-55,-753
3590,-8,-747
3588,66,-721
3596,147,-692
3616,221,-664
3641,269,-657
3697,325,-633
3757,381,-609
3813,415,-588
3882,463,-566
3935,476,-551
3986,509,-526
4031,557,-498
4067,607,-483
4084,650,-484
4095,686,-490
4097,700,-512
4100,733,-529
4103,769,-539
4110,805,-549
4103,826,-568
4087,844,-591
4077,859,-622
4081,877,-655
4080,902,-658
4081,926,-644
4072,914,-634
4057,907,-628
4056,925,-606
4051,931,-586
4030,918,-582
4004,912,-582
3987,939,-568
3978,955,-571
3945,934,-573
3904,926,-578
3893,958,-574
3875,999,-564
3873,1032,-557
3873,1047,-556
3896,1075,-552
3937,1098,-520
3961,1111,-500
3987,1104,-491
4012,1099,-480
4012,1087,-480
3991,1056,-490
3975,1029,-497
3972,1025,-485
3942,1003,-483
3902,976,-477
3858,948,-471
3829,931,-448
3810,916,-417
3786,903,-383
3771,886,-363
3755,880,-339
3727,863,-319
3693,845,-307
3646,820,-305
3596,807,-304
3553,806,-298
3510,794,-311
3485,799,-314
3459,798,-319
3442,795,-327
3407,778,-356
3376,777,-380
3360,807,-401
3352,865,-406
3361,931,-404
3381,1009,-382
3411,1095,-366
3430,1173,-359
3456,1252,-351
3472,1318,-345
3503,1388,-345
3525,1446,-373
3548,1478,-425
3564,1452,-507
3601,1397,-594
3644,1325,-679
3663,1248,-771
3684,1176,-864
3723,1129,-961
3760,1074,-1070
3805,1017,-1165
3873,966,-1243
3928,885,-1310
4001,836,-1353
4053,817,-1387
4104,822,-1409
4137,878,-1417
4161,955,-1434
4169,1039,-1460
4201,1129,-1473
4235,1230,-1493
4280,1297,-1484
4323,1334,-1486
4359,1354,-1509
4395,1384,-1535
4432,1427,-1561
4447,1442,-1577
4459,1447,-1593
4464,1453,-1617
4471,1453,-1648
4481,1426,-1677
4488,1418,-1699
4495,1401,-1702
4488,1361,-1715
4504,1333,-1724
4533,1320,-1734
4564,1312,-1759
4601,1303,-1781
4650,1306,-1769
4684,1294,-1749
4706,1285,-1723
4727,1281,-1693
4740,1305,-1654
4732,1336,-1614
4696,1370,-1572
4636,1403,-1524
4559,1445,-1468
4466,1488,-1406
4346,1512,-1354
4210,1512,-1320
4058,1485,-1293
3909,1445,-1281
3770,1387,-1287
3640,1313,-1302
3536,1227,-1334
3462,1135,-1365
3415,1046,-1396
3389,961,-1424
3377,887,-1455
3365,817,-1482
3368,760,-1501
3383,708,-1505
3392,662,-1500
3396,618,-1484
3400,569,-1460
3416,511,-1428
3431,444,-1386
3442,376,-1339
3461,310,-1292
3488,251,-1245
3513,202,-1197
3546,162,-1156
3577,130,-1120
3600,110,-1099
3604,94,-1094
3608,93,-1093
3611,95,-1096
3610,105,-1101
3589,112,-1103
3560,120,-1104
3526,125,-1104
3477,125,-1109
3416,119,-1121
3356,118,-1126
3306,119,-1131
3269,128,-1126
3246,142,-1115
3210,139,-1108
3171,131,-1108
3150,122,-1106
3126,105,-1109
3119,94,-1114
3117,81,-1118
3124,66,-1115
3127,52,-1112
3129,43,-1114
3133,33,-1109
3142,29,-1101
3161,29,-1085
3180,47,-1070
3213,80,-1049
3248,123,-1023
3290,190,-992
3327,267,-959
3361,347,-933
3383,424,-907
3392,493,-892
3390,557,-893
3387,608,-896
3381,646,-908
3375,679,-921
3370,708,-933
3363,731,-944
3356,748,-957
3356,758,-967
3354,763,-977
3360,763,-985
3365,763,-996
3374,761,-1010
3388,762,-1027
3411,771,-1041
3443,776,-1060
3486,784,-1070
3531,778,-1088
3580,768,-1104
3634,750,-1112
3690,732,-1120
3749,716,-1131
3812,700,-1136
3866,690,-1139
3911,684,-1144
3946,676,-1156
3968,665,-1163
3980,654,-1177
3978,641,-1188
3969,632,-1202
3959,615,-1215
3944,602,-1228
3920,597,-1242
3891,596,-1255
3862,597,-1266
3845,601,-1279
3830,599,-1294
3822,598,-1309
3824,598,-1321
3834,596,-1340
3845,592,-1363
3860,579,-1384
3882,560,-1407
3898,536,-1424
3912,506,-1439
3929,468,-1450
3939,430,-1458
3961,397,-1465
3981,361,-1466
3989,332,-1467
3997,308,-1468
3999,287,-1467
4001,275,-1467
4003,268,-1471
3997,262,-1476
3982,258,-1486
3968,257,-1503
3975,262,-1513
3996,265,-1528
4016,268,-1541
4030,270,-1557
4040,263,-1584
4042,260,-1605
4046,252,-1638
4045,246,-1660
4057,240,-1672
4057,211,-1681
4054,189,-1680
4042,157,-1679
4023,137,-1667
3996,123,-1661
3959,110,-1657
3898,103,-1659
3844,95,-1667
3789,81,-1675
3747,81,-1685
3702,80,-1700
3640,60,-1736
3597,38,-1772
3551,13,-1799
3477,-23,-1843
3426,-45,-1880
3390,-62,-1924
3372,-60,-1970
3382,-53,-2011
3395,-55,-2067
3415,-61,-2138
3449,-70,-2225
3498,-82,-2320
3556,-89,-2415
3613,-96,-2514
3658,-97,-2603
3698,-96,-2692
3741,-79,-2766
3761,-52,-2830
3781,-27,-2880
3791,8,-2923
3786,52,-2955
3774,110,-2987
3762,177,-3015
3743,247,-3039
3729,318,-3057
3730,392,-3084
3742,470,-3113
3766,542,-3150
3801,609,-3199
3834,673,-3254
3864,740,-3318
3902,799,-3381
3940,860,-3445
3976,921,-3503
4022,980,-3556
4067,1026,-3604
4126,1056,-3647
4179,1080,-3692
4230,1099,-3735
4261,1117,-3772
4289,1129,-3798
4308,1126,-3818
4313,1112,-3831
4308,1073,-3844
4296,1017,-3846
4276,949,-3837
4243,874,-3822
4208,808,-3790
4178,741,-3754
4163,681,-3705
4149,635,-3661
4145,598,-3609
4155,560,-3567
4178,519,-3529
4209,481,-3505
4236,432,-3479
4266,388,-3456
4296,343,-3435
4313,295,-3415
4328,257,-3393
4339,220,-3371
4346,194,-3345
4351,166,-3316
4359,148,-3291
4365,130,-3266
4372,120,-3248
4381,114,-3234
4384,112,-3222
4387,115,-3222
4390,117,-3224
4394,115,-3238
4404,109,-3254
4430,113,-3261
4453,116,-3277
4471,109,-3297
4485,107,-3308
4499,111,-3313
4492,117,-3308
4471,119,-3300
4448,130,-3285
4428,152,-3261
4419,184,-3232
4416,224,-3204
4416,263,-3175
4405,302,-3150
4381,335,-3125
4345,363,-3093
4304,386,-3061
4249,402,-3019
4195,415,-2975
4150,431,-2931
4120,438,-2886
4099,445,-2840
4091,452,-2802
4095,457,-2770
4098,455,-2746
4099,451,-2725
4086,435,-2703
4058,416,-2683
4008,395,-2658
3950,376,-2631
3888,360,-2594
3833,346,-2557
3784,337,-2521
3754,332,-2482
3736,325,-2444
3729,317,-2412
3723,304,-2383
3710,291,-2360
3693,263,-2338
3666,240,-2326
3631,212,-2308
3576,182,-2296
3526,148,-2287
3485,114,-2273
3446,88,-2252
3412,72,-2226
3380,53,-2202
3346,36,-2170
3315,29,-2134
3285,24,-2100
3256,19,-2069
3226,12,-2041
3195,3,-2015
3163,-7,-1990
3137,-14,-1965
3112,-21,-1943
3098,-39,-1918
3091,-75,-1879
3110,-124,-1834
3132,-171,-1782
3158,-223,-1724
3200,-274,-1665
3249,-326,-1600
3310,-372,-1533
3374,-418,-1457
3437,-460,-1366
3497,-492,-1274
3546,-517,-1176
3580,-531,-1082
3598,-530,-982
3600,-516,-887
3593,-491,-794
3571,-460,-709
3531,-414,-619
3477,-362,-531
3416,-315,-452
3346,-272,-383
3267,-237,-342
3186,-209,-321
3109,-188,-332
3035,-173,-364
2979,-167,-410
2949,-169,-468
2940,-176,-531
2951,-182,-590
2970,-183,-648
2998,-194,-698
3016,-196,-739
3042,-205,-778
3067,-223,-808
3090,-234,-834
3113,-248,-851
3121,-270,-861
3129,-294,-865
3127,-316,-867
3118,-340,-867
3110,-358,-856
3087,-379,-836
3068,-390,-810
3052,-395,-777
3045,-387,-734
3050,-372,-670
3070,-344,-586
3101,-317,-488
3130,-283,-377
3154,-249,-267
3183,-218,-166
3198,-191,-81
3204,-169,-24
3211,-140,16
3206,-118,27
3197,-104,18
3176,-100,-12
3156,-110,-50
3129,-124,-100
3107,-146,-155
3092,-173,-200
3082,-197,-239
3079,-224,-278
3087,-245,-307
3101,-263,-327
3114,-269,-333
3124,-268,-331
3133,-267,-321
3137,-262,-303
3135,-261,-285
3133,-254,-267
3144,-247,-236
3140,-246,-206
3144,-254,-174
3142,-263,-138
3141,-275,-95
3140,-280,-55
3145,-281,-16
3150,-278,14
3155,-268,26
3154,-257,32
3149,-243,34
3143,-229,38
3127,-215,37
3106,-194,33
3088,-170,23
3063,-152,4
3034,-144,-13
3012,-139,-30
2999,-130,-49
2991,-127,-50
2981,-131,-55
2987,-128,-46
3012,-124,-36
3041,-118,-18
3077,-113,-4
3108,-106,3
3143,-104,11
3174,-100,10
3202,-95,4
3236,-96,-6
3272,-94,-26
3311,-87,-35
3347,-79,-34
3400,-68,-25
3437,-55,-6
3464,-39,18
3486,-21,42
3502,1,68
3516,28,80
3534,54,88
3561,72,94
3602,75,91
3651,76,96
3702,64,99
3755,51,97
3808,33,108
3852,16,119
3890,1,131
3929,-15,154
3956,-32,174
3972,-44,193
3972,-46,206
3967,-44,209
3952,-44,213
3934,-39,209
3929,-30,206
3930,-19,203
3940,-6,188
3957,12,180
3979,35,175
3999,54,179
4011,68,174
4014,81,179
4009,94,177
4012,102,179
4029,100,195
4039,101,203
4032,105,208
4034,110,214
4031,127,219
4029,138,219
4029,148,221
4014,166,216
4003,174,222
3990,191,242
3970,197,264
3955,209,295
3939,226,322
3922,237,335
3903,240,344
3897,238,352
3891,242,363
3885,240,372
3858,244,381
3828,247,389
3800,251,397
3781,261,404
3769,270,408
3753,276,409
3737,292,402
3725,311,396
3702,330,386
3691,327,373
3692,316,369
3706,290,377
3732,266,402
3772,246,431
3791,234,449
3808,228,462
3822,229,466
3835,226,478
3853,228,487
3875,235,501
3901,231,508
3923,223,510
3934,225,503
3936,225,488
3933,221,477
3915,221,461
3906,216,441
3901,204,422
3887,196,406
3877,193,395
3878,190,397
3878,189,405
3869,199,417
3874,210,430
3882,214,438
3880,219,440
3882,227,436
3895,224,435
3908,215,437
3931,203,447
3952,189,456
3972,175,467
3989,173,484
4000,173,503
4001,179,521
4001,197,544
3998,215,555
3990,228,566
3980,266,570
3967,300,563
3956,336,549
3946,365,539
3937,389,523
3923,416,511
3915,427,499
3917,409,479
3918,394,461
3907,401,447
3886,418,443
3867,438,458
3845,461,479
3832,473,497
3811,497,521
3789,526,533
3776,540,530
3772,539,522
3777,528,502
3789,521,487
3802,515,472
3814,508,467
3829,501,474
3842,501,489
3850,505,509
3854,509,531
3864,512,542
3870,509,543
3884,491,543
3905,472,542
3931,454,547
3955,439,563
3972,433,573
3980,437,583
3974,449,583
3963,466,571
3944,482,555
3933,488,540
3916,493,535
3903,498,532
3895,503,531
3890,511,539
3880,514,543
3875,520,549
3867,523,552
3862,528,563
3857,530,573
3855,536,589
3854,545,614
3851,548,634
3847,554,642
3846,556,652
3842,556,642
3842,553,629
3844,546,608
3848,528,581
3851,508,558
3857,484,539
3860,463,529
3867,445,534
3879,428,547
3890,417,569
3904,417,602
3923,417,640
3942,427,672
3962,435,697
3978,445,714
3992,462,722
3992,476,714
3984,487,690
3971,496,661
3954,498,633
3934,497,612
3916,489,599
3897,486,584
3881,478,586
3871,468,588
3870,459,591
3877,441,597
3885,422,609
3891,404,622
3898,390,633
3899,378,638
3891,378,640
3883,382,634
3867,385,626
3853,391,621
3841,390,619
3831,391,614
3828,392,604
3828,387,595
3833,385,589
3835,388,581
3834,388,570
3835,388,565
3832,385,556
3838,387,541
3844,383,535
3849,369,535
3859,356,546
3867,335,569
3870,322,606
3875,316,640
3882,312,666
3883,314,675
3885,313,668
3888,318,657
3887,325,643
3886,325,632
3890,325,625
3892,327,622
3900,326,625
3906,327,627
3907,333,631
3911,338,630
3914,339,618
3914,355,616
3913,367,616
3903,366,613
3903,371,617
3904,378,624
3905,380,630
3908,383,632
3909,389,643
3914,388,651
3912,390,660
3912,388,666
3908,380,670
3910,384,674
3912,389,681
3909,390,684
3901,388,683
3897,401,688
3900,417,691
3903,424,697
3901,430,690
3903,443,694
3897,451,691
3902,458,692
3898,456,692
3894,451,686
3888,442,688
3885,427,681
3881,411,673
3883,394,666
3886,379,655
3889,362,650
3894,350,643
3892,338,645
3898,333,649
3895,333,652
3894,341,649
3888,350,649
3880,360,645
3870,374,642
3854,387,637
3846,400,632
3841,405,624
3834,413,616
3828,419,607
3824,419,596
3822,424,590
3820,427,583
3821,425,575
3825,427,568
3829,428,572
3831,428,568
3839,432,566
3842,438,567
3844,448,570
3846,453,569
3850,465,573
3852,480,575
3857,494,582
3860,502,582
3864,510,584
3862,513,589
3867,519,589
3871,524,594
3874,522,598
3878,519,603
3884,514,608
3891,517,617
3890,523,624
3892,533,618
3891,535,611
3888,532,598
3889,525,593
3887,522,594
3886,512,605
3880,510,619
3868,522,628
3852,538,616
3838,544,596
3826,549,573
3821,543,565
3819,544,568
3808,550,577
3802,560,600
3808,575,620
3814,583,629
3817,592,622
3817,599,608
3823,595,592
3826,586,573
3830,578,562
3825,569,567
3820,574,580
3818,583,593
3817,591,604
3816,600,612
3818,600,615
3820,596,606
3830,587,596
3840,572,591
3850,552,586
3855,536,587
3863,523,588
3868,518,587
3870,510,591
3870,510,595
3869,512,597
3867,509,596
3868,502,592
3870,499,586
3872,494,582
3875,487,578
3876,483,574
3883,480,572
3887,477,574
3891,472,574
3894,468,576
3900,466,581
3897,461,581
3897,458,583
3894,456,583
3896,455,589
3893,459,590
3895,464,594
3896,469,598
3898,472,604
3901,466,602
3898,474,603
3895,485,607
3894,501,608
3895,504,619
3899,512,632
3901,514,635
3907,505,628
3905,507,620
3899,515,608
3893,514,578
3890,502,563
3892,485,556
3888,471,559
3880,465,565
3868,461,584
3859,462,599
3846,467,605
3843,461,615
3849,459,620
3856,453,638
3864,453,654
3862,457,664
3864,467,663
3863,475,649
3869,471,642
3875,468,629
3876,468,625
3884,467,622
3896,467,622
3896,465,631
3896,461,632
3894,462,645
3886,458,652
3883,456,664
3881,455,670
3879,448,671
3885,440,671
3887,431,663
3887,419,656
3889,413,651
3887,403,650
3893,400,658
3897,397,656
3896,390,650
3903,390,650
3904,387,637
3908,384,636
3910,379,639
3909,380,637
3904,388,628
3901,386,631
3897,386,643
3891,387,649
3883,395,648
3877,400,644
3875,401,646
3876,401,639
3878,401,642
3886,402,638
3884,399,634
3892,395,634
3898,392,639
3897,392,643
3899,394,638
3898,387,624
3894,384,609
3895,379,596
3899,368,595
3898,365,605
3894,357,622
3893,364,646
3887,367,663
3877,376,669
3866,385,660
3860,381,651
3862,373,642
3870,356,635
3880,347,638
3886,346,640
3891,349,641
3892,354,642
3895,348,643
3900,350,644
3895,363,648
3887,377,657
3880,383,656
3874,389,662
3876,388,665
3877,382,664
3877,375,672
3879,375,671
3886,374,673
3891,377,673
3896,374,673
3899,381,672
3898,388,671
3891,393,664
3885,399,644
3883,396,620
3886,384,604
3891,371,607
3898,361,625
3898,356,651
3899,363,678
3892,382,699
3890,369,696
3883,367,686
3874,382,674
3871,384,663
3864,393,654
3860,401,653
3853,408,654
3847,420,660
3840,434,656
3837,440,653
3841,443,645
3848,435,640
3853,423,635
3862,414,633
3865,410,643
3865,411,656
3875,409,672
3875,415,693
3876,416,702
3880,408,702
3891,398,688
3897,403,677
3897,402,667
3889,410,667
3878,416,663
3871,420,673
3867,419,686
3870,421,693
3865,426,695
3864,429,699
3863,424,698
3865,418,689
3881,411,678
3890,389,660
3896,383,649
3896,386,641
3886,384,635
3882,378,631
3879,390,638
3875,391,635
3870,401,643
3866,420,657
3854,445,669
3848,444,666
3846,450,678
3843,465,683
3840,474,685
3842,476,689
3844,466,692
3853,453,692
3861,443,689
3871,431,681
3878,419,671
3881,411,660
3883,402,634
3886,395,605
3885,386,585
3884,387,574
3879,389,583
3872,390,604
3862,386,638
3867,373,665
3876,359,682
3890,338,689
3905,313,684
3909,303,674
3913,298,667
3907,302,659
3909,316,656
3903,339,657
3899,377,664
3883,410,673
3879,438,687
3876,450,703
3873,469,721
3876,492,743
3869,502,754
3871,499,759
3875,487,755
3883,463,743
3894,439,727
3904,413,714
3914,395,701
3919,380,692
3916,372,685
3917,366,684
3914,367,690
3911,369,693
3905,372,693
3902,378,702
3893,377,703
3889,373,710
3901,363,710
3909,347,705
3907,342,702
3905,332,698
3903,341,691
3897,350,691
3886,357,689
3871,376,695
3857,390,701
3843,414,712
3834,439,722
3832,452,727
3837,443,724
3845,424,715
3859,406,706
3872,392,697
3880,386,688
3883,379,687
3887,380,687
3885,382,693
3886,384,699
3888,386,710
3888,384,718
3887,384,721
3900,365,720
3900,357,712
3888,372,705
3878,380,703
3896,355,692
3889,355,686
3871,377,685
3864,384,677
3857,389,678
3848,411,682
3841,428,695
3841,427,705
3853,412,709
3868,397,707
3881,384,706
3887,380,705
3885,379,704
3884,381,703
3883,379,704
3884,377,709
3884,378,713
3885,383,719
3884,384,729
3885,379,738
3887,373,738
3884,379,746
3883,382,754
3885,379,758
3886,376,754
3878,385,738
3876,383,711
3878,378,695
3874,370,692
3869,367,689
3875,367,703
3877,367,717
3875,370,732
3871,372,739
3864,376,742
3860,380,733
3854,374,720
3847,373,709
3843,367,706
3866,328,691
3875,319,680
3862,335,676
3846,357,683
3836,371,693
3837,368,702
3839,381,721
3846,390,741
3851,395,755
3853,398,756
3860,397,757
3870,392,750
3868,395,741
3867,392,733
3878,383,726
3884,372,724
3888,366,719
3893,361,718
3898,350,720
3901,344,729
3904,343,738
3900,338,750
3893,340,757
3892,345,763
3890,344,767
3889,344,767
3890,346,763
3899,345,761
3904,345,756
3911,334,755
3914,333,755
3915,338,757
3908,341,759
3906,344,757
3904,345,756
3896,345,751
3889,346,742
3881,348,742
3873,344,740
3867,344,740
3862,338,745
3857,337,747
3859,336,748
3853,341,741
3848,346,726
3848,342,704
3850,333,686
3854,330,679
3853,323,686
3857,318,706
3852,322,729
3848,331,752
3844,341,766
3842,344,763
3846,344,760
3848,341,757
3855,336,759
3860,334,762
3859,337,772
3856,344,776
3851,352,769
3846,364,768
3847,369,766
3853,371,763
3854,373,762
3859,368,762
3860,366,768
3866,363,774
3866,363,779
3869,361,781
3867,355,788
3865,354,792
3866,352,793
3873,346,795
3873,346,788
3869,349,781
3869,352,776
3864,349,770
3862,349,771
3863,347,771
3860,347,771
3859,347,772
3857,344,773
3851,345,784
3848,343,783
3845,339,784
3845,340,788
3848,340,794
3849,335,790
3850,337,789
3853,336,784
3856,334,782
3858,336,780
3857,340,779
3857,345,778
3855,344,779
3866,340,781
3862,348,782
3853,357,786
3846,357,792
3839,360,797
3839,363,801
3843,363,799
3848,362,798
3849,358,797
3852,354,794
3856,354,787
3855,360,783
3857,355,775
3852,352,766
3852,352,760
3853,350,757
3852,353,759
3852,355,762
3850,353,762
3850,349,762
3853,344,760
3855,342,755
3865,336,754
3869,338,749
3876,332,756
3882,329,757
3893,327,756
3905,317,757
3913,320,761
3907,328,767
3902,327,773
3900,328,778
3904,328,781
3904,329,784
3901,326,784
3898,323,784
3891,323,785
3883,323,794
3873,318,795
3877,314,808
3876,314,814
3872,319,817
3866,321,810
3868,322,792
3859,315,777
3857,307,772
3857,303,771
3857,304,778
3854,298,781
3854,299,783
3855,301,782
3854,296,786
3853,295,790
3849,293,793
3846,290,789
3849,287,784
3845,290,771
3841,288,763
3840,284,757
3835,285,752
3838,288,748
3838,295,752
3839,302,761
3838,304,773
3837,315,791
3833,325,810
3839,333,819
3842,335,827
3846,338,828
3849,339,816
3853,329,804
3864,319,792
3875,304,784
3878,297,776
3881,286,772
3878,277,777
3876,271,786
3878,277,796
3875,283,805
3873,292,809
3872,302,804
3874,305,798
3877,305,791
3874,303,782
3869,304,773
3869,304,765
3866,305,759
3865,303,755
3864,303,757
3861,302,762
3862,305,768
3860,310,773
3866,312,781
3869,311,787
3867,314,795
3861,314,794
3862,314,791
3859,317,786
3861,316,772
3857,314,751
3857,304,733
3863,292,724
3869,282,731
3871,275,752
3869,276,769
3873,281,782
3877,286,786
3877,286,789
3883,283,787
3888,276,778
3891,271,778
3893,275,782
3897,281,789
3890,290,792
3882,302,794
3876,311,790
3875,316,790
3872,320,785
3871,321,787
3869,322,788
3867,321,794
3865,320,800
3866,315,807
3865,310,807
3866,307,811
3866,301,811
3865,293,805
3866,289,804
3860,281,797
3860,279,791
3861,275,787
3858,272,778
3861,271,772
3856,273,771
3852,270,773
3854,270,776
3854,274,778
3855,273,777
3853,271,778
3851,287,783
3854,300,790
3853,307,793
3857,313,793
3861,309,792
3868,307,789
3878,305,787
3886,303,784
3893,297,779
3898,292,772
3895,286,772
3898,265,769
3892,265,770
3885,281,776
3883,289,782
3882,301,791
3883,312,797
3880,313,802
3881,307,799
3880,301,796
3880,291,794
3886,287,790
3887,289,785
3890,289,782
3886,288,786
3883,293,789
3881,297,791
3878,301,797
3877,305,793
3875,309,799
3875,295,798
3868,302,794
3861,308,792
3855,320,789
3853,327,792
3851,324,793
3856,320,790
3858,312,790
3864,304,789
3868,301,789
3869,296,793
3869,291,795
3866,287,799
3860,287,802
3859,291,806
3856,294,818
3857,296,823
3862,297,827
3861,297,830
3862,299,834
3869,290,837
3867,300,835
3865,308,832
3865,310,821
3866,311,807
3865,309,792
3868,304,786
3869,305,786
3868,306,790
3871,300,794
3869,298,805
3865,298,811
3865,302,821
3865,300,823
3865,296,817
3867,291,810
3868,286,798
3868,280,787
3861,274,787
3860,277,790
3859,280,789
3858,288,796
3854,294,798
3852,300,801
3861,310,811
3858,316,820
3862,326,831
3864,333,839
3866,340,843
3869,339,845
3868,338,840
3868,334,835
3871,328,821
3876,316,809
3880,303,804
3877,291,801
3879,279,803
3876,271,809
3874,270,816
3868,274,824
3865,281,831
3859,288,832
3856,294,833
3855,297,823
3855,297,819
3851,301,815
3853,301,813
3852,298,810
3844,302,813
3845,311,812
3845,308,815
3847,315,817
3844,315,820
3845,311,820
3848,312,816
3847,315,816
3850,318,818
3847,323,813
3847,322,809
3843,322,797
3845,315,787
3847,311,785
3848,309,794
3850,305,809
3847,309,832
3846,311,846
3843,319,848
3843,322,837
3846,323,828
3848,316,815
3853,310,811
3859,309,808
3857,313,811
3852,323,813
3849,335,818
3842,347,825
3843,351,829
3843,356,834
3841,360,838
3847,356,843
3849,353,848
3853,348,847
3857,343,843
3858,336,838
3865,329,832
3866,321,824
3860,313,821
3864,315,821
3862,314,815
3858,311,814
3855,313,817
3854,318,818
3854,320,823
3851,326,826
3853,329,826
3852,331,830
3848,333,831
3850,337,835
3854,334,836
3858,332,830
3864,329,823
3862,327,821
3864,322,817
3868,316,820
3863,317,821
3859,317,818
3852,316,819
3850,317,822
3848,318,822
3847,319,822
3847,325,827
3848,323,824
3849,323,819
3851,321,813
3858,323,814
3859,322,812
3864,326,813
3861,327,811
3860,334,813
3865,336,815
3861,337,813
3859,339,816
3858,339,813
3857,343,809
3857,340,809
3857,336,809
3862,335,809
3860,329,816
3867,325,815
3867,325,819
3864,322,816
3870,316,814
3869,312,805
3866,309,804
3867,309,803
3871,313,796
3864,314,795
3866,316,798
3863,320,798
3866,321,799
3871,323,800
3871,330,808
3869,333,808
3869,334,810
3866,332,809
3860,329,805
3859,328,810
3860,325,813
3864,324,817
3866,325,820
3868,324,821
3871,327,814
3870,328,807
3871,321,797
3869,313,789
3868,304,787
3868,299,782
3868,298,774
3859,294,763
3854,290,756
3850,287,758
3845,289,761
3841,300,767
3841,306,777
3841,314,795
3847,326,803
3854,331,805
3859,337,798
3866,341,787
3858,334,775
3856,333,765
3860,330,760
3865,325,759
3866,320,754
3871,312,757
3875,304,763
3882,297,773
3889,296,775
3889,296,780
3896,295,783
3898,289,788
3905,286,784
3910,284,776
3909,282,764
3906,275,760
3900,274,756
3892,274,752
3888,280,752
3888,282,760
3878,290,762
3867,297,762
3858,302,762
3856,311,757
3848,310,752
3845,305,742
3840,300,735
3839,292,730
3835,286,735
3830,276,728
3829,285,739
3841,283,752
3847,277,757
3860,279,762
3869,282,765
3872,279,758
3872,282,747
3868,283,728
3870,280,715
3870,275,710
3867,273,720
3861,274,737
3851,280,755
3851,287,766
3856,292,769
3866,289,762
3872,286,752
3875,285,742
3878,284,728
3879,279,714
3874,283,705
3865,287,702
3851,277,702
3835,279,710
3834,291,729
3852,304,754
3880,316,782
3886,322,795
3887,321,804
3885,314,805
3884,301,800
3883,291,790
3882,282,777
3881,277,764
3881,273,748
3880,269,740
3875,269,740
3866,276,744
3862,281,750
3861,282,749
3859,285,752
3860,292,754
3861,293,755
3852,296,757
3854,294,754
3851,297,753
3853,292,746
3860,289,746
3868,288,741
3866,290,740
3869,285,741
3866,284,739
3867,285,741
3860,287,740
3858,287,740
3860,282,741
3861,282,746
3843,267,732
3808,266,717
3814,272,714
3853,285,725
3888,299,742
3914,305,765
3917,294,775
3910,284,775
3907,283,775
3902,282,768
3899,284,757
3893,282,744
3888,284,735
3886,282,729
3887,282,732
3885,283,733
3884,286,732
3889,287,733
3885,287,733
3885,286,733
3886,287,728
3882,287,728
3877,286,724
3878,290,728
3874,295,734
3873,295,741
3874,299,749
3877,299,750
3878,301,747
3878,305,750
3878,300,747
3868,302,748
3868,300,749
3865,288,741
3838,278,726
3838,280,725
3860,298,732
3887,311,740
3920,324,754
3942,327,764
3942,311,766
3927,294,752
3910,285,734
3904,277,709
3893,276,690
3880,275,678
3867,282,679
3856,291,685
3853,301,703
3847,319,722
3857,328,740
3872,332,749
3880,338,748
3885,339,739
3884,334,728
3881,326,718
3879,316,714
3879,312,713
3884,308,709
3889,296,706
3885,281,695
3873,292,696
3878,290,699
3915,296,720
3938,294,742
3941,283,745
3932,272,736
3928,267,720
3917,262,702
3905,264,684
3892,265,683
3888,272,681
3882,276,681
3878,280,689
3870,286,690
3866,292,683
3861,296,686
3852,301,690
3849,303,695
3848,311,697
3844,313,693
3849,313,684
3856,313,681
3858,310,677
3864,299,673
3873,297,676
3882,295,680
3888,293,686
3893,290,696
3895,291,702
3899,294,698
3903,294,682
3905,290,659
3907,278,643
3898,269,633
3883,266,634
3873,262,646
3868,267,656
3879,275,666
3892,281,677
3900,283,677
3907,285,685
3912,286,679
3903,286,667
3899,285,657
3893,281,654
3884,276,660
3879,272,676
3876,271,693
3876,275,710
3878,275,721
3887,272,720
3898,262,715
3908,256,706
3910,248,697
3909,239,684
3906,233,684
3906,230,682
3902,228,691
3901,229,702
3895,239,708
3892,249,716
3890,256,712
3883,254,700
3876,253,691
3869,249,679
3864,243,672
3865,236,667
3867,232,658
3872,234,665
3879,241,671
3883,236,681
3881,245,689
3879,245,699
3874,247,706
3868,242,711
3869,241,712
3864,244,706
3860,242,703
3855,237,694
3850,234,687
3846,223,685
3844,215,690
3844,215,686
3846,213,685
3848,214,677
3846,215,675
3839,215,683
3838,213,688
3845,212,690
3855,216,692
3863,221,681
3863,221,669
3860,223,654
3852,226,649
3849,227,653
3849,236,658
3845,238,665
3842,241,674
3829,251,677
3824,255,681
3814,253,681
3812,245,684
3811,239,691
3817,233,693
3825,229,694
3835,223,691
3846,219,690
3852,209,692
3860,205,697
3867,204,705
3875,216,716
3880,224,729
3887,235,741
3885,249,739
3887,258,736
3885,262,731
3888,260,720
3890,259,693
3885,250,661
3876,243,641
3872,238,640
3867,243,653
3865,256,672
3872,271,693
3878,282,706
3890,289,703
3893,291,693
3893,288,672
3888,286,653
3884,276,645
3879,272,638
3877,266,648
3881,264,659
3888,261,664
3900,265,668
3909,266,670
3911,264,669
3916,258,672
3918,253,667
3910,251,666
3902,249,671
3900,253,669
3893,255,663
3886,260,660
3881,264,652
3877,264,648
3878,266,640
3878,274,635
3879,278,632
3884,285,632
3883,289,637
3885,297,649
3887,298,654
3892,300,656
3889,303,657
3883,300,656
3880,296,646
3876,287,640
3868,278,640
3869,271,634
3874,262,631
3876,256,625
3875,258,628
3876,256,631
3876,256,630
3875,261,634
3876,269,639
3883,280,633
3888,288,623
3901,292,612
3907,285,610
3912,285,619
3909,287,635
3908,298,655
3913,308,677
3922,309,686
3935,308,694
3947,299,687
3952,296,667
3952,292,642
3942,283,617
3926,279,596
3911,272,587
3895,270,592
3885,270,608
3877,268,640
3870,277,670
3866,289,697
3867,293,709
3871,293,710
3877,288,703
3884,274,694
3894,260,686
3904,248,673
3910,247,667
3916,244,664
3920,244,657
3922,249,659
3919,254,661
3914,262,660
3909,266,663
3902,265,664
3899,271,658
3892,278,656
3887,276,653
3886,274,654
3889,270,659
3887,268,664
3891,263,665
3890,256,665
3893,248,663
3900,239,662
3905,231,663
3906,229,668
3910,230,676
3910,235,681
3911,242,691
3909,248,688
3908,257,685
3907,262,678
3907,262,675
3903,266,674
3899,266,672
3895,266,671
3901,263,679
3902,260,678
3900,255,678
3898,254,679
3897,247,676
3899,241,678
3903,240,681
3904,240,685
3907,242,683
3909,248,684
3909,250,685
3910,256,689
3906,254,693
3900,255,694
3896,261,700
3893,266,701
3888,268,705
3887,266,706
3885,266,707
3883,266,711
3878,265,707
3877,258,710
3869,252,705
3870,252,704
3874,257,702
3872,261,701
3872,264,701
3872,270,695
3863,276,679
3864,275,669
3866,267,657
3863,261,659
3863,256,670
3868,254,682
3872,255,695
3879,259,709
3879,262,717
3876,269,718
3876,274,711
3870,275,695
3864,276,679
3860,278,666
3859,275,664
3868,275,659
3871,281,666
3879,289,679
3880,298,692
3883,302,702
3888,307,705
3888,307,710
3889,303,712
3892,293,707
3897,281,699
3899,269,693
3907,260,688
3909,251,688
3910,251,688
3912,246,691
3914,248,697
3911,256,696
3911,259,701
3905,264,705
3900,274,708
3894,278,713
3893,284,714
3888,290,715
3883,296,712
3881,304,710
3878,304,699
3875,301,693
3871,296,686
3876,298,679
3880,298,677
3880,294,673
3880,285,671
3873,279,674
3873,273,685
3875,273,688
3874,277,688
3876,281,690
3877,288,682
3877,297,671
3877,302,661
3875,304,653
3878,300,657
3881,302,663
3881,300,673
3878,302,679
3877,305,686
3879,308,685
3881,307,686
3889,306,688
3898,295,700
3906,293,716
3906,292,721
3904,296,722
3899,302,717
3892,307,705
3891,310,692
3888,311,690
3886,307,689
3890,306,691
3891,308,692
3891,312,694
3897,317,699
3891,319,700
3894,323,707
3894,325,713
3892,323,715
3890,314,718
3892,308,715
3895,298,709
3894,298,703
3895,292,703
3891,291,700
3889,287,701
3889,285,696
3886,286,695
3889,286,692
3886,291,691
3886,293,692
3884,294,695
3884,298,696
3882,295,700
3881,304,705
3883,310,709
3882,319,712
3877,319,713
3876,313,708
3874,309,702
3876,304,701
3879,299,700
3879,298,705
3879,300,707
3874,295,709
3879,292,701
3880,288,702
3880,283,704
3883,277,699
3891,275,700
3898,273,698
3899,273,697
3905,275,700
3906,280,703
3908,286,708
3907,289,712
3902,291,711
3905,294,710
3895,301,713
3895,310,709
3891,319,705
3887,319,705
3888,320,709
3885,315,718
3886,313,726
3884,305,739
3886,301,748
3880,293,758
3883,292,762
3878,298,767
3875,295,760
3869,293,743
3871,289,721
3873,286,696
3872,281,670
3876,274,661
3874,264,664
3873,264,673
3871,268,695
3865,280,716
3866,291,737
3868,301,749
3872,311,748
3876,311,740
3877,309,731
3878,306,722
3886,302,718
3887,292,707
3883,292,695
3876,290,685
3870,295,677
3867,297,674
3871,294,683
3873,295,690
3873,301,702
3874,308,713
3871,316,732
3865,320,742
3863,320,754
3869,317,759
3874,309,757
3883,296,750
3888,283,739
3891,270,725
3894,256,718
3901,248,719
3900,250,722
3898,247,725
3896,253,738
3898,259,745
3895,266,754
3891,274,753
3888,279,748
3886,284,743
3885,285,734
3882,284,728
3885,283,730
3893,282,730
3892,278,729
3888,279,732
3885,283,741
3882,283,750
3890,269,757
3881,271,759
3866,281,754
3852,293,744
3844,301,733
3838,302,719
3834,293,702
3843,285,694
3853,275,693
3857,270,698
3857,265,713
3858,267,725
3860,267,732
3859,271,741
3862,271,750
3869,269,757
3872,267,767
3881,265,783
3886,272,794
3889,275,801
3898,271,796
3902,278,792
3902,283,778
3897,289,765
3895,292,761
3897,290,758
3901,291,758
3898,294,758
3898,290,765
3894,290,771
3893,284,775
3890,282,784
3890,282,789
3888,281,796
3893,279,795
3892,277,783
3882,279,769
3878,279,756
3879,277,749
3875,274,746
3877,270,748
3875,273,756
3873,273,757
3869,274,762
3868,279,763
3866,277,763
3865,278,766
3877,270,771
3879,270,780
3883,280,785
3893,271,791
3889,274,795
3887,284,790
3884,289,790
3880,288,791
3881,285,788
3879,285,787
3876,283,779
3879,284,779
3881,283,772
3880,286,760
3877,290,746
3878,288,739
3877,284,740
3876,282,742
3876,281,744
3870,277,747
3871,276,752
3875,274,750
3872,275,752
3872,275,756
3879,271,759
3889,265,762
3886,268,755
3869,280,753
3863,287,759
3862,287,770
3871,282,781
3880,281,790
3881,277,798
3882,277,799
3887,276,803
3881,276,807
3881,275,802
3878,271,794
3877,268,782
3870,267,768
3870,270,755
3875,266,755
3875,264,760
3869,263,771
3871,267,787
3874,272,798
3878,270,806
3882,270,807
3881,270,794
3878,277,775
3874,273,752
3874,269,736
3873,260,727
3867,259,726
3861,258,730
3858,263,726
3855,264,730
3854,270,731
3857,274,739
3858,277,753
3864,286,764
3871,290,773
3871,292,783
3877,295,786
3876,296,789
3872,297,788
3871,293,781
3869,289,772
3877,276,760
3878,266,752
3881,258,745
3883,252,744
3881,246,744
3880,243,749
3875,245,761
3874,247,767
3874,253,778
3873,257,769
3874,263,760
3877,267,751
3879,263,742
3876,261,733
3877,263,727
3881,265,725
3878,267,726
3870,269,735
3867,272,747
3863,282,757
3868,289,764
3870,293,767
3866,294,766
3865,293,757
3868,291,740
3866,290,723
3868,285,708
3873,276,707
3877,271,713
3879,271,729
3874,276,744
3876,278,751
3870,282,754
3871,281,753
3872,279,752
3871,275,755
3868,276,758
3868,274,762
3865,273,759
3862,278,761
3864,282,760
3867,284,760
3871,284,760
3870,284,764
3878,287,767
3882,288,768
3888,285,772
3891,285,773
3889,286,770
3886,277,770
3883,274,767
3879,271,767
3878,270,770
3880,267,769
3882,268,772
3879,264,763
3882,257,760
3876,251,755
3874,248,750
3866,244,745
3867,242,742
3866,238,737
3865,235,743
3863,235,743
3866,237,748
3869,234,746
3866,232,748
3867,233,751
3870,236,754
3870,233,753
3867,232,757
3861,234,759
3868,236,759
3871,231,760
3876,228,758
3879,226,760
3884,227,766
3886,229,769
3884,228,774
3883,226,781
3885,228,785
3882,231,788
3881,233,785
3880,237,778
3882,241,770
3884,246,766
3886,246,760
3887,254,758
3889,256,755
3886,259,756
3883,264,753
3880,266,750
3873,272,753
3868,269,754
3862,262,758
3864,258,763
3859,256,771
3860,252,778
3858,243,783
3860,240,789
3861,235,790
3868,225,793
3874,223,791
3873,215,792
3880,210,796
3881,214,787
3880,223,780
3880,229,770
3884,235,774
3889,242,777
3895,245,779
3892,258,776
3888,265,770
3891,263,770
3889,265,768
3884,271,763
3882,273,751
3876,268,733
3865,271,721
3860,261,718
3856,253,718
3850,251,715
3842,248,716
3837,248,714
3839,246,716
3839,248,725
3852,250,735
3865,254,746
3867,251,754
3869,255,762
3874,257,769
3878,259,773
3880,261,778
3882,257,775
3895,239,772
3903,232,763
3913,228,761
3914,214,761
3912,204,761
3910,188,765
3904,185,769
3892,191,773
3882,200,783
3875,199,792
3871,198,795
3864,199,798
3861,204,798
3864,206,793
3866,206,791
3871,196,785
3877,199,780
3878,200,778
3871,197,784
3867,193,783
3860,198,786
3848,204,791
3844,218,785
3842,227,789
3839,233,784
3844,238,765
3848,237,761
3853,235,764
3853,235,779
3860,232,797
3857,240,809
3844,255,811
3842,260,804
3843,265,796
3849,264,794
3861,255,789
3865,255,794
3877,249,803
3889,245,812
3893,249,814
3890,266,813
3884,284,812
3882,300,809
3883,304,807
3880,305,815
3883,298,819
3883,302,826
3868,319,831
3868,323,838
3871,324,838
3877,308,834
3876,307,826
3872,310,822
3870,306,815
3867,300,819
3867,300,825
3874,300,826
3874,299,832
3871,302,840
3868,305,842
3856,312,842
3842,315,847
3838,316,853
3833,319,851
3837,320,856
3845,317,858
3845,313,854
3859,310,856
3881,303,865
3898,295,866
3905,290,860
3914,285,861
3914,279,866
3899,277,863
3892,273,858
3880,276,855
3873,279,849
3874,291,856
3870,292,857
3870,298,860
3866,310,867
3857,319,873
3853,325,873
3845,335,868
3837,330,860
3830,325,845
3826,320,828
3825,316,826
3826,310,823
3829,296,812
3826,282,796
3822,276,778
3822,278,775
3822,277,780
3823,270,790
3833,272,801
3839,279,818
3850,285,833
3849,294,835
3850,303,834
3850,308,834
3844,316,825
3825,321,808
3807,318,792
3787,313,778
3757,323,788
3753,331,812
3764,336,834
3773,343,858
3787,353,879
3792,364,893
3801,372,883
3796,379,861
3801,381,847
3806,370,844
3815,367,855
3822,356,871
3826,353,880
3827,358,889
3829,364,900
3828,374,912
3824,380,912
3829,389,911
3841,395,903
3854,400,894
3866,405,880
3874,404,870
3883,402,872
3885,401,877
3886,408,886
3876,414,886
3864,422,889
3855,427,887
3849,435,893
3839,440,897
3838,444,889
3841,450,884
3845,456,882
3849,456,881
3855,445,879
3849,443,883
3846,442,878
3854,440,877
3851,446,871
3846,437,868
3841,435,872
3831,431,871
3824,431,860
3817,431,854
3815,434,847
3806,437,839
3800,437,826
3794,434,818
3789,435,817
3776,438,817
3766,446,824
3763,450,828
3770,454,835
3767,467,833
3775,484,827
3783,502,820
3801,513,823
3813,519,821
3822,521,827
3823,518,829
3824,511,832
3823,505,830
3818,498,832
3812,491,828
3812,488,830
3808,478,833
3814,467,834
3814,451,829
3822,437,826
3836,425,820
3843,417,812
3850,411,793
3856,415,783
3861,419,781
3864,418,785
3866,416,789
3858,411,787
3850,404,780
3843,404,781
3845,405,782
3845,408,773
3848,414,767
3851,404,754
3857,400,748
3872,404,751
3883,413,752
3884,434,757
3888,466,765
3884,497,768
3869,525,773
3855,543,775
3836,560,774
3821,579,772
3803,583,763
3786,584,761
3775,590,763
3766,590,768
3761,596,775
3768,604,792
3774,617,808
3785,630,830
3798,629,838
3809,602,830
3814,561,813
3819,514,793
3827,471,768
3841,435,745
3851,407,727
3858,389,716
3869,375,709
3873,365,704
3880,361,706
3887,360,701
3891,363,701
3898,367,703
3901,374,705
3898,388,713
3899,397,719
3898,407,721
3893,424,722
3891,434,724
3891,441,722
3888,441,721
3879,451,721
3871,464,721
3867,475,723
3861,484,730
3855,483,745
3857,487,758
3857,485,774
3859,484,780
3862,486,785
3864,490,787
3864,500,793
3864,504,792
3871,504,797
3878,502,804
3881,505,810
3883,507,811
3885,508,799
3883,509,775
3877,508,737
3877,493,703
3878,477,692
3874,466,700
3865,467,719
3857,473,740
3849,477,761
3849,475,781
3849,487,798
3848,508,805
3844,526,801
3849,531,788
3857,521,778
3865,500,761
3872,482,755
3878,462,747
3880,449,741
3888,440,744
3884,441,756
3888,440,763
3891,443,766
3897,445,773
3901,449,773
3907,457,774
3907,463,773
3903,461,762
3900,464,754
3894,459,742
3885,458,733
3873,457,732
3864,458,731
3859,459,733
3850,468,745
3847,478,754
3846,490,761
3845,501,768
3841,511,773
3835,521,778
3825,529,776
3819,536,772
3813,540,767
3804,539,761
3799,533,757
3802,531,752
3805,525,750
3811,517,747
3813,510,742
3819,510,735
3830,507,728
3843,500,741
3858,491,759
3866,483,777
3870,476,790
3872,471,796
3879,461,787
3882,453,769
3880,438,754
3885,422,742
3885,412,733
3883,407,732
3881,409,736
3875,417,740
3871,431,752
3866,446,759
