1024.893344075455,27.79764459133148
1024.878553863867,27.79630167484283
1024.828264082289,27.7964359664917
1024.861842850265,27.79697313308716
1024.827620447861,27.79650311231613
1024.811596008032,27.79965896606445
1024.920340015788,27.79878607034683
1024.866311527297,27.80046471595764
1024.827640112242,27.80012898683548
1024.885914005867,27.79858463287354
1024.886477634494,27.79992754936218
1024.810081741077,27.80113617420196
1024.817862222438,27.79999469518662
1024.845795188798,27.8012033200264
1024.8438975438,27.80214336156845
1024.870590176395,27.80133761167526
1024.810474857349,27.8034862780571
1024.875295571008,27.80529921531677
1024.846481946535,27.80368771553039
1024.800990350412,27.8034862780571
1024.833736155794,27.80147190332413
1024.89743614806,27.80711215257645
1024.879067414882,27.80449346542358
1024.915151380971,27.80798504829407
1024.875295571008,27.80529921531677
1024.803527428005,27.80717929840088
1024.889915823649,27.80764931917191
1024.864860306049,27.80811933994293
1024.858286793166,27.8105365896225
1024.836539351247,27.81107375621796
1024.883942942975,27.80744788169861
1024.826411021727,27.81114090204239
1024.871860306198,27.80879079818726
1024.857249928943,27.8082536315918
1024.857656858714,27.80771646499634
1024.905666780421,27.80798504829407
1024.848536158004,27.80462775707245
1024.849666894736,27.80261338233948
1024.862856580175,27.80033042430878
1024.826343018764,27.79845034122467
1024.822821544128,27.79683884143829
1024.831765809645,27.79442159175873
1024.904985988582,27.79610023736954
1024.859405068056,27.79549592494965
1024.810696094686,27.79563021659851
1024.819716813171,27.79650311231613
1024.902128166362,27.79804746627808
1024.86004869573,27.79542877912521
1024.849277098081,27.79556307077408
1024.837498165498,27.79885321617126
1024.933155835996,27.79777888298035
1024.906360325379,27.80106902837753
1024.801728155536,27.799121799469
1024.851214353609,27.80187477827072
1024.880684928836,27.80053186178207
1024.891059818608,27.80274767398834
1024.929384195182,27.79858463287354
1024.853708775023,27.80301625728607
1024.87420181201,27.80335198640823
1024.864253695696,27.80422488212586
1024.866251221504,27.80550065279007
1024.845000978269,27.80590352773666
1024.865967604577,27.80717929840088
1024.862886250698,27.8057692360878
1024.847372117578,27.80590352773666
1024.863549529596,27.80932796478271
1024.878026784288,27.80691071510315
1024.808539575138,27.80838792324066
1024.892897297884,27.80684356927872
1024.849099606159,27.8059706735611
1024.854518801824,27.80664213180542
1024.863776461327,27.80798504829407
1024.839397778573,27.80912652730942
1024.860794919329,27.80879079818726
1024.855238730638,27.80986513137817
1024.887104472765,27.80744788169861
1024.851267283028,27.80623925685883
1024.758409436068,27.80570209026337
1024.813352582639,27.80516492366791
1024.842586798201,27.80335198640823
1024.845824610269,27.80664213180542
1024.878637128644,27.80610496520996
1024.797407869635,27.80691071510315
1024.820835508408,27.80858936071396
1024.720617934068,27.8057692360878
1024.773473923858,27.80355342388153
1024.790734596218,27.80711215257645
1024.705259663695,27.80778361082077
1024.746766638861,27.80724644422531
1024.705155121256,27.81026800632477
1024.736761335757,27.80845506906509
1024.787852354376,27.8101337146759
1024.779167514723,27.81194665193558
1024.719594829902,27.81181236028671
1024.763676872784,27.81100661039352
1024.740211044438,27.81328956842422
1024.722032015158,27.81328956842422
1024.731648756502,27.81624398469925
1024.786872295043,27.81872838020325
1024.80419493377,27.81725117206574
1024.782513200607,27.81926554679871
1024.774159754786,27.81725117206574
1024.704155459486,27.81523679733276
1024.854373507594,27.8177883386612
1024.847676470774,27.81906410932541
1024.858661738085,27.82047417163849
1024.816704049662,27.81899696350098
1024.868757083289,27.8196684217453
1024.866135195985,27.82208567142487
1024.895830149227,27.82410004615784
1024.751819479571,27.82221996307373
1024.817782964841,27.82383146286011
1024.88548840841,27.82262283802033
1024.905225106812,27.82369717121124
1024.913943123828,27.82262283802033
1024.853578609176,27.82248854637146
1024.867408501259,27.82483865022659
1024.845821247108,27.82255569219589
1024.839531103264,27.82329429626465
1024.841973296655,27.82007129669189
1024.863143894451,27.82107848405838
1024.86858678005,27.82067560911179
1024.911798865603,27.82127992153168
1024.901907029296,27.82181708812714
1024.848410093858,27.81939983844757
1024.91764864674,27.82033987998963
1024.925495967775,27.82067560911179
1024.8526083237,27.82168279647827
1024.869353600408,27.8217499423027
1024.872264536129,27.82416719198227
1024.880395731757,27.82282427549362
1024.877480360754,27.82510723352432
1024.806007380052,27.82242140054703
1024.835214503862,27.82638300418854
1024.864639732735,27.82718875408173
1024.7858731025,27.82369717121124
1024.875378956877,27.8263158583641
1024.91906497325,27.82786021232605
1024.849475093543,27.82712160825729
1024.876122106048,27.82846452474594
1024.854634073344,27.82839737892151
1024.881020850073,27.83034460783005
1024.844637687728,27.83141894102097
1024.861473225664,27.83188896179199
1024.875449955654,27.83430621147156
1024.887216466002,27.83390333652496
1024.883898572451,27.83202325344086
1024.852201003529,27.83343331575394
1024.88245020497,27.83497766971588
1024.882260924424,27.83235898256302
1024.841390098427,27.83752921104431
1024.870953369158,27.83658916950226
1024.802820334535,27.83470908641815
1024.868118153458,27.83746206521988
1024.900762617739,27.83793208599091
1024.884220291396,27.83759635686874
1024.842947145911,27.83860354423523
1024.893388355089,27.8385363984108
1024.833878200622,27.83987931489945
1024.911847607744,27.84155796051025
1024.770798680042,27.84175939798355
1024.902982303387,27.84256514787674
1024.842728897054,27.84175939798355
1024.849450384701,27.83940929412842
1024.833935059303,27.83954358577728
1024.842142030723,27.84149081468582
1024.890978929799,27.84249800205231
1024.898329546294,27.84296802282334
1024.776861691888,27.84236371040344
1024.879458014467,27.8451838350296
1024.862205708749,27.84343804359436
1024.877550642884,27.84431093931198
1024.890524284833,27.8451838350296
1024.912600006006,27.84551956415177
1024.845875922314,27.84464666843414
1024.908387390396,27.84612387657166
1024.855370408148,27.84645960569382
1024.826521934908,27.84410950183868
1024.86172700266,27.84719820976257
1024.890296934407,27.84652675151825
1024.87628699515,27.84337089776993
1024.874814383162,27.84739964723587
1024.819596550058,27.84672818899155
1024.813719088247,27.84222941875458
1024.90252772735,27.84525098085403
1024.856951308339,27.84645960569382
1024.905845555582,27.84713106393814
1024.855346523188,27.84753393888473
1024.879149949741,27.84793681383133
1024.878709789862,27.84773537635803
1024.821357088974,27.84753393888473
1024.84747496673,27.84827254295349
1024.928811098381,27.84968260526657
1024.74596208089,27.8455867099762
1024.94079094446,27.85082408428192
1024.895953018112,27.8476682305336
1024.806811525683,27.84847398042679
1024.871164697461,27.84934687614441
1024.850834481598,27.85270416736603
1024.814317718266,27.85082408428192
