2192,-1098,1803
2204,-1092,1667
2217,-1093,1788
2212,-1110,1710
2220,-1112,1728
2198,-1121,1625
2202,-1142,1768
2221,-1108,1761
2198,-1114,1722
2191,-1106,1816
2219,-1120,1776
2201,-1158,1736
2219,-1155,1720
2191,-1146,1709
2156,-1129,1678
2199,-1174,1747
2183,-1172,1751
2189,-1136,1750
2200,-1142,1780
2207,-1147,1829
2216,-1137,1710
2169,-1100,1803
2216,-1088,1738
2205,-1142,1769
2207,-1148,1665
2169,-1130,1760
2227,-1125,1804
2218,-1115,1716
2197,-1121,1802
2201,-1101,1803
2190,-1129,1785
2189,-1156,1822
2199,-1116,1737
2182,-1124,1750
2200,-1124,1804
2211,-1126,1762
2210,-1096,1737
2187,-1119,1721
2207,-1113,1779
2207,-1084,1774
2195,-1077,1788
2219,-1118,1563
2210,-1071,1720
2202,-1128,1758
2203,-1105,1785
2225,-1081,1740
2215,-1114,1761
2189,-1099,1810
2168,-1106,1831
2204,-1105,1801
2217,-1077,1670
2197,-1093,1786
2203,-1087,1783
2215,-1105,1809
2190,-1082,1781
2222,-1081,1700
2218,-1086,1750
2183,-1099,1733
2179,-1088,1777
2210,-1089,1715
2216,-1074,1766
2222,-1077,1764
2202,-1100,1776
2208,-1111,1711
2204,-1104,1762
2219,-1083,1687
2199,-1118,1768
2194,-1118,1634
2207,-1110,1821
2167,-1114,1724
2194,-1121,1593
2182,-1093,1735
2206,-1138,1695
2176,-1118,1738
2178,-1139,1695
2166,-1128,1783
2213,-1102,1748
2160,-1132,1787
2170,-1157,1766
2191,-1133,1759
2170,-1124,1693
2186,-1162,1744
2185,-1132,1712
2201,-1153,1697
2162,-1156,1752
2222,-1148,1745
2183,-1127,1800
2163,-1124,1792
2195,-1129,1728
2180,-1097,1802
2147,-1085,1783
2187,-1115,1776
2204,-1118,1776
2184,-1135,1776
2200,-1115,1728
2199,-1081,1737
2197,-1104,1683
2196,-1088,1722
2211,-1087,1679
2182,-1099,1763
2195,-1098,1833
2195,-1096,1803
2190,-1079,1727
2149,-1074,1720
2110,-1052,1747
2159,-1064,1795
2141,-1071,1761
2172,-1101,1790
2145,-1071,1727
2157,-1110,1754
2178,-1102,1761
2169,-1075,1789
2170,-1095,1730
2201,-1082,1800
2198,-1101,1633
2163,-1088,1757
2172,-1080,1792
2177,-1058,1744
2179,-1041,1717
2177,-1087,1774
2179,-1095,1811
2175,-1047,1778
2160,-1106,1783
2156,-1098,1658
2184,-1139,1771
2162,-1114,1734
2187,-1084,1734
2168,-1109,1748
2171,-1092,1754
2155,-1110,1753
2190,-1118,1871
2187,-1103,1780
2198,-1110,1752
2184,-1098,1813
2180,-1127,1834
2162,-1132,1774
2143,-1173,1779
2138,-1124,1803
2159,-1111,1799
2131,-1095,1854
2141,-1125,1814
2170,-1124,1687
2178,-1114,1775
2151,-1106,1783
2151,-1143,1769
2166,-1125,1758
2168,-1106,1800
2167,-1135,1752
2147,-1124,1720
2174,-1054,1742
2150,-1053,1707
2165,-1080,1710
2151,-1076,1710
2131,-1043,1656
2160,-1091,1717
2148,-1087,1708
2146,-1043,1787
2147,-1058,1683
2162,-1088,1726
2194,-1091,1723
2178,-1089,1731
2159,-1090,1747
2190,-1066,1746
2203,-1100,1816
2190,-1062,1779
2169,-1088,1762
2161,-1063,1843
2178,-1060,1765
2207,-1063,1737
2193,-1108,1766
2196,-1091,1721
2201,-1081,1781
2221,-1042,1829
2166,-1061,1827
2212,-1041,1718
2207,-1034,1766
2219,-1068,1690
2234,-1103,1761
2197,-1110,1648
2207,-1081,1738
2213,-1104,1644
2175,-1119,1687
2221,-1097,1667
2203,-1036,1686
2198,-1095,1693
2188,-1100,1648
2147,-1112,1591
2186,-1125,1625
2195,-1110,1627
2207,-1101,1645
2179,-1135,1608
2163,-1137,1694
2172,-1146,1690
2218,-1109,1624
2180,-1108,1652
2190,-1132,1667
2172,-1111,1674
2197,-1115,1669
2159,-1145,1639
2184,-1144,1673
2163,-1154,1714
2168,-1122,1733
2221,-1143,1714
2198,-1113,1642
2176,-1113,1655
2159,-1117,1602
2217,-1075,1668
2219,-1107,1710
2207,-1078,1632
2198,-1044,1678
2223,-1042,1669
2223,-1035,1621
2195,-1042,1625
2195,-1031,1578
2189,-980,1504
2196,-998,1640
2186,-988,1585
2156,-974,1546
2181,-995,1563
2193,-979,1571
2200,-983,1534
2200,-1026,1432
2208,-1006,1473
2202,-971,1352
2208,-976,1393
2216,-978,1495
2211,-1006,1403
2185,-1013,1419
2222,-1045,1486
2219,-1029,1419
2212,-1069,1475
2192,-1018,1378
2182,-1055,1312
2156,-1088,1433
2175,-1098,1462
2168,-1110,1515
2173,-1136,1495
2217,-1173,1499
2197,-1125,1561
2143,-1143,1606
2174,-1163,1556
2171,-1179,1526
2193,-1165,1488
2202,-1200,1661
2193,-1210,1594
2177,-1225,1685
2184,-1220,1675
2177,-1220,1676
2156,-1220,1706
2126,-1240,1708
2167,-1227,1751
2146,-1227,1711
2154,-1248,1711
2172,-1213,1730
2134,-1228,1758
2203,-1181,1709
2185,-1172,1742
2161,-1165,1751
2155,-1165,1841
2167,-1162,1814
2202,-1126,1823
2201,-1110,1872
2169,-1107,1878
2193,-1060,1875
2191,-1047,1911
2178,-995,1920
2217,-1001,1894
2228,-970,1930
2230,-956,1902
2226,-912,1845
2259,-857,1951
2277,-864,2040
2271,-812,2024
2286,-800,2088
2279,-779,2129
2277,-729,2147
2254,-693,2103
2273,-695,2157
2256,-691,2100
2243,-679,2148
2289,-673,2135
2278,-674,2170
2279,-634,2144
2294,-650,2185
2267,-614,2126
2303,-651,2067
2305,-659,2162
2271,-656,2089
2257,-678,2148
2295,-679,2117
2301,-675,2159
2326,-664,2213
2338,-698,2125
2333,-652,2129
2282,-680,2167
2312,-608,2076
2306,-607,2090
2328,-617,2183
2250,-609,2195
2309,-547,2200
2298,-530,2224
2254,-533,2153
2277,-495,2191
2273,-479,2230
2311,-443,2220
2270,-431,2189
2269,-410,2237
2278,-409,2249
2248,-395,2291
2316,-416,2299
2299,-432,2325
2297,-402,2332
2297,-385,2373
2317,-410,2396
2267,-391,2336
2309,-441,2313
2313,-427,2394
2297,-469,2360
2274,-469,2356
2259,-523,2427
2243,-522,2349
2279,-542,2381
2265,-555,2400
2266,-550,2188
2242,-588,2306
2273,-600,2280
2261,-628,2308
2295,-636,2243
2271,-629,2194
2257,-631,2268
2233,-665,2257
2221,-700,2228
2215,-689,2129
2205,-716,2136
2240,-745,2101
2229,-763,2068
2278,-736,2081
2242,-734,2098
2244,-714,2034
2252,-743,2060
2226,-717,1978
2250,-756,1842
2247,-727,1960
2261,-706,1855
2261,-709,1875
2260,-688,1850
2233,-696,1804
2260,-666,1809
2252,-704,1813
2261,-691,1827
2273,-643,1724
2218,-647,1794
2216,-649,1782
2255,-625,1739
2240,-605,1813
2256,-624,1806
2274,-616,1808
2267,-618,1843
2248,-625,1933
2288,-547,1831
2296,-560,1960
2268,-525,1948
2278,-544,2013
2267,-558,2122
2284,-531,2143
2281,-555,2112
2283,-503,2179
2266,-479,2186
2260,-492,2231
2281,-455,2288
2274,-470,2289
2299,-498,2389
2292,-502,2313
2294,-446,2382
2285,-456,2403
2291,-477,2396
2283,-474,2408
2276,-500,2414
2265,-498,2383
2297,-538,2436
2286,-568,2421
2286,-552,2416
2275,-553,2362
2302,-580,2454
2262,-609,2416
2281,-619,2424
2294,-661,2368
2260,-649,2377
2245,-675,2370
2294,-684,2360
2282,-689,2360
2234,-695,2308
2282,-736,2356
2253,-757,2342
2255,-737,2267
2251,-720,2300
2269,-715,2097
2257,-751,2180
2275,-733,2295
2250,-738,2198
2282,-732,2261
2275,-722,2256
2263,-728,2246
2291,-684,2236
2295,-711,2211
2295,-704,2269
2259,-702,2212
2261,-659,2197
2291,-655,2213
2283,-615,2230
2272,-601,2242
2288,-577,2326
2287,-581,2309
2256,-574,2366
2299,-552,2179
2276,-563,2304
2264,-525,2407
2298,-531,2300
2293,-498,2425
2269,-516,2383
2292,-496,2333
2270,-483,2357
2260,-452,2350
2267,-467,2374
2279,-463,2495
2288,-461,2460
2297,-487,2442
2286,-481,2383
2262,-439,2491
2315,-478,2486
2286,-494,2370
2271,-476,2479
2244,-483,2273
2275,-473,2484
2272,-446,2514
2287,-431,2455
2289,-449,2407
2248,-513,2452
2279,-527,2440
2249,-496,2479
2266,-496,2591
2279,-520,2441
2281,-503,2536
2260,-512,2558
2276,-513,2565
2246,-503,2542
2280,-507,2497
2233,-499,2465
2291,-525,2468
2301,-480,2398
2275,-446,2336
2256,-443,2403
2294,-409,2330
2270,-402,2390
2250,-384,2368
2294,-398,2344
2273,-380,2405
2277,-378,2307
2265,-355,2305
2258,-355,2330
2282,-393,2324
2294,-368,2302
2311,-369,2393
2274,-343,2271
2277,-349,2400
2319,-347,2384
2275,-343,2320
2269,-337,2411
2276,-371,2445
2273,-384,2450
2266,-370,2405
2285,-378,2415
2297,-381,2441
2291,-399,2501
2311,-401,2420
2319,-371,2495
2305,-396,2425
2303,-371,2509
2301,-405,2461
2329,-367,2427
2321,-349,2350
2297,-392,2406
2306,-321,2430
2328,-327,2421
2319,-347,2395
2322,-351,2385
2275,-325,2414
2326,-328,2394
2333,-360,2355
2310,-294,2305
2378,-345,2346
2305,-324,2306
2315,-285,2342
2318,-284,2349
2307,-294,2340
2341,-275,2394
2284,-285,2274
2311,-277,2260
2291,-285,2279
2290,-266,2278
2292,-285,2395
2283,-290,2279
2299,-273,2326
2318,-236,2375
2297,-272,2328
2279,-229,2260
2268,-269,2327
2270,-235,2293
2273,-228,2325
2233,-237,2304
2224,-211,2376
2241,-211,2354
2261,-202,2302
2297,-214,2398
2291,-220,2239
2288,-194,2368
2238,-182,2361
2291,-204,2405
2261,-207,2348
2261,-189,2309
2243,-211,2308
2228,-209,2255
2222,-225,2321
2269,-220,2204
2263,-236,2355
2285,-252,2256
2263,-273,2224
2255,-304,2172
2285,-338,2166
2285,-426,2289
2280,-435,2250
2268,-460,2288
2280,-480,2243
2298,-512,2319
2292,-548,2366
2246,-568,2265
2283,-584,2362
2305,-579,2327
2292,-601,2346
2223,-601,2380
2251,-616,2466
2278,-607,2297
2239,-588,2432
2271,-638,2438
2271,-638,2462
2272,-691,2485
2256,-712,2426
2285,-704,2419
2268,-725,2413
2239,-781,2416
2238,-794,2343
2238,-792,2370
2254,-804,2412
2243,-793,2299
2239,-818,2380
2280,-765,2311
2236,-779,2335
2241,-769,2283
2260,-778,2225
2273,-782,2183
2276,-771,2166
2262,-760,2151
2285,-766,2108
2219,-745,2084
2251,-684,2107
2250,-711,2009
2264,-705,1989
2240,-688,1931
2247,-660,1854
2235,-634,1901
2223,-592,1920
2269,-601,1917
2202,-566,1945
2208,-493,2002
2233,-480,1927
2249,-428,1993
2217,-389,1983
2221,-338,2015
2235,-310,2077
2208,-291,2018
2229,-219,2134
2218,-209,2141
2185,-174,2205
2210,-153,2210
2230,-112,2233
2225,-131,2283
2240,-113,2333
2230,-104,2374
2234,-100,2380
2225,-105,2414
2261,-135,2372
2262,-134,2400
2218,-116,2536
2205,-143,2559
2241,-157,2557
2274,-163,2632
2246,-177,2557
2264,-193,2694
2247,-189,2745
2231,-214,2711
2260,-218,2767
2269,-255,2819
2244,-280,2790
2283,-272,2752
2304,-332,2839
2272,-367,2728
2302,-401,2804
2269,-380,2749
2286,-424,2750
2303,-399,2673
2274,-393,2750
2294,-450,2762
2302,-432,2650
2308,-440,2713
2297,-420,2625
2263,-461,2625
2288,-461,2644
2306,-431,2640
2310,-418,2657
2330,-408,2605
2309,-449,2582
2329,-423,2569
2298,-410,2554
2274,-371,2453
2323,-350,2482
2294,-341,2437
2283,-309,2413
2287,-286,2512
2297,-271,2401
2287,-253,2476
2270,-204,2402
2276,-138,2478
2249,-150,2301
2281,-102,2433
2253,-77,2484
2299,-53,2441
2227,-23,2447
2238,18,2501
2241,41,2533
2216,113,2418
2184,102,2466
2172,153,2351
2224,89,2459
2191,65,2479
2209,44,2431
2260,56,2363
2215,-25,2516
2237,-5,2429
2297,-55,2440
2258,-96,2458
2243,-112,2452
2286,-169,2434
2234,-181,2401
2255,-188,2424
2234,-214,2360
2240,-202,2399
2254,-219,2422
2249,-288,2409
2250,-306,2525
2201,-310,2439
2251,-341,2417
2242,-391,2470
2247,-430,2544
2203,-495,2498
2248,-527,2553
2257,-569,2583
2243,-591,2576
2220,-629,2569
2205,-724,2604
2191,-709,2665
2206,-812,2643
2217,-859,2632
2192,-824,2672
2223,-933,2597
2209,-964,2612
2169,-1013,2602
2152,-1054,2610
2149,-1084,2568
2115,-1142,2613
2115,-1134,2547
2115,-1163,2413
2130,-1189,2435
2118,-1232,2410
2123,-1205,2356
2110,-1223,2328
2093,-1207,2282
2113,-1159,2151
2148,-1221,2101
2113,-1200,2098
2128,-1184,2033
2193,-1130,1981
2143,-1074,1928
2196,-1035,1886
2171,-982,1855
2164,-927,1883
2152,-880,1831
2210,-807,1859
2208,-770,1827
2222,-744,1886
2212,-703,1866
2249,-661,1872
2252,-619,1888
2285,-595,1931
2262,-545,1961
2293,-514,1955
2258,-457,2041
2268,-424,2161
2291,-361,2160
2261,-342,2241
2284,-307,2272
2295,-270,2409
2270,-230,2491
2292,-251,2488
2291,-201,2556
2285,-229,2552
2292,-190,2657
2293,-189,2627
2284,-185,2609
2266,-177,2641
2281,-134,2658
2264,-173,2673
2297,-160,2672
2258,-171,2642
2267,-169,2568
2288,-145,2743
2281,-165,2593
2252,-160,2639
2260,-107,2649
2229,-160,2601
2268,-97,2666
2212,-126,2719
2231,-79,2685
2236,-68,2592
2215,-75,2731
2227,-84,2712
2237,3,2756
2235,-31,2866
2219,42,2931
2217,36,2989
2195,106,3014
2196,156,3110
2153,182,3265
2146,209,3452
2145,277,3476
2128,277,3607
2093,378,3803
2047,462,3958
2018,487,4169
1987,559,4285
1917,605,4406
1857,675,4506
1837,787,4741
1750,877,4811
1702,981,4881
1627,1093,5099
1614,1144,5057
1560,1205,5183
1501,1261,5244
1489,1312,5224
1495,1341,5249
1443,1374,5311
1460,1405,5267
1444,1452,5308
1390,1459,5287
1385,1496,5367
1380,1531,5416
1367,1514,5420
1285,1545,5582
1266,1558,5696
1234,1534,5861
1208,1484,5899
1176,1494,6068
1163,1433,6151
1135,1376,6266
1078,1335,6401
1050,1211,6485
1005,1118,6482
1011,981,6617
978,881,6580
942,781,6629
965,613,6550
993,474,6443
1114,270,6248
1239,65,6020
1423,-11,5812
1640,-81,5440
1801,-83,4986
1935,159,4696
2085,196,4398
2128,256,4132
2119,212,3958
2158,89,3985
2196,28,3996
2133,-92,4109
2042,-201,4173
2055,-350,4239
2008,-533,4020
2027,-561,3924
2060,-637,3768
2048,-705,3560
2681,-1846,3569
2241,-1371,3774
1584,-1226,3868
1460,-1432,3835
1329,-1550,3831
1142,-1704,3772
1051,-1798,3776
924,-1817,3927
797,-1875,3893
707,-1969,3633
664,-2094,3507
591,-2124,3382
546,-2175,3363
505,-2165,3094
456,-2212,2928
518,-2302,2890
561,-2327,2702
518,-2333,2634
537,-2382,2410
547,-2422,2190
517,-2421,2070
488,-2408,2088
444,-2329,2073
487,-2353,1791
518,-2391,1800
561,-2405,1694
619,-2441,1524
616,-2459,1495
628,-2487,1437
597,-2501,1348
631,-2516,1267
580,-2493,1313
537,-2462,1379
587,-2506,1296
566,-2508,1407
548,-2505,1398
557,-2447,1393
538,-2498,1373
496,-2453,1321
536,-2463,1358
505,-2441,1405
512,-2447,1424
531,-2464,1385
501,-2481,1447
545,-2463,1445
565,-2480,1465
538,-2493,1431
549,-2514,1435
589,-2530,1467
567,-2509,1479
595,-2504,1307
592,-2531,1384
583,-2534,1374
608,-2523,1394
591,-2479,1408
570,-2510,1438
558,-2482,1478
551,-2490,1447
553,-2480,1457
583,-2462,1475
553,-2500,1544
549,-2475,1570
527,-2504,1495
541,-2486,1558
537,-2492,1506
535,-2515,1537
557,-2530,1564
575,-2548,1481
598,-2544,1490
575,-2550,1485
547,-2555,1512
558,-2571,1536
566,-2552,1573
585,-2578,1623
572,-2578,1655
548,-2559,1643
514,-2562,1671
542,-2550,1638
499,-2537,1712
504,-2543,1722
511,-2515,1774
509,-2554,1788
513,-2553,1804
510,-2552,1875
503,-2541,1915
527,-2584,1858
510,-2587,1881
485,-2595,1902
507,-2581,1958
513,-2574,1911
502,-2584,1874
465,-2518,1888
492,-2537,1978
483,-2529,2012
507,-2597,1954
470,-2564,2042
459,-2554,1969
464,-2579,2042
483,-2581,1934
488,-2577,2020
506,-2565,2047
507,-2554,2021
521,-2556,2073
535,-2536,2093
499,-2542,2115
498,-2525,2150
519,-2530,2194
485,-2527,2140
505,-2507,2206
515,-2531,2217
518,-2540,2259
482,-2493,2258
492,-2503,2240
511,-2497,2276
489,-2476,2170
496,-2486,2349
526,-2504,2355
535,-2481,2424
549,-2471,2459
496,-2504,2491
517,-2490,2502
585,-2469,2564
521,-2422,2568
546,-2400,2540
564,-2391,2666
570,-2354,2681
582,-2358,2809
614,-2325,2803
584,-2342,2964
613,-2310,2959
646,-2270,3072
621,-2229,3156
639,-2217,3036
642,-2171,3280
647,-2167,3345
663,-2150,3421
707,-2143,3479
730,-2136,3540
743,-2107,3638
708,-2018,3727
770,-1986,3755
782,-1930,3727
798,-1917,3909
816,-1916,3978
795,-1909,4108
819,-1827,4041
812,-1831,4133
885,-1773,4176
862,-1740,4257
866,-1715,4227
903,-1665,4289
914,-1615,4472
929,-1594,4477
943,-1557,4504
929,-1496,4514
945,-1476,4629
979,-1462,4640
981,-1412,4625
989,-1443,4637
1009,-1368,4702
1028,-1367,4673
1036,-1327,4746
1066,-1325,4782
1066,-1273,4733
1088,-1250,4746
1116,-1229,4770
1140,-1192,4765
1150,-1177,4868
1167,-1134,4837
1197,-1135,4796
1200,-1073,4915
1288,-1074,4905
1303,-1042,4806
1312,-1039,4905
1338,-989,4854
1392,-1001,4851
1424,-951,4748
1495,-965,4750
1496,-950,4733
1527,-899,4668
1603,-852,4628
1651,-809,4661
1690,-763,4566
1690,-746,4637
1746,-696,4590
1734,-684,4570
1774,-711,4623
1744,-688,4607
1736,-749,4652
1678,-788,4544
1602,-847,4651
1557,-885,4573
1469,-933,4522
1422,-1001,4449
1404,-1018,4495
1384,-1046,4508
1408,-1092,4368
1418,-1136,4349
1438,-1138,4319
1493,-1206,4130
1534,-1196,4016
1606,-1234,3847
1692,-1237,3679
1770,-1202,3455
1855,-1205,3343
1924,-1168,2925
1957,-1102,2860
2027,-991,2791
2072,-949,2610
2113,-824,2517
2130,-798,2413
2126,-697,2331
2159,-607,2273
2135,-621,2237
2139,-611,2032
2136,-509,2192
2103,-475,2132
2088,-457,2127
2101,-493,2045
2109,-546,2082
2142,-545,2045
2114,-544,2003
2162,-539,2052
2143,-558,1956
2155,-546,1975
2115,-516,1966
2129,-520,2009
2135,-547,2047
2082,-566,2079
2161,-558,1997
2147,-547,1967
2151,-556,2065
2140,-557,2015
2162,-552,2055
2129,-549,2086
2147,-519,2019
2121,-524,2077
2125,-538,2111
2186,-533,2103
2195,-511,2138
2158,-511,2171
2167,-503,2027
2158,-503,2192
2215,-483,2208
2185,-488,2218
2185,-494,2191
2175,-500,2223
2207,-514,2238
2187,-493,2249
2230,-485,2247
2209,-491,2226
2181,-483,2321
2223,-476,2339
2216,-488,2274
2226,-470,2375
2248,-473,2421
2209,-472,2433
2218,-480,2497
2209,-474,2502
2241,-494,2545
2224,-454,2525
2228,-452,2596
2209,-423,2625
2199,-437,2704
2227,-402,2788
2194,-390,2835
2217,-364,2809
2196,-343,2897
2218,-271,2956
2218,-250,3019
2231,-209,3083
2225,-199,3155
2215,-192,3237
2214,-233,3374
2188,-176,3461
2185,-165,3515
2206,-194,3584
2168,-269,3513
2148,-310,3489
2157,-392,3612
2172,-491,3624
2139,-635,3645
2099,-757,3519
2077,-827,3534
2071,-918,3502
2022,-1082,3509
1986,-1194,3382
1956,-1287,3224
1898,-1383,3124
1862,-1435,2971
1851,-1505,2808
1799,-1599,2728
1814,-1640,2643
1808,-1720,2459
1802,-1774,2402
1797,-1798,2180
1782,-1843,2009
1735,-1826,2025
1691,-1849,1845
1724,-1839,1702
1680,-1889,1681
1694,-1854,1551
1744,-1807,1422
1723,-1796,1312
1717,-1734,1229
1746,-1705,1023
1759,-1685,1020
1766,-1626,955
1779,-1578,943
1819,-1578,917
1844,-1499,893
1885,-1462,818
1868,-1429,830
1892,-1403,853
1867,-1362,747
1884,-1325,752
1874,-1345,740
1889,-1344,685
1882,-1311,663
1866,-1329,739
1825,-1320,785
1835,-1291,745
1855,-1303,744
1831,-1341,589
1868,-1288,669
1875,-1300,622
1866,-1275,687
1845,-1258,748
1833,-1234,699
1845,-1227,751
1860,-1229,617
1849,-1204,642
1854,-1235,498
1859,-1308,612
1869,-1314,580
1821,-1338,582
1835,-1400,547
1783,-1428,633
1771,-1535,686
1730,-1624,663
1704,-1721,831
1683,-1787,779
1626,-1885,867
1599,-1943,974
1589,-1965,971
1599,-1949,1065
1551,-2001,1161
1541,-1985,1153
1510,-2001,1217
1477,-2072,1247
1472,-2017,1173
1452,-2072,1295
1398,-2097,1301
1354,-2108,1355
1343,-2116,1424
1323,-2177,1397
1270,-2220,1545
1291,-2192,1530
1309,-2215,1461
1269,-2215,1256
1262,-2181,1375
1271,-2173,1420
1282,-2215,1374
1299,-2252,1327
1299,-2252,1283
1320,-2212,1284
1346,-2227,1254
1342,-2196,1267
1397,-2198,1204
1398,-2170,1103
1427,-2160,1239
1471,-2133,1284
1513,-2099,1231
1507,-2093,1295
1578,-2037,1215
1646,-2004,1367
1689,-1955,1284
1677,-1952,1374
1707,-1918,1320
1724,-1922,1338
1778,-1889,1418
1793,-1861,1472
1822,-1801,1554
1840,-1809,1654
1860,-1810,1683
1885,-1764,1788
1906,-1736,1825
1947,-1686,1891
1933,-1663,1997
1907,-1651,2030
1949,-1601,2115
1961,-1551,2207
1990,-1558,2328
1987,-1478,2451
1988,-1414,2490
2016,-1390,2617
2038,-1374,2608
2034,-1340,2766
2024,-1267,2826
2061,-1249,2840
2033,-1169,2899
2042,-1175,2979
2052,-1128,3088
2074,-1080,3162
2076,-1048,3146
2039,-989,3279
2050,-963,3321
2088,-956,3279
2039,-914,3354
2073,-908,3370
2029,-867,3414
2061,-796,3435
2076,-782,3520
2098,-762,3526
2097,-745,3581
2132,-741,3575
2095,-677,3479
2117,-662,3534
2120,-627,3464
2123,-577,3465
2132,-590,3395
2151,-520,3414
2180,-460,3392
2163,-462,3194
2195,-400,3425
2203,-350,3334
2191,-354,3300
2228,-303,3224
2221,-250,3179
2224,-269,3189
2230,-172,3197
2216,-129,3238
2207,-51,3113
2202,-44,3233
2204,39,3256
2160,86,3235
2171,150,3265
2186,195,3216
2160,265,3216
2128,350,3247
2148,381,3231
2107,403,3109
2114,471,3310
2059,530,3292
2077,562,3233
2069,608,3262
2100,627,3252
2046,640,3238
2021,677,3323
2022,694,3316
1996,733,3252
2012,738,3263
2023,718,3258
2011,691,3275
1998,694,3311
1992,696,3224
2037,608,3174
2026,609,3252
2058,588,3150
2018,550,3105
2070,489,3208
2087,449,3155
2100,363,3072
2157,279,3060
2166,222,3002
2189,134,2885
2192,41,2892
2173,-77,2885
2208,-125,2840
2230,-238,2785
2242,-301,2717
2223,-395,2708
2218,-479,2664
2196,-570,2685
2185,-655,2703
2183,-722,2749
2173,-741,2713
2155,-853,2801
2149,-869,2653
2151,-935,2720
2139,-979,2731
2106,-1051,2705
2107,-1088,2664
2100,-1106,2720
2094,-1138,2740
2103,-1182,2768
2069,-1175,2821
2052,-1225,2755
2064,-1263,2829
2031,-1287,2877
2000,-1324,2830
1995,-1387,2877
2005,-1369,2819
1958,-1355,2793
1960,-1389,2864
1961,-1373,2823
1900,-1371,2815
1950,-1379,2747
1928,-1387,2818
1912,-1371,2730
1952,-1370,2719
1941,-1387,2693
1974,-1351,2762
1966,-1370,2740
2023,-1342,2573
2010,-1357,2616
2039,-1267,2554
2059,-1252,2516
2067,-1217,2480
2054,-1182,2433
2093,-1148,2319
2117,-1110,2319
2150,-1058,2281
2155,-1017,2221
2148,-953,2066
2171,-877,2193
2189,-824,2096
2211,-761,2170
2228,-710,2099
2197,-649,2081
2250,-620,2128
2239,-562,2127
2197,-502,2075
2219,-473,2006
2211,-444,2135
2237,-380,2222
2241,-349,2209
2170,-374,2134
2220,-323,2198
2208,-306,2142
2194,-276,2198
2219,-200,2279
2206,-235,2190
2203,-187,2173
2206,-172,2273
2187,-189,2216
2210,-165,2245
2237,-161,2320
2192,-162,2296
2215,-160,2300
2236,-151,2271
2229,-170,2251
2211,-168,2323
2209,-149,2298
2217,-166,2316
2249,-155,2364
2253,-168,2277
2220,-200,2390
2230,-204,2341
2225,-238,2351
2185,-256,2195
2250,-266,2319
2242,-264,2265
2202,-259,2275
2203,-286,2302
2226,-300,2319
2233,-328,2327
2249,-346,2289
2223,-336,2243
2249,-330,2264
2198,-368,2210
2234,-340,2168
2266,-363,2223
2209,-428,2197
2246,-421,2192
2247,-465,2182
2190,-489,2108
2211,-500,2137
2220,-523,2052
2184,-590,1892
2236,-583,2107
2214,-678,2039
2210,-685,2069
2239,-756,2043
2189,-807,1950
2157,-873,1983
2206,-929,1893
2170,-951,1934
2157,-1053,1966
2170,-1090,1963
2125,-1125,1937
2121,-1154,1901
2125,-1185,1950
2126,-1246,1961
2051,-1219,2026
2062,-1257,2113
2068,-1297,2107
2014,-1315,2051
2019,-1377,2129
2011,-1392,2057
2028,-1437,2078
1981,-1488,2157
2017,-1465,2111
1982,-1517,2112
1956,-1531,2119
1944,-1559,2134
1927,-1572,2136
1887,-1553,2173
1882,-1572,2204
1922,-1581,2227
1880,-1602,2152
1885,-1625,2141
1904,-1658,2208
1846,-1664,2153
1843,-1645,2118
1915,-1623,2006
1911,-1659,2053
1879,-1651,2063
1909,-1629,1925
1862,-1601,1913
1874,-1611,1955
1905,-1610,1844
1908,-1573,1897
1919,-1595,1896
1909,-1581,1729
1944,-1560,1858
1955,-1566,1767
1927,-1540,1734
1963,-1524,1663
1939,-1501,1700
1960,-1489,1700
2000,-1447,1638
2038,-1420,1589
2056,-1391,1610
2015,-1362,1550
2065,-1329,1487
2083,-1312,1593
2050,-1276,1597
2091,-1251,1568
2090,-1235,1577
2061,-1192,1571
2086,-1139,1512
2103,-1148,1449
2132,-1116,1479
2116,-1105,1511
2116,-1150,1513
2097,-1131,1628
2104,-1137,1589
2098,-1113,1599
2122,-1115,1586
2118,-1095,1571
2137,-1135,1548
2134,-1168,1632
2137,-1173,1644
2128,-1146,1684
2143,-1166,1696
2101,-1190,1684
2147,-1208,1677
2130,-1187,1689
2129,-1181,1657
2156,-1189,1606
2126,-1196,1677
2153,-1208,1622
2134,-1240,1681
2103,-1218,1689
2130,-1222,1694
2134,-1254,1730
2114,-1253,1648
2120,-1245,1647
2161,-1277,1653
2129,-1264,1650
2146,-1221,1628
2126,-1240,1563
2156,-1198,1625
2121,-1183,1690
2148,-1229,1587
2139,-1204,1596
2119,-1192,1673
2097,-1199,1587
2127,-1177,1607
2170,-1134,1604
2149,-1133,1587
2124,-1140,1599
2163,-1131,1603
2130,-1100,1580
2120,-1105,1529
2167,-1104,1568
2149,-1109,1419
2169,-1106,1594
2138,-1122,1560
2137,-1113,1549
2152,-1091,1563
2153,-1111,1591
2124,-1132,1575
2172,-1140,1551
2108,-1147,1540
2141,-1149,1581
2122,-1187,1521
2138,-1196,1590
2123,-1209,1582
2106,-1248,1573
2109,-1279,1529
2105,-1284,1517
2080,-1297,1556
2099,-1271,1644
2092,-1259,1595
2058,-1283,1668
2106,-1299,1681
2108,-1303,1648
2116,-1311,1707
2070,-1334,1717
2081,-1320,1739
2060,-1334,1818
2046,-1344,1744
2052,-1358,1761
2050,-1372,1592
2042,-1397,1631
2016,-1394,1715
2013,-1436,1745
2002,-1413,1713
2019,-1404,1649
2011,-1414,1715
2024,-1406,1626
2035,-1424,1628
2020,-1449,1537
2023,-1431,1604
2026,-1443,1588
2045,-1424,1636
2034,-1426,1528
2047,-1410,1501
2022,-1428,1502
2016,-1388,1489
2037,-1362,1420
2071,-1342,1384
2067,-1299,1379
2095,-1303,1406
2098,-1260,1329
2039,-1255,1333
2041,-1245,1328
2038,-1199,1425
2083,-1175,1283
2059,-1178,1350
2066,-1145,1244
2033,-1147,1276
2083,-1042,1315
2139,-1056,1268
2126,-1014,1237
2113,-1038,1389
2112,-970,1299
2172,-950,1358
2116,-916,1392
2107,-885,1418
2112,-865,1439
2138,-842,1482
2167,-840,1448
2139,-876,1469
2166,-872,1432
2212,-852,1521
2158,-902,1499
2170,-940,1527
2143,-912,1546
2172,-978,1542
2105,-954,1597
2146,-1017,1606
2152,-1014,1587
2143,-1065,1610
2160,-1038,1552
2159,-1057,1652
2131,-1069,1661
2172,-1082,1556
2146,-1124,1614
2152,-1163,1657
2150,-1167,1683
2154,-1150,1671
2157,-1207,1629
2120,-1236,1669
2118,-1258,1657
2102,-1291,1638
2085,-1325,1528
2095,-1317,1578
2075,-1306,1696
2076,-1358,1562
2078,-1375,1577
2042,-1401,1580
2037,-1403,1553
2060,-1424,1436
2029,-1449,1425
2039,-1455,1433
2028,-1444,1328
2058,-1450,1388
2014,-1435,1332
2032,-1432,1312
2012,-1448,1346
2007,-1462,1317
2034,-1451,1254
1993,-1428,1276
2029,-1453,1221
2025,-1427,1246
2012,-1430,1251
2011,-1387,1264
1971,-1415,1200
1972,-1357,1198
1994,-1381,1181
2006,-1385,1246
2001,-1365,1097
1986,-1354,1195
2010,-1361,1130
2038,-1362,1215
2042,-1381,1268
2055,-1366,1168
