1323,3063,7240
1333,3043,7260
1337,3037,7167
1338,2979,7142
1370,2982,7220
1367,2980,7076
1365,2977,7052
1385,2983,6911
1374,3059,6968
1378,2935,6928
1402,2960,6926
1430,2953,6901
1422,2943,6924
1430,2921,6930
1429,2937,6861
1443,2902,6860
1415,2891,6884
1421,2997,6770
1435,2898,6985
1407,2897,6901
1420,2888,6870
1393,2868,6881
1448,2875,6829
1443,2905,6924
1392,2867,6934
1425,2847,6909
1429,2957,6823
1449,2965,6854
1447,2818,6823
1419,2829,6834
1457,2793,6869
1425,2809,6874
1397,2780,6881
1428,2771,6848
1452,2770,6894
1414,2866,6797
1445,2870,6824
1456,2750,6821
1447,2717,6885
1463,2757,6813
1452,2721,6837
1430,2703,6813
1399,2701,6874
1431,2672,6817
1450,2849,6769
1432,2825,6722
1390,2674,6825
1415,2643,6739
1414,2653,6746
1410,2647,6767
1425,2654,6841
1452,2652,6734
1452,2613,6673
1433,2821,6702
1436,2728,6689
1433,2642,6832
1436,2624,6807
1443,2580,6827
1419,2602,6778
1425,2624,6835
1419,2619,6825
1427,2597,6816
1436,2799,6839
1397,2711,6787
1415,2581,6842
1436,2584,6841
1428,2579,6811
1436,2543,6839
1430,2600,6773
1448,2569,6838
1389,2560,6896
1449,2554,6860
1451,2787,6701
1443,2796,6787
1446,2707,6752
1423,2664,6831
1407,2608,6905
1390,2553,6970
1419,2537,6937
1430,2527,6940
1417,2552,7043
1408,2638,6936
1425,2527,6942
1440,2537,7020
1420,2523,7042
1431,2529,7064
1421,2535,7056
1396,2564,7099
1386,2574,7092
1401,2525,7084
1365,2693,7019
1402,2695,7000
1401,2542,7028
1422,2562,7105
1418,2556,7155
1407,2565,7140
1424,2586,7134
1423,2578,7034
1415,2578,7114
1449,2785,7068
1431,2728,7093
1401,2633,7188
1398,2651,7155
1416,2625,7168
1420,2643,7265
1395,2605,7297
1384,2623,7272
1385,2589,7310
1354,2765,7257
1361,2716,7340
1351,2586,7434
1344,2580,7418
1336,2589,7397
1354,2577,7429
1341,2579,7536
1309,2544,7440
1331,2550,7528
1343,2712,7378
1355,2641,7302
1313,2519,7463
1305,2530,7403
1324,2490,7408
1314,2467,7328
1324,2459,7345
1354,2464,7331
1360,2424,7279
1370,2481,7139
1393,2542,7133
1356,2454,7248
1374,2450,7162
1389,2427,7173
1381,2391,7098
1415,2412,7033
1417,2392,6935
1388,2381,6984
1380,2388,6904
1413,2493,6831
1385,2384,6830
1390,2383,6790
1416,2382,6691
1405,2408,6743
1453,2404,6680
1410,2405,6667
1462,2403,6737
1411,2418,6651
1443,2618,6599
1434,2523,6654
1445,2435,6690
1442,2415,6684
1457,2460,6612
1414,2428,6609
1438,2448,6634
1423,2422,6655
1444,2412,6647
1438,2559,6594
1439,2564,6540
1416,2428,6656
1434,2400,6619
1426,2442,6650
1436,2417,6627
1448,2462,6676
1437,2428,6624
1452,2463,6650
1459,2614,6593
1409,2555,6515
1439,2458,6660
1432,2441,6630
1439,2459,6639
1421,2449,6622
1439,2446,6598
1450,2442,6610
1420,2446,6616
1403,2429,6602
1449,2540,6527
1468,2441,6563
1454,2431,6601
1449,2417,6554
1447,2452,6602
1446,2440,6509
1456,2441,6498
1433,2479,6493
1441,2680,6382
1484,2601,6407
1454,2467,6428
1443,2469,6493
1499,2441,6468
1448,2479,6431
1470,2467,6470
1465,2439,6518
1462,2452,6540
1446,2449,6531
1468,2563,6462
1488,2446,6526
1481,2425,6534
1495,2448,6507
1455,2449,6529
1478,2463,6553
1449,2437,6549
1444,2447,6603
1448,2425,6569
1453,2565,6481
1457,2411,6556
1446,2370,6534
1437,2438,6569
1447,2437,6628
1474,2427,6669
1425,2398,6651
1427,2389,6671
1462,2422,6771
1424,2537,6711
1457,2542,6670
1445,2414,6818
1424,2425,6783
1420,2444,6787
1426,2390,6822
1424,2384,6814
1415,2424,6747
1416,2430,6892
1436,2603,6755
1450,2680,6785
1445,2594,6793
1486,2622,6827
1492,2548,6887
1432,2426,7000
1430,2489,7002
1442,2457,7006
1434,2461,7010
1442,2680,6929
1424,2631,6950
1420,2514,7073
1417,2495,7044
1424,2518,7081
1409,2491,7093
1415,2505,7107
1378,2490,7056
1415,2543,7095
1416,2535,7160
1381,2665,7093
1368,2570,7204
1362,2600,7233
1404,2590,7232
1391,2591,7293
1387,2576,7230
1405,2577,7327
1331,2554,7278
1340,2700,7198
1340,2702,7192
1343,2526,7396
1346,2517,7362
1328,2549,7306
1341,2511,7371
1355,2513,7393
1358,2475,7423
1300,2469,7359
1303,2445,7373
1324,2574,7225
1332,2478,7274
1311,2443,7241
1332,2427,7236
1346,2415,7287
1317,2390,7166
1386,2368,7179
1381,2375,7147
1391,2394,7098
1387,2513,6926
1399,2520,7071
1370,2401,7009
1391,2433,6999
1413,2403,6967
1402,2375,6888
1385,2336,6779
1414,2364,6807
1444,2400,6739
1455,2524,6709
1465,2517,6642
1444,2355,6727
1451,2419,6678
1418,2411,6646
1435,2404,6706
1460,2404,6657
1438,2411,6728
1454,2412,6685
1473,2569,6578
1433,2547,6667
1445,2417,6682
1467,2464,6738
1451,2450,6737
1419,2453,6712
1458,2480,6695
1462,2456,6681
1472,2468,6804
1464,2490,6602
1448,2579,6668
1435,2464,6746
1408,2499,6683
1449,2491,6690
1453,2485,6649
1435,2467,6739
1474,2466,6724
1468,2429,6654
1456,2459,6612
1455,2557,6536
1472,2445,6700
1459,2475,6689
1473,2468,6637
1444,2500,6587
1433,2494,6571
1448,2518,6534
1423,2509,6558
1437,2494,6515
1463,2652,6435
1458,2628,6405
1488,2524,6569
1486,2518,6549
1464,2508,6520
1460,2492,6599
1426,2468,6559
1448,2489,6574
1436,2500,6548
1426,2617,6498
1454,2489,6525
1466,2479,6609
1441,2471,6606
1436,2463,6610
1450,2501,6655
1452,2516,6611
1505,2501,6665
1443,2483,6670
1437,2589,6564
1434,2597,6616
1423,2487,6659
1442,2494,6727
1405,2487,6823
1433,2477,6769
1456,2455,6750
1450,2450,6866
1440,2459,6844
1433,2676,6882
1405,2566,6916
1400,2439,6973
1416,2462,6990
1420,2460,7000
1422,2454,6933
1425,2477,7022
1407,2480,7067
1398,2468,7022
1412,2688,6981
1405,2631,6953
1400,2516,7086
1371,2518,7145
1380,2484,7241
1391,2530,7172
1365,2561,7253
1399,2562,7211
1361,2575,7256
1410,2554,7207
1405,2710,7169
1398,2603,7282
1363,2621,7276
1391,2568,7300
1390,2607,7344
1350,2612,7340
1352,2599,7402
1363,2635,7345
1377,2640,7391
1343,2773,7307
1343,2638,7382
1366,2670,7451
1347,2643,7451
1345,2637,7454
1328,2616,7468
1312,2612,7526
1320,2623,7383
1289,2583,7495
1315,2688,7385
1321,2555,7495
1302,2557,7486
1362,2495,7431
1342,2489,7399
1342,2527,7319
1329,2508,7282
1343,2486,7277
1364,2487,7284
1384,2664,7195
1393,2691,7095
1405,2673,7024
1375,2621,7032
1400,2577,6979
1401,2479,7041
1411,2459,7096
1432,2440,6957
1445,2441,7001
1443,2575,6822
1431,2578,6739
1486,2460,6790
1500,2447,6759
1434,2434,6759
1473,2435,6736
1455,2457,6774
1489,2442,6769
1454,2454,6714
1477,2637,6627
1466,2566,6597
1446,2492,6686
1454,2461,6736
1448,2455,6681
1445,2447,6698
1464,2444,6696
1435,2444,6570
1449,2481,6733
1444,2603,6602
1461,2591,6626
1465,2438,6688
1467,2449,6758
1433,2443,6652
1448,2452,6700
1418,2475,6755
1443,2397,6760
1426,2427,6653
1428,2441,6707
1451,2556,6613
1432,2423,6748
1448,2444,6688
1458,2436,6665
1481,2451,6667
1453,2423,6630
1438,2422,6655
1443,2440,6588
1469,2436,6610
1451,2544,6514
1433,2428,6579
1470,2458,6465
1468,2511,6580
1446,2481,6422
1463,2486,6426
1472,2477,6439
1460,2442,6509
1443,2486,6463
1473,2617,6426
1447,2455,6422
1461,2463,6520
1452,2459,6498
1459,2478,6532
1451,2494,6473
1452,2447,6490
1452,2453,6581
1444,2451,6466
1460,2568,6433
1461,2612,6449
1434,2469,6560
1409,2510,6582
1449,2449,6523
1458,2472,6473
1458,2439,6498
1469,2423,6545
1459,2432,6625
1462,2551,6556
1479,2556,6588
1473,2414,6721
1456,2413,6703
1399,2404,6787
1439,2403,6705
1416,2431,6823
1426,2433,6800
1404,2416,6769
1416,2642,6797
1393,2522,6725
1382,2444,6842
1400,2400,6959
1392,2428,6909
1415,2389,6950
1378,2443,6995
1391,2417,6975
1386,2457,6971
1397,2440,7084
1399,2565,6913
1399,2488,7019
1416,2464,7062
1402,2494,7017
1412,2513,7039
1435,2485,7098
1427,2531,7070
1365,2519,7065
1401,2552,7139
1371,2680,7155
1377,2510,7254
1361,2571,7275
1366,2552,7261
1368,2531,7385
1349,2596,7323
1359,2578,7283
1343,2606,7306
1352,2592,7345
1343,2753,7226
1354,2590,7361
1353,2563,7372
1314,2584,7351
1327,2543,7460
1315,2512,7418
1309,2529,7345
1330,2476,7439
1303,2499,7449
1306,2577,7266
1322,2447,7308
1343,2485,7329
1343,2462,7213
1325,2423,7193
1357,2415,7138
1344,2425,7171
1394,2442,7183
1375,2442,7019
1372,2548,6953
1402,2546,6931
1437,2409,6944
1429,2409,6942
1402,2384,6839
1430,2366,6747
1445,2345,6756
1435,2418,6775
1447,2383,6761
1420,2561,6547
1431,2501,6646
1429,2406,6623
1418,2406,6667
1431,2411,6611
1383,2419,6653
1420,2397,6572
1411,2440,6650
1436,2403,6611
1435,2591,6586
1395,2550,6561
1419,2421,6691
1405,2405,6663
1428,2432,6717
1428,2396,6720
1441,2399,6658
1423,2405,6687
1424,2406,6661
1429,2361,6592
1444,2531,6555
1447,2416,6613
1431,2412,6593
1405,2416,6622
1441,2428,6631
1442,2410,6576
1452,2424,6622
1421,2414,6586
1443,2408,6581
1419,2642,6475
1418,2605,6406
1440,2609,6536
1438,2533,6501
1409,2485,6572
1444,2445,6539
1448,2451,6448
1431,2462,6459
1435,2474,6467
1404,2587,6322
1408,2450,6555
1407,2449,6393
1433,2448,6427
1452,2422,6457
1464,2456,6401
1477,2468,6394
1461,2487,6399
1457,2420,6472
1443,2527,6377
1491,2536,6481
1453,2407,6421
1450,2436,6482
1429,2430,6447
1421,2413,6480
1429,2417,6422
1438,2382,6412
1408,2408,6436
1439,2501,6444
1452,2523,6358
1435,2389,6486
1457,2419,6575
1440,2405,6587
1445,2393,6546
1441,2396,6664
1411,2368,6572
1425,2382,6632
1421,2559,6552
1425,2459,6539
1405,2381,6777
1410,2377,6803
1392,2381,6784
1393,2398,6853
1401,2434,6872
1419,2406,6811
1399,2418,6812
1412,2438,6823
1434,2572,6780
1430,2443,6913
1423,2455,6955
1434,2447,6955
1424,2462,6860
1407,2456,6900
1434,2431,6861
1423,2466,6979
1394,2492,6925
1398,2610,6966
1415,2453,7021
1406,2505,7043
1386,2468,7058
1375,2505,7135
1384,2545,7203
1346,2525,7196
1402,2528,7220
1358,2525,7241
1381,2621,7103
1395,2521,7175
1396,2482,7217
1366,2477,7236
1376,2480,7252
1333,2402,7225
1321,2418,7339
1322,2419,7266
1277,2400,7212
1317,2494,7198
1313,2392,7248
1372,2384,7180
1344,2361,7134
1356,2384,7117
1339,2352,7133
1357,2348,7038
1342,2341,7052
1355,2323,7091
1348,2438,6880
1403,2415,6823
1347,2294,6901
1361,2328,6919
1400,2314,6887
1405,2299,6843
1396,2311,6783
1407,2284,6621
1392,2320,6657
1433,2508,6564
1419,2464,6469
1388,2333,6549
1430,2321,6568
1437,2320,6475
1396,2295,6471
1432,2300,6548
1433,2306,6537
1417,2317,6567
1429,2503,6416
1423,2456,6465
1410,2301,6496
1409,2324,6546
1423,2337,6511
1419,2313,6485
1447,2344,6501
1421,2337,6553
1438,2324,6554
1442,2343,6522
1443,2464,6432
1429,2336,6581
1428,2339,6502
1421,2327,6495
1421,2336,6520
1458,2360,6490
1430,2341,6490
1415,2308,6521
1459,2368,6572
1453,2476,6456
1445,2334,6482
1433,2345,6451
1418,2330,6456
1453,2348,6481
1413,2323,6547
1459,2375,6422
1432,2404,6503
1416,2407,6448
1422,2558,6387
1423,2418,6487
1452,2422,6518
1421,2403,6475
1422,2424,6432
1426,2424,6469
1421,2385,6548
1442,2437,6601
1463,2397,6520
1451,2545,6502
1482,2526,6614
1448,2417,6610
1440,2416,6578
1474,2436,6597
1442,2439,6594
1466,2418,6564
1478,2438,6614
1455,2428,6587
1450,2551,6516
1431,2545,6483
1456,2431,6539
1471,2406,6621
1445,2435,6640
1494,2417,6613
1443,2415,6669
1429,2394,6704
1440,2403,6729
1447,2601,6721
1447,2542,6656
1431,2417,6839
1405,2440,6817
1424,2428,6868
1401,2413,6882
1411,2437,6941
1393,2441,6896
1404,2455,6949
1375,2559,6813
1398,2698,6810
1424,2705,6827
1387,2654,6873
1424,2609,6930
1385,2482,7004
1378,2493,6968
1416,2500,6978
1354,2517,6994
1409,2480,6949
1413,2631,6984
1393,2502,7101
1374,2489,7005
1366,2528,7107
1402,2522,6999
1392,2517,7029
1391,2532,7078
1416,2544,7100
1394,2526,7107
1410,2646,6966
1407,2539,7041
1369,2487,7024
1399,2504,7047
1378,2451,7047
1404,2432,6976
1427,2423,6888
1422,2387,6907
1368,2357,6879
1394,2445,6751
1372,2305,6828
1362,2252,6747
1371,2256,6629
1358,2266,6613
1384,2209,6629
1399,2206,6524
1395,2218,6463
1379,2261,6451
1401,2303,6327
1362,2276,6249
1352,2146,6267
1364,2197,6218
1390,2154,6206
1347,2136,6127
1376,2142,6161
1401,2148,6183
1382,2122,6076
1375,2335,5924
1394,2233,5976
1398,2111,6029
1388,2100,5980
1364,2099,5881
1359,2052,5842
1368,2073,5779
1350,2086,5853
1371,2041,5818
1386,2290,5750
1376,2201,5786
1379,2071,5828
1377,2066,5780
1348,2063,5913
1367,2094,5837
1366,2057,5860
1406,2041,5870
1390,2074,5933
1375,2059,5891
1395,2168,5852
1386,2033,6018
1367,2024,6028
1370,2025,5999
1382,2030,6025
1360,1983,6050
1385,1996,6122
1383,2002,6130
1378,2017,6205
1335,2140,6119
1369,1984,6295
1361,1990,6338
1339,1980,6312
1309,1954,6459
1279,1929,6355
1322,1900,6395
1269,1903,6388
1248,1869,6412
1192,1936,6256
1134,1749,6285
1121,1731,6260
1099,1657,6299
1053,1601,6270
979,1543,6307
839,1473,6244
701,1463,6277
542,1289,6253
384,1376,6051
204,1296,5978
119,1105,6104
67,1126,6196
-16,1094,6253
-33,1081,6099
-78,1064,6162
-165,1012,6119
-238,1027,6078
-343,1189,5983
-414,1115,5955
-524,1095,5994
-636,1028,6054
-731,1060,6039
-886,1022,5949
-968,1065,5891
-1079,1082,5812
-1195,1082,5819
-1287,1271,5786
-1394,1232,5681
-1536,1145,5731
-1665,1208,5773
-1721,1221,5727
-1818,1226,5614
-1927,1293,5542
-2091,1364,5403
-2137,1414,5337
-2214,1568,5312
-2223,1577,5353
-2292,1491,5436
-2332,1514,5512
-2359,1518,5521
-2402,1492,5594
-2393,1523,5587
-2422,1556,5664
-2368,1532,5659
-2388,1531,5580
-2369,1656,5533
-2380,1545,5551
-2365,1553,5577
-2358,1511,5489
-2341,1564,5513
-2370,1546,5456
-2380,1561,5456
-2351,1565,5423
-2367,1534,5365
-2342,1645,5260
-2329,1542,5330
-2335,1514,5254
-2349,1527,5261
-2352,1547,5203
-2345,1562,5142
-2364,1532,5192
-2341,1560,5160
-2359,1550,5104
-2324,1759,4959
-2287,1759,4956
-2308,1750,4912
-2314,1689,4995
-2326,1686,4877
-2283,1558,4992
-2310,1542,4934
-2292,1530,4955
-2292,1524,4957
-2280,1634,4875
-2302,1639,4763
-2282,1514,4827
-2273,1529,4890
-2232,1529,4858
-2242,1498,4780
-2263,1515,4831
-2248,1497,4741
-2241,1517,4674
-2250,1688,4520
-2231,1632,4559
-2205,1509,4650
-2191,1492,4662
-2192,1529,4651
-2208,1520,4688
-2174,1529,4654
-2186,1503,4633
-2160,1517,4746
-2164,1723,4617
-2142,1639,4592
-2191,1490,4701
-2154,1505,4665
-2140,1497,4642
-2135,1489,4714
-2145,1460,4663
-2179,1483,4653
-2162,1478,4692
-2207,1475,4708
-2174,1577,4598
-2192,1496,4701
-2155,1504,4671
-2141,1517,4768
-2160,1513,4762
-2142,1483,4746
-2180,1489,4721
-2182,1473,4839
-2179,1479,4810
-2147,1597,4687
-2191,1503,4749
-2197,1502,4794
-2137,1465,4800
-2173,1439,4771
-2164,1447,4807
-2166,1495,4785
-2149,1486,4877
-2165,1461,4857
-2145,1585,4790
-2147,1484,4888
-2167,1423,4943
-2157,1451,4919
-2155,1418,4981
-2185,1432,4941
-2168,1434,4960
-2158,1414,4927
-2154,1438,4919
-2138,1536,4780
-2137,1421,4894
-2130,1414,4913
-2167,1423,4977
-2168,1452,4974
-2159,1451,4943
-2189,1406,4925
-2166,1448,4935
-2180,1417,4941
-2180,1564,4810
-2147,1583,4831
-2166,1452,4933
-2158,1487,4969
-2185,1474,4924
-2160,1427,4926
-2173,1455,4990
-2164,1431,4912
-2161,1447,4999
-2156,1614,4883
-2154,1582,4847
-2164,1413,4936
-2165,1413,4957
-2174,1406,4973
-2150,1424,5016
-2170,1423,5046
-2174,1433,4948
-2157,1454,4922
-2150,1565,4941
-2143,1544,4933
-2160,1433,4959
-2164,1469,5025
-2198,1477,5053
-2170,1475,5096
-2173,1429,4964
-2163,1468,4941
-2148,1432,5016
-2181,1442,5053
-2175,1562,4933
-2192,1441,5091
-2205,1473,5101
-2226,1463,5081
-2213,1430,5001
-2211,1434,4990
-2223,1444,4998
-2245,1448,5082
-2218,1431,5026
-2227,1552,4934
-2241,1474,4998
-2237,1433,4945
-2229,1469,4959
-2208,1482,4950
-2219,1459,4918
-2212,1469,4836
-2165,1451,4804
-2218,1483,4892
-2218,1564,4750
-2176,1472,4879
-2199,1456,4857
-2168,1475,4725
-2176,1444,4783
-2160,1441,4778
-2164,1459,4753
-2164,1441,4732
-2150,1456,4709
-2134,1595,4552
-2155,1580,4491
-2124,1439,4637
-2155,1460,4670
-2142,1447,4655
-2130,1473,4654
-2103,1436,4604
-2133,1432,4552
-2108,1465,4568
-2089,1572,4484
-2116,1616,4417
-2088,1465,4474
-2064,1446,4585
-2050,1425,4479
-2055,1473,4458
-2060,1452,4494
-2046,1493,4440
-2045,1442,4428
-1986,1672,4391
-2033,1561,4312
-2010,1440,4373
-2043,1427,4346
-1983,1483,4379
-2011,1479,4376
-1972,1471,4380
-1978,1481,4341
-1976,1424,4334
-1980,1434,4348
-1973,1564,4220
-1965,1439,4334
-1925,1446,4362
-1903,1397,4346
-1904,1424,4329
-1869,1415,4292
-1878,1433,4345
-1839,1414,4360
-1819,1404,4356
-1799,1571,4242
-1780,1623,4158
-1740,1606,4168
-1736,1465,4278
-1739,1378,4303
-1694,1367,4277
-1659,1380,4352
-1662,1397,4344
-1625,1333,4297
-1627,1467,4310
-1624,1349,4381
-1555,1317,4356
-1542,1341,4365
-1489,1340,4327
-1446,1321,4374
-1487,1301,4298
-1461,1297,4390
-1445,1292,4344
-1413,1411,4284
-1370,1274,4375
-1377,1280,4351
-1356,1292,4357
-1322,1290,4406
-1353,1279,4347
-1282,1276,4384
-1292,1282,4431
-1241,1268,4354
-1221,1385,4210
-1213,1363,4313
-1193,1279,4405
-1201,1262,4346
-1189,1249,4331
-1150,1231,4372
-1119,1259,4288
-1122,1218,4318
-1051,1240,4306
-1057,1419,4244
-1017,1337,4278
-1034,1224,4384
-998,1205,4377
-952,1202,4314
-931,1174,4405
-940,1212,4361
-888,1222,4342
-899,1212,4339
-838,1368,4337
-832,1300,4286
-797,1198,4427
-752,1171,4385
-790,1167,4440
-752,1172,4440
-720,1190,4437
-725,1172,4492
-652,1143,4529
-638,1127,4513
-610,1251,4498
-527,1164,4545
-552,1135,4589
-562,1095,4614
-505,1094,4667
-456,1092,4661
-448,1092,4684
-377,1101,4764
-393,1104,4820
-312,1198,4784
-334,1094,4866
-276,1100,4865
-252,1118,5012
-217,1123,5026
-209,1087,4997
-181,1104,4984
-140,1099,4986
-128,1132,5080
-55,1232,4964
-82,1124,5074
-28,1118,5136
-17,1150,5087
9,1151,5140
-10,1137,5140
29,1108,5122
-12,1154,5197
60,1183,5155
95,1275,5083
105,1269,5184
127,1145,5223
99,1168,5223
89,1148,5279
118,1180,5280
133,1171,5278
150,1140,5274
142,1157,5246
167,1299,5206
176,1288,5215
178,1145,5321
183,1156,5279
215,1166,5347
192,1217,5400
216,1178,5388
249,1162,5457
286,1196,5455
274,1385,5381
289,1323,5375
316,1207,5485
318,1202,5498
360,1260,5488
331,1256,5445
354,1242,5495
367,1243,5511
378,1266,5458
370,1265,5307
346,1372,5327
377,1252,5365
374,1247,5284
338,1221,5204
350,1254,5243
314,1231,5374
329,1241,5325
295,1228,5254
294,1213,5356
299,1337,5179
279,1215,5264
240,1209,5281
234,1209,5297
235,1209,5302
238,1182,5216
183,1182,5297
176,1174,5285
161,1161,5261
120,1293,5154
117,1199,5268
159,1189,5241
119,1178,5279
65,1128,5218
46,1157,5257
58,1169,5261
25,1185,5300
68,1136,5218
40,1295,5134
15,1155,5217
26,1127,5271
7,1127,5219
23,1169,5160
43,1188,5202
38,1155,5176
13,1154,5169
17,1151,5097
56,1402,5082
23,1298,5068
-35,1180,5164
-74,1190,5132
-100,1138,5159
-114,1134,5144
-130,1166,5079
-95,1129,5013
-156,1138,5019
-189,1303,4949
-198,1303,4860
-187,1140,4952
-174,1156,4972
-225,1132,4885
-226,1170,4877
-251,1136,4790
-310,1143,4763
-304,1174,4700
-314,1327,4619
-339,1367,4534
-302,1406,4520
-364,1327,4441
-373,1306,4453
-364,1166,4525
-415,1176,4468
-432,1198,4489
-458,1227,4392
-503,1194,4453
-491,1293,4309
-472,1174,4426
-476,1217,4389
-431,1196,4340
-427,1200,4452
-449,1203,4436
-391,1210,4448
-371,1194,4524
-366,1183,4563
-316,1300,4462
-286,1206,4526
-276,1206,4587
-273,1172,4519
-195,1196,4551
-202,1183,4508
-194,1236,4565
-191,1221,4501
-158,1259,4525
-123,1397,4422
-82,1253,4418
-11,1273,4384
-7,1301,4456
47,1312,4471
75,1360,4431
88,1338,4393
136,1358,4389
152,1362,4378
155,1487,4283
141,1524,4277
199,1418,4350
212,1425,4348
272,1433,4375
316,1440,4457
314,1460,4397
354,1435,4461
412,1444,4541
459,1608,4400
498,1610,4567
521,1497,4692
600,1487,4738
634,1509,4768
672,1537,4813
765,1536,4893
831,1589,4974
831,1588,5048
903,1823,5059
933,1762,5077
957,1659,5279
968,1679,5345
1029,1687,5436
1086,1715,5423
1081,1742,5526
1133,1762,5694
1114,1776,5641
1157,1781,5766
1149,1952,5732
1216,1870,5952
1218,1872,5891
1239,1886,5980
1233,1924,5939
1284,1960,6063
1310,1961,6109
1339,2018,6120
1318,2047,6227
1331,2199,6114
1330,2088,6266
1360,2061,6337
1380,2126,6386
1398,2155,6372
1383,2214,6438
1372,2211,6494
1423,2247,6620
1413,2269,6570
1420,2361,6578
1410,2294,6690
1400,2337,6736
1416,2400,6794
1407,2369,6907
1412,2384,6857
1408,2441,7052
1422,2451,7025
1392,2514,7135
1413,2637,7024
1390,2543,7332
1343,2549,7337
1336,2569,7389
1353,2613,7437
1342,2620,7427
1332,2649,7492
1308,2679,7529
1286,2735,7588
1325,2839,7539
1305,2859,7625
1262,2763,7690
1268,2777,7705
1230,2831,7728
1274,2814,7753
1237,2860,7794
1248,2903,7751
1240,2927,7724
1184,3090,7688
1186,3036,7754
1191,2972,7835
1157,3000,7845
1194,3011,7857
1166,3030,7874
1153,3058,7930
1123,3083,7985
1137,3089,7914
1129,3304,7819
1129,3245,7850
1053,3140,7947
1100,3192,8016
1104,3132,7891
1067,3191,7956
1087,3209,7974
1107,3168,8013
1069,3203,8016
1048,3232,7967
1067,3360,7916
1042,3250,8015
1031,3241,7951
1031,3286,8005
1007,3277,7957
1003,3261,8025
1000,3314,8014
972,3324,8112
1013,3279,8035
1031,3427,7863
998,3423,7859
972,3305,8017
1001,3298,8032
991,3310,7923
971,3329,8033
973,3343,8020
931,3305,7999
992,3317,8049
972,3399,7968
986,3306,8052
940,3306,8039
951,3317,8029
977,3340,7949
966,3315,8037
982,3310,8028
954,3295,8021
963,3260,8012
979,3404,8010
974,3413,8011
984,3296,7999
980,3285,8056
941,3349,8200
969,3302,8061
972,3312,8073
955,3295,8139
988,3337,8024
924,3511,8007
926,3564,8014
891,3562,8043
866,3479,8126
896,3480,8219
864,3352,8208
840,3398,8283
824,3362,8277
886,3367,8292
842,3541,8210
833,3490,8216
812,3409,8292
803,3409,8321
803,3425,8353
786,3384,8331
760,3390,8372
770,3387,8313
760,3428,8298
721,3434,8298
762,3544,8301
720,3442,8353
737,3416,8387
744,3443,8327
724,3443,8350
774,3436,8305
789,3469,8321
785,3477,8248
804,3452,8318
807,3580,8080
800,3485,8265
817,3490,8207
831,3483,8213
862,3468,8064
855,3471,8141
864,3476,8172
872,3475,8131
897,3504,8151
909,3675,7982
902,3611,7982
916,3492,8106
890,3476,8071
897,3420,7985
928,3409,8066
892,3411,8151
908,3457,8067
938,3436,8060
896,3527,7915
908,3412,7977
931,3450,8015
926,3401,8057
927,3374,7986
921,3404,8008
954,3375,8009
955,3373,8004
970,3351,8033
957,3489,7887
977,3500,7955
937,3359,8030
961,3334,8014
987,3367,8066
933,3363,8033
993,3361,8071
928,3359,8028
972,3368,8049
944,3552,7955
953,3435,7990
923,3337,8073
923,3376,8234
944,3347,8192
897,3308,8157
895,3317,8098
896,3289,8269
903,3325,8181
929,3484,7968
907,3434,8076
870,3320,8100
884,3288,8136
950,3276,8116
910,3281,8134
931,3308,8167
893,3312,8174
876,3304,8171
896,3314,8197
905,3427,8078
883,3313,8174
896,3300,8301
871,3312,8214
879,3302,8221
894,3282,8211
843,3320,8297
851,3295,8337
835,3301,8208
831,3424,8264
835,3312,8261
833,3308,8274
786,3360,8324
852,3319,8224
815,3338,8261
794,3354,8273
815,3338,8340
815,3303,8341
803,3452,8261
815,3336,8353
813,3325,8438
815,3324,8314
818,3323,8360
812,3338,8373
814,3362,8352
786,3336,8283
817,3335,8291
800,3507,8198
822,3440,8350
815,3264,8346
844,3265,8333
832,3287,8345
846,3269,8278
860,3244,8311
857,3246,8204
869,3214,8252
914,3331,8184
911,3352,8166
905,3121,8215
984,3140,8182
1009,3100,8220
1020,3033,8163
1013,3015,8120
1039,2986,8067
1061,2938,8039
1088,3093,7959
1109,2950,7881
1124,2810,7970
1150,2802,7967
1136,2746,7800
1191,2733,7839
1169,2667,7805
1207,2653,7793
1220,2606,7753
1231,2570,7704
1206,2626,7656
1249,2471,7763
1240,2429,7673
1239,2389,7767
1234,2368,7598
1253,2340,7645
1235,2279,7614
1220,2246,7612
1216,2209,7512
1209,2435,7407
1179,2386,7488
1177,2350,7455
1176,2227,7462
1136,2221,7441
1127,2041,7551
1135,2001,7613
1134,1995,7527
1128,1986,7496
1155,2160,7437
1128,2054,7381
1075,1987,7495
1058,1856,7528
1083,1837,7529
1051,1844,7554
1020,1806,7527
1016,1786,7550
1033,1791,7469
984,1854,7429
998,1693,7454
972,1689,7393
971,1699,7481
950,1722,7416
938,1676,7345
952,1701,7379
929,1673,7350
958,1673,7363
974,1757,7221
912,1771,7179
935,1650,7215
961,1633,7215
943,1654,7198
918,1668,7163
974,1704,7166
962,1697,7213
964,1654,7165
965,1860,7079
994,1816,7133
1014,1701,7180
1005,1691,7175
1037,1697,7221
993,1738,7130
1025,1712,7134
1014,1697,7211
1039,1682,7234
1070,1923,7008
1015,1861,6995
1054,1744,7092
1047,1770,7111
1037,1764,7140
1070,1758,7084
1058,1757,7081
1061,1760,7058
1087,1776,7080
1086,1818,7129
1109,1965,6991
1124,1874,7199
1182,1941,7147
1188,1956,7113
1212,1988,7208
1248,1998,7190
1232,2010,7202
1241,2053,7271
1231,2066,7208
1240,2211,7054
1251,2089,7143
1252,2100,7125
1234,2018,7121
1257,2096,7066
1309,2080,7069
1233,2133,7021
1247,2072,7053
1247,2052,7056
1198,2173,6978
1237,2025,7102
1222,2062,7087
1263,2041,7060
1226,2005,7031
1290,2015,7033
1258,2007,7004
1271,2019,6956
1285,2006,6960
1276,2091,6881
1274,2144,6863
1253,1983,6945
1243,2012,6853
1231,2017,6942
1245,2015,6874
1251,2036,6918
1275,2031,6916
1270,2024,6957
1265,2130,6773
1253,2137,6797
1244,1984,6886
1245,2028,6885
1229,1989,6909
1242,1964,6898
1246,1974,6832
1258,1965,6931
1269,1971,6914
