2301,-2111,5177
2288,-2108,5175
2283,-2103,5109
2301,-2097,5107
2302,-2075,4975
2305,-2087,5129
2297,-2098,5126
2300,-2115,5118
2305,-2139,5177
2287,-2090,5147
2294,-2128,5163
2273,-2104,5113
2292,-2133,5095
2264,-2129,5088
2231,-2152,5093
2261,-2169,5096
2186,-2191,5095
2228,-2236,5151
2202,-2232,5174
2192,-2252,5156
2176,-2278,5121
2162,-2276,5177
2110,-2292,5109
2145,-2258,5169
2150,-2293,5154
2108,-2313,5142
2136,-2303,5197
2110,-2307,5129
2136,-2292,5171
2151,-2309,5200
2108,-2308,5172
2128,-2304,5049
2149,-2306,5184
2112,-2294,5194
2130,-2321,5134
2121,-2260,5138
2149,-2269,5142
2167,-2298,5220
2175,-2285,5122
2121,-2287,5117
2154,-2273,5130
2144,-2269,5178
2159,-2262,5172
2182,-2284,5183
2178,-2239,5226
2176,-2260,5159
2197,-2245,5100
2206,-2234,5216
2245,-2207,5211
2262,-2196,5139
2240,-2173,5228
2241,-2174,5211
2271,-2144,5195
2286,-2132,5216
2307,-2164,5173
2299,-2137,5223
2289,-2147,5257
2258,-2170,5356
2321,-2174,5230
2302,-2220,5381
2287,-2215,5374
2261,-2259,5373
2220,-2321,5347
2198,-2281,5453
2176,-2359,5466
2133,-2394,5514
2127,-2416,5530
2104,-2447,5587
2078,-2459,5620
2056,-2457,5682
2019,-2508,5758
2019,-2510,5809
1994,-2544,5784
1970,-2568,5774
1947,-2593,5898
1900,-2607,5907
1900,-2620,5936
1907,-2643,6018
1849,-2617,5946
1842,-2679,6076
1855,-2652,6023
1857,-2660,6103
1841,-2682,6066
1841,-2682,6053
1840,-2726,6063
1827,-2731,6154
1811,-2690,6113
1807,-2715,6160
1852,-2736,6178
1837,-2709,6098
1877,-2714,6074
1867,-2683,6081
1861,-2668,6089
1878,-2690,6023
1916,-2662,5948
1887,-2641,5887
1907,-2655,5909
1956,-2624,5813
1935,-2601,5801
1933,-2543,5843
1994,-2535,5755
2014,-2526,5692
2011,-2471,5621
2041,-2441,5618
2033,-2449,5434
2075,-2417,5471
2087,-2373,5469
2097,-2330,5464
2161,-2328,5411
2163,-2280,5326
2165,-2241,5300
2190,-2192,5239
2232,-2145,5208
2228,-2152,5088
2244,-2117,5109
2293,-2091,5069
2283,-2079,5045
2289,-2073,5021
2321,-2056,5047
2300,-2046,4987
2331,-2061,5016
2325,-2053,5022
2307,-2073,4945
2284,-2088,5117
2290,-2087,5138
2261,-2087,5149
2277,-2142,5119
2292,-2111,5185
2286,-2137,5156
2281,-2135,5108
2239,-2126,5096
2300,-2152,5081
2262,-2165,5099
2257,-2170,5121
2243,-2196,5144
2235,-2184,5216
2247,-2222,5207
2202,-2227,5149
2249,-2227,5197
2193,-2213,5225
2202,-2240,5136
2215,-2190,5191
2186,-2229,5142
2202,-2207,5151
2204,-2225,5182
2208,-2180,5136
2234,-2200,5047
2223,-2166,5085
2212,-2187,5061
2222,-2181,4995
2205,-2144,5091
2224,-2168,5061
2215,-2129,5047
2180,-2135,5040
2233,-2112,4942
2216,-2134,5055
2263,-2093,4905
2289,-2060,4973
2277,-2035,4865
2262,-2062,4949
2271,-2017,4962
2282,-2054,4908
2326,-2052,4973
2335,-1990,4900
2297,-2034,4846
2320,-1969,4987
2331,-1944,4875
2318,-1964,4873
2317,-1957,4863
2336,-1911,4859
2343,-1923,4863
2330,-1934,4824
2346,-1901,4816
2394,-1947,4802
2359,-1905,4827
2375,-1893,4873
2334,-1940,4897
2322,-1961,4931
2289,-1983,4973
2279,-2000,4948
2267,-2070,4982
2262,-2069,4914
2296,-2118,5103
2253,-2201,5091
2268,-2160,5098
2275,-2219,5104
2242,-2223,5222
2214,-2250,5265
2201,-2285,5341
2225,-2324,5402
2218,-2297,5416
2206,-2330,5445
2220,-2387,5509
2155,-2366,5547
2178,-2378,5523
2171,-2385,5510
2153,-2380,5592
2147,-2424,5645
2110,-2443,5634
2128,-2436,5627
2081,-2453,5698
2072,-2474,5700
2083,-2490,5730
2062,-2446,5715
2093,-2493,5586
2061,-2510,5759
2075,-2482,5703
2073,-2476,5745
2027,-2490,5727
2065,-2418,5700
2083,-2449,5708
2081,-2446,5637
2092,-2436,5640
2139,-2434,5525
2141,-2419,5533
2107,-2396,5560
2156,-2380,5491
2162,-2346,5491
2157,-2323,5432
2202,-2345,5374
2192,-2318,5395
2222,-2256,5283
2200,-2246,5094
2219,-2228,5198
2198,-2180,5118
2267,-2129,5136
2239,-2171,5080
2247,-2109,5081
2276,-2054,5098
2256,-2046,4977
2288,-1970,4944
2307,-1950,4771
2352,-1905,4805
2364,-1858,4878
2383,-1857,4742
2381,-1832,4789
2378,-1739,4651
2399,-1805,4695
2384,-1784,4688
2352,-1770,4689
2365,-1782,4582
2346,-1811,4662
2399,-1781,4712
2376,-1748,4715
2385,-1841,4757
2348,-1816,4697
2389,-1775,4754
2394,-1787,4741
2369,-1818,4725
2354,-1765,4629
2378,-1766,4724
2389,-1767,4698
2418,-1772,4682
2384,-1784,4678
2382,-1774,4695
2359,-1808,4734
2377,-1761,4669
2369,-1773,4658
2361,-1727,4557
2401,-1685,4670
2405,-1701,4642
2401,-1682,4592
2388,-1660,4627
2390,-1650,4584
2404,-1580,4618
2427,-1597,4488
2415,-1621,4491
2457,-1573,4425
2447,-1567,4486
2420,-1572,4541
2447,-1526,4509
2465,-1502,4454
2489,-1491,4451
2483,-1456,4386
2456,-1450,4423
2493,-1386,4421
2476,-1392,4435
2514,-1365,4394
2530,-1383,4355
2526,-1354,4394
2516,-1303,4392
2524,-1344,4350
2533,-1273,4338
2545,-1316,4319
2543,-1275,4287
2559,-1245,4283
2537,-1273,4129
2531,-1218,4303
2547,-1200,4279
2541,-1177,4323
2541,-1184,4203
2560,-1174,4262
2552,-1145,4326
2558,-1182,4306
2579,-1191,4347
2525,-1218,4294
2550,-1217,4324
2546,-1257,4341
2520,-1276,4370
2488,-1352,4346
2518,-1393,4416
2502,-1398,4432
2494,-1458,4388
2506,-1512,4485
2449,-1550,4477
2441,-1599,4596
2449,-1625,4637
2430,-1663,4650
2434,-1686,4712
2443,-1711,4764
2432,-1733,4840
2465,-1787,4781
2460,-1828,4859
2434,-1883,4826
2459,-1841,4966
2422,-1890,5064
2458,-1897,5064
2416,-1931,5108
2450,-1906,5116
2428,-1938,5241
2419,-1932,5135
2400,-1923,5203
2427,-1951,5172
2452,-1978,5140
2433,-1957,5244
2417,-1952,5268
2406,-1930,5249
2476,-1919,5247
2498,-1854,5293
2472,-1865,5202
2467,-1813,5209
2520,-1797,5002
2572,-1762,5145
2534,-1696,5190
2551,-1660,5012
2537,-1653,5095
2606,-1602,5004
2587,-1508,5061
2600,-1483,5002
2634,-1459,4943
2627,-1387,4837
2613,-1297,4849
2672,-1258,4666
2617,-1207,4769
2666,-1152,4787
2644,-1073,4768
2639,-976,4763
2651,-961,4833
2680,-905,4809
2648,-871,4949
2693,-849,4840
2671,-785,4918
2652,-710,4824
2711,-716,4844
2691,-714,4962
2684,-654,4984
2719,-633,4926
2719,-598,5025
2719,-559,4981
2685,-542,5101
2683,-562,5093
2669,-512,5102
2667,-500,5106
2679,-515,5148
2697,-478,5123
2656,-484,5125
2660,-494,5153
2666,-526,5218
2658,-574,5209
2648,-528,5232
2660,-590,5236
2647,-561,5282
2661,-615,5345
2657,-630,5319
2650,-648,5401
2685,-658,5445
2663,-677,5410
2688,-717,5447
2624,-721,5596
2673,-724,5568
2665,-708,5443
2682,-712,5556
2666,-723,5598
2663,-699,5519
2647,-691,5487
2669,-710,5483
2704,-680,5549
2694,-686,5566
2683,-654,5521
2656,-643,5552
2688,-630,5559
2676,-634,5559
2650,-582,5544
2663,-586,5560
2660,-606,5652
2678,-594,5548
2634,-580,5636
2650,-576,5652
2639,-523,5664
2629,-545,5720
2616,-524,5706
2628,-505,5734
2607,-509,5687
2584,-511,5753
2596,-481,5647
2582,-464,5751
2594,-456,5814
2608,-442,5783
2580,-475,5864
2587,-500,5842
2577,-489,5795
2578,-483,5830
2579,-470,5865
2608,-485,5770
2625,-481,5915
2602,-463,5871
2607,-490,5881
2642,-490,5861
2585,-519,5969
2595,-547,5855
2599,-583,5919
2647,-604,5931
2633,-636,5760
2657,-666,5932
2642,-670,6039
2668,-683,6053
2665,-762,6126
2610,-779,6128
2622,-758,6089
2640,-787,6223
2637,-859,6138
2647,-859,6258
2607,-905,6290
2642,-935,6407
2600,-957,6450
2648,-1004,6467
2634,-1057,6480
2605,-1072,6436
2598,-1096,6524
2610,-1136,6511
2565,-1188,6617
2621,-1145,6538
2592,-1170,6617
2627,-1210,6635
2609,-1208,6619
2649,-1220,6548
2633,-1211,6554
2624,-1192,6518
2602,-1215,6591
2609,-1188,6615
2605,-1153,6613
2636,-1159,6485
2649,-1154,6482
2642,-1136,6459
2625,-1101,6485
2608,-1094,6451
2612,-1075,6469
2633,-1066,6422
2615,-1058,6425
2606,-983,6372
2610,-1000,6350
2627,-959,6267
2637,-909,6287
2636,-905,6206
2670,-877,6193
2621,-927,6295
2611,-904,6259
2621,-868,6277
2629,-835,6354
2597,-819,6333
2604,-810,6384
2564,-804,6422
2557,-821,6445
2566,-843,6511
2526,-839,6475
2537,-800,6475
2559,-825,6525
2555,-823,6448
2529,-845,6554
2554,-864,6497
2535,-841,6606
2554,-791,6509
2505,-806,6570
2520,-837,6621
2530,-855,6691
2529,-848,6661
2534,-846,6604
2482,-884,6672
2478,-910,6712
2484,-925,6771
2463,-936,6806
2474,-981,6780
2478,-986,6798
2471,-1006,6834
2480,-998,6985
2457,-1048,6779
2447,-1061,6936
2457,-1087,6904
2430,-1115,6935
2433,-1113,6898
2485,-1117,6884
2476,-1131,6960
2452,-1105,6945
2458,-1151,6975
2487,-1122,6832
2438,-1139,7012
2442,-1118,6969
2457,-1103,6951
2451,-1135,6923
2477,-1133,6948
2438,-1148,6959
2475,-1110,6949
2501,-1129,6885
2442,-1128,6822
2476,-1086,6837
2477,-1091,6922
2499,-1083,6888
2479,-1061,6842
2456,-1046,6934
2443,-1048,6865
2458,-1035,6885
2477,-1028,6882
2472,-984,6872
2444,-950,6905
2445,-948,6878
2484,-912,6811
2448,-913,6876
2414,-894,6805
2452,-874,6871
2442,-893,6855
2447,-887,6753
2483,-855,6812
2455,-872,6807
2447,-844,6795
2470,-835,6778
2461,-837,6784
2466,-839,6851
2427,-846,6815
2447,-868,6850
2435,-858,6820
2452,-947,6898
2462,-964,6973
2446,-958,6972
2465,-995,6957
2434,-1045,6969
2418,-1059,6970
2452,-1063,6997
2434,-1055,7038
2456,-1075,7023
2466,-1067,7074
2437,-1063,7023
2444,-1065,6953
2437,-1010,6944
2406,-1076,7012
2400,-1076,7052
2405,-1075,7038
2413,-1132,7203
2421,-1152,7109
2416,-1169,7141
2336,-1177,7178
2398,-1200,7160
2359,-1209,7158
2386,-1207,7090
2402,-1245,7222
2393,-1259,7181
2394,-1222,7208
2408,-1236,7189
2386,-1285,7149
2377,-1297,7140
2397,-1285,7175
2422,-1296,7120
2420,-1273,7156
2413,-1277,7095
2441,-1267,7099
2439,-1259,7069
2463,-1263,7079
2442,-1245,7051
2466,-1184,6898
2453,-1188,6931
2447,-1205,6930
2480,-1144,6906
2489,-1146,6859
2506,-1128,6837
2496,-1138,6775
2491,-1110,6779
2548,-1080,6760
2510,-1101,6793
2506,-1062,6712
2530,-1050,6712
2503,-1039,6738
2526,-1013,6757
2508,-971,6729
2500,-1002,6709
2538,-977,6740
2480,-977,6773
2476,-943,6613
2492,-947,6779
2498,-957,6738
2493,-923,6748
2496,-921,6831
2455,-945,6860
2450,-979,6860
2425,-932,6913
2387,-969,6909
2412,-1007,6920
2438,-1031,7091
2426,-1061,7031
2398,-1082,7070
2419,-1113,7215
2375,-1134,7142
2349,-1155,7176
2393,-1224,7197
2368,-1211,7206
2341,-1224,7284
2371,-1255,7279
2346,-1268,7222
2341,-1309,7225
2332,-1275,7287
2378,-1284,7238
2368,-1301,7188
2374,-1305,7253
2369,-1297,7250
2392,-1276,7306
2366,-1264,7259
2374,-1294,7257
2377,-1294,7209
2390,-1290,7286
2398,-1305,7238
2376,-1284,7178
2350,-1243,7244
2395,-1252,7238
2365,-1222,7160
2416,-1257,7256
2428,-1255,7167
2419,-1249,7192
2446,-1213,7135
2387,-1245,7115
2372,-1190,7136
2364,-1183,7095
2416,-1177,7018
2391,-1162,7053
2430,-1146,7033
2395,-1137,7066
2414,-1138,7053
2411,-1108,7052
2400,-1095,7125
2383,-1077,6969
2421,-1114,6961
2403,-1076,7020
2399,-1071,6997
2394,-1074,6920
2400,-1010,6980
2409,-988,6977
2428,-997,7019
2439,-1000,6951
2417,-1013,7005
2404,-1019,6983
2428,-1039,6996
2402,-1108,7047
2386,-1137,6899
2393,-1144,7031
2403,-1140,7067
2425,-1158,7061
2394,-1153,7079
2411,-1165,7108
2370,-1104,7000
2385,-1140,7078
2381,-1139,7070
2393,-1169,7000
2359,-1144,7051
2385,-1146,7111
2366,-1166,7092
2312,-1168,7212
2354,-1216,7293
2303,-1174,7236
2282,-1193,7317
2323,-1211,7303
2296,-1190,7329
2291,-1192,7269
2307,-1247,7332
2304,-1260,7303
2306,-1251,7258
2315,-1237,7283
2275,-1226,7250
2297,-1274,7348
2333,-1253,7279
2310,-1255,7185
2312,-1239,7282
2312,-1230,7269
2324,-1275,7255
2341,-1259,7210
2367,-1221,7219
2353,-1243,7227
2379,-1238,7158
2388,-1247,7163
2366,-1167,7095
2381,-1205,7083
2402,-1212,7101
2453,-1191,7066
2439,-1188,7015
2398,-1187,7049
2411,-1196,7099
2450,-1171,6995
2383,-1210,6999
2387,-1197,6932
2399,-1153,7076
2415,-1177,6980
2453,-1161,6983
2439,-1166,7074
2388,-1163,7019
2425,-1139,6985
2429,-1104,7082
2423,-1144,7043
2417,-1135,6948
2413,-1104,6968
2418,-1109,7038
2418,-1081,7045
2425,-1053,6954
2438,-1069,6994
2419,-1070,6927
2453,-1070,6956
2466,-1076,6909
2422,-1091,6977
2410,-1117,7098
2422,-1149,7078
2412,-1146,7080
2408,-1147,7007
2407,-1189,7109
2375,-1204,7104
2375,-1207,7186
2342,-1243,7257
2341,-1244,7308
2326,-1310,7165
2294,-1283,7340
2286,-1310,7392
2297,-1346,7383
2237,-1352,7479
2209,-1360,7517
2180,-1342,7535
2131,-1342,7549
2079,-1326,7714
2094,-1295,7620
2002,-1250,7831
1939,-1175,7741
1900,-1029,7813
1807,-945,7765
1739,-843,7876
1656,-784,7812
1572,-637,7794
1505,-543,7776
1418,-474,7631
1305,-412,7773
1245,-366,7798
1171,-324,7698
1113,-298,7714
1147,-227,7736
1099,-192,7698
1094,-189,7697
1127,-145,7643
1158,-199,7526
1153,-207,7540
1178,-242,7679
1204,-254,7702
1203,-323,7703
1246,-428,7792
1194,-472,7903
1222,-613,7935
1251,-732,8021
1213,-863,7989
1143,-998,8177
1133,-1092,8289
1102,-1242,8324
1106,-1382,8398
1082,-1499,8417
1122,-1635,8481
1112,-1761,8458
1160,-1826,8419
1209,-1889,8348
1321,-1868,8422
1399,-1790,8284
1586,-1720,8173
1763,-1589,8063
1898,-1439,7934
1982,-1243,7735
2083,-1106,7587
2121,-970,7492
2148,-984,7317
2161,-957,7336
2178,-956,7431
2179,-964,7368
2214,-967,7340
2204,-976,7371
2282,-1004,7363
2242,-1058,7363
2214,-1054,7287
2262,-1065,7204
2257,-1031,7225
2172,-775,7106
2260,-669,6924
2305,-671,6923
2303,-685,6953
2029,-347,6870
2412,-992,7007
2138,-854,7212
2087,-942,7410
2098,-1153,7473
2100,-1251,7508
2103,-1280,7565
2137,-1300,7546
2110,-1329,7624
2123,-1333,7558
2081,-1358,7565
2114,-1364,7544
2081,-1392,7664
2149,-1420,7544
2109,-1426,7587
2075,-1452,7633
2095,-1420,7592
2087,-1437,7653
2097,-1426,7574
2125,-1359,7574
2147,-1328,7516
2105,-1299,7494
2152,-1215,7419
2152,-1192,7476
2188,-1182,7334
2180,-1145,7326
2196,-1105,7346
2239,-1032,7307
2243,-1016,7235
2267,-1015,7134
2230,-950,7130
2265,-891,7086
2270,-849,7087
2277,-828,6959
2270,-760,6885
2264,-717,6887
2292,-650,6872
2293,-620,6909
2294,-597,6790
2261,-558,6809
2193,-531,6702
2240,-535,6820
2234,-559,6805
2262,-572,6781
2261,-558,6786
2236,-561,6909
2253,-570,6818
2267,-564,6727
2252,-625,6839
2277,-601,6763
2266,-648,6850
2268,-595,6858
2289,-617,6840
2244,-615,6851
2245,-610,6868
2249,-633,6895
2220,-617,6854
2227,-640,6934
2221,-656,6851
2254,-648,6934
2290,-667,6982
2256,-673,6917
2226,-677,7006
2272,-671,6938
2255,-656,6925
2232,-658,6956
2265,-662,6886
2248,-668,6783
2269,-696,6950
2279,-702,6899
2295,-716,6929
2332,-739,6895
2296,-703,6944
2322,-745,6963
2323,-703,6884
2299,-738,6887
2271,-730,6795
2297,-747,6916
2281,-766,6896
2328,-786,6902
2306,-773,6922
2302,-806,6951
2289,-770,7016
2322,-793,7020
2293,-784,6991
2335,-795,6944
2302,-800,6978
2286,-781,6934
2295,-781,6955
2292,-801,7014
2286,-834,6965
2270,-820,6969
2274,-814,7023
2309,-845,6936
2295,-836,6997
2317,-865,6970
2313,-905,6992
2314,-879,6967
2330,-855,7027
2291,-847,7061
2310,-887,7031
2277,-882,7099
2332,-871,7081
2292,-916,7007
2289,-916,6984
2321,-919,7016
2310,-926,7032
2320,-967,7092
2317,-966,7118
2301,-956,7013
2275,-901,7103
2308,-937,7110
2319,-972,7050
2312,-964,7068
2337,-961,7043
2302,-954,7025
2284,-990,7091
2293,-957,7112
2303,-992,7097
2289,-998,7019
2270,-960,7088
2308,-970,7003
2279,-974,6987
2293,-977,7102
2305,-998,7087
2292,-958,7056
2276,-1007,7039
2271,-989,7096
2273,-950,7062
2282,-945,7057
2300,-971,7123
2296,-1028,6969
2281,-980,7156
2275,-994,7030
2295,-987,7032
2300,-947,7077
2328,-965,7081
2363,-1005,7101
2349,-997,7103
2354,-964,7157
2346,-995,6996
2341,-989,7059
2312,-1008,7043
2317,-981,7133
2353,-990,7107
2365,-976,7044
2325,-1011,7107
2362,-967,7081
2331,-983,6986
2328,-981,6917
2371,-973,7036
2340,-1009,7031
2344,-1017,7090
2380,-990,6999
2352,-1027,7016
2380,-1031,7059
2342,-1048,7047
2354,-1043,6981
2325,-1014,6933
2320,-1047,7076
2354,-1036,7135
2357,-1063,7072
2331,-1097,7122
2335,-1049,7048
2328,-1074,7139
2339,-1075,7149
2294,-1091,7182
2308,-1108,7184
2310,-1105,6991
2311,-1120,7061
2360,-1102,7216
2304,-1140,7095
2319,-1122,7192
2329,-1136,7218
2338,-1154,7212
2316,-1162,7204
2299,-1166,7233
2337,-1136,7234
2323,-1165,7308
2313,-1164,7271
2355,-1181,7259
2329,-1180,7280
2307,-1187,7317
2298,-1194,7278
2283,-1211,7283
2323,-1208,7279
2308,-1204,7247
2317,-1220,7229
2301,-1204,7251
2299,-1241,7282
2328,-1283,7268
2298,-1275,7318
2301,-1277,7251
2313,-1254,7282
2351,-1245,7248
2293,-1284,7317
2277,-1305,7230
2319,-1333,7214
2280,-1287,7202
2300,-1255,7230
2351,-1297,7161
2352,-1269,7130
2378,-1233,7057
2405,-1213,7050
2416,-1207,6894
2436,-1191,6889
2474,-1147,6904
2454,-1144,6829
2477,-1122,6844
2502,-1076,6732
2474,-1052,6747
2484,-1037,6687
2475,-1015,6740
2497,-1033,6553
2472,-991,6721
2500,-1018,6715
2466,-1037,6799
2494,-1009,6743
2478,-1015,6781
2481,-1019,6810
2461,-1014,6753
2472,-1026,6675
2489,-1002,6648
2468,-991,6680
2488,-998,6806
2459,-939,6775
2468,-942,6818
2479,-943,6743
2458,-933,6727
2464,-912,6766
2449,-930,6758
2454,-935,6725
2443,-933,6743
2430,-885,6783
2458,-912,6677
2482,-888,6727
2450,-917,6687
2443,-908,6784
2441,-926,6819
2444,-962,6767
2441,-955,6660
2423,-934,6817
2428,-924,6828
2425,-907,6802
2433,-936,6879
2381,-883,6876
2385,-885,6858
2395,-888,6830
2379,-893,6892
2374,-912,6788
2409,-828,6892
2431,-833,6903
2369,-811,6862
2375,-840,6903
2391,-809,6845
2382,-777,6853
2367,-775,6857
2342,-738,6832
2324,-705,6872
2342,-691,6803
2285,-628,6903
2311,-606,6860
2325,-567,6808
2300,-530,6802
2247,-452,6745
2245,-429,6689
2266,-310,6555
2262,-216,6571
2227,-186,6568
2158,-130,6416
2158,-75,6521
2132,-74,6565
2083,-73,6588
2096,-139,6716
2072,-239,6726
2090,-296,6893
2115,-305,6907
2132,-364,6855
2195,-345,6847
2151,-357,6853
2151,-401,6868
2177,-497,6950
2176,-621,7030
2215,-746,7105
2242,-808,7206
2241,-909,7183
2275,-1003,7158
2285,-1070,7151
2279,-1110,7211
2294,-1147,7192
2331,-1167,7207
2334,-1163,7197
2329,-1161,7119
2333,-1152,7142
2358,-1118,7104
2305,-1037,7046
2337,-1040,7032
2332,-1013,7078
2331,-962,7074
2374,-948,7019
2391,-944,7016
2393,-873,6922
2381,-823,6850
2385,-723,6662
2433,-677,6491
2386,-583,6484
2429,-507,6404
2453,-409,6210
2493,-421,6104
2433,-401,6039
2500,-364,5947
2471,-322,5886
2431,-233,5766
2430,-252,5761
2452,-272,5803
2468,-341,5935
2468,-322,5917
2475,-360,5936
2508,-358,5917
2448,-410,5897
2448,-415,5898
2480,-413,5883
2511,-426,5757
2481,-372,5821
2471,-373,5818
2454,-387,5813
2476,-351,5794
2503,-313,5779
2502,-340,5737
2469,-308,5703
2457,-265,5668
2487,-297,5557
2478,-221,5633
2513,-224,5600
2508,-201,5563
2474,-225,5428
2517,-160,5508
2510,-151,5519
2533,-144,5413
2463,-94,5428
2465,-63,5365
2480,-81,5388
2473,-58,5326
2463,-63,5349
2470,-70,5335
2477,-65,5229
2488,-45,5262
2511,-37,5281
2474,-17,5277
2508,-40,5269
2490,-34,5157
2485,-21,5270
2466,-25,5268
2488,-34,5281
2500,-51,5247
2475,-37,5256
2481,-74,5299
2514,-77,5300
2501,-124,5290
2502,-164,5333
2491,-183,5286
2502,-175,5374
2515,-181,5404
2486,-223,5418
2517,-218,5407
2536,-271,5527
2528,-314,5520
2572,-318,5541
2566,-367,5550
2562,-434,5578
2542,-424,5568
2584,-511,5742
2599,-490,5687
2598,-574,5756
2569,-618,5780
2587,-639,5814
2573,-640,5920
2563,-692,5893
2576,-722,5987
2547,-771,6072
2576,-795,6118
2574,-815,6147
2540,-822,6225
2564,-841,6210
2541,-888,6289
2580,-867,6379
2553,-929,6413
2554,-948,6525
2550,-969,6507
2534,-1017,6616
2523,-1032,6691
2510,-1085,6666
2485,-1088,6780
2446,-1155,6827
2453,-1124,6898
2441,-1167,6882
2403,-1147,7004
2426,-1195,7077
2399,-1197,7162
2431,-1205,7137
2414,-1277,7160
2412,-1229,7239
2368,-1288,7224
2359,-1311,7289
2373,-1315,7221
2365,-1326,7302
2366,-1325,7317
2330,-1320,7391
2363,-1336,7311
2359,-1322,7400
2310,-1336,7385
2332,-1355,7346
2326,-1362,7448
2355,-1353,7280
2329,-1354,7303
2370,-1372,7347
2343,-1346,7337
2394,-1289,7319
2375,-1324,7260
2419,-1332,7210
2397,-1296,7223
2401,-1284,7173
2441,-1280,7019
2460,-1265,7157
2402,-1201,7064
2488,-1241,7016
2512,-1201,6974
2500,-1181,6896
2504,-1174,6864
2550,-1174,6849
2510,-1172,6847
2539,-1164,6687
2569,-1152,6753
2595,-1117,6673
2581,-1088,6685
2603,-1122,6565
2615,-1105,6599
2588,-1120,6454
2624,-1072,6516
2666,-1106,6440
2616,-1103,6333
2654,-1090,6386
2658,-1071,6414
2627,-1082,6381
2641,-1071,6448
2608,-1036,6443
2640,-1022,6424
2654,-1021,6425
2614,-1069,6382
2661,-1059,6374
2634,-1019,6391
2632,-1067,6457
2651,-1070,6421
2665,-1071,6427
2621,-1096,6333
2630,-1064,6389
2659,-1066,6326
2641,-1072,6350
2673,-1093,6333
2632,-1103,6378
2653,-1099,6354
2650,-1072,6360
2649,-1071,6342
2638,-1077,6338
2660,-1095,6309
2636,-1075,6334
2675,-1087,6358
2680,-1120,6305
2664,-1102,6266
2677,-1074,6307
2661,-1150,6352
2662,-1148,6301
2680,-1156,6316
2677,-1158,6324
2684,-1105,6213
2679,-1146,6417
2692,-1115,6314
2670,-1121,6247
2666,-1073,6405
2637,-1135,6285
2649,-1106,6372
2638,-1108,6287
2652,-1062,6323
2669,-1056,6323
2666,-1015,6318
2682,-1006,6191
2670,-998,6180
2686,-980,6260
2683,-923,6175
2645,-916,6178
2658,-915,6164
2646,-881,6083
2653,-909,6141
2688,-892,6198
2667,-930,6127
2680,-961,6098
2664,-945,6199
2677,-971,6123
2644,-1033,6239
2648,-1078,6318
2681,-1083,6312
2673,-1116,6229
2652,-1142,6323
2669,-1138,6316
2659,-1185,6180
2684,-1181,6423
2651,-1221,6407
2663,-1263,6416
2675,-1289,6331
2679,-1329,6418
2629,-1341,6422
2641,-1356,6322
2689,-1344,6352
2653,-1397,6282
2639,-1434,6435
2631,-1463,6421
2678,-1469,6407
2655,-1477,6433
2612,-1512,6400
2656,-1520,6388
2607,-1552,6441
2617,-1625,6456
2604,-1615,6345
2591,-1679,6407
2589,-1753,6423
2576,-1744,6358
2548,-1753,6367
2571,-1795,6421
2600,-1825,6274
2577,-1845,6304
2561,-1881,6289
2526,-1921,6179
2536,-1936,6272
2549,-1978,6186
2544,-1988,6204
2534,-1998,6110
2512,-2009,6111
2521,-2033,6133
2498,-2040,6161
2521,-2068,6051
2515,-2044,6066
2485,-2077,6045
2477,-2110,6064
2498,-2113,6046
2441,-2128,6078
2466,-2156,5931
2456,-2159,5967
2472,-2136,5937
2433,-2149,5878
2458,-2182,5852
2430,-2154,5761
2441,-2130,5754
2368,-2147,5690
2393,-2130,5675
2393,-2147,5645
2381,-2104,5504
2391,-2109,5558
2353,-2124,5507
2382,-2114,5546
2339,-2074,5506
2380,-2112,5477
2405,-2056,5460
2391,-2073,5446
2412,-2111,5364
2382,-2090,5450
2374,-2071,5364
2376,-2019,5305
2382,-1997,5343
2397,-2044,5278
2403,-2018,5200
2397,-1983,5248
2434,-1987,5235
2437,-1964,5186
2388,-1974,5252
2420,-1942,5226
2396,-1970,5157
2406,-1943,5181
2423,-1958,5011
2392,-1956,5110
2401,-1934,5133
2378,-1886,5170
2397,-1919,5115
2388,-1893,5038
2438,-1880,5032
2408,-1867,4982
2414,-1911,4987
2423,-1890,4929
2431,-1870,4982
2422,-1830,5010
2438,-1820,4896
2408,-1843,4938
2430,-1848,4987
2459,-1793,4972
2408,-1805,4945
2432,-1800,4991
2455,-1808,4851
2458,-1821,4908
2455,-1823,4942
2464,-1808,4929
2478,-1758,4835
2480,-1810,4916
2459,-1767,4850
2474,-1794,4870
2493,-1798,4822
2491,-1794,4727
2481,-1750,4870
2482,-1790,4879
2498,-1772,4889
2465,-1787,4877
2452,-1795,4826
2481,-1787,4869
2470,-1752,4848
2451,-1739,4864
2473,-1752,4773
2485,-1751,4886
2435,-1777,4880
2465,-1764,4898
2483,-1763,4962
2473,-1762,4903
2458,-1769,5028
2483,-1753,4969
2494,-1741,5013
2486,-1725,4924
2510,-1767,4928
2516,-1770,5016
2499,-1753,4972
2491,-1776,4991
2500,-1791,4999
2514,-1770,4894
2514,-1755,4953
2497,-1766,5042
2490,-1731,5014
2510,-1781,4988
2555,-1742,4958
2531,-1770,5098
2528,-1742,5171
2549,-1779,5144
2543,-1747,5174
2507,-1736,5116
2513,-1728,5243
2512,-1767,5126
2560,-1740,5066
2508,-1740,5271
2533,-1734,5190
2573,-1754,5167
2530,-1755,5235
2559,-1778,5223
2562,-1781,5150
2555,-1794,5239
2532,-1780,5239
2483,-1817,5251
2557,-1841,5193
2521,-1863,5243
2521,-1855,5220
2511,-1863,5352
2505,-1893,5249
2505,-1891,5303
2503,-1878,5343
2521,-1872,5338
2506,-1870,5202
2525,-1840,5242
2513,-1804,5215
2505,-1808,5249
2544,-1799,5144
2553,-1781,5150
2546,-1721,5091
2524,-1657,5101
2558,-1657,5162
2555,-1624,4921
2571,-1646,5129
2598,-1593,5077
2565,-1572,5014
2568,-1539,5044
2572,-1498,5059
2603,-1537,4983
2601,-1537,4997
2597,-1495,5018
2648,-1512,4901
2662,-1488,4993
2636,-1510,4976
2617,-1495,5005
2605,-1494,5094
2604,-1487,5072
2583,-1533,5111
2607,-1520,5089
2608,-1513,5105
2658,-1526,5137
2642,-1549,5153
2658,-1554,5074
2628,-1585,5184
2624,-1556,5197
2642,-1624,5212
2615,-1591,5276
2626,-1593,5294
2639,-1637,5364
2670,-1611,5223
2649,-1604,5375
2674,-1625,5414
2687,-1614,5470
2666,-1596,5380
2663,-1604,5469
2662,-1577,5445
2649,-1599,5492
2631,-1560,5549
2664,-1593,5484
2654,-1618,5425
2649,-1610,5415
2623,-1623,5519
2648,-1638,5536
2666,-1644,5599
2655,-1644,5611
2654,-1682,5591
2630,-1705,5614
2636,-1682,5716
2642,-1693,5721
2621,-1745,5754
2634,-1788,5818
2651,-1753,5728
2646,-1797,5705
2612,-1772,5805
2618,-1780,5874
2619,-1763,5924
2609,-1779,5901
2642,-1782,5870
2631,-1706,5867
2691,-1708,5831
2671,-1682,5865
2676,-1657,5947
2663,-1652,5933
2709,-1605,5956
2692,-1592,5971
2728,-1525,6021
2683,-1502,6130
2718,-1432,6024
2730,-1371,6009
2733,-1334,6080
2697,-1247,6080
2721,-1159,6036
2696,-1116,5969
2700,-1001,5893
2675,-923,5855
2688,-859,5787
2705,-743,5692
2696,-681,5608
2682,-558,5491
2650,-501,5393
2680,-406,5315
2677,-348,5170
2677,-294,5092
2636,-253,4989
2646,-265,4845
2617,-239,4820
2626,-205,4751
2632,-188,4818
2611,-169,4711
2638,-199,4812
2640,-229,4795
2691,-214,4794
2664,-227,4838
2650,-250,4739
2673,-280,4856
2682,-290,4785
2656,-296,4832
2656,-288,4822
2628,-304,4734
2640,-296,4777
2656,-324,4880
2682,-319,4878
2662,-368,4880
2700,-336,4863
2669,-365,4909
2671,-346,4949
2674,-368,4887
2656,-372,4972
2692,-359,4973
2696,-393,4933
2648,-386,4942
2667,-366,4816
2655,-354,4900
2664,-388,4926
2643,-388,4881
2642,-398,4973
2647,-391,5000
2657,-401,4884
2643,-380,4946
2677,-381,4911
2648,-414,4834
2668,-396,4977
2656,-404,4934
2672,-422,4899
2693,-400,4954
2669,-392,4964
2664,-372,5024
2643,-394,5004
2658,-390,5000
2663,-382,5004
2664,-379,4998
2666,-419,5088
2687,-395,5082
