1002.500947918531,26.04088403940201
1002.54540864553,26.04148470401764
1002.553033946229,26.04388736248016
1002.538907855475,26.0460230588913
1002.407500559793,26.04815875530243
1002.528425630626,26.0490931224823
1002.544525197534,26.04976052761078
1002.546616820795,26.04468824863434
1002.546492198688,26.03594524145126
1002.471971023938,26.02820334196091
1002.523403930572,26.02259713888168
1002.521536498864,26.02286410093307
1002.402285475632,26.01892641067505
1002.547230537497,26.02760267734528
1002.519347254769,26.02713549375534
1002.493630592428,26.02993859529495
1002.524779244783,26.03267495632172
1002.504236600507,26.03561153888703
1002.521388827844,26.03601198196411
1002.499364609576,26.04014989376068
1002.445376518297,26.04155144453049
1002.549060156651,26.04468824863434
1002.476163597142,26.05129555940628
1002.547176122526,26.05476606607437
1002.499561465898,26.05723546504974
1002.477037438972,26.05509976863861
1002.491090606869,26.04462150812149
1002.49326640981,26.03581176042557
1002.495407084445,26.03113992452622
1002.525408008036,26.03447695016861
1002.526207334534,26.02993859529495
1002.491637551415,26.03581176042557
1002.463946958704,26.03581176042557
1002.502489252924,26.04348691940308
1002.510928759402,26.0458895778656
1002.455500651492,26.04662372350693
1002.488826036187,26.05603413581848
1002.438329153542,26.05603413581848
1002.468703145321,26.05576717376709
1002.47641601248,26.05556695222855
1002.503689789547,26.05990508556366
1002.472802147368,26.0648438835144
1002.589606524949,26.06424321889877
1002.440546865768,26.06083945274353
1002.461081742107,26.05449910402298
1002.488127754275,26.04702416658402
1002.495860927673,26.03814767837524
1002.412093955509,26.03027229785919
1002.472659768591,26.03380954504013
1002.42068741592,26.03614546298981
1002.46299572551,26.03801419734955
1002.450459692352,26.04315321683884
1002.446443482343,26.04582283735275
1002.456511582549,26.04822549581528
1002.455903748778,26.05323103427887
1002.481263868999,26.0585702753067
1002.464065148835,26.05890397787094
1002.482611686595,26.06070597171783
1002.495323117985,26.06584499120712
1002.433193012709,26.06951571941376
1002.413311498532,26.07011638402939
1002.438377173693,26.0730529665947
1002.442391218527,26.06924875736237
1002.425421443695,26.06591173171997
1002.451628845562,26.06597847223282
1002.477018482377,26.06491062402725
1002.447085205424,26.06878157377243
1002.371625550782,26.06891505479813
1002.51474685617,26.07258578300476
1002.550598163499,26.07712413787842
1002.605566473277,26.08146227121353
1002.612724559068,26.08780261993408
1002.588923590591,26.0918737912178
1002.535887327406,26.09334208250046
1002.504959109362,26.10241879224777
1002.453213555907,26.10335315942764
1002.594425165251,26.10575581789017
1002.558345846121,26.10602277994156
1002.602096217276,26.10742433071136
1002.5831684219,26.10695714712143
1002.551259750201,26.108024995327
1002.592949355141,26.10922632455826
1002.56285953553,26.10962676763534
1002.547480774689,26.11042765378952
1002.602068954402,26.11496600866318
1002.591522403107,26.11309727430344
1002.5819124382,26.12110613584519
1002.630257667915,26.12010502815247
1002.606068094294,26.12324183225632
1002.592764343837,26.12991588354111
1002.548061894747,26.1318513584137
1002.565879733791,26.12878129482269
1002.629726796016,26.13685689687729
1002.628002585023,26.13719059944153
1002.685129491594,26.14026066303253
1002.650155632547,26.14293028354645
1002.706943400552,26.14433183431626
1002.712274952992,26.14907041072846
1002.69047850273,26.15180677175522
1002.555487357301,26.15153980970383
1002.652144333216,26.15254091739655
1002.745013380005,26.15254091739655
1002.663750508893,26.15641186714172
1002.698011784629,26.1556777215004
1002.666131491143,26.15033848047257
1002.702006666941,26.14393139123917
1002.593393460617,26.11396490097046
1002.597464756188,26.09621192455292
1002.646399980393,26.07018312454224
1002.664160723231,26.03801419734955
1002.553546162719,26.01165169477463
1002.51322216712,25.98842599630356
1002.679818004379,25.97467745065689
1002.628969274564,25.96847058296204
1002.575765097451,25.97174086809158
1002.510772774556,25.97407678604126
1002.583615988432,25.98255283117294
1002.492365562058,25.98328697681427
1002.492074010649,25.99523352861404
1002.410608465141,26.00050602912903
1002.406055578418,25.9999053645134
1002.394052077058,26.0060454916954
1002.291647591071,26.011051030159
1002.247575998428,26.01138473272324
1002.363453737743,26.00998318195343
1002.431471709977,26.00791422605515
1002.434524542301,26.00404327630997
1002.584237589726,26.00738030195236
1002.559617068483,26.00804770708084
1002.554899186738,26.01492197990417
1002.553990170395,26.01525568246841
1002.562252811461,26.02172951221466
1002.647358262462,26.0283368229866
1002.622637874348,26.02820334196091
1002.631896561626,26.03174058914185
1002.63795490271,26.0379474568367
1002.656279016184,26.04455476760864
1002.618723730535,26.0460230588913
1002.531588685394,26.04942682504654
1002.6140530879,26.05329777479172
1002.62680035305,26.05429888248444
1002.638070275429,26.05763590812683
1002.671327243315,26.05983834505081
1002.673391896369,26.06117315530777
1002.677290125597,26.06637891530991
1002.669149037507,26.06751350402832
1002.494711565028,26.0697159409523
1002.632037854914,26.07372037172318
1002.632487486034,26.07959353685379
1002.69583700687,26.0825301194191
1002.637385101924,26.08299730300903
1002.652443116849,26.08733543634415
1002.668420989475,26.09474363327026
1002.609623824457,26.09240771532059
1002.567559249973,26.0936757850647
1002.666841048066,26.09514407634735
1002.583372321986,26.09420970916748
1002.655083266528,26.0889372086525
1002.694235073683,26.0761230301857
1002.701823197409,26.06717980146408
1002.668629753039,26.05556695222855
1002.6686476272,26.04689068555832
1002.591210468579,26.04195188760757
1002.656209685202,26.03848138093948
1002.660664404218,26.03828115940094
1002.651195114174,26.04295299530029
1002.667578592271,26.04261929273605
1002.688001116837,26.04642350196838
1002.709530267988,26.05149578094482
1002.630789293712,26.05803635120392
1002.613727209165,26.05616761684418
1002.631463566366,26.05910419940949
1002.639471841932,26.06130663633347
1002.594637352903,26.06430995941162
1002.630520031249,26.0635758137703
1002.629148083596,26.06898179531098
1002.67747193095,26.0634423327446
1002.696625185873,26.0602387881279
1002.66361055621,26.05890397787094
1002.620166806235,26.06217426300049
1002.637607949658,26.06270818710327
1002.589852389058,26.06624543428421
1002.560734436911,26.07011638402939
1002.616990669736,26.0727860045433
1002.676860862428,26.08166249275207
1002.573035092455,26.08186271429062
1002.610604363407,26.08379818916321
1002.618060362445,26.0936757850647
1002.552649248493,26.09053898096085
1002.533878623394,26.09467689275742
1002.552282371791,26.09641214609146
1002.519801841003,26.09834762096405
1002.577019117957,26.10108398199082
1002.589102898951,26.10442100763321
1002.54195675807,26.10522189378738
1002.532524868381,26.108024995327
1002.569807815358,26.10982698917389
1002.557157594654,26.10962676763534
1002.57158994473,26.11329749584198
1002.609115328271,26.1159671163559
