1007.372123583909,28.72692271947861
1007.38902438214,28.724119617939
1007.364519034072,28.72605509281159
1007.36996656749,28.72592161178589
1007.398986596614,28.72532094717026
1007.334017479698,28.72558790922165
1007.387803951782,28.72545442819595
1007.400890104569,28.73152781486511
1007.346607984959,28.72458680152893
1007.434992399557,28.72492050409317
1007.340916348172,28.72498724460602
1007.381480346475,28.72632205486298
1007.400524928826,28.7256546497345
1007.274612539217,28.72805730819702
1007.320851734254,28.72632205486298
1007.403334770474,28.73266240358353
1007.370240866859,28.72718968153
1007.319614466238,28.72498724460602
1007.352316425896,28.72685597896576
1007.410561036498,28.72879145383835
1007.392004512222,28.72892493486404
1007.229363409939,28.72759012460709
1007.303545966976,28.72665575742722
1007.37559165316,28.73119411230087
1007.383646868751,28.72238436460495
1007.386657242492,28.7287247133255
1007.359519697807,28.72905841588974
1007.335254784245,28.72692271947861
1007.390857716323,28.73219521999359
1007.294389809322,28.72658901691437
1007.441006163249,28.72999278306961
1007.405217504702,28.73239544153213
1007.354015270092,28.72992604255676
1007.390626917226,28.73132759332657
1007.345949246772,28.7273231625557
1007.385463313384,28.72779034614563
1007.422105237562,28.73072692871094
1007.310518331043,28.72799056768417
1007.399552359608,28.7305267071724
1007.353095632006,28.730259745121
1007.349661185088,28.73132759332657
1007.346511056157,28.7287247133255
1007.409327348802,28.73126085281372
1007.400729315944,28.72879145383835
1007.404324434032,28.73045996665955
1007.332900402721,28.7303932261467
1007.391489731777,28.73172803640366
1007.382721373229,28.73146107435226
1007.372515024299,28.7305267071724
1007.386817947653,28.73146107435226
1007.341969717567,28.72965908050537
1007.416229998755,28.73446439743042
1007.421704118944,28.7320617389679
1007.338160749808,28.72979256153107
1007.429653194178,28.73232870101929
1007.380480861589,28.7334632897377
1007.383544146502,28.7352652835846
1007.34303634926,28.73319632768631
1007.405016911523,28.73306284666062
1007.44595242988,28.73152781486511
1007.357108552626,28.73326306819916
1007.386403379486,28.73393047332764
1007.397485938808,28.73413069486618
1007.409414379344,28.7320617389679
1007.41842685505,28.7320617389679
1007.387593765048,28.73106063127518
1007.34790880156,28.73279588460922
1007.439628800984,28.73239544153213
1007.413942375921,28.73226196050644
1007.336354505429,28.73579920768738
1007.351905051452,28.73312958717346
1007.325369331301,28.73146107435226
1007.392539846364,28.73259566307068
1007.366853424083,28.73246218204498
1007.422366391604,28.73312958717346
1007.36073028325,28.73266240358353
1007.394553078623,28.73353003025055
1007.410451249898,28.73406395435333
1007.420861977237,28.73813512563705
1007.392396044059,28.73252892255783
1007.391305960288,28.73506506204605
1007.381229980928,28.73533202409744
1007.406602323237,28.73760120153427
1007.409474835453,28.7351318025589
1007.224883274587,28.73539876461029
1007.374762344575,28.73613291025162
1007.413775641678,28.73826860666275
1007.39139293059,28.73586594820023
1007.472366130041,28.73960341691971
1007.374534851574,28.73906949281692
1007.440843695426,28.73980363845825
1007.401729852792,28.73800164461136
1007.305035701552,28.73913623332977
1007.37071235794,28.74033756256103
1007.36422806985,28.7384688282013
1007.322181859229,28.73606616973877
1007.361482495306,28.7383353471756
1007.34992503388,28.73753446102142
1007.455173431872,28.7384688282013
1007.366599145448,28.73766794204712
1007.366338389131,28.7352652835846
1007.378083108135,28.73653335332871
1007.417467457408,28.73579920768738
1007.407866381482,28.7366668343544
1007.358318985655,28.73686705589294
1007.357358909654,28.74060452461243
1007.418782079067,28.74287370204926
1007.355004173952,28.74407503128052
1007.381269392664,28.74827968358994
1007.331102151871,28.7478125
1007.385021592894,28.74888034820557
1007.372546933505,28.75221737384796
1007.340863662243,28.74968123435974
1007.383051879292,28.74834642410279
1007.351932950316,28.7510160446167
1007.395372015811,28.74988145589829
1007.366982412327,28.75001493692398
1007.346585479183,28.75081582307816
1007.331232302861,28.74901382923126
1007.347776623908,28.74794598102569
1007.351688761305,28.75128300666809
1007.349616089991,28.74727857589722
1007.332510274547,28.74694487333298
1007.375734715363,28.74761227846146
1007.349616089991,28.74727857589722
1007.365427786185,28.74701161384582
1007.326156335342,28.7462774682045
1007.349629662438,28.7461439871788
1007.346767382097,28.74367458820343
1007.366404451265,28.74594376564026
1007.344784157861,28.74427525281906
1007.38705869407,28.74374132871628
1007.402558909481,28.74941427230835
1007.349860267874,28.74701161384582
1007.383567175039,28.74554332256317
1007.383436846233,28.74434199333191
1007.336303196108,28.74414177179337
1007.341767228608,28.74667791128159
1007.37015662573,28.74654443025589
1007.311378462467,28.744742436409
1007.384169289884,28.74354110717773
1007.39092777646,28.74667791128159
1007.350158632482,28.74220629692078
1007.400830208345,28.74480917692184
1007.388269033958,28.74734531641007
1007.426343390759,28.74334088563919
1007.318378161944,28.74380806922913
1007.276261044879,28.74327414512634
1007.356773110028,28.74527636051178
1007.347201460656,28.7476790189743
1007.408461790821,28.74340762615204
1007.312528754132,28.74527636051178
1007.334176163398,28.74467569589615
1007.384861346787,28.7461439871788
1007.342342389924,28.74694487333298
1007.244580677028,28.74454221487045
1007.364234015538,28.74607724666596
1007.362638752255,28.74647768974304
1007.354000391559,28.74741205692291
1007.375835083683,28.74727857589722
1007.398619443569,28.74834642410279
1007.38414530569,28.74961449384689
1007.358140521049,28.7478125
1007.326487297849,28.74681139230728
1007.377199681774,28.74601050615311
1007.382577060652,28.74774575948715
1007.307802177138,28.74954775333405
1007.385178890228,28.7478125
1007.358759099172,28.74847990512848
1007.342127997735,28.74874686717987
1007.335616613621,28.74914731025696
1007.30123145824,28.74687813282013
1007.378640504926,28.75048212051392
1007.370647774104,28.74981471538544
1007.32894776839,28.75061560153961
1007.31458746979,28.75041538000107
1007.358314148602,28.74941427230835
1007.398706327988,28.74914731025696
1007.26746703902,28.74908056974411
1007.397930420354,28.74954775333405
1007.346083457347,28.75248433589935
1007.356906047337,28.75028189897537
1007.283609752154,28.7493475317955
1007.322580124647,28.75108278512955
1007.389449350702,28.74941427230835
1007.271435701174,28.75168344974518
1007.337686674133,28.7493475317955
1007.361564370179,28.75168344974518
1007.352624647597,28.75361892461777
1007.329824154178,28.74988145589829
1007.386904446753,28.74861338615418
1007.365373543333,28.75154996871948
1007.331736766998,28.75114952564239
1007.417755120995,28.75228411436081
1007.287722283626,28.75201715230942
1007.354765368635,28.75195041179657
1007.372921328665,28.75315174102783
1007.335619027496,28.75295151948929
1007.311122928723,28.74994819641113
1007.349474899336,28.7510160446167
