483,1917,4011
485,1867,3982
545,1875,3900
486,1865,3985
504,1845,3979
486,1901,4057
497,1879,4065
503,1902,3990
501,1877,4014
536,1878,3978
497,1858,3945
514,1867,3877
483,1851,3932
465,1835,3938
511,1853,3943
514,1861,3971
507,1853,4023
507,1864,4036
470,1884,3889
485,1859,3997
485,1840,3772
478,1843,3933
481,1839,4039
488,1839,3950
503,1838,3972
531,1848,3936
526,1871,3978
521,1852,4040
505,1824,4051
511,1855,3997
509,1875,4083
514,1892,4050
526,1877,3996
490,1841,3999
507,1867,3932
501,1874,4041
518,1848,4082
473,1883,3953
529,1868,4059
523,1895,4076
529,1862,4008
502,1849,3988
510,1878,4034
537,1892,4073
536,1855,4041
522,1878,3999
527,1843,4046
513,1901,3999
521,1893,4030
539,1844,3967
550,1889,3995
535,1840,4007
520,1892,4003
556,1876,3998
516,1811,4037
543,1845,4036
542,1813,4049
552,1833,3969
565,1795,4055
528,1825,4031
577,1882,4029
541,1847,3991
564,1855,4014
499,1847,4019
519,1822,4035
528,1834,4026
549,1846,3910
569,1862,3947
540,1878,4038
506,1847,3975
527,1841,3955
548,1852,4018
508,1834,4031
540,1812,3971
527,1859,4071
537,1837,3915
547,1831,4008
524,1831,4041
549,1862,4001
539,1860,3971
531,1862,4012
587,1801,4060
555,1866,4025
555,1842,4040
557,1822,3987
533,1853,4016
530,1834,4100
562,1849,4070
527,1804,4039
528,1829,4056
562,1832,4084
562,1852,4070
554,1817,4081
542,1821,3972
499,1822,4025
565,1826,4038
547,1817,4025
521,1842,4080
556,1864,4067
519,1874,4086
520,1851,4076
549,1825,4080
530,1816,4005
522,1834,3981
520,1852,4052
538,1870,4067
566,1838,4080
536,1870,4031
532,1870,4068
532,1877,4029
493,1871,4036
490,1830,4028
483,1855,4053
489,1826,3991
482,1808,4046
495,1826,3933
534,1808,4011
525,1843,4019
517,1789,4045
533,1814,4068
555,1818,3858
518,1815,3980
552,1848,3941
541,1821,3971
555,1804,3957
533,1802,4002
503,1847,4007
533,1817,3977
518,1826,3995
499,1834,3998
476,1851,3977
512,1837,4011
541,1826,4005
532,1871,3958
502,1858,3958
542,1832,4037
537,1849,4004
502,1825,3965
552,1817,4000
535,1862,3968
517,1844,4027
506,1814,4037
478,1854,3963
477,1839,4031
544,1833,4004
525,1846,4072
520,1835,4027
508,1849,4069
538,1808,4005
494,1874,3977
537,1797,4037
508,1846,3999
539,1845,3979
514,1864,4032
543,1883,4041
474,1845,4017
499,1849,4021
528,1846,3953
525,1814,4012
551,1845,4036
494,1851,4006
492,1849,3947
508,1828,3971
543,1847,3945
525,1810,4076
514,1805,3972
529,1820,3837
504,1849,3969
498,1866,4023
545,1823,3939
503,1835,4021
498,1892,3910
520,1851,3982
518,1837,4013
475,1836,4006
505,1870,3785
506,1850,3885
504,1860,3933
504,1868,4005
480,1860,3951
523,1850,3904
504,1876,4022
518,1871,3992
506,1851,3996
510,1877,3877
515,1860,4035
478,1858,3957
515,1860,3934
498,1860,3984
496,1873,3976
504,1852,4053
548,1873,3968
499,1853,4003
505,1846,3818
534,1819,3969
504,1824,3944
549,1843,3887
537,1840,3940
503,1874,3948
508,1843,3937
548,1844,4000
501,1870,3960
520,1829,3890
532,1840,4048
536,1851,4011
517,1870,3969
524,1862,3954
507,1858,3948
528,1885,3952
511,1847,3918
537,1885,3979
525,1872,3922
522,1884,3932
523,1877,3988
505,1887,3969
513,1860,3939
545,1904,3953
537,1904,3928
503,1894,3884
527,1891,3934
521,1855,3971
514,1874,3934
486,1860,3935
531,1825,3920
523,1870,3997
517,1849,3982
510,1878,3880
510,1843,3993
520,1856,3997
524,1874,3975
526,1840,3920
505,1857,3967
506,1854,3989
507,1867,3971
517,1883,3962
499,1866,3982
470,1847,3925
523,1838,3946
512,1850,4014
514,1832,3833
523,1831,4012
512,1839,3937
491,1850,3979
495,1834,3908
517,1821,3922
573,1830,3910
525,1827,3924
481,1812,3982
489,1790,3875
498,1818,3963
488,1839,3921
483,1818,3984
436,1820,3996
476,1862,3953
471,1836,3899
489,1795,3947
479,1806,4055
503,1842,3905
478,1828,3911
479,1834,3924
481,1863,3900
472,1846,3969
496,1854,3942
512,1833,4014
512,1839,3963
530,1834,3899
526,1851,3907
497,1829,3872
498,1842,3982
523,1841,3968
510,1840,3978
511,1820,3978
531,1844,3966
538,1840,4008
512,1836,3947
548,1850,3960
502,1874,3971
517,1885,3992
523,1862,3991
536,1853,4012
509,1824,4005
517,1846,3977
530,1822,4009
518,1845,3992
540,1883,3893
506,1824,4044
528,1823,3985
525,1867,4000
517,1843,4011
534,1872,3964
504,1854,3936
540,1816,4057
533,1863,3973
505,1864,3999
502,1860,3949
540,1846,3980
526,1829,4019
526,1823,3981
493,1859,3981
512,1849,3907
527,1852,4011
536,1822,3978
524,1843,4012
534,1849,4034
501,1827,3992
538,1847,4020
561,1834,3991
540,1869,3967
542,1877,3987
509,1846,3922
527,1823,3993
501,1848,3929
516,1840,3971
505,1860,4006
533,1824,3972
527,1853,3969
541,1847,4004
513,1831,3978
504,1869,3922
510,1827,3983
526,1806,4048
513,1861,3976
512,1836,3990
471,1819,3967
489,1858,3937
512,1853,4008
485,1811,4030
494,1860,3959
486,1817,3961
519,1848,3964
494,1820,3862
500,1818,4060
536,1809,3965
532,1834,3943
509,1814,3976
478,1833,3977
479,1850,3973
499,1870,3982
526,1850,3991
512,1847,3825
531,1845,3963
519,1852,3907
509,1849,3948
508,1846,3914
505,1883,3960
470,1861,3971
530,1860,4038
515,1884,3932
492,1867,3957
534,1887,4088
529,1882,4037
526,1886,3973
536,1859,4005
500,1830,3998
523,1854,3941
511,1849,3969
532,1854,3916
501,1837,3898
518,1872,3939
520,1858,3987
512,1839,4043
530,1852,3907
512,1842,3975
530,1845,3940
492,1842,3927
516,1885,3895
510,1865,3834
474,1857,3969
484,1871,3862
521,1862,3999
491,1848,3958
511,1838,3946
494,1848,3923
479,1816,3862
477,1848,3963
491,1840,3948
527,1831,4018
455,1826,3924
492,1873,3975
489,1828,3977
481,1833,3981
496,1803,4000
489,1843,3933
479,1840,3956
498,1859,3947
493,1862,3928
513,1809,3949
536,1837,3883
502,1858,3916
483,1829,3974
485,1845,3945
509,1849,3914
467,1885,3997
505,1870,3927
494,1868,3901
519,1831,3971
518,1862,3986
519,1829,3894
516,1840,3916
532,1852,3967
521,1860,3938
467,1845,3883
532,1886,3829
517,1900,3913
557,1868,3917
486,1873,3955
490,1895,3870
496,1889,3908
479,1895,3949
492,1852,3988
528,1888,3984
491,1863,3920
492,1860,3994
493,1848,3998
497,1886,3948
495,1846,3887
472,1853,3942
501,1863,3927
485,1879,3943
475,1869,3985
480,1865,3980
507,1850,3873
498,1842,3943
520,1844,4006
497,1860,3887
525,1869,3954
530,1841,3946
537,1836,3945
526,1837,3966
549,1851,3950
552,1851,3864
548,1841,3983
534,1834,3921
549,1875,3940
575,1870,3901
549,1886,3907
538,1884,3917
519,1851,3966
547,1856,3931
513,1844,3867
526,1843,3906
516,1859,3947
548,1853,4007
547,1821,4010
557,1822,3914
554,1867,4008
515,1850,4012
544,1873,3941
536,1846,3860
557,1862,3957
556,1816,3891
579,1850,3886
559,1873,3899
560,1818,3843
553,1840,3935
551,1843,3982
585,1839,3947
570,1842,3970
573,1814,3986
600,1805,3997
573,1830,3960
573,1852,3941
594,1832,4008
578,1855,3977
572,1870,3958
570,1834,3952
596,1843,4022
597,1835,4090
557,1786,3955
602,1830,4030
613,1811,3986
579,1839,3998
610,1818,3984
615,1784,4025
592,1805,3979
625,1826,3965
596,1820,3967
619,1816,3955
617,1811,4026
604,1808,3979
592,1832,3998
594,1804,3954
592,1790,3989
580,1798,4020
603,1801,3999
585,1784,4034
608,1785,3984
585,1811,4057
607,1836,4055
633,1811,4034
615,1849,4042
605,1821,3984
600,1790,3960
637,1852,3999
621,1814,3979
601,1815,3997
606,1841,3978
631,1828,3954
619,1845,3911
628,1819,3997
604,1809,4039
593,1816,3982
641,1813,4003
659,1804,3870
611,1825,4000
641,1806,4020
627,1808,4030
631,1839,3963
640,1808,4056
659,1819,4014
659,1807,4001
629,1828,4027
615,1841,3921
668,1847,3979
666,1821,3950
607,1832,3990
664,1835,3980
611,1839,4006
676,1822,3999
635,1842,3961
605,1852,3902
663,1873,3857
616,1850,3929
624,1849,3980
628,1832,3925
641,1850,3943
635,1847,4015
664,1835,3953
648,1838,3953
662,1847,3900
634,1855,3836
659,1867,3929
662,1845,3874
635,1861,3945
615,1861,3941
659,1878,3870
616,1880,3865
641,1863,3820
641,1852,3852
585,1863,3907
619,1850,3813
613,1857,3918
619,1823,3846
644,1846,3870
649,1844,3942
612,1882,3914
653,1840,3928
674,1830,3880
656,1831,3889
676,1855,3872
669,1853,3903
630,1816,3898
630,1850,3934
660,1830,4014
662,1799,3941
665,1859,3896
652,1868,3892
683,1832,4022
672,1825,3902
674,1853,3935
684,1834,3989
655,1808,3968
676,1829,3936
691,1811,3973
671,1841,3908
631,1820,3969
649,1835,3970
647,1842,3880
672,1824,3940
629,1835,3905
662,1856,3943
686,1844,3910
637,1847,3995
670,1848,3927
676,1827,3943
662,1805,3970
621,1836,3938
662,1845,3940
637,1832,3913
652,1839,4016
665,1832,3967
643,1843,3968
651,1846,3897
624,1813,3883
646,1805,3906
658,1820,3904
630,1846,3972
642,1849,3919
631,1842,3991
649,1847,3950
636,1833,4002
652,1808,3921
646,1813,3890
652,1851,3955
661,1831,3836
697,1830,4013
661,1827,3921
643,1833,3892
641,1807,3918
625,1864,3987
637,1870,3974
596,1859,3971
631,1839,3891
639,1825,3741
688,1823,3884
660,1816,3944
665,1828,3959
636,1813,3929
659,1839,3895
652,1843,3939
631,1831,3941
703,1847,3952
702,1849,3840
676,1836,3880
669,1828,3991
625,1844,3948
615,1863,3949
636,1794,3861
671,1845,3930
638,1824,3961
652,1814,3959
663,1792,3918
681,1849,3906
669,1848,3937
632,1797,3921
660,1833,3964
651,1820,3967
631,1849,4025
635,1815,3867
606,1813,3879
639,1811,3896
620,1810,3960
660,1813,3914
627,1828,3924
647,1843,3966
666,1843,3909
640,1852,3869
661,1830,3931
632,1851,3858
631,1825,3911
644,1807,3896
648,1829,3890
646,1829,3920
606,1839,3962
611,1797,3968
617,1812,3966
621,1831,3930
638,1790,3930
634,1801,3914
612,1804,3864
636,1794,3842
619,1802,3948
618,1833,3846
645,1812,3900
658,1777,3968
623,1815,3892
632,1805,3952
639,1789,3938
660,1797,3806
657,1788,3956
639,1789,3968
622,1803,3952
650,1800,4011
647,1822,3963
653,1778,3978
632,1798,3871
603,1830,3937
622,1801,3816
624,1830,3952
620,1819,3901
631,1822,3871
608,1861,3882
582,1826,4014
590,1833,3888
590,1824,3989
609,1837,3896
623,1842,3777
614,1834,3849
621,1862,3954
632,1834,3942
636,1784,3971
656,1801,3903
666,1801,3916
652,1795,3946
629,1819,3949
633,1803,3779
654,1805,3914
663,1829,3848
665,1837,3940
630,1829,3926
638,1838,3954
628,1811,3869
630,1793,3921
615,1821,3886
650,1797,3834
623,1814,3912
633,1837,3923
621,1826,3917
633,1825,4004
659,1800,4013
677,1832,3971
617,1828,3991
645,1832,3910
634,1825,3997
668,1811,3989
657,1798,3949
620,1804,3968
651,1809,3988
677,1810,4015
637,1810,3955
625,1843,3944
653,1823,3944
649,1851,3791
643,1840,3965
609,1848,3992
631,1836,3928
655,1836,3893
652,1845,3906
649,1841,3932
638,1855,3930
654,1881,4014
668,1836,3969
695,1823,3958
690,1822,3890
713,1847,3903
681,1822,3941
658,1840,3872
691,1833,3976
665,1841,3933
673,1849,3902
661,1842,3973
661,1815,4006
673,1848,3863
689,1869,3864
687,1843,3993
683,1830,3951
666,1894,3955
675,1886,3890
715,1843,3929
677,1848,3975
672,1845,3888
653,1841,3806
660,1835,3975
671,1856,3889
656,1832,3907
664,1855,3973
661,1832,3923
659,1869,3946
657,1819,3933
618,1816,3838
650,1811,3978
687,1819,3934
662,1829,3926
659,1826,3974
668,1851,3929
687,1847,3906
667,1835,3920
652,1810,3960
669,1822,3926
676,1832,3918
659,1826,3849
664,1818,3894
671,1831,3912
642,1837,3843
662,1835,3943
650,1828,3947
645,1823,3930
685,1831,3777
694,1848,3895
641,1842,3946
681,1856,3810
668,1840,3901
674,1821,3934
636,1825,3919
668,1844,3977
665,1821,3906
642,1838,3907
658,1855,4025
645,1842,3953
678,1811,3946
675,1837,3956
623,1820,3933
644,1805,3950
678,1822,3973
666,1826,3952
644,1796,3761
647,1851,3899
668,1833,3897
643,1859,3897
666,1870,3994
659,1849,3978
685,1835,4008
667,1813,4051
642,1866,4110
652,1825,3896
642,1829,4064
640,1803,4112
612,1842,4135
557,1836,4102
477,1884,4152
472,1871,3977
418,1954,4023
320,1885,3965
234,1948,3893
141,1959,3919
92,1951,3828
-27,1971,3756
-96,1976,3730
-222,1980,3744
-328,2021,3726
-391,2004,3697
-481,1991,3637
-549,1972,3654
-655,1993,3567
-735,1931,3523
-815,1954,3443
-903,1902,3352
-927,1893,3388
-980,1890,3307
-1022,1867,3305
-1116,1851,3155
-1119,1871,3072
-1177,1874,2997
-1212,1879,3035
-1217,1890,2885
-1217,1872,2823
-1263,1910,2805
-1263,1893,2582
-1210,1901,2579
-1244,1896,2468
-1259,1899,2323
-1234,1918,2153
-1245,1909,2232
-1267,1923,2209
-1233,1908,2106
-1211,1919,2058
-1193,1920,1980
-1174,1916,1959
-1151,1906,1915
-1192,1908,1900
-1169,1916,1839
-1138,1954,1833
-1159,1950,1813
-1118,1905,1747
-1128,1934,1753
-1143,1965,1748
-1171,1937,1763
-1145,1924,1786
-1157,1945,1813
-1139,1919,1604
-1175,1889,1782
-1217,1894,1829
-1181,1910,1816
-1197,1887,1885
-1228,1869,1853
-1311,1857,1857
-1314,1848,1885
-1319,1810,1974
-1358,1777,1975
-1376,1761,2069
-1385,1745,2067
-1493,1678,2169
-1514,1646,2294
-1591,1595,2387
-1629,1545,2501
-1665,1410,2521
-1711,1363,2674
-1717,1263,2676
-1775,1214,2802
-1767,1132,3110
-1858,1044,3160
-1836,941,3297
-1848,854,3371
-1909,764,3459
-1933,682,3591
-1967,561,3713
-1966,462,3775
-1964,366,3965
-1949,282,4116
-1959,209,4121
-1938,73,4280
-1908,-19,4383
-1924,-109,4514
-1921,-197,4575
-1892,-272,4626
-1882,-301,4689
-1865,-319,4757
-1845,-355,4839
-1840,-356,4760
-1828,-391,4761
-1852,-386,4892
-1861,-329,4861
-1894,-324,4817
-1866,-238,4729
-1892,-188,4702
-1900,-65,4636
-1943,50,4568
-1907,148,4447
-1924,287,4378
-1915,413,4266
-1876,544,4084
-1883,719,3972
-1862,850,3806
-1824,977,3663
-1833,1114,3508
-1751,1235,3268
-1785,1341,3140
-1683,1458,2882
-1626,1529,2742
-1589,1620,2527
-1542,1699,2335
-1485,1742,2202
-1467,1827,2082
-1377,1832,2010
-1316,1860,1906
-1280,1863,1748
-1227,1909,1775
-1203,1894,1557
-1169,1908,1690
-1172,1902,1546
-1146,1923,1515
-1167,1936,1522
-1166,1930,1444
-1175,1928,1590
-1229,1863,1627
-1228,1884,1661
-1307,1849,1737
-1296,1829,1709
-1378,1805,1805
-1420,1775,1965
-1518,1728,2025
-1555,1675,2150
-1563,1646,2269
-1617,1581,2431
-1663,1521,2571
-1707,1458,2762
-1747,1357,2907
-1771,1232,3051
-1822,1158,3149
-1841,1061,3311
-1865,950,3395
-1911,839,3659
-1894,737,3685
-1908,610,3886
-1908,474,3997
-1950,366,4114
-1890,271,4272
-1901,121,4401
-1888,10,4470
-1918,-104,4513
-1875,-215,4636
-1882,-281,4777
-1884,-327,4896
-1889,-382,4888
-1835,-380,4853
-1825,-403,4907
-1835,-354,4922
-1850,-364,4952
-1832,-336,4809
-1843,-301,4949
-1870,-226,4929
-1880,-167,4870
-1913,-109,4895
-1854,-35,4726
-1869,57,4643
-1868,193,4584
-1871,306,4523
-1883,434,4503
-1870,562,4271
-1858,605,4188
-1860,767,4065
-1815,889,3957
-1805,1022,3787
-1743,1173,3543
-1736,1247,3426
-1698,1376,3242
-1637,1494,3051
-1612,1532,2833
-1541,1590,2685
-1531,1683,2584
-1452,1746,2436
-1424,1734,2392
-1382,1809,2293
-1367,1824,2203
-1315,1866,2123
-1296,1882,1947
-1258,1861,1958
-1282,1844,1959
-1278,1900,1948
-1263,1870,1892
-1239,1888,1902
-1289,1890,1899
-1294,1834,1931
-1362,1851,2019
-1352,1816,2083
-1411,1778,2123
-1479,1730,2232
-1494,1676,2294
-1561,1641,2389
-1631,1590,2440
-1667,1525,2579
-1695,1392,2747
-1785,1291,2825
-1806,1231,2951
-1841,1118,3144
-1897,1012,3285
-1901,899,3429
-1940,810,3464
-1969,647,3706
-2006,557,3847
-2018,431,3898
-1988,323,4080
-1971,186,4146
-1960,53,4211
-1978,-36,4286
-1937,-149,4476
-1908,-271,4624
-1905,-351,4606
-1912,-427,4745
-1872,-479,4816
-1839,-530,4856
-1843,-581,4931
-1780,-655,4843
-1828,-637,4994
-1820,-604,4946
-1837,-594,4998
-1857,-534,4920
-1852,-521,4937
-1869,-480,4887
-1881,-367,4910
-1905,-331,4806
-1879,-233,4581
-1900,-112,4616
-1924,13,4592
-1896,166,4505
-1884,273,4391
-1869,410,4290
-1849,520,4214
-1833,625,4165
-1837,796,3960
-1806,895,3770
-1749,1000,3749
-1724,1147,3673
-1709,1290,3449
-1651,1432,3287
-1592,1507,3096
-1544,1578,2890
-1493,1673,2717
-1441,1744,2524
-1389,1789,2365
-1339,1813,2277
-1283,1832,2123
-1252,1870,2020
-1211,1911,1951
-1171,1909,1933
-1160,1937,1877
-1166,1944,1900
-1146,1960,1827
-1097,1978,1859
-1172,1944,1935
-1179,1920,1914
-1163,1935,1947
-1218,1905,2006
-1258,1882,1980
-1250,1890,2131
-1318,1828,2137
-1379,1795,2258
-1408,1727,2382
-1495,1689,2473
-1541,1661,2591
-1579,1588,2673
-1651,1510,2812
-1701,1416,2890
-1760,1351,3026
-1767,1256,3164
-1787,1125,3335
-1871,1008,3417
-1814,877,3450
-1876,777,3752
-1878,651,3905
-1910,512,4010
-1948,413,4170
-1919,265,4240
-1902,197,4324
-1904,82,4448
-1923,-14,4456
-1916,-97,4490
-1906,-162,4635
-1903,-208,4708
-1900,-288,4729
-1875,-300,4722
-1869,-323,4787
-1896,-343,4774
-1901,-317,4740
-1910,-293,4707
-1922,-242,4619
-1937,-186,4625
-1892,-80,4595
-1904,41,4487
-1931,147,4466
-1941,214,4410
-1945,318,4352
-1932,466,4210
-1880,550,4126
-1880,666,3988
-1864,781,3870
-1824,883,3860
-1823,991,3707
-1799,1078,3549
-1713,1224,3405
-1686,1327,3313
-1636,1450,3144
-1595,1540,2889
-1543,1635,2643
-1456,1668,2558
-1412,1758,2321
-1352,1785,2246
-1293,1848,2140
-1248,1867,2099
-1215,1895,1951
-1150,1916,1955
-1132,1961,1935
-1060,1973,1768
-1086,2023,1837
-1054,1980,1885
-1055,2007,1834
-1052,2024,1817
-1059,2015,1861
-1066,2028,1919
-1081,2030,1984
-1099,2015,2047
-1121,2012,1990
-1179,1991,2053
-1268,1953,2175
-1290,1908,2195
-1331,1873,2287
-1384,1813,2303
-1451,1741,2330
-1522,1695,2428
-1571,1628,2534
-1656,1563,2663
-1678,1509,2748
-1768,1396,2811
-1820,1315,2934
-1852,1223,3063
-1889,1088,3160
-1922,1028,3362
-1942,902,3424
-1995,770,3520
-1976,663,3591
-1962,541,3714
-2000,421,3885
-2013,333,3920
-2007,278,3996
-2023,162,4133
-1999,32,4209
-2002,-70,4259
-1953,-129,4290
-1967,-232,4351
-1940,-302,4476
-1938,-353,4505
-1929,-393,4533
-1913,-387,4492
-1957,-397,4599
-1945,-390,4550
-1952,-361,4597
-1973,-289,4480
-1937,-209,4574
-1945,-173,4432
-1945,-94,4324
-1947,28,4294
-1992,150,4216
-1957,260,4178
-1918,366,4168
-1947,440,4047
-1935,604,3983
-1885,711,3833
-1872,849,3634
-1863,983,3616
-1783,1127,3582
-1729,1255,3455
-1677,1321,3303
-1636,1411,3142
-1588,1535,2936
-1491,1623,2766
-1455,1743,2615
-1385,1814,2286
-1320,1874,2325
-1260,1917,2195
-1217,1944,2142
-1140,2004,2090
-1074,2022,2056
-1048,2071,2022
-979,2089,1995
-984,2102,1954
-956,2087,1852
-894,2138,1943
-919,2140,1977
-897,2082,1955
-925,2099,1966
-878,2112,1966
-930,2115,1948
-951,2139,2050
-990,2107,2173
-1037,2068,2030
-1100,2069,2280
-1162,1996,2403
-1212,1963,2466
-1282,1906,2580
-1314,1878,2776
-1385,1777,2806
-1439,1739,2889
-1536,1627,3116
-1564,1560,3120
-1643,1437,3281
-1685,1366,3413
-1754,1221,3542
-1776,1110,3665
-1836,974,3759
-1849,840,3816
-1913,683,3986
-1921,585,4040
-1960,450,4110
-1929,336,4189
-1943,252,4211
-1895,133,4366
-1914,5,4420
-1938,-106,4393
-1890,-147,4511
-1911,-258,4462
-1891,-288,4570
-1861,-309,4591
-1882,-330,4537
-1927,-266,4481
-1957,-262,4459
-1925,-166,4493
-1948,-130,4484
-1935,-68,4464
-1943,-1,4352
-1960,111,4391
-1953,179,4405
-1949,298,4307
-1944,379,4185
-1910,487,4144
-1928,579,4153
-1861,673,4068
-1858,792,4035
-1824,865,3938
-1770,1004,3915
-1757,1126,3804
-1666,1255,3531
-1645,1356,3485
-1633,1493,3364
-1570,1577,3126
-1492,1694,2918
-1400,1763,2675
-1359,1851,2443
-1294,1919,2224
-1217,1993,2108
-1175,1963,1978
-1153,2052,1981
-1064,2060,2009
-990,2026,1999
-955,2084,1937
-924,2114,1841
-882,2091,1803
-875,2122,1915
-869,2116,1873
-838,2153,1821
-869,2113,1999
-925,2114,2039
-951,2128,2118
-979,2102,2291
-1099,2066,2331
-1126,2010,2424
-1170,1940,2666
-1280,1913,2735
-1340,1840,2758
-1416,1780,3021
-1469,1714,3183
-1532,1605,3183
-1592,1460,3403
-1632,1389,3535
-1638,1259,3643
-1728,1153,3785
-1743,1004,3912
-1795,860,3878
-1796,746,4061
-1839,648,4116
-1892,540,4253
-1873,427,4263
-1887,268,4436
-1865,185,4478
-1913,85,4495
-1946,31,4569
-1941,-77,4552
-1897,-132,4617
-1940,-152,4641
-1925,-121,4658
-1929,-142,4541
-1931,-87,4577
-1934,-12,4525
-1917,73,4488
-1915,148,4411
-1914,189,4211
-1909,293,4346
-1934,401,4269
-1903,510,4140
-1903,566,4118
-1859,708,4023
-1826,793,3936
-1820,940,3892
-1747,1039,3767
-1733,1148,3729
-1692,1263,3586
-1607,1331,3481
-1560,1424,3437
-1495,1526,3395
-1478,1615,3160
-1402,1679,3019
-1359,1757,2864
-1313,1810,2744
-1263,1875,2751
-1189,1919,2610
-1117,1979,2653
-1099,1974,2593
-1038,2033,2600
-995,2074,2564
-976,2054,2523
-941,2064,2559
-916,2087,2481
-947,2086,2557
-873,2123,2536
-910,2085,2538
-950,2091,2544
-969,2093,2574
-1012,2065,2647
-1051,2011,2689
-1060,1990,2676
-1187,1983,2826
-1223,1897,2849
-1286,1829,2865
-1360,1749,3010
-1451,1701,3176
-1476,1592,3215
-1545,1474,3314
-1618,1384,3457
-1678,1282,3562
-1712,1189,3607
-1753,1099,3685
-1749,938,3670
-1847,821,3889
-1862,712,3940
-1874,623,4011
-1888,460,4131
-1887,338,4181
-1934,266,4216
-1888,157,4233
-1927,61,4399
-1911,-34,4210
-1953,-115,4414
-1942,-162,4407
-1963,-219,4465
-1905,-230,4431
-1936,-191,4388
-1936,-187,4487
-1907,-126,4337
-1923,-44,4323
-1949,52,4171
-1923,162,4208
-1908,246,4238
-1923,363,4152
-1909,469,4103
-1852,598,3963
-1853,741,3899
-1804,886,3723
-1748,1035,3642
-1730,1139,3405
-1664,1288,3379
-1615,1383,3112
-1562,1476,2974
-1469,1610,2771
-1478,1695,2491
-1395,1722,2327
-1335,1786,2147
-1277,1840,2104
-1232,1900,2021
-1160,1909,2200
-1117,1948,2198
-1116,1956,2219
-1069,1988,2117
-1060,1991,2091
-1058,1985,2104
-1002,2005,2026
-979,2022,2165
-1020,1973,2099
-1033,2002,2093
-1031,2005,2154
-1074,1978,2154
-1074,1943,2206
-1160,1956,2356
-1166,1888,2433
-1243,1882,2492
-1326,1814,2643
-1382,1773,2567
-1450,1688,2770
-1521,1606,2935
-1566,1540,2995
-1626,1458,3204
-1638,1357,3264
-1723,1230,3429
-1770,1096,3580
-1825,952,3701
-1863,860,3847
-1876,683,3871
-1904,558,4020
-1895,409,4243
-1948,260,4285
-1950,119,4381
-1934,-36,4484
-1885,-144,4558
-1888,-269,4567
-1917,-333,4631
-1892,-399,4617
-1896,-355,4628
-1902,-412,4803
-1893,-414,4771
-1873,-363,4713
-1899,-324,4624
-1900,-280,4623
-1932,-172,4585
-1914,-29,4553
-1912,66,4293
-1913,188,4421
-1883,281,4357
-1896,444,4255
-1857,563,4250
-1848,683,4139
-1818,816,3988
-1801,949,3906
-1757,1047,3790
-1685,1149,3487
-1611,1309,3424
-1569,1404,3300
-1531,1556,3141
-1458,1628,2945
-1430,1713,2737
-1358,1790,2601
-1289,1908,2473
-1206,1907,2567
-1114,1984,2329
-1038,2043,2362
-951,2074,2249
-923,2100,2082
-882,2123,2093
-847,2141,2054
-798,2155,1974
-762,2186,1977
-729,2177,1964
-746,2205,1862
-757,2173,1887
-769,2175,1975
-810,2175,1903
-810,2142,1976
-870,2125,1998
-968,2103,2114
-964,2081,2218
-1048,2023,2248
-1095,1962,2193
-1192,1951,2321
-1225,1915,2476
-1299,1811,2576
-1372,1742,2635
-1479,1649,2778
-1490,1560,2911
-1566,1462,3010
-1641,1366,3176
-1717,1226,3327
-1744,1116,3492
-1804,988,3612
-1833,830,3720
-1825,674,3899
-1874,548,4079
-1850,415,4246
-1906,206,4364
-1909,81,4478
-1878,-88,4598
-1878,-167,4753
-1844,-275,4729
-1854,-349,4753
-1828,-444,4815
-1798,-462,4901
-1808,-494,4930
-1812,-519,4954
-1844,-479,4909
-1825,-453,4896
-1855,-357,4802
-1864,-358,4911
-1861,-274,4832
-1882,-212,4806
-1913,-60,4772
-1904,26,4631
-1911,116,4611
-1878,241,4461
-1875,343,4364
-1924,455,4243
-1877,585,4262
-1865,685,4108
-1824,821,4037
-1779,957,3991
-1760,1079,3726
-1788,1143,3600
-1721,1250,3487
-1700,1322,3423
-1654,1424,3233
-1618,1449,3135
-1583,1520,3188
-1566,1598,3095
-1534,1635,3050
-1494,1655,2991
-1472,1726,3018
-1375,1700,3066
-1383,1775,3055
-1327,1733,2901
-1332,1784,3129
-1298,1791,3145
-1274,1801,3182
-1244,1780,3298
-1251,1841,3340
-1157,1806,3448
-1099,1828,3444
-1113,1839,3548
-1045,1858,3583
-981,1854,3579
-978,1858,3683
-904,1859,3802
-853,1845,3855
-781,1827,3952
-721,1833,3962
-708,1849,4037
-591,1822,4134
-533,1824,4120
-482,1859,4251
-399,1823,4319
-322,1823,4375
-263,1802,4444
-196,1792,4428
-142,1762,4481
-45,1771,4547
27,1773,4518
80,1734,4471
184,1718,4590
195,1706,4692
257,1714,4653
301,1696,4686
360,1718,4698
412,1676,4687
435,1632,4750
495,1627,4735
537,1596,4657
613,1632,4604
597,1672,4472
640,1756,4406
637,1787,4309
631,1783,4209
607,1778,4119
631,1799,4172
632,1784,4143
653,1790,4186
676,1769,4151
712,1749,4245
706,1727,4258
695,1739,4136
662,1774,4130
685,1750,4294
694,1752,4232
686,1744,4126
687,1750,4148
701,1730,4081
711,1739,4225
686,1716,4197
689,1746,4230
660,1756,4208
698,1715,4306
690,1756,4197
672,1757,4296
691,1735,4230
692,1765,4220
654,1733,4259
693,1753,4119
688,1740,4266
688,1792,4215
674,1743,4210
696,1731,4136
715,1761,4231
695,1751,4220
689,1762,4219
680,1730,4222
681,1768,4238
677,1767,4255
