1007.351003543054,28.79166101694107
1007.340193166373,28.79272886514664
1007.301392608201,28.79259538412094
1007.400054538186,28.79312930822373
1007.361340414452,28.7937967133522
1007.295081552721,28.79232842206955
1007.311354585768,28.78999250411987
1007.2980859036,28.79106035232544
1007.392492642606,28.79266212463379
1007.383435692636,28.7922616815567
1007.401722714989,28.79466434001922
1007.350040341796,28.79159427642822
1007.359557780733,28.79372997283936
1007.340523943081,28.79326278924942
1007.372251302068,28.7923951625824
1007.340825588383,28.7922616815567
1007.395914129513,28.79272886514664
1007.380762379381,28.7940636754036
1007.384657166298,28.79092687129974
1007.363784644407,28.79493130207062
1007.395971358273,28.79199471950531
1007.348143105886,28.79299582719803
1007.375227433542,28.79339627027512
1007.357992239459,28.79946965694428
1007.351363503303,28.79372997283936
1007.331883338825,28.79039294719696
1007.335592351956,28.79059316873551
1007.321892383838,28.79146079540253
1007.392823481368,28.79319604873657
1007.399652505089,28.79446411848068
1007.367565030656,28.79326278924942
1007.382560234452,28.79680003643036
1007.338627437485,28.79846854925156
1007.377786237626,28.79306256771088
1007.320685602316,28.7954652261734
1007.345987405604,28.79579892873764
1007.321692004221,28.79593240976334
1007.293284719727,28.79339627027512
1007.348991678704,28.79453085899353
1007.342422914689,28.79946965694428
1007.342651444158,28.79272886514664
1007.366357514102,28.79346301078796
1007.346633940643,28.79419715642929
1007.409485653971,28.79446411848068
1007.358292954858,28.79466434001922
1007.21814182093,28.79312930822373
1007.335579132178,28.79553196668625
1007.32936928928,28.79873551130295
1007.327384822088,28.79553196668625
1007.383983995802,28.79860203027725
1007.368428782731,28.79746744155884
1007.348115772232,28.79906921386719
1007.309415267636,28.79860203027725
1007.204743206777,28.79680003643036
1007.357545904891,28.79659981489182
1007.330649039907,28.80047076463699
1007.306913781704,28.79820158720017
1007.366789913698,28.79746744155884
1007.275458845769,28.79653307437897
1007.395686394164,28.79946965694428
1007.277802233351,28.79800136566162
1007.259012705914,28.7972672200203
1007.358409436451,28.80080446720123
1007.325415876542,28.7988022518158
1007.310392701556,28.79753418207169
1007.307517782785,28.80000358104706
1007.348547096044,28.79926943540573
1007.402860284639,28.80013706207275
1007.319809369487,28.80000358104706
1007.227284747435,28.79813484668732
1007.288555757771,28.80147187232971
1007.287405637389,28.80093794822693
1007.333638576231,28.79653307437897
1007.342408745896,28.80060424566269
1007.344881896661,28.80327386617661
1007.37034203841,28.80253972053528
1007.275660355728,28.80347408771515
1007.291819207413,28.80260646104813
1007.369062986406,28.80460867643356
1007.344076645211,28.80213927745819
1007.352329101747,28.8052093410492
1007.388298388931,28.80440845489502
1007.336773812227,28.80407475233078
1007.328996403134,28.80540956258774
1007.322066943112,28.80447519540787
1007.324021880625,28.80233949899673
1007.393848424515,28.80774548053741
1007.359573774737,28.8002038025856
1007.354657861056,28.80400801181793
1007.324869775022,28.80007032155991
1007.347872130277,28.80314038515091
1007.349755370129,28.80287342309952
1007.371578681774,28.80387453079224
1007.355463122184,28.80514260053635
1007.327386397573,28.80694459438324
1007.422557362595,28.80547630310059
1007.385279033344,28.80300690412521
1007.37344849355,28.80854636669159
1007.323260260753,28.80540956258774
1007.380808676499,28.80587674617767
1007.30431208029,28.80193905591965
1007.310695291943,28.80414149284363
1007.419911981339,28.80500911951065
1007.364347442061,28.80394127130509
1007.359789837242,28.80220601797104
1007.377501799405,28.80434171438217
1007.38752216631,28.80480889797211
1007.351538032637,28.80294016361237
1007.296850785401,28.80113816976547
1007.364433073243,28.80093794822693
1007.412953111334,28.80253972053528
1007.342682110585,28.8018723154068
1007.411012629779,28.803540828228
1007.341000031349,28.80147187232971
1007.335939608637,28.80140513181686
1007.330131885929,28.80327386617661
1007.369249162393,28.80127165079117
1007.384445487128,28.80414149284363
1007.341201184586,28.80080446720123
1007.34906550961,28.80407475233078
1007.397815023161,28.80273994207382
1007.377947253543,28.8034073472023
1007.31089613376,28.79966987848282
1007.395716644538,28.80480889797211
1007.317351052146,28.80000358104706
1007.338024573095,28.80427497386932
1007.339433325262,28.8034073472023
1007.340252770544,28.8034073472023
1007.326336850181,28.80607696771622
1007.424757365678,28.80687785387039
1007.381887387473,28.8082794046402
1007.419410341444,28.81048184156418
1007.40556598786,28.81128272771835
1007.369006281719,28.80914703130722
1007.342122277494,28.80807918310165
1007.377948721671,28.81101576566696
1007.425060073338,28.80968095541
1007.394596399062,28.80961421489716
1007.413905181482,28.81515367746353
1007.370804167939,28.81568760156631
1007.393677073606,28.81375212669373
1007.348549245258,28.81829048156738
1007.324525815495,28.81588782310486
1007.388444750814,28.81969203233719
1007.371235780067,28.81969203233719
1007.368029650632,28.81782329797745
1007.353883040401,28.81962529182434
1007.380566411287,28.82136054515839
1007.366017138467,28.82449734926224
1007.38739548569,28.8226286149025
1007.353638640915,28.81989225387573
1007.339118100625,28.82075988054276
1007.367641680064,28.82182772874832
1007.404489282756,28.82029269695282
1007.343833676178,28.82142728567123
1007.280029634391,28.81995899438858
1007.408025769821,28.81889114618301
1007.385943609751,28.82690000772476
1007.371681592801,28.82256187438965
1007.3875392586,28.82269535541535
1007.349311221732,28.82282883644104
1007.350073179394,28.82356298208237
1007.338729759427,28.82476431131363
1007.286441113292,28.82369646310806
1007.361416525333,28.8223616528511
1007.328220231023,28.82483105182648
1007.382133592215,28.82322927951813
1007.371767877244,28.82336276054382
1007.37045959023,28.82770089387894
1007.377705597503,28.82649956464768
1007.402937059664,28.82489779233933
1007.25952731896,28.82489779233933
1007.371480366565,28.82703348875046
1007.413173647778,28.8273671913147
1007.399041091425,28.82803459644318
1007.388157671792,28.82716696977616
1007.366951620381,28.82683326721191
1007.415546061407,28.83037051439285
1007.418824038014,28.83037051439285
1007.282673523091,28.82803459644318
1007.365470696862,28.82956962823868
1007.408846108659,28.82649956464768
1007.342625572958,28.82923592567444
1007.40342620786,28.8319722867012
1007.390601795726,28.8321057677269
1007.396496423416,28.83103791952133
1007.365441809863,28.83183880567551
1007.310809140729,28.82930266618729
1007.363069519436,28.83263969182968
1007.358885835361,28.83183880567551
1007.376066573336,28.83030377388
1007.301218922181,28.83283991336823
1007.384175168174,28.83330709695816
1007.411793742938,28.83357405900955
1007.375735744797,28.83357405900955
1007.366591943793,28.83237272977829
1007.358871356904,28.83297339439392
1007.333509962331,28.83337383747101
1007.36940970971,28.83444168567657
1007.444545164398,28.83584323644638
