1010.76769471381,28.42868104934692
1010.705816409724,28.42861390352249
1010.794038798927,28.42988967418671
1010.749592900897,28.42357796669007
1010.825679117577,28.41921348810196
1010.770190389363,28.41733340501785
1010.603594226705,28.41310321807861
1010.662280457643,28.41021594762802
1010.687017604322,28.4000097823143
1010.713316544501,28.38758780479431
1010.638512331264,28.37268143177032
1010.643899191875,28.35495493412018
1010.766107979912,28.32165060520172
1010.789523807965,28.28767481803894
1010.543086593671,28.26323373794556
1010.581713833245,28.24846165657043
1010.665437740905,28.23442817926407
1010.638809768588,28.2253634929657
1010.429860797301,28.22274480581284
1010.521148897047,28.21038997411728
1010.690159727506,28.19004478931427
1010.70524629594,28.16802095890045
1010.435645446081,28.15264456510544
1010.488124038407,28.15130164861679
1010.591437690233,28.14969014883041
1010.61134100667,28.14828008651734
1010.441441262657,28.14982444047928
1010.590365436801,28.1502944612503
1010.687849419736,28.12833777666092
1010.791553400356,28.10450100898743
1010.440081288349,28.08194001197815
1010.407030307272,28.07723980426788
1010.561935886374,28.07462111711502
1010.562887741807,28.07616547107697
1010.465336561093,28.08375294923782
1010.489006210736,28.09181044816971
1010.60431311214,28.09026609420776
1010.724816054638,28.07166670084
1010.565978506496,28.06327347278595
1010.447425724404,28.05669318199158
1010.506963846946,28.06414636850357
1010.592881904753,28.07099524259567
1010.61668205811,28.07764267921448
1010.67112855769,28.09228046894074
1010.601823071368,28.08617019891739
1010.754086041282,28.08489442825318
1010.604757372342,28.08496157407761
1010.549927905329,28.09402626037598
1010.67411864544,28.10248663425445
1010.67947245151,28.11195419549942
1010.684279878143,28.12410758972168
1010.711020053519,28.13652956724167
1010.577534291582,28.14727289915085
1010.792329815738,28.16144066810608
1010.735425489482,28.16587229251861
1010.616349588447,28.17339262485504
1010.683647865979,28.17930145740509
1010.695635658566,28.18413595676422
1010.702732696875,28.18890331029892
1010.673715111409,28.19232774734497
1010.523217277677,28.19407353878021
1010.720432413041,28.18977620601654
1010.690523271283,28.1766156244278
1010.695197495388,28.16298502206803
1010.653274550343,28.16298502206803
1010.653022732679,28.15956058502197
1010.62990055249,28.15580041885376
1010.632904383954,28.15425606489182
1010.482358641652,28.15707618951798
1010.601909892786,28.14720575332642
1010.770212692302,28.11846734046936
1010.635132383649,28.0880502820015
1010.387946254617,28.06763795137405
1010.518301669076,28.05582028627396
1010.619015463927,28.04272685050965
1010.622798357507,28.03419933080673
1010.44941636008,28.0227173948288
1010.533675869762,28.00492375135422
1010.685761795476,27.97383523464203
1010.707414845904,27.94093378067016
1010.583646666594,27.91796990871429
1010.504988745308,27.90971097230911
1010.60976696602,27.90917380571365
1010.593685471013,27.9105167222023
1010.578837602058,27.912799680233
1010.484840127991,27.90769659757614
1010.630005178669,27.8847998714447
1010.769432456165,27.85888158321381
1010.653764747901,27.83967787742615
1010.493825519196,27.83551483631134
1010.520854618984,27.83632058620453
1010.626066672547,27.83195610761642
1010.529240456683,27.83470908641815
1010.452944861418,27.83598485708237
1010.622969227185,27.82611442089081
1010.708877547468,27.79811461210251
1010.700077413089,27.7804552602768
1010.570126630779,27.77186059474945
1010.588903328244,27.77360638618469
1010.634066423003,27.78173103094101
1010.619359893878,27.79361584186554
1010.666057123983,27.81382673501969
1010.728171836841,27.8265172958374
1010.649675030303,27.83484337806702
1010.736982809868,27.84014789819717
1010.674887598557,27.84471381425858
1010.697065654714,27.85868014574051
1010.662135125135,27.87439226865768
1010.697547558615,27.89487174510956
1010.704720410978,27.91582124233246
1010.669735876687,27.93959086418152
1010.692220043126,27.96141325712204
1010.705692851067,27.98713010787964
1010.727227000425,28.00814675092697
1010.704732362834,28.03258783102035
1010.707348141545,28.05326874494553
1010.707230422747,28.07415109634399
1010.740163149547,28.09973365545273
1010.620567874399,28.11692298650742
1010.705467289191,28.13505235910416
1010.683293339877,28.15929200172424
1010.687328207307,28.17366120815277
1010.667150940776,28.19038051843643
1010.743146066594,28.20951707839966
1010.738496741382,28.22610209703446
1010.747871867409,28.24295569896698
1010.596162533008,28.25517623901367
1010.73089377115,28.2718284034729
1010.673641700617,28.28713765144348
1010.669176571042,28.30197687864304
1010.693119014247,28.316413230896
1010.738645935052,28.33131960391998
1010.729552991523,28.3440101647377
1010.728824412823,28.35911797523498
1010.595534024813,28.36925699472428
1010.703499429025,28.38376049280167
1010.738898835127,28.39248944997787
1010.736662270251,28.40873873949051
1010.71539785342,28.42129500865936
1010.711663561258,28.43096400737763
1010.676563770066,28.44150590181351
1010.745240721374,28.45466648340225
1010.71625016662,28.46473835706711
1010.746917484899,28.47568312644959
1010.710932785686,28.48434493780136
1010.706833846473,28.49421537399292
1010.688843508548,28.50388437271118
1010.695113299797,28.51489628791809
1010.736138991575,28.5255053281784
1010.656262895459,28.53658438920975
1010.728948845845,28.54645482540131
1010.75043531927,28.55202792882919
1010.742237744917,28.56330842733383
1010.710117696174,28.57082875967026
1010.662769618122,28.5723731136322
1010.713319642254,28.57599898815155
1010.667121212842,28.5773419046402
1010.733072914887,28.58076634168625
1010.772191479921,28.58607086181641
1010.635305923737,28.58795094490051
1010.72668857605,28.59473267316818
1010.711749092962,28.59956717252731
1010.734813764406,28.60440167188644
1010.715267366434,28.60930331707001
1010.724183034809,28.61897231578827
1010.724295150945,28.62528402328491
1010.789708255921,28.63361010551453
1010.698117504261,28.64072756290436
1010.704650557656,28.64965795755386
1010.672158954561,28.65737972736359
1010.658298898925,28.66308712244034
1010.69931794027,28.6729575586319
1010.708137353251,28.67926926612854
1010.742533388092,28.68900541067124
1010.729616232056,28.69625715970993
1010.693232879538,28.70438180446625
1010.705359048444,28.71002205371857
1010.758687447509,28.71935532331467
1010.740199710087,28.72217544794083
1010.716921214376,28.7312401342392
1010.704557635363,28.73506744623184
1010.741473058361,28.74487073659897
1010.716666398626,28.75138388156891
1010.750586548121,28.75279394388199
1010.673441893004,28.7611200261116
1010.708883634681,28.76434302568436
1010.755285000671,28.7704532957077
1010.744658725535,28.77656356573105
1010.66885303306,28.7799880027771
1010.736922213041,28.7847553563118
1010.710174599218,28.79294714689255
1010.73589818939,28.79643872976303
1010.654261812027,28.80120608329773
1010.727448274538,28.80651060342789
1010.722017888119,28.81577672719956
1010.739381028289,28.81758966445923
1010.706067184125,28.82383422613144
1010.751893821859,28.82967591285706
1010.686164023867,28.83410753726959
1010.749710546265,28.84082211971283
