3871,-981,-976
3888,-974,-987
3900,-970,-994
3917,-966,-1000
3930,-957,-1014
3943,-952,-1026
3946,-944,-1038
3940,-937,-1053
3948,-926,-1067
3957,-922,-1082
3958,-921,-1101
3965,-922,-1124
3972,-921,-1146
3981,-920,-1172
3977,-919,-1195
3974,-921,-1227
3971,-919,-1257
3959,-913,-1296
3953,-908,-1318
3946,-919,-1342
3936,-930,-1372
3914,-928,-1410
3892,-924,-1448
3883,-914,-1479
3880,-891,-1512
3873,-871,-1540
3862,-864,-1567
3853,-867,-1583
3837,-852,-1601
3823,-829,-1615
3823,-828,-1631
3822,-841,-1638
3818,-849,-1651
3800,-837,-1672
3776,-821,-1691
3762,-789,-1724
3770,-768,-1752
3773,-779,-1786
3773,-782,-1818
3784,-765,-1842
3797,-757,-1856
3786,-746,-1872
3770,-715,-1902
3761,-712,-1919
3764,-732,-1931
3777,-753,-1944
3790,-751,-1940
3791,-738,-1944
3776,-728,-1951
3780,-735,-1951
3798,-750,-1941
3812,-749,-1928
3810,-743,-1913
3802,-737,-1887
3803,-733,-1848
3810,-733,-1816
3815,-735,-1783
3810,-744,-1756
3805,-758,-1731
3795,-769,-1705
3794,-776,-1681
3799,-780,-1652
3832,-782,-1618
3894,-788,-1581
3958,-792,-1541
4000,-788,-1503
4006,-792,-1480
4007,-796,-1456
4006,-794,-1433
4004,-786,-1412
3995,-774,-1397
3977,-760,-1379
3964,-746,-1364
3976,-747,-1344
4012,-757,-1323
4049,-765,-1302
4072,-771,-1291
4082,-770,-1284
4088,-774,-1279
4097,-786,-1272
4104,-796,-1269
4103,-799,-1262
4099,-796,-1253
4100,-796,-1245
4111,-796,-1225
4122,-793,-1214
4126,-787,-1204
4127,-783,-1192
4120,-782,-1183
4107,-779,-1170
4094,-773,-1155
4075,-771,-1143
4048,-765,-1127
4029,-757,-1104
4017,-748,-1085
3985,-744,-1072
3933,-735,-1058
3899,-723,-1041
3870,-712,-1023
3836,-696,-1009
3806,-685,-996
3775,-675,-980
3738,-670,-971
3705,-666,-965
3676,-661,-952
3649,-656,-945
3622,-654,-939
3590,-651,-938
3563,-654,-934
3536,-653,-935
3509,-653,-936
3480,-654,-942
3448,-658,-949
3418,-660,-955
3397,-664,-962
3389,-670,-968
3385,-678,-972
3386,-691,-977
3385,-704,-979
3388,-719,-985
3393,-733,-990
3385,-751,-993
3379,-769,-1000
3376,-789,-1006
3381,-803,-1013
3389,-814,-1024
3401,-822,-1030
3413,-826,-1039
3433,-827,-1046
3453,-834,-1053
3476,-845,-1065
3498,-855,-1075
3524,-865,-1089
3555,-880,-1101
3586,-895,-1115
3618,-912,-1125
3646,-924,-1137
3680,-938,-1154
3712,-950,-1171
3750,-963,-1191
3796,-975,-1226
3840,-993,-1270
3875,-1016,-1311
3910,-1047,-1360
3951,-1078,-1431
3985,-1101,-1503
4007,-1122,-1574
4024,-1130,-1649
4041,-1142,-1719
4044,-1154,-1781
4045,-1167,-1843
4041,-1182,-1901
4024,-1193,-1958
4000,-1193,-2011
3988,-1193,-2054
3981,-1199,-2081
3969,-1192,-2129
3913,-1177,-2175
3871,-1177,-2204
3839,-1181,-2210
3814,-1183,-2215
3787,-1179,-2216
3765,-1180,-2198
3747,-1175,-2173
3725,-1166,-2141
3700,-1156,-2101
3666,-1146,-2061
3645,-1132,-2011
3619,-1114,-1958
3591,-1091,-1905
3566,-1071,-1852
3549,-1043,-1792
3530,-1016,-1733
3516,-986,-1678
3498,-959,-1620
3481,-934,-1568
3465,-907,-1524
3451,-886,-1487
3449,-864,-1451
3451,-846,-1426
3457,-833,-1397
3469,-825,-1370
3483,-820,-1348
3502,-820,-1329
3534,-824,-1317
3571,-824,-1304
3598,-829,-1294
3628,-833,-1285
3661,-838,-1282
3691,-838,-1276
3717,-837,-1273
3745,-838,-1271
3769,-837,-1269
3800,-833,-1272
3831,-830,-1275
3855,-826,-1279
3878,-821,-1283
3901,-817,-1290
3925,-809,-1298
3945,-801,-1305
3969,-798,-1321
3982,-795,-1337
3992,-789,-1348
3993,-782,-1376
3992,-778,-1408
3989,-777,-1444
4003,-775,-1476
4023,-776,-1512
4043,-780,-1550
4067,-778,-1597
4092,-779,-1643
4128,-791,-1690
4165,-798,-1737
4191,-807,-1776
4213,-812,-1811
4231,-821,-1837
4247,-834,-1857
4264,-848,-1874
4287,-865,-1881
4321,-879,-1883
4375,-896,-1881
4446,-915,-1880
4531,-936,-1877
4640,-964,-1871
4768,-996,-1866
4888,-1032,-1856
5003,-1066,-1851
5107,-1096,-1844
5198,-1124,-1835
5269,-1146,-1820
5324,-1159,-1792
5360,-1181,-1760
5367,-1200,-1709
5345,-1204,-1654
5295,-1194,-1596
5222,-1182,-1531
5139,-1164,-1459
5035,-1138,-1397
4937,-1093,-1335
4837,-1043,-1265
4743,-987,-1198
4652,-922,-1143
4566,-863,-1095
4482,-802,-1045
4387,-752,-1000
4286,-701,-957
4182,-655,-923
4072,-610,-900
3950,-568,-887
3827,-538,-888
3720,-525,-896
3636,-517,-913
3578,-525,-937
3537,-535,-968
3507,-550,-994
3475,-564,-1014
3446,-579,-1037
3411,-594,-1048
3386,-615,-1060
3350,-635,-1065
3309,-654,-1066
3270,-671,-1072
3236,-695,-1073
3210,-718,-1077
3185,-742,-1075
3175,-768,-1068
3175,-791,-1061
3192,-812,-1055
3218,-825,-1047
3257,-837,-1033
3284,-846,-1030
3287,-844,-1026
3295,-842,-1021
3313,-844,-1015
3331,-846,-1011
3354,-843,-1004
3401,-843,-999
3468,-847,-993
3546,-860,-983
3626,-868,-970
3699,-872,-956
3765,-869,-941
3820,-865,-921
3862,-861,-894
3904,-862,-867
3938,-864,-842
3970,-869,-819
4008,-877,-788
4044,-895,-767
4074,-912,-753
4093,-929,-736
4115,-942,-722
4132,-957,-712
4143,-973,-704
4156,-984,-698
4161,-994,-694
4164,-1006,-692
4166,-1018,-691
4167,-1036,-694
4161,-1050,-698
4150,-1066,-703
4141,-1079,-710
4134,-1092,-714
4126,-1102,-724
4114,-1111,-731
4104,-1121,-736
4090,-1130,-748
4079,-1140,-760
4069,-1143,-772
4060,-1149,-784
4050,-1150,-790
4045,-1154,-801
4039,-1159,-808
4026,-1159,-811
4012,-1159,-812
3994,-1160,-813
3972,-1160,-808
3945,-1157,-802
3913,-1153,-796
3879,-1149,-788
3843,-1141,-775
3801,-1128,-757
3762,-1111,-742
3720,-1096,-728
3685,-1083,-710
3649,-1067,-698
3619,-1052,-686
3597,-1039,-671
3582,-1024,-666
3573,-1014,-664
3567,-1003,-666
3564,-992,-663
3565,-981,-667
3562,-969,-670
3563,-959,-674
3568,-956,-684
3569,-954,-691
3568,-955,-706
3569,-954,-713
3577,-961,-723
3580,-970,-732
3580,-973,-736
3586,-978,-741
3590,-983,-741
3598,-990,-741
3605,-997,-749
3615,-1003,-751
3632,-1010,-751
3652,-1022,-761
3677,-1033,-774
3700,-1042,-782
3725,-1048,-795
3753,-1056,-812
3781,-1065,-827
3806,-1073,-842
3832,-1083,-854
3859,-1097,-866
3883,-1110,-883
3911,-1122,-895
3932,-1134,-906
3942,-1150,-922
3954,-1164,-938
3960,-1180,-955
3968,-1193,-974
3970,-1210,-987
3974,-1217,-1002
3980,-1226,-1009
3991,-1232,-1016
4001,-1235,-1026
4012,-1232,-1036
4020,-1230,-1039
4031,-1230,-1046
4034,-1230,-1052
4038,-1231,-1063
4036,-1226,-1072
4041,-1216,-1079
4064,-1207,-1082
4081,-1197,-1100
4060,-1203,-1112
4023,-1218,-1123
3996,-1221,-1138
3972,-1220,-1155
3954,-1215,-1160
3948,-1212,-1161
3946,-1208,-1160
3939,-1203,-1164
3927,-1201,-1167
3910,-1202,-1172
3894,-1200,-1178
3875,-1202,-1182
3860,-1198,-1188
3849,-1190,-1192
3834,-1181,-1196
3821,-1173,-1197
3807,-1164,-1204
3795,-1159,-1210
3786,-1153,-1210
3781,-1144,-1218
3770,-1135,-1223
3762,-1129,-1228
3755,-1124,-1230
3750,-1115,-1236
3740,-1112,-1240
3731,-1109,-1247
3726,-1107,-1250
3724,-1107,-1251
3722,-1108,-1258
3729,-1109,-1259
3740,-1108,-1262
3750,-1112,-1264
3765,-1114,-1267
3787,-1119,-1272
3814,-1131,-1276
3841,-1144,-1284
3863,-1151,-1289
3889,-1160,-1293
3914,-1173,-1303
3937,-1177,-1305
3957,-1184,-1315
3973,-1192,-1321
3988,-1201,-1323
4001,-1207,-1326
4013,-1216,-1328
4021,-1231,-1335
4030,-1236,-1334
4036,-1247,-1337
4043,-1253,-1339
4043,-1261,-1341
4044,-1266,-1342
4046,-1270,-1344
4051,-1267,-1347
4059,-1262,-1346
4068,-1264,-1345
4081,-1264,-1339
4095,-1266,-1335
4120,-1268,-1333
4150,-1270,-1336
4186,-1274,-1335
4229,-1277,-1333
4275,-1281,-1332
4316,-1290,-1328
4358,-1305,-1323
4402,-1309,-1325
4441,-1314,-1326
4476,-1319,-1323
4509,-1325,-1322
4545,-1329,-1326
4578,-1340,-1327
4611,-1345,-1330
4653,-1354,-1337
4685,-1362,-1344
4723,-1367,-1352
4754,-1377,-1360
4780,-1394,-1366
4798,-1403,-1377
4805,-1415,-1391
4801,-1423,-1399
4787,-1422,-1406
4755,-1423,-1403
4709,-1419,-1399
4653,-1416,-1394
4589,-1409,-1393
4515,-1402,-1389
4425,-1391,-1393
4326,-1379,-1394
4224,-1361,-1393
4124,-1350,-1395
4016,-1342,-1394
3910,-1331,-1393
3809,-1321,-1395
3714,-1313,-1394
3624,-1297,-1396
3547,-1287,-1392
3471,-1278,-1389
3401,-1261,-1386
3336,-1244,-1378
3284,-1224,-1373
3231,-1201,-1372
3189,-1174,-1360
3160,-1146,-1349
3143,-1123,-1333
3133,-1097,-1316
3133,-1069,-1298
3142,-1046,-1283
3162,-1024,-1267
3185,-1000,-1251
3215,-978,-1232
3253,-960,-1212
3286,-938,-1189
3324,-916,-1171
3364,-903,-1148
3402,-887,-1127
3436,-871,-1104
3470,-841,-1082
3506,-812,-1063
3536,-788,-1047
3570,-768,-1034
3601,-754,-1024
3634,-735,-1014
3663,-721,-1005
3695,-709,-998
3726,-701,-998
3756,-693,-1002
3790,-685,-1006
3817,-682,-1014
3847,-683,-1024
3876,-682,-1036
3908,-682,-1049
3941,-677,-1055
3981,-668,-1063
4019,-664,-1076
4050,-667,-1088
4079,-672,-1101
4116,-675,-1114
4146,-670,-1127
4168,-655,-1130
4197,-645,-1143
4210,-633,-1150
4216,-620,-1157
4221,-609,-1166
4214,-599,-1182
4191,-578,-1194
4167,-555,-1203
4136,-529,-1215
4099,-507,-1230
4069,-486,-1243
4039,-460,-1274
4004,-435,-1298
3979,-430,-1313
3960,-424,-1334
3936,-402,-1345
3902,-406,-1360
3869,-417,-1366
3830,-422,-1377
3794,-427,-1381
3754,-417,-1387
3711,-429,-1388
3671,-434,-1391
3625,-449,-1389
3582,-455,-1382
3549,-450,-1377
3519,-438,-1371
3485,-451,-1364
3449,-474,-1362
3422,-471,-1358
3415,-467,-1350
3401,-462,-1347
3394,-460,-1345
3393,-467,-1345
3410,-478,-1349
3427,-496,-1354
3458,-512,-1375
3500,-529,-1404
3558,-542,-1448
3621,-556,-1500
3681,-571,-1555
3739,-582,-1610
3791,-594,-1659
3825,-598,-1709
3850,-598,-1743
3865,-595,-1758
3874,-591,-1769
3877,-587,-1760
3875,-581,-1752
3859,-574,-1739
3848,-570,-1719
3829,-570,-1697
3810,-571,-1673
3788,-574,-1652
3776,-582,-1630
3783,-593,-1607
3795,-602,-1579
3802,-613,-1551
3812,-619,-1527
3809,-637,-1503
3810,-648,-1481
3807,-664,-1462
3798,-678,-1443
3788,-693,-1419
3778,-702,-1400
3763,-710,-1382
3751,-716,-1364
3737,-722,-1342
3722,-726,-1327
3713,-727,-1312
3695,-731,-1293
3677,-732,-1277
3656,-737,-1263
3637,-738,-1254
3613,-740,-1248
3586,-749,-1246
3570,-758,-1240
3565,-765,-1238
3550,-777,-1234
3533,-785,-1237
3518,-795,-1241
3508,-804,-1245
3502,-815,-1246
3497,-829,-1249
3488,-838,-1251
3478,-842,-1251
3467,-851,-1249
3468,-857,-1251
3466,-866,-1255
3466,-875,-1261
3464,-885,-1266
3460,-892,-1266
3456,-900,-1270
3455,-906,-1273
3452,-913,-1279
3457,-919,-1290
3466,-928,-1298
3480,-937,-1304
3492,-940,-1314
3509,-946,-1324
3528,-952,-1338
3553,-962,-1355
3584,-968,-1367
3611,-979,-1381
3641,-989,-1398
3676,-1001,-1414
3706,-1018,-1430
3737,-1026,-1449
3769,-1034,-1463
3797,-1040,-1475
3822,-1048,-1492
3845,-1049,-1504
3868,-1052,-1523
3889,-1049,-1542
3903,-1042,-1555
3924,-1039,-1569
3941,-1035,-1589
3958,-1032,-1610
3976,-1029,-1630
3992,-1021,-1647
4008,-1014,-1668
4019,-1018,-1678
4015,-1018,-1689
4021,-1012,-1720
4039,-1020,-1750
4057,-1018,-1773
4061,-1014,-1790
4068,-1006,-1798
4076,-996,-1812
4081,-992,-1817
4081,-995,-1813
4072,-988,-1814
4060,-988,-1811
4051,-971,-1813
4040,-959,-1816
4032,-951,-1818
4035,-939,-1821
4050,-931,-1820
4063,-920,-1823
4077,-906,-1838
4100,-897,-1844
4135,-881,-1848
4179,-878,-1848
4230,-870,-1854
4290,-863,-1851
4357,-863,-1846
4434,-868,-1837
4492,-885,-1834
4544,-887,-1832
4599,-891,-1822
4680,-903,-1808
4758,-925,-1784
4819,-942,-1764
4863,-960,-1740
4910,-978,-1712
4946,-994,-1680
4977,-1012,-1637
5002,-1030,-1599
5014,-1039,-1560
5010,-1047,-1511
4984,-1043,-1458
4956,-1033,-1407
4916,-1010,-1357
4874,-977,-1311
4834,-939,-1273
4800,-899,-1242
4766,-854,-1217
4732,-806,-1201
4697,-766,-1187
4660,-735,-1170
4611,-705,-1156
4551,-673,-1140
4469,-644,-1117
4381,-612,-1095
4283,-579,-1067
4189,-546,-1048
4083,-515,-1022
3985,-503,-996
3912,-519,-974
3864,-552,-957
3853,-610,-946
3884,-668,-940
3941,-739,-929
4016,-821,-914
4112,-921,-896
4227,-1035,-876
4354,-1119,-877
4515,-1201,-879
4686,-1269,-884
4853,-1300,-879
5076,-1284,-902
5240,-1313,-875
5434,-1367,-835
5620,-1418,-796
5769,-1433,-735
5887,-1429,-646
5990,-1486,-543
6015,-1604,-441
6036,-1703,-316
6099,-1771,-210
6198,-1852,-118
6246,-1903,-51
6245,-1944,-17
6207,-1976,44
6136,-2005,127
6068,-2008,143
5970,-2026,149
5880,-2064,206
5804,-2107,299
5707,-2126,394
5573,-2188,455
5434,-2244,506
5293,-2270,557
5127,-2227,583
4912,-2136,575
4689,-2060,545
4451,-2040,548
4237,-2040,562
4046,-2017,628
3818,-1934,621
3594,-1916,614
3392,-1885,637
3214,-1871,647
3077,-1850,678
2943,-1802,721
2786,-1785,746
2600,-1723,767
2415,-1699,798
2262,-1726,871
2122,-1717,916
1983,-1636,963
1832,-1726,976
1740,-1831,920
1632,-1603,832
1442,-1190,629
1450,-1102,378
1458,-1245,311
1357,-1184,218
1238,-837,-2
1124,-470,-246
985,-162,-518
856,176,-824
782,437,-1078
789,532,-1250
863,460,-1397
1019,296,-1588
1161,100,-1744
1272,-130,-1903
1427,-408,-2119
1644,-694,-2378
1880,-1026,-2651
2087,-1406,-2798
2232,-1791,-2830
2314,-2206,-2735
2346,-2647,-2479
2376,-3024,-2138
2389,-3326,-1784
2371,-3586,-1434
2348,-3788,-1115
2318,-3891,-822
2259,-3956,-561
2198,-3984,-349
2164,-4038,-165
2103,-4051,-37
2011,-4085,20
1949,-4138,83
1902,-4138,116
1864,-4096,111
1830,-4006,103
1807,-3863,74
1778,-3674,-10
1748,-3483,-153
1762,-3287,-361
1807,-3083,-618
1857,-2873,-862
1893,-2710,-1052
1937,-2570,-1184
1968,-2435,-1293
2047,-2324,-1371
2090,-2251,-1426
2132,-2200,-1446
2163,-2178,-1417
2210,-2206,-1365
2250,-2289,-1302
2294,-2301,-1337
2426,-2214,-1338
2545,-2166,-1208
2617,-2246,-1061
2709,-2391,-1019
2779,-2497,-972
2842,-2524,-930
2913,-2500,-906
2990,-2485,-903
3069,-2497,-929
3145,-2491,-991
3212,-2488,-1034
3266,-2481,-1083
3316,-2513,-1119
3360,-2538,-1166
3397,-2554,-1189
3409,-2613,-1206
3444,-2666,-1225
3494,-2718,-1241
3526,-2788,-1239
3552,-2838,-1234
3550,-2885,-1219
3529,-2920,-1171
3498,-2924,-1111
3462,-2914,-1048
3403,-2925,-987
3365,-2943,-950
3307,-2927,-886
3226,-2932,-844
3169,-2953,-820
3110,-2937,-798
3075,-2918,-776
3041,-2932,-755
3021,-2930,-752
2998,-2948,-736
2996,-2962,-728
2995,-2975,-717
3002,-2987,-712
3022,-2991,-715
3041,-3014,-723
3060,-3030,-733
3064,-3045,-724
3053,-3058,-688
3026,-3059,-657
3002,-3054,-627
2979,-3050,-606
2951,-3051,-591
2924,-3048,-586
2902,-3050,-579
2877,-3073,-562
2865,-3085,-559
2864,-3112,-559
2874,-3134,-578
2888,-3175,-592
2906,-3216,-597
2922,-3246,-602
2940,-3268,-623
2964,-3284,-659
2990,-3303,-698
3009,-3324,-737
3024,-3349,-775
3038,-3362,-807
3046,-3378,-846
3049,-3374,-884
3047,-3371,-921
3049,-3365,-956
3052,-3358,-990
3055,-3358,-1025
3060,-3359,-1065
3069,-3365,-1085
3074,-3375,-1098
3078,-3391,-1099
3089,-3418,-1097
3108,-3455,-1089
3139,-3495,-1063
3182,-3539,-1046
3234,-3587,-1038
3293,-3623,-1007
3349,-3652,-997
3401,-3675,-985
3439,-3694,-973
3465,-3697,-977
3478,-3689,-994
3472,-3662,-1025
3452,-3614,-1061
3417,-3548,-1112
3378,-3472,-1172
3324,-3399,-1222
3251,-3321,-1257
3179,-3240,-1286
3106,-3158,-1312
3027,-3080,-1322
2954,-3008,-1328
2905,-2939,-1335
2862,-2870,-1329
2838,-2786,-1341
2812,-2724,-1289
2798,-2666,-1258
2793,-2610,-1243
2793,-2557,-1214
2795,-2484,-1154
2800,-2397,-1101
2788,-2312,-1034
2782,-2228,-968
2784,-2160,-898
2787,-2101,-814
2792,-2040,-744
2799,-1963,-686
2812,-1898,-634
2836,-1846,-614
2857,-1829,-548
2859,-1836,-488
2838,-1809,-459
2808,-1738,-439
2770,-1626,-427
2734,-1523,-447
2711,-1480,-481
2698,-1466,-507
2695,-1426,-557
2698,-1373,-609
2720,-1303,-661
2768,-1227,-713
2829,-1186,-738
2878,-1178,-740
2899,-1168,-721
2912,-1137,-693
2931,-1133,-651
2966,-1157,-620
3003,-1203,-593
3039,-1253,-599
3080,-1309,-623
3128,-1368,-673
3189,-1422,-736
3263,-1464,-810
3336,-1518,-904
3421,-1563,-1004
3493,-1601,-1092
3576,-1613,-1175
3658,-1613,-1238
3747,-1586,-1294
3827,-1567,-1337
3880,-1542,-1368
3894,-1499,-1392
3897,-1453,-1388
3888,-1399,-1370
3871,-1337,-1364
3864,-1279,-1349
3852,-1219,-1338
3818,-1176,-1344
3795,-1121,-1350
3774,-1068,-1354
3749,-1033,-1345
3745,-1004,-1362
3737,-985,-1376
3737,-977,-1389
3743,-987,-1407
3720,-985,-1435
3742,-1001,-1439
3816,-1000,-1452
3826,-1034,-1432
3775,-1070,-1413
3725,-1104,-1393
3682,-1139,-1363
3662,-1170,-1343
3652,-1213,-1316
3656,-1256,-1275
3686,-1291,-1203
3739,-1312,-1110
3778,-1347,-1078
3782,-1378,-1105
3791,-1422,-1143
3796,-1457,-1169
3831,-1491,-1206
3851,-1604,-1221
3876,-1696,-1220
3911,-1742,-1228
3945,-1726,-1240
3991,-1716,-1237
4028,-1689,-1236
4048,-1665,-1239
4058,-1642,-1241
4071,-1605,-1247
4096,-1584,-1259
4130,-1544,-1272
4161,-1502,-1289
4181,-1475,-1294
4197,-1458,-1299
4216,-1434,-1303
4219,-1416,-1297
4212,-1390,-1290
4214,-1360,-1286
4215,-1330,-1277
4198,-1271,-1263
4170,-1196,-1247
4162,-1147,-1254
4172,-1136,-1280
4182,-1144,-1310
4206,-1188,-1335
4223,-1233,-1343
4231,-1279,-1340
4227,-1339,-1327
4216,-1405,-1325
4199,-1426,-1329
4178,-1401,-1323
4135,-1347,-1300
4099,-1290,-1273
4066,-1255,-1241
4036,-1253,-1210
4008,-1253,-1180
3976,-1239,-1146
3935,-1223,-1112
3895,-1205,-1086
3852,-1189,-1063
3799,-1172,-1045
3751,-1150,-1030
3712,-1134,-1016
3680,-1126,-1007
3639,-1119,-1002
3608,-1114,-1000
3577,-1114,-1003
3553,-1117,-1006
3531,-1114,-1012
3511,-1118,-1022
3495,-1119,-1029
3480,-1123,-1032
3470,-1131,-1038
3470,-1142,-1052
3468,-1153,-1066
3467,-1160,-1085
3471,-1166,-1100
3473,-1174,-1113
3481,-1177,-1129
3486,-1176,-1150
3492,-1178,-1180
3496,-1176,-1212
3505,-1175,-1236
3513,-1171,-1267
3519,-1170,-1298
3526,-1169,-1326
3542,-1168,-1355
3551,-1165,-1387
3569,-1160,-1415
3588,-1153,-1444
3607,-1143,-1472
3634,-1131,-1501
3656,-1114,-1520
3676,-1089,-1535
3704,-1062,-1553
3728,-1029,-1567
3750,-1002,-1572
3779,-974,-1581
3807,-943,-1585
3838,-907,-1595
3868,-868,-1598
3915,-825,-1609
3951,-804,-1618
3974,-787,-1623
3993,-764,-1635
4017,-735,-1652
4040,-698,-1657
4062,-668,-1658
4085,-644,-1658
4107,-615,-1656
4126,-592,-1654
4149,-564,-1649
4163,-539,-1639
4176,-518,-1629
4186,-494,-1616
4190,-472,-1602
4194,-444,-1593
4198,-424,-1609
4192,-401,-1565
4207,-361,-1559
4233,-329,-1556
4265,-297,-1555
4303,-267,-1548
4348,-235,-1549
4401,-212,-1539
4459,-184,-1535
4526,-163,-1525
4598,-150,-1509
4671,-144,-1496
4748,-151,-1490
4834,-175,-1481
4932,-211,-1467
5028,-254,-1461
5110,-301,-1451
5200,-355,-1449
5277,-413,-1440
5343,-470,-1433
5392,-528,-1413
5430,-583,-1386
5452,-643,-1358
5462,-706,-1333
5462,-759,-1316
5447,-799,-1287
5422,-832,-1252
5391,-846,-1217
5358,-849,-1183
5330,-839,-1160
5297,-807,-1143
5262,-777,-1135
5209,-744,-1129
5146,-707,-1118
5064,-675,-1121
4974,-650,-1117
4864,-625,-1105
4734,-601,-1085
4599,-582,-1059
4456,-565,-1026
4305,-546,-985
4152,-526,-946
3996,-511,-904
3846,-494,-866
3702,-491,-830
3574,-498,-798
3459,-520,-769
3367,-547,-745
3288,-569,-726
3221,-596,-711
3166,-626,-697
3132,-660,-683
3102,-701,-667
3080,-734,-650
3064,-765,-642
3061,-793,-631
3066,-823,-625
3080,-854,-611
3101,-883,-599
3135,-913,-589
3180,-945,-583
3232,-970,-585
3293,-992,-584
3358,-1013,-593
3423,-1037,-596
3487,-1055,-599
3557,-1071,-606
3625,-1081,-608
3696,-1089,-608
3764,-1090,-600
3826,-1087,-594
3878,-1083,-588
3925,-1078,-573
3957,-1070,-557
3986,-1050,-539
4005,-1030,-519
4019,-1003,-493
4028,-977,-469
4033,-960,-444
4037,-940,-423
4039,-927,-401
4042,-916,-386
4044,-911,-372
4048,-910,-359
4054,-916,-348
4060,-921,-339
4064,-934,-329
4065,-940,-318
4072,-951,-311
4067,-958,-311
4062,-971,-311
4056,-984,-312
4053,-996,-313
4048,-1005,-311
4038,-1017,-316
4026,-1025,-326
4014,-1026,-330
3993,-1022,-340
3969,-1024,-354
3947,-1026,-365
3915,-1023,-373
3874,-1022,-387
3855,-1038,-402
3846,-1050,-412
3829,-1054,-419
3809,-1056,-424
3804,-1067,-425
3811,-1075,-422
3823,-1087,-419
3834,-1089,-417
3851,-1089,-415
3868,-1096,-408
3880,-1099,-403
3893,-1105,-398
3903,-1104,-397
3915,-1105,-394
3920,-1103,-394
3926,-1099,-404
3932,-1094,-409
3930,-1097,-413
3920,-1091,-422
3904,-1087,-432
3895,-1085,-445
3885,-1081,-458
3870,-1085,-472
3858,-1089,-483
3845,-1090,-494
3836,-1094,-507
3826,-1098,-521
3817,-1103,-533
3807,-1111,-544
3800,-1116,-557
3797,-1122,-570
3793,-1138,-586
3796,-1144,-604
3796,-1151,-617
3796,-1163,-636
3800,-1170,-655
3805,-1179,-671
3800,-1186,-690
3805,-1192,-712
3809,-1199,-735
3814,-1205,-757
3821,-1211,-777
3823,-1213,-791
3828,-1212,-807
3837,-1218,-824
3841,-1217,-843
3846,-1215,-859
3857,-1213,-872
3863,-1209,-887
3869,-1209,-902
3874,-1206,-916
3881,-1210,-930
3884,-1210,-942
3888,-1211,-954
3893,-1214,-969
3895,-1211,-980
3898,-1213,-994
3902,-1217,-1002
3906,-1213,-1011
3909,-1213,-1020
3905,-1215,-1031
3906,-1214,-1041
3905,-1210,-1050
3902,-1208,-1055
3901,-1212,-1061
3895,-1210,-1069
3891,-1216,-1076
3884,-1216,-1085
3878,-1211,-1090
3872,-1207,-1090
3861,-1198,-1094
3854,-1196,-1096
3847,-1192,-1101
3843,-1186,-1103
3842,-1187,-1105
3836,-1183,-1105
3837,-1182,-1112
3833,-1183,-1113
3831,-1179,-1117
3829,-1178,-1120
3825,-1183,-1123
3821,-1185,-1126
3815,-1185,-1132
3816,-1187,-1141
3821,-1189,-1148
3825,-1190,-1163
3837,-1189,-1186
3848,-1186,-1210
3852,-1185,-1236
3853,-1184,-1266
3857,-1185,-1288
3859,-1187,-1302
3867,-1189,-1306
3875,-1196,-1300
3875,-1208,-1290
3877,-1221,-1271
3880,-1222,-1249
3880,-1233,-1232
3882,-1246,-1211
3879,-1258,-1196
3878,-1269,-1183
3882,-1280,-1170
3889,-1283,-1154
3895,-1283,-1145
3916,-1280,-1133
3941,-1281,-1128
3964,-1273,-1128
3987,-1261,-1127
4008,-1253,-1131
4021,-1244,-1138
4029,-1229,-1148
4030,-1213,-1156
4032,-1200,-1162
4029,-1185,-1167
4030,-1173,-1177
4033,-1156,-1184
4045,-1140,-1194
4062,-1133,-1200
4083,-1125,-1204
4120,-1126,-1206
4161,-1129,-1209
4203,-1125,-1205
4238,-1117,-1205
4284,-1119,-1201
4337,-1128,-1199
4392,-1134,-1194
4459,-1149,-1191
4539,-1158,-1190
4630,-1173,-1189
4720,-1189,-1188
4820,-1203,-1191
4922,-1222,-1187
5024,-1245,-1192
5123,-1265,-1196
5213,-1283,-1198
5291,-1306,-1198
5346,-1326,-1200
5371,-1339,-1202
5366,-1346,-1204
5328,-1354,-1204
5270,-1354,-1197
5190,-1347,-1193
5090,-1334,-1186
4975,-1317,-1170
4857,-1296,-1160
4728,-1270,-1144
4587,-1247,-1131
4441,-1218,-1125
4290,-1185,-1127
4142,-1151,-1128
3994,-1122,-1128
3846,-1092,-1125
3716,-1064,-1125
3599,-1035,-1131
3497,-1012,-1130
3411,-993,-1129
3344,-980,-1122
3303,-968,-1110
3268,-954,-1093
3251,-942,-1068
3248,-929,-1039
3260,-917,-1009
3271,-908,-973
3299,-890,-939
3333,-869,-907
3378,-850,-875
3424,-831,-838
3475,-810,-804
3530,-790,-764
3589,-768,-738
3657,-746,-708
3725,-729,-688
3801,-711,-666
3874,-694,-650
3942,-677,-634
4005,-658,-616
4055,-643,-597
4103,-631,-586
4137,-620,-573
4165,-604,-564
4183,-587,-554
4190,-572,-551
4191,-559,-547
4181,-547,-545
4166,-537,-548
4148,-532,-554
4125,-523,-554
4100,-517,-558
4071,-510,-566
4037,-510,-580
4005,-511,-600
3973,-512,-621
3943,-513,-641
3914,-520,-656
3889,-523,-675
3866,-532,-692
3843,-542,-709
3822,-547,-730
3802,-554,-751
3784,-561,-772
3758,-571,-796
3735,-578,-813
3709,-584,-834
3691,-586,-850
3673,-586,-862
3659,-583,-868
3648,-571,-872
3637,-567,-886
3636,-571,-901
3632,-571,-917
3623,-563,-927
3604,-552,-932
3585,-545,-944
3575,-530,-956
3568,-516,-965
3563,-503,-970
3566,-488,-977
3571,-476,-983
3581,-465,-987
3599,-459,-987
3616,-451,-987
3637,-446,-980
3661,-443,-973
3683,-450,-969
3710,-465,-964
3736,-474,-965
3772,-478,-974
3809,-482,-992
3844,-484,-1024
3871,-486,-1069
3910,-494,-1124
3943,-502,-1190
3971,-513,-1254
3991,-526,-1313
4012,-543,-1364
4023,-564,-1410
4025,-584,-1442
4021,-604,-1466
4013,-630,-1488
4005,-656,-1505
3988,-681,-1512
3964,-707,-1520
3942,-736,-1520
3921,-762,-1519
3893,-796,-1519
3870,-832,-1507
3844,-859,-1492
3820,-879,-1470
3798,-896,-1446
3774,-909,-1426
3750,-916,-1409
3731,-922,-1395
3713,-930,-1380
3699,-939,-1364
3681,-945,-1347
3672,-944,-1333
3658,-941,-1322
3642,-932,-1315
3630,-925,-1307
3617,-924,-1301
3609,-922,-1299
3600,-920,-1299
3593,-924,-1295
3584,-927,-1299
3573,-933,-1299
3567,-938,-1298
3557,-945,-1300
3550,-951,-1308
3543,-958,-1308
3538,-965,-1318
3527,-975,-1322
3523,-980,-1323
3514,-991,-1320
3505,-1001,-1319
3495,-1010,-1318
3484,-1014,-1318
3476,-1023,-1315
3467,-1029,-1315
3456,-1038,-1312
3446,-1046,-1311
3441,-1051,-1312
3441,-1065,-1314
3445,-1077,-1318
3446,-1080,-1320
3451,-1087,-1325
3451,-1094,-1331
3450,-1101,-1334
3449,-1106,-1335
3450,-1115,-1337
3444,-1123,-1341
3445,-1130,-1344
3451,-1132,-1346
3454,-1131,-1351
3459,-1134,-1352
3475,-1138,-1356
3487,-1143,-1357
3512,-1145,-1363
3537,-1150,-1360
3561,-1155,-1360
3579,-1162,-1361
3600,-1163,-1364
3621,-1164,-1362
3643,-1166,-1362
3672,-1171,-1363
3705,-1178,-1362
3745,-1185,-1363
3790,-1190,-1364
3837,-1199,-1365
3891,-1214,-1361
3961,-1237,-1345
4034,-1247,-1359
4090,-1259,-1392
4167,-1283,-1415
4265,-1300,-1439
4385,-1314,-1473
4506,-1323,-1517
4618,-1329,-1568
4723,-1344,-1610
4807,-1369,-1640
4871,-1384,-1660
4905,-1389,-1650
4919,-1365,-1627
4896,-1342,-1570
4857,-1314,-1506
4802,-1286,-1421
4730,-1249,-1328
4657,-1199,-1234
4583,-1153,-1155
4519,-1124,-1080
4463,-1102,-1010
4417,-1092,-945
4387,-1083,-885
4372,-1065,-839
4380,-1043,-806
4412,-1027,-787
4450,-1016,-773
4496,-1006,-774
4536,-996,-774
4579,-995,-780
4607,-999,-779
4614,-1007,-783
4610,-1019,-774
4588,-1026,-760
4548,-1034,-744
4494,-1039,-718
4434,-1045,-691
4364,-1048,-658
4283,-1041,-625
4195,-1033,-585
4110,-1022,-554
4026,-1014,-517
3949,-1007,-483
3871,-997,-454
3802,-985,-426
3742,-973,-399
3684,-962,-374
3633,-954,-352
3593,-949,-332
3556,-948,-312
3530,-945,-297
3511,-946,-286
3504,-947,-276
3503,-950,-269
3497,-957,-261
3503,-961,-258
3509,-972,-249
3521,-971,-240
3537,-974,-228
3554,-970,-217
3576,-972,-205
3598,-973,-192
3622,-971,-176
3647,-967,-158
3674,-964,-144
3697,-959,-124
3716,-950,-100
3732,-946,-80
3747,-940,-60
3757,-938,-40
3766,-938,-19
3763,-937,-4
3766,-941,16
3762,-946,33
3759,-953,46
3745,-960,60
3730,-979,74
3717,-995,89
3708,-1010,103
3705,-1030,116
3696,-1043,128
3691,-1059,140
3688,-1077,153
3694,-1096,172
3706,-1114,182
3718,-1136,191
3738,-1154,193
3762,-1173,190
3788,-1194,190
3818,-1219,199
3859,-1240,213
3858,-1233,197
3852,-1243,204
3854,-1248,210
3865,-1255,223
3888,-1256,230
3900,-1254,233
3907,-1248,229
3918,-1251,231
3923,-1254,233
3933,-1251,239
3950,-1246,248
3964,-1237,264
3989,-1235,273
4008,-1231,279
4027,-1228,281
4047,-1232,287
4068,-1244,298
4084,-1259,303
4091,-1279,302
4093,-1286,303
4094,-1290,303
4097,-1297,304
4098,-1304,302
4100,-1315,296
4099,-1321,287
4101,-1326,273
4111,-1333,255
4123,-1339,239
4139,-1355,220
4141,-1364,214
4146,-1379,212
4155,-1392,204
4165,-1403,207
4158,-1417,215
4142,-1430,224
4131,-1423,228
4118,-1424,236
4112,-1427,244
4105,-1403,240
4094,-1370,231
4096,-1349,239
4093,-1341,237
4084,-1351,229
4081,-1368,220
4084,-1403,228
4085,-1424,219
4099,-1414,184
4135,-1429,153
4156,-1472,128
4140,-1522,104
4109,-1540,107
4085,-1533,95
4068,-1508,70
4081,-1493,11
4099,-1510,1
4105,-1535,-27
4107,-1571,-37
4106,-1547,-77
4110,-1522,-110
4114,-1546,-135
4118,-1564,-144
4116,-1566,-156
4083,-1551,-127
4059,-1509,-157
4062,-1487,-164
4027,-1480,-148
3975,-1419,-128
3949,-1358,-140
3945,-1330,-150
3952,-1297,-166
3980,-1307,-170
3987,-1284,-179
4003,-1274,-175
4028,-1264,-170
4057,-1226,-164
4079,-1199,-174
4095,-1202,-168
4108,-1191,-180
4114,-1232,-177
4107,-1227,-161
4121,-1229,-145
4137,-1231,-142
4146,-1239,-141
4140,-1242,-134
4149,-1253,-132
4162,-1265,-120
4173,-1285,-125
4172,-1277,-118
4173,-1267,-85
4169,-1239,-71
4112,-1219,-67
4089,-1191,-105
4093,-1172,-120
4126,-1153,-104
4120,-1102,-86
4076,-1048,-69
4024,-1015,-52
3985,-999,-42
3958,-999,-32
3953,-1024,-23
3954,-1051,-14
3954,-1064,5
3948,-1072,26
3933,-1074,44
3911,-1070,47
3892,-1079,56
3889,-1105,56
3884,-1128,43
3892,-1150,27
3907,-1182,20
3926,-1217,14
3951,-1247,10
3980,-1267,4
4002,-1280,9
4032,-1280,25
4047,-1284,34
4048,-1284,49
4052,-1277,73
4060,-1283,106
4072,-1281,149
4070,-1284,189
4080,-1292,219
4080,-1304,249
4083,-1305,279
4093,-1308,305
4119,-1319,299
4113,-1383,298
4111,-1401,305
4130,-1391,296
4158,-1391,284
4180,-1407,248
4183,-1421,217
4171,-1432,178
4175,-1444,142
4170,-1453,109
4167,-1447,64
4162,-1490,51
4135,-1487,28
4101,-1492,16
4064,-1483,18
4024,-1440,28
3986,-1430,33
3944,-1413,49
3907,-1420,61
3875,-1413,66
3832,-1401,83
3806,-1374,98
3777,-1352,110
3754,-1328,122
3737,-1307,136
3720,-1287,145
3714,-1270,150
3706,-1261,152
3698,-1265,149
3699,-1271,146
3706,-1271,142
3707,-1268,134
3717,-1259,121
3732,-1253,113
3740,-1240,110
3756,-1228,106
3788,-1226,93
3828,-1236,66
3865,-1242,37
3888,-1243,20
3926,-1237,12
3974,-1222,29
4031,-1204,44
4104,-1203,-5
4188,-1242,-97
4295,-1252,-221
4398,-1280,-350
4468,-1300,-505
4509,-1292,-656
4517,-1267,-784
4514,-1250,-861
4491,-1242,-887
4425,-1220,-874
4344,-1210,-819
4280,-1198,-720
4216,-1188,-599
4165,-1201,-471
4121,-1210,-351
4086,-1211,-251
4059,-1200,-154
4040,-1187,-74
4034,-1157,-17
4033,-1132,28
4033,-1125,59
4047,-1091,73
4060,-1046,63
4076,-995,41
4103,-951,14
4129,-916,-2
4165,-879,-14
4180,-847,-22
4197,-830,-22
4202,-823,-22
4213,-829,-2
4228,-819,29
4229,-821,70
4216,-817,110
4194,-821,162
4175,-815,230
4165,-783,291
4165,-767,359
4171,-761,416
4172,-771,449
4187,-758,468
4202,-731,498
4197,-701,535
4208,-665,556
4209,-651,593
4205,-655,622
4217,-630,633
4231,-608,644
4247,-597,661
4265,-573,670
4284,-549,665
4300,-529,669
4309,-511,663
4295,-504,668
4297,-481,657
4294,-452,640
4282,-433,629
4278,-417,610
4270,-403,595
4269,-405,588
4274,-392,568
4275,-392,554
4303,-388,527
4338,-389,507
4372,-394,489
4404,-399,452
4427,-394,419
4459,-401,406
4494,-407,388
4515,-433,375
4517,-479,381
4505,-514,383
4517,-511,356
4542,-516,354
4604,-528,378
4678,-512,348
4713,-514,315
4711,-520,284
4681,-525,270
4648,-536,283
4618,-560,311
4572,-606,335
4542,-669,338
4506,-738,307
4468,-810,256
4418,-881,181
4374,-966,82
4349,-1067,-30
4327,-1155,-146
4303,-1250,-246
4288,-1320,-335
4259,-1347,-386
4200,-1385,-370
4139,-1390,-317
4057,-1348,-239
3960,-1301,-132
3873,-1239,-28
3794,-1130,65
3706,-1072,165
3673,-985,246
3669,-901,274
3661,-808,270
3631,-780,233
3599,-773,191
3580,-779,146
3569,-787,105
3539,-816,67
3499,-857,37
3484,-901,0
3489,-953,-26
3477,-1027,-70
3489,-1090,-126
3532,-1135,-185
3583,-1158,-261
3637,-1177,-333
3695,-1176,-402
3761,-1154,-480
3832,-1105,-570
3902,-1063,-656
3993,-1025,-745
4077,-1008,-809
4154,-1003,-839
4210,-1021,-762
4231,-1053,-584
4225,-1098,-366
4171,-1140,-126
4099,-1143,107
4024,-1158,312
3984,-1192,497
3944,-1253,631
3887,-1334,789
3836,-1330,755
3813,-1434,730
3816,-1544,643
3834,-1615,539
3891,-1667,442
3968,-1688,371
4027,-1684,316
4060,-1676,306
4057,-1657,342
4022,-1618,405
3970,-1581,482
3936,-1551,557
3913,-1529,624
3878,-1500,685
3843,-1461,709
3819,-1458,725
3797,-1452,752
3775,-1427,753
3767,-1391,735
3774,-1364,704
3781,-1326,660
3807,-1303,608
3834,-1284,561
3865,-1259,520
3907,-1235,479
3933,-1208,437
3968,-1183,396
4007,-1175,361
4037,-1179,324
4057,-1201,301
4070,-1233,291
4073,-1262,286
4077,-1280,287
4083,-1310,307
4083,-1336,348
4087,-1351,390
4089,-1375,434
4068,-1399,480
4037,-1368,532
4016,-1327,580
3952,-1309,603
3882,-1295,633
3832,-1253,641
3829,-1195,632
3815,-1152,620
3787,-1094,582
3767,-1054,571
3757,-1032,549
3752,-1033,523
3754,-1049,495
3759,-1080,454
3765,-1137,396
3786,-1207,339
3814,-1286,283
3846,-1386,247
3881,-1478,222
3892,-1576,205
3880,-1664,185
3877,-1734,172
3884,-1796,173
3872,-1852,178
3833,-1889,195
3782,-1903,230
3720,-1905,295
3648,-1892,379
3571,-1865,462
3489,-1840,527
3449,-1799,573
3426,-1746,561
3398,-1734,522
3361,-1719,458
3352,-1711,381
3388,-1727,295
3441,-1779,194
3510,-1856,90
3614,-1960,-3
3725,-2071,-84
3847,-2199,-141
3933,-2317,-167
4010,-2423,-150
4052,-2495,-90
4061,-2548,-2
4025,-2510,103
3952,-2463,232
3890,-2381,376
3820,-2277,466
3726,-2187,532
3659,-2096,562
3630,-1977,587
3617,-1899,596
3577,-1866,592
3554,-1811,575
3542,-1756,549
3537,-1734,529
3518,-1724,510
3494,-1726,487
3468,-1741,458
3446,-1758,425
3428,-1770,385
3415,-1796,346
3408,-1839,297
3418,-1896,240
3434,-1968,170
3465,-2042,100
3503,-2121,36
3539,-2204,-13
3585,-2277,-59
3619,-2346,-82
3638,-2414,-79
3651,-2465,-58
3648,-2495,-8
3626,-2520,61
3599,-2530,115
3569,-2546,174
3541,-2537,224
3517,-2520,267
3482,-2491,297
3454,-2449,310
3451,-2384,310
3450,-2334,296
3468,-2323,273
3474,-2317,248
3491,-2306,230
3511,-2301,224
3511,-2308,228
3508,-2318,226
3506,-2333,221
3506,-2348,200
3505,-2373,174
3509,-2402,137
3513,-2435,91
3523,-2473,49
3535,-2520,8
3531,-2561,-29
3523,-2599,-47
3499,-2632,-51
3468,-2646,-29
3438,-2668,15
3404,-2689,54
3378,-2691,94
3367,-2671,112
3363,-2659,120
3358,-2634,112
3365,-2623,107
3365,-2605,99
3400,-2587,98
3432,-2604,101
3453,-2627,100
3475,-2644,115
3510,-2625,118
3516,-2640,127
3514,-2642,137
3533,-2667,159
3556,-2664,175
3567,-2657,180
3590,-2643,173
3599,-2635,172
3594,-2630,172
3599,-2631,164
3613,-2648,157
3619,-2684,143
3625,-2724,129
3636,-2757,123
3642,-2783,111
3646,-2826,121
3638,-2860,124
3638,-2883,129
3628,-2901,134
3605,-2916,140
3582,-2907,139
3593,-2890,147
3602,-2883,155
3579,-2883,171
3569,-2871,185
3557,-2858,196
3543,-2845,198
3530,-2833,198
3522,-2834,195
3518,-2836,184
3524,-2849,167
3531,-2868,142
3536,-2892,111
3538,-2907,82
3531,-2914,63
3523,-2919,46
3518,-2921,39
3511,-2910,28
3496,-2890,25
3480,-2858,19
3469,-2822,12
3455,-2788,0
3426,-2756,-10
3396,-2724,-21
3367,-2692,-41
3346,-2662,-64
3323,-2647,-86
3293,-2633,-105
3270,-2632,-125
3261,-2637,-147
3257,-2641,-169
3255,-2649,-189
3262,-2656,-205
3266,-2663,-219
3267,-2673,-221
3267,-2678,-219
3267,-2685,-208
3259,-2688,-192
3251,-2684,-173
3242,-2675,-160
3230,-2665,-153
3215,-2649,-163
3201,-2634,-179
3181,-2622,-196
3156,-2610,-219
3133,-2600,-237
3113,-2587,-258
3102,-2579,-283
3090,-2573,-312
3078,-2570,-330
3065,-2576,-342
3054,-2568,-343
3049,-2560,-340
3043,-2551,-337
3036,-2541,-336
3037,-2537,-327
3045,-2528,-321
3053,-2518,-319
3069,-2501,-326
3090,-2481,-332
3113,-2472,-340
3145,-2467,-350
3188,-2469,-358
3225,-2470,-359
3259,-2469,-354
3287,-2472,-347
3321,-2474,-349
3348,-2463,-358
3375,-2454,-370
3393,-2442,-378
3400,-2433,-387
3403,-2429,-388
3397,-2435,-385
3384,-2440,-372
3379,-2444,-365
3372,-2446,-362
3369,-2450,-362
3356,-2456,-362
3339,-2462,-363
3313,-2466,-354
3291,-2465,-345
3263,-2463,-333
3237,-2458,-324
3215,-2454,-313
3195,-2457,-301
3178,-2451,-303
3167,-2444,-306
3162,-2444,-309
3165,-2443,-318
3168,-2444,-328
3184,-2444,-345
3208,-2449,-370
3229,-2447,-391
3254,-2447,-409
3284,-2442,-424
3314,-2432,-437
3348,-2426,-454
3393,-2415,-479
3438,-2402,-519
3492,-2390,-568
3552,-2379,-620
3622,-2374,-671
3696,-2377,-730
3776,-2397,-798
3868,-2432,-869
3969,-2474,-927
4058,-2515,-970
4137,-2564,-1001
4211,-2622,-1017
4271,-2679,-1040
4297,-2710,-1057
4307,-2706,-1067
4258,-2651,-1054
4188,-2569,-1052
4121,-2438,-1038
4056,-2279,-1006
3921,-2111,-954
3747,-1939,-894
3545,-1761,-813
3325,-1587,-728
3097,-1423,-653
2867,-1305,-583
2644,-1225,-516
2453,-1158,-496
2276,-1124,-513
2123,-1096,-545
2002,-1072,-624
1894,-1071,-723
1785,-1056,-860
1700,-1059,-983
1638,-1047,-1125
1584,-1052,-1231
1545,-1052,-1325
1494,-1042,-1410
1466,-1017,-1456
1460,-989,-1532
1490,-990,-1617
1556,-1021,-1700
1622,-1046,-1824
1659,-1065,-1915
1677,-1129,-1992
1736,-1244,-2037
1824,-1374,-2103
1933,-1479,-2156
2033,-1618,-2155
2117,-1638,-1852
1914,-1621,-1763
1755,-1522,-2162
1751,-1645,-2842
1877,-1871,-3527
1963,-2386,-4016
2031,-3085,-4307
2030,-3506,-4590
2013,-3507,-4711
1965,-3262,-4908
1771,-3080,-5109
1562,-2977,-5251
1430,-2802,-5328
1355,-2564,-5329
1304,-2298,-5277
1266,-2020,-5185
1219,-1791,-5049
1170,-1628,-4892
1127,-1532,-4717
1120,-1509,-4538
1114,-1548,-4365
1110,-1632,-4195
1121,-1747,-4027
1163,-1889,-3865
1195,-2000,-3701
1220,-2077,-3536
1232,-2153,-3373
1247,-2216,-3227
1266,-2262,-3087
1288,-2305,-2962
1311,-2345,-2867
1344,-2424,-2761
1351,-2479,-2650
1346,-2533,-2552
1335,-2583,-2417
1333,-2587,-2261
1333,-2556,-2164
1346,-2539,-2092
1358,-2555,-2036
1369,-2542,-1976
1389,-2504,-1931
1396,-2428,-1896
1408,-2339,-1854
1430,-2275,-1797
1466,-2207,-1723
1556,-2163,-1651
1701,-2187,-1591
1832,-2287,-1529
1919,-2348,-1448
2034,-2414,-1393
2177,-2485,-1337
2325,-2578,-1312
2475,-2702,-1255
2656,-2815,-1252
2861,-2926,-1266
3075,-3001,-1321
3295,-3149,-1392
3509,-3287,-1469
3690,-3376,-1530
3844,-3357,-1624
3986,-3326,-1745
4127,-3307,-1869
4267,-3295,-1938
4366,-3224,-1983
4408,-3055,-2007
4443,-2818,-2020
4503,-2605,-2011
4604,-2439,-2007
4788,-2347,-1996
5005,-2341,-2031
5179,-2426,-2086
5374,-2615,-2168
5554,-2813,-2269
5740,-3018,-2354
5911,-3124,-2450
5995,-3187,-2538
6066,-3252,-2640
6099,-3302,-2735
6074,-3269,-2848
6078,-3219,-2903
6008,-3076,-3001
5949,-2924,-3036
5838,-2705,-3128
5703,-2476,-3222
5580,-2299,-3315
5474,-2104,-3428
5374,-1894,-3546
5241,-1701,-3672
5153,-1636,-3762
5064,-1643,-3832
4951,-1661,-3877
4850,-1662,-3912
4728,-1676,-3917
4577,-1649,-3922
4429,-1589,-3929
4290,-1488,-3937
4179,-1384,-3978
4072,-1263,-4032
3997,-1145,-4097
3913,-1047,-4205
3805,-959,-4320
3723,-865,-4447
3648,-800,-4575
3580,-754,-4701
3533,-724,-4826
3495,-714,-4953
3470,-708,-5066
3460,-678,-5174
3463,-642,-5263
3483,-589,-5342
3493,-526,-5405
3506,-466,-5463
3517,-407,-5529
3530,-386,-5603
3600,-353,-5628
3675,-292,-5637
3718,-240,-5663
3730,-210,-5661
3749,-162,-5651
3762,-137,-5615
3789,-96,-5589
3843,-40,-5546
3889,-9,-5521
3903,-10,-5499
3933,-22,-5457
4000,31,-5392
4078,84,-5295
4115,112,-5198
4124,162,-5128
4112,163,-5057
4120,206,-4997
4224,291,-4908
4339,344,-4800
4433,343,-4734
4471,302,-4687
4480,212,-4666
4506,141,-4638
4515,74,-4613
4495,41,-4580
4449,20,-4520
4373,15,-4445
4285,23,-4350
4173,56,-4226
4033,94,-4086
3876,112,-3955
3718,127,-3846
3584,112,-3740
3503,49,-3675
3421,-42,-3627
3378,-165,-3587
3370,-331,-3552
3365,-490,-3501
3312,-611,-3432
3191,-698,-3350
3027,-782,-3172
2832,-782,-2961
2655,-743,-2783
2507,-697,-2612
2407,-660,-2433
2324,-606,-2291
2214,-564,-2103
2108,-507,-1829
2038,-443,-1554
1967,-369,-1321
1877,-278,-1079
1822,-135,-879
1848,-57,-693
1945,16,-548
2090,101,-431
2279,159,-357
2481,201,-308
2671,202,-295
2816,172,-323
2894,151,-406
2888,135,-533
2849,129,-592
2744,228,-747
2601,344,-847
2519,520,-932
2496,736,-929
2553,982,-878
2702,1194,-759
2952,1330,-625
3277,1358,-481
3668,1252,-386
4141,1045,-357
4695,806,-373
5288,623,-469
5863,531,-636
6324,537,-816
6524,687,-1010
6461,1050,-1268
6108,1549,-1536
5631,1989,-1855
5086,2387,-2211
4572,2734,-2619
4139,2980,-3077
3710,3172,-3564
3225,3336,-4060
2719,3473,-4532
2257,3536,-4948
1853,3527,-5262
1456,3487,-5470
1051,3399,-5403
619,3336,-5201
236,3346,-4937
-148,3364,-4524
-508,3443,-4101
-918,3502,-3770
-1289,3499,-3458
-1612,3402,-3192
-1856,3364,-3067
-2061,3416,-3069
-2141,3492,-3033
-1918,3595,-2986
-1503,3713,-2959
-1091,3866,-2922
-738,4079,-2964
-452,4306,-3060
-192,4439,-3166
77,4451,-3236
330,4393,-3268
530,4310,-3240
693,4216,-3188
827,4109,-3131
909,3969,-3084
915,3767,-3042
864,3551,-3013
775,3403,-2970
644,3306,-2931
470,3268,-2885
328,3220,-2862
194,3155,-2857
74,3089,-2873
-36,3025,-2885
-119,2966,-2904
-167,2949,-2957
-188,2959,-3037
-182,2986,-3167
-183,3009,-3330
-200,3032,-3487
-198,3045,-3586
-194,3059,-3658
-200,3080,-3694
-235,3084,-3700
-312,3091,-3700
-418,3092,-3689
-514,3069,-3665
-563,3018,-3636
-539,2972,-3578
-477,2945,-3492
-417,2928,-3363
-361,2927,-3207
-328,2938,-3061
-332,2974,-2959
-353,3033,-2944
-373,3087,-2976
-366,3133,-3043
-361,3195,-3093
-343,3252,-3147
-330,3292,-3189
-305,3312,-3195
-278,3331,-3187
-270,3348,-3162
-297,3376,-3070
-332,3426,-2960
-403,3512,-2856
-500,3577,-2753
-618,3629,-2661
-719,3678,-2575
-778,3687,-2474
-790,3695,-2364
-813,3704,-2268
-850,3703,-2166
-863,3718,-2035
-833,3787,-1868
-735,3917,-1672
-581,4120,-1494
-384,4374,-1325
-164,4605,-1116
32,4816,-897
154,5007,-658
190,5174,-413
150,5302,-182
115,5396,14
130,5460,191
182,5503,356
213,5524,492
192,5491,610
105,5470,724
-42,5429,822
-245,5376,899
-511,5348,929
-828,5299,935
-1195,5204,925
-1558,5048,861
-1896,4807,777
-2159,4535,704
-2379,4300,596
-2554,4130,456
-2712,4016,299
-2839,3899,159
-2929,3786,51
-2993,3693,-38
-3054,3651,-115
-3113,3635,-226
-3181,3618,-358
-3231,3593,-485
-3251,3549,-605
-3241,3497,-719
-3196,3447,-808
-3111,3406,-866
-3010,3379,-891
-2899,3369,-899
-2781,3356,-908
-2654,3347,-913
-2524,3334,-913
-2423,3327,-896
-2360,3308,-855
-2317,3282,-803
-2282,3235,-744
-2259,3187,-686
-2248,3130,-644
-2253,3075,-615
-2284,3022,-596
-2341,2967,-591
-2431,2914,-598
-2521,2856,-624
-2605,2790,-671
-2668,2721,-742
-2708,2659,-828
-2726,2602,-915
-2735,2552,-1008
-2740,2491,-1107
-2760,2426,-1198
-2807,2365,-1298
-2865,2309,-1412
-2931,2258,-1540
-2998,2206,-1673
-3051,2153,-1792
-3097,2105,-1888
-3139,2062,-1965
-3166,2020,-2029
-3200,1973,-2079
-3240,1926,-2115
-3283,1888,-2139
-3337,1837,-2149
-3405,1769,-2156
-3457,1696,-2163
-3482,1608,-2173
-3496,1517,-2188
-3502,1430,-2202
-3522,1344,-2217
-3553,1260,-2239
-3580,1182,-2266
-3608,1110,-2298
-3639,1047,-2338
-3673,987,-2385
-3699,932,-2435
-3721,878,-2495
-3718,811,-2575
-3717,741,-2663
-3721,653,-2763
-3705,559,-2874
-3685,473,-2988
-3656,390,-3097
-3621,311,-3198
-3577,225,-3280
-3531,143,-3357
-3502,60,-3432
-3469,-18,-3496
-3383,-68,-3534
-3252,-100,-3537
-3163,-147,-3539
-3166,-189,-3551
-3208,-195,-3564
-3223,-179,-3570
-3207,-181,-3579
-3176,-210,-3586
-3135,-235,-3587
-3085,-285,-3589
-3040,-303,-3658
-3000,-293,-3741
-2959,-304,-3869
-2917,-308,-3978
-2872,-348,-4064
-2818,-425,-4111
-2763,-501,-4120
-2719,-534,-4141
-2685,-550,-4183
-2650,-512,-4272
-2594,-472,-4372
-2554,-491,-4438
-2479,-514,-4533
-2388,-527,-4733
-2352,-515,-4893
-2343,-523,-5018
-2370,-546,-5089
-2389,-472,-5183
-2394,-372,-5254
-2389,-291,-5281
-2368,-235,-5255
-2354,-182,-5204
-2325,-155,-5126
-2296,-133,-5017
-2259,-124,-4868
-2237,-108,-4669
-2214,-103,-4455
-2204,-115,-4260
-2184,-139,-4088
-2170,-171,-3934
-2160,-210,-3800
-2160,-239,-3691
-2158,-262,-3583
-2145,-270,-3490
-2125,-265,-3411
-2092,-249,-3338
-2056,-235,-3279
-2031,-214,-3227
-2009,-186,-3186
-1985,-149,-3155
-1959,-105,-3129
-1928,-60,-3118
-1892,-13,-3119
-1851,31,-3119
-1817,78,-3141
-1788,121,-3177
-1761,170,-3214
-1737,212,-3260
-1721,252,-3307
-1709,290,-3345
-1694,321,-3373
-1671,347,-3400
-1649,366,-3412
-1636,379,-3428
-1633,387,-3446
-1639,391,-3469
-1620,383,-3493
-1585,356,-3509
-1562,320,-3510
-1562,278,-3498
-1588,227,-3457
-1640,150,-3381
-1672,68,-3296
-1671,-34,-3245
-1645,-138,-3245
-1597,-192,-3296
-1540,-240,-3349
-1488,-265,-3428
-1442,-280,-3537
-1403,-303,-3637
-1348,-327,-3716
-1303,-304,-3787
-1253,-240,-3852
-1202,-179,-3865
-1152,-120,-3833
-1119,-90,-3766
-1144,-75,-3673
-1236,-84,-3581
-1368,-99,-3509
-1502,-128,-3458
-1614,-184,-3427
-1708,-253,-3431
-1776,-326,-3439
-1830,-381,-3446
-1880,-425,-3463
-1917,-500,-3452
-1960,-598,-3399
-2004,-678,-3326
-2035,-758,-3250
-2045,-814,-3209
-2001,-914,-3104
-1962,-989,-3012
-1981,-1040,-2925
-2550,-1370,-2935
-3627,-1697,-3054
-4747,-1755,-3558
-5839,-1777,-3917
-6900,-1841,-4176
-7776,-1950,-4286
-8026,-1837,-4372
-7630,-1533,-4425
-6733,-1163,-4276
-5447,-856,-3975
-4060,-754,-3575
-2923,-906,-3180
-2234,-1239,-2867
-2067,-1645,-2596
-2156,-1952,-2359
-2236,-2164,-2156
-2221,-2272,-1955
-2183,-2239,-1787
-2164,-2087,-1661
-2215,-1880,-1593
-2293,-1658,-1574
-2387,-1444,-1595
-2475,-1234,-1646
-2564,-1045,-1730
-2662,-897,-1829
-2768,-798,-1922
-2896,-747,-2018
-3027,-756,-2111
-3144,-802,-2189
-3246,-877,-2244
-3309,-968,-2285
-3363,-1079,-2313
-3399,-1196,-2316
-3414,-1314,-2314
-3402,-1445,-2281
-3367,-1555,-2234
-3307,-1646,-2180
-3233,-1714,-2128
-3164,-1750,-2077
-3094,-1784,-2032
-3032,-1802,-2000
-2995,-1815,-1984
-2971,-1819,-1986
-2923,-1800,-2000
-2869,-1759,-2028
-2828,-1708,-2063
-2793,-1635,-2097
-2738,-1528,-2202
-2695,-1468,-2339
-2662,-1372,-2555
-2645,-1267,-2767
-2617,-1211,-2964
-2582,-1189,-3113
-2555,-1169,-3310
-2519,-1108,-3503
-2490,-1044,-3655
-2479,-1000,-3784
-2457,-939,-3905
-2426,-877,-4004
-2394,-838,-4057
-2343,-800,-4100
-2270,-770,-4114
-2207,-749,-4118
-2140,-731,-4107
-2093,-726,-4087
-2045,-741,-4035
-2040,-751,-3967
-2032,-739,-3903
-2031,-754,-3812
-2038,-773,-3703
-2073,-789,-3598
-2108,-751,-3529
-2149,-762,-3426
-2185,-737,-3359
-2219,-748,-3262
-2277,-747,-3181
-2328,-736,-3119
-2338,-729,-3032
-2282,-710,-2914
-2212,-677,-2815
-2147,-641,-2735
-2161,-643,-2639
-2236,-667,-2564
-2311,-713,-2531
-2385,-790,-2492
-2413,-868,-2471
-2440,-925,-2466
-2449,-949,-2493
-2476,-991,-2527
-2503,-1025,-2589
-2513,-1045,-2690
-2494,-1094,-2716
-2477,-1088,-2786
-2476,-1079,-2855
-2477,-1066,-2934
-2496,-1071,-3021
-2489,-1086,-3110
-2467,-1107,-3172
-2446,-1111,-3242
-2433,-1120,-3321
-2433,-1164,-3361
-2450,-1162,-3437
-2451,-1161,-3500
-2451,-1156,-3553
-2447,-1155,-3586
-2414,-1145,-3626
-2383,-1141,-3665
-2357,-1140,-3697
-2331,-1142,-3717
-2315,-1139,-3734
-2296,-1128,-3741
-2288,-1128,-3735
-2264,-1120,-3730
-2243,-1110,-3707
-2225,-1105,-3681
-2212,-1107,-3649
-2200,-1095,-3595
-2189,-1085,-3540
-2184,-1072,-3483
-2174,-1059,-3420
-2167,-1039,-3361
-2162,-1013,-3304
-2155,-985,-3249
-2152,-957,-3208
-2153,-931,-3173
-2153,-910,-3146
-2162,-892,-3127
-2159,-885,-3117
-2165,-879,-3112
-2169,-875,-3114
-2176,-877,-3123
-2188,-879,-3134
-2204,-884,-3152
-2218,-891,-3169
-2231,-894,-3193
-2246,-906,-3208
-2259,-912,-3223
-2256,-913,-3231
-2249,-905,-3235
-2244,-900,-3230
-2250,-900,-3221
-2263,-908,-3207
-2269,-923,-3195
-2270,-942,-3180
-2271,-963,-3170
-2268,-983,-3161
-2267,-1000,-3162
-2266,-1009,-3164
-2262,-1016,-3173
-2261,-1024,-3183
-2257,-1028,-3198
-2253,-1034,-3205
-2253,-1032,-3220
-2252,-1036,-3232
-2249,-1034,-3237
-2251,-1037,-3241
-2253,-1035,-3243
-2253,-1032,-3243
-2254,-1031,-3244
-2253,-1032,-3245
-2253,-1037,-3244
-2251,-1035,-3242
-2252,-1036,-3239
-2253,-1039,-3240
-2252,-1040,-3236
-2255,-1039,-3229
-2260,-1038,-3227
-2260,-1034,-3225
-2266,-1028,-3222
-2268,-1026,-3216
-2271,-1023,-3210
-2276,-1024,-3209
-2277,-1023,-3204
-2280,-1027,-3201
-2287,-1029,-3204
-2288,-1034,-3206
-2285,-1041,-3204
-2283,-1050,-3206
-2281,-1056,-3210
-2282,-1064,-3211
-2283,-1071,-3215
-2283,-1070,-3213
-2281,-1077,-3213
-2280,-1084,-3213
-2272,-1096,-3218
-2266,-1103,-3223
-2265,-1101,-3223
-2265,-1099,-3224
-2268,-1093,-3222
-2272,-1089,-3220
-2274,-1081,-3220
-2275,-1077,-3222
-2279,-1077,-3215
-2284,-1076,-3211
-2288,-1079,-3212
-2288,-1077,-3210
-2284,-1080,-3207
-2282,-1077,-3208
-2279,-1077,-3205
-2274,-1075,-3204
-2274,-1082,-3206
-2270,-1085,-3209
-2268,-1089,-3217
-2273,-1098,-3225
-2277,-1098,-3229
-2281,-1091,-3230
-2279,-1083,-3228
-2279,-1073,-3225
-2274,-1065,-3222
-2268,-1055,-3216
-2267,-1046,-3209
-2264,-1042,-3205
-2260,-1037,-3200
-2262,-1033,-3192
-2262,-1043,-3192
-2266,-1051,-3184
-2268,-1058,-3178
-2274,-1062,-3171
-2280,-1064,-3169
-2279,-1068,-3168
-2279,-1076,-3166
-2280,-1077,-3166
-2280,-1081,-3171
-2277,-1081,-3173
-2275,-1072,-3178
-2273,-1069,-3185
-2272,-1061,-3194
-2264,-1055,-3207
-2255,-1048,-3226
-2247,-1033,-3260
-2234,-1018,-3306
-2223,-1008,-3366
-2235,-1009,-3426
-2256,-1012,-3495
-2289,-1018,-3558
-2312,-1031,-3610
-2343,-1044,-3662
-2381,-1037,-3718
-2398,-1022,-3792
-2387,-1001,-3883
-2352,-958,-3956
-2321,-907,-4025
-2275,-871,-4084
-2280,-878,-4122
-2380,-966,-4168
-2508,-1094,-4203
-2603,-1226,-4223
-2649,-1324,-4277
-2733,-1386,-4371
-2860,-1428,-4483
-3030,-1474,-4623
-3223,-1530,-4797
-3390,-1612,-4953
-3519,-1700,-5102
-3605,-1774,-5240
-3661,-1835,-5362
-3699,-1878,-5472
-3736,-1904,-5555
-3770,-1889,-5627
-3810,-1841,-5684
-3866,-1783,-5708
-3946,-1721,-5694
-4044,-1656,-5637
-4154,-1589,-5556
-4263,-1517,-5452
-4369,-1450,-5338
-4446,-1381,-5227
-4481,-1325,-5134
-4488,-1272,-5038
-4476,-1226,-4951
-4433,-1181,-4875
-4372,-1141,-4811
-4297,-1094,-4747
-4215,-1035,-4678
-4120,-974,-4602
-4017,-921,-4507
-3926,-842,-4416
-3832,-753,-4314
-3746,-673,-4208
-3654,-611,-4085
-3567,-545,-3954
-3490,-459,-3820
-3420,-364,-3690
-3362,-270,-3557
-3310,-182,-3424
-3283,-94,-3285
-3245,-10,-3151
-3203,66,-3017
-3171,138,-2860
-3125,223,-2709
-3086,316,-2578
-3063,404,-2464
-3042,473,-2370
-3018,523,-2273
-2989,548,-2169
-2969,577,-2067
-2969,615,-1970
-2983,664,-1876
-3014,726,-1788
-3055,793,-1719
-3105,853,-1657
-3127,889,-1590
-3140,918,-1519
-3150,942,-1453
-3173,972,-1393
-3217,1027,-1347
-3252,1091,-1330
-3281,1142,-1322
-3298,1164,-1320
-3292,1172,-1336
-3267,1162,-1338
-3219,1140,-1341
-3173,1127,-1351
-3124,1116,-1357
-3074,1102,-1352
-3036,1089,-1335
-3019,1096,-1318
-3041,1116,-1296
-3071,1139,-1262
-3101,1161,-1220
-3114,1180,-1171
-3118,1198,-1116
-3138,1216,-1053
-3189,1250,-1026
-3237,1263,-1002
-3281,1281,-983
-3304,1285,-981
-3295,1281,-974
-3246,1270,-960
-3181,1249,-951
-3109,1212,-945
-3022,1177,-938
-2928,1145,-942
-2825,1128,-955
-2723,1100,-966
-2617,1062,-965
-2507,1041,-948
-2403,1031,-919
-2313,1012,-888
-2242,1011,-862
-2166,996,-819
-2101,961,-790
-2041,931,-755
-2010,915,-747
-1978,918,-746
-1929,910,-769
-1853,883,-790
-1758,818,-822
-1669,740,-847
-1572,652,-920
-1457,560,-987
-1302,479,-1084
-1148,421,-1215
-985,296,-1344
-852,188,-1502
-721,158,-1674
-616,117,-1863
-483,106,-2017
-345,159,-2226
-224,170,-2417
-114,178,-2564
-4,163,-2708
146,141,-2854
291,99,-3039
449,42,-3163
609,25,-3241
749,-29,-3288
899,-112,-3312
1018,-194,-3373
1112,-271,-3411
1182,-368,-3503
1229,-470,-3633
1273,-558,-3733
1309,-584,-3828
1278,-612,-3950
1206,-543,-4058
1085,-470,-4118
924,-403,-4159
695,-300,-4216
464,-177,-4247
252,4,-4257
57,198,-4232
-123,362,-4248
-243,509,-4232
-377,669,-4270
-451,772,-4326
-469,866,-4343
-453,985,-4400
-466,1076,-4457
-471,1104,-4539
-463,1107,-4611
-449,1102,-4691
-415,1119,-4772
-390,1133,-4840
-362,1161,-4889
-348,1186,-4929
-321,1204,-4941
-290,1209,-4956
-271,1219,-4928
-254,1252,-4920
-261,1308,-4868
-269,1349,-4803
-282,1376,-4746
-339,1380,-4744
-421,1350,-4731
-481,1357,-4675
-521,1434,-4642
-534,1498,-4564
-516,1545,-4526
-475,1621,-4494
-455,1647,-4506
-453,1643,-4542
-459,1600,-4579
-460,1567,-4639
-447,1530,-4687
-431,1524,-4733
-424,1517,-4772
-429,1514,-4828
-446,1510,-4876
-463,1500,-4935
-471,1490,-4985
-475,1472,-5037
-477,1457,-5069
-479,1441,-5097
-487,1423,-5105
-505,1406,-5088
-528,1395,-5055
-552,1393,-5015
-567,1375,-4945
-566,1350,-4871
-576,1346,-4798
-574,1339,-4739
-561,1326,-4684
-536,1318,-4626
-500,1309,-4573
-468,1295,-4527
-449,1268,-4503
-440,1252,-4481
-432,1237,-4471
-422,1213,-4462
-415,1195,-4454
-422,1180,-4438
-436,1174,-4422
-453,1164,-4399
-466,1152,-4367
-479,1143,-4348
-491,1134,-4316
-496,1121,-4287
-501,1110,-4255
-511,1101,-4226
-521,1081,-4197
-530,1063,-4165
-544,1056,-4134
-556,1047,-4111
-575,1030,-4083
-592,1017,-4055
-605,1002,-4034
-609,984,-4012
-608,974,-3986
-606,971,-3965
-609,942,-3940
-607,922,-3913
-619,916,-3891
-635,927,-3865
-656,924,-3830
-677,921,-3795
-688,910,-3773
-698,904,-3759
-705,897,-3747
-713,890,-3733
-715,871,-3734
-708,849,-3741
-695,842,-3746
-688,807,-3746
-681,789,-3746
-672,793,-3736
-665,791,-3725
-662,784,-3708
-663,771,-3679
-658,768,-3654
-662,768,-3630
-665,769,-3602
-668,783,-3583
-676,781,-3567
-683,760,-3552
-683,751,-3535
-683,764,-3519
-686,771,-3498
-682,776,-3482
-680,762,-3469
-680,757,-3457
-670,757,-3451
-662,753,-3449
-651,757,-3445
-646,769,-3445
-635,781,-3445
-624,801,-3449
-623,813,-3439
-624,823,-3428
-634,837,-3415
-646,855,-3411
-650,872,-3416
-647,900,-3419
-643,892,-3428
-633,890,-3443
-622,903,-3450
-604,923,-3465
-587,932,-3475
-577,948,-3482
-571,948,-3477
-554,957,-3473
-543,977,-3469
-535,996,-3465
-528,1014,-3474
-525,1018,-3475
-521,1032,-3485
-501,1033,-3485
-484,1042,-3494
-460,1051,-3501
-433,1050,-3499
-420,1076,-3499
-421,1108,-3509
-436,1127,-3523
-444,1135,-3536
-434,1142,-3546
-420,1153,-3557
-398,1169,-3571
-376,1191,-3582
-353,1220,-3587
-336,1243,-3586
-313,1267,-3589
-280,1295,-3586
-251,1312,-3589
-222,1330,-3596
-187,1356,-3606
-150,1383,-3616
-130,1427,-3633
-103,1471,-3649
-76,1513,-3674
-49,1551,-3712
-27,1602,-3749
-0,1646,-3780
24,1693,-3811
49,1744,-3847
77,1794,-3881
113,1836,-3916
145,1881,-3951
170,1920,-3988
189,1955,-4026
211,1981,-4059
223,2015,-4084
228,2045,-4111
237,2073,-4134
242,2111,-4152
244,2148,-4172
250,2188,-4190
246,2225,-4193
236,2276,-4198
221,2320,-4194
203,2353,-4186
182,2386,-4176
156,2425,-4161
133,2450,-4147
113,2482,-4123
95,2510,-4100
77,2538,-4084
61,2561,-4055
49,2578,-4024
31,2596,-3993
13,2616,-3964
-3,2633,-3936
-22,2645,-3906
-50,2658,-3878
-88,2669,-3845
-131,2682,-3823
-174,2694,-3797
-207,2702,-3778
-239,2708,-3759
-263,2706,-3745
-294,2707,-3731
-324,2704,-3712
-358,2689,-3689
-390,2663,-3666
-416,2640,-3642
-447,2608,-3615
-483,2581,-3582
-520,2549,-3550
-565,2513,-3531
-612,2476,-3531
-651,2438,-3534
-688,2399,-3540
-731,2355,-3558
-766,2314,-3588
-801,2278,-3616
-825,2242,-3668
-851,2205,-3720
-864,2166,-3757
-859,2137,-3787
-864,2096,-3821
-885,2050,-3859
-911,1994,-3886
-938,1957,-3901
-964,1923,-3907
-973,1888,-3898
-968,1859,-3875
-937,1832,-3857
-892,1786,-3839
-833,1731,-3824
-774,1692,-3796
-722,1675,-3749
-684,1654,-3682
-648,1624,-3626
-594,1605,-3575
-534,1569,-3543
-492,1520,-3522
-452,1493,-3500
-402,1465,-3487
-342,1420,-3476
-293,1350,-3471
-255,1300,-3470
-205,1262,-3474
-152,1194,-3483
-109,1109,-3489
-66,1036,-3498
-36,972,-3500
-27,880,-3495
-34,784,-3457
-38,757,-3430
-21,720,-3406
-6,682,-3385
-6,631,-3365
-21,579,-3324
-42,536,-3289
-22,482,-3263
4,421,-3236
32,377,-3213
32,331,-3197
38,298,-3170
53,296,-3137
65,319,-3092
88,358,-3054
102,402,-3034
109,444,-3043
126,470,-3047
152,481,-3049
172,489,-3045
197,490,-3052
233,490,-3063
276,491,-3078
327,498,-3106
374,513,-3141
427,518,-3174
483,519,-3203
530,517,-3223
574,507,-3237
620,490,-3249
659,461,-3273
694,440,-3288
720,427,-3301
738,414,-3325
766,408,-3348
798,396,-3384
830,396,-3422
859,392,-3461
882,397,-3505
899,399,-3532
915,406,-3553
936,404,-3577
964,394,-3604
989,390,-3645
1010,389,-3686
1030,396,-3731
1046,405,-3774
1054,424,-3817
1050,443,-3848
1046,460,-3876
1031,473,-3890
1015,482,-3908
994,494,-3919
975,507,-3918
959,522,-3927
947,535,-3942
937,543,-3967
924,544,-3992
908,536,-4023
892,529,-4049
868,520,-4078
846,496,-4105
831,483,-4150
812,478,-4188
797,473,-4222
797,466,-4241
795,457,-4253
795,459,-4256
788,455,-4255
770,447,-4251
742,445,-4258
716,441,-4263
697,436,-4268
685,431,-4275
677,423,-4279
671,412,-4303
684,404,-4326
703,394,-4356
723,381,-4383
736,357,-4408
750,344,-4436
768,327,-4462
783,314,-4487
796,307,-4502
797,300,-4508
795,296,-4507
784,288,-4499
773,291,-4490
759,305,-4473
749,317,-4449
735,337,-4425
727,362,-4407
717,392,-4395
717,420,-4386
720,438,-4386
723,449,-4382
726,456,-4371
736,459,-4353
751,458,-4328
767,451,-4303
777,438,-4276
784,430,-4252
798,427,-4239
809,418,-4234
818,410,-4226
828,402,-4222
839,397,-4217
851,384,-4216
857,366,-4211
871,343,-4207
888,320,-4206
917,295,-4215
942,280,-4222
959,273,-4228
984,273,-4237
1007,271,-4240
1025,275,-4238
1048,282,-4230
1070,292,-4214
1088,299,-4196
1097,300,-4182
1102,297,-4160
1105,296,-4149
1096,298,-4148
1090,292,-4147
1086,291,-4147
1083,290,-4152
1086,285,-4159
1084,276,-4156
1080,265,-4151
1070,248,-4135
1062,223,-4116
1049,197,-4097
1036,165,-4065
1016,135,-4037
991,110,-4017
962,86,-4011
945,65,-4017
931,44,-4029
917,26,-4046
899,15,-4060
883,-0,-4076
869,-22,-4095
861,-39,-4117
859,-55,-4144
859,-83,-4160
856,-108,-4166
850,-133,-4162
842,-150,-4148
828,-172,-4124
816,-203,-4104
800,-221,-4083
777,-240,-4061
751,-254,-4059
724,-280,-4053
702,-312,-4046
679,-335,-4051
664,-353,-4052
657,-370,-4056
651,-395,-4055
644,-419,-4049
637,-425,-4034
641,-431,-4014
651,-445,-3998
668,-461,-3973
676,-480,-3946
678,-487,-3912
696,-494,-3880
735,-504,-3844
771,-507,-3814
798,-499,-3793
840,-491,-3786
880,-497,-3775
907,-488,-3767
932,-478,-3764
953,-470,-3751
981,-459,-3731
1010,-451,-3695
1043,-450,-3659
1076,-452,-3604
1097,-453,-3551
1120,-455,-3499
1135,-452,-3461
1152,-449,-3441
1182,-450,-3423
1209,-440,-3419
1230,-420,-3421
1241,-402,-3428
1259,-388,-3432
1269,-371,-3428
1265,-350,-3422
1252,-322,-3409
1252,-296,-3396
1240,-292,-3393
1215,-310,-3378
1187,-349,-3376
1128,-364,-3373
1104,-346,-3386
1113,-325,-3395
1163,-338,-3392
1211,-356,-3383
1274,-388,-3374
1334,-424,-3378
1363,-437,-3386
1367,-442,-3412
1372,-449,-3425
1393,-453,-3439
1413,-454,-3430
1417,-436,-3415
1420,-396,-3397
1432,-376,-3375
1458,-394,-3337
1468,-382,-3304
1473,-359,-3298
1456,-339,-3291
1482,-291,-3286
1463,-309,-3266
1514,-308,-3269
1563,-322,-3287
1606,-293,-3321
1589,-300,-3317
1619,-279,-3352
1724,-236,-3345
1794,-248,-3334
1862,-259,-3336
1882,-286,-3333
1867,-311,-3347
1836,-318,-3336
1879,-280,-3321
1963,-276,-3316
2023,-333,-3313
2069,-364,-3312
2066,-357,-3311
2015,-318,-3310
2006,-311,-3318
2018,-287,-3309
2081,-208,-3289
2145,-209,-3276
2202,-249,-3263
2237,-218,-3273
2229,-207,-3266
2202,-224,-3256
2124,-257,-3258
2071,-199,-3235
2081,-157,-3217
2117,-159,-3221
2143,-159,-3225
2298,-80,-3190
2443,-97,-3183
2455,-150,-3184
2379,-198,-3222
2277,-223,-3251
2279,-218,-3258
2370,-244,-3247
2417,-295,-3283
2426,-330,-3298
2464,-301,-3308
2531,-258,-3315
2585,-265,-3299
2613,-294,-3323
2572,-296,-3337
2511,-266,-3339
2536,-230,-3319
2624,-209,-3289
2690,-213,-3268
2662,-248,-3302
2610,-250,-3288
2651,-175,-3241
2705,-127,-3223
2744,-185,-3219
2762,-205,-3231
2798,-218,-3236
2796,-212,-3240
2783,-182,-3237
2837,-166,-3214
2879,-186,-3222
2933,-198,-3216
2988,-165,-3249
3012,-169,-3287
3031,-138,-3322
3053,-158,-3357
3099,-167,-3390
3122,-187,-3421
3131,-227,-3452
3179,-197,-3452
3242,-152,-3442
3310,-98,-3419
3377,-108,-3399
3414,-159,-3406
3431,-196,-3382
3406,-263,-3383
3360,-342,-3405
3319,-426,-3417
3361,-417,-3376
3415,-411,-3322
3461,-410,-3286
3461,-386,-3289
3397,-380,-3305
3344,-386,-3351
3343,-365,-3381
3363,-304,-3390
3373,-199,-3442
3333,-154,-3496
3323,-130,-3544
3331,-143,-3608
3314,-206,-3646
3308,-244,-3658
3258,-331,-3635
3194,-440,-3549
3170,-505,-3466
3136,-560,-3403
3073,-641,-3291
3006,-725,-3169
3020,-761,-3046
3022,-791,-2948
2965,-864,-2878
2943,-863,-2794
2970,-869,-2744
3048,-904,-2730
3081,-936,-2757
3051,-968,-2840
3019,-997,-2963
3051,-1039,-3099
3064,-1091,-3223
3059,-1119,-3284
3084,-1131,-3305
3103,-1150,-3315
3124,-1198,-3309
3154,-1228,-3271
3180,-1260,-3183
3167,-1266,-3105
3159,-1251,-3052
3195,-1181,-3014
3216,-1099,-2935
3168,-934,-2912
3133,-859,-2888
3135,-853,-2890
3215,-871,-2953
3251,-924,-3067
3312,-947,-3229
3383,-886,-3390
3405,-825,-3509
3449,-787,-3578
3522,-751,-3666
3574,-748,-3760
3593,-680,-3821
3553,-610,-3769
3511,-581,-3707
3429,-565,-3658
3352,-574,-3612
3289,-629,-3568
3238,-694,-3529
3203,-794,-3439
3172,-886,-3326
3139,-973,-3231
3100,-1035,-3137
3067,-1078,-3065
3022,-1135,-3002
2982,-1200,-2956
2982,-1267,-2909
2987,-1318,-2877
2993,-1352,-2846
3021,-1364,-2814
3044,-1365,-2786
3059,-1361,-2780
3049,-1332,-2778
3016,-1267,-2781
2981,-1217,-2769
2946,-1185,-2751
2914,-1158,-2729
2883,-1143,-2683
2840,-1136,-2634
2796,-1103,-2582
2734,-1016,-2501
2682,-917,-2437
2659,-856,-2398
2678,-860,-2374
2696,-858,-2375
2726,-843,-2437
2738,-855,-2530
2753,-929,-2637
2779,-1012,-2773
2828,-1068,-2947
2881,-1087,-3131
2952,-1087,-3298
3053,-1078,-3448
3147,-1049,-3520
3225,-1040,-3540
3355,-991,-3720
3489,-898,-3684
3582,-884,-3659
3724,-902,-3672
3895,-944,-3695
4041,-994,-3706
4181,-1090,-3679
4322,-1238,-3601
4465,-1398,-3539
4598,-1561,-3476
4739,-1701,-3398
4890,-1822,-3344
5056,-1942,-3318
5231,-2042,-3311
5389,-2109,-3328
5509,-2120,-3374
5620,-2085,-3435
5706,-2043,-3481
5806,-1996,-3526
5888,-1948,-3536
5937,-1920,-3527
6002,-1880,-3497
6063,-1793,-3471
6093,-1698,-3436
6092,-1641,-3378
6072,-1575,-3323
6060,-1525,-3281
6065,-1515,-3218
6073,-1504,-3164
6071,-1497,-3117
6086,-1511,-3074
6099,-1525,-3025
6102,-1502,-3015
6069,-1528,-2988
6063,-1577,-2968
6047,-1611,-2947
6079,-1658,-2926
6104,-1707,-2904
6129,-1760,-2889
6143,-1834,-2864
6169,-1890,-2840
6198,-1938,-2831
6222,-1996,-2811
6244,-2048,-2790
6239,-2086,-2774
6228,-2119,-2755
6211,-2119,-2725
6213,-2090,-2686
6215,-2037,-2652
6218,-1983,-2578
6220,-1942,-2486
6250,-1922,-2396
6295,-1924,-2315
6332,-1934,-2241
6337,-1939,-2150
6300,-1939,-2032
6249,-1935,-1891
6196,-1906,-1761
6138,-1869,-1629
6069,-1831,-1506
6002,-1795,-1395
5947,-1782,-1289
5888,-1769,-1200
5815,-1738,-1138
5724,-1696,-1069
5632,-1672,-994
5550,-1661,-945
5480,-1658,-895
5415,-1659,-836
5354,-1664,-767
5277,-1671,-687
5199,-1677,-608
5100,-1659,-550
4998,-1634,-485
4902,-1632,-432
4808,-1671,-394
4708,-1708,-328
4595,-1722,-283
4474,-1716,-243
4323,-1718,-230
4163,-1721,-230
4007,-1718,-229
3870,-1717,-230
3748,-1703,-222
3629,-1687,-199
3499,-1675,-222
3347,-1687,-246
3165,-1693,-220
2958,-1674,-147
2766,-1653,-87
2606,-1611,-99
2485,-1565,-135
2364,-1525,-171
2237,-1485,-205
2100,-1452,-232
1960,-1432,-249
1831,-1423,-259
1721,-1425,-288
1628,-1428,-315
1542,-1434,-353
1468,-1428,-393
1405,-1403,-398
1326,-1371,-374
1256,-1349,-366
1211,-1349,-413
1232,-1338,-549
1286,-1358,-665
1301,-1419,-722
1269,-1496,-789
1227,-1601,-876
1192,-1746,-967
1164,-1885,-1057
1132,-1970,-1138
1101,-1982,-1210
1063,-1949,-1261
1030,-1892,-1307
1010,-1833,-1357
984,-1786,-1416
954,-1750,-1481
922,-1712,-1547
898,-1680,-1618
883,-1657,-1692
881,-1628,-1758
881,-1592,-1823
877,-1560,-1882
867,-1536,-1938
854,-1507,-1991
846,-1475,-2032
840,-1421,-2072
827,-1365,-2107
814,-1285,-2143
800,-1202,-2197
794,-1119,-2235
792,-1033,-2271
813,-937,-2296
841,-880,-2328
872,-822,-2350
891,-782,-2388
869,-741,-2447
886,-703,-2471
917,-674,-2482
945,-657,-2499
958,-645,-2517
957,-615,-2524
956,-578,-2526
951,-543,-2537
962,-507,-2539
969,-498,-2519
968,-492,-2506
977,-511,-2514
980,-551,-2553
972,-563,-2572
955,-572,-2586
938,-583,-2608
927,-599,-2634
910,-610,-2641
887,-637,-2642
844,-667,-2652
792,-680,-2645
756,-671,-2633
744,-668,-2605
727,-689,-2574
724,-698,-2558
730,-702,-2532
742,-714,-2504
759,-729,-2486
779,-740,-2464
806,-748,-2432
835,-749,-2397
872,-747,-2367
908,-727,-2321
922,-709,-2286
905,-675,-2247
891,-624,-2191
874,-565,-2128
849,-507,-2062
824,-453,-1982
816,-389,-1891
786,-370,-1810
745,-340,-1729
706,-325,-1677
713,-318,-1645
792,-380,-1624
957,-479,-1692
1256,-588,-1938
1635,-852,-2264
2027,-1244,-2612
2365,-1597,-2943
2616,-1875,-3234
2758,-2059,-3442
2874,-2209,-3610
2925,-2268,-3736
2938,-2342,-3839
2978,-2368,-3904
3010,-2408,-3953
2973,-2424,-3964
2897,-2389,-3918
2817,-2267,-3779
2705,-2136,-3560
2538,-1945,-3259
2358,-1720,-2895
2210,-1492,-2502
2085,-1266,-2096
1991,-1024,-1763
1871,-831,-1484
1752,-678,-1315
1657,-541,-1190
1571,-476,-1171
1553,-465,-1236
1522,-550,-1311
1555,-687,-1506
1577,-964,-1830
1571,-1255,-2329
1882,-1584,-2988
2576,-2043,-3822
3690,-2925,-5092
5133,-4563,-6937
6749,-7061,-8874
8095,-9664,-10206
8615,-10853,-10796
7796,-10058,-10070
6516,-8167,-8553
5550,-6496,-6747
4903,-5287,-4981
4386,-4270,-3422
3855,-3295,-2110
3365,-2363,-1072
2943,-1529,-184
2538,-627,460
2191,215,891
1984,917,1076
1985,1348,1031
2143,1314,717
2442,855,206
2951,13,-449
3446,-988,-1163
3809,-2073,-1860
4046,-3232,-2353
4211,-4279,-2603
4284,-4971,-2658
4236,-5257,-2518
4084,-5151,-2267
3866,-4785,-1954
3648,-4299,-1672
3422,-3745,-1513
3159,-3163,-1461
2908,-2624,-1487
2698,-2194,-1572
2570,-1913,-1668
2510,-1783,-1762
2490,-1801,-1827
2532,-1932,-1888
2624,-2137,-1942
2727,-2358,-1991
2810,-2558,-2006
2870,-2715,-1988
2920,-2844,-1948
2978,-2957,-1886
3066,-3064,-1810
3149,-3136,-1746
3204,-3154,-1690
3235,-3140,-1626
3242,-3083,-1574
3261,-3035,-1518
3296,-3009,-1483
3348,-3042,-1474
3377,-3105,-1438
3416,-3155,-1398
3444,-3197,-1360
3446,-3219,-1327
3449,-3227,-1306
3440,-3227,-1287
3431,-3215,-1270
3406,-3192,-1256
3367,-3152,-1255
3329,-3108,-1264
3309,-3071,-1284
3282,-3050,-1302
3271,-3055,-1328
3253,-3085,-1351
3227,-3123,-1368
3177,-3169,-1376
3104,-3181,-1375
3042,-3192,-1367
3001,-3210,-1337
2968,-3238,-1296
2931,-3256,-1246
2891,-3276,-1200
2857,-3302,-1161
2825,-3326,-1129
2803,-3358,-1095
2779,-3382,-1060
2762,-3397,-1021
2758,-3420,-977
2760,-3440,-942
2763,-3465,-941
2754,-3499,-931
2751,-3517,-930
2759,-3526,-934
2769,-3522,-950
2790,-3513,-974
2812,-3492,-976
2823,-3458,-958
2829,-3415,-916
2836,-3364,-865
2847,-3325,-830
2864,-3310,-806
2884,-3321,-786
2891,-3337,-764
2877,-3350,-729
2850,-3348,-712
2835,-3337,-733
2841,-3351,-765
2849,-3381,-801
2857,-3390,-840
2873,-3390,-870
2859,-3379,-867
2831,-3357,-849
2801,-3310,-826
2778,-3249,-792
2756,-3183,-753
2742,-3129,-712
2736,-3090,-678
2734,-3061,-643
2738,-3049,-615
2754,-3033,-578
2775,-3034,-547
2799,-3043,-527
2829,-3048,-506
2856,-3051,-493
2875,-3056,-476
2892,-3053,-458
2894,-3026,-434
2906,-2990,-404
2912,-2946,-367
2912,-2891,-331
2902,-2845,-299
2897,-2799,-273
2903,-2779,-247
2907,-2774,-235
2908,-2738,-234
2915,-2718,-232
2917,-2708,-220
2916,-2685,-226
2910,-2647,-232
2910,-2625,-254
2905,-2604,-274
2896,-2591,-266
2884,-2561,-239
2886,-2520,-206
2873,-2485,-184
2861,-2440,-172
2849,-2415,-161
2834,-2398,-146
2830,-2381,-129
2853,-2377,-112
2846,-2387,-113
2859,-2385,-148
2867,-2416,-165
2857,-2428,-161
2860,-2400,-155
2859,-2377,-146
2862,-2354,-124
2849,-2341,-91
2841,-2323,-47
2841,-2318,-12
2836,-2310,15
2822,-2318,39
2837,-2309,48
2877,-2330,32
2910,-2368,-5
2947,-2384,-65
2984,-2414,-127
3014,-2452,-153
3047,-2474,-159
3069,-2481,-139
3075,-2478,-104
3085,-2440,-43
3098,-2405,33
3108,-2367,116
3126,-2341,173
3151,-2340,225
3168,-2355,264
3196,-2351,282
3231,-2370,285
3262,-2371,280
3295,-2363,269
3322,-2348,258
3341,-2322,237
3347,-2302,204
3356,-2281,206
3359,-2279,211
3350,-2277,219
3340,-2287,231
3329,-2292,246
3343,-2279,268
3354,-2274,284
3357,-2276,317
3372,-2299,336
3404,-2293,357
3436,-2286,358
3441,-2309,364
3452,-2309,371
3478,-2305,358
3503,-2307,366
3511,-2303,364
3514,-2286,355
3516,-2285,349
3523,-2267,354
3528,-2248,355
3528,-2219,371
3534,-2203,381
3546,-2188,372
3563,-2170,352
3585,-2159,350
3611,-2133,342
3646,-2099,327
3664,-2085,306
3666,-2084,291
3655,-2065,287
3659,-2042,307
3677,-2015,306
3696,-2009,307
3703,-1999,320
3711,-1982,345
3714,-1967,367
3724,-1952,387
3740,-1941,399
3744,-1936,386
3755,-1928,354
3775,-1927,330
3790,-1925,311
3809,-1913,288
3840,-1889,263
3874,-1880,258
3911,-1881,278
3950,-1891,301
3995,-1905,323
4025,-1912,347
4060,-1895,379
4083,-1871,411
4113,-1848,437
4133,-1842,477
4165,-1834,521
4203,-1831,544
4233,-1831,581
4259,-1823,614
4286,-1790,655
4321,-1760,710
4368,-1808,723
4413,-1906,732
4377,-1865,728
4337,-1778,717
4318,-1743,712
4307,-1719,713
4320,-1697,719
4353,-1661,730
4369,-1636,734
4377,-1624,740
4367,-1616,746
4379,-1621,728
4351,-1618,737
4305,-1606,734
4297,-1582,722
4319,-1547,692
4310,-1522,691
4295,-1494,697
4288,-1473,697
4300,-1457,699
4327,-1435,676
4312,-1427,660
4282,-1419,640
4268,-1414,624
4263,-1403,597
4265,-1378,560
4271,-1362,552
4281,-1342,531
4282,-1336,516
4277,-1327,513
4267,-1314,507
4250,-1306,520
4234,-1297,510
4229,-1290,509
4217,-1282,500
4206,-1273,488
4189,-1267,476
4170,-1255,464
4154,-1245,451
4145,-1233,427
4130,-1225,421
4108,-1216,427
4079,-1203,416
4055,-1182,412
4034,-1167,415
4015,-1153,408
4006,-1151,402
4002,-1142,398
3986,-1127,396
3970,-1124,391
3957,-1124,366
3918,-1121,367
3886,-1120,358
3868,-1118,341
3844,-1123,327
3820,-1126,319
3807,-1128,307
3792,-1134,289
3770,-1136,273
3743,-1133,259
3719,-1129,239
3715,-1133,221
3711,-1141,214
3720,-1152,196
3716,-1160,203
3692,-1170,218
3668,-1165,205
3658,-1174,180
3650,-1186,169
3659,-1201,153
3657,-1224,129
3641,-1234,110
3626,-1237,100
3629,-1236,95
3620,-1236,105
3617,-1238,110
3615,-1248,108
3619,-1266,103
3617,-1288,115
3600,-1283,103
3559,-1281,76
3518,-1286,53
3497,-1299,33
3506,-1325,19
3512,-1346,12
3507,-1350,8
3513,-1343,5
3517,-1349,0
3511,-1369,0
3495,-1364,-15
3474,-1372,-23
3462,-1376,-40
3461,-1381,-43
3485,-1392,-57
3491,-1423,-63
3481,-1459,-74
3490,-1473,-94
3500,-1489,-104
3489,-1498,-98
3491,-1490,-120
3498,-1490,-135
3507,-1502,-138
3506,-1506,-149
3493,-1506,-157
3472,-1505,-164
3447,-1505,-177
3444,-1511,-188
3460,-1504,-200
3461,-1504,-193
3464,-1495,-182
3467,-1488,-182
3464,-1485,-177
3477,-1471,-176
3493,-1468,-172
3502,-1460,-168
3507,-1451,-161
3511,-1455,-165
3518,-1451,-174
3524,-1450,-181
3531,-1456,-187
3546,-1446,-198
3564,-1423,-226
3594,-1407,-243
3610,-1405,-230
3613,-1397,-236
3603,-1398,-242
3610,-1408,-245
3628,-1413,-229
3653,-1420,-204
3708,-1416,-187
3761,-1409,-154
3802,-1416,-126
3829,-1420,-107
3840,-1420,-82
3828,-1402,-45
3826,-1375,-6
3816,-1348,27
3816,-1341,58
3818,-1332,80
3830,-1317,101
3828,-1304,119
3846,-1289,125
3889,-1283,134
3920,-1272,144
3954,-1264,159
3988,-1246,154
4006,-1226,148
4028,-1221,147
4040,-1198,153
4064,-1190,152
4064,-1191,134
4069,-1209,134
4098,-1206,135
4158,-1187,124
4249,-1164,137
4366,-1135,167
4491,-1143,183
4596,-1166,187
4685,-1171,179
4751,-1169,137
4833,-1201,127
4927,-1214,110
5043,-1233,91
5140,-1251,91
5241,-1271,105
5312,-1286,122
5359,-1289,139
5381,-1269,152
5383,-1261,170
5369,-1247,191
5338,-1230,207
5295,-1197,223
5249,-1161,231
5204,-1121,234
5179,-1077,235
5163,-1024,238
5128,-961,234
5082,-899,230
5020,-845,221
4946,-790,222
4855,-731,213
4753,-678,204
4637,-624,200
4520,-584,201
4404,-557,199
4291,-538,202
4186,-517,209
4087,-503,220
4004,-497,239
3943,-503,258
3902,-525,271
3886,-560,272
3884,-592,271
3897,-623,268
3909,-654,267
3919,-679,272
3934,-701,274
3947,-714,275
3960,-726,269
3955,-742,257
3953,-770,243
3947,-789,225
3931,-813,206
3922,-826,181
3909,-842,162
3897,-849,135
3873,-865,106
3840,-880,77
3810,-880,48
3773,-876,24
3738,-872,5
3702,-866,-15
3664,-853,-29
3627,-834,-45
3595,-811,-57
3571,-789,-68
3552,-779,-87
3545,-776,-105
3539,-778,-132
3539,-780,-157
3537,-784,-184
3543,-787,-215
3529,-780,-257
3536,-759,-238
3574,-723,-252
3605,-766,-285
3576,-851,-324
3539,-938,-358
3529,-968,-394
3531,-969,-426
3541,-971,-453
3539,-981,-485
3547,-994,-516
3559,-996,-548
3569,-999,-575
3565,-1007,-606
3556,-1019,-633
3543,-1023,-660
3531,-1007,-689
3521,-983,-720
3544,-971,-762
3578,-975,-799
3569,-1005,-819
3549,-1036,-852
3541,-1040,-893
3537,-1034,-918
3541,-1027,-949
3551,-1032,-984
3572,-1043,-1009
3592,-1051,-1017
3590,-1044,-1025
3591,-1037,-1027
3602,-1038,-1024
3614,-1039,-1014
3615,-1037,-1008
3610,-1029,-1002
3608,-1018,-994
3601,-1010,-987
3586,-997,-983
3572,-986,-984
3565,-972,-985
3559,-966,-981
3552,-954,-974
3543,-941,-977
3544,-931,-980
3541,-920,-986
3533,-914,-987
3526,-912,-994
3516,-907,-995
3509,-899,-1001
3500,-890,-1008
3495,-879,-1019
3490,-861,-1029
3488,-846,-1041
3491,-834,-1055
3493,-826,-1069
3500,-817,-1082
3514,-809,-1098
3529,-804,-1125
3550,-799,-1146
3572,-796,-1170
3593,-784,-1198
3616,-775,-1231
3640,-771,-1256
3674,-770,-1279
3701,-765,-1309
3728,-756,-1334
3759,-754,-1356
3788,-758,-1384
3810,-761,-1407
3829,-757,-1430
3855,-750,-1444
3865,-737,-1456
3874,-716,-1472
3884,-688,-1490
3900,-656,-1507
3920,-619,-1523
3930,-573,-1544
3936,-536,-1564
3944,-513,-1576
3954,-490,-1603
3977,-470,-1638
3989,-459,-1658
4000,-442,-1670
4015,-430,-1675
4032,-423,-1687
4032,-418,-1710
4039,-423,-1749
4062,-433,-1809
4095,-449,-1876
4142,-476,-1941
4199,-523,-1998
4262,-573,-2044
4331,-616,-2091
4411,-641,-2136
4492,-671,-2173
4571,-694,-2197
4642,-701,-2210
4723,-704,-2218
4795,-696,-2218
4876,-677,-2206
4967,-648,-2192
5067,-621,-2169
5172,-595,-2129
5279,-565,-2078
5389,-523,-2021
5488,-480,-1969
5577,-419,-1927
5647,-342,-1895
5688,-256,-1885
5719,-186,-1831
5676,-103,-1783
5625,-10,-1730
5556,63,-1681
5482,86,-1620
5397,62,-1541
5304,8,-1438
5199,-61,-1320
5090,-142,-1189
4985,-219,-1051
4877,-284,-925
4772,-335,-804
4665,-381,-698
4568,-422,-597
4466,-447,-515
4375,-461,-452
4292,-467,-402
4219,-465,-360
4157,-455,-333
4111,-440,-318
4083,-428,-310
4071,-415,-311
4069,-413,-327
4075,-417,-355
4095,-442,-387
4127,-471,-428
4165,-511,-454
4209,-567,-475
4246,-635,-477
4274,-707,-468
4291,-764,-452
4311,-819,-437
4323,-867,-419
4333,-906,-396
4334,-925,-373
4325,-930,-352
4313,-932,-338
4311,-908,-319
4314,-869,-298
4305,-823,-278
4300,-773,-269
4292,-729,-253
4276,-692,-233
4249,-657,-210
4225,-635,-181
4208,-617,-161
4197,-602,-149
4185,-582,-148
4169,-556,-156
4154,-518,-162
4141,-490,-165
4121,-468,-164
4095,-454,-173
4068,-446,-183
4039,-449,-199
4008,-480,-219
3985,-508,-240
3971,-546,-266
3971,-568,-287
3963,-603,-322
3960,-642,-351
3962,-663,-387
3942,-696,-423
3933,-747,-478
3920,-795,-517
3914,-846,-536
3912,-891,-543
3928,-913,-547
3919,-946,-541
3900,-973,-542
3880,-988,-528
3862,-977,-519
3842,-952,-509
3814,-920,-489
3793,-895,-467
3782,-868,-451
3780,-839,-437
3774,-828,-428
3757,-841,-415
3713,-867,-416
3682,-902,-429
3653,-944,-444
3623,-1005,-484
3593,-1061,-530
3567,-1127,-576
3543,-1181,-612
3512,-1225,-651
3484,-1264,-692
3456,-1304,-731
3430,-1347,-762
3403,-1393,-794
3380,-1416,-829
3364,-1418,-862
3353,-1415,-878
3339,-1421,-895
3331,-1425,-917
3325,-1433,-928
3327,-1448,-938
3327,-1467,-933
3317,-1477,-938
3298,-1467,-948
3281,-1458,-965
3271,-1457,-981
3271,-1463,-1006
3273,-1479,-1040
3279,-1506,-1067
3287,-1543,-1091
3297,-1591,-1112
3312,-1647,-1132
3327,-1697,-1164
3346,-1734,-1194
3355,-1768,-1225
3367,-1790,-1247
3373,-1812,-1260
3375,-1819,-1278
3383,-1816,-1302
3391,-1816,-1316
3392,-1818,-1320
3391,-1819,-1319
3388,-1824,-1312
3386,-1820,-1315
3382,-1813,-1314
3379,-1808,-1315
3373,-1810,-1320
3369,-1815,-1324
3365,-1822,-1322
3355,-1820,-1339
3356,-1807,-1366
3356,-1790,-1388
3357,-1793,-1397
3362,-1814,-1394
3366,-1823,-1398
3362,-1833,-1402
3363,-1837,-1411
3355,-1829,-1420
3350,-1827,-1424
3349,-1832,-1421
3343,-1830,-1417
3343,-1827,-1412
3344,-1837,-1414
3348,-1849,-1420
3358,-1852,-1422
3372,-1853,-1424
3384,-1859,-1442
3405,-1859,-1461
3426,-1861,-1483
3451,-1859,-1511
3489,-1847,-1538
3536,-1834,-1559
3580,-1823,-1573
3612,-1823,-1583
3645,-1818,-1597
3673,-1809,-1610
3715,-1793,-1619
3748,-1780,-1618
3773,-1761,-1618
3791,-1735,-1611
3806,-1726,-1584
3822,-1700,-1566
3827,-1683,-1537
3840,-1648,-1526
3855,-1613,-1518
3870,-1573,-1502
3882,-1543,-1488
3895,-1524,-1475
3919,-1508,-1459
3939,-1495,-1447
3960,-1491,-1435
3986,-1486,-1430
4006,-1477,-1423
4009,-1468,-1407
4007,-1451,-1401
4010,-1425,-1396
4015,-1388,-1397
4024,-1356,-1385
4043,-1330,-1377
4047,-1293,-1374
4049,-1280,-1367
4053,-1259,-1362
4058,-1228,-1359
4063,-1217,-1347
4072,-1204,-1330
4092,-1180,-1322
4122,-1166,-1328
4158,-1151,-1345
4191,-1136,-1356
4237,-1154,-1344
4279,-1201,-1331
4326,-1242,-1311
4376,-1290,-1279
4430,-1338,-1250
4500,-1367,-1220
4557,-1404,-1187
4605,-1433,-1166
4661,-1453,-1142
4717,-1472,-1120
4771,-1494,-1108
4825,-1507,-1096
4870,-1509,-1095
4904,-1511,-1105
4947,-1487,-1102
4966,-1468,-1105
4974,-1432,-1124
4962,-1390,-1147
4947,-1346,-1158
4929,-1307,-1154
4897,-1252,-1141
4832,-1183,-1112
4761,-1103,-1079
4698,-1025,-1057
4643,-952,-1055
4602,-882,-1097
4505,-783,-1114
4405,-707,-1130
4310,-632,-1149
4254,-534,-1141
4215,-429,-1106
4165,-360,-1064
4100,-301,-1037
4044,-251,-1020
3998,-204,-986
3937,-163,-951
3881,-130,-906
3851,-92,-856
3835,-71,-801
3837,-76,-754
3841,-89,-755
3859,-99,-774
3884,-122,-772
3893,-187,-732
3884,-279,-694
3883,-344,-675
3896,-346,-679
3914,-286,-692
3920,-192,-716
3928,-76,-752
3947,40,-811
3995,140,-884
4059,238,-993
4070,335,-1096
4077,396,-1183
4070,473,-1238
4050,538,-1270
4030,592,-1258
4009,638,-1237
3998,655,-1214
3981,655,-1176
3959,642,-1116
3949,623,-1070
3946,574,-1015
3936,519,-948
3940,468,-891
3954,406,-835
3956,344,-772
3950,304,-707
3954,268,-647
3967,225,-584
3981,186,-534
3981,171,-492
3972,166,-452
3970,161,-416
3959,158,-394
3950,164,-377
3934,172,-352
3917,177,-323
3902,193,-301
3886,219,-277
3874,244,-261
3858,254,-248
3844,244,-240
3840,229,-243
3844,213,-244
3855,195,-235
3861,189,-227
3865,182,-223
3873,177,-214
3893,177,-207
3889,183,-203
3886,177,-209
3880,164,-213
3872,152,-239
3875,133,-254
3874,108,-274
3885,90,-290
3892,75,-323
3910,73,-340
3912,65,-364
3902,40,-395
3887,22,-414
3878,22,-424
3874,29,-427
3877,36,-429
3866,53,-432
3854,63,-425
3833,64,-433
3823,67,-446
3808,62,-476
3791,55,-508
3784,35,-538
3778,23,-567
3773,7,-595
3782,-0,-618
3765,-18,-643
3752,-26,-659
3745,-19,-679
3742,-8,-701
3735,8,-728
3719,19,-748
3703,23,-766
