-174,203,-96
-178,215,-72
-175,220,-51
-175,225,-33
-172,238,-10
-169,254,11
-166,264,34
-165,269,49
-169,275,68
-168,284,80
-173,285,102
-175,280,119
-176,275,133
-175,261,150
-172,243,166
-162,221,177
-142,198,190
-124,174,204
-104,152,221
-83,126,236
-73,97,256
-70,76,274
-66,55,283
-50,45,288
-27,55,280
19,70,262
79,103,233
127,150,194
155,201,145
153,264,96
123,325,51
84,366,12
48,380,-18
17,363,-41
-10,339,-56
-24,313,-67
-14,277,-76
8,232,-82
33,186,-86
69,131,-94
109,63,-101
156,-8,-112
210,-79,-124
263,-150,-137
313,-222,-150
358,-283,-167
398,-329,-187
433,-358,-212
454,-367,-233
476,-363,-255
491,-340,-275
507,-306,-293
523,-266,-302
546,-222,-309
572,-163,-313
608,-90,-329
645,-3,-356
680,115,-404
701,250,-473
701,372,-558
668,438,-646
595,418,-707
493,296,-732
368,75,-716
228,-189,-667
78,-476,-593
-56,-733,-509
-143,-912,-424
-188,-1012,-351
-199,-1050,-289
-193,-1040,-239
-185,-999,-203
-184,-927,-180
-178,-833,-159
-158,-732,-130
-114,-638,-100
-71,-559,-75
-41,-493,-51
-25,-426,-25
7,-343,-6
78,-229,-15
168,-95,-25
243,43,-30
298,187,-37
318,314,-38
317,411,-24
309,479,0
312,519,23
307,535,48
281,530,80
226,497,119
118,443,165
-13,366,220
-129,273,278
-227,174,334
-295,80,390
-321,-3,433
-318,-65,462
-306,-102,486
-281,-119,500
-255,-111,511
-238,-93,524
-236,-75,544
-233,-50,558
-221,-15,573
-218,0,585
-231,-4,595
-252,-16,605
-274,-20,617
-277,-14,622
-275,-2,628
-277,11,630
-296,28,630
-324,42,631
-383,43,645
-417,61,655
-390,110,629
-353,169,592
-347,203,572
-370,207,564
-387,192,549
-413,173,545
-424,163,538
-390,160,519
-353,169,499
-309,185,463
-263,194,431
-248,189,414
-254,185,392
-248,184,371
-247,181,359
-242,171,348
-231,161,333
-234,154,315
-232,144,296
-233,129,278
-235,117,265
-235,105,249
-233,98,232
-227,112,220
-212,133,214
-201,140,203
-201,142,191
-203,156,179
-201,179,169
-196,207,158
-193,235,153
-192,249,146
-192,254,135
-198,258,121
-200,253,105
-210,245,91
-213,233,74
-223,223,61
-229,208,45
-238,197,25
-241,188,6
-249,183,-11
-263,187,-30
-282,201,-49
-289,211,-61
-281,222,-78
-283,227,-89
-285,228,-102
-294,223,-114
-310,221,-126
-325,221,-138
-339,217,-152
-353,208,-169
-371,206,-182
-385,197,-189
-398,184,-200
-410,160,-207
-447,123,-207
-501,82,-204
-539,47,-199
-545,8,-193
-502,-17,-192
-419,-24,-188
-305,-7,-186
-202,39,-182
-136,101,-179
-122,180,-174
-142,269,-164
-187,354,-152
-223,431,-134
-228,491,-105
-211,536,-72
-188,567,-36
-182,580,8
-184,562,50
-195,518,90
-212,466,128
-229,405,156
-246,338,180
-265,261,197
-276,186,207
-285,120,211
-293,64,207
-296,20,198
-298,-7,186
-295,-10,174
-297,18,163
-313,61,159
-338,118,152
-375,169,143
-415,204,135
-458,225,130
-501,240,131
-523,257,136
-516,271,150
-481,284,175
-424,295,210
-353,298,252
-273,288,298
-194,262,353
-109,209,412
-14,132,470
100,51,518
207,-30,552
306,-94,573
400,-155,594
496,-208,616
605,-243,632
721,-250,634
809,-228,629
840,-185,613
788,-134,595
669,-100,574
506,-92,545
325,-118,510
156,-168,476
19,-223,424
-70,-268,352
-129,-300,271
-163,-326,185
-181,-347,98
-170,-364,17
-150,-362,-49
-124,-345,-107
-107,-328,-160
-107,-295,-202
-124,-251,-224
-158,-215,-235
-196,-188,-241
-229,-173,-250
-260,-171,-254
-264,-169,-255
-240,-160,-260
-198,-146,-264
-147,-156,-266
-82,-181,-273
8,-192,-292
123,-179,-311
208,-167,-325
257,-185,-331
266,-232,-338
247,-286,-348
232,-334,-366
222,-380,-382
201,-403,-396
178,-405,-415
160,-397,-431
142,-376,-448
134,-340,-467
137,-287,-477
149,-231,-486
169,-173,-501
183,-108,-509
187,-72,-505
184,-63,-503
179,-63,-499
186,-70,-487
205,-88,-474
215,-114,-463
224,-134,-454
234,-152,-444
229,-171,-428
215,-192,-411
185,-219,-385
168,-254,-360
167,-283,-342
163,-297,-324
150,-300,-313
129,-287,-303
120,-263,-292
124,-226,-286
139,-186,-287
157,-133,-291
163,-80,-292
166,-33,-293
158,26,-289
140,81,-279
118,130,-270
85,168,-267
65,192,-266
69,210,-258
69,244,-253
63,287,-242
55,314,-228
57,319,-209
56,312,-186
51,297,-163
46,278,-137
49,251,-105
56,222,-73
58,193,-49
59,168,-29
53,152,-13
47,145,8
47,141,28
43,149,43
40,160,57
39,177,62
37,191,68
39,211,72
36,231,74
40,244,79
47,253,85
54,261,92
60,267,100
64,273,111
74,276,120
85,282,131
95,296,144
107,307,153
121,325,157
140,350,160
159,375,159
178,400,155
206,417,148
238,428,128
254,428,107
238,429,86
203,427,63
172,413,46
146,391,37
128,366,32
119,343,35
118,335,29
122,332,24
134,330,15
134,319,5
137,287,-12
139,238,-32
154,173,-49
179,97,-66
218,18,-90
252,-55,-114
279,-120,-140
292,-182,-162
303,-233,-179
312,-266,-190
314,-279,-201
313,-281,-214
303,-265,-227
296,-233,-234
301,-195,-239
316,-158,-246
340,-112,-253
375,-60,-267
426,21,-302
477,118,-353
535,226,-412
603,327,-476
646,377,-540
636,355,-580
561,241,-596
436,40,-581
290,-198,-553
136,-454,-511
-15,-668,-470
-135,-835,-425
-240,-954,-381
-324,-1024,-346
-378,-1045,-325
-400,-1012,-306
-395,-934,-293
-368,-819,-283
-341,-684,-273
-317,-551,-263
-292,-422,-247
-245,-305,-223
-183,-204,-192
-113,-126,-150
-60,-65,-102
-11,-11,-50
35,44,8
66,85,78
85,119,145
102,151,206
119,188,263
140,239,305
156,309,337
158,393,354
156,476,359
132,550,349
85,591,331
26,589,321
-31,541,321
-84,463,332
-142,367,352
-208,252,367
-271,136,391
-338,20,421
-398,-74,453
-433,-154,486
-454,-219,518
-471,-259,552
-467,-286,577
-440,-307,595
-405,-301,597
-385,-279,595
-396,-256,602
-432,-226,612
-477,-168,617
-509,-95,615
-521,-9,608
-510,108,589
-482,224,561
-444,326,534
-409,404,507
-386,463,490
-376,502,479
-375,520,473
-386,504,476
-395,462,480
-406,407,486
-400,332,491
-391,259,491
-374,188,494
-360,130,486
-346,82,474
-335,45,460
-324,19,436
-316,1,412
-312,-7,390
-308,-3,364
-295,-2,340
-270,3,317
-246,19,294
-225,43,270
-198,72,246
-177,96,225
-155,112,207
-136,125,193
-113,136,185
-93,148,176
-79,156,166
-66,162,159
-54,158,150
-48,154,145
-46,147,138
-43,141,135
-40,137,124
-31,138,107
-24,142,87
-11,143,67
3,139,46
10,137,26
20,141,0
25,145,-21
26,149,-36
30,157,-52
27,167,-71
21,183,-91
11,203,-113
0,216,-135
-4,217,-149
-1,201,-163
-4,176,-172
-11,147,-175
-33,108,-179
-73,66,-182
-120,35,-180
-148,9,-179
-140,2,-190
-102,5,-196
-52,9,-202
2,18,-200
58,38,-193
116,67,-185
172,118,-186
206,198,-195
204,294,-194
166,400,-189
108,499,-179
59,577,-160
27,621,-136
4,627,-102
-15,585,-63
-24,504,-28
-34,397,14
-38,278,49
-52,155,78
-75,47,97
-99,-39,107
-123,-104,115
-137,-165,111
-147,-200,103
-157,-223,92
-160,-230,77
-156,-215,60
-149,-182,41
-147,-143,21
-162,-107,9
-185,-84,-1
-204,-91,-4
-189,-109,-4
-149,-124,1
-105,-127,16
-79,-109,51
-51,-90,93
-3,-74,145
75,-66,206
172,-64,271
299,-65,339
430,-73,406
541,-91,461
629,-116,505
687,-142,542
733,-153,571
769,-149,591
806,-125,600
840,-81,599
849,-16,579
807,75,547
728,155,504
630,218,457
526,248,399
431,243,328
338,206,255
246,147,174
168,79,93
114,14,15
75,-30,-53
40,-45,-109
1,-43,-163
-39,-30,-196
-80,-34,-218
-126,-63,-231
-184,-118,-231
-245,-198,-229
-292,-290,-228
-320,-386,-229
-310,-491,-240
-270,-595,-248
-202,-681,-259
-101,-741,-282
38,-751,-320
180,-714,-359
282,-667,-400
333,-623,-427
339,-571,-440
322,-513,-448
303,-445,-461
279,-373,-471
253,-302,-473
232,-238,-485
220,-177,-494
212,-135,-495
199,-115,-499
193,-100,-504
200,-84,-509
214,-68,-511
241,-51,-518
273,-25,-523
306,-4,-529
331,4,-537
339,7,-538
335,0,-533
344,-10,-528
359,-17,-527
360,-25,-513
328,-52,-486
312,-73,-457
305,-79,-430
299,-83,-394
280,-90,-350
262,-82,-315
255,-71,-286
251,-62,-260
253,-36,-234
250,-3,-208
239,36,-190
221,78,-171
205,119,-156
196,152,-140
187,187,-123
170,212,-109
149,233,-94
106,253,-76
70,257,-51
45,271,-33
22,303,-9
4,322,21
-23,332,44
-43,332,64
-64,318,86
-91,302,110
-128,290,132
-158,283,153
-192,276,173
-224,277,185
-249,283,192
-271,290,208
-278,294,223
-277,301,235
-271,297,249
-263,289,260
-253,276,273
-251,255,288
-249,227,300
-246,194,314
-246,168,323
-236,149,328
-216,148,324
-196,154,309
-174,174,296
-149,200,273
-115,226,242
-84,251,205
-59,277,159
-56,306,111
-84,331,71
-124,347,42
-162,360,25
-188,354,21
-183,352,15
-155,358,9
-113,368,7
-74,374,5
-51,370,6
-31,343,3
-18,303,-3
3,253,-14
31,188,-34
66,120,-48
111,55,-61
164,-12,-76
208,-68,-94
245,-115,-115
266,-154,-136
264,-183,-150
266,-190,-170
272,-176,-190
281,-140,-213
297,-85,-241
312,-33,-271
337,43,-310
359,135,-363
387,243,-435
425,367,-525
469,487,-635
503,590,-760
510,642,-878
481,606,-970
421,452,-1014
324,182,-1002
174,-164,-942
-30,-529,-857
-242,-843,-759
-429,-1065,-660
-555,-1201,-571
-647,-1270,-486
-706,-1275,-411
-726,-1200,-343
-713,-1057,-278
-658,-867,-217
-569,-650,-169
-469,-435,-144
-403,-275,-122
-360,-155,-103
-317,-81,-78
-263,-36,-47
-201,-8,8
-131,15,84
-65,51,147
-5,105,200
56,164,247
101,220,289
127,269,334
143,319,380
153,368,407
149,419,417
123,467,412
62,502,396
-21,522,372
-107,514,343
-206,478,319
-294,411,307
-348,333,301
-371,260,302
-380,191,307
-390,129,318
-411,68,345
-432,-2,370
-459,-72,393
-497,-149,425
-515,-207,469
-480,-218,494
-423,-201,507
-365,-175,504
-338,-154,505
-344,-129,523
-366,-93,542
-403,-46,562
-443,22,573
-493,102,582
-536,189,574
-554,276,557
-544,356,537
-513,420,522
-486,468,508
-469,494,497
-465,486,490
-479,435,488
-502,351,498
-521,253,505
-529,155,506
-522,76,503
-506,13,493
-485,-33,483
-473,-62,467
-474,-70,448
-484,-71,425
-488,-61,401
-492,-36,372
-486,-3,345
-478,42,310
-459,102,279
-434,152,252
-415,182,230
-400,194,208
-388,198,191
-372,200,179
-348,198,168
-332,190,157
-318,182,148
-302,174,136
-289,165,122
-275,160,111
-268,155,102
-258,147,90
-244,141,78
-238,134,65
-232,135,54
-218,131,39
-203,133,23
-189,127,7
-174,122,-10
-159,111,-24
-151,106,-37
-148,101,-49
-146,107,-62
-149,122,-78
-152,138,-97
-163,152,-117
-169,166,-136
-177,179,-153
-179,198,-169
-173,208,-184
-168,213,-200
-164,221,-218
-170,224,-234
-183,220,-239
-205,214,-246
-228,205,-249
-250,198,-250
-269,188,-250
-280,175,-245
-301,161,-244
-338,147,-241
-359,135,-235
-344,129,-235
-292,121,-239
-214,109,-240
-135,100,-233
-86,101,-223
-69,105,-214
-66,108,-211
-76,113,-203
-68,107,-190
-44,100,-169
-14,95,-140
9,96,-99
23,111,-63
28,136,-31
27,168,7
31,190,43
38,203,78
44,207,106
50,203,136
58,198,162
61,193,180
64,183,196
66,164,200
59,133,202
39,89,203
14,40,199
-15,-5,193
-38,-36,187
-71,-56,185
-110,-66,187
-156,-68,197
-201,-71,208
-233,-78,222
-251,-93,237
-248,-117,265
-201,-141,305
-122,-141,354
-23,-112,421
99,-69,496
235,-23,578
367,14,660
476,20,739
553,0,817
607,-22,884
647,-30,930
685,-9,954
713,27,960
730,59,957
710,86,951
628,101,937
481,103,914
300,84,879
121,42,828
-25,-20,756
-135,-100,663
-226,-204,554
-290,-323,431
-319,-429,299
-328,-506,175
-333,-535,66
-349,-533,-23
-367,-521,-84
-398,-516,-132
-448,-533,-161
-503,-570,-178
-564,-624,-190
-622,-686,-202
-660,-750,-206
-651,-796,-214
-585,-814,-223
-469,-798,-238
-319,-752,-259
-166,-690,-270
-44,-635,-286
44,-605,-297
97,-593,-300
130,-579,-310
154,-551,-328
165,-502,-347
152,-446,-359
123,-397,-367
86,-343,-379
57,-299,-398
50,-260,-411
67,-232,-429
102,-210,-447
129,-190,-459
150,-169,-473
171,-140,-489
178,-113,-508
179,-94,-521
183,-83,-535
178,-77,-543
166,-77,-551
150,-78,-561
146,-80,-568
160,-70,-575
161,-60,-567
143,-49,-548
123,-35,-523
119,-20,-491
132,10,-464
157,48,-437
178,93,-408
181,134,-383
160,184,-360
113,237,-343
75,272,-320
63,288,-292
76,295,-273
83,307,-259
82,322,-250
73,334,-238
47,337,-220
17,333,-200
-22,324,-177
-62,320,-151
-99,313,-122
-135,308,-92
-160,310,-71
-182,322,-50
-200,343,-34
-212,361,-13
-223,378,11
-238,394,35
-245,402,57
-256,399,81
-268,389,103
-274,373,126
-281,357,148
-276,337,168
-266,317,184
-249,295,206
-233,270,222
-217,240,238
-200,204,252
-181,171,259
-157,135,271
-130,103,280
-107,80,283
-84,64,289
-61,53,290
-36,48,288
-8,56,280
22,74,268
53,99,248
88,131,220
107,163,189
108,188,157
99,207,126
94,228,98
105,246,70
122,266,39
150,290,15
184,323,-12
216,357,-33
242,384,-47
256,399,-62
260,393,-81
260,367,-96
261,324,-113
269,268,-130
283,206,-143
306,132,-155
335,59,-169
355,-10,-184
360,-56,-193
356,-80,-208
343,-98,-221
325,-103,-234
302,-92,-244
292,-79,-248
292,-72,-248
298,-68,-241
308,-56,-243
315,-21,-259
314,43,-297
310,133,-355
319,234,-432
327,331,-518
315,385,-611
269,363,-689
175,251,-727
44,55,-728
-88,-185,-699
-226,-449,-641
-358,-695,-568
-472,-892,-483
-571,-1012,-395
-634,-1065,-312
-663,-1060,-233
-666,-1019,-169
-652,-946,-126
-642,-844,-99
-634,-731,-93
-631,-617,-95
-620,-510,-91
-591,-418,-87
-548,-347,-77
-506,-294,-58
-469,-252,-37
-419,-214,7
-369,-165,59
-321,-98,108
-273,-25,147
-222,70,179
-160,171,202
-109,264,226
-80,338,254
-67,399,277
-67,442,298
-76,471,308
-96,491,307
-127,493,298
-167,469,291
-205,408,293
-241,312,308
-264,189,330
-287,62,358
-318,-44,386
-362,-125,419
-417,-205,450
-493,-291,490
-582,-348,543
-622,-376,585
-603,-386,619
-549,-375,638
-469,-339,631
-404,-299,615
-378,-262,610
-388,-216,605
-426,-157,607
-476,-91,609
-523,-30,612
-551,58,614
-553,166,601
-541,272,580
-525,355,562
-523,402,552
-529,412,541
-545,400,535
-566,384,532
-579,348,533
-588,302,532
-607,237,525
-630,173,518
-643,120,505
-650,86,493
-653,71,479
-649,76,459
-645,81,439
-646,92,417
-646,107,394
-642,116,376
-645,126,358
-639,133,338
-628,131,319
-612,120,305
-581,98,293
-554,73,287
-524,56,285
-492,48,277
-469,40,269
-453,34,264
-437,28,259
-422,31,250
-411,50,241
-402,73,228
-398,91,214
-393,111,201
-390,127,186
-385,139,177
-368,144,167
-348,138,156
-334,125,151
-317,109,144
-308,99,137
-300,92,125
-292,98,114
-283,111,100
-278,118,89
-273,122,78
-266,129,67
-261,136,56
-259,150,43
-257,164,31
-258,183,18
-264,204,6
-269,225,-5
-277,243,-17
-290,257,-30
-306,272,-42
-322,276,-48
-341,278,-51
-356,267,-55
-372,255,-60
-384,241,-65
-393,216,-63
-395,192,-67
-392,167,-71
-392,143,-71
-396,121,-76
-407,112,-89
-434,108,-92
-434,112,-95
-386,130,-99
-322,163,-105
-250,197,-116
-187,213,-119
-135,213,-110
-114,207,-95
-105,192,-78
-93,182,-68
-85,172,-61
-69,160,-50
-55,147,-38
-43,137,-21
-40,125,8
-38,111,40
-44,109,66
-49,108,89
-60,105,109
-75,94,123
-94,75,139
-120,55,150
-148,36,154
-169,14,155
-183,2,156
-189,8,157
-197,24,157
-210,51,160
-232,81,166
-259,105,178
-289,126,190
-323,136,206
-338,142,223
-334,142,246
-318,138,269
-298,134,301
-269,128,339
-220,120,385
-142,104,440
-37,92,496
80,87,552
195,81,601
274,61,641
314,14,671
331,-49,687
329,-126,693
333,-216,692
342,-306,679
372,-398,649
422,-496,612
464,-586,569
499,-661,521
518,-713,477
504,-738,432
475,-729,386
421,-698,342
346,-651,291
251,-596,236
148,-534,176
62,-474,115
-11,-410,52
-59,-326,-8
-88,-221,-58
-110,-106,-103
-135,12,-139
-159,144,-155
-194,276,-152
-249,401,-135
-315,497,-108
-373,546,-74
-415,549,-58
-420,518,-54
-390,462,-54
-348,378,-54
-288,257,-64
-205,119,-86
-105,-19,-113
-4,-125,-141
70,-235,-157
100,-346,-174
94,-457,-183
83,-547,-200
80,-603,-225
79,-630,-259
72,-630,-299
61,-606,-339
45,-564,-378
44,-503,-417
64,-424,-451
89,-342,-478
117,-249,-506
139,-137,-539
151,-46,-563
146,30,-581
134,84,-598
124,108,-611
121,103,-612
130,90,-610
147,73,-602
167,50,-594
174,17,-585
174,-28,-576
171,-70,-561
174,-120,-544
165,-171,-527
132,-215,-505
101,-258,-479
83,-291,-452
69,-301,-424
50,-295,-392
28,-278,-363
16,-239,-339
9,-190,-313
0,-135,-296
-11,-93,-274
-23,-60,-259
-40,-17,-241
-49,36,-234
-51,87,-220
-40,142,-210
-23,197,-203
-8,238,-191
-6,266,-178
-26,267,-157
-45,255,-129
-56,255,-114
-59,252,-90
-63,246,-69
-60,234,-53
-63,226,-37
-70,222,-20
-71,215,-2
-73,211,23
-76,210,41
-78,211,57
-81,203,73
-86,195,87
-90,186,101
-94,173,112
-93,156,120
-91,137,130
-83,106,139
-74,72,153
-58,34,170
-40,-3,183
-15,-34,194
16,-59,205
53,-69,211
93,-73,218
135,-76,216
179,-72,210
222,-63,207
255,-46,197
282,-12,181
306,34,158
330,85,129
341,140,88
332,203,38
312,255,-14
301,293,-50
292,315,-85
300,323,-126
312,327,-165
315,326,-195
321,325,-227
325,323,-259
325,322,-284
331,316,-309
326,303,-331
318,274,-350
301,228,-361
282,172,-370
273,105,-376
263,27,-376
253,-46,-373
252,-106,-370
258,-163,-358
266,-199,-332
279,-217,-302
291,-208,-271
308,-172,-242
334,-114,-217
360,-54,-198
391,5,-177
436,49,-158
478,88,-150
485,122,-152
476,160,-164
453,208,-189
422,264,-234
387,324,-292
366,375,-360
360,414,-427
360,419,-501
325,385,-554
268,296,-593
172,150,-616
47,-46,-610
-76,-260,-583
-209,-491,-553
-358,-704,-513
-489,-862,-468
-588,-966,-429
-655,-1032,-408
-673,-1057,-384
-641,-1026,-348
-566,-950,-317
-464,-850,-292
-363,-736,-264
-284,-622,-235
-219,-521,-205
-174,-444,-162
-123,-394,-97
-75,-367,-26
-29,-331,50
35,-284,121
106,-216,172
170,-124,203
227,-22,216
286,104,222
335,236,219
370,354,217
394,448,221
402,514,221
388,538,234
342,524,258
290,469,290
236,387,327
170,286,367
90,164,404
3,29,433
-44,-77,451
-47,-147,464
-34,-185,479
-18,-203,494
1,-210,504
2,-208,515
-21,-200,517
-53,-191,516
-74,-181,514
-81,-164,509
-88,-141,499
-105,-110,495
-129,-78,494
-151,-42,490
-171,5,484
-179,54,478
-187,105,469
-186,148,465
-184,188,461
-177,217,454
-171,237,445
-167,250,436
-163,260,424
-158,259,413
-152,246,401
-146,216,387
-128,187,374
-114,172,361
-101,172,345
-90,183,329
-85,187,313
-85,184,303
-77,210,286
-67,260,260
-57,312,243
-56,355,229
-56,389,210
-57,412,198
-59,441,187
-54,468,181
-48,481,176
-42,480,172
-37,468,169
-39,454,169
-45,441,174
-52,428,181
-56,414,181
-54,402,180
-49,392,181
-50,374,180
-52,352,178
-66,324,178
-80,310,175
-88,297,168
-103,289,163
-120,286,156
-121,276,145
-117,257,138
-115,232,135
-114,212,128
-111,195,118
-110,184,106
-121,181,93
-133,188,80
-148,198,65
-160,214,47
-174,237,31
-193,252,14
-211,270,-4
-228,279,-21
-245,290,-39
-267,295,-48
-285,290,-55
-305,272,-63
-328,253,-68
-349,226,-69
-372,197,-73
-392,172,-72
-399,147,-71
-395,132,-71
-381,122,-71
-363,118,-72
-343,125,-72
-325,133,-68
-309,140,-65
-282,155,-59
-255,175,-53
-225,201,-50
-204,226,-45
-195,261,-35
-192,295,-23
-194,330,-11
-205,365,8
-213,388,32
-223,399,57
-233,396,87
-239,383,113
-238,358,135
-237,324,158
-229,284,175
-213,233,185
-193,183,193
-169,137,191
-154,99,185
-140,62,176
-140,34,169
-137,23,162
-116,29,152
-99,37,137
-93,52,126
-112,63,118
-138,66,115
-158,65,115
-160,57,112
-150,44,110
-139,35,121
-127,27,135
-103,12,158
-75,3,191
-40,-1,228
-5,-6,277
40,-8,335
103,-15,394
179,-26,447
268,-46,507
361,-69,562
449,-99,612
528,-148,647
587,-188,677
613,-223,701
617,-248,716
620,-259,721
623,-266,712
629,-267,691
620,-256,660
580,-241,621
509,-218,575
410,-196,524
298,-178,467
173,-172,398
56,-191,325
-39,-229,252
-112,-283,184
-179,-337,115
-221,-367,50
-246,-372,-4
-262,-364,-38
-275,-335,-56
-295,-294,-62
-339,-247,-58
-407,-205,-46
-473,-178,-37
-532,-174,-44
-579,-208,-54
-606,-263,-73
-604,-321,-104
-566,-366,-137
-472,-400,-177
-325,-413,-228
-147,-408,-284
10,-396,-334
119,-390,-372
179,-381,-399
198,-366,-418
189,-351,-431
156,-329,-446
115,-294,-462
89,-260,-479
88,-234,-496
106,-197,-516
136,-168,-531
173,-144,-547
222,-127,-563
264,-122,-572
287,-125,-575
302,-125,-589
305,-123,-599
298,-122,-601
281,-133,-597
249,-149,-586
237,-165,-585
244,-174,-592
231,-192,-587
202,-220,-571
177,-237,-559
163,-238,-549
152,-255,-532
135,-275,-510
119,-281,-487
116,-271,-465
121,-250,-449
112,-210,-433
90,-151,-415
85,-105,-394
81,-65,-378
74,0,-366
70,77,-350
71,141,-334
67,187,-320
47,215,-299
31,247,-279
27,275,-259
35,294,-241
46,298,-223
45,292,-204
31,277,-182
21,252,-158
15,232,-133
12,223,-103
14,227,-76
7,239,-52
-5,251,-32
-20,258,-12
-25,278,8
-26,295,23
-29,307,44
-32,310,65
-37,310,78
-47,297,96
-48,283,117
-35,270,139
-19,255,160
4,235,178
27,212,205
48,192,235
64,175,255
78,157,275
92,145,297
113,144,317
138,147,326
175,161,329
223,186,322
283,218,298
353,262,254
392,314,197
388,366,129
354,422,66
305,455,9
255,458,-34
211,450,-57
166,435,-73
116,427,-91
83,423,-109
74,413,-125
81,386,-141
99,345,-157
127,289,-180
169,219,-203
221,130,-223
270,28,-239
309,-67,-250
342,-163,-258
367,-250,-265
383,-321,-264
407,-375,-257
429,-405,-241
449,-406,-228
466,-367,-217
478,-291,-212
495,-197,-205
529,-100,-200
579,-14,-202
622,76,-223
649,168,-254
657,254,-289
636,330,-326
607,397,-372
559,451,-427
522,493,-508
471,520,-589
386,522,-670
268,459,-741
130,303,-773
-15,61,-747
-174,-258,-690
-378,-620,-594
-573,-950,-472
-728,-1191,-357
-814,-1320,-265
-857,-1356,-197
-863,-1317,-152
-839,-1219,-123
-788,-1072,-96
-716,-905,-69
-635,-748,-44
-557,-610,-13
-498,-491,30
-448,-388,83
-395,-301,140
-330,-210,193
-254,-113,232
-150,-16,256
-58,95,264
13,216,268
61,326,271
88,428,281
105,514,288
115,561,298
99,571,314
36,543,332
-78,490,359
-219,406,392
-363,307,426
-480,212,460
-547,109,488
-573,-5,512
-574,-95,527
-566,-168,536
-558,-204,540
-548,-194,542
-547,-149,546
-555,-91,552
-577,-43,563
-587,24,592
-568,102,604
-542,160,613
-526,183,620
-519,177,622
-527,161,623
-547,141,614
-591,125,615
-645,113,621
-693,111,629
-720,124,629
-738,145,632
-737,176,628
-716,204,613
-695,210,597
-699,186,589
-711,149,583
-718,102,579
-721,65,571
-711,39,556
-688,29,537
-661,30,513
-632,29,490
-606,23,468
-586,24,445
-571,35,424
-558,55,401
-538,82,381
-523,112,356
-507,138,338
-493,167,322
-474,204,302
-456,240,287
-443,270,274
-429,287,259
-415,303,249
-410,314,239
-409,326,227
-395,322,219
-374,305,211
-359,280,208
-363,250,211
-372,215,208
-375,173,202
-381,138,198
-382,112,187
-376,83,179
-364,63,162
-363,55,144
-365,47,124
-361,45,100
-355,61,76
-351,88,52
-350,125,27
-351,168,2
-359,207,-24
-369,244,-43
-379,269,-57
-394,281,-74
-405,273,-88
-417,263,-99
-427,241,-109
-438,203,-118
-450,159,-127
-467,111,-133
-499,59,-136
-518,17,-142
-513,-12,-153
-477,-29,-169
-418,-45,-180
-348,-49,-186
-276,-39,-186
-211,-23,-178
-147,1,-177
-83,37,-182
-34,82,-185
-15,132,-183
-22,185,-176
-36,228,-171
-48,260,-158
-57,287,-145
-66,309,-125
-73,321,-103
-77,327,-77
-73,330,-52
-73,322,-27
-82,310,-2
-98,297,24
-123,273,46
-144,242,66
-147,208,82
-134,177,103
-111,155,121
-85,150,138
-61,161,160
-49,185,187
-44,222,219
-45,253,258
-51,278,307
-60,284,357
-69,259,408
-74,199,465
-75,101,517
-60,-14,560
-31,-118,600
0,-215,629
25,-291,644
49,-349,652
89,-393,648
146,-425,634
229,-442,619
325,-446,598
412,-435,569
478,-408,539
526,-353,510
551,-279,475
551,-196,437
515,-115,395
438,-53,355
331,-16,316
206,-7,276
86,-8,235
-18,-13,188
-81,-14,139
-115,-10,92
-117,0,55
-93,7,23
-67,16,-11
-49,35,-37
-49,41,-49
-67,31,-57
-93,-3,-58
-136,-55,-63
-183,-104,-64
-196,-159,-71
-182,-208,-93
-149,-256,-131
-98,-310,-174
-29,-352,-212
65,-368,-242
158,-363,-268
231,-344,-289
274,-323,-305
281,-305,-316
267,-280,-332
253,-257,-345
234,-237,-359
217,-218,-375
204,-198,-395
202,-177,-426
217,-150,-459
229,-125,-481
237,-108,-500
246,-107,-514
250,-111,-523
245,-112,-523
242,-110,-522
244,-110,-524
246,-119,-523
255,-129,-520
267,-136,-513
284,-145,-505
303,-150,-496
312,-156,-483
309,-164,-468
297,-177,-452
278,-192,-436
260,-206,-417
245,-215,-395
228,-218,-375
209,-217,-352
187,-200,-327
173,-174,-307
169,-141,-288
162,-99,-272
154,-66,-262
144,-29,-253
128,17,-240
115,46,-218
105,50,-206
98,50,-202
85,62,-196
58,82,-185
35,110,-174
23,147,-169
18,193,-162
20,230,-155
14,248,-139
-13,255,-122
-45,254,-103
-75,251,-82
-103,243,-60
-129,229,-46
-147,219,-30
-159,209,-12
-163,203,1
-161,200,15
-162,202,28
-165,205,42
-172,210,55
-182,212,67
-187,218,75
-201,214,87
-216,203,98
-234,188,104
-234,181,108
-210,180,101
-192,178,97
-188,171,91
-187,160,92
-186,155,90
-180,159,88
-165,167,86
-147,176,88
-131,184,88
-118,194,86
-105,202,86
-87,214,86
-68,224,86
-44,232,80
-10,247,74
31,260,65
68,275,50
86,289,38
94,301,24
99,301,13
106,301,4
117,288,-7
131,279,-14
145,264,-24
159,253,-32
174,243,-44
192,236,-53
208,227,-67
228,208,-87
241,179,-110
260,141,-131
276,98,-156
290,48,-173
305,-6,-189
323,-54,-207
336,-99,-222
346,-140,-236
346,-169,-248
352,-193,-249
369,-197,-256
385,-184,-260
391,-164,-262
390,-135,-259
387,-106,-260
384,-74,-271
376,7,-310
364,127,-367
363,239,-430
389,342,-511
421,433,-603
429,479,-700
369,447,-781
237,321,-822
63,100,-812
-103,-179,-776
-234,-471,-708
-333,-721,-627
-403,-896,-539
-459,-992,-442
-485,-1026,-341
-483,-991,-241
-459,-924,-153
-414,-836,-85
-371,-743,-40
-344,-662,-12
-342,-595,3
-362,-550,14
-373,-511,21
-373,-468,22
-349,-421,29
-297,-368,39
-223,-302,47
-145,-222,56
-85,-128,63
-34,-39,70
14,64,82
49,167,92
71,252,103
83,323,112
94,385,117
96,442,119
89,493,117
61,534,106
22,575,89
-28,601,78
-69,593,70
-90,560,69
-100,498,74
-115,419,90
-142,325,115
-182,224,146
-238,120,184
-305,15,233
-371,-70,283
-407,-139,330
-428,-211,370
-447,-274,416
-446,-308,449
-426,-316,475
-403,-302,495
-412,-300,522
-449,-285,574
-420,-205,585
-327,-78,562
-248,54,534
-233,168,518
-266,255,511
-307,328,499
-346,392,493
-393,439,504
-403,471,495
-370,489,479
-337,488,469
-327,449,462
-339,378,463
-358,305,463
-374,237,467
-386,186,467
-399,151,469
-412,128,468
-418,114,463
-424,108,458
-426,105,450
-415,106,441
-388,115,427
-343,116,410
-299,110,397
-263,99,381
-231,86,367
-214,72,358
-196,54,349
-171,41,337
-153,35,331
-128,33,326
-111,35,319
-98,41,309
-86,56,302
-74,74,291
-61,89,280
-50,107,265
-44,117,255
-43,133,246
-45,150,233
-48,163,224
-54,169,213
-57,171,200
-64,169,185
-63,163,170
-59,156,155
-59,144,138
-59,132,118
-60,123,99
-56,119,80
-58,116,59
-56,118,35
-59,125,13
-64,136,-7
-70,156,-27
-76,175,-43
-80,197,-60
-80,219,-77
-78,225,-91
-78,223,-107
-84,214,-123
-96,202,-133
-116,184,-140
-132,165,-146
-155,142,-153
-168,118,-155
-177,93,-155
-184,73,-157
-187,53,-151
-182,34,-140
-169,16,-131
-146,0,-122
-117,-15,-114
-86,-26,-107
-52,-22,-96
-12,1,-85
11,39,-67
17,89,-51
11,153,-36
-2,217,-15
-14,276,7
-29,319,29
-30,345,46
-32,350,57
-41,329,74
-50,286,86
-58,225,90
-74,162,97
-90,103,99
-109,44,92
-127,-4,82
-135,-40,65
-134,-62,49
-145,-73,32
-162,-87,18
-182,-89,11
-200,-83,3
-228,-71,-2
-258,-59,-2
-284,-42,6
-302,-31,17
-301,-25,35
-275,-17,57
-217,11,90
-141,56,132
-55,118,183
47,175,245
162,198,321
275,185,399
359,137,476
431,68,551
515,0,625
630,-53,676
775,-77,699
921,-91,707
1037,-104,695
1104,-118,667
1111,-144,625
1051,-163,575
912,-181,524
726,-175,474
540,-144,422
390,-107,363
287,-78,296
232,-76,216
206,-105,126
195,-159,23
193,-236,-67
200,-306,-151
215,-354,-236
235,-379,-307
239,-386,-358
228,-375,-389
195,-356,-402
152,-322,-398
106,-278,-381
65,-242,-354
34,-225,-337
12,-242,-323
-1,-300,-303
8,-365,-289
59,-411,-280
164,-434,-275
315,-440,-282
467,-445,-288
563,-457,-288
590,-473,-286
576,-477,-284
553,-467,-288
533,-436,-299
493,-389,-319
440,-338,-348
392,-284,-378
363,-238,-406
349,-200,-434
351,-170,-462
349,-141,-481
343,-123,-494
335,-116,-501
341,-99,-515
355,-81,-527
370,-62,-538
378,-39,-545
376,-19,-553
368,-6,-546
370,-2,-535
381,-3,-520
392,-27,-498
396,-62,-480
385,-89,-457
364,-116,-438
350,-140,-416
324,-156,-389
304,-163,-365
283,-157,-348
269,-136,-333
265,-99,-317
252,-60,-306
237,-11,-293
217,41,-284
189,94,-270
155,149,-253
135,188,-239
125,222,-225
109,253,-213
90,288,-197
74,317,-185
56,347,-172
41,372,-160
23,390,-147
5,401,-126
-18,396,-102
-36,388,-82
-50,382,-64
-70,374,-47
-82,357,-23
-94,349,0
-107,354,26
-124,348,48
-133,341,68
-143,328,92
-157,309,112
-176,291,133
-191,272,150
-204,249,167
-214,226,180
-217,201,193
-216,175,208
-203,154,215
-188,137,221
-169,122,223
-149,110,218
-128,108,215
-101,109,211
-77,114,203
-56,121,195
-36,131,189
-21,142,179
-9,160,165
-6,188,152
2,224,142
11,262,124
24,296,105
41,332,85
46,366,61
30,395,40
13,410,24
4,399,15
3,364,18
10,328,21
26,290,31
38,249,40
53,205,49
64,164,54
79,122,57
108,82,50
138,39,39
171,-9,32
205,-57,23
236,-103,13
257,-162,8
267,-214,-3
274,-249,-15
282,-272,-27
293,-277,-41
307,-265,-48
316,-242,-59
320,-211,-74
327,-168,-84
349,-108,-100
394,-44,-119
457,42,-143
531,133,-184
600,216,-241
657,279,-312
688,306,-388
669,283,-461
604,200,-519
499,55,-543
379,-124,-543
253,-315,-536
130,-486,-524
7,-613,-519
-81,-684,-525
-147,-702,-542
-212,-686,-572
-274,-650,-600
-322,-593,-617
-360,-525,-629
-377,-448,-622
-360,-351,-601
-300,-238,-569
-212,-117,-530
-120,-20,-487
-42,58,-426
27,92,-342
75,96,-253
109,90,-162
133,81,-73
153,77,12
174,83,105
194,94,191
214,108,269
216,124,340
200,140,397
167,156,432
125,169,448
84,188,457
21,199,467
-40,196,468
-90,177,467
-159,145,462
-228,98,462
-291,31,469
-342,-64,487
-389,-182,514
-428,-308,538
-449,-409,562
-455,-504,583
-485,-602,611
-500,-663,640
-456,-650,633
-383,-579,604
-360,-503,580
-357,-405,554
-322,-273,507
-296,-130,467
-318,-12,436
-383,100,417
-460,191,407
-513,284,394
-522,386,373
-510,474,356
-495,539,338
-477,578,318
-468,583,305
-466,559,295
-467,525,288
-465,488,285
-468,453,285
-463,419,284
-450,389,282
-447,352,282
-449,312,282
-439,267,276
-424,231,268
-399,197,258
-379,166,250
-362,146,238
-350,130,225
-341,116,208
-329,105,189
-318,89,177
-312,77,165
-300,83,152
-279,107,137
-257,133,125
-231,152,113
-206,170,98
-188,189,85
-181,205,76
-176,223,70
-159,241,63
-142,257,59
-126,269,51
-112,266,46
-101,245,49
-90,218,53
-78,190,56
-67,162,61
-51,136,61
-38,110,63
-30,89,67
-23,77,68
-24,69,69
-34,63,71
-44,65,69
-53,72,63
-62,80,57
-69,94,49
-75,105,39
-85,109,25
-87,117,6
-90,120,-14
-91,125,-35
-83,130,-49
-77,130,-62
-78,128,-77
-74,133,-93
-67,140,-104
-54,153,-113
-37,164,-119
-25,178,-122
-12,189,-123
-6,199,-118
0,207,-112
2,212,-110
4,215,-105
-2,221,-107
-7,227,-102
-13,232,-99
-18,243,-90
-20,254,-86
-22,266,-78
-22,275,-73
-23,277,-67
-25,275,-61
-23,273,-54
-12,267,-47
-4,258,-40
8,247,-29
14,230,-11
10,205,6
2,175,20
0,134,40
4,90,61
6,46,78
5,6,103
-3,-30,126
-13,-61,151
-20,-75,172
-15,-84,196
-2,-92,214
10,-94,234
12,-95,256
9,-101,281
-4,-102,305
-25,-111,327
-47,-118,346
-59,-120,363
-57,-112,381
-44,-96,395
-28,-76,411
-10,-52,424
7,-21,439
6,12,454
1,46,468
-5,71,477
-20,87,484
-50,97,495
-76,109,508
-88,114,513
-81,112,517
-61,109,519
-19,107,515
30,96,504
70,73,481
92,34,449
96,-20,408
81,-76,361
76,-148,314
87,-234,269
105,-310,227
112,-367,191
113,-408,159
103,-433,133
92,-438,103
82,-429,71
71,-417,31
58,-416,-8
49,-425,-38
55,-445,-59
64,-469,-83
65,-487,-107
55,-491,-129
41,-491,-149
22,-486,-160
3,-474,-164
-16,-451,-165
-34,-414,-162
-44,-357,-157
-46,-286,-156
-35,-201,-160
-19,-111,-163
2,-29,-163
23,68,-159
57,166,-158
97,252,-164
137,313,-169
187,354,-183
239,375,-195
276,348,-208
275,278,-212
268,186,-220
266,94,-230
274,-4,-238
290,-102,-253
308,-209,-263
326,-317,-266
332,-408,-265
323,-484,-265
306,-537,-267
295,-558,-280
289,-565,-296
295,-558,-313
305,-543,-328
309,-525,-340
307,-504,-348
294,-467,-351
275,-411,-348
253,-349,-345
227,-280,-340
214,-212,-337
208,-158,-338
206,-138,-338
189,-126,-330
185,-98,-333
205,-64,-332
222,-14,-329
233,27,-324
247,57,-320
261,76,-316
275,90,-309
291,112,-308
310,139,-307
332,168,-307
350,190,-305
359,209,-304
363,226,-302
368,238,-293
372,245,-285
374,239,-282
388,227,-272
400,213,-264
415,199,-257
438,187,-247
454,171,-236
477,149,-231
503,131,-225
526,110,-216
538,84,-213
543,55,-204
556,25,-198
569,1,-190
582,-16,-188
593,-32,-187
591,-40,-188
584,-46,-183
577,-54,-181
572,-58,-179
567,-61,-176
565,-61,-169
567,-62,-164
569,-65,-157
563,-63,-143
550,-62,-130
535,-54,-113
528,-39,-100
518,-21,-81
511,-3,-69
512,15,-56
510,27,-46
504,41,-38
502,54,-29
491,68,-17
483,83,-2
481,96,3
481,113,1
480,130,2
475,153,3
466,176,7
458,195,10
448,210,18
437,223,24
429,230,30
422,238,40
413,248,45
394,258,51
389,263,55
388,268,59
394,267,57
404,261,54
406,247,51
392,226,49
366,198,40
334,166,33
297,137,18
260,113,-2
224,97,-26
195,92,-50
174,86,-75
150,86,-108
131,92,-143
107,99,-173
87,103,-196
59,111,-218
33,131,-242
6,151,-265
-11,163,-286
-25,177,-301
-41,195,-311
-47,210,-316
-53,222,-316
-65,220,-313
-81,214,-304
-92,203,-298
-100,187,-288
-110,163,-272
-120,136,-253
-139,108,-229
-153,81,-209
-157,58,-188
-168,46,-171
-174,41,-160
-174,34,-145
-179,37,-137
-187,42,-135
-190,53,-134
-194,66,-129
-196,83,-126
-199,101,-128
-200,121,-130
-202,146,-130
-196,175,-132
-197,212,-131
-192,242,-128
-194,261,-124
-199,268,-119
-202,257,-110
-210,232,-93
-220,193,-80
-230,145,-67
-244,96,-55
-256,61,-48
-263,44,-42
-267,40,-34
-270,51,-24
-267,76,-18
-266,110,-12
-267,147,-9
-270,171,-3
-269,193,1
-270,212,4
-268,226,10
-262,235,14
-259,234,17
-266,223,17
-267,218,18
-263,216,24
-257,210,29
-248,191,35
-246,169,39
-250,159,42
-242,165,41
-236,165,42
-231,156,43
-230,142,47
-229,129,46
-226,114,47
-224,98,45
-217,78,40
-210,59,35
-200,44,33
-195,33,30
-181,20,28
-164,12,22
-150,5,18
-135,-1,16
-117,-8,12
-102,-18,10
-88,-31,10
-81,-42,8
-68,-58,13
-51,-66,14
-35,-72,10
-19,-79,11
0,-92,11
17,-100,12
33,-107,16
43,-107,15
52,-101,12
60,-98,8
72,-88,5
79,-76,4
83,-69,1
85,-62,-3
94,-51,-7
102,-36,-13
107,-19,-19
106,-6,-19
105,5,-23
107,18,-24
105,32,-25
102,49,-28
101,61,-29
98,74,-27
97,87,-32
93,95,-33
90,99,-32
88,103,-32
84,108,-33
79,116,-36
83,125,-39
84,135,-42
86,146,-40
88,149,-41
93,154,-44
100,157,-46
105,154,-42
103,152,-39
97,154,-38
96,151,-38
91,151,-36
83,148,-32
84,140,-27
78,134,-20
72,123,-11
69,117,-4
71,114,3
72,113,8
68,110,11
62,112,14
56,115,17
57,115,14
51,113,14
49,110,13
43,103,14
32,97,17
24,88,18
21,80,19
18,76,19
17,77,17
10,74,18
11,69,23
5,66,28
5,66,33
0,67,39
-1,65,45
-11,57,50
-16,53,55
-22,56,59
-25,55,65
-23,51,68
-29,51,70
-34,46,69
-41,42,73
-42,42,76
-44,43,80
-46,43,84
-45,42,85
-45,44,86
-42,43,84
-42,44,84
-43,48,87
-45,55,89
-45,59,89
-45,55,88
-44,59,88
-43,61,93
-42,67,96
-39,71,96
-27,74,99
-24,75,102
-21,71,104
-23,68,108
-27,65,114
-32,59,116
-27,55,114
-16,57,112
-10,57,113
2,55,113
2,50,114
-5,40,116
-12,29,119
-20,24,119
-18,27,122
-2,39,118
20,51,118
41,64,118
53,61,123
59,52,126
66,39,121
72,28,115
90,32,113
124,54,109
156,84,111
172,97,113
180,95,114
186,75,112
193,44,108
205,17,105
219,4,97
243,-3,93
272,1,87
302,14,79
330,27,71
352,38,70
369,52,65
389,65,56
406,75,51
426,86,47
443,91,46
459,95,46
474,97,42
489,97,39
507,97,35
520,96,25
532,96,26
538,94,25
540,91,21
549,89,15
565,82,11
575,79,9
581,76,7
579,73,2
573,74,2
566,72,2
562,71,2
558,69,-2
556,65,-1
555,64,0
553,67,3
545,59,5
536,53,6
532,55,9
522,54,12
512,54,17
499,56,27
486,52,33
480,49,42
481,47,52
478,47,61
472,51,68
462,56,73
450,61,77
443,62,83
442,65,87
438,68,83
430,72,84
418,73,86
413,71,82
412,66,73
414,74,67
416,74,59
408,65,56
406,55,45
399,53,35
393,50,27
393,47,15
392,47,8
386,53,-1
387,56,-12
384,61,-20
384,67,-32
388,70,-41
383,69,-48
381,69,-55
380,63,-60
371,57,-73
368,50,-82
363,43,-92
357,39,-100
352,34,-110
347,27,-121
342,27,-136
332,25,-141
323,20,-147
308,15,-157
291,9,-165
285,5,-171
280,-2,-181
277,-7,-185
272,-10,-187
273,-10,-188
271,-3,-183
263,11,-175
260,31,-167
262,52,-153
255,64,-136
243,74,-117
226,81,-91
212,83,-68
205,84,-48
195,81,-27
186,72,-4
178,57,21
167,40,45
163,22,64
162,10,80
160,-1,94
159,-12,107
159,-21,116
158,-21,125
159,-18,131
151,-15,137
142,-14,140
127,-17,140
116,-20,139
107,-17,136
91,-8,132
82,0,130
76,6,126
72,19,122
74,31,112
73,46,103
78,54,97
76,62,92
74,70,90
78,76,84
82,83,81
84,94,74
90,100,70
90,102,67
95,102,57
93,104,53
95,110,45
100,110,39
102,115,30
105,121,22
105,126,16
99,132,9
100,135,6
105,141,2
98,144,1
96,145,-4
100,147,-7
100,146,-9
98,141,-11
97,136,-13
98,128,-16
100,118,-21
100,108,-24
98,94,-25
93,82,-26
92,71,-30
95,59,-33
96,47,-33
95,38,-36
103,32,-38
111,28,-43
116,16,-45
119,10,-47
121,10,-50
122,7,-57
123,4,-65
122,10,-72
124,19,-79
128,22,-90
130,29,-101
128,36,-109
131,41,-114
136,49,-126
143,61,-133
155,74,-139
163,85,-145
169,97,-149
174,106,-153
177,115,-155
185,126,-156
188,133,-156
193,136,-156
200,132,-155
211,132,-153
227,129,-152
236,127,-142
249,125,-137
263,122,-129
270,115,-120
278,107,-112
275,112,-100
275,116,-90
281,120,-78
283,121,-70
282,115,-56
281,106,-48
275,93,-41
273,79,-30
263,61,-17
248,41,-11
235,22,-2
226,8,9
216,-4,15
203,-25,19
192,-41,23
175,-54,23
158,-63,24
145,-69,25
132,-70,26
114,-69,33
100,-70,31
85,-67,28
70,-63,29
58,-57,30
52,-52,28
40,-50,28
31,-43,27
22,-37,24
16,-35,21
10,-29,16
6,-24,8
7,-12,4
3,-1,0
0,11,-3
-4,22,-7
-13,33,-8
-17,48,-10
-10,61,-10
-10,71,-14
-14,81,-13
-15,88,-15
-16,89,-13
-19,89,-10
-16,84,-10
-12,80,-8
-12,71,-10
-10,66,-10
-11,61,-13
-7,56,-15
-5,56,-17
-6,58,-17
-2,59,-22
0,62,-24
0,67,-27
2,72,-26
9,73,-28
15,79,-29
20,77,-30
23,77,-28
27,74,-24
32,71,-18
34,67,-16
39,60,-10
38,53,-3
39,39,1
39,24,8
35,11,12
37,-3,16
35,-13,21
32,-18,24
31,-25,26
25,-30,26
19,-25,23
20,-25,21
17,-18,20
9,-13,21
3,-8,18
2,-5,16
1,5,16
-1,13,17
-5,19,16
-10,22,18
-14,22,18
-15,20,17
-20,21,22
-26,16,24
-31,13,24
-37,13,26
-41,9,27
-47,3,26
-48,0,23
-51,1,19
-55,2,17
-53,9,11
-53,13,9
-53,16,7
-56,22,4
-56,28,-1
-58,34,-5
-55,39,-4
-53,38,-6
-52,35,-5
-52,34,-4
-53,29,-3
-55,28,-1
-50,26,2
-50,24,6
-48,16,7
-46,10,7
-46,8,7
-45,5,6
-44,0,10
-40,-3,8
-38,-7,6
-39,-8,5
-42,-7,2
-44,-10,4
-39,-9,2
-38,-7,0
-35,-4,-1
-36,-4,-5
-33,-4,-5
-34,-1,-4
-36,0,-2
-33,-4,-6
-34,-5,-4
-29,-2,0
-26,-7,1
-26,-4,2
-25,-8,3
-23,-10,9
-23,-10,6
-23,-12,7
-23,-11,5
-22,-11,7
-24,-12,7
-22,-11,3
-15,-15,2
-17,-13,4
-14,-8,3
-15,-5,3
-16,-4,5
-15,2,3
-12,3,3
-13,9,3
-10,12,6
-8,14,4
-7,19,2
-5,22,4
0,22,4
1,21,3
3,18,1
5,14,3
6,13,6
7,12,5
5,9,9
7,5,9
12,3,8
10,-2,6
14,0,7
14,2,5
15,-2,6
14,-1,4
17,-1,3
21,1,-1
24,5,2
22,7,5
22,11,6
24,7,3
28,6,2
30,4,6
28,7,5
27,5,3
31,3,1
35,3,3
36,-2,3
35,-3,5
34,-3,5
35,0,5
39,0,7
41,-4,8
41,-3,6
42,-2,7
40,-2,7
36,0,9
40,7,9
40,8,8
40,13,7
38,20,3
34,23,4
34,28,3
37,30,3
37,29,1
28,29,2
25,29,4
24,29,6
23,32,4
21,34,7
21,32,10
18,33,10
14,34,6
13,37,8
13,40,8
12,43,9
15,39,8
14,38,9
15,38,10
8,33,11
3,27,12
2,26,8
2,24,11
1,18,10
-1,16,12
0,14,12
1,12,10
-1,12,8
0,10,12
3,11,9
5,11,8
6,13,9
5,10,12
7,16,11
7,14,12
8,10,16
9,7,20
7,7,14
10,5,13
11,4,15
12,3,16
13,4,15
16,6,16
13,5,16
12,5,19
14,2,15
12,1,16
11,4,18
5,1,17
3,-2,15
8,-3,13
5,-3,13
4,-1,16
6,-2,15
2,-3,13
-1,-2,13
-3,-1,14
-1,3,11
-3,6,13
-3,2,11
-6,6,12
-10,4,7
-14,-1,6
-12,-4,7
-16,-4,7
-13,-6,8
-15,-7,6
-16,-6,9
-19,-7,7
-22,-7,10
-27,-4,10
-31,-2,11
-34,-1,12
-36,3,13
-38,0,14
-39,-1,11
-39,2,12
-39,2,10
-43,0,12
-45,2,9
-44,-1,6
-41,-1,4
-42,-1,7
-42,-4,6
-43,-2,4
-40,-2,2
-39,1,3
-37,2,3
-42,1,3
-44,4,2
-41,1,3
-43,1,2
-44,2,5
-40,-3,5
-40,-5,5
-41,-3,4
-36,-6,3
-35,-7,4
-39,-11,5
-39,-10,5
-37,-9,2
-36,-10,4
-36,-11,6
-33,-10,6
-31,-9,6
-34,-9,6
-32,-6,5
-35,-5,2
-37,-5,4
-36,-4,3
-34,0,4
-31,-5,2
-32,-4,5
-29,-3,4
-29,-5,9
-29,-3,8
-28,-2,7
-29,-1,7
-29,-3,4
-29,-7,4
-30,-4,3
-32,-2,5
-32,-2,1
-29,-5,0
-32,-4,1
-33,-2,-3
-39,-3,-1
-38,-1,-4
-39,3,-4
-36,3,-3
-38,10,-6
-39,8,-7
-38,11,-10
-38,8,-8
-39,8,-7
-41,7,-8
-39,0,-10
-33,-4,-11
-28,-3,-14
-32,-2,-14
-36,2,-10
-35,7,-7
-34,6,-5
-34,9,-7
-35,8,-8
-33,8,-7
-37,6,-4
-37,6,-3
-32,5,-5
-33,3,-3
-30,4,-1
-33,4,-6
-36,2,-3
-36,2,-1
-37,0,-5
-36,3,-2
-34,2,-3
-35,1,-4
-33,9,-6
-31,9,-6
-30,9,-4
-32,8,-6
-29,12,-5
-31,13,-4
-28,14,-7
-24,14,-3
-28,14,-1
-23,13,-2
-24,11,0
-27,8,-2
-29,8,-3
-26,5,1
-24,7,2
-24,7,-2
-24,10,0
-28,9,-1
-29,8,1
-30,9,2
-28,9,1
-28,11,2
-28,11,3
-32,13,5
-34,15,5
-32,17,3
-28,11,4
-27,9,6
-29,7,7
-27,7,6
-27,1,6
-30,1,9
-28,4,8
-28,8,6
-32,9,6
-28,8,6
-31,13,9
-31,14,8
-30,15,7
-29,13,9
-30,12,12
-32,8,11
-32,4,10
-31,5,12
-36,4,10
-36,0,9
-39,4,8
-34,7,10
-31,5,7
-34,4,9
-32,5,11
-34,7,9
-31,8,7
-30,9,6
-28,12,6
-25,16,8
-27,13,8
-27,15,7
-27,14,8
-26,9,7
-23,9,3
-23,7,7
-19,11,9
-19,10,10
-19,11,13
-17,13,12
-18,12,11
-21,12,13
-16,11,11
-15,16,8
-15,14,9
-12,13,8
-12,10,7
-10,16,7
-8,15,7
-7,12,7
-6,13,8
-2,14,8
-6,14,8
-5,15,7
1,15,6
-1,17,6
1,18,8
0,17,8
-1,13,10
1,12,9
6,10,9
2,9,8
1,5,8
-1,6,12
-2,7,15
1,9,11
1,11,14
2,14,17
1,15,16
0,17,15
-1,14,13
6,14,13
4,10,12
1,13,9
0,12,8
0,12,9
-1,10,9
-3,9,11
1,12,12
1,13,13
2,16,11
-1,16,11
0,17,10
-2,17,12
3,20,11
2,20,11
1,17,10
-1,14,5
-6,17,8
-5,17,8
-6,17,7
-11,16,8
-10,13,7
-15,15,8
-13,13,9
-10,11,9
-14,10,6
-12,9,7
-12,10,6
-13,13,3
-14,12,5
-12,16,4
-9,21,4
-8,21,2
-16,23,3
-16,18,8
-15,18,7
-19,20,5
-21,18,4
-18,14,6
-20,15,9
-21,14,9
-25,15,6
-20,16,8
-18,15,10
-18,17,10
-23,18,7
-25,17,6
-22,19,6
-24,18,6
-25,23,3
-24,22,4
-24,20,4
-23,23,2
-24,21,2
-28,20,4
-28,18,2
-32,20,3
-32,25,2
-27,18,2
-27,17,5
-33,17,4
-33,17,5
-32,19,7
-32,20,6
-29,17,8
-31,16,9
-34,16,7
-35,18,7
-34,20,8
-36,19,11
-33,15,6
-33,13,10
-37,13,9
-39,15,9
-37,15,11
-39,14,12
-37,12,12
-37,14,15
-39,15,10
-36,13,9
-37,11,11
-39,10,10
-39,8,11
-42,6,16
-45,6,17
-47,9,18
-50,10,17
-49,11,18
-49,12,13
-53,6,17
-55,3,17
-58,-1,15
-62,2,15
-61,6,15
-63,8,16
-61,13,17
-59,10,15
-59,12,13
-60,14,15
-60,12,16
-58,12,14
-58,14,16
-60,17,14
-58,14,15
-54,14,19
-56,15,19
-55,13,20
-52,10,21
-54,8,20
-55,6,22
-52,5,22
-51,2,21
-49,5,20
-45,9,19
-42,15,17
-40,15,19
-33,16,16
-29,21,15
-29,20,14
-24,19,11
-21,20,11
-20,17,12
-17,17,11
-17,14,8
-15,11,7
-15,12,4
-18,12,6
-15,13,8
-11,14,10
-14,16,8
-11,19,9
-10,23,5
-12,28,5
-9,27,7
-7,29,8
-1,31,9
-4,29,10
0,28,8
1,23,5
2,22,2
7,22,2
9,19,2
6,23,0
4,25,-4
9,29,-6
17,31,-9
27,29,-10
30,26,-10
28,17,-10
36,16,-10
42,11,-12
54,6,-13
57,-1,-11
61,-1,-9
66,-1,-9
76,-2,-10
84,-2,-9
92,-8,-8
98,-7,-5
102,-4,-5
106,-6,-4
111,-6,-3
113,-11,-3
118,-17,-5
124,-15,-6
127,-16,-5
128,-18,-7
132,-18,-5
136,-18,-9
140,-15,-9
143,-12,-13
146,-10,-13
145,-10,-15
146,-12,-10
146,-9,-9
149,-9,-10
148,-3,-7
151,-5,-9
151,-7,-11
147,-4,-9
142,-2,-7
140,-1,-5
139,-2,-7
134,-2,-6
129,0,-4
128,2,-5
124,1,-5
119,-1,-5
119,1,-5
118,2,-4
113,4,-4
111,4,0
107,0,-1
105,2,-2
101,2,-1
98,7,-2
96,10,0
91,12,-1
89,15,1
82,17,4
80,16,4
73,15,6
62,13,4
63,12,3
67,12,1
59,12,4
54,9,6
48,10,6
40,9,9
37,1,9
32,1,9
27,-5,9
24,-10,11
23,-11,11
21,-10,11
15,-8,11
12,-9,15
6,-10,15
3,-11,15
-2,-9,18
-1,-10,19
-4,-12,18
-4,-12,19
-5,-13,21
-6,-16,22
-7,-18,21
-6,-21,20
-14,-21,21
-14,-23,21
-14,-24,21
-18,-25,22
-18,-28,18
-19,-23,20
-20,-23,21
-23,-22,18
-19,-19,20
-20,-16,20
-24,-19,18
-24,-18,16
-25,-14,13
-21,-11,16
-21,-10,14
-18,-9,12
-13,-8,12
-14,-5,12
-17,-3,10
-14,-2,13
-14,-5,16
-13,-5,17
-12,-1,17
-6,-8,19
-3,-14,17
0,-12,18
0,-11,13
5,-8,12
9,-5,11
6,-1,14
7,-4,12
14,-1,9
17,3,7
16,7,8
19,10,10
24,11,6
23,10,5
24,9,6
22,9,5
21,13,7
25,10,6
29,6,4
32,5,9
34,5,7
32,4,5
31,3,6
30,2,6
34,3,5
31,4,3
36,5,4
42,10,3
43,9,0
39,13,-1
41,13,-3
40,14,-2
41,15,-3
42,18,0
41,19,1
45,19,0
45,15,1
41,13,5
42,11,4
42,13,1
43,16,5
41,13,7
39,17,6
38,17,6
32,16,9
31,17,5
27,13,6
25,15,7
24,17,6
26,20,3
21,18,-1
21,21,1
16,23,1
16,23,1
13,16,3
11,16,2
14,17,5
15,12,6
10,8,8
11,6,7
10,2,5
8,1,5
9,-2,4
10,0,5
9,-3,5
6,-3,6
12,-3,6
11,-4,6
16,-7,6
21,-11,4
21,-12,6
22,-18,5
25,-22,7
29,-23,7
29,-23,8
31,-22,7
35,-21,7
35,-17,9
37,-17,8
36,-19,8
39,-24,9
44,-24,8
42,-25,9
41,-25,11
41,-25,10
42,-23,9
43,-21,8
40,-20,6
42,-20,4
45,-18,2
44,-18,6
46,-11,6
44,-8,9
42,-7,8
40,-6,7
41,-7,11
39,-7,11
37,-9,11
34,-5,11
30,-6,11
31,-4,11
32,-8,11
32,-8,12
28,-7,11
28,-5,9
23,-5,11
22,-4,10
14,-1,10
14,2,10
13,9,10
14,12,12
15,19,9
16,21,8
8,25,11
10,30,11
13,31,6
10,28,4
8,29,4
6,28,6
6,25,12
0,22,12
-5,23,12
-5,26,9
-7,29,8
-7,32,9
-14,32,9
-15,34,8
-22,37,7
-27,40,6
-22,37,7
-19,35,6
-21,38,5
-25,38,5
-28,36,7
-25,36,8
-29,36,9
-31,39,11
-28,41,11
-30,40,9
-39,40,12
-40,43,12
-36,40,10
-36,35,11
-35,30,17
-34,28,16
-36,25,13
-37,20,17
-40,19,16
-43,18,12
-42,19,13
-43,19,13
-42,18,12
-44,17,12
-45,19,12
-42,18,15
-39,16,18
-40,14,23
-41,10,22
-45,7,22
-44,10,21
-44,11,22
-42,13,22
-44,12,22
-46,6,22
-44,5,22
-43,5,19
-43,7,22
-43,3,21
-46,2,21
-48,2,16
-48,3,19
-47,3,23
-44,5,22
-46,7,18
-47,8,19
-48,9,20
-47,5,21
-50,5,22
-47,9,23
-44,8,23
-44,11,23
-44,11,25
-44,9,27
-44,11,24
-43,13,22
-43,12,21
-44,13,22
-43,16,22
-38,18,21
-42,15,20
-44,16,21
-39,18,20
-38,16,21
-36,19,20
-38,19,20
-37,19,19
-36,25,19
-36,29,20
-35,31,19
-36,35,18
-35,36,17
-37,38,18
-39,37,21
-41,35,19
-39,36,19
-40,37,22
-37,41,20
-33,42,18
-32,41,18
-35,37,17
-37,40,19
-35,41,18
-32,39,16
-27,35,17
-27,34,14
-26,31,12
-29,27,11
-35,28,11
-34,29,10
-33,29,8
-32,32,8
-33,38,7
-29,39,7
-35,38,3
-39,37,4
-40,36,7
-40,32,7
-39,26,7
-37,20,9
-36,18,9
-39,17,7
-34,15,9
-35,15,9
-37,15,8
-38,18,9
-31,17,9
-34,16,6
-34,18,5
-32,18,5
-34,22,4
-35,23,2
-30,26,3
-28,29,1
-32,24,1
-33,25,0
-35,26,-3
-35,25,-1
-33,25,3
-31,20,3
-26,19,1
-23,18,0
-25,15,1
-26,12,0
-27,11,2
-29,17,3
-27,18,0
-25,20,3
-24,17,3
-26,16,1
-24,17,1
-20,16,1
-20,18,5
-17,16,4
-21,14,4
-26,14,2
-25,11,1
-25,13,4
-26,11,4
-25,9,5
-24,10,5
-26,8,2
-23,8,1
-26,10,0
-26,12,3
-26,12,4
-29,15,4
-27,16,3
-24,14,2
-27,13,3
-28,12,4
-27,9,5
-28,5,4
-31,6,4
-30,4,7
-31,2,5
-36,5,5
-37,3,5
-34,4,9
-34,4,10
-34,7,8
-29,9,7
-30,9,7
-33,12,7
-37,15,7
-34,15,7
-34,15,7
-33,15,9
-33,14,6
-32,14,7
-34,15,6
-34,13,6
-35,13,7
-34,13,8
-33,8,5
-33,12,4
-36,12,4
-38,11,4
-36,13,5
-36,14,5
-37,16,5
-38,21,5
-38,20,6
-41,20,4
-42,22,2
-40,27,-1
-42,29,1
-42,31,0
-42,32,0
-42,33,0
-42,31,-1
-43,30,-2
-45,32,-4
-45,34,-5
-43,38,-2
-43,41,3
-47,38,1
-47,39,-1
-47,41,1
-48,41,1
-48,38,-1
-44,34,-3
-48,36,-1
-46,36,1
-47,37,3
-46,35,1
-45,35,2
-45,31,5
-43,33,5
-40,31,4
-38,30,3
-39,32,2
-39,31,5
-39,30,5
-40,31,6
-40,31,7
-39,31,7
-33,27,6
-28,24,4
-28,24,6
-29,25,8
-27,24,7
-25,26,9
-23,28,8
-22,29,6
-19,29,7
-18,28,7
-22,25,6
-19,29,-1
-18,35,2
-21,36,3
-22,39,4
-20,40,5
-24,40,5
-26,44,5
-28,46,4
-30,48,3
-32,53,1
-34,51,1
-35,51,2
-41,48,0
-43,47,-5
-50,47,-1
-55,44,2
-58,42,3
-58,42,2
-64,45,2
-70,50,2
-69,51,3
-68,53,4
-72,56,4
-73,58,4
-77,60,6
-78,61,6
-79,62,4
-81,63,3
-81,63,7
-82,62,8
-83,64,8
-83,60,9
-86,60,8
-86,62,11
-89,65,11
-91,65,11
-94,68,9
-93,72,11
-97,72,9
-101,69,9
-98,69,11
-105,73,11
-108,76,10
-107,74,12
-106,73,12
-110,69,14
-114,66,15
-113,61,15
-116,59,20
-122,55,23
-122,51,19
-120,54,18
-123,60,18
-118,62,16
-117,64,13
-118,64,16
-119,67,17
-120,66,16
-123,63,12
-126,63,12
-125,62,11
-124,56,10
-120,55,12
-115,55,8
-113,54,10
-114,54,11
-114,54,8
-112,50,11
-116,52,11
-116,53,12
-111,52,14
-109,53,19
-105,50,16
-98,47,17
-93,45,14
-92,45,17
-91,42,15
-85,43,11
-82,44,8
-75,47,6
-71,49,6
-64,50,3
-60,57,2
-57,60,-3
-52,60,-4
-46,66,-6
-42,64,-11
-35,64,-11
-29,66,-7
-24,60,-5
-11,61,-7
-3,59,-10
4,56,-10
11,53,-10
16,53,-8
22,51,-10
22,46,-12
26,45,-13
32,46,-15
36,45,-15
37,45,-16
39,48,-17
41,47,-19
46,50,-20
48,55,-21
51,57,-24
52,60,-26
57,60,-28
57,67,-28
57,71,-27
58,73,-28
56,75,-26
57,77,-25
57,76,-22
55,76,-26
57,78,-25
53,81,-23
51,84,-23
52,88,-24
56,89,-22
46,90,-23
46,93,-22
46,97,-20
42,94,-20
40,93,-19
40,90,-24
42,77,-32
38,91,-25
38,125,-15
44,140,-11
43,119,-20
31,82,-20
21,67,-23
31,64,-33
41,52,-43
32,38,-44
26,44,-43
23,70,-41
22,84,-46
20,80,-47
21,94,-46
25,117,-35
34,137,-25
35,137,-14
35,112,-5
29,63,-3
17,16,-6
13,-8,-6
18,-6,-6
24,6,-8
28,34,-9
32,63,-12
31,89,-14
29,108,-20
26,116,-19
27,115,-21
25,105,-24
27,92,-25
25,82,-26
27,73,-27
32,66,-25
39,63,-27
42,72,-23
43,72,-19
47,68,-17
49,63,-13
48,56,-10
48,50,-10
46,40,-13
42,28,-10
42,22,-7
45,17,-10
48,14,-9
46,15,-9
46,18,-9
46,24,-7
47,27,-7
51,33,-10
54,31,-9
58,30,-6
58,25,-7
59,24,-6
61,22,-5
57,19,-3
54,18,0
59,14,-1
56,14,2
54,11,3
54,7,1
51,10,2
47,6,4
39,4,5
40,5,4
41,5,5
38,5,5
35,7,4
35,2,4
38,3,2
35,5,-1
34,9,-2
32,7,-3
28,6,-4
24,6,-3
23,9,-5
21,14,0
17,13,3
15,13,2
13,10,6
11,12,8
5,10,4
2,13,5
-3,10,7
-5,3,12
-2,-2,13
-7,-6,12
-10,-6,9
-10,0,9
-14,-2,9
-18,0,7
-25,3,9
-24,5,13
-28,7,14
-33,8,16
-35,9,14
-35,10,12
-38,7,14
-40,5,16
-39,5,17
-42,7,17
-42,5,20
-42,-1,21
-46,0,19
-46,-1,22
-46,-1,25
-51,-3,20
-51,1,21
-51,-1,22
-54,-3,24
-53,-6,23
-57,-10,21
-54,-13,18
-55,-11,21
-52,-11,21
-52,-9,20
-50,-9,20
-52,-8,21
-49,-8,17
-50,-6,21
-55,-4,19
-55,-3,16
-57,0,15
-53,4,18
-53,3,16
-53,-1,12
-52,0,13
-50,2,9
-46,4,7
-47,2,8
-45,1,10
-43,-1,7
-43,-1,8
-39,-1,5
-43,1,5
-45,1,7
-51,6,4
-52,7,5
-57,8,7
-62,9,9
-61,8,9
-61,6,12
-62,6,13
-62,-1,19
-66,-4,22
-70,-6,22
-69,-9,22
-70,-10,21
-69,-7,17
-67,-4,12
-66,-2,10
-62,5,9
-63,8,9
-62,11,11
-61,12,10
-58,18,8
-55,21,5
-53,25,2
-55,24,3
-53,22,5
-49,23,4
-44,17,4
-43,17,6
-44,15,7
-40,12,9
-35,8,6
-32,5,3
-25,4,4
-22,3,4
-19,3,3
-23,5,0
-24,3,2
-23,3,4
-21,5,5
-19,9,4
-15,12,3
-15,14,2
-14,13,3
-14,11,8
-18,13,10
-17,10,10
-21,8,12
-20,7,9
-18,7,10
-18,10,9
-19,8,9
-19,6,7
-16,11,7
-13,15,5
-10,13,4
-10,16,4
-11,21,6
-12,20,5
-13,19,2
-13,21,0
-15,21,2
-17,19,5
-15,18,6
-13,16,5
-11,17,4
-8,15,5
-11,11,4
-12,13,-1
-10,13,-2
-10,11,-2
-11,9,-1
-6,11,-3
1,13,-5
0,15,-6
5,16,-7
6,17,-10
12,20,-11
20,20,-15
17,22,-14
17,19,-16
18,16,-19
21,17,-21
19,17,-24
23,18,-22
23,15,-24
20,15,-23
23,16,-24
19,17,-19
19,16,-17
12,16,-17
4,17,-14
3,15,-11
4,15,-12
2,17,-12
2,20,-11
2,20,-9
2,20,-9
0,19,-10
-1,18,-10
-2,17,-10
-4,17,-11
-3,16,-10
-3,18,-10
-4,20,-7
-6,18,-7
-6,20,-6
-7,23,-5
-7,21,-5
-3,22,-3
1,24,0
0,19,-3
-1,19,0
-1,20,1
7,22,0
10,25,0
7,23,4
1,21,4
1,20,2
4,16,4
8,17,5
6,15,5
2,13,6
2,14,8
-1,10,9
-2,12,12
-4,15,14
-2,12,11
-5,12,12
-8,17,13
-8,19,12
-6,16,11
-4,15,12
-9,13,14
-10,12,15
-13,17,18
-11,14,17
-15,11,14
-19,12,12
-21,10,14
-21,11,15
-19,12,10
-17,16,14
-18,14,11
-18,14,12
-15,15,11
-16,15,10
-15,14,9
-15,16,9
-8,17,6
-9,20,5
-8,22,5
-10,23,4
-12,20,7
-14,17,6
-11,19,4
-11,13,5
-14,15,8
-14,16,6
-16,14,6
-15,16,7
-13,18,7
-16,17,4
-16,16,3
-16,14,4
-15,12,1
-17,11,0
-17,9,1
-19,12,-3
-25,17,-2
-26,19,-1
-28,21,0
-31,22,-4
-32,25,-3
-29,24,-1
-29,23,2
-31,25,2
-32,19,2
-35,16,1
-30,12,3
-33,16,6
-36,17,7
-29,15,10
-31,14,7
-35,14,9
-41,14,13
-48,12,11
-51,11,13
-50,11,14
-47,12,14
-47,11,13
-49,9,16
-50,8,19
-50,6,16
-46,8,13
-50,12,13
-52,14,14
-51,18,17
-51,20,19
-53,16,19
-57,12,18
-60,10,21
-60,6,22
-61,5,21
-60,8,20
-61,8,21
-63,4,26
-62,3,24
-61,3,26
-61,5,25
-64,8,26
-61,11,25
-60,12,23
-60,10,25
-61,8,24
-61,12,25
-62,13,23
-61,13,23
-58,13,25
-59,17,24
-56,19,24
-53,17,26
-57,17,29
-64,18,29
-68,16,27
-66,20,26
-69,19,30
-70,18,30
-72,19,31
-76,18,31
-73,19,29
-72,21,29
-70,24,28
-70,24,24
-67,27,22
-62,22,23
-64,24,19
-66,22,18
-66,24,21
-66,25,20
-60,24,21
-63,18,21
-60,18,22
-63,19,19
-64,17,21
-66,18,22
-61,17,24
-62,19,24
-60,18,22
-57,16,27
-57,20,25
-57,19,23
-57,17,21
-58,19,23
-58,16,23
-58,19,23
-57,20,24
-59,20,21
-59,19,20
-55,19,19
-51,22,16
-50,22,17
-51,24,15
-51,24,13
-47,26,14
-48,26,18
-46,27,18
-45,27,19
-43,24,20
-45,23,20
-47,20,17
-46,21,19
-42,22,18
-43,19,16
-43,22,15
-38,23,17
-34,22,17
-33,20,15
-32,17,14
-32,15,16
-30,17,17
-36,18,15
-34,19,14
-32,19,12
-32,21,13
-31,22,13
-31,25,12
-28,27,12
-21,28,12
-21,28,15
-23,28,15
-20,28,15
-21,26,17
-21,24,16
-20,24,14
-17,21,12
-16,18,11
-16,23,12
-17,21,13
-17,22,12
-13,23,12
-10,21,10
-9,18,9
-7,21,9
-8,23,9
-4,23,8
-5,24,6
-4,24,7
-5,26,6
-1,32,6
1,30,4
4,29,6
4,28,3
4,26,4
6,26,7
13,26,8
12,24,6
15,23,6
16,22,8
16,19,5
16,19,7
15,18,7
19,20,8
22,23,10
21,25,9
23,25,9
28,26,6
26,30,7
25,28,5
27,24,3
30,30,4
29,29,4
29,30,4
32,31,1
32,26,4
35,25,5
40,26,9
41,23,5
38,22,4
38,20,7
38,18,9
41,18,7
42,18,8
45,19,7
51,18,4
54,15,4
54,16,5
53,17,1
57,15,2
57,19,2
59,17,0
63,14,-2
61,14,2
59,15,0
65,16,-1
74,12,-4
76,14,-3
76,12,-1
73,10,-1
78,8,-4
79,9,-7
76,11,-7
81,15,-4
85,15,-1
83,15,-1
84,17,-2
90,12,-5
86,11,-3
83,10,-2
86,13,-2
87,10,-7
91,10,-7
91,9,-5
89,6,-3
91,8,-2
93,5,-1
98,4,-2
94,7,-3
96,13,-4
98,15,-1
98,13,-3
94,16,-2
94,11,-3
91,11,2
88,12,1
87,10,3
90,10,3
86,11,1
83,11,4
83,10,2
83,11,2
82,11,2
82,12,4
83,13,3
82,11,1
83,12,2
83,13,2
80,14,2
82,12,2
81,15,3
79,16,3
77,15,1
79,15,3
84,17,3
80,17,3
81,22,0
80,22,3
79,20,1
76,19,0
82,19,1
80,22,4
75,20,7
76,18,8
77,11,6
74,11,5
73,12,4
73,12,4
71,12,7
71,11,8
72,11,8
71,12,10
73,12,8
67,11,6
68,12,7
64,11,8
62,12,6
59,12,8
58,12,11
59,10,8
57,8,9
59,5,15
56,5,13
52,8,12
51,8,17
48,10,18
48,6,17
54,0,17
52,6,17
47,9,16
42,8,17
41,5,18
42,7,17
39,13,17
35,10,14
38,12,15
35,16,16
31,14,13
27,14,13
23,15,18
27,15,19
25,18,18
27,21,18
27,19,17
24,17,17
23,20,19
22,21,15
22,23,16
25,26,16
24,24,15
22,22,16
24,19,18
23,17,17
25,16,17
30,14,16
28,12,16
27,15,19
29,13,18
28,14,16
24,12,20
19,13,22
19,15,24
17,16,24
13,15,26
17,18,26
15,21,24
14,23,23
16,23,25
12,26,26
10,27,28
8,28,26
11,27,22
4,29,24
6,28,28
4,33,26
4,34,25
5,40,26
3,42,29
-4,36,25
-4,31,23
-2,28,24
-8,30,24
-4,31,24
-7,31,25
-10,35,23
-9,36,21
-13,37,21
-16,38,23
-11,37,19
-11,34,19
-14,33,20
-17,26,21
-18,24,20
-19,28,20
-19,30,19
-21,30,20
-21,31,17
-21,30,19
-19,32,20
-21,32,20
-23,30,17
-27,29,18
-21,29,16
-20,26,17
-22,25,19
-18,22,16
-19,24,16
-20,22,13
-20,19,12
-19,20,12
-19,22,13
-21,23,14
-24,26,13
-24,29,11
-26,26,13
-28,27,13
-27,28,17
-30,27,15
-27,28,14
-26,29,11
-26,31,10
-25,31,10
-29,28,13
-25,26,16
-25,26,13
-23,27,11
-21,30,12
-25,30,12
-29,28,11
-29,26,11
-32,24,12
-31,25,13
-36,28,12
-31,25,14
-33,24,12
-36,26,13
-36,25,14
-34,28,14
-35,30,13
-35,29,14
-38,31,17
-39,28,15
-39,27,12
-41,27,11
-37,24,13
-36,24,18
-38,25,14
-40,24,12
-39,29,11
-41,31,12
-41,28,12
-40,24,16
-40,23,16
-39,23,15
-39,26,16
-39,27,14
-40,29,11
-45,30,9
-45,29,9
-44,28,9
-41,26,9
-38,26,8
-42,29,12
-43,32,10
-46,32,10
-48,32,12
-47,33,11
-47,29,11
-43,24,9
-43,25,12
