3613,-887,849
3639,-854,866
3658,-812,861
3699,-778,865
3735,-769,854
3733,-772,814
3737,-801,803
3737,-812,818
3760,-838,823
3775,-894,814
3796,-908,850
3823,-933,878
3862,-950,919
3903,-968,961
3928,-997,961
3923,-1028,913
3913,-1016,907
3909,-1016,903
3895,-993,867
3881,-966,832
3799,-948,774
3742,-874,803
3746,-905,791
3746,-908,812
3760,-898,842
3756,-877,844
3750,-872,838
3750,-870,844
3754,-876,868
3733,-860,876
3690,-894,854
3653,-921,855
3641,-950,848
3646,-973,860
3650,-985,872
3698,-996,874
3684,-1054,784
3650,-1087,711
3664,-1146,614
3711,-1219,455
3785,-1296,237
3870,-1374,-24
3952,-1454,-330
4057,-1492,-599
4162,-1631,-967
4295,-1656,-1154
4444,-1718,-1293
4630,-1712,-1283
4819,-1705,-1163
4986,-1639,-956
5122,-1490,-683
5257,-1337,-526
5337,-1244,-490
5363,-1189,-459
5404,-1271,-464
5397,-1407,-452
5258,-1594,-428
5074,-1797,-312
4843,-1972,-179
4597,-2146,-30
4364,-2255,105
4049,-2315,70
3769,-2387,18
3547,-2382,-13
3335,-2308,-108
3160,-2261,-203
3067,-2221,-249
2980,-2127,-283
2972,-2034,-272
3046,-1909,-233
3146,-1790,-198
3292,-1639,-146
3428,-1498,-123
3528,-1376,-140
3618,-1271,-172
3690,-1188,-224
3760,-1123,-293
3833,-1087,-360
3920,-1078,-389
4008,-1088,-399
4091,-1114,-406
4161,-1151,-397
4221,-1191,-390
4256,-1223,-365
4272,-1244,-335
4249,-1253,-303
4210,-1245,-314
4155,-1244,-336
4087,-1215,-340
4004,-1186,-343
3927,-1146,-344
3850,-1099,-347
3793,-1049,-344
3723,-995,-350
3669,-959,-366
3619,-933,-370
3596,-912,-364
3596,-887,-347
3575,-862,-339
3574,-827,-339
3567,-800,-369
3572,-777,-394
3597,-753,-406
3659,-700,-414
3688,-694,-413
3747,-645,-387
3798,-658,-384
3845,-687,-372
3873,-726,-365
3892,-770,-385
3918,-813,-369
3953,-847,-358
3981,-878,-366
4007,-922,-376
4045,-958,-362
4065,-992,-357
4071,-1018,-364
4067,-1045,-359
4061,-1062,-359
4064,-1058,-354
4065,-1055,-354
4071,-1060,-339
4069,-1056,-323
4082,-1050,-306
4097,-1049,-307
4104,-1042,-307
4118,-1024,-286
4130,-1008,-252
4141,-1000,-216
4145,-990,-181
4147,-986,-155
4149,-978,-131
4156,-974,-122
4168,-972,-108
4164,-972,-102
4156,-966,-94
4150,-942,-94
4132,-914,-104
4120,-900,-107
4113,-876,-107
4106,-857,-114
4103,-840,-141
4098,-839,-167
4085,-838,-182
4076,-836,-193
4066,-843,-222
4046,-855,-272
4034,-860,-305
4016,-880,-327
4000,-893,-337
3982,-893,-361
3962,-891,-392
3935,-882,-405
3914,-879,-401
3897,-877,-381
3879,-884,-351
3871,-898,-329
3861,-915,-322
3854,-937,-313
3848,-956,-298
3841,-981,-295
3838,-1011,-299
3845,-1042,-299
3852,-1069,-298
3863,-1080,-288
3872,-1086,-268
3889,-1099,-246
3910,-1112,-228
3929,-1121,-217
3952,-1124,-208
3969,-1126,-194
3985,-1124,-179
4002,-1126,-178
4005,-1120,-183
4008,-1103,-195
4022,-1105,-207
4027,-1100,-202
4046,-1083,-190
4060,-1070,-172
4040,-1080,-143
4036,-1084,-87
4053,-1100,-41
4075,-1119,-19
4090,-1180,-37
4089,-1238,-57
4076,-1286,-66
4071,-1336,-59
4073,-1361,-54
4063,-1382,-71
4048,-1402,-87
4030,-1419,-104
4020,-1439,-131
4016,-1446,-149
4013,-1445,-162
3994,-1418,-164
3969,-1384,-200
3957,-1387,-268
3936,-1391,-335
3905,-1383,-414
3880,-1358,-478
3854,-1327,-539
3843,-1286,-566
4039,-1164,-343
4065,-904,-295
4035,-760,-458
3980,-766,-633
3932,-815,-695
3913,-895,-694
3890,-1021,-698
3896,-1161,-662
3935,-1312,-577
3980,-1478,-496
4004,-1601,-427
4023,-1698,-365
4027,-1809,-307
4012,-1894,-253
3993,-1927,-224
3947,-1943,-219
3886,-1946,-226
3815,-1918,-228
3749,-1855,-219
3674,-1822,-194
3569,-1807,-165
3479,-1810,-130
3410,-1794,-78
3363,-1762,-27
3331,-1744,49
3285,-1728,111
3260,-1718,180
3262,-1724,263
3286,-1726,351
3334,-1724,423
3372,-1720,464
3404,-1731,503
3444,-1747,558
3482,-1738,627
3506,-1745,681
3553,-1713,763
3601,-1679,827
3644,-1640,890
3680,-1619,922
3720,-1618,932
3792,-1589,963
3859,-1556,972
3909,-1556,945
3946,-1560,914
3991,-1565,882
4035,-1578,851
4068,-1587,819
4093,-1599,773
4134,-1630,731
4155,-1684,671
4175,-1725,628
4188,-1751,605
4201,-1748,605
4220,-1753,595
4214,-1734,567
4255,-1766,528
4216,-1730,509
4166,-1721,518
4112,-1696,507
4029,-1664,497
3962,-1640,487
3905,-1607,499
3847,-1574,518
3811,-1551,571
3786,-1530,601
3771,-1515,639
3757,-1496,686
3752,-1475,725
3739,-1455,747
3719,-1389,770
3695,-1394,785
3651,-1373,772
3602,-1338,763
3546,-1299,744
3493,-1228,728
3445,-1207,707
3403,-1186,682
3350,-1159,684
3320,-1154,691
3312,-1159,710
3324,-1182,726
3345,-1212,725
3362,-1253,695
3359,-1313,605
3316,-1374,480
3249,-1430,382
3222,-1487,326
3296,-1535,319
3394,-1574,319
3485,-1639,328
3567,-1712,350
3625,-1773,366
3676,-1845,386
3726,-1903,399
3781,-1952,392
3843,-1983,369
3912,-2021,329
3973,-2042,283
4030,-2073,211
4086,-2111,162
4114,-2154,123
4150,-2225,78
4169,-2256,53
4142,-2241,32
4114,-2249,9
4060,-2248,7
3978,-2169,27
3886,-2138,59
3795,-2071,110
3700,-2008,175
3615,-1962,265
3531,-1910,324
3466,-1847,357
3423,-1795,427
3357,-1775,480
3321,-1741,505
3280,-1710,529
3253,-1668,538
3230,-1622,538
3224,-1609,554
3204,-1607,569
3211,-1580,567
3188,-1575,530
3171,-1592,485
3174,-1634,440
3205,-1672,398
3255,-1694,347
3318,-1688,304
3389,-1698,267
3457,-1718,248
3523,-1731,237
3582,-1735,238
3636,-1742,246
3686,-1750,260
3725,-1764,264
3758,-1769,271
3794,-1763,283
3825,-1758,292
3851,-1753,306
3874,-1732,324
3889,-1724,330
3904,-1689,326
3897,-1687,329
3877,-1709,311
3850,-1733,308
3822,-1744,306
3787,-1759,309
3757,-1764,310
3727,-1770,309
3703,-1781,315
3682,-1788,324
3662,-1793,331
3639,-1790,328
3613,-1788,326
3589,-1781,319
3573,-1771,313
3558,-1765,301
3550,-1755,293
3544,-1744,291
3549,-1729,299
3556,-1716,309
3569,-1701,321
3587,-1693,338
3602,-1681,355
3617,-1678,363
3625,-1673,372
3633,-1671,378
3637,-1671,383
3643,-1675,385
3642,-1676,387
3642,-1674,388
3647,-1677,387
3653,-1674,384
3660,-1672,381
3672,-1673,372
3679,-1674,365
3681,-1669,361
3686,-1669,351
3688,-1664,357
3698,-1675,365
3710,-1674,385
3720,-1669,399
3736,-1658,407
3743,-1657,410
3748,-1659,407
3751,-1655,420
3749,-1648,431
3745,-1647,444
3739,-1647,456
3725,-1641,457
3714,-1640,456
3707,-1633,458
3704,-1634,458
3699,-1633,457
3695,-1637,451
3693,-1637,443
3692,-1634,436
3695,-1631,428
3697,-1623,427
3693,-1620,427
3698,-1621,428
3704,-1619,435
3710,-1618,445
3715,-1617,454
3726,-1612,459
3734,-1607,455
3740,-1596,446
3741,-1583,434
3739,-1571,428
3742,-1561,428
3749,-1555,430
3755,-1555,438
3763,-1552,443
3768,-1555,449
3772,-1558,456
3773,-1561,457
3775,-1563,459
3776,-1566,456
3774,-1565,457
3766,-1565,452
3761,-1565,451
3755,-1571,451
3752,-1560,465
3752,-1562,472
3751,-1563,480
3750,-1558,492
3746,-1558,499
3745,-1558,507
3735,-1560,519
3732,-1554,526
3726,-1549,526
3721,-1553,528
3719,-1555,521
3713,-1555,516
3707,-1558,519
3706,-1552,511
3708,-1551,512
3706,-1546,512
3706,-1549,510
3710,-1557,510
3713,-1558,517
3718,-1569,526
3716,-1574,534
3713,-1581,534
3712,-1584,534
3708,-1587,524
3702,-1585,517
3697,-1585,511
3696,-1584,508
3692,-1586,514
3688,-1586,521
3682,-1589,524
3673,-1595,528
3668,-1593,529
3664,-1593,524
3660,-1596,521
3659,-1596,519
3662,-1600,518
3663,-1602,515
3668,-1605,513
3673,-1610,510
3680,-1618,509
3681,-1624,506
3683,-1633,505
3680,-1642,502
3684,-1652,495
3687,-1658,480
3693,-1664,463
3697,-1665,450
3698,-1668,441
3710,-1678,427
3718,-1687,403
3721,-1698,389
3718,-1708,383
3717,-1719,373
3716,-1733,370
3708,-1741,377
3696,-1743,360
3680,-1742,333
3662,-1746,314
3636,-1744,295
3614,-1737,287
3588,-1735,286
3565,-1745,293
3547,-1750,297
3526,-1764,293
3499,-1783,283
3474,-1801,281
3445,-1813,284
3399,-1823,291
3390,-1832,322
3390,-1825,358
3382,-1819,400
3383,-1833,468
3387,-1851,512
3391,-1868,554
3381,-1887,579
3365,-1900,619
3362,-1909,650
3351,-1901,686
3358,-1885,745
3364,-1860,813
3387,-1855,887
3417,-1839,948
3453,-1831,996
3475,-1803,1031
3513,-1783,1049
3549,-1753,1068
3604,-1729,1088
3729,-1709,1098
3794,-1658,1087
3837,-1636,1060
3873,-1619,1031
3923,-1598,1015
3982,-1568,1012
4043,-1557,1006
4077,-1529,975
4098,-1488,930
4128,-1485,910
4151,-1505,893
4147,-1494,867
4129,-1492,842
4120,-1491,823
4105,-1474,827
4084,-1490,821
4065,-1501,824
4036,-1508,822
3995,-1518,824
3929,-1538,816
3888,-1563,807
3841,-1573,795
3773,-1585,773
3720,-1616,772
3676,-1635,774
3628,-1655,786
3602,-1686,789
3573,-1676,821
3545,-1681,828
3537,-1708,828
3524,-1702,835
3525,-1706,835
3527,-1706,849
3525,-1716,856
3511,-1728,858
3495,-1733,854
3484,-1738,876
3472,-1712,866
3439,-1693,869
3414,-1692,896
3420,-1715,895
3440,-1718,907
3421,-1729,909
3404,-1722,901
3402,-1721,950
3374,-1734,970
3364,-1752,1008
3354,-1755,1050
3357,-1760,1049
3367,-1767,1073
3362,-1783,1090
3363,-1804,1067
3375,-1819,1058
3371,-1828,1051
3356,-1833,1047
3337,-1848,1047
3320,-1857,1053
3293,-1828,1079
3270,-1817,1076
3261,-1829,1071
3254,-1817,1075
3247,-1812,1093
3244,-1816,1100
3239,-1817,1099
3238,-1823,1119
3251,-1832,1137
3264,-1825,1158
3297,-1829,1172
3325,-1833,1183
3367,-1837,1187
3420,-1837,1190
3471,-1835,1184
3523,-1822,1173
3576,-1823,1170
3635,-1818,1172
3654,-1787,1185
3668,-1765,1200
3681,-1757,1235
3696,-1743,1285
3704,-1743,1335
3704,-1742,1363
3698,-1712,1373
3691,-1704,1393
3664,-1655,1396
3631,-1616,1400
3595,-1591,1391
3568,-1584,1397
3521,-1543,1389
3491,-1519,1338
3462,-1498,1300
3408,-1431,1305
3345,-1378,1340
3256,-1363,1352
3173,-1363,1361
3080,-1339,1364
2988,-1297,1328
2924,-1259,1336
2874,-1256,1351
2831,-1287,1374
2787,-1285,1387
2764,-1313,1421
2729,-1331,1420
2703,-1332,1422
2703,-1338,1445
2720,-1342,1494
2742,-1368,1557
2754,-1428,1586
2760,-1439,1575
2806,-1462,1572
2881,-1486,1575
2942,-1531,1547
3013,-1597,1512
3079,-1643,1415
3166,-1665,1308
3263,-1736,1168
3355,-1838,989
3441,-1939,760
3560,-2023,552
3679,-2103,362
3771,-2146,252
3848,-2178,169
3911,-2177,163
3947,-2194,274
4008,-2199,455
4037,-2223,547
4021,-2222,554
4003,-2202,581
3988,-2195,606
3951,-2230,600
3917,-2262,584
3843,-2304,487
3780,-2306,399
3708,-2303,306
3632,-2297,190
3551,-2274,41
3478,-2235,-100
3414,-2185,-238
3368,-2111,-316
3329,-2028,-392
3299,-1922,-429
3259,-1796,-446
3234,-1643,-424
3210,-1489,-367
3189,-1349,-303
3191,-1216,-245
3198,-1100,-192
3219,-1016,-176
3250,-960,-202
3316,-942,-212
3414,-934,-204
3515,-928,-168
3627,-952,-97
3739,-1018,-35
3829,-1089,39
3933,-1206,101
4001,-1333,121
4067,-1481,185
4185,-1664,292
4279,-1805,440
4413,-1983,564
4561,-2189,640
4675,-2339,690
4799,-2449,696
4942,-2574,707
5083,-2662,698
5220,-2689,648
5362,-2611,655
5487,-2436,709
5596,-2218,777
5678,-2015,847
5739,-1835,929
5776,-1653,997
5820,-1544,1070
5850,-1495,1111
5831,-1475,1136
5780,-1471,1191
5717,-1453,1267
5663,-1426,1324
5615,-1395,1352
5580,-1381,1348
5545,-1379,1295
5508,-1362,1252
5505,-1328,1186
5517,-1270,1080
5562,-1196,984
5565,-1043,899
5529,-926,856
5460,-913,819
5350,-921,680
5256,-1011,592
5118,-1037,474
4951,-982,256
4777,-916,77
4689,-943,18
4605,-928,-3
4500,-921,-22
4378,-960,-39
4235,-983,-27
4043,-1041,-69
3887,-1073,-76
3790,-1073,64
3773,-1157,250
3776,-1232,459
3676,-1245,718
3580,-1327,925
3533,-1445,1093
3487,-1526,1158
3447,-1685,1126
3428,-1854,1040
3356,-1943,836
3256,-1940,597
3130,-1847,351
2974,-1718,118
2830,-1565,-17
2683,-1392,-118
2535,-1188,-220
2376,-1075,-338
2230,-984,-424
2082,-915,-442
1920,-900,-505
1733,-848,-559
1538,-816,-605
1319,-799,-579
1149,-755,-490
1001,-751,-397
815,-720,-321
660,-668,-293
521,-676,-397
377,-733,-670
229,-793,-970
91,-854,-1191
3,-941,-1251
-2,-1072,-1213
110,-1258,-1101
347,-1446,-903
746,-1699,-668
1266,-2006,-443
1807,-2249,-300
2351,-2416,-231
2830,-2502,-136
3211,-2536,-21
3404,-2550,46
3368,-2487,41
3344,-2447,12
3424,-2424,-97
3624,-2446,-268
3859,-2448,-494
4161,-2418,-757
4533,-2359,-1034
5073,-2292,-1259
5751,-2155,-1266
6353,-2019,-1141
6798,-1829,-982
7132,-1670,-920
7360,-1539,-922
7543,-1449,-873
7650,-1397,-678
7708,-1466,-407
7665,-1569,-140
7505,-1669,73
7312,-1864,229
7003,-1995,283
6711,-2101,386
6351,-2190,442
6090,-2297,598
5856,-2386,749
5633,-2488,875
5441,-2597,977
5262,-2713,1043
5139,-2828,1038
5026,-2866,1022
4952,-2818,1030
4863,-2705,1054
4857,-2628,1025
4912,-2535,1012
4952,-2407,1000
5002,-2283,970
5016,-2179,932
4991,-2094,911
4958,-2078,922
4890,-2076,924
4788,-2048,960
4656,-1993,1022
4519,-1908,1118
4335,-1888,1167
4145,-1864,1201
3941,-1858,1227
3701,-1861,1208
3473,-1896,1234
3288,-1896,1259
3151,-1879,1330
3043,-1823,1421
2983,-1772,1503
2957,-1697,1579
2978,-1628,1628
3035,-1544,1658
3078,-1418,1672
3141,-1338,1627
3196,-1249,1527
3221,-1118,1435
3210,-964,1345
3200,-823,1235
3144,-669,1107
3070,-530,1008
2937,-388,898
2790,-281,833
2658,-251,853
2544,-238,942
2425,-165,1096
2285,-77,1178
2148,-72,1171
2005,-22,1107
1806,137,974
1580,416,830
1390,718,764
1260,952,786
1180,1086,909
1044,1089,909
845,1070,858
658,1060,886
474,1026,849
256,887,571
-11,666,63
-271,329,-714
-569,-94,-1760
-876,-491,-2853
-1032,-668,-3377
-1038,-628,-3461
-867,-529,-3282
-488,-473,-2968
105,-575,-2632
835,-798,-1957
1648,-1308,-934
2494,-2164,274
3254,-3293,1306
3848,-4339,1850
4246,-4812,1682
4735,-4676,1173
5450,-4437,540
6288,-4312,-110
7048,-4303,-698
7690,-4386,-1076
8167,-4501,-1365
8381,-4471,-1753
8416,-4313,-1986
8366,-4035,-1930
8167,-3545,-1718
7835,-2936,-1383
7394,-2211,-873
6903,-1460,-301
6325,-716,124
5643,53,362
5028,525,451
4563,614,492
4265,335,519
4082,-116,524
3999,-644,474
4002,-1273,391
3953,-1822,293
3895,-2174,193
3879,-2336,154
3921,-2414,124
4042,-2441,157
4266,-2427,276
4549,-2335,369
4853,-2270,354
5149,-2381,304
5432,-2555,304
5713,-2776,310
5947,-2972,295
6115,-2973,246
6266,-2929,209
6350,-2782,205
6369,-2517,258
6319,-2201,262
6169,-1971,227
5981,-1764,197
5764,-1462,105
5568,-1227,28
5363,-1046,-22
5145,-850,-55
4938,-658,-94
4775,-469,-155
4581,-282,-217
4409,-118,-123
4222,-154,-20
4047,-452,87
3913,-776,241
3832,-977,458
3788,-986,628
3796,-1004,797
3846,-1008,921
3876,-1000,993
3899,-982,1088
3916,-957,1137
3950,-885,1145
3967,-813,1068
3944,-731,966
3840,-530,809
3711,-391,603
3565,-331,372
3417,-294,185
3246,-258,66
3067,-264,-29
2862,-287,-79
2634,-324,-152
2383,-405,-248
2118,-515,-311
1885,-632,-345
1691,-719,-344
1492,-824,-335
1288,-937,-294
1005,-1011,-256
717,-1067,-196
504,-1077,-77
312,-1027,51
159,-969,185
38,-940,237
-18,-1040,173
-81,-1300,-176
-224,-1567,-711
-372,-1757,-1224
-432,-1938,-1609
-401,-2198,-1868
-336,-2440,-2046
-147,-2681,-2065
239,-2952,-1880
769,-3292,-1571
1373,-3551,-1246
1852,-3490,-929
2249,-3135,-566
2691,-2801,-159
3149,-2553,204
3567,-2385,336
3973,-2279,249
4364,-2232,-93
4908,-2250,-503
5483,-2201,-688
6043,-2095,-735
6608,-1990,-814
7189,-1944,-897
7780,-1967,-884
8199,-1906,-803
8505,-1884,-732
8672,-1850,-664
8788,-1949,-551
8844,-2113,-275
8718,-2285,45
8451,-2421,325
8121,-2526,533
7685,-2577,607
7182,-2561,694
6716,-2583,864
6286,-2652,910
5904,-2678,937
5614,-2637,950
5409,-2631,935
5228,-2565,891
5111,-2548,853
5080,-2427,876
5138,-2279,961
5185,-2080,1041
5238,-1806,1136
5266,-1550,1205
5295,-1361,1264
5244,-1375,1198
5208,-1472,1087
5121,-1370,1100
5011,-1201,1142
4842,-1048,1167
4599,-865,1202
4387,-806,1248
4231,-812,1388
4007,-771,1500
3775,-716,1563
3575,-754,1612
3357,-839,1623
3126,-1061,1576
2853,-1226,1476
2589,-1239,1434
2439,-1158,1442
2350,-1068,1412
2310,-944,1442
2357,-769,1553
2469,-603,1650
2588,-495,1641
2676,-413,1537
2713,-285,1354
2691,-183,1148
2620,-106,964
2507,53,837
2326,125,741
2151,110,668
2011,-15,625
1846,-94,631
1713,-127,724
1583,-167,793
1504,-153,863
1421,-147,899
1317,-159,855
1178,-208,739
998,-124,650
774,61,561
523,185,507
328,252,559
145,305,622
6,341,714
-82,290,745
-180,252,619
-250,191,318
-329,92,-295
-451,-183,-1244
-535,-565,-2257
-572,-913,-3077
-556,-1258,-3563
-459,-1423,-3623
-142,-1412,-3298
529,-1362,-2654
1430,-1399,-1770
2331,-1615,-840
3162,-2068,2
3975,-2740,760
4756,-3148,1301
5413,-3232,1289
6059,-3404,721
6769,-3689,81
7561,-4129,-389
8347,-4750,-683
8956,-5232,-835
9132,-5245,-996
8737,-4676,-1301
8159,-4108,-1484
7620,-3697,-1595
7070,-3272,-1579
6578,-2705,-1242
6085,-1980,-726
5565,-1003,77
4885,249,692
4245,968,854
3785,1006,749
3669,538,672
3944,-216,683
4323,-1057,612
4501,-1732,488
4593,-2274,417
4647,-2553,449
4733,-2681,488
4875,-2671,473
5084,-2624,454
5339,-2444,499
5585,-2290,566
5834,-2358,599
6013,-2792,626
6192,-3321,800
6240,-2836,1021
6198,-2021,980
6222,-1826,736
6314,-2011,688
6390,-2171,706
6313,-2156,652
6160,-2218,531
5924,-2004,475
5626,-1222,462
5435,-552,422
5334,-119,346
5218,244,214
5130,322,128
4999,171,159
4896,24,246
4783,-27,293
4616,59,301
4397,62,315
4227,-161,358
4049,-481,477
3914,-691,614
3787,-720,710
3635,-679,725
3611,-684,748
3681,-694,745
3784,-749,730
3913,-895,787
3987,-1072,793
4009,-1141,682
3984,-1202,521
3876,-1197,366
3697,-1217,208
3477,-1228,99
3201,-1215,4
2872,-1244,-86
2542,-1258,-155
2207,-1288,-243
1876,-1293,-301
1567,-1324,-353
1231,-1323,-414
932,-1246,-448
653,-1085,-449
421,-902,-464
230,-786,-519
77,-731,-578
-62,-683,-598
-183,-653,-630
-284,-701,-695
-345,-867,-806
-384,-1102,-966
-366,-1326,-1095
-265,-1518,-1128
-43,-1706,-1017
303,-1922,-755
733,-2189,-487
1110,-2461,-312
1346,-2569,-214
1504,-2591,-149
1679,-2483,-122
1916,-2339,-68
2196,-2202,-47
2527,-2093,-100
2892,-2003,-173
3305,-1926,-226
3757,-1921,-300
4283,-1951,-473
4911,-1999,-591
5568,-2146,-714
6241,-2449,-908
6933,-2702,-878
7638,-2988,-725
8147,-3166,-599
8413,-3151,-557
8599,-3038,-513
8648,-2824,-400
8561,-2578,-223
8338,-2391,-18
8025,-2340,110
7804,-2343,347
7515,-2262,483
7135,-2197,521
6807,-2149,681
6381,-1972,825
6014,-1846,984
5752,-1804,1138
5537,-1602,1303
5343,-1489,1350
5250,-1516,1344
5203,-1623,1303
5139,-1538,1294
5081,-1370,1267
5029,-1328,1176
5052,-1244,1199
5082,-1097,1199
5061,-1039,1124
5035,-921,1095
4970,-853,1071
4843,-619,1182
4754,-451,1411
4597,-480,1449
4397,-620,1437
4162,-732,1443
3931,-884,1477
3722,-1169,1467
3555,-1419,1400
3428,-1609,1325
3354,-1736,1312
3297,-1721,1448
3274,-1779,1531
3231,-1864,1574
3165,-2037,1600
3092,-2119,1659
3017,-2052,1735
2999,-1980,1777
3021,-1936,1738
3041,-1828,1638
3044,-1646,1558
3033,-1416,1464
3012,-1166,1306
2958,-948,1113
2853,-718,911
2726,-522,772
2557,-370,680
2377,-205,671
2204,-29,786
2042,112,962
1894,196,1132
1674,121,1113
1356,59,923
1041,65,728
730,187,521
397,347,328
147,556,307
27,768,493
0,914,675
-43,905,663
-113,722,360
-211,255,-237
-344,-248,-993
-490,-733,-1823
-619,-1101,-2543
-703,-1160,-2872
-699,-1029,-2867
-553,-786,-2622
-204,-589,-2138
401,-570,-1446
1213,-910,-714
2089,-1459,-111
3011,-2035,364
3924,-2593,557
4811,-3083,369
5568,-3428,-65
6167,-3484,-408
6766,-3564,-571
7350,-3760,-709
7794,-3999,-1035
8121,-4196,-1299
8332,-4341,-1479
8392,-4393,-1668
8181,-4058,-1812
7730,-3340,-1680
7143,-2550,-1413
6632,-1848,-1055
6161,-1184,-651
5682,-607,-301
5291,-438,-4
4921,-360,338
4428,27,555
3945,362,600
3649,187,494
3497,-404,277
3429,-1122,91
3429,-1771,42
3463,-2190,105
3531,-2400,197
3697,-2492,337
3961,-2658,469
4243,-2554,570
4497,-2089,545
4758,-1767,352
5121,-1779,280
5515,-2054,311
5805,-2304,405
5997,-2543,437
6096,-2534,439
6192,-2325,465
6233,-2073,395
6253,-1808,348
6252,-1703,231
6233,-1796,131
6192,-1800,110
6053,-1493,40
5851,-1017,-67
5595,-594,-195
5352,-181,-186
5187,152,-41
5063,306,27
4921,296,94
4756,215,96
4580,215,140
4400,198,222
4271,94,339
4172,-21,473
4062,-157,635
3967,-343,798
3918,-526,998
3882,-701,1164
3858,-809,1277
3884,-909,1341
3926,-1024,1367
3960,-1057,1313
3961,-1071,1231
3863,-1029,1024
3714,-1005,718
3582,-1002,424
3420,-972,213
3198,-919,55
2937,-868,-63
2636,-837,-190
2334,-889,-339
2011,-921,-430
1691,-1017,-461
1404,-1139,-513
1122,-1180,-573
864,-1207,-680
616,-1116,-690
395,-821,-577
211,-582,-418
57,-497,-306
-95,-544,-208
-231,-684,-146
-358,-872,-147
-464,-1048,-205
-541,-1232,-322
-588,-1422,-506
-568,-1623,-814
-437,-1850,-1213
-165,-2128,-1508
188,-2396,-1616
599,-2724,-1581
1024,-2975,-1407
1499,-3141,-1129
1995,-3227,-853
2513,-3196,-524
3031,-3071,-148
3582,-2913,123
4154,-2770,294
4657,-2625,278
5110,-2512,97
5515,-2586,-352
6014,-2689,-734
6534,-2660,-989
6932,-2553,-1254
7269,-2419,-1481
7622,-2298,-1454
7913,-2145,-1225
8207,-1970,-914
8463,-1791,-508
8558,-1570,-191
8565,-1319,6
8465,-1184,121
8384,-1290,221
8285,-1430,351
8078,-1536,451
7802,-1651,556
7438,-1704,699
6989,-1768,814
6512,-1860,834
6097,-2109,824
5730,-2351,820
5426,-2521,860
5223,-2667,930
5120,-2749,999
5121,-2814,1025
5134,-2868,1016
5101,-2897,993
5062,-2783,1061
5029,-2625,1166
4994,-2355,1243
4941,-2017,1298
4854,-1729,1319
4712,-1521,1270
4547,-1452,1114
4413,-1440,1013
4270,-1423,982
4081,-1343,1029
3869,-1138,1188
3717,-850,1463
3565,-787,1544
3389,-939,1483
3169,-1154,1411
2944,-1340,1379
2767,-1510,1356
2554,-1537,1345
2389,-1383,1344
2331,-1216,1363
2300,-1013,1332
2286,-780,1281
2304,-524,1230
2312,-299,1195
2291,-64,1148
2268,228,1113
2212,470,1013
2099,559,838
1982,532,704
1874,339,611
1720,285,587
1483,256,520
1238,272,489
1070,380,627
966,419,757
866,330,749
669,349,662
405,439,501
164,585,415
4,628,389
-136,445,352
-244,180,389
-335,-54,484
-441,-140,522
-508,-234,322
-556,-420,-230
-541,-640,-896
-462,-808,-1493
-390,-906,-2052
-332,-884,-2378
-225,-750,-2271
63,-643,-1894
631,-706,-1409
1387,-1023,-958
2236,-1485,-488
3135,-1965,34
4106,-2456,447
5111,-2998,510
5875,-3338,198
6574,-3612,-153
7312,-3806,-291
7964,-4023,-440
8560,-4237,-545
8988,-4360,-709
9097,-4306,-1091
9030,-4087,-1256
8809,-3734,-1252
8458,-3218,-1148
7878,-2290,-845
7166,-1180,-508
6488,-435,-277
5784,93,-93
5163,390,102
4652,429,261
4242,325,287
4051,57,284
4158,-521,286
4330,-1193,278
4387,-1749,233
4410,-2148,223
4400,-2348,250
4434,-2431,309
4545,-2485,323
4720,-2556,393
4947,-2812,410
5240,-2651,710
5532,-1951,921
5812,-1486,734
6100,-1566,542
6349,-1986,544
6478,-2346,632
6525,-2500,645
6466,-2505,518
6354,-2328,448
6171,-2417,351
5962,-2077,368
5807,-1389,382
5778,-855,283
5890,-651,222
5952,-448,137
5843,-142,163
5713,-102,197
5545,-218,302
5339,-364,421
5088,-406,413
4841,-369,392
4666,-287,448
4626,-304,527
4643,-382,689
4569,-349,888
4447,-319,984
4320,-299,982
4250,-364,1042
4191,-433,1155
4115,-528,1175
3936,-612,1094
3697,-654,866
3362,-737,588
2997,-781,479
2616,-761,385
2240,-735,205
1773,-741,-155
1324,-747,-239
921,-747,-283
520,-737,-443
143,-779,-614
-209,-829,-717
-537,-846,-763
-805,-868,-768
-990,-890,-758
-1111,-917,-716
-1164,-919,-649
-1123,-933,-567
-1027,-961,-476
-880,-960,-361
-680,-913,-235
-443,-854,-113
-187,-805,-28
106,-786,-7
411,-844,-157
724,-942,-557
1017,-1137,-1155
1265,-1449,-1815
1066,-1624,-2516
968,-1835,-2902
1134,-2103,-2954
1480,-2356,-2800
1966,-2570,-2485
2570,-2717,-2032
3235,-2871,-1458
3939,-3090,-799
4618,-3291,-342
5260,-3417,-118
5882,-3486,-214
6555,-3574,-447
7351,-3793,-586
7990,-3894,-703
8510,-3921,-1051
8872,-4129,-1501
8894,-4296,-1865
8742,-4255,-2017
8597,-4091,-1930
8438,-3763,-1609
8264,-3332,-1168
8021,-2984,-739
7685,-2733,-431
7317,-2552,-206
6852,-2449,-68
6494,-2472,178
6094,-2416,324
5767,-2412,357
5510,-2289,425
5291,-2082,363
5207,-1894,344
5230,-1703,389
5228,-1490,409
5349,-1308,534
5484,-1130,701
5551,-995,704
5584,-862,647
5669,-759,734
5800,-685,837
5863,-590,892
5866,-510,871
5804,-438,857
5723,-342,867
5577,-166,922
5397,-157,942
5100,-334,811
4782,-641,774
4475,-962,859
4151,-1280,955
3777,-1559,1024
3353,-1833,1043
2992,-1944,1141
2708,-1869,1305
2487,-1819,1436
2327,-1865,1470
2228,-1849,1529
2175,-1714,1588
2180,-1510,1637
2231,-1364,1642
2335,-1266,1578
2464,-1166,1472
2599,-988,1414
2704,-719,1403
2779,-443,1362
2836,-258,1255
2856,-55,1138
2832,100,1018
2731,201,903
2588,271,790
2431,350,695
2258,413,631
2073,432,577
1879,484,589
1714,560,685
1550,562,736
1410,379,689
1240,177,634
1013,101,635
804,222,718
599,369,769
392,550,763
201,634,707
63,456,557
-118,82,255
-268,-324,-87
-396,-740,-601
-501,-1142,-1307
-582,-1407,-2007
-609,-1584,-2603
-506,-1646,-2943
-304,-1477,-2866
33,-1176,-2434
607,-1039,-1787
1422,-1269,-1006
2308,-1847,-317
3170,-2472,351
3993,-2955,826
4880,-3427,910
5814,-3725,786
6748,-4036,384
7511,-4348,-112
8161,-4769,-412
8669,-5205,-632
8839,-5400,-1054
8680,-5251,-1404
8290,-4884,-1725
7770,-4310,-1941
7216,-3609,-1874
6644,-2864,-1631
6072,-2028,-1234
5525,-1269,-772
4990,-556,-220
4492,180,253
4065,724,591
3738,969,814
3566,809,913
3538,384,816
3585,-193,606
3730,-727,457
3921,-1163,398
4110,-1525,381
4346,-1796,453
4659,-1975,595
5003,-2208,649
5292,-2606,642
5560,-2967,774
5846,-2443,1115
6120,-1797,1044
6430,-1634,744
6716,-2057,577
6981,-2598,718
7040,-2826,751
6869,-2735,636
6623,-2533,483
6340,-2651,285
6014,-2223,211
5761,-1376,230
5599,-753,263
5534,-302,315
5382,108,257
5298,197,190
5127,146,151
4870,133,194
4594,51,242
4391,-133,294
4199,-291,329
3934,-455,286
3705,-601,240
3526,-695,232
3439,-763,285
3300,-738,455
3161,-681,575
3002,-639,613
2864,-627,738
2793,-655,856
2768,-746,914
2733,-824,904
2728,-934,868
2712,-949,813
2683,-929,716
2649,-895,580
2651,-854,444
2635,-817,293
2591,-835,156
2490,-860,65
2334,-887,-26
2133,-936,-108
1874,-952,-191
1606,-1004,-279
1366,-1044,-355
1131,-1039,-397
918,-995,-430
699,-925,-435
501,-847,-432
322,-779,-386
185,-790,-368
86,-833,-337
35,-957,-386
17,-1117,-554
46,-1271,-828
148,-1454,-1101
347,-1698,-1314
579,-1979,-1458
776,-2228,-1485
1030,-2422,-1388
1339,-2537,-1185
1666,-2541,-961
2029,-2511,-773
2437,-2477,-609
2845,-2417,-474
3246,-2392,-351
3644,-2391,-262
4057,-2428,-195
4516,-2492,-183
4953,-2571,-203
5473,-2785,-402
6083,-2872,-652
6679,-2899,-894
7204,-3011,-1091
7593,-3177,-1230
7896,-3303,-1227
8152,-3370,-1144
8434,-3338,-948
8615,-3154,-649
8676,-2938,-382
8707,-2735,-51
8572,-2593,116
8358,-2500,176
8122,-2407,253
7691,-2309,167
7246,-2167,297
6700,-1977,386
6284,-1929,511
5923,-1820,651
5644,-1688,765
5431,-1611,828
5210,-1594,723
5059,-1580,679
5010,-1525,778
5022,-1412,886
5004,-1300,864
5010,-1178,879
5009,-1080,889
4988,-978,904
4920,-953,887
4817,-958,895
4668,-1041,817
4496,-1186,772
4329,-1206,855
4208,-1065,1024
4077,-1136,990
3869,-1310,889
3663,-1460,956
3410,-1478,1102
3160,-1444,1185
2967,-1424,1326
2811,-1460,1414
2725,-1409,1533
2685,-1217,1632
2627,-1062,1619
2572,-861,1539
2577,-748,1490
2627,-715,1505
2629,-681,1491
2592,-526,1484
2567,-439,1435
2584,-302,1389
2625,-170,1344
2653,-6,1313
2663,98,1195
2681,167,1091
2625,107,898
2547,105,817
2435,53,771
2269,140,800
2135,124,860
2024,-125,802
1889,-441,740
1661,-711,631
1405,-737,622
1240,-622,781
1151,-527,931
1088,-393,1068
1041,-178,1164
990,15,1142
866,179,991
679,325,781
519,462,630
426,495,476
413,164,111
427,-501,-561
380,-1208,-1503
274,-1750,-2371
199,-1982,-2726
307,-2036,-2810
660,-1869,-2561
1267,-1678,-1961
1985,-1694,-1282
2701,-1955,-665
3402,-2364,-226
4243,-2834,195
5059,-3080,491
5834,-3215,492
6526,-3501,92
7102,-3751,-350
7591,-3973,-602
7961,-4196,-743
8092,-4280,-951
7957,-4202,-1226
7563,-4006,-1527
7043,-3678,-1684
6476,-3203,-1661
5864,-2564,-1475
5261,-1833,-1126
4706,-1148,-783
4222,-601,-477
3826,-182,-168
3559,74,149
3427,152,427
3470,34,594
3680,-254,616
3891,-773,442
3984,-1376,224
4033,-1937,72
4083,-2331,31
4206,-2547,86
4393,-2556,140
4678,-2446,210
5004,-2282,237
5347,-2076,323
5695,-1842,427
5909,-1660,411
6049,-1695,380
6171,-1903,389
6236,-2126,437
6268,-2386,460
6194,-2650,406
6054,-2782,387
5888,-2620,448
5717,-2212,479
5669,-1458,580
5657,-835,514
5627,-599,340
5500,-553,173
5273,-664,43
4781,-1305,-148
4201,-2007,234
3897,-2383,815
3649,-1438,690
3441,-5,220
3496,539,-124
3722,755,-89
3939,849,-2
4067,516,76
4184,25,307
4297,-361,512
4303,-591,558
4254,-628,584
4236,-760,603
4192,-949,722
4105,-1074,832
4038,-1166,860
3954,-1165,883
3919,-1097,936
3899,-1027,997
3841,-983,991
3748,-937,899
3648,-924,773
3482,-921,674
3248,-871,584
2993,-869,417
2679,-912,249
2353,-914,164
2039,-949,99
1768,-928,-3
1543,-922,-121
1260,-891,-247
1082,-892,-370
891,-905,-439
727,-865,-422
587,-851,-388
473,-809,-392
369,-827,-335
289,-801,-264
225,-796,-161
196,-744,7
238,-698,219
309,-695,397
382,-743,341
404,-839,-166
407,-906,-888
456,-951,-1541
617,-1008,-2061
871,-1092,-2347
1204,-1280,-2442
1597,-1579,-2416
2057,-1882,-2208
2588,-2166,-1923
3154,-2394,-1580
3742,-2605,-1187
4334,-2806,-801
4845,-2954,-519
5317,-3132,-339
5722,-3330,-256
6028,-3357,-268
6208,-3188,-425
6394,-3024,-651
6641,-2906,-859
7037,-2865,-1024
7494,-2805,-1088
7917,-2761,-1197
8258,-2762,-1268
8424,-2863,-1229
8371,-2948,-1078
8075,-2879,-791
7781,-2841,-471
7508,-2871,-242
7248,-2929,-98
6989,-2944,34
6733,-2898,132
6365,-2685,153
5959,-2415,210
5715,-2219,324
5458,-2026,263
5365,-1891,270
5294,-1684,236
5256,-1530,239
5131,-1322,241
5084,-1202,276
5021,-963,300
4963,-789,305
4933,-665,368
4879,-545,382
4754,-404,339
4616,-269,311
4468,-182,321
4336,-198,335
4218,-292,360
4053,-383,338
3878,-447,415
3696,-490,530
3522,-680,567
3338,-1199,465
3128,-1591,442
2903,-1838,487
2763,-1971,590
2627,-1947,695
2524,-1868,829
2452,-1828,928
2367,-1799,960
2219,-1716,954
2091,-1550,1002
1981,-1335,1029
1928,-1135,1059
1888,-962,1068
1880,-855,1098
1886,-826,1096
1862,-732,1052
1860,-687,1033
1870,-730,975
1875,-804,886
1879,-829,841
1911,-839,866
1989,-818,920
2096,-716,972
2209,-592,1005
2316,-496,1005
2400,-352,995
2469,-278,955
2498,-171,889
2505,-46,821
2529,11,757
2570,-8,703
2610,-36,683
2640,-39,717
2659,-21,818
2699,7,1006
2762,0,1212
2807,21,1378
2830,66,1493
2812,103,1553
2739,138,1529
2603,200,1418
2449,250,1228
2319,258,1037
2271,145,805
2243,-141,353
2149,-720,-588
1840,-1333,-1780
1398,-1974,-2989
1053,-2456,-3777
1002,-2646,-3848
1370,-2547,-3092
2107,-2450,-2015
3015,-2576,-937
3872,-2937,-43
4635,-3498,569
5236,-3906,848
5628,-4080,759
5955,-4156,276
6446,-4429,-248
7089,-4890,-478
7636,-5335,-482
7855,-5550,-536
7685,-5448,-713
7185,-5100,-965
6526,-4663,-1249
5934,-4295,-1513
5459,-3891,-1630
5070,-3365,-1522
4752,-2699,-1195
4514,-1997,-776
4364,-1350,-411
4370,-862,-63
4546,-605,343
4782,-528,659
4994,-616,794
5130,-794,807
5212,-1055,771
5266,-1346,744
5307,-1642,738
5329,-1867,719
5389,-2038,709
5470,-2082,742
5586,-2043,830
5705,-1978,901
5808,-1911,943
5854,-1874,936
5855,-1801,949
5826,-1749,865
5793,-1706,823
5751,-1706,773
5636,-1617,752
5468,-1536,751
5263,-1446,700
5015,-1356,619
4775,-1326,496
4503,-1240,395
4202,-1103,303
3945,-1037,207
3692,-923,132
3434,-790,72
3234,-721,41
3070,-692,21
2873,-620,0
2696,-640,-57
2496,-668,-146
2262,-621,-176
2082,-652,-175
1856,-640,-146
1681,-595,-99
1586,-594,-65
1446,-612,-91
1295,-600,-165
957,-582,-357
619,-381,-211
479,-93,-149
87,138,-265
-319,-163,-241
-198,-842,-108
330,-1243,-61
1031,-1378,-48
1699,-1208,-60
2262,-997,22
2735,-912,111
3173,-916,221
3472,-949,267
3643,-1012,259
3731,-1016,257
3730,-983,241
3680,-966,243
3634,-954,269
3545,-939,306
3422,-952,328
3281,-988,360
3121,-1045,363
2993,-1139,338
2927,-1226,281
2881,-1312,131
2851,-1408,-103
2826,-1531,-355
2814,-1685,-560
2834,-1812,-691
2882,-1863,-788
2939,-1848,-926
2991,-1809,-1075
3022,-1765,-1202
3032,-1762,-1284
3061,-1770,-1314
3116,-1794,-1334
3184,-1847,-1381
3288,-1948,-1460
3410,-2060,-1470
3501,-2182,-1429
3574,-2321,-1368
3626,-2450,-1320
3624,-2559,-1289
3515,-2630,-1275
3330,-2694,-1306
3160,-2825,-1378
3004,-2909,-1383
2883,-2947,-1372
2776,-2959,-1360
2665,-2918,-1352
2615,-2904,-1334
2632,-2904,-1278
2670,-2886,-1203
2710,-2832,-1152
2734,-2766,-1181
2766,-2684,-1207
2830,-2616,-1230
2916,-2519,-1187
3004,-2378,-1112
3078,-2208,-1086
3159,-2107,-1104
3244,-2097,-1116
3327,-2177,-1117
3410,-2271,-1094
3525,-2396,-1061
3686,-2495,-990
3836,-2519,-883
3977,-2534,-758
4128,-2529,-634
4265,-2531,-510
4421,-2570,-414
4544,-2516,-315
4632,-2426,-223
4707,-2318,-167
4761,-2223,-152
4776,-2069,-102
4730,-1849,-42
4610,-1580,-1
4419,-1315,17
4204,-1035,29
3973,-764,80
3779,-520,206
3626,-378,327
3454,-274,429
3291,-221,488
3166,-301,522
3028,-413,550
2858,-468,541
2623,-449,518
2335,-365,486
2068,-322,502
1917,-339,645
1811,-211,827
1709,7,1047
1654,203,1230
1695,371,1383
1809,464,1548
1941,592,1681
2049,606,1620
2083,580,1458
2082,619,1392
2029,709,1395
1841,782,1244
1631,765,968
1503,704,794
1474,622,744
1529,451,812
1523,352,794
1225,328,136
633,474,-1018
897,738,118
1861,543,2358
2618,469,3556
2911,93,3370
2790,-413,2390
2301,-762,1036
1657,-1101,49
1175,-1349,-422
1267,-1633,-571
1538,-1793,-677
1663,-1785,-683
1655,-1759,-764
1889,-1901,-944
2377,-2155,-1159
2840,-2150,-1314
3322,-2069,-1406
3842,-2071,-1501
4258,-2071,-1563
4602,-2046,-1554
4860,-2020,-1540
4965,-2045,-1584
4879,-2083,-1689
4721,-2173,-1741
4555,-2218,-1721
4411,-2249,-1684
4303,-2289,-1629
4187,-2304,-1558
4109,-2296,-1432
4061,-2246,-1270
4007,-2168,-1083
4010,-2130,-973
3946,-2036,-981
3828,-1894,-998
3724,-1790,-960
3679,-1659,-887
3593,-1477,-780
3608,-1425,-687
3742,-1453,-600
3898,-1493,-557
4079,-1681,-506
4353,-2007,-455
4547,-2253,-367
4636,-2472,-222
4636,-2695,-98
4549,-2894,-27
4451,-3093,27
4558,-3171,85
4711,-3180,161
4795,-3091,217
4961,-3081,165
5251,-3100,158
5583,-3068,251
6000,-3074,453
6432,-3141,666
6770,-3217,861
6857,-3221,1009
6897,-3414,1099
7029,-3593,1114
7118,-3825,966
7194,-4025,820
7211,-4096,729
7214,-4091,730
7184,-3875,840
7141,-3502,1010
7067,-3233,1221
6981,-3023,1456
6958,-2745,1737
6971,-2384,1984
6937,-2134,2135
6835,-2170,2031
6701,-2239,1944
6532,-2414,1780
6400,-2595,1546
6303,-2860,1191
6241,-3096,747
6219,-3296,219
6271,-3477,-294
6218,-3737,-795
6247,-3833,-1194
6213,-3758,-1465
6022,-3641,-1724
5763,-3545,-2039
5493,-3602,-2511
5155,-3663,-2995
4780,-3834,-3433
4408,-4000,-3782
4168,-4245,-4090
4002,-4437,-4181
3963,-4646,-4052
3969,-4805,-3833
3941,-4843,-3500
3816,-4685,-3078
3607,-4399,-2562
3326,-3986,-2103
2966,-3497,-1736
2646,-3006,-1454
2385,-2588,-1361
2178,-2258,-1430
2033,-2046,-1668
1871,-1862,-1928
1708,-1721,-2102
1554,-1642,-2232
1458,-1571,-2243
1422,-1528,-2177
1492,-1552,-2077
1635,-1619,-2008
1797,-1688,-2009
1957,-1766,-2050
2120,-1836,-2069
2294,-1878,-2079
2464,-1881,-2061
2598,-1814,-2048
2724,-1736,-2064
2863,-1614,-2087
3035,-1433,-2094
3227,-1253,-2053
3401,-1109,-1986
3501,-963,-1933
3518,-856,-1909
3483,-800,-1887
3396,-801,-1859
3282,-898,-1849
3140,-1009,-1855
3007,-1123,-1845
2866,-1262,-1824
2705,-1395,-1818
2516,-1501,-1801
2297,-1616,-1822
2078,-1717,-1832
1880,-1827,-1837
1673,-1928,-1844
1541,-2119,-1803
1428,-2375,-1778
1328,-2611,-1697
1241,-2840,-1656
1209,-3051,-1629
1226,-3227,-1594
1280,-3322,-1557
1361,-3306,-1508
1426,-3158,-1480
1482,-3003,-1450
1480,-2846,-1532
1451,-2682,-1683
1452,-2479,-1799
1529,-2267,-1844
1657,-2082,-1872
1796,-1870,-1910
1898,-1645,-1933
1958,-1396,-1921
1999,-1119,-1898
2049,-831,-1792
2129,-633,-1604
2238,-489,-1457
2380,-399,-1405
2495,-365,-1401
2557,-375,-1426
2542,-449,-1454
2481,-569,-1523
2373,-671,-1567
2249,-804,-1643
2141,-991,-1718
2068,-1281,-1739
1986,-1613,-1716
1850,-1912,-1829
1693,-2197,-2106
1538,-2499,-2418
1381,-2846,-2758
1245,-3221,-3112
1149,-3552,-3481
1107,-3785,-3854
1128,-3826,-4206
1230,-3695,-4471
1434,-3418,-4571
1699,-3005,-4485
1963,-2436,-4236
2184,-1863,-3892
2277,-1350,-3588
2226,-934,-3351
2039,-600,-3173
1727,-287,-3019
1376,25,-2827
1052,293,-2547
756,535,-2242
489,739,-1957
193,858,-1708
-104,883,-1551
-408,876,-1432
-665,779,-1413
-858,588,-1476
-965,327,-1654
-992,116,-1853
-936,-11,-2067
-780,-145,-2354
-490,-167,-2499
-146,-80,-2474
168,60,-2376
372,229,-2296
458,335,-2258
431,353,-2294
317,285,-2377
158,208,-2453
11,105,-2455
-117,-28,-2438
-206,-267,-2414
-291,-560,-2425
-376,-881,-2433
-479,-1213,-2451
-586,-1517,-2471
-685,-1718,-2490
-773,-1822,-2503
-810,-1866,-2488
-807,-1814,-2393
-794,-1721,-2269
-817,-1758,-2207
-883,-1817,-2263
-974,-1890,-2336
-1080,-1930,-2393
-1218,-1993,-2512
-1369,-2117,-2687
-1509,-2304,-2875
-1647,-2523,-3100
-1777,-2712,-3288
-1891,-2791,-3414
-1989,-2739,-3452
-2036,-2661,-3443
-2046,-2653,-3442
-2050,-2656,-3408
-2047,-2641,-3304
-2058,-2576,-3169
-2111,-2472,-2996
-2198,-2359,-2808
-2292,-2218,-2605
-2356,-2090,-2405
-2412,-2028,-2371
-2429,-1951,-2454
-2417,-1916,-2659
-2431,-1924,-2971
-2523,-2136,-3533
-2845,-2513,-4527
-3461,-3042,-5854
-4324,-3761,-7287
-5240,-4162,-8322
-5950,-4891,-8753
-5451,-4572,-7180
-3629,-3977,-3169
-3258,-5187,-2047
-4520,-8701,-4503
-5497,-14219,-6425
-5252,-18015,-6868
-4424,-13575,-6125
-3408,-798,-8664
-1470,4047,-15037
-1012,2428,-15649
-1710,-18,-13912
-1479,505,-15831
-1441,720,-15850
-1189,54,-12673
-874,-341,-9947
-741,-553,-8128
-512,-624,-6886
-254,-1035,-6390
-162,-1196,-6076
-166,-1369,-5747
-277,-1434,-5240
-436,-1367,-4712
-546,-1328,-4226
-619,-1357,-3790
-666,-1432,-3413
-618,-1476,-2979
-552,-1578,-2609
-501,-1695,-2241
-509,-1773,-1944
-565,-1823,-1670
-664,-1851,-1530
-745,-1900,-1469
-781,-1990,-1468
-799,-2030,-1537
-798,-2055,-1640
-761,-2085,-1739
-749,-2135,-1892
-637,-2130,-1978
-583,-2113,-2161
-501,-2077,-2326
-444,-2073,-2495
-456,-2026,-2550
-511,-2033,-2481
-622,-2015,-2381
-710,-2037,-2325
-749,-2115,-2390
-723,-2195,-2550
-643,-2240,-2739
-532,-2264,-2959
-433,-2291,-3179
-492,-2193,-3386
-381,-2315,-3576
-302,-2355,-3758
-315,-2281,-3946
-371,-2203,-4151
-438,-2067,-4333
-476,-2039,-4499
-434,-2058,-4610
-394,-2083,-4646
-401,-2042,-4611
-467,-1949,-4612
-499,-1964,-4589
-447,-2055,-4270
-480,-2000,-4004
-473,-1999,-3913
-456,-2021,-3960
-451,-2035,-4022
-421,-1991,-4042
-465,-1986,-3965
-460,-2010,-3845
-445,-2013,-3778
-437,-2022,-3738
-467,-2004,-3725
-446,-2031,-3704
-438,-2034,-3629
-442,-2031,-3537
-441,-2057,-3494
-415,-2069,-3513
-419,-2068,-3540
-422,-2077,-3524
-426,-2093,-3459
-404,-2128,-3332
-388,-2132,-3182
-383,-2164,-3096
-370,-2151,-3074
-376,-2109,-3124
-349,-2149,-3219
-360,-2139,-3288
-368,-2143,-3326
-373,-2142,-3347
-371,-2136,-3359
-386,-2117,-3382
-394,-2119,-3423
-395,-2109,-3471
-399,-2092,-3513
-406,-2083,-3556
-413,-2070,-3595
-416,-2051,-3629
-417,-2038,-3662
-417,-2033,-3685
-426,-2020,-3699
-429,-2008,-3707
-436,-2002,-3720
-435,-1996,-3739
-438,-1985,-3762
-439,-1980,-3786
-441,-1973,-3820
-446,-1968,-3852
-450,-1961,-3889
-446,-1964,-3914
-446,-1964,-3915
-444,-1968,-3899
-439,-1968,-3867
-449,-1969,-3826
-448,-1974,-3777
-442,-1983,-3729
-447,-1984,-3678
-445,-1991,-3646
-449,-1993,-3624
-452,-1997,-3609
-451,-2001,-3584
-452,-2008,-3569
-453,-2008,-3561
-453,-2008,-3551
-455,-2011,-3544
-461,-2011,-3541
-465,-2017,-3546
-467,-2018,-3545
-464,-2019,-3540
-468,-2020,-3531
-469,-2018,-3529
-467,-2020,-3542
-462,-2017,-3558
-458,-2018,-3570
-458,-2017,-3570
-457,-2019,-3562
-457,-2018,-3559
-453,-2018,-3572
-454,-2020,-3587
-450,-2022,-3604
-449,-2021,-3601
-447,-2020,-3595
-449,-2022,-3595
-450,-2021,-3604
-445,-2019,-3615
-442,-2017,-3627
-442,-2016,-3633
-439,-2015,-3644
-440,-2016,-3663
-438,-2013,-3692
-438,-2010,-3722
-441,-2006,-3735
-440,-2007,-3728
-436,-2006,-3724
-438,-2005,-3725
-435,-2004,-3734
-434,-2008,-3731
-433,-2014,-3722
-428,-2018,-3703
-428,-2016,-3670
-424,-2022,-3640
-429,-2025,-3619
-432,-2024,-3606
-434,-2030,-3613
-434,-2027,-3618
-438,-2032,-3624
-438,-2030,-3623
-439,-2032,-3609
-443,-2038,-3595
-443,-2040,-3588
-446,-2043,-3600
-437,-2045,-3594
-439,-2048,-3578
-438,-2052,-3549
-435,-2053,-3524
-438,-2055,-3514
-437,-2056,-3531
-437,-2056,-3563
-432,-2057,-3587
-432,-2063,-3596
-434,-2062,-3590
-435,-2065,-3589
-433,-2066,-3590
-433,-2067,-3598
-427,-2068,-3595
-428,-2069,-3582
-423,-2069,-3568
-423,-2069,-3552
-427,-2069,-3536
-429,-2067,-3510
-431,-2071,-3490
-436,-2070,-3485
-439,-2064,-3495
-439,-2067,-3512
-443,-2065,-3528
-445,-2066,-3531
-442,-2064,-3539
-439,-2061,-3547
-440,-2057,-3556
-441,-2054,-3573
-439,-2056,-3581
-435,-2056,-3581
-435,-2055,-3572
-436,-2054,-3564
-436,-2055,-3549
-435,-2054,-3528
-436,-2055,-3509
-436,-2054,-3506
-434,-2049,-3507
-434,-2050,-3501
-437,-2046,-3488
-433,-2044,-3485
-425,-2039,-3499
-427,-2029,-3529
-418,-2038,-3575
-418,-2020,-3619
-433,-2001,-3668
-430,-2004,-3718
-415,-2009,-3734
-431,-1991,-3740
-421,-2003,-3724
-413,-2000,-3714
-398,-2022,-3734
-422,-1981,-3739
-427,-1987,-3751
-409,-1992,-3763
-404,-1995,-3776
-375,-2016,-3773
-417,-1977,-3804
-414,-1983,-3821
-392,-1993,-3816
-394,-1996,-3798
-390,-2002,-3777
-391,-2009,-3764
-390,-2014,-3751
-386,-2013,-3731
-386,-2027,-3700
-390,-2029,-3679
-392,-2033,-3684
-357,-2063,-3700
-418,-2028,-3737
-418,-2042,-3743
-402,-2050,-3737
-397,-2063,-3728
-399,-2063,-3714
-406,-2060,-3691
-407,-2081,-3684
-404,-2089,-3695
-415,-2084,-3712
-424,-2089,-3710
-419,-2105,-3697
-414,-2125,-3681
-414,-2125,-3654
-417,-2129,-3621
-416,-2149,-3585
-416,-2165,-3561
-415,-2163,-3536
-420,-2168,-3540
-415,-2184,-3569
-409,-2201,-3582
-404,-2219,-3583
-413,-2216,-3559
-408,-2239,-3565
-393,-2258,-3575
-392,-2255,-3552
-393,-2250,-3527
-405,-2256,-3527
-418,-2274,-3531
-430,-2285,-3549
-427,-2313,-3556
-412,-2326,-3556
-408,-2325,-3538
-403,-2346,-3512
-398,-2352,-3468
-392,-2357,-3419
-378,-2373,-3411
-361,-2394,-3435
-340,-2417,-3463
-319,-2417,-3466
-330,-2419,-3470
-353,-2431,-3479
-359,-2447,-3478
-355,-2475,-3475
-335,-2504,-3486
-299,-2521,-3487
-292,-2542,-3526
-285,-2547,-3532
-264,-2564,-3490
-241,-2586,-3477
-218,-2607,-3510
-204,-2631,-3525
-197,-2675,-3538
-170,-2703,-3514
-134,-2747,-3481
-114,-2766,-3475
-84,-2784,-3486
-39,-2796,-3491
35,-2807,-3495
106,-2809,-3498
158,-2848,-3504
199,-2868,-3481
232,-2877,-3469
281,-2912,-3462
354,-2960,-3448
402,-3004,-3449
423,-3027,-3492
425,-3028,-3546
427,-2990,-3544
433,-2955,-3511
471,-2986,-3457
505,-3031,-3411
525,-3057,-3378
529,-3056,-3348
532,-3007,-3289
537,-2968,-3233
531,-2977,-3186
509,-2975,-3183
489,-3000,-3181
483,-3010,-3161
465,-2979,-3124
409,-2883,-3066
351,-2847,-3047
290,-2802,-3103
254,-2816,-3148
224,-2884,-3192
197,-2934,-3255
185,-2994,-3315
163,-3069,-3371
118,-3179,-3456
72,-3255,-3579
51,-3348,-3710
38,-3450,-3800
23,-3549,-3842
39,-3652,-3856
93,-3696,-3856
175,-3735,-3924
276,-3763,-3984
354,-3770,-4083
406,-3730,-4134
420,-3674,-4142
420,-3555,-4084
391,-3462,-3987
356,-3339,-3875
333,-3248,-3773
301,-3159,-3690
283,-3068,-3618
268,-2979,-3608
254,-2890,-3609
245,-2833,-3624
229,-2850,-3646
194,-2950,-3634
150,-3076,-3574
107,-3178,-3517
87,-3204,-3481
88,-3107,-3455
-302,-2168,-4148
-137,-2482,-3975
109,-3095,-3660
213,-3304,-3483
296,-3480,-3354
338,-3528,-3290
396,-3544,-3266
477,-3584,-3241
549,-3592,-3201
568,-3539,-3190
566,-3422,-3178
565,-3316,-3177
557,-3244,-3218
521,-3175,-3257
493,-3142,-3280
470,-3147,-3293
452,-3134,-3283
427,-3104,-3257
410,-3061,-3245
405,-2998,-3224
401,-2958,-3216
372,-2927,-3197
336,-2949,-3145
300,-2996,-3049
260,-3009,-2918
248,-3015,-2776
272,-3014,-2644
325,-2966,-2544
435,-2920,-2486
575,-2770,-2397
730,-2635,-2307
856,-2480,-2268
936,-2410,-2253
978,-2395,-2248
965,-2365,-2231
914,-2325,-2190
819,-2297,-2121
720,-2296,-2037
618,-2341,-1955
520,-2472,-1951
424,-2625,-1958
346,-2727,-1999
280,-2826,-2083
226,-2876,-2196
193,-2860,-2330
195,-2854,-2431
206,-2802,-2500
232,-2729,-2594
281,-2714,-2661
334,-2783,-2710
365,-2884,-2733
374,-3003,-2729
373,-3116,-2716
355,-3230,-2685
343,-3322,-2610
332,-3384,-2515
317,-3406,-2420
312,-3421,-2349
312,-3430,-2312
324,-3443,-2286
329,-3472,-2290
324,-3500,-2298
308,-3498,-2310
292,-3519,-2300
287,-3526,-2257
300,-3518,-2201
310,-3483,-2146
334,-3459,-2113
340,-3402,-2139
351,-3336,-2159
328,-3254,-2225
318,-3204,-2265
310,-3193,-2224
257,-3079,-2129
228,-2997,-1973
254,-2966,-1790
290,-2934,-1609
277,-2866,-1536
257,-2800,-1544
231,-2711,-1579
223,-2671,-1627
257,-2729,-1658
318,-2902,-1641
312,-3053,-1606
209,-3052,-1519
97,-2999,-1781
40,-2996,-2054
4,-2897,-2138
19,-2753,-2091
86,-2582,-1880
128,-2399,-1675
236,-2161,-1388
364,-1940,-1106
429,-2032,-1019
436,-2209,-1137
377,-2180,-1354
399,-2160,-1466
523,-2180,-1511
639,-2107,-1551
741,-2129,-1593
910,-2178,-1576
1043,-2344,-1597
1151,-2507,-1658
1303,-2697,-1736
1480,-2883,-1545
1606,-2940,-1405
1671,-2953,-1442
1716,-2914,-1582
1776,-2826,-1729
1864,-2766,-1838
1906,-2819,-1959
1871,-2990,-2034
1821,-3195,-2063
1736,-3422,-2141
1625,-3649,-2267
1494,-3802,-2409
1388,-3911,-2565
1326,-4004,-2728
1272,-4002,-2891
1221,-3913,-3078
1167,-3748,-3232
1123,-3572,-3331
1076,-3455,-3352
1008,-3362,-3323
915,-3317,-3277
813,-3324,-3228
709,-3417,-3194
601,-3601,-3184
492,-3806,-3212
391,-3978,-3271
308,-4092,-3340
240,-4144,-3407
178,-4138,-3478
118,-4104,-3549
62,-4048,-3635
11,-3985,-3723
-36,-3915,-3788
-82,-3813,-3813
-125,-3674,-3791
-171,-3512,-3734
-224,-3336,-3651
-288,-3162,-3558
-369,-2996,-3461
-465,-2842,-3370
-570,-2718,-3287
-673,-2616,-3219
-773,-2523,-3163
-859,-2438,-3125
-917,-2345,-3103
-941,-2254,-3105
-881,-2172,-3161
-793,-2138,-3188
-687,-2134,-3198
-571,-2131,-3213
-442,-2123,-3218
-311,-2114,-3196
-179,-2112,-3143
-58,-2116,-3060
38,-2132,-2953
77,-2150,-2833
59,-2146,-2688
4,-2162,-2543
-75,-2214,-2419
-158,-2293,-2338
-233,-2340,-2293
-316,-2267,-2323
-390,-2088,-2392
-420,-1939,-2423
-424,-1861,-2463
-432,-1752,-2540
-407,-1623,-2587
-357,-1474,-2636
-265,-1408,-2687
-119,-1414,-2659
69,-1455,-2563
290,-1496,-2482
490,-1569,-2495
662,-1661,-2613
788,-1752,-2754
907,-1835,-2831
1058,-1965,-2879
1219,-2129,-2912
1367,-2331,-2959
1489,-2531,-3062
1566,-2728,-3217
1604,-2920,-3424
1622,-3091,-3654
1600,-3233,-3879
1521,-3343,-4086
1403,-3405,-4302
1259,-3433,-4519
1099,-3433,-4722
942,-3433,-4902
797,-3438,-5041
669,-3433,-5132
563,-3403,-5171
485,-3350,-5163
438,-3291,-5119
413,-3226,-5028
401,-3156,-4903
392,-3079,-4739
380,-3004,-4558
360,-2946,-4357
321,-2906,-4168
239,-2943,-4001
86,-3017,-3817
-162,-3076,-3563
-483,-3040,-3238
-785,-2874,-2909
-1003,-2554,-2681
-1112,-2286,-2617
-1121,-2114,-2772
-1056,-2069,-3074
-954,-2131,-3439
-846,-2239,-3782
-762,-2351,-4095
-695,-2462,-4345
-615,-2583,-4496
-522,-2700,-4542
-413,-2786,-4481
-295,-2825,-4323
-177,-2809,-4080
-82,-2720,-3739
-7,-2590,-3338
41,-2438,-2931
49,-2281,-2563
28,-2142,-2294
-9,-2047,-2124
-38,-2007,-2054
-44,-1996,-2090
-18,-1978,-2217
33,-1933,-2373
113,-1895,-2542
193,-1891,-2693
263,-1909,-2818
305,-1947,-2911
342,-2006,-2967
378,-2082,-2989
422,-2168,-2996
464,-2263,-3005
498,-2350,-3026
507,-2437,-3058
488,-2517,-3097
445,-2579,-3154
389,-2645,-3267
331,-2713,-3426
298,-2798,-3574
270,-2843,-3695
239,-2860,-3767
243,-2869,-3771
262,-2867,-3703
283,-2845,-3595
291,-2770,-3507
317,-2608,-3529
384,-2386,-3443
470,-2220,-3309
572,-2145,-3110
547,-2059,-3059
327,-1859,-3435
-65,-1957,-4072
195,-2003,-3429
509,-1849,-2839
685,-1860,-2742
53,-2661,-4110
-140,-3017,-4065
-17,-2864,-3507
367,-2412,-2765
757,-2120,-2263
1022,-2069,-2002
804,-2434,-2888
-244,-3875,-5159
-772,-3929,-4902
-1230,-3498,-4600
-1440,-3177,-4215
-1392,-3130,-3975
-1098,-3222,-3701
-738,-3283,-3403
-450,-3291,-3284
-127,-3337,-3170
88,-3378,-3099
157,-3310,-3090
180,-3143,-3084
134,-2965,-3173
-33,-2734,-3364
-331,-2555,-3535
-606,-2559,-3658
-837,-2632,-3765
-1008,-2640,-3798
-886,-2604,-3438
-649,-2296,-3080
-298,-1931,-2651
111,-1995,-2394
-508,-3116,-4424
-1117,-3832,-5268
-1420,-3699,-4845
-1450,-3257,-4149
-1281,-2943,-3744
-1034,-2785,-3613
-734,-2598,-3415
-429,-2466,-3122
-236,-2296,-2923
-196,-2103,-2839
-205,-1967,-2843
-265,-1862,-2848
-334,-1761,-2836
-375,-1699,-2802
-399,-1651,-2758
-434,-1551,-2682
-428,-1504,-2629
-431,-1482,-2598
-436,-1511,-2595
-445,-1551,-2571
-446,-1603,-2568
-436,-1673,-2595
-384,-1734,-2599
-328,-1795,-2621
-261,-1908,-2641
-200,-2108,-2666
-108,-2403,-2716
27,-2748,-2782
152,-3027,-2876
282,-3264,-3001
432,-3412,-3135
572,-3507,-3247
660,-3509,-3338
662,-3447,-3384
583,-3373,-3421
429,-3313,-3399
236,-3264,-3295
55,-3344,-3187
-124,-3454,-3177
-228,-3442,-3134
-236,-3362,-3038
-209,-3318,-2956
-208,-3225,-2955
-198,-3008,-2831
-146,-2534,-2571
171,-1715,-1384
397,-2223,-1482
89,-3063,-3519
-175,-3672,-4368
-219,-3457,-3871
-82,-2767,-3068
153,-2336,-2708
412,-2218,-2602
590,-2179,-2606
630,-2072,-2582
615,-1907,-2529
610,-1783,-2464
616,-1801,-2450
636,-1868,-2463
573,-1784,-2415
525,-1731,-2324
478,-1699,-2278
436,-1649,-2273
401,-1580,-2253
424,-1592,-2243
473,-1624,-2214
564,-1708,-2176
620,-1749,-2157
671,-1870,-2331
766,-2029,-2548
975,-2271,-2776
1095,-2352,-2922
1186,-2451,-2984
1249,-2559,-3012
1304,-2602,-3005
1362,-2639,-2977
1361,-2682,-2979
1321,-2631,-2963
1288,-2569,-2946
1257,-2557,-2967
1241,-2523,-2990
1253,-2537,-3038
1262,-2511,-3050
1260,-2455,-3038
1254,-2402,-3027
1244,-2345,-2997
1247,-2331,-2975
1253,-2292,-2933
1270,-2280,-2908
1286,-2299,-2918
1301,-2292,-2913
1332,-2285,-2923
1366,-2293,-2923
1371,-2326,-2990
1376,-2371,-3022
1401,-2362,-3049
1435,-2377,-3070
1467,-2406,-3055
1498,-2403,-3035
1525,-2384,-3015
1550,-2395,-2994
1565,-2373,-2963
1530,-2379,-2985
1522,-2429,-2960
1499,-2516,-3014
1471,-2573,-3083
1429,-2615,-3136
1391,-2635,-3195
1364,-2671,-3236
1368,-2735,-3260
1390,-2793,-3242
1403,-2833,-3238
1417,-2897,-3250
1394,-2916,-3250
1351,-2918,-3226
1305,-2910,-3182
1260,-2915,-3145
1235,-2902,-3138
1243,-2879,-3128
1290,-2838,-3113
1358,-2784,-3131
1449,-2739,-3136
1525,-2675,-3154
1606,-2622,-3173
1697,-2570,-3156
1752,-2549,-3165
1800,-2551,-3157
1828,-2544,-3182
1856,-2551,-3178
1882,-2541,-3147
1897,-2530,-3106
1909,-2536,-3041
1887,-2521,-3019
1901,-2531,-2961
1939,-2532,-2901
1998,-2564,-2877
2051,-2550,-2854
2097,-2549,-2837
2127,-2540,-2837
2169,-2574,-2833
2215,-2613,-2839
2249,-2611,-2815
2301,-2645,-2762
2336,-2646,-2758
2381,-2651,-2715
2454,-2682,-2660
2490,-2655,-2614
2547,-2660,-2556
2594,-2688,-2467
2617,-2725,-2410
2643,-2758,-2332
2677,-2814,-2263
2711,-2870,-2163
2740,-2919,-2120
2791,-2945,-2135
2833,-2906,-2139
2883,-2856,-2112
2933,-2834,-2072
2981,-2855,-2078
3014,-2932,-2126
3044,-3011,-2182
3064,-3143,-2264
3091,-3264,-2328
3113,-3348,-2369
3151,-3461,-2377
3210,-3523,-2336
3273,-3588,-2288
3330,-3627,-2248
3388,-3655,-2182
3444,-3657,-2107
3482,-3672,-2062
3517,-3690,-2020
3538,-3637,-2005
3553,-3578,-1964
3568,-3498,-1943
3579,-3382,-1918
3579,-3255,-1865
3611,-3165,-1823
3660,-3074,-1771
3729,-2980,-1708
3816,-2901,-1651
3889,-2876,-1603
3939,-2864,-1583
3976,-2873,-1554
4008,-2881,-1505
4004,-2886,-1478
3934,-2948,-1620
3908,-2984,-1610
3885,-2981,-1518
3899,-3009,-1380
3944,-3100,-1249
3991,-3211,-1218
4076,-3393,-1252
4105,-3454,-1289
4076,-3372,-1303
4081,-3279,-1263
4025,-3106,-1182
3934,-2980,-1010
3865,-2959,-973
3852,-2966,-1050
3920,-2965,-1160
4010,-2879,-1193
4138,-2740,-1131
4284,-2603,-1026
4443,-2538,-962
4579,-2375,-794
4660,-2351,-646
4620,-2371,-475
4524,-2446,-306
4289,-2563,-354
4073,-2709,-429
3995,-2710,-399
3984,-2893,-635
4173,-2975,-755
4344,-3015,-910
4305,-2950,-1439
4076,-2844,-2089
3753,-2793,-2580
3326,-2900,-2952
2874,-3159,-3127
2423,-3438,-3215
2057,-3521,-3053
1852,-3498,-2779
1817,-3338,-2494
1996,-3131,-2024
2252,-2799,-1522
2501,-2611,-1190
2627,-2444,-1086
2691,-2362,-1109
2723,-2274,-1098
2750,-2162,-999
2754,-2057,-838
2762,-2039,-697
2765,-2090,-650
2803,-2248,-722
2855,-2416,-795
2908,-2568,-813
2970,-2703,-729
3012,-2867,-686
3030,-3111,-668
3027,-3381,-603
2942,-3539,-609
2858,-3608,-588
2841,-3503,-485
2809,-3344,-378
2787,-3181,-318
2722,-3006,-335
2627,-2717,-385
2567,-2469,-344
2508,-2275,-315
2447,-2082,-238
2363,-1838,-60
2267,-1648,76
2221,-1530,249
2175,-1472,381
2033,-1425,384
1922,-1434,265
1914,-1465,309
1955,-1472,473
1920,-1416,488
1880,-1440,389
1935,-1567,316
2074,-1711,260
2283,-1903,129
2485,-2043,50
2676,-2111,3
2905,-2190,-26
3109,-2232,-24
3168,-2206,-44
3139,-2171,11
3048,-2071,41
2968,-1983,110
2884,-1907,235
2776,-1883,361
2622,-1861,484
2462,-1864,618
2313,-1945,758
2190,-2041,908
2104,-2130,987
2028,-2249,1097
1988,-2247,1166
1969,-2270,1135
1978,-2307,1093
1914,-2295,1049
1839,-2298,980
1803,-2295,962
1720,-2262,915
1619,-2241,857
1519,-2247,847
1445,-2206,860
1375,-2164,887
1323,-2150,920
1243,-2097,960
1164,-2070,931
1170,-2060,937
1232,-2085,891
1320,-2115,841
1491,-2155,816
1699,-2219,751
1868,-2290,620
2004,-2321,521
2092,-2384,486
2170,-2409,520
2173,-2343,546
2161,-2208,697
2109,-2060,845
2133,-1938,1078
2353,-1926,1306
2598,-1974,1421
2730,-2043,1414
2755,-2162,1306
2742,-2276,1329
2647,-2363,1398
2623,-2515,1304
2671,-2675,1021
2858,-2788,672
3120,-2871,340
3328,-2923,65
3475,-2978,-95
3523,-2989,-148
3559,-2991,-153
3643,-2990,-135
3795,-2959,-54
3926,-2957,7
4035,-2976,107
4144,-3027,182
4179,-3031,283
4138,-3007,388
4063,-2992,471
3871,-2926,554
3602,-2864,642
3377,-2814,745
3186,-2835,773
3026,-2882,736
2885,-2961,644
2812,-3031,497
2784,-3151,338
2833,-3295,243
2943,-3482,190
2998,-3557,126
3068,-3666,66
3141,-3721,-40
3186,-3619,-22
3227,-3481,21
3251,-3394,49
3305,-3281,55
3451,-3249,48
3616,-3329,50
3711,-3429,42
3688,-3516,83
3593,-3475,177
3405,-3347,226
3286,-3203,239
3212,-3091,238
3172,-3057,132
3219,-3001,30
3298,-2981,-106
3394,-2956,-224
3473,-2952,-382
3517,-2935,-534
3523,-2912,-613
3475,-2829,-653
3425,-2801,-723
3421,-2753,-727
3408,-2759,-761
3332,-2714,-785
3336,-2633,-807
3345,-2657,-850
3334,-2695,-810
3242,-2605,-733
3068,-2550,-726
2967,-2553,-784
2990,-2669,-855
3038,-2820,-951
3080,-2943,-1035
3153,-3090,-1151
3352,-3353,-1303
3528,-3418,-1342
3621,-3477,-1352
3713,-3592,-1356
3834,-3667,-1319
3938,-3689,-1267
4017,-3725,-1253
4061,-3708,-1226
4054,-3613,-1228
4044,-3474,-1248
4017,-3291,-1259
3968,-3103,-1235
3960,-2949,-1235
3981,-2816,-1241
4040,-2729,-1263
4077,-2676,-1315
4153,-2650,-1343
4204,-2678,-1348
4240,-2776,-1359
4263,-2867,-1369
4244,-2925,-1333
4200,-2983,-1309
4129,-3038,-1273
4046,-3041,-1232
3969,-3047,-1210
3867,-3030,-1204
3793,-3052,-1200
3809,-3088,-1172
3982,-3087,-1149
3996,-3100,-1162
3996,-3110,-1155
3983,-3159,-1173
4015,-3169,-1185
4054,-3176,-1206
4073,-3153,-1199
4041,-3137,-1205
3961,-3069,-1185
3902,-3022,-1185
3889,-2974,-1208
3890,-2943,-1210
3915,-2957,-1228
3883,-2913,-1246
3792,-2864,-1274
3676,-2835,-1307
3617,-2771,-1271
3550,-2759,-1303
3467,-2741,-1296
3409,-2697,-1291
3334,-2643,-1305
3275,-2637,-1346
3225,-2557,-1385
3160,-2500,-1460
3087,-2460,-1516
2997,-2410,-1581
2901,-2370,-1647
2812,-2329,-1701
2778,-2331,-1753
2740,-2330,-1805
2698,-2289,-1823
2660,-2249,-1825
2632,-2239,-1879
2609,-2254,-1944
2610,-2266,-1967
2631,-2287,-1989
2641,-2290,-2020
2636,-2294,-2049
2641,-2314,-2062
2630,-2390,-2159
2681,-2373,-2101
2700,-2351,-2095
2684,-2362,-2158
2649,-2318,-2076
2661,-2273,-2067
2678,-2157,-1985
2706,-2134,-1959
2714,-2098,-1913
2706,-2029,-1837
2700,-2043,-1817
2692,-2046,-1799
2686,-2021,-1762
2674,-1994,-1748
2676,-1998,-1738
2697,-2006,-1680
2703,-1991,-1642
2685,-1958,-1623
2705,-1972,-1596
2726,-1953,-1584
2697,-1944,-1589
2660,-1947,-1600
2632,-1943,-1592
2611,-1925,-1590
2597,-1927,-1588
2592,-1925,-1592
2584,-1987,-1609
2546,-1948,-1611
2545,-1960,-1597
2557,-1920,-1575
2572,-1850,-1568
2581,-1834,-1574
2602,-1761,-1519
2636,-1772,-1495
2659,-1726,-1462
2680,-1705,-1446
2713,-1684,-1436
2733,-1619,-1405
2785,-1638,-1370
2852,-1655,-1347
2901,-1669,-1325
2940,-1709,-1338
2950,-1742,-1383
2946,-1791,-1422
2922,-1831,-1447
2865,-1829,-1469
2843,-1809,-1441
2834,-1774,-1382
2824,-1742,-1375
2835,-1716,-1353
2840,-1705,-1363
2846,-1706,-1382
2844,-1622,-1364
2825,-1504,-1356
2827,-1446,-1317
2859,-1390,-1309
2899,-1369,-1332
2923,-1306,-1360
2955,-1203,-1366
3028,-1216,-1381
3102,-1255,-1371
3175,-1287,-1341
3234,-1324,-1346
3252,-1337,-1363
3248,-1376,-1415
3237,-1412,-1429
3210,-1406,-1396
3188,-1470,-1373
3163,-1526,-1373
3105,-1535,-1397
3050,-1523,-1412
3010,-1552,-1448
2954,-1500,-1455
2929,-1516,-1446
2861,-1430,-1480
2806,-1343,-1467
2750,-1253,-1480
2719,-1186,-1463
2691,-1135,-1460
2709,-1159,-1469
2748,-1206,-1476
2785,-1227,-1477
2838,-1260,-1476
2920,-1343,-1450
3037,-1430,-1401
3099,-1455,-1413
3167,-1514,-1418
3230,-1592,-1409
3270,-1642,-1395
3276,-1644,-1398
3255,-1557,-1413
3230,-1445,-1421
3217,-1331,-1433
3237,-1292,-1447
3275,-1284,-1464
3306,-1292,-1487
3330,-1298,-1508
3372,-1326,-1534
3418,-1352,-1534
3457,-1332,-1506
3508,-1295,-1451
3555,-1251,-1408
3593,-1215,-1367
3618,-1172,-1345
3639,-1129,-1327
3677,-1102,-1284
3706,-1083,-1249
3733,-1091,-1226
3752,-1111,-1224
3768,-1141,-1236
3788,-1182,-1239
3808,-1245,-1244
3814,-1312,-1249
3813,-1342,-1271
3808,-1366,-1271
3784,-1369,-1266
3748,-1334,-1236
3703,-1300,-1196
3665,-1267,-1148
3613,-1250,-1116
3559,-1254,-1102
3503,-1247,-1102
3449,-1222,-1090
3414,-1210,-1065
3410,-1211,-1030
3423,-1212,-984
3453,-1208,-929
3509,-1202,-871
3560,-1201,-845
3608,-1212,-843
3639,-1222,-872
3664,-1234,-880
3704,-1281,-870
3739,-1327,-866
3760,-1381,-879
3752,-1404,-912
3732,-1407,-945
3708,-1428,-983
3680,-1438,-1007
3653,-1436,-1011
3627,-1434,-1006
3621,-1459,-991
3613,-1456,-949
3603,-1459,-917
3586,-1460,-883
3577,-1491,-840
3570,-1494,-771
3568,-1491,-675
3564,-1480,-609
3571,-1461,-575
3580,-1445,-525
3581,-1434,-488
3570,-1415,-492
3569,-1415,-506
3583,-1422,-484
3627,-1443,-450
3672,-1458,-435
3715,-1492,-453
3768,-1507,-449
3828,-1496,-447
3880,-1512,-467
3947,-1525,-454
3979,-1486,-482
4008,-1409,-518
4034,-1393,-546
4052,-1356,-555
4035,-1339,-603
4029,-1331,-660
3999,-1273,-734
3991,-1251,-801
3979,-1154,-885
3986,-1044,-946
4021,-989,-998
4074,-977,-1071
4127,-942,-1104
4212,-980,-1104
4309,-1060,-1115
4392,-1158,-1153
4470,-1200,-1158
4538,-1222,-1166
4576,-1141,-1136
4641,-1148,-1128
4689,-1098,-1104
4734,-1028,-1097
4722,-854,-1069
4716,-726,-1051
4690,-646,-1023
4631,-633,-1009
4543,-670,-1002
4441,-767,-987
4318,-895,-982
4183,-1039,-979
4046,-1190,-972
3906,-1332,-955
3781,-1436,-880
3666,-1538,-807
3557,-1632,-738
3452,-1732,-686
3367,-1824,-613
3288,-1907,-548
3201,-1989,-505
3117,-2087,-469
3056,-2186,-411
3003,-2252,-327
2960,-2310,-260
2918,-2361,-217
2890,-2374,-184
2867,-2322,-182
2875,-2270,-179
2911,-2226,-139
2966,-2178,-100
3048,-2136,-56
3137,-2095,-23
3241,-2036,-6
3357,-1994,-20
3462,-1954,-48
3579,-1909,-88
3691,-1826,-122
3818,-1747,-154
3957,-1700,-191
4097,-1652,-226
4235,-1603,-271
4343,-1545,-302
4421,-1503,-303
4445,-1478,-308
4381,-1523,-334
4250,-1615,-347
4138,-1710,-326
4039,-1747,-294
3964,-1738,-251
3911,-1685,-199
3877,-1635,-137
3845,-1572,-83
3789,-1486,-38
3719,-1421,15
3640,-1398,63
3555,-1397,115
3494,-1430,152
3450,-1476,206
3410,-1514,266
3361,-1522,308
3310,-1544,335
3266,-1585,342
3252,-1643,351
3252,-1687,380
3253,-1695,407
3255,-1699,423
3280,-1695,453
3300,-1661,501
3328,-1644,544
3347,-1610,570
3378,-1591,591
3395,-1559,596
3422,-1515,620
3443,-1469,631
3474,-1400,650
3492,-1337,660
3523,-1275,690
3553,-1199,741
3584,-1130,802
3590,-1070,828
3577,-1063,793
3559,-1051,779
3552,-1044,795
3543,-1026,819
3568,-1041,850
3594,-1050,885
3617,-1064,916
3640,-1077,954
3657,-1098,962
3668,-1093,974
3681,-1111,976
3675,-1145,960
3667,-1155,955
3668,-1157,957
3670,-1183,937
3666,-1179,925
3641,-1154,909
3602,-1131,878
3503,-1061,811
3465,-1066,772
3472,-1126,754
3475,-1161,746
3469,-1211,713
3420,-1215,682
3375,-1184,688
3325,-1190,688
3314,-1216,706
3331,-1221,766
3363,-1213,828
3401,-1241,874
3430,-1333,836
3440,-1460,730
3408,-1595,621
3375,-1777,529
3367,-1931,514
3405,-2072,560
3457,-2138,648
3532,-2080,777
3636,-1868,936
3725,-1671,1013
3764,-1497,1043
3773,-1345,1043
3791,-1235,1011
3815,-1193,969
3839,-1173,917
3864,-1178,839
3876,-1192,761
3883,-1217,692
3867,-1234,628
3827,-1260,553
3788,-1300,464
3747,-1348,347
3690,-1398,215
3627,-1459,118
3583,-1530,59
3524,-1621,-32
3451,-1722,-139
3395,-1818,-210
3367,-1883,-265
3369,-1930,-292
3424,-1950,-277
3491,-1933,-335
3574,-1870,-391
3737,-1717,-368
3992,-1437,-273
4316,-1144,-139
4620,-948,-119
4838,-897,-168
4902,-967,-252
4809,-1088,-325
4708,-1127,-314
4640,-1078,-217
4607,-1024,-85
4557,-952,46
4536,-951,106
4476,-909,147
4377,-824,170
4261,-795,131
4153,-763,110
4081,-780,86
4020,-834,49
3954,-912,25
3901,-991,-3
3859,-1024,-52
3840,-1044,-89
3826,-1099,-90
3807,-1145,-84
3802,-1168,-71
3802,-1118,-30
3814,-1065,-15
3818,-1005,-19
3856,-993,-24
3909,-959,-35
3970,-949,-60
4034,-943,-82
4085,-945,-82
4151,-961,-67
4190,-956,-70
4234,-1005,-70
4275,-1041,-72
4292,-1071,-75
4310,-1091,-66
4310,-1119,-46
4286,-1129,-31
4265,-1141,-14
4234,-1144,4
4188,-1148,34
4144,-1113,52
4113,-1111,54
4078,-1104,52
4042,-1095,33
4008,-1083,25
3962,-1082,4
3925,-1086,1
3900,-1083,-8
3860,-1088,0
3858,-1073,-16
3845,-1075,-19
3850,-1074,-2
3856,-1087,23
3853,-1081,41
3883,-1084,59
3915,-1075,80
3913,-1051,81
3935,-1025,82
3961,-1008,84
3986,-983,105
4013,-936,95
4027,-945,104
4009,-954,76
4010,-929,104
4014,-945,122
4011,-934,140
4019,-915,136
4008,-916,124
3996,-918,109
4002,-938,106
4001,-955,98
3993,-964,97
3974,-985,95
3963,-970,110
3990,-918,108
4013,-888,72
4026,-862,27
4034,-850,31
4067,-842,35
4095,-828,21
4101,-810,5
4121,-828,3
4124,-834,5
4121,-846,3
4110,-864,-7
4117,-880,10
4131,-882,37
4115,-899,40
4117,-881,22
4109,-898,-6
4092,-899,0
4090,-875,-9
4097,-859,-5
4099,-862,0
4104,-844,-5
4109,-823,-1
4109,-778,-14
4108,-763,-26
4108,-765,-51
4137,-746,-33
4141,-723,-20
4137,-713,-24
4137,-708,-12
4121,-746,-30
4146,-767,-22
4184,-771,-6
4196,-794,-24
4191,-803,-5
4172,-844,-12
4153,-883,2
4129,-904,5
4150,-891,43
4126,-890,26
4079,-910,67
4029,-920,105
4015,-911,146
3985,-893,123
3929,-878,78
3872,-906,33
3855,-886,42
3834,-867,39
3808,-857,32
3785,-869,44
3766,-906,44
3778,-952,47
3796,-979,51
3744,-974,21
3786,-1030,15
3924,-1042,9
4004,-1040,-23
4030,-1033,-59
4023,-1033,-85
3997,-1046,-119
3973,-1080,-131
3965,-1095,-167
3970,-1090,-213
3955,-1113,-263
3956,-1113,-308
3987,-1115,-333
3996,-1108,-362
3987,-1139,-410
3986,-1149,-467
4009,-1168,-503
4025,-1185,-509
4034,-1184,-504
4028,-1204,-476
4031,-1257,-434
4022,-1280,-431
4016,-1290,-434
4003,-1319,-397
4003,-1323,-347
3995,-1349,-297
3965,-1368,-306
3917,-1393,-289
3856,-1369,-268
3808,-1383,-261
3788,-1383,-235
3761,-1396,-202
3759,-1438,-160
3782,-1455,-91
3774,-1469,-72
3756,-1494,-55
3742,-1504,-35
3726,-1505,2
3733,-1536,45
3761,-1570,36
3800,-1583,57
3821,-1542,76
3823,-1503,53
3813,-1558,21
3808,-1588,4
3814,-1600,-8
3785,-1613,-10
3832,-1646,-2
3840,-1563,24
3856,-1575,26
3859,-1573,58
3853,-1566,63
3908,-1568,57
3957,-1581,40
3991,-1535,28
4019,-1506,34
4008,-1510,31
4026,-1497,11
4063,-1581,20
4069,-1629,43
4037,-1636,27
3993,-1646,30
3973,-1647,55
3946,-1659,79
3942,-1671,107
3917,-1674,122
3897,-1689,128
3880,-1703,148
3850,-1701,152
3820,-1692,180
3778,-1731,211
3747,-1755,245
3735,-1778,278
3703,-1787,305
3673,-1788,317
3642,-1761,329
3568,-1771,339
3522,-1775,347
3510,-1813,352
3471,-1759,372
3434,-1664,394
3402,-1623,376
3401,-1642,355
3415,-1673,349
3446,-1698,335
3490,-1725,314
3532,-1768,296
3575,-1811,291
3610,-1853,304
3653,-1890,323
3684,-1918,337
3710,-1932,348
3731,-1932,358
3741,-1920,353
3758,-1910,347
3779,-1887,331
3800,-1865,316
3813,-1850,296
3820,-1832,277
3823,-1808,255
3824,-1781,235
3817,-1760,221
3807,-1744,213
3798,-1734,211
3786,-1719,211
3781,-1684,244
3774,-1658,272
3759,-1633,295
3742,-1613,282
3704,-1610,291
3670,-1603,314
3641,-1607,334
3614,-1603,343
3590,-1589,337
3567,-1590,304
3554,-1738,211
3534,-1675,223
3519,-1524,255
3509,-1391,277
3517,-1393,245
3524,-1450,223
3524,-1507,223
3532,-1553,228
3542,-1603,225
3551,-1681,192
3556,-1747,151
3584,-1740,130
3612,-1889,57
3639,-1879,51
3674,-1792,78
3721,-1670,105
3782,-1589,145
3859,-1537,199
3892,-1566,195
3901,-1610,168
3903,-1637,140
3901,-1634,114
3907,-1615,101
3893,-1571,88
3886,-1543,75
3873,-1540,70
3874,-1543,76
3874,-1548,93
3881,-1553,110
3891,-1544,130
3889,-1554,119
3883,-1556,125
3902,-1549,135
3889,-1540,140
3863,-1537,136
3842,-1529,144
3868,-1517,125
3803,-1541,160
3783,-1571,172
3755,-1574,175
3760,-1620,183
3784,-1657,191
3808,-1721,208
3850,-1774,215
3860,-1821,204
3894,-1819,178
3919,-1828,154
3945,-1803,118
3930,-1784,91
3932,-1735,55
3959,-1670,66
3973,-1607,44
3953,-1594,31
3927,-1595,18
3897,-1560,2
3847,-1571,-5
3805,-1537,-26
3766,-1541,-26
3729,-1514,-27
3693,-1495,-56
3682,-1407,-98
3667,-1450,-83
3622,-1457,-71
3596,-1495,-85
3580,-1524,-77
3556,-1536,-66
3543,-1538,-40
3524,-1523,-43
3511,-1531,-45
3484,-1481,-26
3472,-1488,-4
3451,-1479,28
3440,-1492,44
3444,-1500,78
3521,-1433,148
3609,-1398,156
3640,-1397,159
3646,-1392,158
3641,-1369,188
3658,-1325,173
3696,-1290,146
3717,-1246,152
3722,-1216,168
3733,-1186,165
3750,-1157,151
3764,-1126,144
3771,-1118,128
3787,-1128,125
3803,-1182,119
3809,-1236,135
3823,-1262,168
3804,-1314,156
3791,-1320,176
3774,-1338,174
3765,-1339,152
3748,-1333,136
3713,-1336,100
3699,-1309,66
3662,-1290,15
3622,-1278,-34
3560,-1315,-82
3601,-1287,-57
3654,-1234,-68
3689,-1200,-81
3728,-1204,-101
3772,-1200,-124
3796,-1198,-138
3825,-1204,-118
3837,-1214,-90
3776,-1334,-120
3826,-1357,-27
3949,-1274,69
4020,-1196,125
4042,-1159,159
4018,-1180,169
3965,-1218,159
3893,-1278,142
3837,-1305,157
3797,-1317,166
3781,-1296,186
3768,-1286,222
3791,-1280,254
3833,-1226,265
3882,-1205,285
3899,-1198,295
3922,-1165,281
3962,-1116,263
3998,-1079,246
4035,-1067,252
4057,-1070,283
4052,-1067,281
4043,-1049,250
4043,-1031,241
4066,-1007,257
4083,-987,291
4079,-985,302
4065,-990,318
4048,-989,332
4036,-993,346
4032,-1006,362
4012,-1017,349
3990,-1035,343
3982,-1037,360
3980,-1048,376
3974,-1056,379
3981,-1044,391
3968,-1048,395
3968,-1040,412
3958,-1033,420
3939,-1024,410
3892,-1036,362
3865,-1059,353
3871,-1052,358
3887,-1030,356
3894,-1015,335
3892,-1008,318
3889,-1015,289
3862,-1016,252
3848,-983,250
3823,-956,217
3804,-952,171
3792,-954,140
3802,-968,117
3812,-976,90
3819,-953,82
3844,-951,69
3862,-956,20
3876,-978,12
3904,-1005,6
3943,-1024,18
3987,-1034,28
4013,-1060,18
4013,-1082,19
4034,-1084,31
4055,-1070,47
4053,-1066,69
4047,-1086,92
4041,-1088,114
4025,-1061,126
3981,-1029,132
3948,-1042,137
3965,-1010,183
3973,-1033,183
4002,-1022,191
4017,-1008,192
4037,-984,219
4048,-978,233
4074,-982,250
4118,-974,253
4162,-963,271
4191,-960,292
4197,-947,311
4184,-959,306
4159,-983,300
4132,-1004,290
4116,-1001,285
4090,-963,277
4069,-976,259
4071,-976,248
4070,-960,243
4068,-946,231
4068,-929,225
4071,-918,222
4070,-909,212
4070,-903,209
4065,-901,202
4065,-902,192
4066,-889,179
4041,-920,171
4035,-938,165
4016,-947,166
4004,-956,155
4002,-968,151
4000,-977,150
3992,-977,140
3986,-977,132
3983,-977,133
3982,-978,126
3975,-985,120
3968,-975,109
3954,-966,88
3947,-943,67
3946,-898,40
3955,-865,34
3947,-840,41
3946,-814,38
3947,-797,35
3947,-792,38
3950,-800,26
3943,-839,15
3946,-857,18
3940,-868,11
3953,-873,11
3963,-880,14
3969,-902,20
3975,-928,39
3992,-931,57
3993,-929,66
3998,-912,94
3974,-901,89
3962,-859,81
3967,-815,71
3985,-783,73
3998,-790,70
3999,-826,71
4005,-856,70
4009,-870,63
4011,-864,64
4011,-856,63
4021,-843,78
4015,-837,67
4007,-861,46
3993,-873,65
3998,-860,80
3996,-850,79
4002,-852,64
4008,-858,61
3994,-877,49
4020,-857,76
4033,-845,88
4023,-841,100
4003,-849,104
3989,-848,108
3970,-859,95
3952,-864,73
3939,-869,63
3925,-884,47
3933,-862,75
3914,-875,51
3911,-866,58
3919,-837,79
3927,-830,59
3930,-809,72
3923,-820,50
3937,-820,45
3954,-799,33
3959,-766,21
3959,-737,-15
3980,-723,-5
3925,-720,-50
3936,-711,-63
4047,-641,-17
4084,-590,-35
4021,-643,-58
4000,-705,-62
3970,-763,-97
3943,-843,-65
3915,-892,-78
3916,-858,-106
3928,-819,-133
3935,-815,-144
3943,-828,-141
3941,-850,-134
3935,-852,-123
3926,-880,-110
3928,-878,-103
3920,-903,-110
3909,-910,-96
3882,-917,-87
3854,-948,-100
3857,-946,-65
3843,-976,-92
3852,-987,-92
3874,-969,-67
3894,-941,-67
3894,-895,-83
3906,-861,-89
3924,-839,-95
3922,-846,-119
3950,-825,-101
3959,-832,-120
3979,-848,-111
4012,-842,-109
4046,-854,-119
4073,-856,-111
4090,-852,-100
4117,-861,-84
4136,-858,-68
4163,-848,-53
4175,-833,-27
4170,-831,-32
4184,-797,-12
4178,-789,-27
4190,-754,-5
4182,-741,-17
4174,-713,-19
4165,-688,-21
4150,-686,-28
4138,-689,-52
4131,-697,-49
4117,-713,-40
4103,-728,-35
4089,-729,-19
4068,-745,-17
4033,-768,-10
3986,-789,-19
3954,-806,-23
3934,-811,-12
3914,-808,-6
3919,-788,4
3929,-779,13
3940,-786,8
3942,-787,-13
3949,-797,-22
3951,-789,-37
3955,-807,-45
3952,-824,-39
3940,-833,-40
3933,-837,-34
3927,-820,-40
3905,-831,-41
3885,-834,-38
3874,-826,-36
3873,-813,-29
3863,-808,-21
3857,-803,-9
3852,-800,-3
3849,-791,4
3850,-784,11
3861,-780,10
3867,-780,7
3878,-780,6
3901,-777,3
3912,-777,3
3929,-772,9
3946,-764,9
3958,-748,14
3963,-742,24
3957,-734,41
3946,-729,44
3937,-733,51
3932,-740,60
3922,-743,69
3920,-743,63
3918,-743,56
3921,-731,32
3933,-721,9
3956,-720,-10
3969,-716,-20
3988,-715,-22
3995,-711,-28
4006,-694,-37
4020,-681,-35
4040,-665,-26
4066,-648,-24
4123,-600,-21
4120,-614,-18
4128,-646,-30
4131,-659,-25
4134,-652,-19
4147,-643,-20
4159,-645,-19
4188,-652,-25
4233,-699,-16
4186,-767,-13
4144,-733,-59
4159,-712,-77
4187,-712,-59
4173,-737,-37
4159,-758,-36
4148,-766,-38
4140,-775,-46
4134,-784,-66
4134,-783,-74
4116,-790,-89
4108,-795,-112
4103,-788,-115
4102,-786,-117
4090,-786,-117
4085,-791,-107
4082,-795,-90
4076,-797,-78
4070,-803,-68
4064,-808,-63
4055,-800,-60
4046,-790,-60
4042,-776,-55
4037,-757,-50
4028,-733,-45
4025,-709,-35
4022,-683,-27
4021,-674,-40
4016,-673,-32
4014,-675,-18
4010,-680,-7
4015,-688,-1
4016,-702,-7
4019,-701,-25
4023,-701,-32
4029,-711,-39
4027,-725,-36
4030,-731,-39
4041,-736,-32
4042,-738,-28
4039,-735,-31
4024,-726,-36
4013,-723,-43
3990,-725,-47
3975,-731,-61
3963,-736,-78
3948,-748,-106
3938,-752,-129
3927,-765,-152
3924,-769,-167
3925,-772,-185
3924,-778,-192
3927,-783,-194
3953,-783,-199
3985,-753,-191
3998,-708,-185
3991,-694,-180
3965,-687,-187
3944,-683,-175
3933,-716,-188
3910,-741,-205
3916,-685,-168
3921,-637,-164
3920,-618,-163
3911,-633,-148
3910,-666,-133
3921,-690,-112
3924,-714,-95
3922,-731,-90
3883,-776,-95
3899,-757,-50
3949,-707,-13
3966,-681,-1
3958,-685,4
3936,-697,12
3919,-702,29
3888,-698,11
3882,-698,21
3870,-690,14
3811,-754,4
3805,-738,60
3838,-685,63
3867,-638,46
3879,-615,27
3868,-606,8
3864,-604,2
3856,-612,-3
3771,-672,-20
3786,-685,-1
3830,-655,34
3874,-616,62
3916,-595,85
3949,-610,94
3953,-604,103
3957,-628,99
3937,-670,89
3928,-700,79
3955,-735,65
3990,-826,53
4006,-781,66
3970,-623,119
4016,-542,150
4064,-574,122
4082,-606,92
4092,-597,78
4097,-582,73
4098,-562,83
4084,-570,77
4069,-597,87
4076,-610,110
4082,-558,137
4112,-561,156
4126,-555,160
4122,-535,177
4131,-507,212
4156,-489,237
4192,-496,240
4221,-504,268
4252,-545,267
4249,-623,260
4249,-566,304
4244,-522,327
4221,-497,357
4205,-504,407
4219,-566,425
4221,-613,427
4212,-629,435
4222,-656,447
4228,-645,441
4260,-621,452
4308,-603,457
4341,-614,441
4337,-581,424
4353,-551,415
4352,-582,423
4353,-599,403
4358,-622,426
4341,-600,437
4337,-597,424
4359,-574,458
4374,-561,471
4416,-555,513
4460,-487,517
4454,-514,588
4431,-525,592
4393,-493,591
4381,-496,590
4286,-503,615
4240,-484,707
4170,-464,719
4137,-418,736
4127,-354,796
4114,-310,812
4094,-290,813
4059,-271,822
4015,-274,780
3979,-284,741
3938,-348,678
3916,-410,596
3899,-481,506
3873,-572,374
3868,-633,242
3856,-696,97
3840,-751,-30
3823,-782,-160
3814,-803,-289
3818,-827,-389
3824,-847,-469
3816,-874,-580
3806,-891,-669
3784,-900,-743
3753,-912,-810
3709,-932,-839
3620,-986,-847
3433,-1049,-953
3165,-1081,-1023
3014,-1242,-1042
2961,-1245,-890
3009,-1161,-722
3011,-1222,-720
2964,-1310,-683
2898,-1372,-590
2846,-1456,-450
2816,-1540,-297
2824,-1633,-126
2863,-1736,42
2881,-1823,168
2866,-1890,262
2827,-1943,324
2892,-1958,439
2997,-1954,517
3087,-1965,496
3186,-1956,454
3310,-1918,418
3447,-1862,390
3601,-1807,336
3776,-1765,265
3942,-1752,192
4120,-1781,126
4284,-1807,63
4466,-1822,8
4666,-1840,-32
4843,-1819,-52
4945,-1868,-69
5004,-1857,-49
5082,-1876,-15
5179,-1875,53
5261,-1878,156
5285,-1861,238
5283,-1876,310
5216,-1821,381
5118,-1826,444
5066,-1848,517
5001,-1829,601
4917,-1859,667
4882,-1886,685
4880,-1871,721
4894,-1819,799
4901,-1783,852
4890,-1751,865
4888,-1717,909
4882,-1665,902
4865,-1629,883
4833,-1584,870
4783,-1565,819
4710,-1521,770
4678,-1518,761
4632,-1477,750
4590,-1467,751
4520,-1417,748
4432,-1367,778
4333,-1291,814
4243,-1263,828
4159,-1232,878
4070,-1195,936
4000,-1167,962
3933,-1132,962
3887,-1065,991
3840,-994,1035
3811,-949,1080
3776,-908,1118
3731,-856,1175
3691,-822,1224
3648,-859,1206
3601,-915,1194
3536,-955,1199
3461,-935,1227
3415,-896,1270
3401,-917,1339
3419,-949,1378
3418,-925,1400
3421,-884,1408
3444,-848,1425
3480,-822,1448
3496,-778,1426
3464,-692,1375
3418,-659,1324
3342,-578,1291
3253,-562,1276
3144,-525,1248
3032,-526,1216
2929,-452,1246
2824,-459,1218
2742,-468,1206
2697,-568,1182
2659,-633,1159
2605,-641,1161
2534,-588,1157
2514,-574,1163
2513,-555,1160
2513,-513,1172
2514,-487,1156
2543,-499,1158
2593,-476,1179
2655,-400,1186
2738,-304,1096
2824,-221,970
2888,-166,805
2903,-97,589
2817,-63,216
2664,-64,-258
2393,-57,-760
2060,-132,-1315
1776,-183,-1669
1640,-204,-1704
1607,-79,-1570
1660,10,-1449
1803,8,-1218
2016,-85,-904
2278,-339,-650
2578,-735,-413
2836,-1157,-304
3080,-1516,-190
3331,-1792,-104
3615,-2043,-28
3902,-2323,18
4112,-2605,-35
4271,-2832,-140
4402,-2998,-290
4513,-3095,-437
4600,-3124,-584
4675,-3064,-701
4719,-2882,-750
4810,-2648,-781
4939,-2416,-794
5105,-2142,-754
5280,-1804,-598
5473,-1485,-454
5646,-1194,-339
5717,-889,-244
5742,-679,-171
5722,-568,-91
5685,-534,5
5652,-580,69
5747,-785,144
5885,-1095,165
6036,-1377,193
6196,-1608,242
6273,-1773,263
6240,-1943,267
6203,-2094,310
6169,-2216,361
6124,-2278,436
6051,-2275,512
5975,-2228,615
5903,-2173,702
5835,-2108,778
5749,-1998,835
5637,-1859,926
5489,-1769,968
5347,-1765,977
5186,-1717,1007
5077,-1555,965
5040,-1305,868
5021,-1103,734
5004,-935,584
