89,-2980,6195
81,-2969,6163
84,-3001,6213
106,-2993,6212
108,-2981,6317
92,-2953,6233
112,-3009,6144
74,-2997,6141
111,-3001,6197
101,-2999,6202
76,-2980,6197
49,-2958,6269
72,-2981,6247
55,-2977,6166
76,-2982,6222
91,-2960,6182
69,-2975,6201
75,-2989,6242
58,-3016,6238
120,-3013,6123
79,-3006,6201
119,-2962,6144
45,-2990,6275
77,-2998,6241
68,-3005,6265
76,-3013,6188
88,-3015,6240
137,-2997,6232
82,-3007,6147
65,-3013,6257
105,-3000,6263
73,-3015,6200
75,-3004,6276
70,-2991,6230
84,-3001,6331
58,-3013,6217
64,-3006,6251
83,-3028,6085
63,-3047,6266
69,-3011,6231
53,-3010,6275
43,-3004,6271
70,-3002,6268
59,-3040,6227
54,-2979,6258
70,-3036,6301
49,-3020,6152
57,-3013,6214
83,-3022,6275
49,-3019,6280
24,-2997,6232
66,-3008,6202
72,-2993,6294
84,-2981,6254
19,-2986,6272
9,-3019,6123
38,-3020,6217
35,-2997,6257
37,-2985,6194
66,-3005,6236
57,-3007,6248
91,-3013,6176
40,-2998,6151
61,-2933,6250
46,-2972,6250
38,-2974,6216
32,-2983,6199
49,-2982,6206
90,-3035,6272
61,-3027,6198
84,-2994,6265
71,-2978,6211
69,-2992,6285
69,-2999,6262
100,-3002,6242
87,-2988,6223
69,-2966,6252
92,-2969,6257
33,-2988,6197
51,-2993,6166
101,-2995,6200
57,-3021,6212
85,-2992,6196
96,-2954,6289
82,-2994,6219
81,-2982,6262
71,-2969,6209
81,-2977,6260
57,-2978,6285
62,-2965,6256
74,-2958,6274
1,-2978,6284
57,-2970,6188
64,-2966,6288
25,-2954,6304
61,-2931,6250
55,-2939,6210
67,-2936,6273
37,-2939,6234
55,-2958,6189
65,-2924,6260
60,-2987,6188
38,-2964,6258
46,-2975,6254
49,-2954,6233
23,-2991,6274
66,-2942,6240
92,-2965,6236
73,-2970,6234
26,-2985,6196
28,-3006,6037
32,-2981,6260
33,-2987,6229
21,-3044,6220
51,-3010,6224
12,-2984,6242
36,-2996,6259
42,-2981,6175
76,-2978,6220
58,-2979,6050
43,-2952,6016
25,-2964,5959
39,-2925,5914
52,-2920,5837
58,-2936,5796
10,-2925,5784
25,-2937,5864
17,-2934,5943
37,-2960,5732
68,-2942,5899
21,-2936,5967
43,-2950,5915
2,-2940,6026
16,-2921,6171
18,-2942,6123
62,-2960,6132
71,-2944,6187
78,-2939,6128
33,-2925,6211
65,-2953,6198
42,-2963,6250
32,-2983,6287
13,-2956,6276
-6,-2966,6305
3,-2975,6326
82,-2939,6306
25,-2976,6207
17,-2969,6266
23,-2964,6331
-14,-2968,6382
-1,-2952,6408
63,-2973,6410
11,-2917,6397
4,-2927,6436
61,-2947,6438
34,-2942,6478
19,-2998,6437
30,-2968,6362
38,-2977,6378
28,-2994,6345
31,-2999,6366
4,-2959,6380
9,-2985,6327
-17,-2972,6300
-23,-2956,6319
-22,-2943,6330
-61,-2972,6303
-21,-2950,6261
-83,-2940,6274
-115,-2926,6274
-107,-2920,6216
-112,-2940,6285
-81,-2936,6259
-109,-2926,6260
-140,-2958,6218
-116,-2954,6242
-136,-2937,6181
-156,-2961,6216
-132,-2946,6227
-142,-2932,6241
-158,-2933,6214
-131,-2926,6180
-173,-2966,6280
-161,-2952,6024
-157,-2927,6227
-174,-2925,6232
-194,-2903,6291
-178,-2903,6259
-176,-2917,6218
-175,-2914,6275
-200,-2924,6246
-181,-2937,6311
-193,-2924,6320
-145,-2906,6294
-205,-2884,6319
-174,-2881,6373
-147,-2923,6324
-153,-2911,6273
-172,-2899,6345
-177,-2940,6359
-143,-2937,6385
-175,-2916,6243
-167,-2921,6381
-112,-2901,6279
-152,-2910,6203
-183,-2901,6277
-171,-2900,6257
-149,-2932,6233
-164,-2894,6182
-209,-2888,6159
-176,-2887,6141
-165,-2888,6203
-208,-2911,6194
-189,-2871,6233
-219,-2885,6163
-207,-2861,6201
-199,-2871,6265
-203,-2870,6202
-173,-2874,6230
-183,-2828,6171
-146,-2872,6239
-184,-2843,6198
-209,-2853,6199
-175,-2856,6137
-158,-2866,6200
-153,-2859,6250
-169,-2908,6283
-177,-2889,6245
-169,-2922,6121
-198,-2875,6245
-194,-2911,6348
-228,-2874,6187
-228,-2904,6259
-237,-2876,6278
-222,-2879,6271
-272,-2875,6210
-277,-2874,6211
-237,-2891,6144
-253,-2869,6153
-252,-2841,6064
-245,-2882,6099
-282,-2853,6108
-304,-2864,6097
-323,-2820,6072
-291,-2851,6122
-325,-2841,6046
-330,-2811,6052
-310,-2843,5917
-316,-2851,6099
-334,-2827,6029
-322,-2844,6067
-335,-2833,5968
-298,-2818,6025
-328,-2824,6019
-325,-2834,6064
-366,-2865,6040
-339,-2847,5991
-350,-2859,6012
-348,-2857,6087
-329,-2835,6059
-357,-2829,6094
-353,-2843,6089
-345,-2852,6079
-334,-2862,6103
-320,-2849,6111
-341,-2841,5975
-339,-2833,6013
-309,-2821,6106
-343,-2825,6113
-350,-2831,6070
-356,-2886,6083
-362,-2872,6027
-320,-2851,6031
-362,-2837,6106
-370,-2841,6042
-353,-2830,5925
-305,-2835,6007
-335,-2859,5978
-345,-2836,5934
-360,-2841,5904
-329,-2818,6027
-353,-2805,5978
-338,-2858,5932
-364,-2845,5884
-364,-2848,5955
-355,-2841,5937
-300,-2839,5990
-322,-2822,5984
-350,-2849,5963
-325,-2812,6006
-312,-2830,5949
-314,-2852,6021
-315,-2838,5904
-313,-2837,6013
-315,-2845,5916
-350,-2833,5899
-309,-2846,5911
-303,-2835,5858
-310,-2835,5884
-321,-2836,5912
-278,-2815,5886
-297,-2844,5806
-308,-2848,5883
-311,-2820,5792
-297,-2807,5801
-306,-2859,5677
-329,-2851,5706
-330,-2823,5624
-318,-2831,5595
-288,-2834,5663
-342,-2825,5516
-343,-2835,5615
-338,-2818,5633
-315,-2846,5589
-277,-2815,5617
-294,-2827,5583
-285,-2809,5638
-265,-2800,5583
-272,-2823,5504
-247,-2829,5395
-290,-2830,5556
-295,-2815,5563
-279,-2846,5504
-268,-2819,5619
-282,-2878,5523
-245,-2830,5619
-249,-2830,5656
-285,-2845,5619
-305,-2849,5664
-277,-2834,5622
-235,-2865,5689
-242,-2821,5665
-222,-2835,5708
-214,-2829,5773
-242,-2833,5768
-265,-2855,5828
-230,-2869,5838
-207,-2868,5824
-215,-2879,5775
-218,-2889,5811
-233,-2855,5903
-213,-2882,5939
-219,-2904,5924
-232,-2916,5883
-167,-2926,5963
-190,-2927,5953
-212,-2910,5841
-180,-2898,5916
-201,-2914,5964
-183,-2901,5959
-198,-2880,5893
-200,-2902,5905
-198,-2912,5856
-177,-2930,5951
-204,-2949,5939
-190,-2905,5844
-193,-2927,5900
-190,-2899,5894
-184,-2916,5893
-198,-2924,5890
-183,-2918,5810
-162,-2911,5860
-165,-2919,5850
-161,-2918,5806
-136,-2893,5744
-136,-2915,5846
-154,-2900,5851
-176,-2894,5759
-133,-2930,5719
-127,-2929,5704
-144,-2907,5798
-151,-2911,5711
-150,-2904,5803
-109,-2912,5704
-121,-2911,5605
-150,-2907,5747
-120,-2924,5794
-115,-2911,5808
-103,-2941,5809
-111,-2914,5701
-133,-2903,5824
-123,-2896,5839
-165,-2941,5817
-116,-2912,5708
-103,-2910,5796
-134,-2920,5881
-78,-2938,5845
-87,-2924,5824
-120,-2940,5823
-69,-2952,5877
-46,-2952,5788
-81,-2937,5844
-62,-2950,5764
-68,-2900,5902
-108,-2917,5782
-89,-2907,5833
-89,-2929,5828
-77,-2935,5899
-112,-2930,5760
-96,-2947,5929
-91,-2927,5901
-87,-2917,5761
-81,-2933,5706
-76,-2908,5700
-109,-2934,5746
-131,-2909,5824
-123,-2881,5818
-118,-2909,5800
-93,-2917,5836
-146,-2900,5801
-166,-2971,5835
-138,-2924,5842
-120,-2945,5866
-152,-2949,5794
-114,-2951,5773
-126,-2926,5786
-122,-2935,5784
-146,-2904,5792
-141,-2895,5785
-156,-2897,5640
-118,-2881,5791
-145,-2925,5730
-132,-2936,5706
-160,-2872,5709
-134,-2876,5723
-139,-2889,5669
-139,-2913,5763
-144,-2913,5656
-124,-2891,5591
-118,-2895,5693
-110,-2884,5617
-129,-2900,5683
-169,-2873,5720
-126,-2901,5701
-152,-2873,5636
-115,-2893,5713
-127,-2873,5741
-100,-2899,5661
-129,-2916,5722
-115,-2910,5706
-111,-2913,5619
-90,-2887,5741
-107,-2917,5739
-91,-2898,5724
-95,-2904,5714
-109,-2886,5638
-90,-2915,5766
-71,-2875,5746
-87,-2902,5760
-90,-2860,5785
-91,-2884,5746
-81,-2871,5829
-115,-2901,5739
-103,-2893,5780
-85,-2902,5738
-95,-2900,5787
-139,-2931,5830
-152,-2915,5890
-159,-2908,5813
-133,-2941,5799
-162,-2916,5849
-127,-2934,5853
-109,-2917,5845
-113,-2892,5851
-139,-2915,5794
-124,-2938,5755
-149,-2926,5851
-133,-2949,5861
-157,-2921,5888
-166,-2969,5987
-153,-2967,5922
-135,-2953,5765
-140,-2919,5846
-136,-2945,5922
-114,-2948,5803
-119,-2961,5879
-114,-2909,5813
-129,-2919,5930
-145,-2884,5878
-146,-2920,5819
-124,-2927,5847
-141,-2907,5810
-164,-2879,5852
-149,-2915,5686
-136,-2879,5858
-119,-2887,5809
-151,-2916,5824
-177,-2888,5859
-168,-2937,5881
-158,-2910,5858
-165,-2918,5932
-173,-2892,5872
-165,-2913,5798
-176,-2889,5857
-195,-2900,5895
-186,-2883,5881
-201,-2902,5854
-180,-2930,5877
-199,-2888,5882
-197,-2907,5923
-211,-2922,5919
-205,-2916,5909
-219,-2884,5952
-224,-2896,5924
-212,-2903,5915
-159,-2902,5953
-220,-2905,5920
-238,-2888,5906
-222,-2888,5911
-255,-2913,5831
-253,-2901,5722
-220,-2907,5844
-230,-2888,5849
-273,-2891,5829
-245,-2893,5842
-260,-2887,5851
-273,-2870,5858
-294,-2868,5760
-283,-2860,5788
-248,-2848,5740
-226,-2849,5791
-250,-2859,5852
-275,-2831,5847
-243,-2867,5886
-217,-2849,5883
-236,-2861,5828
-238,-2859,5877
-227,-2851,5851
-216,-2853,5964
-202,-2872,5983
-225,-2852,5920
-197,-2893,5864
-218,-2853,5947
-241,-2895,5816
-252,-2856,5905
-233,-2864,5957
-222,-2847,5916
-214,-2848,5867
-211,-2845,5879
-234,-2878,5832
-262,-2840,5924
-230,-2836,5869
-255,-2861,5857
-211,-2866,5875
-259,-2852,5796
-280,-2855,5913
-270,-2866,5879
-252,-2845,5831
-276,-2873,5862
-282,-2856,5869
-241,-2862,5804
-297,-2850,5758
-284,-2853,5762
-278,-2855,5758
-277,-2893,5728
-291,-2885,5779
-261,-2905,5749
-265,-2892,5881
-269,-2875,5785
-217,-2889,5788
-251,-2911,5773
-262,-2857,5804
-275,-2848,5760
-235,-2840,5776
-228,-2872,5678
-230,-2849,5613
-268,-2867,5534
-255,-2865,5534
-204,-2879,5559
-224,-2840,5581
-253,-2867,5528
-230,-2868,5516
-219,-2862,5494
-214,-2869,5526
-242,-2830,5406
-235,-2844,5595
-219,-2821,5567
-221,-2847,5589
-207,-2834,5545
-170,-2842,5577
-167,-2850,5609
-212,-2855,5587
-205,-2851,5579
-225,-2861,5385
-266,-2860,5534
-212,-2892,5600
-237,-2824,5612
-284,-2875,5519
-277,-2840,5629
-220,-2845,5492
-242,-2891,5560
-252,-2849,5509
-257,-2822,5428
-259,-2828,5583
-240,-2820,5482
-256,-2837,5481
-262,-2850,5495
-250,-2845,5536
-226,-2844,5625
-258,-2876,5511
-252,-2873,5566
-259,-2855,5539
-234,-2881,5541
-257,-2835,5453
-191,-2838,5537
-220,-2829,5486
-250,-2840,5492
-189,-2853,5490
-119,-2844,5564
-177,-2835,5540
-248,-2855,5493
-180,-2816,5516
-188,-2822,5507
-259,-2812,5577
-199,-2820,5507
-224,-2822,5501
-226,-2846,5548
-264,-2807,5580
-224,-2837,5557
-244,-2816,5576
-234,-2844,5477
-216,-2851,5508
-258,-2863,5531
-234,-2861,5569
-225,-2860,5492
-244,-2879,5522
-241,-2892,5516
-189,-2865,5520
-198,-2851,5556
-236,-2879,5402
-218,-2860,5462
-195,-2857,5528
-209,-2871,5600
-241,-2886,5511
-214,-2873,5578
-203,-2855,5582
-198,-2891,5637
-187,-2891,5583
-187,-2876,5554
-167,-2903,5534
-213,-2917,5606
-185,-2884,5573
-169,-2868,5622
-166,-2931,5580
-149,-2895,5505
-156,-2896,5564
-142,-2909,5603
-137,-2926,5630
-131,-2928,5561
-146,-2931,5563
-161,-2929,5580
-109,-2933,5557
-172,-2954,5527
-150,-2972,5572
-148,-2990,5614
-131,-2980,5511
-167,-2971,5611
-139,-2961,5542
-149,-2977,5549
-173,-2987,5597
-153,-3012,5591
-176,-3001,5555
-192,-3003,5559
-176,-2988,5615
-145,-2976,5619
-150,-3009,5504
-167,-2989,5730
-149,-2979,5652
-122,-2973,5725
-144,-2988,5647
-121,-3007,5687
-87,-2970,5774
-70,-2983,5773
-102,-2952,5831
-105,-2979,5766
-95,-2962,5911
-91,-2957,5924
-82,-2930,5919
-72,-2929,5958
-86,-2937,6012
-82,-2914,5955
-61,-2911,5973
-78,-2908,5918
-114,-2924,5869
-102,-2883,5960
-134,-2896,5935
-116,-2900,5986
-161,-2901,5930
-127,-2893,5977
-130,-2918,6020
-145,-2915,5954
-158,-2941,5955
-168,-2898,5906
-174,-2917,5955
-167,-2894,5909
-186,-2890,5951
-177,-2906,6002
-157,-2915,5992
-172,-2879,6044
-145,-2868,5958
-119,-2912,6019
-111,-2916,5801
-113,-2849,6021
-134,-2873,6023
-106,-2837,5895
-133,-2860,6001
-134,-2861,5952
-130,-2867,6016
-132,-2852,5929
-127,-2853,6048
-120,-2853,6019
-114,-2851,6001
-133,-2843,6024
-121,-2855,5917
-129,-2892,5977
-122,-2878,5936
-156,-2850,5937
-153,-2883,5903
-101,-2891,5847
-165,-2889,5916
-158,-2923,5919
-164,-2893,5838
-175,-2891,5838
-193,-2859,5852
-125,-2888,5813
-142,-2861,5813
-149,-2891,5846
-130,-2869,5816
-145,-2873,5911
-131,-2886,5870
-138,-2875,5867
-101,-2881,5885
-124,-2862,5818
-157,-2855,5814
-124,-2851,5888
-69,-2888,5896
-74,-2880,5801
-97,-2877,5904
-94,-2881,5759
-62,-2849,5859
-66,-2863,5852
-74,-2894,5811
-73,-2879,5871
-95,-2882,5855
-117,-2869,5854
-98,-2883,5811
-142,-2853,5872
-91,-2847,5833
-78,-2860,5803
-137,-2888,5830
-140,-2880,5840
-143,-2881,5829
-137,-2864,5852
-124,-2883,5807
-161,-2867,5758
-185,-2909,5809
-175,-2868,5662
-155,-2878,5871
-143,-2857,5812
-98,-2864,5877
-102,-2883,5891
-120,-2875,5876
-104,-2873,5966
-113,-2863,5890
-87,-2869,5906
-80,-2919,5895
-86,-2917,5969
-99,-2878,6020
-78,-2912,5963
-94,-2905,6028
-84,-2913,5985
-119,-2881,5980
-107,-2898,6021
-128,-2922,6011
-104,-2877,5948
-114,-2904,6036
-135,-2890,6004
-151,-2920,5974
-149,-2889,5951
-119,-2872,5996
-138,-2870,6025
-183,-2847,6011
-172,-2913,5931
-142,-2899,5845
-111,-2899,5912
-141,-2846,6008
-151,-2923,5900
-146,-2884,5916
-160,-2848,5921
-136,-2882,5976
-130,-2832,5923
-169,-2844,5949
-150,-2868,5806
-104,-2877,5915
-120,-2865,5853
-104,-2844,5937
-146,-2851,5937
-151,-2866,5929
-100,-2886,5976
-99,-2866,5984
-175,-2867,6000
-125,-2850,5964
-139,-2840,6002
-139,-2866,5901
-166,-2870,5994
-177,-2888,5941
-194,-2879,5920
-207,-2861,5871
-152,-2825,5925
-175,-2868,5904
-185,-2852,5878
-161,-2867,5810
-211,-2898,5954
-146,-2900,5885
-196,-2874,5905
-133,-2886,5955
-173,-2880,5910
-154,-2892,5955
-147,-2870,5964
-154,-2869,5920
-142,-2905,5921
-108,-2860,5890
-121,-2886,5900
-70,-2908,6033
-89,-2892,5984
-112,-2880,5960
-72,-2889,6030
-77,-2904,6083
-99,-2891,6087
-96,-2934,5932
-132,-2919,6032
-95,-2892,6032
-95,-2925,5980
-65,-2923,6046
-102,-2905,6035
-133,-2906,6126
-94,-2936,6041
-117,-2935,6020
-115,-2931,5952
-27,-2920,6055
-90,-2932,6048
-51,-2896,5964
-111,-2912,6007
-44,-2918,5993
-84,-2941,6013
-111,-2899,6001
-127,-2915,5978
-89,-2897,5773
-70,-2877,5850
-120,-2934,5913
-92,-2905,5858
-114,-2937,5939
-87,-2925,5944
-66,-2888,5992
-76,-2904,5975
-54,-2906,6005
-91,-2912,5851
-61,-2902,5993
-95,-2870,5962
-89,-2899,5957
-49,-2897,5958
-69,-2914,6005
-99,-2941,6016
-96,-2957,6016
-90,-2903,6048
-77,-2930,5931
-72,-2920,6108
-84,-2943,6078
-63,-2928,6101
-57,-2925,6094
-64,-2933,6052
-56,-2957,6046
-65,-2899,6001
-70,-2902,6060
-62,-2923,5937
-100,-2921,5994
-58,-2954,6058
-81,-2943,5992
-84,-2915,6035
-72,-2887,6060
-92,-2894,6107
-97,-2885,6019
-92,-2900,6023
-131,-2922,5954
-82,-2906,6083
-117,-2924,6040
-106,-2925,6064
-148,-2943,6057
-121,-2897,5993
-138,-2934,5989
-172,-2898,5966
-148,-2909,5997
-140,-2937,5818
-169,-2905,5967
-128,-2887,5988
-126,-2913,5999
-164,-2907,5929
-164,-2881,5903
-150,-2910,6009
-133,-2863,6013
-123,-2900,5902
-134,-2946,5870
-118,-2898,5927
-137,-2873,5971
-171,-2876,5893
-153,-2874,5937
-153,-2880,5885
-169,-2849,5945
-117,-2861,5874
-167,-2829,6014
-150,-2881,6000
-153,-2896,5905
-190,-2896,5882
-146,-2924,5896
-126,-2886,6015
-154,-2924,6141
-139,-2907,6029
-131,-2920,6023
-163,-2951,6021
-104,-2936,6028
-115,-2939,6046
-130,-2983,6046
-111,-2958,6106
-138,-2947,6117
-142,-2947,6088
-120,-2953,6086
-135,-2931,6089
-92,-2953,6164
-93,-2932,6157
-76,-2950,6056
-90,-2967,6167
-83,-2999,6125
-69,-2975,6241
-63,-2987,6212
-40,-2973,6197
-35,-2986,6184
-35,-2967,6220
-37,-2987,6223
-43,-2978,6302
-73,-2973,6244
-84,-2998,6234
-89,-3011,6264
-82,-3024,6224
-36,-3024,6218
-80,-3009,6279
-23,-3019,6266
-52,-2991,6330
-50,-3040,6216
-15,-3013,6241
-12,-2969,6293
5,-3001,6324
3,-3009,6249
38,-3007,6353
37,-3015,6326
75,-2989,6272
51,-3008,6321
46,-3023,6209
53,-3016,6334
56,-2999,6355
45,-2989,6384
77,-3018,6367
66,-3002,6266
115,-3027,6289
55,-3028,6290
93,-3048,6405
97,-3075,6240
89,-3095,6354
79,-3091,6408
68,-3089,6341
84,-3107,6376
80,-3125,6413
117,-3072,6398
138,-3127,6482
127,-3122,6365
140,-3133,6321
162,-3106,6408
193,-3128,6496
123,-3080,6505
159,-3110,6497
160,-3047,6461
176,-3087,6458
179,-3070,6537
149,-3078,6456
191,-3089,6261
169,-3072,6503
223,-3035,6474
206,-3080,6477
180,-3029,6541
152,-3045,6513
154,-3052,6464
169,-3080,6489
170,-3100,6422
113,-3078,6316
151,-3042,6425
80,-3085,6401
106,-3081,6395
89,-3042,6366
86,-3064,6374
73,-3011,6371
100,-3056,6360
89,-3012,6340
85,-3030,6367
55,-3030,6304
94,-3015,6355
85,-3033,6368
102,-3040,6379
64,-3003,6363
129,-3032,6343
92,-3028,6338
118,-3024,6450
122,-3015,6460
144,-3010,6488
114,-3010,6395
142,-3009,6484
129,-3035,6464
93,-2972,6389
90,-2988,6450
134,-3016,6544
128,-3041,6352
107,-3034,6478
84,-3026,6441
116,-3051,6434
99,-3080,6362
104,-3055,6447
106,-3048,6473
87,-3065,6467
162,-3060,6478
92,-3027,6478
127,-3058,6441
110,-3055,6395
145,-3037,6413
161,-3004,6405
123,-3065,6438
204,-3007,6358
171,-3010,6443
164,-3029,6406
181,-3028,6526
189,-3044,6553
181,-3036,6401
181,-3042,6417
188,-3054,6429
224,-3031,6429
188,-3019,6447
211,-3040,6446
181,-3036,6405
150,-3035,6399
192,-3055,6377
218,-3039,6451
163,-3002,6452
161,-3019,6379
180,-3026,6474
202,-3052,6499
202,-3044,6391
221,-3056,6443
212,-3018,6454
193,-3038,6411
241,-3030,6349
244,-3014,6415
209,-3024,6429
204,-3013,6393
212,-3008,6397
226,-3052,6468
233,-3021,6449
193,-2991,6430
211,-2997,6499
199,-2978,6402
212,-2994,6518
222,-3023,6476
237,-3033,6539
212,-3046,6529
197,-3049,6543
173,-3037,6565
149,-3069,6515
211,-3068,6449
170,-3011,6340
196,-3040,6547
181,-3069,6410
203,-3067,6424
213,-3110,6479
218,-3060,6451
194,-3035,6460
183,-3032,6403
197,-3071,6434
184,-3057,6334
210,-3052,6437
245,-3019,6474
216,-3057,6494
230,-3013,6458
199,-3003,6466
206,-3007,6432
212,-3029,6403
209,-2977,6414
181,-3009,6415
210,-2979,6441
187,-3006,6474
168,-3017,6485
194,-3033,6463
141,-3027,6463
164,-3052,6454
136,-3014,6437
149,-3056,6430
170,-3054,6416
185,-3065,6441
173,-3027,6504
209,-3035,6433
191,-3021,6512
192,-3059,6540
184,-3062,6451
224,-3048,6459
197,-3051,6381
188,-3020,6462
240,-3007,6459
227,-3015,6634
226,-3004,6567
275,-3012,6508
253,-3014,6579
248,-3039,6621
245,-3059,6582
246,-3040,6592
255,-3084,6625
282,-3081,6615
243,-3068,6589
259,-3051,6601
267,-3057,6628
258,-3027,6638
219,-3102,6555
252,-3098,6576
246,-3105,6491
204,-3071,6550
241,-3099,6433
234,-3089,6460
182,-3084,6477
215,-3030,6435
219,-3037,6422
234,-3095,6397
199,-3069,6340
231,-3038,6404
243,-3051,6466
244,-3070,6441
275,-3057,6444
257,-3033,6419
234,-3033,6462
249,-3068,6412
300,-3033,6460
228,-3019,6478
223,-3039,6544
220,-3037,6494
216,-3078,6390
202,-3084,6471
197,-3069,6500
214,-3084,6435
202,-3049,6412
194,-3049,6471
184,-3063,6450
193,-3129,6481
206,-3091,6376
206,-3050,6367
182,-3064,6409
206,-3094,6474
213,-3058,6476
180,-3055,6438
210,-3016,6422
204,-3048,6425
164,-3040,6473
161,-3060,6410
167,-3023,6355
190,-3063,6371
151,-3036,6326
164,-2996,6375
150,-3021,6423
115,-3010,6387
128,-3034,6360
108,-2999,6337
110,-3038,6418
128,-3019,6264
114,-3027,6394
114,-3071,6319
67,-3095,6405
82,-3060,6308
100,-3031,6335
68,-3079,6343
97,-3041,6358
98,-3016,6327
66,-3058,6271
85,-3054,6290
61,-3028,6251
20,-3009,6299
61,-3029,6328
70,-3010,6237
20,-3003,6270
51,-3001,6234
13,-3015,6371
-14,-3036,6317
-10,-3040,6359
-21,-3011,6373
15,-3006,6364
19,-3039,6364
28,-3030,6374
-24,-3047,6437
-5,-3038,6365
-16,-3049,6386
-2,-3075,6314
43,-3097,6396
-18,-3100,6355
17,-3117,6335
-35,-3072,6432
-45,-3079,6399
-25,-3038,6319
-24,-3072,6391
-35,-3069,6378
30,-3045,6408
18,-3043,6339
45,-3034,6401
28,-3055,6310
23,-3031,6319
49,-3069,6318
47,-3077,6299
55,-3053,6297
49,-3051,6410
51,-3044,6419
49,-3067,6503
44,-3027,6483
41,-3062,6488
33,-3066,6484
38,-3085,6562
68,-3092,6441
47,-3081,6501
70,-3120,6498
72,-3085,6522
85,-3105,6543
96,-3118,6496
83,-3087,6521
120,-3131,6549
96,-3136,6555
102,-3128,6490
100,-3115,6562
160,-3112,6550
117,-3122,6494
127,-3092,6391
132,-3120,6490
131,-3123,6434
134,-3114,6437
125,-3082,6446
133,-3108,6360
130,-3079,6495
109,-3113,6461
130,-3111,6394
138,-3102,6350
128,-3077,6442
151,-3131,6429
92,-3168,6436
86,-3171,6470
146,-3178,6493
138,-3188,6538
142,-3198,6591
158,-3234,6548
122,-3239,6478
115,-3248,6515
109,-3208,6542
91,-3238,6553
129,-3222,6596
134,-3233,6534
125,-3189,6501
163,-3169,6462
147,-3154,6546
144,-3182,6427
124,-3170,6547
127,-3135,6502
131,-3135,6559
135,-3105,6547
119,-3072,6498
125,-3093,6504
130,-3102,6461
116,-3084,6458
116,-3107,6355
127,-3093,6371
121,-3088,6387
99,-3074,6468
96,-3087,6449
51,-3057,6390
83,-3092,6364
62,-3112,6439
105,-3087,6325
88,-3081,6294
114,-3066,6382
79,-3088,6368
109,-3086,6347
101,-3138,6374
117,-3106,6311
125,-3085,6305
97,-3113,6267
105,-3078,6376
141,-3111,6189
140,-3072,6355
134,-3057,6344
140,-3038,6357
159,-3065,6334
156,-3027,6418
176,-3061,6337
135,-3049,6373
139,-3087,6365
152,-3057,6444
139,-3044,6454
144,-3037,6503
110,-3024,6422
108,-3017,6373
158,-3061,6385
148,-3059,6381
140,-3016,6288
130,-3047,6385
150,-3080,6354
133,-3064,6277
141,-3030,6278
145,-3060,6387
161,-3014,6323
111,-3043,6322
165,-3050,6294
140,-3043,6241
158,-3056,6319
154,-3056,6264
156,-3081,6183
155,-3056,6291
138,-3044,6304
130,-3075,6267
172,-3087,6335
166,-3051,6234
160,-3050,6357
164,-3059,6280
165,-3060,6355
155,-3055,6335
129,-3051,6344
160,-3057,6386
145,-3050,6401
137,-3100,6397
130,-3069,6275
131,-3098,6377
124,-3107,6309
127,-3103,6317
166,-3079,6286
131,-3042,6299
140,-3041,6253
104,-3018,6252
114,-3018,6300
135,-2998,6283
156,-3023,6239
166,-3049,6241
136,-3007,6247
150,-3023,6126
148,-3028,6295
175,-3020,6223
197,-3029,6172
184,-2991,6221
161,-3012,6209
153,-2988,6196
170,-3009,6165
165,-2992,6194
153,-3023,6036
119,-3030,6184
129,-3004,6164
130,-3026,6278
137,-3027,6205
142,-3029,6206
116,-3026,6135
111,-3022,6158
133,-3042,6153
157,-3001,6086
160,-3017,6160
194,-3006,6173
125,-3001,6136
143,-3001,6162
173,-3003,6176
143,-2965,6135
166,-3000,6159
185,-2984,6152
177,-2972,6016
181,-2999,6170
223,-3005,6211
175,-3018,6166
179,-2990,6268
170,-2983,6185
165,-2950,6223
162,-2996,6202
144,-3001,6191
176,-2950,6127
161,-2941,6279
152,-2951,6215
162,-2984,6259
201,-2961,6258
185,-2943,6307
149,-2974,6233
101,-2968,6351
171,-2957,6308
179,-2991,6281
167,-2971,6312
138,-2980,6200
145,-2934,6285
154,-2951,6223
147,-2948,6297
152,-2943,6231
154,-2956,6331
161,-2956,6252
176,-2920,6284
112,-2930,6261
146,-2959,6330
128,-2982,6313
164,-2934,6192
144,-2930,6345
189,-2961,6393
160,-2925,6333
138,-2918,6302
124,-2934,6328
176,-2953,6167
130,-2896,6410
164,-2957,6369
152,-2983,6386
175,-2938,6415
158,-2968,6375
162,-2923,6448
156,-2956,6351
150,-2903,6360
118,-2945,6347
160,-2946,6354
174,-2944,6413
170,-2956,6482
154,-2947,6479
151,-2936,6457
140,-2911,6400
141,-2920,6362
186,-2910,6488
131,-2913,6364
145,-2910,6452
162,-2931,6410
154,-2904,6479
138,-2887,6424
130,-2887,6376
126,-2900,6401
108,-2896,6403
82,-2846,6353
71,-2897,6274
72,-2886,6349
54,-2915,6348
-8,-2941,6343
13,-2915,6287
13,-2956,6240
30,-2920,6141
40,-2900,6182
29,-2935,6255
41,-2947,6194
30,-2909,6373
104,-2957,6317
46,-2959,6396
74,-2967,6402
77,-2913,6363
104,-2992,6464
101,-2989,6349
78,-2954,6386
75,-2969,6338
71,-2940,6478
88,-2953,6468
120,-2950,6486
76,-2945,6454
100,-2943,6460
107,-2948,6520
126,-2974,6614
129,-2931,6480
115,-2973,6382
118,-2941,6518
93,-2952,6441
115,-2948,6462
101,-2950,6450
118,-2952,6479
102,-2957,6431
116,-2970,6429
162,-2933,6409
112,-2991,6334
119,-2966,6462
99,-2969,6438
121,-2966,6469
110,-2968,6455
115,-2972,6408
87,-2961,6422
117,-2932,6329
110,-2942,6340
128,-2958,6400
107,-2936,6438
116,-2924,6362
88,-2926,6351
128,-2925,6456
125,-2945,6422
132,-2891,6488
55,-2881,6493
98,-2854,6452
93,-2862,6447
92,-2878,6418
52,-2878,6415
80,-2908,6367
66,-2901,6389
45,-2899,6407
47,-2913,6334
51,-2918,6300
50,-2919,6336
28,-2921,6336
39,-2903,6348
47,-2906,6285
91,-2930,6411
93,-2954,6427
81,-2940,6399
88,-2890,6348
84,-2915,6288
90,-2916,6324
91,-2919,6391
77,-2918,6380
77,-2888,6290
63,-2899,6363
55,-2916,6391
87,-2903,6396
149,-2897,6421
92,-2909,6299
53,-2925,6432
78,-2895,6438
110,-2881,6368
59,-2884,6396
79,-2937,6378
66,-2942,6384
63,-2899,6377
43,-2923,6369
25,-2959,6420
83,-2979,6393
37,-2981,6398
97,-2956,6362
106,-2978,6369
101,-2959,6460
107,-2944,6411
150,-2971,6380
136,-2950,6307
95,-2945,6332
150,-2961,6428
161,-2960,6387
146,-2950,6267
156,-2953,6432
153,-2930,6375
147,-2963,6366
145,-2935,6351
152,-2950,6373
111,-2953,6376
178,-2937,6392
149,-2951,6431
159,-2982,6349
169,-2967,6401
152,-2963,6373
139,-2992,6299
135,-3017,6399
153,-3019,6299
151,-3009,6330
149,-2988,6308
167,-3020,6287
166,-3037,6239
138,-2992,6262
145,-3028,6300
115,-2971,6260
163,-2980,6360
158,-2978,6328
130,-2973,6276
184,-2974,6322
155,-2985,6298
145,-2961,6260
143,-2963,6306
150,-2957,6288
94,-2950,6313
111,-2955,6335
134,-2940,6371
131,-2932,6344
106,-2923,6325
72,-2904,6286
112,-2914,6324
62,-2926,6241
78,-2895,6318
24,-2921,6274
19,-2957,6269
21,-2904,6238
-11,-2934,6252
40,-2915,6234
-1,-2944,6331
-7,-2888,6284
38,-2902,6277
51,-2911,6295
6,-2832,6272
-11,-2881,6233
-18,-2874,6269
11,-2903,6249
-23,-2853,6212
-43,-2864,6236
-14,-2867,6262
-38,-2865,6267
-42,-2853,6287
-26,-2889,6258
-20,-2866,6319
4,-2878,6302
-43,-2872,6242
-42,-2864,6329
