1015.679344783115,22.72247900009155
1015.742989888727,22.72494839906693
1015.690956504638,22.72481491804123
1015.71410700028,22.72321314573288
1015.573367131671,22.72428099393845
1015.701613054084,22.72488165855408
1015.65714923734,22.72634994983673
1015.700216786891,22.72314640522003
1015.689339575663,22.72554906368256
1015.716752637892,22.72661691188812
1015.68132897446,22.72374706983566
1015.701319177901,22.72327988624573
1015.608938856368,22.72061026573181
1015.645758594921,22.72154463291168
1015.724469519004,22.72094396829605
1015.648992284145,22.72154463291168
1015.664205567138,22.71927545547485
1015.696689200194,22.72154463291168
1015.648036997292,22.72074374675751
1015.592255547447,22.72221203804016
1015.456956614282,22.71914197444916
1015.404925449168,22.71680605649948
1015.224654496184,22.71166703701019
1015.24016109755,22.71173377752304
1015.451447064236,22.71480384111404
1015.658914541963,22.71393621444702
1015.706537228318,22.71573820829391
1015.674715249567,22.71413643598557
1015.643407924371,22.71240118265152
1015.694190390374,22.71013200521469
1015.722337779725,22.71300184726715
1015.730789002129,22.71059918880463
1015.715796935549,22.71186725854874
1015.696762702816,22.71240118265152
1015.662589201815,22.71193399906159
1015.728069997686,22.71193399906159
1015.62944474089,22.71046570777893
1015.670452780356,22.71146681547165
1015.665822803531,22.71266814470291
1015.651271444503,22.71340229034424
1015.634368334468,22.71380273342133
1015.671922558396,22.71433665752411
1015.713445447135,22.71520428419113
1015.613496322259,22.71607191085816
1015.617391152007,22.71747346162796
1015.62768002596,22.71774042367935
1015.652006016419,22.71740672111511
1015.628120694891,22.71940893650055
1015.615481105665,22.7129351067543
1015.653181753887,22.71867479085922
1015.680226949917,22.719208714962
1015.576455716841,22.71834108829498
1015.604530227029,22.7164056134224
1015.590272187514,22.71874153137207
1015.600487498987,22.7193421959877
1015.578366884438,22.71700627803802
1015.563079929181,22.71887501239777
1015.616876944425,22.716138651371
1015.620844928974,22.71940893650055
1015.593872994851,22.72000960111618
1015.560433619621,22.72061026573181
1015.594460051441,22.72321314573288
1015.614524233457,22.72094396829605
1015.586450453538,22.719208714962
1015.59137415384,22.72034330368042
1015.558081710464,22.7210107088089
1015.57189823678,22.72141115188599
1015.576454368762,22.72274596214295
1015.581231775928,22.72161137342453
1015.581378043057,22.72388055086136
1015.566239282332,22.72141115188599
1015.500096330092,22.72000960111618
1015.527213792158,22.72314640522003
1015.53375451506,22.72354684829712
1015.478048385354,22.72027656316757
1015.463128417674,22.72194507598877
1015.464008811473,22.72454795598984
1015.476944479805,22.72307966470719
1015.476429953261,22.72321314573288
1015.505532901717,22.72394729137421
1015.461437021486,22.72374706983566
1015.481133555243,22.72314640522003
1015.514205337788,22.72348010778427
1015.438726895909,22.72481491804123
1015.54161848685,22.72307966470719
1015.453132114301,22.72401403188706
1015.545439422679,22.72481491804123
1015.468785688113,22.72488165855408
1015.443577936994,22.7240807723999
1015.482897751259,22.72247900009155
1015.473268674435,22.72508188009262
1015.452324585168,22.7225457406044
1015.471282460643,22.72821868419647
1015.478191655681,22.72695061445236
1015.432699298404,22.72648343086243
1015.412856664879,22.72554906368256
1015.458938048142,22.7240807723999
1015.429467078429,22.72428099393845
1015.449749587973,22.72688387393951
1015.450339698494,22.72348010778427
1015.48142664275,22.72474817752838
1015.41351868133,22.72474817752838
1015.45548458877,22.72287944316864
1015.385224826575,22.72327988624573
1015.45680754524,22.72274596214295
1015.392353169235,22.72394729137421
1015.419912379115,22.72508188009262
1015.419764921264,22.7257492852211
1015.39051835371,22.72054352521896
1015.439754518939,22.72675039291382
1015.415723295935,22.72501513957977
1015.426748408119,22.72341336727142
1015.43475846988,22.72448121547699
1015.431303603072,22.72548232316971
1015.41234264244,22.72494839906693
1015.388457409853,22.72474817752838
1015.390515073614,22.72494839906693
1015.406902140509,22.72761801958084
1015.394704706017,22.72428099393845
1015.381841301406,22.72688387393951
1015.4497505357,22.72541558265686
1015.417120002016,22.72454795598984
1015.432700787491,22.72428099393845
1015.332307562298,22.72568254470825
1015.362218847902,22.72641669034958
1015.404845016657,22.72668365240097
1015.407785948361,22.72508188009262
1015.427037644775,22.73015415906906
1015.42505528612,22.7274177980423
1015.408812326943,22.72848564624787
1015.373830749452,22.72655017137528
1015.333848612268,22.72821868419647
1015.414766335718,22.72715083599091
1015.382871592771,22.72514862060547
1015.423217746617,22.72768476009369
1015.46077137731,22.73042112112045
1015.421379126329,22.72942001342774
1015.426450423037,22.72915305137634
1015.427699679007,22.72935327291489
1015.320695010038,22.72628320932388
1015.392936911288,22.72935327291489
1015.346342117762,22.72875260829926
1015.376695635585,22.72821868419647
1015.371768732966,22.73148896932602
1015.406753514779,22.72975371599198
1015.437913899171,22.73142222881317
1015.445484262243,22.73082156419754
1015.376546224876,22.73108852624893
1015.401240807363,22.73055460214615
1015.418143707303,22.73162245035172
1015.464151591658,22.73122200727463
1015.411970056359,22.73175593137741
1015.401605454413,22.73402510881424
1015.46047447519,22.73469251394272
1015.395209792762,22.73589384317398
1015.409250861018,22.73162245035172
1015.429828949557,22.7321563744545
1015.416012827792,22.73102178573608
1015.445776043006,22.73389162778855
1015.391904738796,22.73329096317291
1015.460770393295,22.73188941240311
1015.450554026802,22.73275703907013
1015.414981969543,22.73349118471146
1015.354789455533,22.73369140625
1015.439677720634,22.73148896932602
1015.462092387765,22.73322422266007
1015.446144195628,22.73295726060867
1015.418141402512,22.73455903291702
1015.363240206649,22.73495947599411
1015.475687010495,22.73609406471253
1015.39682794194,22.73442555189133
1015.41483325672,22.73562688112259
1015.410130110578,22.73495947599411
1015.38793440152,22.73515969753266
1015.373234086032,22.73656124830246
1015.408292511198,22.7352264380455
1015.424902845223,22.73469251394272
1015.409099734538,22.73669472932816
1015.425343078498,22.73562688112259
1015.362358635849,22.73455903291702
1015.400502527003,22.73462577342987
1015.44650855534,22.73716191291809
1015.470027354532,22.73682821035385
1015.38300927479,22.73622754573822
1015.474657382299,22.73709517240524
1015.441584097829,22.73749561548233
1015.444451392539,22.73622754573822
1015.441510912199,22.73709517240524
1015.438277110238,22.73709517240524
1015.46921678505,22.73976479291916
1015.440776214827,22.736761469841
1015.458046459617,22.73836324214935
1015.420488751442,22.74003175497055
1015.443494879452,22.73762909650803
1015.400204217187,22.73963131189346
1015.432761920215,22.74083264112473
1015.405421957128,22.74016523599625
1015.396013007326,22.7417670083046
1015.509783559119,22.74423640727997
1015.425926612374,22.74103286266327
