3780,1321,-474
3780,1317,-471
3780,1315,-466
3776,1314,-466
3774,1313,-461
3771,1313,-461
3766,1314,-462
3766,1313,-458
3764,1310,-455
3764,1309,-456
3763,1307,-456
3765,1311,-458
3769,1311,-457
3776,1307,-453
3779,1309,-453
3780,1308,-454
3786,1307,-452
3792,1305,-452
3792,1304,-450
3795,1304,-451
3795,1302,-451
3791,1303,-454
3789,1304,-456
3790,1304,-455
3789,1303,-458
3789,1303,-458
3791,1305,-457
3793,1308,-458
3791,1307,-462
3798,1306,-461
3799,1305,-459
3800,1303,-453
3798,1301,-451
3800,1296,-449
3796,1297,-448
3792,1298,-444
3789,1294,-438
3782,1291,-431
3777,1287,-428
3778,1287,-423
3777,1288,-422
3779,1284,-419
3779,1280,-418
3785,1283,-419
3789,1280,-421
3796,1284,-429
3803,1285,-433
3807,1286,-438
3809,1288,-447
3805,1288,-450
3803,1287,-445
3794,1284,-441
3789,1280,-431
3789,1277,-426
3788,1274,-422
3787,1271,-421
3785,1268,-417
3785,1275,-425
3787,1282,-437
3795,1288,-449
3797,1296,-458
3794,1304,-466
3796,1307,-470
3794,1312,-473
3792,1317,-475
3790,1318,-478
3791,1321,-471
3791,1317,-466
3786,1320,-460
3782,1317,-462
3778,1316,-465
3781,1314,-467
3780,1312,-469
3777,1310,-473
3775,1314,-476
3775,1317,-480
3778,1315,-483
3777,1318,-482
3784,1321,-484
3783,1320,-476
3786,1320,-477
3788,1321,-477
3795,1326,-476
3801,1326,-477
3807,1324,-479
3809,1326,-482
3810,1330,-483
3806,1328,-485
3809,1328,-486
3800,1321,-489
3800,1323,-489
3796,1320,-485
3790,1317,-480
3787,1312,-475
3785,1312,-472
3787,1312,-470
3786,1310,-469
3790,1305,-462
3790,1300,-460
3795,1294,-462
3799,1293,-462
3804,1294,-460
3809,1292,-460
3813,1287,-463
3813,1283,-467
3814,1284,-467
3813,1281,-470
3811,1273,-471
3808,1271,-471
3799,1264,-465
3798,1259,-464
3798,1254,-465
3793,1255,-463
3794,1255,-468
3791,1254,-467
3790,1254,-466
3790,1253,-471
3796,1259,-475
3791,1257,-476
3788,1259,-477
3787,1263,-481
3781,1265,-483
3781,1270,-485
3780,1273,-487
3774,1275,-490
3779,1281,-494
3781,1286,-493
3784,1289,-495
3785,1294,-497
3785,1292,-496
3784,1298,-494
3783,1297,-494
3779,1298,-491
3774,1299,-490
3771,1299,-490
3770,1295,-491
3769,1295,-492
3772,1299,-494
3770,1297,-494
3766,1302,-493
3765,1300,-493
3767,1299,-489
3763,1303,-493
3769,1299,-490
3775,1296,-487
3774,1296,-490
3770,1292,-489
3774,1291,-489
3776,1292,-492
3775,1293,-488
3776,1288,-488
3770,1291,-487
3769,1290,-484
3767,1287,-482
3768,1288,-477
3770,1287,-477
3773,1285,-475
3778,1286,-473
3783,1285,-473
3785,1287,-477
3787,1287,-485
3788,1289,-493
3789,1292,-497
3790,1295,-495
3789,1292,-496
3789,1289,-496
3781,1286,-490
3782,1288,-483
3781,1285,-476
3786,1284,-471
3785,1281,-469
3789,1282,-473
3788,1283,-476
3789,1288,-484
3791,1291,-490
3795,1292,-498
3790,1291,-500
3787,1296,-502
3784,1297,-503
3783,1300,-506
3782,1298,-506
3782,1295,-501
3782,1293,-501
3777,1292,-496
3774,1289,-496
3775,1286,-502
3777,1288,-499
3773,1288,-502
3774,1285,-502
3770,1283,-505
3766,1283,-506
3767,1279,-503
3765,1281,-505
3764,1284,-506
3768,1286,-504
3766,1288,-501
3775,1288,-498
3779,1291,-494
3778,1290,-493
3783,1293,-494
3786,1291,-499
3787,1293,-496
3788,1292,-498
3786,1297,-496
3787,1298,-498
3786,1297,-497
3787,1295,-495
3790,1294,-492
3792,1298,-490
3787,1298,-487
3785,1302,-484
3783,1301,-482
3786,1298,-474
3788,1299,-470
3788,1299,-469
3791,1298,-472
3789,1302,-473
3789,1302,-478
3795,1302,-481
3796,1303,-486
3800,1301,-488
3796,1300,-488
3797,1300,-488
3798,1298,-487
3800,1298,-483
3802,1294,-482
3802,1291,-481
3798,1292,-482
3796,1288,-482
3796,1286,-480
3794,1280,-481
3792,1274,-478
3787,1273,-480
3784,1273,-481
3782,1276,-484
3783,1277,-487
3786,1277,-486
3786,1281,-490
3788,1278,-491
3790,1278,-491
3788,1277,-488
3791,1275,-490
3789,1271,-490
3791,1273,-489
3792,1272,-490
3794,1271,-487
3792,1269,-484
3793,1272,-478
3791,1276,-478
3788,1279,-480
3790,1277,-480
3793,1274,-484
3794,1274,-483
3799,1273,-483
3795,1277,-480
3799,1281,-482
3801,1283,-475
3802,1279,-475
3800,1280,-475
3799,1279,-478
3793,1275,-480
3796,1274,-479
3797,1273,-477
3793,1276,-480
3791,1275,-480
3793,1274,-477
3789,1273,-478
3789,1275,-478
3793,1267,-474
3795,1266,-474
3795,1267,-476
3795,1263,-477
3800,1261,-480
3801,1262,-486
3806,1269,-493
3806,1276,-498
3811,1279,-505
3806,1280,-507
3807,1277,-504
3809,1279,-502
3810,1275,-497
3808,1270,-488
3807,1271,-486
3806,1272,-487
3805,1271,-493
3807,1279,-497
3808,1284,-504
3811,1288,-512
3808,1297,-520
3805,1307,-525
3804,1309,-529
3800,1312,-531
3794,1319,-529
3784,1318,-527
3777,1318,-530
3772,1319,-529
3771,1324,-526
3769,1325,-525
3770,1322,-524
3769,1322,-522
3763,1322,-520
3760,1322,-517
3757,1320,-519
3754,1320,-516
3757,1321,-516
3755,1320,-512
3755,1319,-511
3755,1317,-513
3762,1313,-508
3763,1314,-505
3766,1315,-509
3770,1315,-506
3775,1318,-509
3781,1314,-510
3787,1312,-512
3789,1310,-516
3793,1312,-518
3795,1314,-518
3796,1316,-517
3793,1316,-519
3795,1316,-519
3793,1317,-515
3793,1313,-509
3794,1309,-503
3790,1310,-497
3788,1308,-494
3789,1308,-494
3791,1310,-489
3791,1309,-487
3793,1308,-486
3793,1307,-490
3793,1306,-497
3799,1304,-501
3795,1304,-507
3796,1301,-510
3793,1299,-514
3790,1296,-517
3785,1295,-518
3780,1297,-520
3783,1293,-525
3782,1288,-524
3781,1284,-527
3782,1283,-526
3778,1284,-527
3781,1283,-525
3781,1282,-529
3776,1278,-524
3772,1282,-528
3774,1280,-526
3769,1283,-525
3765,1288,-522
3761,1288,-517
3760,1294,-516
3763,1291,-514
3764,1294,-507
3767,1295,-509
3764,1300,-511
3768,1304,-512
3772,1308,-515
3780,1312,-512
3783,1311,-506
3786,1312,-510
3787,1312,-513
3788,1314,-508
3786,1312,-510
3789,1310,-505
3785,1308,-501
3784,1307,-499
3780,1304,-496
3772,1309,-489
3770,1306,-491
3766,1303,-492
3763,1298,-490
3762,1298,-491
3765,1301,-499
3770,1304,-501
3768,1308,-506
3769,1304,-508
3772,1306,-511
3773,1306,-504
3773,1308,-505
3770,1308,-507
3772,1308,-511
3770,1305,-513
3771,1302,-515
3770,1299,-518
3772,1302,-520
3770,1300,-523
3769,1300,-528
3775,1299,-531
3778,1298,-530
3775,1295,-528
3778,1293,-526
3776,1301,-521
3776,1300,-518
3781,1303,-518
3787,1305,-519
3795,1304,-521
3796,1311,-527
3799,1317,-535
3798,1318,-545
3795,1323,-552
3794,1328,-557
3788,1326,-555
3783,1326,-555
3776,1327,-550
3771,1324,-543
3768,1325,-541
3765,1325,-540
3768,1320,-534
3768,1312,-529
3774,1308,-525
3778,1303,-525
3776,1301,-523
3777,1301,-522
3776,1300,-523
3777,1297,-524
3772,1292,-525
3772,1290,-523
3766,1291,-517
3762,1292,-518
3762,1291,-515
3765,1288,-522
3768,1287,-525
3776,1289,-525
3780,1289,-523
3783,1289,-527
3783,1291,-528
3785,1286,-535
3786,1287,-534
3786,1287,-529
3785,1288,-528
3782,1291,-525
3781,1292,-524
3779,1290,-521
3771,1293,-512
3766,1292,-508
3763,1289,-499
3763,1289,-498
3768,1288,-499
3764,1293,-502
3768,1295,-504
3768,1294,-509
3775,1295,-514
3777,1296,-521
3780,1297,-530
3781,1296,-536
3782,1300,-539
3785,1301,-539
3786,1301,-536
3790,1300,-531
3795,1300,-531
3791,1297,-528
3788,1291,-528
3786,1287,-526
3784,1285,-522
3781,1283,-527
3778,1285,-527
3779,1282,-526
3778,1281,-527
3776,1280,-525
3772,1287,-528
3771,1291,-527
3773,1296,-523
3775,1295,-525
3777,1295,-527
3774,1295,-526
3773,1293,-527
3770,1295,-523
3772,1298,-526
3771,1296,-527
3772,1295,-529
3770,1297,-529
3769,1296,-529
3771,1297,-531
3774,1289,-532
3773,1296,-530
3775,1292,-534
3782,1296,-534
3781,1292,-531
3784,1292,-526
3785,1289,-527
3784,1290,-524
3781,1289,-523
3781,1286,-522
3780,1285,-521
3779,1284,-518
3779,1286,-517
3778,1286,-515
3777,1287,-517
3772,1288,-516
3774,1283,-515
3770,1283,-511
3772,1285,-510
3774,1283,-517
3778,1286,-520
3778,1283,-516
3775,1281,-517
3776,1280,-520
3778,1279,-515
3780,1277,-515
3783,1276,-517
3782,1273,-517
3781,1273,-513
3786,1273,-505
3785,1272,-504
3784,1271,-504
3783,1268,-497
3786,1267,-497
3787,1269,-506
3786,1270,-514
3786,1274,-521
3786,1278,-528
3780,1280,-534
3777,1283,-535
3771,1287,-538
3767,1289,-539
3765,1288,-533
3761,1288,-527
3759,1290,-525
3753,1287,-520
3757,1289,-514
3759,1289,-511
3763,1290,-512
3768,1289,-513
3766,1293,-517
3765,1293,-515
3763,1293,-515
3759,1293,-516
3755,1290,-518
3756,1288,-517
3754,1289,-519
3751,1291,-520
3752,1291,-518
3754,1291,-518
3759,1292,-522
3760,1292,-523
3762,1290,-524
3762,1290,-522
3770,1290,-522
3772,1288,-521
3771,1291,-518
3772,1295,-517
3773,1296,-517
3772,1301,-513
3776,1299,-508
3779,1304,-509
3779,1306,-503
3782,1309,-499
3785,1315,-496
3786,1317,-494
3790,1321,-498
3795,1325,-499
3794,1327,-500
3795,1331,-504
3789,1328,-508
3786,1325,-508
3786,1324,-509
3784,1320,-511
3783,1319,-508
3782,1319,-505
3781,1316,-508
3781,1316,-501
3783,1311,-501
3785,1306,-504
3783,1306,-501
3783,1304,-508
3782,1301,-508
3780,1297,-510
3782,1301,-507
3776,1306,-506
3772,1306,-505
3770,1308,-503
3770,1307,-501
3771,1308,-500
3770,1309,-493
3771,1310,-490
3772,1310,-489
3776,1310,-488
3776,1312,-487
3778,1313,-482
3776,1311,-477
3775,1308,-475
3772,1310,-475
3773,1311,-472
3772,1311,-474
3770,1313,-471
3768,1311,-468
3767,1313,-466
3769,1312,-465
3768,1313,-464
3773,1313,-465
3771,1314,-466
3776,1312,-469
3779,1310,-463
3785,1309,-466
3788,1307,-469
3788,1310,-470
3789,1306,-468
3791,1305,-466
3790,1300,-465
3788,1297,-458
3790,1295,-460
3790,1291,-463
3793,1290,-464
3794,1293,-466
3796,1298,-473
3799,1299,-479
3804,1297,-484
3807,1296,-491
3808,1293,-491
3804,1292,-489
3800,1292,-490
3801,1289,-491
3797,1287,-490
3795,1287,-489
3794,1281,-481
3796,1280,-482
3800,1277,-483
3802,1277,-490
3806,1279,-501
3810,1284,-516
3812,1286,-524
3809,1285,-536
3809,1291,-542
3804,1289,-543
3800,1287,-540
3795,1284,-535
3793,1283,-530
3787,1283,-525
3788,1280,-520
3787,1281,-514
3787,1275,-512
3792,1271,-511
3792,1270,-504
3793,1271,-502
3791,1272,-496
3790,1275,-492
3786,1277,-489
3783,1280,-484
3778,1285,-480
3782,1289,-482
3786,1293,-483
3790,1299,-482
3794,1306,-480
3798,1312,-479
3800,1312,-480
3807,1315,-482
3806,1313,-480
3798,1314,-482
3792,1314,-480
3788,1317,-480
3781,1315,-475
3777,1315,-468
3775,1309,-464
3772,1305,-459
3768,1306,-454
3767,1306,-450
3769,1304,-448
3771,1301,-444
3777,1303,-444
3787,1305,-442
3792,1303,-448
3794,1304,-452
3793,1307,-457
3793,1309,-464
3788,1310,-464
3787,1308,-469
3780,1306,-472
3777,1303,-474
3781,1303,-475
3782,1304,-477
3782,1304,-477
3785,1300,-478
3789,1301,-479
3793,1302,-480
3792,1303,-484
3791,1301,-486
3791,1301,-490
3789,1301,-491
3787,1299,-494
3785,1298,-494
3783,1299,-494
3776,1300,-496
3775,1302,-497
3768,1306,-497
3767,1303,-499
3767,1309,-498
3765,1310,-498
3770,1314,-499
3771,1314,-502
3771,1320,-506
3774,1323,-506
3778,1325,-511
3780,1326,-509
3781,1330,-505
3783,1326,-496
3778,1327,-490
3774,1325,-492
3769,1325,-491
3769,1324,-489
3774,1323,-492
3778,1325,-496
3779,1327,-495
3779,1331,-496
3781,1333,-499
3782,1332,-495
3782,1328,-495
3779,1328,-492
3777,1325,-492
3776,1319,-487
3770,1318,-483
3770,1321,-482
3766,1321,-478
3765,1318,-481
3766,1318,-488
3766,1322,-493
3769,1327,-495
3776,1327,-495
3783,1326,-492
3785,1327,-491
3788,1326,-493
3788,1329,-488
3788,1323,-481
3785,1316,-477
3784,1318,-472
3780,1322,-468
3781,1318,-471
3782,1317,-476
3781,1318,-485
3786,1325,-493
3789,1326,-502
3792,1331,-510
3790,1334,-516
3791,1340,-519
3787,1339,-519
3785,1336,-519
3786,1328,-511
3782,1327,-505
3779,1322,-500
3777,1318,-496
3778,1314,-496
3779,1312,-495
3778,1309,-494
3778,1311,-500
3777,1311,-502
3779,1310,-507
3779,1313,-510
3776,1316,-511
3776,1314,-511
3776,1313,-510
3777,1314,-511
3778,1315,-511
3782,1319,-507
3780,1322,-505
3783,1322,-505
3780,1323,-510
3776,1325,-509
3773,1329,-508
3768,1328,-511
3765,1328,-513
3763,1333,-514
3763,1339,-512
3760,1339,-511
3759,1342,-505
3758,1346,-506
3760,1349,-497
3761,1348,-496
3760,1351,-490
3768,1352,-490
3772,1353,-491
3774,1353,-490
3777,1358,-497
3777,1356,-501
3781,1356,-507
3776,1362,-510
3777,1362,-517
3778,1360,-516
3775,1361,-517
3774,1362,-514
3773,1361,-514
3772,1359,-514
3770,1357,-515
3771,1358,-518
3773,1360,-517
3767,1363,-522
3762,1363,-523
3758,1360,-523
3758,1362,-521
3755,1366,-521
3752,1362,-521
3750,1361,-524
3744,1359,-520
3748,1360,-525
3749,1366,-525
3749,1362,-526
3751,1362,-523
3750,1366,-520
3750,1368,-522
3748,1368,-520
3748,1369,-521
3754,1368,-518
3754,1365,-519
3757,1366,-515
3758,1366,-515
3760,1365,-511
3760,1363,-508
3760,1366,-504
3757,1363,-500
3758,1359,-498
3757,1358,-495
3759,1358,-493
3758,1359,-492
3757,1357,-491
3758,1355,-489
3760,1352,-489
3759,1356,-490
3759,1353,-487
3758,1350,-481
3759,1348,-478
3756,1343,-475
3755,1345,-472
3755,1347,-473
3757,1346,-478
3760,1347,-482
3767,1347,-486
3771,1349,-490
3777,1350,-493
3781,1347,-493
3780,1349,-487
3779,1344,-490
3780,1343,-485
3773,1343,-482
3768,1340,-476
3766,1331,-476
3766,1332,-474
3768,1332,-475
3769,1334,-477
3768,1340,-487
3771,1348,-495
3771,1352,-504
3773,1354,-514
3772,1361,-518
3770,1365,-520
3766,1364,-519
3762,1362,-514
3760,1359,-506
3756,1357,-499
3751,1353,-496
3752,1352,-492
3748,1347,-492
3748,1345,-491
3754,1345,-493
3754,1344,-497
3754,1342,-497
3754,1342,-497
3753,1342,-494
3755,1337,-491
3757,1335,-485
3759,1335,-479
3763,1334,-477
3769,1339,-474
3775,1337,-473
3779,1335,-476
3782,1336,-475
3780,1338,-479
3781,1337,-479
3779,1338,-480
3778,1339,-484
3773,1337,-484
3770,1337,-484
3769,1338,-479
3769,1341,-480
3769,1340,-477
3772,1339,-479
3773,1342,-476
3776,1345,-471
3779,1349,-470
3784,1346,-471
3783,1348,-474
3788,1346,-478
3791,1348,-483
3793,1348,-488
3791,1344,-491
3788,1342,-491
3786,1341,-491
3785,1337,-492
3782,1336,-491
3778,1336,-488
3772,1334,-487
3771,1331,-485
3771,1327,-483
3771,1326,-483
3771,1320,-486
3772,1320,-485
3778,1323,-488
3773,1319,-491
3775,1322,-491
3771,1322,-491
3766,1326,-490
3766,1327,-489
3765,1324,-491
3766,1324,-488
3763,1322,-486
3760,1324,-484
3765,1325,-481
3764,1325,-482
3761,1323,-479
3763,1325,-477
3764,1329,-474
3760,1330,-472
3760,1331,-473
3763,1331,-476
3763,1333,-474
3768,1331,-474
3770,1332,-474
3772,1334,-476
3772,1333,-478
3774,1331,-478
3778,1335,-478
3777,1333,-480
3773,1333,-483
3774,1334,-486
3770,1329,-487
3766,1330,-486
3768,1331,-490
3765,1330,-484
3762,1331,-484
3754,1328,-483
3754,1327,-482
3756,1328,-485
3756,1327,-484
3761,1330,-486
3765,1334,-489
3771,1338,-496
3773,1342,-501
3776,1346,-503
3780,1349,-505
3780,1349,-505
3780,1346,-504
3776,1347,-500
3775,1347,-495
3770,1345,-488
3766,1344,-481
3763,1341,-478
3766,1337,-482
3769,1339,-489
3774,1345,-494
3776,1350,-502
3779,1355,-510
3778,1362,-516
3779,1366,-520
3776,1367,-518
3771,1366,-515
3768,1359,-508
3764,1359,-502
3762,1354,-496
3759,1351,-489
3756,1344,-483
3757,1342,-480
3760,1342,-483
3755,1337,-482
3755,1333,-477
3754,1330,-478
3756,1334,-481
3759,1335,-479
3760,1333,-477
3767,1335,-473
3777,1332,-471
3781,1335,-473
3780,1336,-474
3786,1338,-472
3790,1340,-470
3792,1336,-472
3798,1336,-473
3796,1333,-471
3793,1331,-471
3789,1331,-473
3780,1330,-470
3781,1330,-469
3778,1326,-469
3770,1329,-467
3766,1329,-471
3765,1326,-469
3760,1329,-468
3760,1331,-465
3759,1333,-460
3759,1336,-461
3761,1342,-465
3764,1343,-469
3765,1344,-472
3770,1344,-475
3768,1340,-473
3767,1338,-474
3768,1338,-478
3764,1338,-480
3764,1336,-478
3767,1335,-481
3767,1332,-485
3769,1333,-479
3767,1338,-474
3768,1339,-476
3772,1338,-476
3770,1340,-478
3770,1339,-478
3769,1338,-480
3765,1338,-482
3767,1344,-481
3765,1344,-477
3763,1346,-478
3763,1347,-482
3764,1350,-483
3766,1353,-483
3769,1350,-483
3773,1353,-485
3772,1350,-483
3771,1348,-484
3775,1346,-489
3780,1348,-487
3785,1352,-482
3785,1350,-487
3785,1350,-487
3782,1349,-483
3778,1349,-479
3774,1346,-479
3771,1346,-482
3767,1348,-481
3763,1346,-480
3761,1346,-477
3761,1345,-474
3763,1342,-476
3764,1344,-477
3768,1343,-484
3769,1344,-485
3770,1344,-489
3770,1344,-492
3765,1340,-487
3763,1337,-484
3762,1336,-482
3759,1335,-479
3760,1331,-475
3762,1331,-474
3763,1332,-474
3764,1336,-479
3766,1340,-484
3771,1340,-489
3777,1343,-493
3784,1343,-496
3786,1342,-492
3789,1345,-487
3791,1340,-484
3792,1338,-478
3791,1336,-472
3788,1336,-468
3788,1335,-465
3789,1334,-462
3789,1335,-458
3793,1335,-463
3797,1338,-472
3800,1346,-478
3806,1351,-485
3806,1356,-486
3807,1354,-488
3803,1355,-490
3797,1355,-487
3793,1346,-481
3787,1342,-478
3777,1333,-473
3770,1329,-468
3767,1328,-465
3763,1326,-466
3765,1323,-464
3762,1321,-468
3768,1316,-469
3772,1315,-468
3779,1313,-471
3783,1313,-470
3786,1313,-469
3787,1313,-470
3785,1313,-463
3782,1313,-466
3783,1319,-467
3787,1320,-468
3787,1322,-471
3786,1327,-477
3788,1328,-482
3789,1332,-482
3786,1336,-482
3782,1340,-484
3781,1338,-490
3781,1343,-494
3779,1345,-498
3779,1346,-497
3776,1349,-495
3772,1350,-494
3774,1350,-491
3768,1348,-489
3770,1348,-484
3774,1352,-483
3779,1347,-481
3781,1348,-485
3786,1349,-487
3785,1348,-489
3787,1347,-493
3785,1345,-498
3780,1343,-499
3781,1342,-496
3772,1339,-497
3766,1338,-492
3766,1341,-491
3764,1340,-486
3768,1339,-483
3768,1340,-483
3766,1340,-482
3771,1343,-480
3774,1341,-480
3776,1336,-480
3782,1333,-477
3780,1331,-478
3778,1332,-474
3772,1336,-476
3765,1333,-477
3766,1337,-479
3764,1339,-476
3763,1336,-472
3763,1335,-472
3762,1336,-472
3764,1338,-474
3770,1334,-471
3773,1333,-472
3774,1332,-474
3779,1333,-474
3780,1331,-470
3775,1332,-472
3770,1326,-473
3770,1332,-472
3771,1330,-477
3766,1328,-474
3767,1332,-476
3770,1333,-477
3768,1330,-474
3769,1329,-474
3771,1328,-477
3770,1332,-480
3769,1333,-483
3772,1332,-487
3776,1336,-490
3777,1336,-491
3777,1338,-490
3776,1340,-493
3774,1340,-501
3778,1341,-500
3776,1340,-499
3772,1339,-494
3769,1338,-500
3771,1333,-503
3767,1336,-505
3768,1337,-511
3767,1339,-514
3767,1341,-514
3770,1343,-518
3770,1347,-522
3771,1347,-523
3773,1348,-521
3774,1350,-516
3772,1344,-507
3768,1339,-506
3770,1335,-504
3772,1338,-500
3776,1339,-499
3779,1341,-505
3786,1344,-511
3790,1346,-515
3795,1349,-519
3798,1357,-524
3796,1357,-529
3792,1357,-530
3788,1358,-526
3787,1358,-521
3783,1355,-523
3779,1353,-520
3780,1348,-519
3780,1348,-517
3776,1350,-512
3774,1349,-513
3775,1346,-511
3775,1341,-508
3769,1338,-507
3766,1335,-508
3769,1332,-504
3766,1323,-496
3761,1322,-495
3758,1320,-496
3758,1319,-493
3759,1319,-504
3761,1319,-509
3763,1322,-507
3765,1321,-511
3767,1318,-515
3763,1318,-521
3764,1317,-519
3763,1318,-518
3763,1312,-515
3759,1310,-510
3755,1306,-512
3752,1305,-519
3746,1308,-512
3743,1309,-508
3740,1308,-498
3739,1309,-494
3738,1308,-492
3745,1309,-490
3751,1311,-491
3755,1316,-493
3764,1317,-497
3767,1316,-499
3769,1312,-504
3772,1311,-501
3769,1311,-503
3766,1308,-504
3763,1306,-503
3758,1308,-496
3756,1310,-496
3760,1310,-501
3766,1311,-506
3771,1309,-504
3776,1307,-503
3780,1308,-505
3784,1309,-509
3788,1310,-512
3792,1317,-515
3790,1318,-517
3787,1320,-519
3784,1327,-520
3780,1332,-523
3778,1332,-521
3775,1332,-521
3773,1335,-522
3771,1340,-519
3774,1343,-522
3777,1345,-527
3775,1345,-527
3777,1347,-528
3777,1347,-527
3779,1349,-528
3777,1347,-531
3783,1346,-531
3783,1345,-532
3775,1345,-536
3774,1343,-536
3767,1341,-535
3764,1339,-534
3764,1337,-529
3761,1332,-531
3759,1332,-532
3761,1328,-531
3766,1324,-534
3764,1326,-532
3765,1321,-528
3767,1320,-525
3769,1317,-524
3765,1315,-526
3763,1313,-523
3764,1308,-517
3760,1307,-510
3759,1304,-508
3756,1301,-500
3754,1303,-500
3753,1304,-497
3753,1307,-502
3755,1312,-508
3755,1315,-510
3763,1314,-510
3768,1315,-509
3774,1318,-500
3773,1318,-497
3776,1315,-492
3775,1315,-484
3771,1315,-480
3768,1313,-472
3766,1314,-465
3769,1313,-467
3768,1317,-471
3771,1324,-480
3770,1330,-491
3778,1337,-501
3775,1343,-513
3776,1347,-513
3768,1351,-517
3762,1347,-518
3758,1342,-520
3752,1339,-517
3749,1336,-518
3748,1331,-511
3747,1330,-513
3750,1327,-514
3752,1327,-510
3748,1328,-514
3749,1323,-517
3751,1325,-523
3749,1324,-529
3748,1321,-531
3750,1321,-533
3751,1320,-535
3758,1315,-533
3758,1315,-533
3761,1317,-537
3767,1324,-537
3774,1326,-539
3770,1322,-536
3771,1321,-535
3772,1321,-533
3775,1321,-532
3772,1325,-533
3767,1324,-537
3766,1329,-536
3765,1330,-533
3762,1335,-533
3761,1339,-530
3763,1338,-525
3763,1340,-516
3763,1340,-512
3763,1339,-509
3762,1340,-504
3764,1336,-498
3770,1334,-500
3772,1335,-506
3774,1334,-510
3773,1331,-513
3771,1330,-517
3769,1330,-520
3766,1326,-519
3766,1324,-515
3765,1321,-515
3766,1323,-518
3764,1322,-516
3767,1319,-515
3765,1319,-516
3768,1321,-518
3771,1321,-519
3774,1322,-521
3775,1320,-523
3771,1321,-524
3770,1323,-526
3767,1324,-525
3760,1324,-525
3760,1325,-525
3760,1328,-522
3756,1330,-524
3758,1327,-523
3761,1332,-520
3759,1336,-521
3760,1335,-518
3762,1336,-516
3768,1336,-517
3773,1337,-521
3771,1333,-521
3770,1334,-518
3768,1332,-517
3771,1331,-521
3771,1330,-521
3768,1330,-524
3768,1330,-526
3767,1327,-522
3767,1323,-527
3766,1324,-527
3764,1327,-526
3761,1326,-527
3767,1326,-526
3769,1326,-526
3768,1324,-525
3773,1321,-527
3771,1322,-528
3770,1322,-529
3770,1321,-527
3767,1320,-522
3762,1320,-522
3763,1317,-519
3762,1316,-514
3757,1314,-513
3754,1315,-517
3754,1316,-516
3759,1314,-525
3762,1319,-527
3769,1327,-530
3770,1327,-532
3770,1330,-534
3774,1324,-531
3779,1320,-528
3779,1317,-521
3776,1317,-513
3777,1314,-508
3777,1310,-500
3775,1307,-495
3774,1305,-493
3779,1304,-502
3780,1309,-509
3784,1313,-515
3784,1321,-523
3787,1329,-529
3785,1330,-538
3785,1331,-542
3781,1333,-539
3774,1334,-538
3770,1331,-533
3767,1331,-525
3772,1324,-518
3772,1323,-512
3771,1319,-512
3773,1319,-505
3772,1318,-509
3769,1313,-511
3771,1317,-513
3772,1317,-516
3773,1317,-519
3775,1319,-520
3774,1315,-521
3775,1318,-519
3772,1317,-522
3775,1322,-523
3776,1324,-523
3780,1324,-522
3778,1327,-524
3772,1325,-521
3767,1322,-522
3763,1320,-522
3763,1322,-524
3764,1321,-523
3763,1324,-524
3763,1325,-529
3763,1329,-533
3764,1333,-534
3767,1333,-533
3766,1331,-533
3766,1335,-529
3767,1332,-521
3768,1331,-521
3769,1332,-521
3771,1332,-520
3771,1332,-517
3777,1328,-520
3778,1326,-528
3777,1324,-529
3780,1323,-535
3781,1323,-532
3782,1319,-535
3782,1314,-532
3777,1308,-535
3778,1310,-533
3773,1308,-530
3770,1308,-526
3770,1305,-527
3771,1306,-526
3767,1303,-526
3769,1302,-528
3772,1302,-527
3768,1304,-529
3769,1309,-530
3765,1308,-528
3762,1309,-531
3765,1310,-535
3769,1316,-533
3772,1319,-536
3773,1320,-532
3774,1321,-534
3779,1322,-530
3777,1323,-530
3777,1329,-527
3779,1330,-526
3782,1333,-524
3780,1333,-523
3779,1333,-528
3773,1333,-526
3770,1334,-526
3768,1335,-526
3765,1334,-528
3766,1334,-527
3765,1329,-528
3762,1330,-531
3764,1331,-524
3765,1327,-521
3764,1325,-521
3766,1327,-527
3766,1327,-531
3771,1324,-527
3771,1320,-528
3770,1313,-525
3768,1313,-526
3770,1315,-527
3768,1314,-529
3770,1314,-529
3766,1312,-525
3764,1309,-529
3767,1314,-532
3768,1312,-528
3769,1315,-525
3766,1315,-524
3770,1315,-527
3771,1319,-532
3773,1321,-536
3775,1327,-543
3774,1329,-547
3773,1333,-555
3772,1337,-562
3775,1337,-573
3776,1335,-574
3772,1331,-584
3769,1327,-587
3766,1318,-596
3764,1308,-604
3759,1303,-626
3758,1295,-653
3764,1291,-669
3782,1296,-665
3801,1309,-672
3817,1323,-692
3839,1357,-662
3861,1403,-619
3872,1443,-615
3878,1473,-634
3883,1496,-656
3897,1530,-681
3910,1575,-710
3921,1627,-735
3925,1684,-751
3931,1733,-765
3924,1772,-772
3906,1806,-791
3892,1840,-791
3876,1885,-758
3862,1944,-742
3856,2015,-733
3859,2085,-717
3870,2141,-704
3887,2191,-706
3906,2233,-717
3919,2275,-737
3923,2322,-758
3923,2374,-779
3915,2429,-810
3895,2493,-844
3884,2557,-849
3868,2626,-874
3835,2698,-898
3802,2767,-915
3765,2838,-930
3730,2914,-944
3711,3002,-946
3692,3086,-938
3679,3161,-925
3666,3229,-917
3649,3289,-906
3631,3341,-900
3605,3389,-889
3581,3438,-877
3557,3488,-852
3532,3533,-827
3502,3578,-798
3490,3615,-765
3459,3646,-750
3424,3676,-751
3399,3705,-753
3385,3732,-757
3378,3767,-761
3378,3803,-742
3375,3839,-720
3374,3878,-700
3373,3919,-678
3373,3960,-659
3368,4000,-634
3355,4044,-613
3336,4083,-598
3322,4126,-593
3294,4176,-595
3257,4235,-600
3220,4294,-591
3188,4352,-571
3164,4399,-545
3138,4424,-507
3113,4439,-446
3087,4458,-389
3054,4485,-340
3016,4522,-302
2984,4566,-264
2957,4605,-226
2922,4640,-189
2877,4683,-167
2827,4753,-150
2782,4844,-115
2744,4949,-64
2712,5050,-26
2689,5141,-12
2661,5215,-29
2624,5274,-78
2589,5313,-113
2553,5335,-140
2515,5339,-172
2476,5322,-198
2439,5302,-212
2409,5285,-229
2383,5261,-235
2351,5216,-244
2311,5147,-258
2267,5062,-279
2213,4986,-277
2157,4927,-213
2086,4875,-146
2007,4819,-86
1922,4777,-18
1833,4744,47
1734,4716,96
1634,4698,149
1527,4695,189
1427,4714,210
1338,4746,225
1249,4779,209
1178,4795,157
1127,4784,103
1087,4748,63
1049,4687,26
1012,4602,-26
974,4508,-68
930,4417,-94
880,4321,-111
825,4229,-111
776,4146,-76
721,4074,-16
657,4016,65
603,3970,158
550,3909,227
504,3829,256
450,3730,266
377,3631,225
316,3543,165
269,3464,142
216,3386,134
153,3308,108
97,3238,93
40,3172,97
-24,3097,96
-79,3014,85
-135,2927,71
-210,2827,36
-291,2748,-23
-389,2673,-89
-480,2603,-127
-570,2526,-156
-664,2446,-179
-744,2360,-203
-814,2277,-235
-864,2198,-235
-898,2136,-235
-923,2085,-242
-940,2053,-265
-950,2033,-307
-949,2041,-304
-948,2051,-293
-937,2049,-292
-939,2029,-310
-957,1994,-335
-997,1954,-366
-1050,1921,-388
-1111,1894,-393
-1170,1870,-389
-1220,1824,-360
-1278,1758,-340
-1325,1700,-322
-1372,1662,-321
-1418,1648,-323
-1461,1629,-356
-1489,1610,-419
-1514,1597,-513
-1525,1587,-611
-1522,1574,-710
-1503,1561,-792
-1483,1533,-889
-1460,1516,-988
-1442,1513,-1073
-1438,1524,-1145
-1428,1539,-1204
-1442,1570,-1256
-1453,1627,-1283
-1457,1693,-1298
-1451,1747,-1314
-1437,1784,-1306
-1423,1804,-1280
-1415,1807,-1261
-1425,1803,-1260
-1440,1802,-1284
-1456,1796,-1330
-1459,1778,-1374
-1443,1752,-1403
-1428,1724,-1415
-1401,1704,-1411
-1375,1683,-1391
-1343,1650,-1372
-1311,1602,-1364
-1288,1556,-1384
-1262,1523,-1418
-1229,1512,-1472
-1182,1472,-1557
-1117,1404,-1676
-1040,1314,-1760
-648,1057,-1171
-688,172,-4579
-410,1006,-10675
709,2705,-13016
1877,3669,-12076
2613,3649,-10763
2867,3154,-9292
2448,2676,-7706
1449,2247,-6422
235,1770,-5452
-993,1281,-4735
-2133,902,-4203
-2945,680,-3672
-3349,568,-3139
-3387,542,-2652
-3175,601,-2269
-2816,721,-2003
-2430,863,-1807
-2099,967,-1681
-1879,1031,-1663
-1778,1106,-1748
-1799,1231,-1924
-1896,1396,-2123
-2021,1576,-2346
-2136,1772,-2580
-2228,1990,-2791
-2288,2213,-2971
-2323,2432,-3119
-2338,2628,-3227
-2347,2802,-3305
-2370,2966,-3361
-2404,3131,-3376
-2444,3289,-3374
-2485,3444,-3374
-2510,3585,-3367
-2532,3696,-3360
-2539,3768,-3348
-2545,3800,-3327
-2552,3809,-3304
-2567,3809,-3260
-2592,3782,-3223
-2629,3740,-3192
-2670,3683,-3161
-2717,3620,-3141
-2760,3542,-3122
-2788,3467,-3104
-2799,3392,-3098
-2798,3320,-3104
-2790,3275,-3106
-2776,3252,-3086
-2748,3231,-3042
-2724,3201,-2992
-2714,3165,-2942
-2712,3137,-2864
-2722,3112,-2762
-2739,3070,-2655
-2762,3026,-2554
-2793,3002,-2435
-2825,2982,-2307
-2842,2964,-2186
-2861,2943,-2069
-2877,2924,-1950
-2892,2894,-1835
-2911,2851,-1728
-2928,2804,-1640
-2949,2763,-1553
-2968,2725,-1470
-2972,2683,-1386
-2974,2633,-1313
-2977,2581,-1247
-2985,2541,-1183
-2994,2513,-1122
-2996,2488,-1066
-2995,2461,-1015
-3001,2440,-961
-3012,2426,-893
-3031,2403,-826
-3051,2361,-774
-3070,2316,-727
-3099,2277,-679
-3133,2240,-640
-3166,2206,-618
-3188,2192,-595
-3197,2186,-566
-3196,2172,-535
-3184,2136,-500
-3179,2091,-464
-3186,2040,-428
-3206,2002,-381
-3227,1978,-322
-3248,1948,-267
-3266,1919,-213
-3284,1886,-172
-3300,1859,-130
-3310,1829,-99
-3314,1802,-65
-3318,1784,-32
-3323,1765,-3
-3331,1748,25
-3340,1734,58
-3348,1719,88
-3356,1699,115
-3352,1677,149
-3345,1647,183
-3337,1602,218
-3331,1560,245
-3327,1526,268
-3324,1498,295
-3314,1480,322
-3304,1460,341
-3290,1439,356
-3274,1422,372
-3257,1409,371
-3240,1403,373
-3224,1399,373
-3211,1406,365
-3194,1427,352
-3185,1463,337
-3178,1511,320
-3175,1555,296
-3175,1607,263
-3173,1663,226
-3173,1719,181
-3165,1774,127
-3159,1823,59
-3147,1863,-26
-3124,1899,-105
-3093,1925,-187
-3063,1946,-261
-3031,1967,-319
-3007,1978,-358
-2980,1988,-396
-2956,2021,-441
-2924,2073,-468
-2880,2115,-505
-2819,2146,-550
-2751,2178,-590
-2695,2200,-627
-2641,2185,-672
-2582,2142,-727
-2524,2099,-798
-2463,2054,-900
-2402,2012,-1034
-2347,1971,-1208
-2289,1939,-1405
-2232,1899,-1600
-2179,1846,-1806
-2119,1809,-2027
-2061,1814,-2235
-2001,1848,-2422
-1939,1854,-2610
-1785,1837,-2637
-1325,1775,-1993
-1154,1211,-3765
-949,1812,-7793
-708,3480,-11256
17,4671,-11262
705,4655,-10080
915,4027,-9219
574,3460,-8269
-332,3001,-7241
-1557,2420,-6463
-2747,1774,-5765
-3582,1376,-5043
-3887,1284,-4432
-3671,1307,-3925
-3151,1319,-3447
-2644,1352,-2997
-2338,1449,-2609
-2278,1564,-2314
-2378,1638,-2121
-2512,1657,-2037
-2592,1650,-2042
-2585,1659,-2125
-2527,1722,-2268
-2461,1833,-2423
-2433,1978,-2588
-2446,2148,-2731
-2496,2286,-2847
-2557,2404,-2973
-2598,2527,-3089
-2616,2654,-3193
-2605,2779,-3278
-2555,2893,-3329
-2510,2982,-3362
-2477,3073,-3367
-2466,3162,-3335
-2485,3234,-3293
-2518,3281,-3248
-2568,3298,-3208
-2615,3305,-3162
-2671,3318,-3091
-2728,3324,-2997
-2771,3310,-2901
-2806,3286,-2823
-2838,3266,-2768
-2856,3244,-2703
-2865,3214,-2643
-2874,3186,-2589
-2885,3167,-2538
-2899,3151,-2479
-2906,3133,-2423
-2906,3103,-2364
-2905,3061,-2303
-2910,3020,-2245
-2918,2977,-2197
-2926,2942,-2145
-2933,2913,-2085
-2934,2880,-2022
-2939,2845,-1972
-2948,2815,-1918
-2956,2786,-1850
-2966,2748,-1773
-2978,2711,-1700
-2988,2672,-1611
-3000,2638,-1522
-3006,2605,-1440
-3004,2569,-1359
-3004,2529,-1269
-3011,2487,-1188
-3021,2445,-1123
-3033,2398,-1058
-3041,2351,-1003
-3041,2305,-953
-3041,2262,-905
-3043,2222,-865
-3048,2181,-818
-3060,2139,-773
-3080,2102,-740
-3098,2075,-718
-3114,2061,-694
-3123,2053,-668
-3127,2045,-642
-3129,2031,-610
-3140,2011,-576
-3158,1986,-529
-3187,1963,-488
-3223,1934,-454
-3258,1909,-429
-3278,1891,-402
-3293,1875,-381
-3300,1864,-361
-3303,1850,-342
-3305,1834,-327
-3306,1812,-308
-3313,1791,-285
-3320,1769,-269
-3326,1750,-247
-3327,1724,-231
-3328,1698,-211
-3329,1679,-195
-3325,1662,-177
-3310,1650,-163
-3294,1640,-155
-3286,1629,-147
-3273,1617,-139
-3266,1603,-135
-3261,1586,-131
-3260,1566,-129
-3260,1553,-127
-3251,1544,-123
-3246,1535,-127
-3237,1530,-134
-3230,1533,-145
-3231,1542,-161
-3224,1566,-177
-3215,1604,-189
-3199,1637,-205
-3186,1667,-229
-3179,1698,-253
-3174,1732,-273
-3170,1769,-290
-3170,1799,-302
-3171,1837,-313
-3168,1875,-325
-3163,1910,-331
-3159,1943,-333
-3146,1970,-334
-3139,1978,-329
-3134,1975,-321
-3136,1972,-314
-3142,1963,-314
-3135,1955,-327
-3121,1941,-346
-3094,1934,-374
-3057,1921,-418
-3014,1912,-467
-2979,1912,-522
-2940,1914,-589
-2895,1916,-666
-2851,1929,-757
-2795,1955,-844
-2741,1993,-926
-2698,2023,-992
-2671,2041,-1058
-2662,2061,-1107
-2663,2090,-1151
-2664,2132,-1189
-2658,2160,-1215
-2651,2184,-1232
-2631,2215,-1232
-2595,2256,-1230
-2544,2288,-1236
-2486,2307,-1260
-2421,2308,-1304
-2358,2283,-1382
-2294,2261,-1490
-2223,2246,-1608
-2130,2218,-1721
-2035,2164,-1853
-1950,2105,-2004
-1779,1982,-1977
-1405,1879,-1677
-918,1930,-1871
-810,1490,-1482
-1183,1088,-4224
-1400,2762,-8355
-949,4282,-10348
112,4414,-9646
827,3775,-8906
876,3333,-8395
363,3244,-7713
-456,3036,-7130
-1388,2533,-6723
-2248,2023,-6298
-2872,1840,-5762
-3125,1922,-5216
-3000,2019,-4750
-2687,2051,-4360
-2415,2081,-4004
-2302,2140,-3653
-2314,2183,-3318
-2394,2180,-3015
-2471,2150,-2751
-2524,2115,-2549
-2538,2090,-2412
-2521,2087,-2357
-2490,2123,-2363
-2454,2181,-2407
-2412,2229,-2464
-2384,2292,-2583
-2351,2407,-2741
-2316,2550,-2897
-2280,2682,-3039
-2239,2786,-3155
-2207,2881,-3241
-2187,2972,-3310
-2184,3065,-3369
-2190,3150,-3416
-2206,3232,-3440
-2232,3308,-3451
-2268,3379,-3442
-2311,3434,-3407
-2364,3471,-3367
-2418,3496,-3317
-2476,3511,-3265
-2523,3511,-3218
-2563,3498,-3159
-2597,3484,-3100
-2628,3471,-3035
-2650,3456,-2959
-2678,3439,-2866
-2700,3416,-2772
-2719,3384,-2695
-2730,3350,-2619
-2735,3311,-2536
-2729,3262,-2459
-2719,3217,-2387
-2709,3171,-2310
-2708,3127,-2228
-2713,3088,-2140
-2720,3044,-2055
-2737,2994,-1976
-2751,2958,-1896
-2759,2928,-1817
-2763,2900,-1734
-2764,2878,-1660
-2765,2855,-1582
-2771,2836,-1492
-2778,2820,-1406
-2782,2806,-1335
-2791,2797,-1275
-2798,2789,-1217
-2802,2779,-1163
-2807,2761,-1113
-2817,2742,-1075
-2827,2724,-1039
-2831,2704,-998
-2836,2678,-965
-2842,2650,-929
-2857,2618,-888
-2873,2581,-854
-2893,2550,-812
-2910,2519,-771
-2928,2488,-727
-2943,2458,-683
-2963,2430,-647
-2978,2402,-617
-2992,2365,-598
-3018,2335,-588
-3044,2304,-578
-3063,2285,-563
-3081,2271,-539
-3094,2262,-507
-3107,2252,-488
-3123,2241,-476
-3140,2231,-464
-3159,2221,-450
-3180,2202,-435
-3204,2180,-419
-3220,2155,-406
-3231,2129,-399
-3239,2103,-395
-3242,2081,-395
-3247,2065,-390
-3245,2047,-387
-3246,2034,-380
-3254,2023,-366
-3262,2007,-346
-3279,1987,-326
-3293,1968,-319
-3308,1948,-307
-3316,1928,-296
-3321,1909,-284
-3323,1887,-283
-3322,1860,-281
-3320,1835,-283
-3319,1801,-285
-3317,1774,-287
-3314,1754,-292
-3305,1737,-283
-3293,1717,-285
-3283,1694,-283
-3274,1666,-286
-3267,1641,-290
-3260,1612,-300
-3260,1587,-315
-3261,1566,-337
-3261,1555,-357
-3259,1544,-376
-3259,1531,-393
-3258,1517,-405
-3259,1503,-415
-3261,1484,-418
-3260,1476,-413
-3255,1474,-404
-3242,1477,-392
-3228,1493,-386
-3218,1521,-389
-3209,1561,-405
-3190,1599,-428
-3164,1641,-468
-3143,1676,-518
-3117,1706,-566
-3094,1732,-615
-3074,1751,-674
-3057,1765,-728
-3039,1765,-779
-3021,1765,-824
-3002,1762,-859
-2982,1750,-888
-2962,1728,-914
-2946,1712,-925
-2931,1700,-937
-2915,1698,-951
-2896,1708,-961
-2876,1735,-976
-2850,1775,-987
-2819,1836,-1005
-2780,1921,-1024
-2722,2016,-1035
-2652,2110,-1051
-2585,2197,-1073
-2534,2265,-1094
-2508,2307,-1137
-2499,2330,-1207
-2499,2343,-1291
-2485,2360,-1368
-2460,2367,-1430
-2426,2357,-1500
-2387,2328,-1568
-2353,2293,-1634
-2320,2252,-1699
-2281,2203,-1772
-2239,2161,-1853
-2194,2120,-1947
-2136,2078,-2054
-2072,2049,-2169
-1886,2063,-2047
-1377,1972,-2467
-874,1962,-1729
-1079,1484,-2651
-1262,2060,-5746
-1270,3640,-8989
-820,4592,-10062
-61,4462,-9358
339,3859,-8731
220,3425,-8055
-355,3183,-7244
-1160,2842,-6556
-2027,2369,-5984
-2798,2050,-5376
-3297,2058,-4737
-3434,2243,-4151
-3239,2345,-3656
-2877,2293,-3259
-2558,2218,-2933
-2397,2212,-2650
-2394,2240,-2412
-2465,2246,-2242
-2534,2231,-2174
-2554,2226,-2172
-2523,2238,-2215
-2469,2256,-2313
-2418,2296,-2456
-2395,2366,-2610
-2409,2461,-2766
-2454,2567,-2902
-2496,2663,-3026
-2515,2753,-3137
-2514,2845,-3241
-2489,2935,-3335
-2458,3033,-3417
-2430,3129,-3456
-2412,3215,-3440
-2425,3274,-3404
-2462,3304,-3352
-2519,3313,-3286
-2593,3308,-3206
-2669,3301,-3118
-2734,3294,-3046
-2781,3283,-2977
-2814,3276,-2908
-2832,3263,-2841
-2849,3243,-2787
-2854,3215,-2735
-2864,3197,-2689
-2871,3184,-2628
-2866,3161,-2558
-2859,3116,-2480
-2852,3059,-2408
-2853,3002,-2341
-2861,2951,-2274
-2868,2908,-2209
-2868,2865,-2141
-2862,2824,-2076
-2854,2782,-2003
-2853,2739,-1940
-2855,2713,-1871
-2855,2694,-1796
-2853,2687,-1710
-2850,2665,-1627
-2851,2636,-1550
-2850,2602,-1478
-2852,2573,-1411
-2846,2548,-1343
-2840,2530,-1284
-2835,2511,-1241
-2825,2494,-1191
-2829,2481,-1141
-2837,2472,-1094
-2847,2459,-1045
-2863,2455,-1004
-2877,2447,-971
-2892,2443,-941
-2912,2434,-913
-2932,2410,-887
-2952,2382,-862
-2974,2353,-838
-3004,2329,-812
-3027,2313,-784
-3051,2305,-753
-3073,2307,-725
-3091,2301,-705
-3105,2285,-694
-3118,2266,-689
-3143,2248,-682
-3162,2233,-657
-3181,2213,-625
-3203,2183,-597
-3223,2157,-577
-3243,2132,-546
-3267,2111,-520
-3289,2084,-500
-3314,2059,-479
-3334,2035,-460
-3348,2018,-454
-3356,1998,-454
-3359,1990,-453
-3356,1987,-450
-3347,1980,-443
-3343,1968,-432
-3339,1951,-414
-3344,1926,-400
-3356,1905,-380
-3369,1879,-356
-3378,1847,-324
-3394,1819,-288
-3409,1790,-250
-3421,1761,-208
-3437,1735,-163
-3450,1710,-114
-3458,1680,-67
-3462,1644,-31
-3464,1611,-5
-3463,1583,23
-3453,1552,49
-3443,1517,67
-3438,1479,74
-3436,1445,77
-3440,1413,68
-3443,1401,48
-3437,1393,37
-3422,1394,21
-3401,1391,3
-3377,1383,-19
-3354,1370,-37
-3339,1362,-47
-3333,1353,-53
-3332,1345,-57
-3335,1336,-79
-3334,1342,-107
-3323,1354,-136
-3307,1370,-168
-3281,1384,-210
-3250,1397,-249
-3222,1406,-276
-3209,1421,-290
-3212,1433,-296
-3220,1437,-299
-3233,1431,-300
-3242,1423,-289
-3247,1415,-265
-3248,1406,-233
-3241,1397,-206
-3221,1402,-185
-3192,1421,-176
-3152,1457,-176
-3109,1502,-187
-3058,1539,-219
-3003,1575,-267
-2956,1615,-312
-2918,1659,-354
-2877,1697,-393
-2835,1725,-441
-2795,1745,-503
-2754,1783,-558
-2702,1838,-605
-2650,1886,-644
-2596,1914,-702
-2551,1923,-774
-2507,1919,-859
-2475,1923,-951
-2443,1949,-1044
-2391,1980,-1135
-2335,2002,-1232
-2282,2011,-1324
-2247,2012,-1411
-2223,2009,-1485
-2208,2000,-1559
-2199,2002,-1645
-2188,2032,-1748
-2151,2102,-1836
-2092,2177,-1919
-2019,2222,-2031
-1948,2239,-2169
-1900,2250,-2324
-1865,2267,-2493
-1739,2363,-2358
-1373,2271,-2925
-918,2094,-1987
-1093,1326,-3574
-1430,1971,-7614
-1215,3561,-9954
-489,4440,-10171
291,4438,-9737
626,4259,-9115
495,4226,-8088
-49,4165,-6982
-909,3808,-6215
-1933,3164,-5748
-2911,2575,-5303
-3572,2371,-4666
-3815,2543,-3966
-3640,2811,-3340
-3205,2932,-2858
-2728,2905,-2496
-2376,2874,-2242
-2226,2919,-2102
-2255,2998,-2049
-2376,3043,-2086
-2492,3055,-2180
-2548,3065,-2295
-2546,3086,-2442
-2518,3131,-2608
-2496,3190,-2762
-2485,3259,-2919
-2489,3327,-3063
-2494,3384,-3176
-2498,3434,-3245
-2496,3473,-3273
-2491,3505,-3251
-2483,3523,-3178
-2492,3540,-3081
-2511,3560,-2973
-2532,3575,-2867
-2556,3587,-2759
-2588,3596,-2657
-2611,3599,-2562
-2638,3588,-2478
-2671,3573,-2409
-2699,3543,-2353
-2727,3505,-2305
-2759,3461,-2268
-2791,3428,-2234
-2806,3412,-2196
-2810,3394,-2148
-2804,3369,-2103
-2800,3332,-2064
-2792,3303,-2018
-2790,3281,-1966
-2793,3260,-1908
-2789,3243,-1846
-2782,3223,-1774
-2774,3202,-1702
-2764,3185,-1633
-2763,3155,-1566
-2764,3127,-1519
-2763,3116,-1475
-2757,3115,-1423
-2750,3112,-1374
-2741,3101,-1329
-2737,3085,-1285
-2740,3062,-1237
-2742,3038,-1181
-2752,3014,-1122
-2762,2990,-1058
-2772,2958,-989
-2791,2933,-929
-2809,2910,-864
-2830,2884,-804
-2847,2852,-749
-2863,2810,-703
-2880,2769,-658
-2904,2735,-627
-2919,2707,-606
-2930,2686,-590
-2942,2669,-584
-2952,2654,-577
-2962,2630,-577
-2971,2594,-568
-2981,2556,-559
-2996,2516,-549
-3019,2489,-533
-3043,2466,-501
-3057,2443,-454
-3072,2408,-416
-3088,2373,-373
-3110,2343,-331
-3131,2326,-288
-3153,2317,-251
-3171,2301,-214
-3181,2280,-189
-3188,2248,-165
-3195,2219,-142
-3205,2186,-125
-3216,2152,-103
-3226,2122,-82
-3231,2099,-58
-3235,2083,-40
-3229,2075,-17
-3225,2069,1
-3217,2057,12
-3213,2036,19
-3213,2016,28
-3214,1994,35
-3219,1973,40
-3219,1948,43
-3220,1925,50
-3225,1897,54
-3230,1869,62
-3235,1840,73
-3237,1816,86
-3241,1792,100
-3240,1763,119
-3240,1731,130
-3237,1699,148
-3235,1666,155
-3231,1637,170
-3231,1615,176
-3221,1587,171
-3205,1571,162
-3183,1554,154
-3167,1536,127
-3152,1528,102
-3131,1523,74
-3109,1523,43
-3095,1528,14
-3084,1534,-1
-3073,1543,-9
-3058,1548,-12
-3050,1564,-25
-3042,1581,-49
-3027,1609,-71
-3005,1645,-91
-2980,1685,-115
-2949,1718,-139
-2916,1747,-170
-2894,1768,-217
-2871,1784,-269
-2860,1798,-320
-2849,1813,-375
-2844,1826,-430
-2842,1840,-492
-2830,1862,-566
-2809,1901,-646
-2788,1945,-719
-2761,1989,-793
-2731,2020,-865
-2704,2044,-932
-2687,2075,-1001
-2673,2107,-1060
-2665,2131,-1112
-2662,2144,-1155
-2656,2164,-1205
-2638,2182,-1251
-2608,2195,-1290
-2570,2194,-1316
-2527,2179,-1332
-2487,2146,-1337
-2455,2112,-1359
-2426,2106,-1408
-2366,2133,-1473
-2291,2161,-1567
-2192,2181,-1689
-2088,2192,-1836
-1996,2198,-2002
-1894,2267,-1998
-1619,2245,-2332
-1059,2124,-1751
-1154,1489,-3108
-1351,2273,-6679
-1328,4181,-9591
-806,5272,-10170
-102,5169,-9145
239,4536,-8329
88,3986,-7599
-553,3599,-6783
-1485,3133,-6013
-2488,2533,-5425
-3271,2092,-4864
-3667,2020,-4262
-3680,2187,-3706
-3388,2356,-3210
-2984,2411,-2762
-2662,2417,-2406
-2505,2437,-2154
-2487,2455,-1945
-2568,2454,-1847
-2650,2460,-1839
-2698,2501,-1889
-2704,2582,-1977
-2672,2683,-2117
-2621,2793,-2277
-2578,2912,-2441
-2578,3034,-2605
-2612,3158,-2758
-2649,3274,-2875
-2666,3368,-2959
-2655,3432,-3005
-2630,3484,-3012
-2611,3521,-2998
-2606,3552,-2953
-2625,3563,-2893
-2664,3568,-2821
-2714,3560,-2741
-2757,3532,-2655
-2801,3485,-2583
-2839,3428,-2521
-2867,3378,-2458
-2879,3337,-2402
-2890,3298,-2351
-2894,3259,-2311
-2897,3223,-2283
-2896,3198,-2259
-2896,3188,-2238
-2887,3180,-2206
-2872,3165,-2170
-2860,3137,-2129
-2856,3104,-2090
-2860,3071,-2048
-2864,3043,-1990
-2872,3011,-1931
-2875,2984,-1873
-2873,2960,-1814
-2869,2935,-1752
-2855,2902,-1691
-2835,2866,-1639
-2816,2839,-1605
-2805,2843,-1579
-2800,2872,-1544
-2788,2899,-1505
-2771,2908,-1475
-2750,2908,-1441
-2743,2903,-1401
-2743,2897,-1359
-2755,2879,-1313
-2768,2848,-1259
-2785,2814,-1199
-2809,2779,-1135
-2834,2742,-1083
-2855,2713,-1033
-2872,2681,-976
-2892,2651,-917
-2913,2621,-865
-2935,2603,-819
-2952,2593,-770
-2964,2580,-724
-2974,2553,-695
-2989,2530,-684
-3008,2513,-666
-3032,2494,-648
-3058,2471,-625
-3079,2452,-607
-3102,2435,-580
-3121,2421,-547
-3142,2408,-527
-3158,2396,-506
-3172,2390,-484
-3187,2384,-458
-3200,2366,-438
-3212,2353,-414
-3218,2340,-390
-3221,2324,-364
-3224,2303,-336
-3226,2274,-311
-3235,2248,-292
-3250,2216,-280
-3264,2186,-266
-3279,2161,-257
-3289,2140,-241
-3286,2120,-223
-3282,2101,-208
-3275,2083,-186
-3271,2057,-161
-3273,2030,-138
-3284,2003,-122
-3291,1982,-104
-3299,1965,-87
-3301,1954,-67
-3297,1938,-49
-3292,1916,-25
-3289,1894,-8
-3288,1875,7
-3295,1855,25
-3303,1828,39
-3310,1804,47
-3315,1788,57
-3320,1779,71
-3317,1772,79
-3314,1757,81
-3305,1739,86
-3308,1723,83
-3306,1714,85
-3301,1704,89
-3290,1695,85
-3269,1685,78
-3248,1670,69
-3230,1655,57
-3215,1644,35
-3200,1640,16
-3183,1644,-13
-3160,1654,-45
-3134,1676,-79
-3110,1697,-108
-3092,1723,-139
-3084,1745,-166
-3065,1782,-190
-3055,1806,-214
-3045,1817,-240
-3036,1822,-266
-3026,1826,-286
-3021,1823,-306
-3021,1820,-336
-3020,1825,-364
-3016,1829,-405
-3000,1833,-452
-2989,1841,-518
-2965,1872,-588
-2928,1932,-670
-2872,1993,-755
-2812,2045,-845
-2753,2086,-928
-2712,2123,-1003
-2686,2157,-1060
-2680,2184,-1105
-2677,2203,-1127
-2670,2209,-1133
-2649,2198,-1127
-2624,2169,-1113
-2593,2128,-1109
-2551,2080,-1126
-2497,2028,-1162
-2434,1966,-1221
-2367,1898,-1298
-2296,1817,-1405
-2217,1730,-1535
-2132,1653,-1688
-2040,1645,-1845
-1787,1756,-2010
-1361,1547,-2692
-997,1252,-2052
-1307,1152,-2830
-1522,2245,-5761
-1426,3946,-8811
-754,4864,-9993
16,4840,-9508
281,4496,-8813
-15,4133,-8059
-757,3694,-7180
-1815,3097,-6426
-2927,2524,-5759
-3704,2272,-4989
-3997,2364,-4268
-3807,2543,-3675
-3319,2592,-3193
-2829,2560,-2806
-2539,2553,-2491
-2496,2568,-2250
-2600,2550,-2083
-2719,2494,-1986
-2785,2447,-1967
-2782,2437,-2005
-2729,2476,-2109
-2676,2544,-2238
-2651,2616,-2394
-2660,2678,-2560
-2687,2739,-2715
-2710,2813,-2851
-2722,2911,-2981
-2706,3024,-3087
-2679,3117,-3161
-2643,3176,-3209
-2622,3228,-3225
-2627,3297,-3180
-2657,3359,-3105
-2690,3389,-3050
-2703,3385,-3016
-2703,3366,-2976
-2705,3358,-2916
-2727,3358,-2844
-2751,3358,-2768
-2773,3342,-2701
-2780,3299,-2634
-2773,3242,-2569
-2775,3178,-2511
-2779,3122,-2451
-2790,3058,-2377
-2800,2989,-2299
-2819,2922,-2230
-2840,2868,-2159
-2863,2833,-2098
-2881,2814,-2048
-2882,2817,-1998
-2879,2825,-1949
-2872,2826,-1906
-2871,2830,-1861
-2870,2828,-1804
-2870,2824,-1753
-2878,2820,-1682
-2885,2818,-1600
-2890,2823,-1513
-2889,2834,-1431
-2886,2823,-1341
-2882,2793,-1258
-2889,2746,-1172
-2902,2696,-1092
-2916,2653,-1021
-2930,2616,-969
-2940,2590,-924
-2942,2566,-873
-2937,2542,-822
-2943,2509,-772
-2962,2487,-735
-2987,2479,-703
-3005,2473,-656
-3026,2462,-607
-3037,2440,-565
-3053,2411,-525
-3074,2386,-484
-3102,2365,-443
-3129,2348,-400
-3148,2324,-354
-3164,2296,-318
-3175,2268,-280
-3184,2249,-236
-3197,2228,-199
-3209,2206,-168
-3221,2181,-134
-3230,2159,-100
-3243,2139,-66
-3252,2120,-31
-3252,2094,-13
-3261,2065,-8
-3262,2046,5
-3254,2032,25
-3253,2023,49
-3248,2017,70
-3243,2007,92
-3242,1997,114
-3249,1984,134
-3254,1967,157
-3264,1941,184
-3270,1918,210
-3278,1902,235
-3283,1889,255
-3277,1879,276
-3270,1872,294
-3267,1867,310
-3266,1862,323
-3264,1848,330
-3262,1825,333
-3267,1799,342
-3273,1776,349
-3278,1748,353
-3273,1720,362
-3272,1689,369
-3274,1658,374
-3271,1631,369
-3266,1615,361
-3261,1600,348
-3248,1588,325
-3237,1590,291
-3216,1600,256
-3189,1615,217
-3159,1635,174
-3126,1655,131
-3093,1678,83
-3060,1705,40
-3037,1734,-21
-3012,1756,-89
-2991,1770,-150
-2974,1774,-218
-2963,1773,-267
-2958,1769,-302
-2953,1759,-332
-2941,1744,-357
-2922,1720,-373
-2905,1699,-382
-2892,1691,-395
-2872,1705,-419
-2847,1740,-454
-2814,1785,-523
-2776,1836,-625
-2731,1881,-755
-2681,1932,-892
-2634,1992,-1021
-2600,2054,-1139
-2573,2116,-1248
-2550,2175,-1331
-2537,2224,-1391
-2521,2246,-1446
-2494,2254,-1490
-2453,2258,-1513
-2407,2259,-1504
-2363,2262,-1482
-2327,2272,-1449
-2305,2296,-1423
-2287,2332,-1420
-2262,2368,-1453
-2230,2410,-1531
-2191,2464,-1640
-2146,2536,-1772
-2081,2643,-1865
-1857,2694,-1726
-1435,2532,-2196
-1254,2169,-2071
-1029,2524,-5612
-809,4080,-9193
-574,5213,-10592
67,5032,-10144
486,4257,-9560
354,3639,-8732
-313,3275,-7678
-1342,2893,-6775
-2449,2428,-6073
-3315,2116,-5341
-3748,2083,-4531
-3734,2183,-3792
-3394,2229,-3192
-2972,2216,-2698
-2696,2238,-2299
-2629,2301,-1980
-2697,2333,-1775
-2787,2319,-1672
-2816,2280,-1668
-2773,2250,-1742
-2678,2251,-1864
-2588,2278,-2025
-2532,2330,-2210
-2524,2415,-2392
-2555,2526,-2541
-2584,2623,-2686
-2586,2709,-2820
-2556,2802,-2936
-2528,2923,-3023
-2499,3047,-3084
-2482,3170,-3125
-2482,3278,-3142
-2495,3367,-3137
-2517,3425,-3105
-2547,3461,-3059
-2581,3481,-3000
-2619,3483,-2937
-2663,3463,-2867
-2702,3437,-2794
-2741,3405,-2728
-2769,3380,-2674
-2789,3360,-2626
-2803,3338,-2593
-2809,3325,-2561
-2808,3303,-2527
-2802,3269,-2485
-2800,3225,-2437
-2800,3181,-2380
-2806,3144,-2323
-2812,3112,-2264
-2821,3086,-2207
-2826,3075,-2148
-2828,3075,-2083
-2822,3067,-2013
-2822,3056,-1950
-2821,3057,-1880
-2823,3072,-1809
-2822,3089,-1739
-2820,3096,-1676
-2811,3101,-1615
-2799,3110,-1555
-2786,3110,-1492
-2784,3101,-1434
-2790,3081,-1380
-2805,3061,-1316
-2822,3035,-1252
-2838,3012,-1194
-2859,2985,-1137
-2872,2946,-1079
-2892,2898,-1028
-2903,2841,-983
-2923,2796,-941
-2947,2757,-900
-2968,2721,-852
-2989,2685,-814
-3007,2644,-795
-3022,2601,-777
-3035,2565,-753
-3046,2530,-727
-3060,2499,-690
-3078,2468,-654
-3094,2438,-613
-3111,2401,-571
-3130,2363,-527
-3156,2319,-481
-3173,2271,-443
-3197,2223,-410
-3217,2179,-376
-3229,2136,-343
-3235,2104,-309
-3237,2078,-290
-3241,2061,-277
-3239,2050,-261
-3236,2042,-252
-3229,2027,-244
-3224,1998,-241
-3223,1969,-238
-3221,1957,-228
-3228,1943,-210
-3227,1936,-189
-3223,1923,-167
-3223,1907,-151
-3227,1883,-132
-3230,1867,-110
-3231,1847,-91
-3226,1820,-70
-3218,1784,-55
-3211,1750,-46
-3209,1716,-35
-3207,1689,-36
-3208,1668,-34
-3208,1651,-28
-3208,1629,-24
-3201,1600,-29
-3193,1572,-29
-3191,1546,-29
-3192,1533,-34
-3193,1522,-27
-3194,1515,-16
-3196,1512,-13
-3201,1517,-13
-3200,1536,-16
-3186,1568,-21
-3164,1603,-33
-3142,1641,-57
-3122,1688,-89
-3096,1740,-131
-3071,1789,-185
-3045,1838,-247
-3020,1883,-300
-3004,1926,-343
-2991,1957,-378
-2982,1977,-397
-2977,1986,-400
-2974,1990,-401
-2967,1999,-407
-2959,2019,-409
-2947,2043,-409
-2927,2056,-414
-2911,2058,-435
-2896,2074,-474
-2877,2115,-519
-2849,2171,-567
-2817,2233,-617
-2786,2287,-667
-2762,2345,-719
-2740,2407,-774
-2718,2468,-829
-2698,2538,-882
-2674,2604,-913
-2646,2658,-926
-2628,2683,-915
-2619,2707,-894
-2617,2733,-857
-2599,2760,-820
-2561,2766,-797
-2504,2739,-801
-2444,2703,-855
-2378,2689,-955
-2306,2728,-1023
-2091,2846,-1316
-1612,2869,-2049
-1368,2538,-2284
-1345,2291,-1961
-1337,1932,-2735
-1199,2518,-5997
-1138,4003,-9293
-571,4839,-10542
165,4820,-9908
384,4471,-9044
110,3982,-8090
-577,3323,-7139
-1689,2516,-6501
-2929,1707,-5956
-3795,1245,-5163
-4089,1194,-4348
-3859,1310,-3736
-3327,1409,-3293
-2839,1529,-2846
-2594,1681,-2450
-2587,1816,-2141
-2705,1854,-1910
-2842,1823,-1746
-2916,1789,-1664
-2909,1789,-1688
-2827,1843,-1803
-2739,1951,-1987
-2678,2088,-2188
-2662,2226,-2393
-2679,2357,-2594
-2703,2482,-2776
-2714,2595,-2925
-2687,2699,-3057
-2635,2791,-3156
-2582,2884,-3210
-2547,2973,-3241
-2543,3057,-3248
-2565,3125,-3227
-2602,3178,-3175
-2636,3203,-3105
-2670,3193,-3018
-2704,3155,-2936
-2741,3108,-2849
-2779,3063,-2769
-2815,3027,-2694
-2848,2988,-2623
-2878,2951,-2560
-2900,2913,-2515
-2912,2881,-2487
-2912,2847,-2457
-2912,2809,-2427
-2904,2772,-2401
-2897,2747,-2370
-2895,2733,-2340
-2893,2717,-2309
-2893,2697,-2275
-2900,2683,-2229
-2903,2669,-2186
-2907,2655,-2134
-2909,2648,-2084
-2908,2642,-2037
-2900,2649,-1979
-2891,2659,-1938
-2877,2675,-1890
-2858,2686,-1834
-2846,2682,-1774
-2837,2675,-1717
-2839,2663,-1661
-2846,2641,-1618
-2853,2621,-1565
-2857,2601,-1513
-2863,2584,-1484
-2864,2581,-1455
-2862,2579,-1408
-2862,2570,-1363
-2864,2545,-1322
-2880,2515,-1283
-2906,2495,-1240
-2930,2491,-1203
-2953,2489,-1164
-2977,2474,-1128
-3003,2457,-1093
-3033,2443,-1063
-3059,2431,-1020
-3085,2419,-970
-3104,2404,-929
-3124,2385,-892
-3134,2370,-859
-3148,2353,-832
-3160,2337,-806
-3171,2319,-777
-3185,2302,-755
-3201,2289,-733
-3217,2279,-720
-3227,2271,-714
-3230,2257,-705
-3234,2243,-691
-3241,2230,-669
-3245,2219,-653
-3250,2210,-635
-3259,2192,-613
-3262,2173,-593
-3264,2144,-573
-3265,2126,-549
-3267,2115,-514
-3269,2098,-480
-3262,2074,-448
-3264,2044,-420
-3273,2016,-392
-3288,1990,-364
-3301,1967,-335
-3314,1955,-310
-3323,1950,-290
-3321,1938,-268
-3310,1925,-251
-3307,1918,-236
-3306,1917,-220
-3311,1914,-207
-3317,1913,-196
-3325,1905,-175
-3338,1890,-160
-3348,1878,-144
-3358,1862,-130
-3361,1852,-118
-3363,1839,-101
-3364,1826,-86
-3363,1813,-79
-3358,1802,-71
-3349,1795,-67
-3340,1794,-73
-3331,1792,-76
-3322,1792,-79
-3311,1791,-87
-3297,1789,-96
-3285,1784,-99
-3276,1775,-103
-3268,1774,-97
-3270,1775,-100
-3269,1785,-109
-3257,1799,-120
-3240,1815,-137
-3222,1829,-154
-3205,1855,-166
-3196,1884,-169
-3194,1910,-170
-3193,1924,-174
-3199,1941,-175
-3200,1950,-176
-3209,1948,-172
-3213,1934,-158
-3213,1913,-145
-3205,1887,-133
-3195,1868,-119
-3184,1840,-119
-3162,1820,-135
-3136,1815,-158
-3101,1827,-200
-3055,1851,-254
-3000,1889,-327
-2947,1947,-388
-2884,2018,-451
-2838,2096,-507
-2797,2182,-552
-2768,2259,-576
-2757,2317,-574
-2758,2354,-548
-2773,2362,-497
-2782,2360,-425
-2792,2343,-352
-2793,2325,-297
-2779,2303,-250
-2738,2286,-220
-2677,2269,-224
-2596,2269,-258
-2493,2282,-315
-2388,2302,-412
-2287,2333,-557
-2198,2401,-729
-2116,2496,-900
-2035,2583,-1087
-1954,2762,-1307
-1458,2733,-1275
-959,1898,399
-691,973,-3253
-494,2680,-8602
-695,4933,-11790
45,5677,-11454
916,4919,-10597
1368,3939,-9713
1031,3689,-8413
116,3799,-7225
-1078,3637,-6436
-2364,3097,-5835
-3477,2516,-5131
-4187,2244,-4199
-4410,2279,-3244
-4181,2385,-2527
-3674,2379,-2083
-3143,2319,-1785
-2793,2330,-1521
-2686,2409,-1310
-2761,2460,-1168
-2887,2432,-1095
-2975,2372,-1076
-2996,2326,-1099
-2953,2334,-1177
-2877,2389,-1306
-2798,2476,-1458
-2743,2578,-1616
-2716,2685,-1769
-2694,2778,-1892
-2668,2857,-1998
-2639,2933,-2083
-2605,3010,-2150
-2565,3092,-2199
-2523,3167,-2231
-2498,3232,-2241
-2489,3282,-2240
-2485,3310,-2213
-2481,3308,-2173
-2486,3279,-2129
-2495,3240,-2086
-2508,3195,-2041
-2517,3139,-1995
-2525,3078,-1949
-2543,3008,-1908
-2561,2952,-1884
-2573,2922,-1875
-2579,2915,-1842
-2577,2904,-1812
-2564,2876,-1801
-2545,2838,-1808
-2530,2812,-1825
-2515,2799,-1840
-2507,2792,-1854
-2498,2778,-1863
-2481,2767,-1868
-2464,2746,-1880
-2439,2717,-1891
-2414,2690,-1903
-2380,2670,-1904
-2334,2653,-1902
-2291,2639,-1895
-2250,2632,-1894
-2206,2628,-1897
-2167,2629,-1892
-2128,2633,-1887
-2089,2637,-1879
-2055,2635,-1867
-2023,2627,-1855
-2002,2621,-1842
-1985,2608,-1824
-1969,2595,-1809
-1951,2583,-1788
-1937,2569,-1759
-1929,2556,-1728
-1930,2545,-1679
-1939,2537,-1633
-1941,2523,-1575
-1947,2506,-1516
-1951,2488,-1463
-1952,2468,-1413
-1948,2451,-1372
-1941,2446,-1341
-1933,2451,-1313
-1924,2467,-1287
-1916,2494,-1270
-1911,2527,-1252
-1901,2563,-1232
-1898,2594,-1212
-1898,2623,-1204
-1893,2648,-1201
-1878,2671,-1198
-1856,2693,-1195
-1838,2712,-1188
-1826,2729,-1178
-1824,2744,-1163
-1819,2748,-1150
-1813,2749,-1135
-1802,2737,-1118
-1785,2719,-1114
-1762,2708,-1118
-1734,2699,-1125
-1706,2704,-1140
-1682,2701,-1149
-1673,2699,-1157
-1676,2697,-1168
-1688,2707,-1172
-1697,2719,-1163
-1695,2723,-1151
-1685,2722,-1143
-1670,2719,-1138
-1653,2725,-1125
-1627,2745,-1100
-1602,2765,-1069
-1583,2781,-1049
-1562,2796,-1026
-1533,2811,-1005
-1506,2830,-986
-1477,2859,-976
-1441,2897,-969
-1405,2942,-951
-1371,2980,-934
-1341,3015,-928
-1317,3048,-939
-1296,3093,-958
-1274,3142,-967
-1250,3187,-974
-1219,3216,-986
-1192,3230,-1000
-1167,3228,-1013
-1154,3227,-1017
-1136,3226,-1012
-1121,3219,-1007
-1107,3216,-1011
-1096,3225,-1010
-1085,3255,-998
-1067,3295,-979
-1050,3336,-952
-1023,3364,-922
-993,3375,-887
-971,3371,-855
-955,3350,-828
-935,3323,-812
-917,3300,-796
-891,3296,-784
-859,3317,-773
-819,3346,-759
-767,3380,-743
-702,3405,-730
-635,3419,-730
-575,3429,-749
-516,3451,-778
-457,3479,-802
-395,3513,-821
-334,3547,-822
-279,3579,-830
-235,3606,-847
-200,3631,-864
-168,3657,-883
-132,3686,-895
-94,3727,-917
-59,3787,-933
-22,3864,-936
32,3939,-917
94,3998,-877
163,4017,-842
229,4008,-836
288,3983,-848
340,3975,-862
381,3987,-898
422,4036,-931
469,4105,-943
525,4172,-938
598,4225,-925
671,4259,-910
744,4273,-899
811,4271,-892
879,4265,-876
927,4252,-877
969,4243,-897
1010,4231,-886
1050,4214,-873
1084,4182,-871
1118,4142,-881
1156,4103,-880
1195,4060,-882
1236,4034,-869
1281,4017,-853
1331,4010,-839
1392,4021,-827
1455,4043,-807
1526,4072,-784
1602,4104,-755
1675,4133,-735
1747,4156,-714
1829,4170,-691
1913,4165,-665
1994,4150,-654
2071,4121,-645
2138,4088,-651
2198,4051,-658
2250,4025,-669
2284,3998,-680
2308,3974,-689
2329,3941,-693
2347,3899,-702
2364,3854,-711
2381,3804,-722
2391,3753,-739
2412,3701,-765
2436,3648,-781
2466,3601,-784
2509,3571,-761
2550,3559,-738
2595,3563,-714
2647,3577,-690
2700,3598,-642
2769,3619,-516
2820,3621,-450
2847,3600,-554
2885,3586,-687
2943,3593,-693
3002,3616,-646
3055,3644,-595
3100,3658,-562
3130,3657,-545
3151,3637,-543
3158,3599,-562
3157,3554,-581
3166,3502,-587
3171,3442,-581
3172,3382,-561
3159,3327,-531
3157,3255,-518
3170,3188,-497
3190,3131,-466
3207,3088,-434
3225,3048,-410
3248,3019,-385
3283,2991,-356
3320,2965,-339
3355,2937,-325
3394,2910,-312
3435,2880,-295
3477,2850,-282
3519,2814,-270
3554,2781,-260
3582,2741,-252
3606,2710,-244
3623,2683,-242
3625,2667,-250
3630,2653,-262
3634,2646,-286
3641,2643,-325
3656,2644,-370
3678,2648,-409
3701,2655,-443
3737,2668,-476
3773,2684,-497
3808,2695,-511
3840,2704,-517
3867,2712,-525
3888,2721,-487
3892,2719,-462
3889,2710,-461
3891,2698,-457
3900,2686,-439
3903,2664,-449
3917,2650,-427
3933,2634,-386
3944,2616,-349
3951,2591,-318
3950,2562,-300
3946,2540,-281
3942,2511,-253
3932,2483,-232
3919,2454,-219
3901,2420,-226
3880,2384,-246
3869,2353,-269
3861,2324,-274
3859,2294,-284
3858,2267,-317
3867,2244,-300
3881,2211,-269
3882,2175,-244
3880,2124,-230
3879,2071,-223
3873,2022,-218
3869,1979,-203
3861,1941,-181
3857,1907,-164
3848,1876,-150
3841,1847,-143
3830,1819,-136
3823,1792,-126
3817,1771,-115
3807,1750,-111
3796,1737,-126
3781,1727,-163
3767,1725,-209
3759,1734,-234
3756,1750,-244
3748,1772,-250
3736,1788,-249
3721,1788,-252
3716,1768,-243
3713,1731,-241
3710,1682,-258
3720,1625,-273
3736,1569,-277
3755,1516,-291
3783,1465,-319
3805,1417,-360
3839,1376,-394
3869,1346,-422
3894,1332,-442
3909,1335,-456
3908,1349,-470
3893,1372,-493
3870,1402,-518
3837,1433,-540
3799,1469,-562
3764,1506,-580
3729,1544,-592
3700,1584,-591
3675,1622,-595
3665,1657,-591
3656,1687,-581
3660,1712,-550
3669,1722,-514
3679,1725,-486
3691,1726,-457
3703,1716,-429
3717,1700,-403
3725,1678,-373
3735,1654,-348
3743,1625,-326
3746,1586,-306
3746,1548,-289
3747,1513,-277
3745,1482,-267
3742,1455,-263
3736,1429,-264
3732,1406,-284
3728,1384,-304
3729,1371,-325
3737,1365,-335
3752,1360,-340
3764,1354,-344
3780,1347,-340
3800,1338,-322
3824,1323,-303
3851,1296,-288
3874,1263,-274
3899,1234,-265
3917,1208,-253
3927,1185,-241
3926,1169,-231
3914,1155,-221
3900,1140,-211
3878,1128,-213
3851,1124,-212
3826,1126,-210
3801,1132,-212
3777,1140,-216
3757,1150,-228
3746,1158,-242
3737,1160,-253
3738,1167,-264
3742,1170,-273
3747,1175,-279
3761,1176,-283
3775,1179,-281
3785,1177,-279
3795,1170,-281
3806,1163,-276
3813,1164,-269
3819,1165,-259
3819,1166,-243
3819,1164,-233
3819,1165,-219
3812,1169,-216
3801,1173,-207
3794,1179,-203
3783,1186,-197
3770,1196,-195
3761,1204,-191
3757,1211,-191
3755,1218,-193
3758,1223,-194
3761,1228,-203
3772,1231,-216
3782,1235,-225
3796,1232,-234
3812,1232,-241
3825,1230,-243
3837,1235,-251
3845,1236,-255
3852,1237,-255
3859,1234,-257
3863,1233,-262
3859,1229,-265
3858,1220,-269
3849,1212,-280
3843,1209,-282
3837,1206,-288
3828,1209,-297
3820,1214,-308
3807,1219,-318
3804,1225,-333
3797,1227,-344
3798,1233,-357
3797,1243,-366
3800,1246,-374
3806,1252,-382
3808,1256,-386
3812,1262,-389
3815,1265,-389
3820,1265,-389
3827,1262,-392
3833,1258,-394
3836,1251,-390
3836,1253,-385
3837,1258,-379
3840,1261,-373
3841,1261,-367
3844,1265,-364
3841,1263,-358
3842,1266,-355
3842,1268,-355
3842,1269,-345
3838,1273,-340
3834,1273,-334
3823,1278,-330
3810,1284,-327
3800,1292,-318
3792,1303,-316
3787,1307,-310
3777,1316,-306
3774,1322,-308
3778,1322,-307
3785,1325,-307
3795,1335,-313
3800,1345,-318
3807,1352,-324
3809,1356,-328
3811,1360,-328
3810,1354,-330
3809,1352,-328
3798,1346,-322
3787,1348,-318
3777,1351,-308
3766,1353,-299
3756,1356,-294
3748,1367,-286
3736,1373,-279
3725,1379,-278
3718,1387,-274
3712,1398,-272
3711,1399,-275
3714,1402,-284
3722,1404,-289
3732,1411,-293
3739,1412,-296
3746,1422,-298
3758,1428,-302
3764,1432,-306
3770,1439,-312
3775,1436,-310
3779,1433,-306
3778,1429,-306
3778,1417,-303
3776,1410,-304
3777,1399,-299
3782,1390,-290
3784,1381,-286
3786,1382,-289
3788,1383,-288
3787,1388,-286
3785,1391,-283
3781,1393,-279
3777,1395,-275
3775,1395,-271
3772,1389,-274
3775,1386,-276
3779,1384,-283
3784,1385,-285
3787,1390,-288
3792,1394,-291
3794,1403,-298
3802,1408,-303
3803,1407,-303
3805,1400,-303
3805,1396,-305
3801,1394,-304
3796,1391,-300
3790,1392,-299
3778,1393,-302
3771,1395,-303
3764,1396,-304
3759,1400,-307
3758,1405,-305
3757,1409,-302
3757,1411,-304
3761,1408,-313
3767,1407,-318
3775,1400,-323
3782,1395,-326
3792,1393,-327
3792,1394,-325
3793,1394,-324
3793,1392,-328
3792,1388,-332
3790,1383,-329
3785,1380,-329
3776,1381,-327
3772,1379,-325
3767,1378,-321
3760,1377,-321
3755,1380,-326
3754,1383,-327
3756,1386,-328
3757,1388,-329
3760,1391,-331
3768,1395,-340
3773,1390,-346
3781,1387,-352
3788,1385,-355
3791,1382,-355
3796,1383,-357
3798,1383,-354
3798,1384,-351
3794,1381,-343
3790,1376,-344
3787,1368,-340
3781,1360,-334
3778,1352,-333
3771,1353,-332
3765,1347,-331
3761,1346,-328
3759,1345,-327
3759,1342,-323
3758,1342,-327
3756,1345,-325
3762,1343,-325
3760,1343,-324
3758,1345,-322
3757,1345,-325
3756,1348,-332
3755,1349,-336
3758,1353,-338
3760,1360,-336
3758,1363,-337
3762,1370,-336
3763,1377,-342
3764,1381,-345
3766,1381,-347
3760,1385,-344
3763,1379,-338
3764,1376,-332
3767,1372,-319
3768,1370,-309
3764,1362,-306
3771,1358,-304
3771,1356,-304
3772,1358,-303
3773,1359,-304
3775,1365,-307
3771,1369,-313
3774,1373,-316
3771,1376,-322
3771,1379,-325
3767,1384,-327
3765,1388,-326
3765,1388,-328
3763,1394,-326
3764,1397,-325
3766,1399,-324
3764,1404,-322
3764,1404,-323
3764,1407,-322
3766,1410,-321
3763,1410,-321
3764,1415,-327
3767,1419,-329
3765,1417,-328
3765,1421,-330
3774,1420,-333
3779,1423,-335
3780,1422,-335
3783,1419,-334
3786,1413,-333
3787,1411,-331
3787,1412,-336
3784,1407,-333
3788,1407,-327
3785,1406,-327
3783,1407,-331
3781,1408,-335
3779,1412,-338
3779,1418,-338
3779,1420,-337
3776,1418,-338
3775,1419,-338
3774,1421,-338
3772,1423,-335
3767,1424,-332
3766,1423,-325
3767,1425,-325
3772,1423,-321
3776,1421,-323
3783,1423,-328
3788,1418,-333
3795,1422,-338
3799,1420,-342
3806,1414,-342
3806,1411,-341
3811,1410,-340
3805,1408,-340
3800,1406,-337
3801,1403,-336
3793,1397,-333
3789,1390,-332
3782,1387,-326
3778,1382,-326
3770,1382,-324
3759,1387,-325
3751,1391,-326
3742,1397,-325
3741,1406,-326
3741,1412,-329
3742,1414,-330
3743,1413,-329
3750,1416,-332
3755,1416,-334
3763,1420,-337
3772,1425,-339
3777,1424,-339
3778,1429,-337
3779,1429,-336
3778,1428,-339
3776,1421,-341
3775,1415,-341
3770,1407,-338
3769,1403,-336
3765,1402,-333
3761,1395,-330
3760,1392,-328
3764,1388,-321
3767,1385,-321
3773,1382,-318
3775,1379,-316
3778,1374,-313
3780,1372,-313
3785,1372,-312
3785,1374,-312
3786,1375,-311
3786,1378,-313
3782,1383,-315
3772,1384,-313
3766,1390,-316
3759,1395,-320
3752,1399,-325
3752,1402,-326
3748,1405,-328
3748,1407,-332
3745,1414,-336
3741,1414,-339
3746,1415,-337
3754,1409,-333
3758,1407,-333
3758,1406,-329
3764,1406,-327
3770,1403,-330
3775,1401,-332
3778,1395,-336
3777,1390,-342
3779,1383,-345
3777,1379,-342
3777,1370,-335
3774,1362,-332
3766,1359,-324
3760,1356,-315
3758,1361,-307
3757,1360,-304
3758,1366,-307
3761,1371,-312
3770,1372,-320
3774,1373,-327
3779,1375,-337
3785,1380,-345
3786,1384,-360
3787,1392,-362
3784,1395,-366
3783,1397,-366
3781,1395,-368
3776,1394,-366
3768,1390,-366
3766,1390,-362
3760,1389,-364
3757,1387,-367
3754,1387,-366
3747,1386,-369
3744,1389,-372
3745,1387,-373
3741,1391,-372
3743,1396,-369
3744,1396,-373
3743,1396,-379
3749,1399,-379
3757,1396,-379
3758,1394,-384
3765,1392,-386
3772,1386,-384
3776,1381,-382
3776,1387,-377
3778,1385,-375
3780,1383,-368
3778,1380,-365
3777,1376,-364
3782,1374,-360
3782,1371,-361
3785,1369,-364
3785,1366,-362
3787,1367,-368
3787,1370,-370
3786,1371,-366
3787,1375,-367
3785,1379,-369
3789,1382,-368
3789,1383,-366
3794,1384,-365
3801,1379,-362
3808,1373,-362
3810,1370,-362
3811,1366,-368
3812,1366,-373
3811,1364,-371
3804,1366,-369
3795,1360,-365
3791,1358,-366
3785,1356,-366
3776,1353,-364
3769,1355,-365
3763,1361,-362
3762,1361,-359
3759,1359,-355
3756,1355,-351
3757,1354,-355
3757,1359,-363
3756,1361,-365
3755,1364,-369
3758,1371,-369
3758,1376,-374
3761,1376,-373
3762,1376,-375
3761,1371,-368
3761,1370,-369
3763,1367,-373
3763,1361,-372
3767,1360,-372
3772,1359,-370
3771,1360,-369
3774,1359,-371
3776,1355,-369
3777,1354,-370
3778,1350,-370
3778,1350,-371
3774,1347,-370
3772,1345,-371
3774,1347,-367
3774,1344,-363
3773,1344,-360
3775,1344,-361
3773,1345,-355
3770,1346,-351
3769,1344,-350
3772,1345,-347
3776,1348,-347
3775,1351,-353
3777,1355,-352
3779,1362,-355
3781,1364,-353
3779,1367,-353
3781,1365,-351
3778,1367,-356
3775,1365,-354
3772,1366,-354
3768,1367,-356
3766,1365,-358
3764,1365,-355
3765,1363,-357
3761,1365,-358
3761,1363,-353
3760,1362,-351
3762,1367,-352
3763,1366,-354
3765,1360,-361
3768,1356,-365
3776,1355,-366
3779,1352,-362
3776,1353,-366
3780,1356,-365
3779,1354,-357
3777,1355,-356
3770,1356,-352
3764,1351,-345
3765,1346,-343
3764,1342,-344
3764,1341,-348
3766,1343,-352
3772,1348,-356
3779,1354,-363
3786,1356,-369
3793,1359,-374
3796,1362,-372
3798,1364,-376
3798,1364,-377
3796,1357,-376
3793,1353,-376
3792,1354,-375
3792,1349,-374
3791,1346,-371
3786,1347,-367
3779,1345,-366
3774,1342,-363
3771,1342,-362
3768,1340,-366
3764,1340,-364
3762,1341,-365
3763,1337,-369
3765,1337,-372
3764,1338,-375
3772,1343,-379
3776,1347,-387
3781,1350,-390
3784,1347,-394
3785,1346,-400
3791,1339,-399
3788,1338,-400
3787,1334,-396
3787,1328,-396
3783,1325,-396
3778,1319,-400
3775,1319,-400
3780,1314,-405
3784,1312,-405
3788,1317,-403
3789,1314,-400
3791,1314,-397
3795,1311,-394
3794,1308,-389
3797,1303,-383
3799,1303,-377
3801,1300,-377
3801,1299,-372
3806,1301,-375
3808,1311,-378
3809,1313,-380
3807,1319,-379
3804,1320,-387
3801,1320,-391
3797,1320,-396
3795,1323,-397
3789,1326,-396
3787,1330,-399
3784,1332,-395
3788,1332,-388
3785,1330,-386
3787,1328,-386
3787,1325,-383
3787,1324,-380
3789,1322,-385
3787,1318,-387
3791,1317,-383
3790,1320,-382
3792,1318,-385
3792,1316,-386
3785,1314,-389
3775,1311,-387
3774,1311,-385
3769,1311,-384
3763,1312,-383
3759,1311,-379
3756,1313,-378
3754,1312,-380
3755,1315,-380
3753,1316,-383
3757,1318,-380
3761,1320,-379
3769,1322,-377
3777,1324,-375
3786,1324,-382
3795,1323,-380
3806,1321,-375
3811,1320,-371
3815,1313,-367
3815,1308,-365
3814,1302,-363
3815,1304,-357
3807,1303,-356
3806,1297,-358
3799,1299,-356
3796,1302,-358
3791,1305,-356
3790,1309,-353
3785,1313,-355
3783,1313,-357
3784,1317,-357
3785,1313,-357
3787,1316,-359
3789,1317,-361
3788,1317,-360
3789,1315,-356
3787,1315,-354
3786,1314,-350
3788,1313,-350
3786,1313,-346
3789,1314,-348
3788,1312,-354
3787,1314,-355
3791,1318,-358
3789,1321,-358
3791,1322,-359
3789,1320,-357
3788,1321,-351
3788,1318,-347
3788,1314,-341
3790,1312,-332
3788,1313,-331
3788,1311,-332
3801,1309,-335
3810,1312,-339
3817,1321,-351
3822,1321,-363
3823,1329,-369
3825,1330,-377
3822,1328,-382
3819,1328,-385
3816,1324,-385
3805,1318,-378
3799,1318,-371
3794,1314,-367
3788,1311,-366
3787,1310,-363
3788,1309,-358
3787,1309,-360
3788,1304,-365
3786,1307,-370
3782,1309,-374
3779,1313,-375
3775,1313,-379
3772,1315,-379
3772,1317,-386
3777,1320,-383
3780,1324,-387
3782,1327,-391
3783,1330,-393
3791,1329,-397
3797,1325,-398
3804,1322,-400
3810,1321,-400
3815,1319,-400
3813,1317,-396
3811,1315,-398
3806,1314,-399
3802,1317,-395
3798,1318,-393
3792,1313,-394
3789,1313,-393
3786,1317,-390
3784,1315,-387
3780,1315,-381
3781,1319,-378
3785,1319,-373
3792,1318,-374
3796,1319,-377
3802,1319,-381
3805,1321,-387
3808,1327,-391
3807,1327,-392
3801,1326,-392
3793,1326,-391
3789,1321,-397
3781,1319,-398
3776,1316,-399
3774,1315,-397
3777,1313,-392
3780,1314,-392
3783,1313,-389
3788,1319,-388
3794,1320,-386
3793,1322,-389
3798,1324,-385
3794,1321,-385
3790,1322,-389
3787,1319,-388
3786,1318,-386
3782,1318,-385
3774,1319,-383
3768,1325,-381
3769,1325,-382
3765,1325,-381
3764,1323,-383
3769,1326,-386
3772,1324,-386
3779,1321,-387
3785,1321,-388
3789,1322,-388
3790,1322,-388
3783,1323,-385
3781,1325,-382
3781,1322,-383
3776,1321,-383
3772,1320,-382
3771,1320,-381
3770,1318,-379
3770,1315,-371
3767,1315,-367
3764,1315,-360
3768,1314,-357
3773,1317,-357
3776,1318,-355
3783,1317,-356
3790,1314,-353
3789,1317,-356
3792,1317,-361
3792,1320,-361
3788,1320,-362
3776,1324,-363
3771,1332,-367
3771,1332,-373
3766,1334,-375
3766,1335,-374
3765,1335,-374
3763,1339,-374
3764,1336,-371
3770,1338,-370
3769,1338,-370
3773,1336,-373
3780,1337,-372
3785,1334,-374
3789,1333,-371
3792,1328,-363
3797,1325,-360
3795,1318,-352
3792,1310,-349
3791,1303,-347
3791,1297,-348
3787,1299,-351
3786,1300,-355
3785,1299,-360
3785,1308,-373
3782,1315,-387
3783,1324,-401
3780,1335,-406
3776,1344,-416
3768,1352,-421
3761,1354,-422
3757,1354,-422
3754,1355,-422
3754,1354,-420
3753,1354,-418
3756,1353,-420
3758,1353,-421
3763,1354,-418
3766,1355,-420
3768,1355,-427
3766,1347,-427
3766,1345,-430
3761,1341,-433
3763,1340,-434
3764,1342,-435
3764,1345,-434
3766,1348,-433
3773,1352,-441
3783,1354,-445
3786,1350,-447
3791,1351,-447
3793,1352,-443
3795,1354,-441
3797,1351,-438
3793,1351,-433
3792,1351,-431
3784,1349,-429
3784,1355,-428
3785,1353,-429
3784,1353,-429
3779,1354,-430
3778,1358,-427
3780,1362,-427
3779,1364,-426
3775,1367,-424
3777,1369,-426
3785,1368,-420
3788,1364,-417
3792,1366,-415
3792,1362,-413
3797,1359,-412
3795,1357,-407
3794,1349,-402
3790,1339,-395
3785,1332,-391
3781,1321,-385
3776,1317,-381
3770,1316,-377
3768,1313,-376
3765,1318,-379
3770,1316,-378
3776,1316,-375
3775,1319,-377
3773,1325,-380
3778,1327,-380
3777,1332,-384
3776,1335,-380
3770,1333,-382
3767,1331,-377
3769,1330,-375
3765,1331,-374
3766,1329,-370
3765,1329,-365
3764,1329,-367
3768,1326,-366
3768,1320,-366
3773,1316,-366
3780,1315,-368
3780,1312,-369
3782,1309,-365
3783,1310,-362
3785,1314,-364
3784,1315,-363
3781,1313,-361
3780,1315,-360
3777,1316,-364
3777,1317,-366
3781,1318,-370
3782,1319,-371
3786,1321,-369
3785,1322,-369
3787,1327,-373
3789,1332,-373
3787,1335,-370
3792,1331,-369
3793,1332,-370
3794,1336,-373
3793,1338,-378
3789,1335,-382
3784,1333,-383
3783,1331,-388
3780,1334,-386
3773,1337,-387
3768,1337,-389
3763,1342,-389
3760,1343,-387
3760,1340,-393
3765,1337,-392
3772,1335,-396
3779,1337,-398
3782,1340,-401
3783,1340,-401
3789,1340,-399
3791,1336,-397
3792,1338,-392
3787,1333,-391
3779,1327,-385
3774,1323,-383
3764,1324,-371
3762,1330,-367
3760,1329,-364
3760,1336,-364
3765,1340,-370
3769,1342,-383
3776,1346,-391
3784,1351,-400
3791,1359,-405
3791,1367,-409
3789,1371,-409
3788,1370,-404
3786,1368,-400
3784,1361,-393
3779,1353,-379
3774,1346,-375
3769,1342,-373
3766,1334,-370
3764,1336,-374
3769,1334,-373
3768,1335,-376
3770,1339,-375
3774,1344,-373
3774,1345,-370
3779,1349,-368
3784,1353,-373
3784,1355,-376
3787,1357,-371
3786,1354,-366
3789,1355,-370
3790,1355,-369
3791,1360,-364
3789,1367,-363
3788,1369,-362
3786,1370,-367
3783,1369,-370
3784,1365,-373
3787,1360,-376
3790,1356,-376
3793,1351,-378
3797,1352,-381
3799,1354,-379
3798,1354,-378
3799,1353,-379
3798,1349,-378
3798,1348,-378
3796,1346,-379
3796,1344,-375
3794,1343,-376
3793,1347,-375
3794,1349,-375
3792,1354,-382
3790,1362,-387
3790,1364,-391
3789,1364,-393
3786,1364,-392
3785,1359,-392
3786,1357,-386
3784,1358,-383
3785,1355,-384
3786,1355,-387
3787,1353,-388
3790,1354,-389
3791,1355,-391
3793,1357,-392
3792,1357,-392
3791,1357,-400
3792,1354,-398
3793,1351,-398
3792,1350,-398
3789,1349,-396
3786,1345,-396
3788,1341,-397
3790,1340,-396
3788,1342,-396
3785,1344,-398
3786,1343,-398
3789,1342,-400
3792,1342,-400
3790,1342,-401
3790,1345,-407
3790,1350,-405
3792,1349,-401
3792,1351,-403
3794,1353,-400
3790,1355,-400
3790,1352,-400
3786,1350,-400
3783,1350,-399
3779,1350,-400
3778,1350,-399
3777,1348,-397
3777,1349,-398
3779,1352,-396
3778,1354,-397
3781,1356,-400
3779,1360,-400
3781,1359,-402
3783,1357,-403
3784,1355,-401
3781,1354,-396
3777,1354,-394
3778,1354,-393
3775,1352,-392
3772,1351,-386
3770,1347,-384
3766,1348,-385
3767,1347,-386
3776,1344,-391
3783,1345,-399
3784,1352,-403
3791,1353,-408
3792,1356,-411
3791,1358,-411
3792,1359,-402
3790,1360,-398
3788,1351,-393
3780,1346,-388
3770,1341,-379
3765,1342,-375
3763,1342,-373
3761,1347,-376
3763,1355,-380
3764,1360,-387
3768,1372,-396
3775,1379,-406
3777,1385,-411
3779,1385,-415
3777,1387,-416
3775,1383,-417
3769,1379,-413
3767,1370,-403
3765,1362,-396
3762,1357,-395
3757,1353,-394
3759,1354,-389
3757,1350,-386
3755,1346,-388
3752,1339,-388
3749,1336,-390
3748,1337,-392
3746,1335,-390
3744,1338,-393
3748,1343,-390
3751,1344,-391
3754,1350,-388
3758,1355,-389
3758,1357,-390
3763,1362,-389
3768,1360,-386
3776,1356,-389
3781,1359,-391
3783,1358,-390
3786,1357,-385
3788,1356,-386
3791,1353,-381
3790,1355,-375
3787,1352,-377
3785,1351,-379
3781,1355,-379
3777,1355,-378
3769,1352,-375
3765,1354,-373
3761,1353,-376
3761,1353,-372
3764,1354,-372
3768,1362,-373
3771,1366,-378
3779,1371,-383
3783,1372,-387
3786,1371,-394
3785,1368,-398
3783,1367,-399
3779,1363,-401
3772,1361,-405
3765,1360,-404
3763,1362,-405
3759,1361,-407
3756,1365,-408
3756,1363,-407
3761,1363,-410
3764,1363,-412
3772,1361,-413
3778,1362,-414
3785,1361,-413
3790,1356,-413
3790,1355,-412
3783,1350,-413
3781,1341,-413
3779,1339,-409
3773,1332,-399
3765,1328,-396
3760,1328,-398
3759,1326,-396
3759,1324,-391
3759,1326,-391
3761,1331,-391
3760,1335,-388
3767,1339,-386
3768,1347,-387
3772,1356,-388
3772,1360,-386
3777,1359,-388
3778,1366,-393
3776,1370,-391
3776,1374,-392
3777,1373,-391
3777,1376,-390
3778,1374,-386
3778,1369,-390
3777,1362,-391
3778,1358,-390
3783,1353,-386
3788,1349,-385
3789,1349,-388
3790,1345,-391
3789,1342,-391
3786,1340,-393
3784,1337,-393
3785,1331,-393
3781,1328,-391
3777,1325,-388
3769,1328,-388
3765,1329,-387
3762,1332,-385
3757,1334,-386
3756,1338,-384
3758,1343,-384
3759,1347,-390
3766,1351,-398
3774,1353,-402
3780,1357,-411
3781,1364,-416
3788,1366,-421
3787,1366,-421
3790,1367,-417
3790,1362,-411
3792,1357,-406
3788,1352,-399
3789,1343,-389
3789,1337,-384
3783,1328,-383
3784,1327,-387
3784,1326,-391
3782,1327,-397
3785,1332,-403
3785,1338,-407
3784,1343,-412
3782,1343,-417
3784,1348,-417
3788,1350,-411
3789,1348,-406
3791,1348,-402
3794,1350,-400
3791,1350,-397
3791,1351,-397
3788,1352,-398
3784,1350,-399
3783,1349,-403
3776,1355,-404
3770,1356,-406
3764,1357,-406
3761,1360,-405
3762,1363,-406
3765,1367,-408
3772,1370,-407
3780,1372,-404
3780,1373,-402
3788,1373,-404
3795,1377,-403
3795,1372,-403
3798,1371,-407
3800,1367,-407
3798,1364,-402
3791,1361,-399
3786,1358,-399
3779,1354,-395
3776,1351,-393
3776,1349,-392
3774,1351,-388
3776,1349,-384
3779,1347,-388
3779,1344,-388
3780,1346,-385
3783,1346,-384
3779,1350,-382
3779,1354,-377
3779,1355,-380
3781,1355,-386
3778,1360,-385
3777,1362,-385
3774,1361,-386
3773,1359,-385
3773,1354,-385
3772,1358,-386
3772,1360,-388
3773,1364,-382
3772,1364,-382
3770,1365,-381
3773,1365,-381
3772,1366,-382
3774,1359,-378
3778,1351,-379
3780,1351,-380
3774,1354,-382
3774,1353,-381
3772,1352,-384
3766,1354,-385
3766,1356,-390
3766,1356,-389
3767,1357,-390
3762,1357,-391
3766,1357,-393
3770,1360,-393
3771,1362,-390
3774,1366,-395
3773,1362,-398
3774,1369,-401
3772,1371,-404
3770,1371,-406
3766,1370,-408
3761,1366,-408
3763,1364,-410
3767,1366,-410
3766,1368,-414
3768,1368,-413
3766,1366,-412
3769,1362,-409
3775,1356,-408
3777,1354,-410
3776,1348,-406
3777,1344,-399
3776,1343,-396
3775,1340,-397
3774,1341,-397
3771,1345,-399
3768,1351,-401
3767,1356,-400
3767,1359,-405
3764,1361,-403
3758,1363,-402
3757,1366,-399
3755,1370,-402
3755,1372,-401
3757,1371,-401
3755,1371,-398
3756,1371,-393
3759,1369,-390
3757,1362,-387
3758,1362,-389
3761,1362,-393
3764,1369,-399
3767,1373,-402
3773,1371,-405
3777,1371,-405
3779,1367,-404
3782,1363,-406
3780,1357,-402
3777,1356,-398
3772,1351,-396
3766,1348,-391
3759,1347,-391
3754,1351,-389
3752,1359,-396
3753,1363,-405
3762,1367,-411
3764,1379,-418
3766,1382,-424
3771,1385,-426
3776,1387,-429
3777,1385,-425
3779,1383,-420
