215,4068,3112
230,4053,3116
226,4082,2994
254,4054,3203
231,4238,3034
208,4180,3008
240,4058,3198
216,4084,3098
250,4064,3114
216,4050,3178
254,4082,3157
250,4081,3066
274,4055,3103
230,4063,3015
270,4208,2993
268,4076,3056
221,4068,3118
264,4073,3164
229,4069,3150
246,4051,3154
247,4100,3063
269,4063,3066
266,4075,3081
239,4201,3021
239,4096,3010
237,4102,3141
241,4094,3143
267,4068,3130
227,4056,3129
226,4072,3088
228,4069,3178
265,4072,3120
264,4171,3088
237,4086,3126
241,4078,3094
208,4069,3098
219,4073,3070
237,4073,3086
220,4069,3133
243,4075,3123
225,4084,3132
234,4255,2987
238,4189,2997
221,4099,3077
234,4090,3061
231,4058,3080
264,4075,3084
221,4072,3056
248,4060,3018
244,4059,3017
219,4193,2935
236,4204,2978
191,4079,3064
225,4070,3040
199,4061,3048
233,4072,3034
228,4037,2986
250,4083,2987
234,4081,3056
234,4269,2995
205,4177,2937
239,4089,3019
233,4084,3005
230,4065,2932
238,4065,3018
192,4068,3028
218,4050,3026
209,4067,3056
243,4251,2880
259,4292,2878
219,4311,2949
218,4320,2910
243,4196,2900
164,4107,3027
166,4089,3038
249,4089,2980
174,4082,2939
219,4064,3025
220,4191,2894
188,4085,2961
219,4059,2977
199,4078,3003
233,4045,3053
207,4081,3059
252,4080,3055
206,4059,3038
209,4077,3052
208,4188,3011
185,4095,3030
199,4040,2977
164,4052,2944
215,4051,3004
240,4027,3051
193,4061,3086
238,4109,2986
208,4057,3050
214,4171,3006
234,4043,3052
188,4085,3001
190,4054,2999
169,4064,3055
196,4065,3037
215,4070,2911
182,4061,2979
220,4084,2990
190,4172,2974
185,4166,3016
192,4047,3047
209,4085,3013
225,4083,3018
201,4080,2985
227,4034,2999
221,4035,3010
223,4047,2974
207,4172,2953
204,4166,2878
190,4033,2957
215,4047,2912
200,4075,2989
171,4074,3011
194,4108,3047
180,4040,3036
183,4055,3034
157,4235,2945
176,4210,2987
212,4069,3057
194,4072,2937
225,4032,2964
199,4055,2918
200,4052,2931
202,4062,3004
209,4063,2927
199,4125,2930
237,4186,2843
211,4051,2949
208,4065,2944
187,4086,2954
189,4031,2983
192,4050,2915
158,4016,2940
188,4044,2903
190,4056,2920
197,4168,2825
199,4052,3013
202,4077,2975
197,4053,2989
228,4042,2977
204,4051,2978
207,4072,2993
214,4077,2983
203,4063,2998
214,4181,2929
215,4071,3044
212,4053,2975
205,4052,2989
216,4083,2922
234,4074,3051
238,4133,2922
211,4086,2877
234,4073,2987
228,4196,2934
236,4080,2996
212,4094,3003
195,4098,2949
199,4087,2964
228,4082,2978
213,4119,2965
256,4079,2974
215,4047,2940
217,4168,2894
204,4174,2861
232,4059,3032
235,4072,3070
250,4065,2980
247,4018,3094
223,4055,3076
232,4043,2976
214,4060,3019
229,4258,2976
242,4126,2864
290,4076,3032
240,4063,2988
219,4038,3024
220,4064,3014
228,4024,2983
252,4050,3014
254,4092,3072
255,4283,3016
242,4167,2983
235,4058,2984
228,4038,3050
217,4064,3048
230,4065,2984
217,4048,3048
259,4068,3108
223,4077,3079
223,4101,3056
210,4181,2972
246,4067,3044
257,4058,3069
272,4074,3046
252,4084,3071
207,4104,3056
230,4094,3068
268,4094,3041
246,4070,3054
266,4205,2968
264,4078,3028
249,4082,3069
244,4062,3062
231,4055,3072
251,4086,3077
255,4085,3067
258,4072,3021
231,4075,3063
231,4205,2946
264,4101,3058
251,4089,3081
249,4064,3058
263,4087,3036
241,4140,3074
223,4099,3056
235,4105,3086
200,4097,3048
236,4213,2990
225,4208,3045
244,4103,3064
270,4091,3154
236,4082,3091
262,4077,3115
232,4074,3123
241,4106,3022
256,4065,2981
227,4242,2913
272,4321,2959
214,4276,2954
231,4247,2971
204,4206,2983
231,4064,3091
196,4079,3045
239,4098,3147
232,4067,3102
254,4251,2982
253,4188,2964
250,4086,3021
224,4076,3041
233,4070,3035
226,4061,3035
220,4074,3030
214,4095,3081
214,4087,3140
210,4154,2943
206,4210,2932
215,4117,3040
229,4083,3041
216,4087,3053
232,4057,3056
220,4073,3114
252,4110,3018
215,4089,3079
249,4086,3079
194,4203,2960
213,4065,3071
203,4086,3053
202,4094,3053
225,4064,3010
190,4100,2988
236,4080,3077
218,4108,3044
252,4103,2997
222,4185,2916
205,4061,3008
193,4096,2972
226,4105,3055
211,4079,3023
212,4080,3070
227,4102,3024
224,4072,3018
191,4078,3068
227,4219,2969
199,4063,3000
205,4072,3056
206,4071,3077
225,4062,3048
210,4076,3029
209,4066,2945
187,4083,3007
224,4090,2988
191,4209,2935
234,4196,2926
224,4050,3045
204,4065,3015
203,4083,3032
218,4088,3045
212,4100,3037
209,4029,2958
251,4059,3070
227,4290,2984
189,4194,2968
201,4040,3057
202,4055,3083
211,4072,3051
211,4071,2956
186,4093,3059
243,4070,3085
237,4062,3033
237,4236,2879
235,4190,2958
199,4059,3038
208,4007,3051
226,4054,3056
195,4046,3016
197,4052,3039
239,4034,3042
202,4035,3008
227,4034,3040
215,4189,2997
164,4081,3028
197,4033,3029
212,4060,2978
201,4077,2994
206,4052,3018
211,4052,3001
200,4024,2974
190,4039,3057
156,4154,2922
167,4072,2991
197,4077,2981
202,4096,3031
188,4051,3030
178,4018,2982
206,4052,2975
199,4062,2982
203,4070,2959
209,4173,2911
192,4044,3019
202,4068,2982
211,4042,3016
192,4051,2968
184,4056,2947
185,4071,2947
151,4082,3005
172,4051,2975
181,4179,2889
170,4153,2944
185,4052,2948
169,4075,3039
188,4047,3039
224,4063,2994
202,4057,3017
215,4071,2944
190,4072,3085
207,4184,2859
197,4148,2939
188,4045,2971
221,4032,3029
234,4030,2982
217,4073,2965
211,4027,2948
220,4050,3012
256,4025,3029
208,4245,2957
242,4127,2930
248,4029,2997
215,4068,2958
215,4062,3029
257,4046,3036
256,4033,2951
221,4015,3020
198,4042,2990
189,4127,2914
189,4170,2898
194,4048,3038
198,4081,2997
178,4066,2989
217,4056,2964
198,4077,2978
210,4079,3043
199,4056,3017
211,4060,3039
219,4188,2939
209,4049,3018
222,4066,3000
228,4046,3016
228,4065,3079
169,4050,3017
175,4047,3077
205,4051,3064
213,4052,2971
237,4151,2915
190,4073,3076
206,4063,3045
204,4047,3027
220,4039,3121
191,4068,3122
215,4065,3080
191,4029,3001
225,4059,2979
253,4277,2915
215,4298,2865
211,4230,2903
207,4146,2956
231,4182,2998
237,4050,3100
231,4049,3095
251,4054,3064
246,4048,3096
264,4154,2995
208,4175,2945
247,4050,3035
266,4075,3056
233,4085,3044
247,4058,3074
210,4069,3066
252,4075,3106
208,4085,3088
232,4317,3007
240,4203,2986
239,4087,3141
222,4126,3063
235,4119,3089
257,4094,3156
234,4087,3079
213,4075,3097
256,4098,3110
232,4316,3001
220,4200,3049
197,4091,3131
209,4101,3101
227,4109,3087
211,4087,3194
238,4105,3191
262,4109,3130
235,4094,3026
245,4074,3067
239,4190,3102
238,4116,3054
215,4076,3085
237,4075,3079
227,4106,3034
241,4111,3112
239,4102,3087
233,4126,3093
233,4122,3104
263,4242,2988
233,4110,3119
253,4101,3053
251,4097,3074
232,4105,3097
262,4104,3086
249,4089,3106
220,4121,3082
283,4112,3040
256,4232,3015
261,4086,3105
272,4099,3117
268,4086,3109
264,4090,3117
287,4104,3073
264,4098,3053
264,4135,3080
251,4107,3071
266,4208,3074
265,4142,3108
278,4097,3098
249,4106,3130
239,4064,3118
244,4080,3109
247,4096,2991
215,4075,3126
212,4076,3039
221,4195,3031
245,4213,2953
236,4054,3081
202,4107,3073
226,4070,3054
223,4078,3056
214,4113,2996
221,4091,3043
207,4107,3053
223,4276,2993
220,4212,2985
193,4118,2990
246,4109,3066
220,4090,3076
211,4058,3041
217,4096,3073
193,4091,3002
256,4089,3017
227,4191,3023
216,4211,2955
238,4114,3045
227,4090,3020
222,4082,3058
253,4113,3070
230,4092,3033
231,4101,2993
228,4061,3101
278,4071,2968
253,4196,2898
258,4071,2982
239,4095,3107
229,4101,3029
249,4115,3024
265,4100,3021
245,4101,2952
255,4106,3025
227,4081,3025
242,4171,2934
225,4092,3066
292,4100,2984
266,4092,2992
257,4098,3069
250,4100,3028
249,4105,3035
233,4120,3066
238,4126,3041
261,4214,2994
256,4115,2970
256,4103,3014
269,4118,3006
256,4124,3024
234,4098,3083
288,4058,3063
270,4119,3038
232,4127,3047
247,4295,2934
280,4216,2889
241,4104,3004
233,4105,3016
205,4101,3011
199,4098,2961
214,4072,2990
221,4067,2977
234,4085,3032
222,4247,2968
213,4193,2888
237,4074,2964
231,4064,3021
215,4088,2952
221,4048,2965
210,4063,2977
223,4080,2984
228,4052,3000
236,4257,2914
201,4281,2837
240,4292,2851
245,4266,2785
229,4191,2911
241,4061,2978
199,4077,2991
213,4046,2925
236,4080,2952
241,4098,2939
219,4216,2909
224,4220,2893
203,4047,3061
200,4063,2883
224,4046,2898
208,4075,2907
240,4075,2904
221,4065,2996
220,4044,2860
248,4173,2865
247,4051,2860
236,4027,2843
246,4041,2854
216,4075,2912
219,4034,2879
250,4036,2850
225,4053,2863
222,4032,2815
219,4116,2742
231,4022,2842
227,4035,2766
207,4037,2801
254,4007,2808
216,3993,2799
191,4024,2752
239,4041,2869
234,4021,2802
211,4136,2759
204,4017,2707
229,4007,2757
204,3979,2788
209,4003,2704
215,4005,2737
227,3975,2716
191,3973,2729
176,3985,2751
200,4085,2693
191,4115,2601
183,3962,2733
218,3966,2753
232,3929,2721
227,3949,2699
205,3927,2672
240,3960,2577
202,3962,2669
232,4109,2523
198,4045,2539
169,3909,2617
171,3899,2685
237,3894,2545
229,3913,2587
201,3916,2590
191,3881,2601
165,3890,2560
194,4069,2553
222,4013,2469
223,3879,2584
202,3891,2556
207,3911,2526
196,3876,2551
195,3853,2565
183,3875,2506
186,3874,2517
194,3835,2487
168,3997,2437
197,3870,2402
186,3859,2523
175,3826,2449
141,3867,2474
147,3833,2448
202,3824,2432
153,3801,2480
146,3802,2429
175,3932,2351
184,3789,2422
217,3804,2513
206,3798,2474
179,3789,2436
168,3765,2459
195,3730,2407
188,3745,2448
188,3736,2382
165,3837,2314
161,3680,2345
190,3704,2404
185,3690,2378
190,3653,2371
200,3699,2385
137,3704,2414
165,3680,2353
163,3680,2379
174,3771,2358
144,3792,2376
194,3635,2305
179,3647,2344
195,3649,2401
180,3650,2395
194,3584,2351
186,3587,2354
181,3577,2416
158,3711,2269
153,3731,2311
162,3594,2319
194,3578,2327
188,3601,2351
195,3578,2268
190,3565,2323
183,3555,2312
183,3529,2378
195,3692,2192
200,3683,2216
189,3509,2311
219,3520,2261
203,3500,2337
196,3502,2269
179,3484,2275
165,3478,2311
183,3467,2263
201,3531,2188
200,3613,2208
181,3451,2232
179,3503,2287
176,3471,2224
185,3481,2205
207,3423,2287
197,3475,2322
189,3456,2340
207,3447,2283
197,3546,2240
197,3436,2306
209,3422,2344
206,3493,2294
170,3470,2293
182,3401,2295
207,3448,2216
166,3401,2263
154,3419,2253
155,3521,2128
158,3404,2236
194,3400,2307
188,3360,2204
167,3358,2273
152,3350,2283
163,3331,2256
157,3321,2240
191,3329,2176
159,3417,2151
178,3306,2291
155,3349,2225
188,3300,2236
150,3270,2175
186,3286,2304
158,3274,2263
187,3293,2251
203,3275,2198
159,3446,2171
178,3459,2155
182,3490,2134
192,3430,2142
206,3357,2195
200,3242,2250
169,3279,2273
179,3247,2244
178,3238,2237
159,3451,2138
164,3339,2111
165,3246,2261
168,3234,2206
161,3230,2224
167,3240,2254
165,3212,2220
144,3187,2288
136,3142,2211
128,3362,2197
139,3258,2163
125,3131,2141
95,3137,2225
107,3110,2219
119,3085,2105
100,3102,2209
95,3080,2169
132,3041,2249
135,3094,2156
90,3163,2151
55,3012,2254
86,3008,2200
99,2973,2152
55,2966,2267
38,2968,2229
37,2915,2283
23,2935,2207
7,2877,2277
-31,2976,2161
-48,2844,2291
-29,2855,2286
-74,2853,2257
-86,2825,2300
-60,2781,2322
-103,2730,2304
-125,2703,2369
-81,2690,2374
-105,2819,2297
-87,2648,2421
-136,2588,2493
-131,2562,2458
-137,2493,2467
-191,2454,2585
-246,2391,2585
-248,2362,2616
-281,2295,2705
-310,2355,2730
-333,2245,2837
-349,2163,2966
-394,2096,3016
-408,2011,3141
-399,1942,3371
-452,1852,3345
-458,1811,3540
-472,1745,3634
-481,1806,3648
-478,1782,3785
-466,1595,4055
-492,1557,4134
-466,1498,4367
-510,1476,4506
-553,1414,4873
-597,1344,5159
-690,1325,5290
-809,1536,5147
-828,1491,5091
-844,1367,5287
-722,1303,5443
-708,1243,5634
-693,1207,5808
-770,1224,6017
-842,1228,6199
-932,1246,6326
-940,1399,6256
-978,1332,6266
-999,1236,6408
-1012,1213,6502
-988,1218,6455
-947,1190,6480
-879,1189,6441
-839,1243,6710
-815,1316,7164
-819,1378,7565
-725,1540,7502
-585,1567,7963
-581,1734,8289
-579,1893,8396
-607,2011,8627
-549,2022,8626
-467,1946,8580
-433,1891,8529
-430,1824,8617
-387,1924,8507
-403,1804,8567
-442,1787,8655
-414,1797,8609
-426,1802,8670
-463,1825,8689
-423,1810,8701
-436,1795,8713
-425,1835,8581
-431,1897,8554
-428,1817,8586
-452,1793,8597
-466,1815,8644
-464,1803,8621
-448,1797,8617
-447,1816,8580
-446,1805,8596
-450,1842,8632
-487,1953,8515
-478,1941,8521
-464,1832,8618
-421,1818,8621
-475,1824,8515
-426,1805,8578
-431,1812,8547
-415,1727,8450
-430,1692,8453
-426,1825,8389
-430,1811,8288
-397,1670,8309
-373,1675,8368
-370,1642,8379
-386,1683,8355
-382,1664,8383
-367,1661,8296
-405,1635,8373
-382,1837,8192
-358,1785,8295
-349,1705,8329
-395,1648,8398
-377,1674,8446
-342,1689,8393
-387,1666,8437
-338,1698,8391
-392,1677,8406
-429,1691,8284
-378,1810,8326
-408,1724,8372
-404,1730,8420
-384,1758,8433
-399,1734,8411
-369,1756,8436
-406,1737,8499
-378,1759,8532
-409,1743,8482
-379,1860,8339
-384,1763,8532
-396,1772,8507
-401,1741,8462
-417,1768,8419
-365,1721,8450
-379,1762,8514
-392,1761,8428
-395,1748,8529
-364,1949,8332
-360,1909,8431
-402,1867,8373
-388,1822,8409
-361,1790,8389
-394,1717,8347
-379,1718,8383
-403,1740,8419
-408,1730,8410
-393,1844,8455
-408,1754,8463
-404,1720,8497
-402,1699,8455
-387,1732,8443
-419,1741,8472
-362,1761,8445
-390,1741,8477
-374,1743,8506
-383,1994,8419
-380,1860,8372
-398,1725,8514
-404,1761,8464
-419,1705,8507
-409,1747,8469
-395,1747,8510
-399,1756,8538
-387,1772,8494
-383,1952,8394
-362,1844,8459
-398,1720,8497
-395,1727,8512
-388,1736,8487
-375,1701,8506
-364,1740,8434
-367,1729,8418
-352,1719,8518
-358,1928,8408
-352,1842,8342
-374,1745,8517
-406,1721,8526
-390,1740,8422
-398,1755,8447
-389,1757,8408
-374,1795,8540
-355,1747,8467
-412,1764,8535
-338,1873,8313
-370,1743,8473
-391,1708,8436
-390,1723,8429
-371,1739,8485
-415,1728,8463
-411,1736,8448
-434,1751,8488
-356,1714,8369
-423,1852,8332
-388,1757,8398
-408,1736,8427
-409,1755,8474
-400,1755,8483
-412,1751,8413
-370,1728,8486
-374,1757,8447
-377,1728,8482
-404,1832,8363
-374,1761,8427
-390,1747,8475
-379,1757,8474
-387,1752,8449
-372,1748,8450
-359,1740,8501
-389,1738,8470
-405,1709,8435
-378,1839,8428
-406,1875,8399
-378,1711,8404
-405,1704,8406
-408,1710,8430
-395,1725,8495
-411,1747,8441
-409,1755,8415
-403,1731,8490
-395,1867,8485
-376,1873,8390
-387,1729,8502
-407,1741,8490
-398,1704,8461
-399,1717,8501
-389,1728,8479
-364,1755,8525
-394,1723,8487
-341,1921,8325
-355,1886,8329
-382,1710,8421
-397,1702,8483
-387,1745,8483
-378,1758,8473
-375,1752,8379
-389,1714,8446
-400,1742,8513
-415,1764,8426
-391,1853,8365
-380,1768,8510
-400,1767,8514
-388,1786,8448
-378,1741,8431
-406,1749,8476
-397,1780,8530
-408,1760,8424
-402,1765,8438
-409,1864,8432
-407,1751,8505
-419,1763,8465
-429,1739,8515
-434,1745,8527
-410,1768,8464
-418,1776,8468
-416,1741,8427
-397,1773,8353
-369,1882,8354
-373,1899,8354
-375,1757,8482
-385,1770,8454
-406,1779,8437
-428,1782,8418
-367,1761,8492
-379,1737,8491
-393,1760,8482
-383,1888,8356
-384,1745,8488
-365,1733,8394
-392,1723,8444
-406,1762,8457
-373,1769,8478
-396,1729,8445
-381,1756,8519
-401,1745,8448
-392,1869,8352
-355,1853,8327
-375,1763,8433
-405,1737,8466
-414,1750,8530
-397,1730,8445
-399,1769,8433
-407,1759,8437
-411,1753,8417
-357,1962,8443
-426,1839,8409
-395,1776,8441
-407,1737,8500
-403,1752,8499
-409,1795,8445
-379,1771,8513
-394,1746,8458
-396,1754,8454
-388,1938,8358
-377,1855,8420
-392,1729,8509
-373,1779,8504
-412,1747,8483
-399,1750,8436
-386,1770,8449
-390,1740,8468
-368,1730,8500
-410,1751,8481
-376,1906,8389
-406,1971,8336
-418,1983,8397
-413,1848,8454
-413,1785,8505
-403,1738,8512
-394,1749,8492
-391,1739,8412
-401,1773,8521
-385,1945,8400
-392,1852,8380
-391,1737,8455
-429,1731,8514
-409,1755,8448
-392,1759,8503
-383,1771,8519
-385,1746,8557
-395,1743,8496
-364,1852,8404
-403,1871,8317
-388,1756,8432
-404,1730,8434
-381,1755,8476
-371,1748,8403
-404,1736,8507
-380,1734,8499
-408,1724,8466
-399,1849,8378
-383,1837,8499
-380,1729,8495
-381,1738,8397
-410,1715,8501
-388,1775,8510
-388,1746,8516
-371,1759,8533
-404,1724,8447
-376,1874,8435
-378,1863,8441
-345,1770,8505
-406,1751,8549
-355,1768,8469
-372,1748,8530
-390,1757,8592
-378,1777,8550
-391,1749,8497
-392,1938,8388
-399,1844,8483
-382,1767,8476
-398,1762,8538
-382,1747,8520
-381,1749,8538
-384,1734,8488
-375,1743,8526
-386,1736,8474
-329,1790,8448
-327,1870,8427
-354,1764,8523
-369,1767,8600
-363,1731,8493
-358,1784,8484
-357,1764,8486
-323,1742,8469
-372,1752,8485
-342,1748,8495
-340,1849,8417
-350,1740,8526
-340,1749,8499
-341,1738,8501
-361,1735,8460
-343,1751,8511
-383,1738,8489
-353,1736,8494
-370,1767,8568
-344,1944,8390
-374,1871,8438
-354,1768,8539
-366,1781,8469
-373,1753,8500
-360,1758,8465
-368,1752,8504
-337,1782,8520
-348,1744,8522
-341,1903,8447
-337,1888,8433
-346,1779,8411
-435,1771,8479
-412,1778,8491
-387,1788,8482
-389,1764,8498
-352,1742,8525
-375,1759,8456
-367,1915,8445
-390,1876,8428
-369,1781,8505
-360,1751,8550
-377,1786,8459
-365,1770,8512
-397,1778,8545
-396,1755,8515
-378,1763,8436
-365,1955,8389
-388,1903,8414
-382,1755,8513
-375,1772,8518
-394,1744,8538
-396,1769,8502
-394,1749,8497
-357,1756,8483
-390,1771,8493
-369,1940,8417
-363,1882,8387
-401,1747,8529
-359,1755,8520
-365,1774,8482
-374,1771,8475
-407,1762,8532
-392,1790,8542
-377,1751,8537
-363,1776,8499
-390,1862,8429
-387,1772,8582
-356,1761,8650
-400,1770,8469
-377,1783,8467
-397,1754,8522
-405,1752,8556
-367,1735,8506
-420,1750,8436
-377,1873,8372
-399,1758,8490
-384,1770,8570
-375,1760,8491
-398,1742,8619
-439,1779,8536
-401,1791,8566
-377,1728,8537
-391,1737,8507
-372,1886,8489
-388,1871,8431
-413,1775,8579
-379,1732,8609
-379,1739,8435
-387,1745,8490
-386,1760,8470
-397,1749,8525
-375,1761,8554
-403,1986,8456
-397,1987,8456
-371,2018,8384
-351,1999,8415
-378,1890,8366
-414,1899,8470
-377,1781,8462
-352,1775,8475
-369,1759,8439
-401,1887,8404
-379,1852,8472
-367,1745,8492
-341,1738,8467
-359,1778,8580
-398,1756,8499
-383,1785,8540
-381,1740,8530
-411,1753,8476
-386,1963,8431
-387,1865,8402
-345,1772,8477
-389,1772,8524
-333,1752,8578
-366,1744,8555
-370,1748,8519
-370,1745,8491
-368,1734,8522
-381,1865,8350
-371,1875,8416
-397,1760,8461
-356,1755,8517
-370,1749,8573
-372,1767,8584
-391,1742,8539
-379,1730,8497
-376,1770,8508
-379,1760,8502
-348,1888,8436
-360,1739,8494
-354,1742,8560
-373,1760,8477
-357,1742,8493
-359,1773,8468
-381,1778,8500
-378,1760,8491
-355,1756,8513
-370,1878,8403
-374,1836,8367
-355,1749,8519
-347,1768,8507
-329,1734,8545
-389,1757,8518
-375,1721,8562
-363,1746,8510
-369,1743,8438
-379,1890,8475
-397,1910,8418
-383,1775,8451
-381,1779,8480
-372,1786,8482
-383,1755,8484
-366,1751,8470
-374,1754,8503
-387,1789,8429
-383,1927,8409
-381,1890,8461
-368,1763,8478
-367,1752,8553
-405,1742,8480
-425,1763,8468
-420,1729,8549
-407,1763,8514
-386,1741,8497
-406,2005,8382
-423,1906,8419
-380,1761,8568
-387,1759,8565
-376,1772,8532
-407,1771,8520
-413,1773,8480
-374,1797,8532
-388,1760,8602
-405,1977,8399
-374,1886,8387
-436,1779,8526
-418,1763,8519
-411,1772,8543
-392,1771,8435
-389,1768,8442
-416,1766,8511
-369,1757,8513
-374,1769,8506
-383,1873,8412
-410,1771,8457
-358,1744,8516
-390,1762,8420
-370,1777,8469
-393,1752,8404
-404,1745,8469
-350,1776,8478
-395,1751,8425
-390,1878,8391
-409,1785,8516
-370,1720,8521
-400,1783,8446
-380,1763,8482
-422,1772,8504
-392,1772,8499
-369,1757,8439
-382,1780,8485
-398,1876,8393
-384,1910,8385
-394,1779,8456
-396,1769,8537
-432,1756,8401
-385,1712,8532
-412,1775,8504
-395,1721,8473
-389,1758,8516
-427,1951,8456
-418,1866,8462
-394,1745,8553
-397,1717,8480
-394,1763,8512
-399,1761,8614
-421,1775,8529
-395,1769,8487
-404,1763,8438
-396,1996,8459
-404,1894,8378
-409,1754,8476
-416,1714,8493
-405,1751,8511
-393,1764,8549
-377,1722,8513
-417,1753,8461
-406,1762,8573
-384,1933,8397
-416,1884,8362
-387,1760,8438
-398,1766,8463
-417,1772,8499
-396,1765,8545
-398,1770,8486
-403,1785,8523
-392,1747,8510
-390,1945,8428
-380,1903,8411
-399,1773,8425
-369,1768,8525
-372,1745,8502
-354,1749,8481
-384,1766,8502
-382,1753,8532
-385,1789,8534
-386,1770,8485
-399,1861,8473
-395,1759,8492
-409,1737,8545
-424,1787,8510
-400,1761,8491
-420,1720,8496
-395,1730,8536
-447,1735,8416
-422,1731,8570
-413,1894,8357
-398,1964,8386
-419,1993,8342
-366,1925,8401
-409,1850,8336
-381,1746,8468
-363,1743,8451
-410,1722,8487
-395,1734,8534
-391,1873,8359
-382,1839,8332
-413,1722,8462
-431,1768,8510
-390,1767,8441
-391,1762,8461
-405,1746,8469
-389,1757,8496
-392,1764,8452
-365,1916,8429
-371,1853,8434
-401,1753,8465
-403,1721,8458
-394,1723,8492
-403,1709,8435
-377,1725,8453
-399,1717,8519
-371,1699,8476
-388,1819,8357
-351,1823,8379
-408,1696,8549
-371,1751,8487
-369,1750,8536
-360,1700,8537
-380,1719,8478
-364,1746,8417
-381,1716,8426
-342,1931,8400
-380,1853,8386
-357,1749,8446
-377,1724,8473
-413,1746,8459
-393,1766,8474
-347,1766,8477
-386,1736,8482
-395,1766,8436
-358,1734,8477
-404,1856,8501
-358,1702,8404
-366,1749,8540
-360,1765,8453
-388,1746,8491
-413,1728,8488
-401,1769,8468
-405,1742,8462
-398,1721,8456
-392,1852,8412
-357,1743,8516
-364,1759,8453
-382,1740,8411
-399,1759,8475
-394,1734,8498
-370,1710,8456
-357,1713,8545
-368,1751,8509
-349,1852,8401
-365,1849,8407
-386,1725,8462
-360,1762,8448
-352,1731,8544
-350,1716,8445
-347,1715,8524
-366,1734,8538
-397,1737,8529
-375,1953,8332
-379,1878,8428
-355,1776,8482
-356,1768,8468
-358,1760,8490
-355,1767,8503
-353,1777,8449
-361,1763,8435
-378,1757,8450
-333,1977,8436
-379,1880,8436
-381,1777,8491
-395,1731,8473
-371,1743,8420
-333,1743,8466
-370,1756,8419
-393,1760,8427
-363,1764,8468
-385,1774,8468
-437,1879,8510
-370,1753,8547
-390,1765,8440
-360,1780,8462
-377,1756,8460
-397,1761,8416
-422,1768,8455
-379,1739,8477
-391,1945,8320
-372,1889,8326
-380,1766,8490
-399,1775,8448
-399,1761,8475
-363,1749,8470
-395,1745,8574
-394,1758,8506
-387,1780,8559
-384,1761,8495
-355,1905,8413
-356,1769,8511
-359,1790,8454
-386,1760,8475
-391,1797,8495
-383,1783,8552
-379,1761,8511
-365,1763,8539
-385,1769,8461
-379,1868,8387
-409,1808,8592
-406,1762,8495
-443,1769,8501
-378,1788,8529
-389,1785,8495
-406,1772,8524
-382,1776,8530
-400,1746,8527
-375,1998,8407
-379,1901,8430
-416,1776,8502
-404,1800,8492
-397,1777,8542
-404,1742,8516
-392,1782,8485
-387,1787,8533
-417,1755,8542
-419,1930,8378
-427,1863,8392
-399,1750,8483
-424,1752,8467
-410,1768,8527
-440,1759,8574
-436,1806,8519
-449,1806,8531
-418,1795,8538
-409,1941,8420
-438,1897,8396
-408,1746,8544
-418,1749,8494
-445,1734,8447
-431,1770,8460
-406,1767,8524
-403,1746,8460
-423,1767,8494
-421,1779,8565
-425,1878,8431
-409,1743,8541
-431,1779,8570
-418,1772,8538
-441,1808,8446
-425,1789,8475
-467,1771,8508
-433,1761,8498
-438,1752,8407
-421,1984,8391
-408,1973,8370
-421,1933,8414
-416,1906,8385
-424,1782,8480
-381,1771,8397
-408,1742,8490
-399,1736,8464
-412,1758,8548
-430,1888,8416
-425,1786,8519
-419,1763,8478
-424,1783,8433
-389,1743,8487
-382,1743,8502
-387,1764,8515
-404,1767,8477
-425,1780,8503
-387,1880,8390
-401,1904,8373
-401,1784,8486
-377,1793,8419
-419,1772,8501
-411,1775,8492
-400,1784,8503
-378,1795,8517
-405,1784,8459
-397,1939,8329
-371,1918,8403
-370,1781,8528
-376,1809,8543
-377,1786,8537
-359,1802,8488
-383,1792,8486
-357,1788,8470
-391,1775,8447
-382,1998,8370
-363,1914,8405
-390,1875,8409
-382,1771,8515
-397,1778,8429
-406,1727,8494
-417,1775,8500
-401,1757,8414
-433,1817,8428
-438,1775,8459
-387,1873,8385
-368,1788,8464
-385,1762,8476
-403,1752,8409
-390,1762,8417
-394,1767,8512
-396,1781,8478
-396,1772,8485
-380,1822,8476
-391,1915,8379
-407,1789,8488
-428,1787,8460
-410,1791,8419
-386,1793,8503
-363,1788,8502
-360,1794,8490
-377,1804,8485
-341,1784,8482
-380,1923,8442
-398,1785,8450
-378,1769,8501
-385,1740,8560
-381,1733,8489
-385,1768,8523
-416,1757,8481
-414,1747,8499
-382,1785,8520
-389,1886,8426
-361,1799,8504
-401,1765,8450
-363,1798,8452
-386,1791,8516
-392,1796,8529
-398,1790,8506
-365,1782,8501
-376,1771,8499
-386,1947,8415
-372,1917,8422
-371,1773,8449
