385,497,44
369,455,26
337,408,14
283,350,10
214,289,20
145,224,42
92,182,53
95,173,38
107,168,18
111,165,8
118,168,-1
126,173,-18
127,171,-31
134,169,-45
143,165,-60
147,160,-65
154,163,-65
165,179,-63
169,197,-56
178,218,-47
180,235,-39
185,247,-29
196,252,-16
205,247,-1
210,244,8
207,228,23
206,211,36
208,197,45
210,180,51
223,162,59
238,152,71
256,148,85
272,146,95
287,148,101
303,148,101
305,144,98
307,143,95
311,134,86
308,123,80
312,113,81
316,95,79
327,74,85
333,58,91
341,44,103
344,29,112
347,14,112
349,1,107
353,-15,98
341,-46,72
326,-74,47
319,-99,39
316,-115,40
324,-117,48
337,-113,57
357,-101,64
380,-86,63
402,-72,56
419,-71,46
423,-88,33
412,-110,15
400,-148,-7
383,-189,-28
367,-226,-49
342,-270,-68
288,-326,-89
216,-392,-128
124,-456,-165
12,-531,-190
-93,-618,-199
-162,-708,-188
-170,-797,-167
-119,-883,-162
-57,-939,-176
22,-923,-176
89,-803,-152
144,-600,-114
176,-362,-122
222,-139,-154
248,-22,-147
258,-15,-91
240,-71,-55
193,-126,-23
168,-149,1
171,-140,4
189,-105,-8
199,-56,-22
207,-19,-30
200,11,-18
172,28,4
121,26,30
74,42,68
42,83,117
30,109,137
16,123,127
-11,131,110
-42,128,90
-66,121,58
-85,108,29
-97,95,7
-103,95,-16
-103,103,-42
-89,123,-63
-64,157,-70
-19,199,-71
25,243,-71
56,280,-69
84,310,-66
112,337,-62
126,360,-53
131,378,-35
147,378,-14
168,362,-2
188,332,6
212,300,23
231,275,54
253,255,81
264,249,99
272,247,106
277,242,108
283,237,111
286,237,108
293,233,109
292,229,111
292,224,111
281,223,121
266,237,138
237,258,150
214,270,156
190,280,155
161,292,145
133,306,138
96,328,134
62,353,133
39,382,126
20,419,127
-4,462,127
-26,500,124
-43,534,118
-45,571,116
-44,604,118
-46,630,118
-52,652,123
-67,658,119
-91,650,117
-118,634,122
-137,605,125
-151,574,132
-164,537,136
-172,495,148
-180,458,156
-188,425,160
-187,396,164
-194,376,164
-203,362,158
-216,348,147
-232,341,134
-247,340,123
-256,337,113
-261,340,106
-272,349,104
-280,353,104
-289,363,105
-294,367,103
-302,370,91
-304,372,80
-310,367,64
-309,370,52
-318,369,41
-320,368,32
-322,365,28
-320,356,26
-312,344,25
-302,328,26
-295,311,19
-290,291,10
-274,270,5
-263,244,-2
-248,224,-10
-230,208,-3
-214,203,0
-204,204,7
-189,220,12
-181,239,14
-166,257,14
-161,264,1
-165,258,-16
-170,237,-33
-182,204,-46
-202,156,-60
-224,92,-68
-251,16,-73
-274,-53,-75
-289,-118,-75
-296,-160,-69
-301,-175,-62
-300,-187,-64
-293,-200,-68
-287,-214,-70
-285,-219,-75
-283,-222,-80
-289,-215,-87
-301,-205,-94
-314,-194,-106
-341,-187,-125
-371,-185,-141
-395,-182,-156
-403,-185,-169
-417,-199,-172
-418,-221,-170
-419,-245,-167
-409,-272,-166
-394,-303,-168
-363,-333,-171
-328,-362,-183
-317,-395,-207
-348,-436,-253
-399,-475,-296
-386,-527,-314
-304,-565,-289
-199,-571,-225
-112,-557,-150
-88,-526,-84
-135,-470,-48
-223,-433,-40
-304,-408,-66
-359,-372,-89
-392,-337,-92
-410,-318,-76
-419,-315,-64
-391,-333,-89
-361,-364,-138
-361,-395,-154
-362,-409,-123
-341,-404,-83
-320,-386,-42
-305,-352,8
-297,-304,72
-308,-252,142
-310,-210,162
-294,-183,145
-301,-151,136
-319,-106,129
-336,-63,113
-360,-22,101
-379,28,93
-407,79,80
-451,129,76
-499,167,81
-538,198,90
-572,220,104
-610,237,122
-653,248,131
-675,254,137
-685,260,134
-681,263,123
-675,265,114
-692,264,102
-711,257,91
-719,246,75
-696,236,74
-651,262,109
-609,316,152
-578,377,171
-565,417,182
-564,438,188
-563,446,198
-566,441,208
-589,427,215
-609,399,226
-630,361,235
-639,322,229
-635,288,226
-597,268,227
-528,269,230
-448,291,241
-368,317,257
-320,337,265
-301,339,255
-307,333,228
-305,316,189
-284,298,147
-252,284,112
-210,275,88
-164,271,69
-117,270,52
-73,271,40
-35,271,26
-4,267,13
15,263,-1
22,244,-8
13,225,-11
-2,202,-8
-5,181,-10
-4,166,-12
-2,147,-10
-5,118,-3
-14,88,-2
-29,55,4
-45,22,8
-56,-8,-1
-60,-40,-17
-63,-60,-40
-54,-73,-53
-34,-79,-64
-13,-73,-65
11,-51,-56
34,-18,-42
45,14,-36
48,33,-36
45,49,-44
32,54,-63
16,60,-79
-4,68,-90
-16,82,-95
-26,106,-91
-29,130,-81
-24,162,-66
-9,190,-50
3,215,-37
13,240,-22
26,256,-9
37,267,-6
51,261,-5
67,252,-4
84,241,-9
102,223,-16
123,190,-21
129,151,-30
128,106,-41
128,70,-43
134,39,-32
147,13,-18
152,-17,-4
149,-46,6
141,-76,11
123,-109,11
106,-145,8
92,-179,5
89,-204,3
96,-225,5
108,-221,14
123,-206,21
142,-191,21
159,-166,23
183,-133,29
213,-99,33
239,-77,40
253,-69,40
264,-70,34
271,-74,23
266,-82,10
269,-101,-6
279,-114,-26
290,-138,-45
298,-157,-60
305,-176,-71
305,-202,-78
287,-265,-102
253,-343,-124
209,-418,-136
151,-505,-141
107,-617,-134
124,-714,-114
196,-772,-76
299,-759,-18
423,-668,58
527,-533,106
554,-424,113
496,-383,70
450,-376,45
429,-373,63
438,-358,99
469,-325,111
509,-278,113
524,-216,84
530,-149,38
529,-73,5
518,-5,-10
498,60,-9
461,114,2
421,156,9
402,185,23
395,199,48
372,205,67
346,191,75
324,164,79
309,135,69
313,115,51
319,94,35
305,76,26
290,63,17
277,53,11
259,51,6
247,58,4
230,71,-10
233,100,-25
252,147,-36
288,203,-39
332,266,-36
374,329,-39
406,401,-39
431,475,-35
445,541,-27
459,591,-23
477,620,-17
498,626,-6
516,616,2
532,608,22
547,629,59
547,655,104
545,678,144
535,704,178
538,727,209
539,735,239
535,726,265
517,698,283
479,650,287
426,582,269
382,503,243
366,414,224
359,327,208
335,256,194
279,205,180
194,186,162
100,193,145
9,210,128
-77,248,112
-155,287,98
-219,327,91
-277,369,85
-303,409,82
-319,446,83
-320,481,92
-314,507,105
-299,533,115
-290,555,124
-284,583,135
-267,600,148
-247,603,162
-226,594,174
-213,581,185
-210,551,191
-212,511,191
-226,461,192
-245,401,192
-266,337,188
-290,276,187
-315,218,184
-339,166,167
-351,126,153
-355,105,145
-350,99,140
-343,105,143
-330,123,156
-307,145,168
-283,173,174
-269,206,179
-242,246,184
-218,286,188
-199,321,187
-185,349,181
-181,367,167
-181,379,145
-192,390,125
-198,384,96
-204,365,74
-205,336,53
-210,304,33
-213,266,18
-217,230,13
-232,198,23
-254,162,17
-262,128,14
-283,100,16
-291,72,12
-297,47,8
-307,23,2
-310,3,-10
-308,-8,-21
-308,-20,-34
-309,-33,-44
-311,-46,-53
-312,-57,-63
-311,-64,-74
-310,-68,-85
-306,-76,-95
-304,-87,-97
-307,-96,-96
-305,-103,-95
-304,-108,-99
-297,-110,-100
-294,-116,-105
-291,-120,-111
-301,-121,-111
-311,-105,-113
-323,-76,-127
-334,-39,-152
-343,-1,-184
-347,18,-200
-347,22,-200
-371,15,-198
-404,-7,-198
-440,-38,-200
-469,-71,-205
-481,-115,-212
-489,-156,-220
-496,-197,-224
-498,-240,-231
-492,-273,-238
-479,-302,-244
-490,-314,-238
-511,-313,-226
-560,-308,-226
-630,-333,-252
-662,-414,-292
-640,-522,-314
-566,-614,-308
-481,-641,-281
-408,-588,-233
-366,-472,-177
-364,-324,-125
-382,-245,-145
-391,-230,-173
-430,-215,-168
-512,-194,-156
-561,-188,-140
-560,-185,-112
-532,-176,-86
-509,-157,-66
-498,-136,-61
-486,-123,-76
-479,-144,-136
-477,-182,-210
-481,-188,-210
-469,-151,-138
-429,-86,-35
-367,-27,70
-309,2,105
-277,17,91
-254,25,69
-247,32,56
-253,51,54
-262,94,53
-279,134,49
-306,162,40
-335,185,29
-355,195,24
-372,201,17
-393,213,15
-418,221,17
-439,235,24
-465,248,35
-496,265,41
-510,289,59
-508,316,71
-489,343,74
-473,368,61
-479,389,37
-498,398,4
-524,397,-25
-545,391,-38
-548,376,-30
-533,373,-7
-502,364,30
-481,350,61
-471,330,84
-465,309,87
-456,293,88
-449,278,86
-433,269,83
-402,270,87
-349,274,94
-271,294,101
-178,324,109
-89,370,123
-19,416,130
17,457,131
33,481,124
39,486,107
41,472,84
50,445,63
70,403,43
100,366,26
135,331,15
169,299,4
180,265,-3
191,229,-10
198,205,-20
204,196,-28
202,180,-31
191,168,-30
180,165,-26
165,155,-20
150,146,-5
139,144,11
123,133,19
109,109,4
94,75,-13
70,38,-27
48,2,-36
27,-34,-46
11,-65,-57
2,-90,-70
-14,-107,-78
-35,-113,-85
-60,-104,-87
-78,-79,-85
-93,-43,-83
-102,1,-78
-103,46,-74
-86,90,-69
-61,130,-57
-29,171,-46
-19,210,-42
-19,227,-47
-33,227,-59
-69,192,-88
-101,142,-120
-119,102,-126
-125,78,-112
-116,56,-87
-103,47,-64
-80,40,-36
-58,24,-8
-35,4,17
-17,-15,35
-7,-47,46
7,-78,58
9,-101,72
6,-118,81
8,-125,85
7,-130,92
8,-128,95
10,-112,101
8,-92,111
15,-72,120
18,-62,123
20,-55,121
18,-62,111
23,-74,99
34,-72,91
49,-65,89
63,-56,93
75,-60,101
91,-71,108
106,-89,107
117,-103,102
122,-116,91
122,-138,73
121,-160,50
109,-187,25
73,-210,-4
21,-220,-35
-44,-231,-44
-127,-270,-42
-204,-328,-41
-246,-370,-38
-254,-389,-38
-202,-364,-43
-106,-276,-48
27,-130,-57
169,44,-57
251,224,-47
262,353,-34
225,377,-7
160,319,28
103,235,62
83,156,91
129,110,106
198,95,118
244,98,145
243,114,192
185,171,276
72,235,373
-52,276,428
-116,278,448
-135,264,440
-153,259,397
-161,264,332
-160,269,252
-140,270,167
-125,268,74
-124,269,-21
-127,275,-99
-128,289,-172
-105,323,-227
-63,379,-252
-25,440,-238
3,499,-186
29,554,-126
53,597,-69
79,628,-10
105,638,50
148,627,95
209,585,129
266,528,175
326,468,227
391,387,261
434,257,276
457,106,267
467,-40,236
464,-164,224
456,-264,227
465,-331,239
464,-361,244
476,-360,241
486,-345,223
496,-312,197
513,-261,169
522,-209,140
524,-143,127
523,-70,125
514,8,132
494,93,156
467,184,185
456,287,205
451,405,218
449,528,229
438,644,246
419,745,264
386,833,273
335,904,273
278,962,264
229,1009,249
173,1048,231
123,1082,212
80,1114,192
48,1143,170
3,1170,143
-54,1181,117
-104,1179,96
-152,1167,87
-203,1133,78
-251,1079,73
-288,1011,76
-316,925,77
-332,840,81
-333,769,91
-320,707,111
-306,665,141
-289,630,179
-275,611,214
-265,597,242
-254,577,266
-253,559,277
-238,543,289
-225,528,291
-221,507,291
-212,482,292
-209,460,287
-207,431,277
-207,403,260
-207,368,228
-206,321,190
-212,266,138
-214,213,83
-210,152,32
-207,94,-7
-209,56,-7
-209,26,11
-199,-4,18
-180,-39,17
-172,-61,14
-171,-72,10
-174,-78,7
-181,-77,-8
-183,-77,-36
-186,-68,-60
-203,-56,-80
-232,-48,-93
-266,-49,-118
-304,-56,-148
-344,-66,-180
-368,-84,-206
-400,-110,-233
-423,-154,-247
-451,-202,-250
-460,-262,-250
-469,-330,-251
-472,-397,-255
-474,-466,-254
-479,-527,-246
-493,-589,-242
-506,-643,-235
-511,-688,-229
-517,-727,-233
-531,-758,-237
-564,-789,-244
-596,-815,-250
-628,-836,-247
-664,-845,-243
-699,-835,-243
-730,-797,-242
-771,-710,-247
-863,-527,-259
-934,-263,-292
-920,-59,-332
-855,14,-350
-806,-21,-330
-752,-99,-298
-720,-173,-279
-709,-245,-267
-695,-303,-264
-671,-336,-262
-638,-347,-254
-601,-368,-250
-565,-408,-244
-531,-453,-229
-501,-496,-213
-481,-521,-205
-458,-544,-207
-446,-572,-218
-452,-580,-219
-472,-559,-216
-558,-511,-199
-711,-442,-222
-869,-409,-440
-894,-494,-721
-862,-733,-701
-974,-1045,-366
-1162,-1129,-122
-1266,-929,-107
-1291,-605,-54
-1177,-157,75
-856,229,228
-564,459,292
-325,513,286
-119,474,248
40,417,181
183,368,102
256,359,45
297,379,10
340,401,12
357,411,40
337,397,71
282,356,93
209,283,115
111,191,132
16,93,143
-65,10,141
-128,-44,119
-175,-75,88
-198,-78,61
-194,-62,40
-192,-53,14
-192,-40,-11
-195,-25,-35
-201,11,-68
-209,57,-90
-218,84,-100
-226,97,-102
-226,134,-101
-231,188,-99
-221,234,-96
-214,273,-96
-218,313,-98
-223,355,-101
-217,394,-104
-204,439,-109
-191,475,-120
-207,452,-118
-275,360,-97
-352,247,-87
-402,159,-86
-425,93,-91
-436,43,-95
-450,17,-91
-466,1,-87
-469,-6,-85
-451,7,-86
-434,42,-78
-429,80,-61
-451,117,-42
-455,174,-33
-422,247,-28
-381,322,-19
-328,400,-12
-282,473,-11
-274,515,-6
-280,514,1
-285,486,8
-294,449,9
-307,403,9
-305,363,9
-286,338,10
-282,320,24
-284,309,64
-288,315,109
-294,325,132
-300,335,127
-287,363,114
-254,412,98
-211,465,97
-174,504,104
-138,514,98
-114,508,72
-90,481,55
-66,449,47
-58,420,46
-55,384,44
-33,341,37
-8,304,34
1,275,31
8,243,41
-6,215,56
-28,185,71
-56,159,68
-76,120,51
-83,76,17
-95,22,-25
-110,-34,-58
-125,-78,-77
-143,-113,-87
-160,-130,-96
-178,-133,-109
-191,-128,-114
-197,-112,-106
-189,-84,-93
-175,-68,-83
-164,-59,-80
-143,-30,-59
-110,0,-14
-85,14,14
-71,9,21
-57,7,27
-47,-7,30
-34,-42,29
-15,-95,19
-11,-170,-1
-29,-258,-27
-63,-358,-63
-107,-457,-99
-159,-536,-133
-236,-601,-155
-353,-698,-165
-456,-804,-189
-517,-929,-184
-525,-1048,-125
-445,-1025,-22
-253,-843,113
-62,-555,197
-3,-284,210
-30,-146,200
-77,-147,209
-75,-174,227
-11,-185,253
81,-211,281
150,-260,310
186,-319,332
212,-382,338
254,-446,327
279,-485,302
243,-496,255
175,-500,203
99,-481,145
27,-436,81
-30,-379,9
-51,-314,-40
-14,-236,-65
36,-152,-73
78,-63,-75
111,21,-73
135,97,-65
154,153,-49
161,191,-34
173,216,-14
197,231,8
219,239,27
233,238,49
248,235,77
260,229,105
276,219,130
302,200,151
337,180,161
361,159,171
387,141,181
418,135,182
437,132,187
449,122,188
457,102,188
460,82,192
465,52,199
478,20,201
495,0,194
495,-5,185
492,-1,177
480,3,170
452,13,178
411,39,178
358,77,172
307,135,159
255,221,135
208,299,111
168,366,95
138,426,88
111,480,85
90,523,90
73,552,97
50,569,107
25,574,114
-13,568,120
-71,560,119
-130,546,108
-209,528,83
-298,512,62
-362,492,53
-381,464,61
-393,421,81
-391,372,107
-381,329,122
-380,306,118
-393,309,112
-395,328,110
-386,341,114
-373,356,116
-363,380,116
-354,399,120
-345,416,125
-339,427,125
-337,429,123
-335,435,126
-324,431,126
-327,424,121
-344,421,123
-352,413,124
-350,410,126
-350,403,130
-354,409,141
-361,420,153
-365,426,163
-357,418,168
-348,402,168
-345,388,164
-335,369,164
-328,356,158
-322,346,147
-313,331,139
-303,317,124
-298,308,102
-285,292,74
-277,281,32
-274,279,-2
-274,281,-16
-279,288,-31
-283,286,-38
-290,278,-50
-301,268,-63
-315,249,-68
-332,231,-73
-348,210,-78
-362,193,-81
-366,176,-82
-369,154,-88
-367,140,-97
-356,129,-109
-348,121,-123
-338,116,-136
-326,107,-148
-312,90,-162
-304,68,-174
-305,47,-182
-306,30,-192
-311,13,-196
-325,-6,-196
-335,-21,-205
-350,-45,-215
-349,-71,-228
-356,-97,-243
-362,-125,-257
-356,-148,-265
-345,-158,-272
-315,-170,-282
-274,-182,-297
-242,-169,-291
-200,-137,-250
-151,-96,-187
-100,-61,-134
-41,-48,-89
7,-45,-73
31,-25,-77
32,-4,-89
31,-2,-107
13,-7,-132
-1,-5,-133
-8,-2,-107
-1,-28,-83
22,-86,-73
51,-145,-56
76,-201,-24
95,-228,16
102,-230,44
85,-214,74
54,-200,107
30,-188,138
8,-182,169
-14,-168,207
-50,-149,234
-80,-130,244
-116,-108,253
-152,-83,250
-201,-61,251
-239,-37,254
-270,-8,255
-307,28,250
-355,72,240
-408,113,233
-469,155,218
-501,181,185
-511,205,159
-519,236,150
-517,255,142
-519,257,135
-560,233,130
-594,191,117
-599,159,122
-583,126,138
-580,99,147
-596,68,148
-642,42,130
-691,28,100
-707,26,65
-708,37,46
-696,64,51
-696,90,64
-715,107,74
-736,111,88
-754,102,97
-771,72,115
-782,44,128
-793,30,143
-796,25,158
-781,27,181
-770,38,210
-760,59,234
-726,82,246
-704,113,261
-687,133,272
-677,139,268
-655,131,266
-628,117,265
-592,106,271
-564,104,276
-541,104,283
-526,108,287
-512,114,290
-488,111,291
-461,102,290
-430,97,287
-398,96,280
-363,89,273
-332,78,260
-305,72,243
-282,66,220
-266,61,205
-251,48,188
-245,42,180
-231,40,173
-213,38,166
-205,35,160
-195,33,154
-190,30,144
-187,31,131
-180,42,118
-176,62,109
-170,84,102
-160,104,100
-154,123,98
-137,137,90
-118,151,82
-106,176,80
-85,187,71
-73,197,66
-58,201,63
-39,206,60
-36,212,60
-27,209,60
-11,208,61
-5,213,61
5,214,65
13,219,62
23,226,65
33,229,66
39,234,72
47,239,73
52,245,79
62,252,95
69,254,107
66,245,106
66,224,100
54,205,95
41,188,83
36,171,74
31,151,75
32,129,75
36,112,73
47,95,70
55,74,67
64,63,66
75,56,61
83,48,51
93,46,45
99,53,41
101,60,34
111,67,31
114,71,21
113,69,10
103,72,-1
95,72,-12
91,70,-14
92,88,-7
121,107,15
156,101,32
165,94,37
163,90,40
165,71,36
175,50,24
179,24,18
175,-1,14
173,-29,8
171,-61,0
175,-85,-17
170,-120,-42
164,-157,-70
174,-177,-81
200,-190,-83
227,-209,-88
243,-223,-102
242,-240,-126
225,-281,-163
212,-329,-193
196,-364,-214
177,-373,-221
164,-359,-217
160,-321,-210
154,-251,-201
156,-173,-195
183,-95,-177
226,-22,-145
271,31,-98
297,43,-63
281,4,-35
253,-68,-9
230,-147,3
204,-203,17
171,-224,35
162,-217,44
164,-202,48
172,-187,51
188,-175,52
183,-160,52
157,-154,42
132,-152,30
102,-146,26
87,-125,37
72,-89,67
37,-59,91
0,-48,104
-28,-46,110
-47,-41,103
-53,-43,83
-65,-46,52
-62,-58,11
-56,-74,-37
-52,-87,-84
-20,-85,-130
31,-70,-163
83,-43,-180
127,-2,-188
148,51,-191
158,112,-184
160,192,-166
162,274,-139
178,359,-111
191,435,-79
203,491,-53
224,513,-39
247,519,-31
256,500,-22
261,473,-6
263,435,19
263,387,48
261,334,82
247,285,107
220,239,132
192,201,152
156,169,167
115,150,186
101,124,201
121,89,205
179,47,194
232,14,175
259,-4,157
259,-14,151
240,-18,145
202,-12,136
162,-3,128
108,8,120
53,18,110
8,35,95
-28,54,78
-59,80,59
-90,114,39
-118,141,19
-138,166,-4
-154,191,-19
-171,214,-23
-182,240,-26
-193,258,-24
-208,282,-23
-221,300,-19
-237,318,-16
-255,332,-11
-278,336,-5
-301,338,1
-325,327,8
-349,311,20
-366,286,28
-369,250,45
-365,215,63
-376,193,75
-395,183,80
-399,178,77
-386,178,74
-373,187,73
-357,204,83
-342,219,89
-328,223,93
-325,225,95
-324,227,91
-321,226,92
-317,232,98
-300,240,102
-282,250,104
-263,267,111
-242,282,118
-227,290,105
-218,284,92
-222,282,85
-225,284,82
-213,290,74
-197,297,70
-186,302,62
-184,305,47
-176,309,33
-166,315,21
-159,321,9
-151,323,-4
-150,319,-10
-155,316,-18
-151,310,-20
-145,294,-27
-150,286,-31
-152,280,-32
-155,271,-36
-162,261,-41
-175,247,-46
-182,232,-53
-187,217,-56
-188,207,-60
-189,201,-65
-197,204,-71
-202,214,-75
-200,227,-82
-189,234,-95
-173,237,-105
-160,235,-104
-157,235,-108
-153,229,-114
-150,227,-117
-157,225,-120
-167,224,-123
-182,221,-125
-200,222,-127
-215,215,-127
-235,215,-128
-246,212,-133
-253,205,-134
-260,198,-139
-270,192,-142
-275,183,-140
-280,173,-143
-291,164,-145
-292,145,-151
-279,132,-154
-317,113,-145
-379,83,-137
-420,52,-139
-453,22,-150
-476,1,-163
-501,-21,-173
-517,-48,-186
-536,-63,-198
-559,-91,-211
-582,-140,-231
-619,-216,-245
-656,-289,-257
-682,-343,-270
-700,-384,-279
-719,-413,-292
-724,-456,-303
-719,-506,-324
-713,-546,-342
-696,-552,-358
-670,-531,-374
-669,-506,-390
-707,-471,-386
-738,-435,-349
-743,-403,-299
-722,-383,-256
-690,-356,-231
-644,-337,-209
-588,-334,-199
-541,-365,-203
-505,-412,-213
-490,-453,-219
-496,-478,-236
-491,-495,-243
-484,-498,-238
-465,-491,-225
-429,-481,-200
-400,-478,-173
-382,-462,-147
-360,-424,-109
-352,-394,-86
-341,-368,-75
-328,-342,-64
-331,-309,-50
-332,-274,-41
-334,-247,-39
-355,-207,-36
-376,-168,-32
-375,-125,-22
-374,-71,-11
-370,-15,-8
-350,45,-11
-341,103,-11
-320,152,-16
-307,187,-15
-312,214,-4
-333,233,14
-352,249,26
-368,261,38
-391,271,44
-411,275,47
-441,272,50
-469,266,48
-494,257,45
-522,243,35
-536,231,26
-549,222,22
-554,209,24
-556,199,24
-557,195,28
-549,193,44
-540,198,63
-538,201,73
-544,197,78
-544,198,83
-544,196,92
-551,208,103
-537,216,109
-516,224,117
-494,221,127
-469,217,134
-440,210,140
-407,205,143
-378,200,142
-349,194,146
-319,182,151
-287,163,152
-256,149,157
-232,141,164
-217,124,165
-213,106,159
-220,92,144
-224,77,129
-222,66,115
-213,59,100
-194,65,88
-173,79,75
-149,93,66
-128,106,59
-118,121,53
-109,134,51
-103,141,47
-98,139,45
-101,142,45
-103,147,45
-100,149,45
-98,154,49
-93,161,48
-101,168,51
-109,174,52
-115,184,53
-130,195,49
-138,206,50
-141,215,47
-143,226,47
-146,224,55
-150,225,57
-148,231,56
-136,226,59
-134,228,57
-133,228,54
-127,231,52
-128,235,45
-126,240,37
-118,244,34
-114,249,30
-110,262,25
-108,269,29
-105,273,32
-101,281,37
-101,295,43
-91,310,54
-84,323,61
-70,327,69
-56,328,76
-40,319,84
-34,309,93
-24,310,101
-14,298,111
6,292,108
45,292,107
66,294,116
80,293,126
102,287,136
121,278,146
137,268,152
157,257,157
175,249,166
196,243,169
214,232,175
230,231,181
239,233,187
253,226,194
262,234,197
279,228,184
310,208,184
330,204,190
339,203,188
354,201,191
372,189,188
384,173,184
389,155,188
395,140,190
407,125,188
421,109,179
434,98,170
447,86,165
450,72,162
448,52,150
442,27,138
446,7,130
445,-3,119
430,-18,100
414,-33,92
407,-35,90
391,-39,85
385,-38,86
375,-24,91
360,-12,96
346,0,99
339,26,105
362,57,119
394,88,144
392,100,162
355,94,166
317,74,171
280,46,179
248,18,177
222,-16,173
206,-49,164
193,-74,156
183,-103,152
164,-132,159
133,-154,171
90,-155,196
50,-147,222
23,-147,227
1,-152,210
-25,-152,177
-61,-145,125
-86,-128,83
-93,-88,65
-94,-52,56
-92,-28,51
-83,-23,51
-68,-28,44
-36,-27,36
-1,-16,31
29,-6,29
56,2,31
84,13,36
119,23,44
152,20,43
181,4,45
200,-1,49
217,4,60
236,22,76
256,50,91
279,81,104
300,118,116
326,164,130
355,212,142
372,254,156
386,281,170
404,296,185
416,305,191
426,302,198
430,293,205
435,280,214
434,263,223
435,243,231
432,221,233
424,195,235
423,172,238
424,151,245
423,137,248
424,124,249
417,123,248
398,126,248
384,133,243
382,143,234
391,146,228
395,141,225
386,136,219
375,134,215
351,136,211
318,142,206
288,152,200
256,170,190
238,185,182
216,192,174
188,200,165
159,200,155
133,200,149
109,199,153
87,200,163
64,197,177
50,193,192
31,195,202
4,194,212
-13,195,228
-25,198,241
-38,199,249
-63,203,248
-89,213,253
-118,231,259
-142,256,265
-145,284,274
-130,325,283
-105,369,289
-74,407,298
-32,445,299
12,491,302
54,546,310
105,606,309
165,678,311
224,760,319
282,846,340
328,930,357
374,1021,371
407,1123,365
405,1222,351
356,1304,330
291,1360,313
227,1377,294
181,1363,266
146,1334,241
119,1297,218
89,1237,205
45,1156,193
-11,1050,189
-71,930,193
-115,798,193
-136,673,193
-134,553,201
-127,452,208
-121,378,211
-118,317,211
-113,275,210
-117,257,203
-135,255,188
-160,262,172
-188,266,148
-219,273,127
-240,283,113
-254,288,101
-257,292,87
-243,295,88
-241,295,88
-249,296,80
-259,297,73
-272,296,63
-282,293,49
-295,290,34
-308,292,24
-315,291,16
-315,291,9
-307,285,12
-311,292,18
-324,290,23
-330,278,25
-338,259,15
-350,240,8
-361,214,7
-376,188,9
-380,169,14
-381,161,8
-388,160,-2
-392,160,-7
-400,162,-7
-403,159,-11
-416,154,-17
-436,144,-26
-452,126,-38
-471,108,-47
-493,89,-58
-515,67,-70
-535,42,-79
-563,22,-93
-589,-6,-110
-623,-38,-133
-669,-71,-170
-725,-111,-206
-772,-160,-236
-805,-205,-253
-816,-252,-253
-809,-286,-242
-796,-312,-228
-783,-337,-214
-781,-359,-207
-777,-379,-212
-766,-399,-223
-761,-417,-233
-766,-417,-243
-752,-400,-258
-735,-378,-273
-744,-355,-281
-794,-347,-302
-866,-364,-357
-941,-413,-436
-1001,-504,-513
-1010,-617,-561
-976,-715,-590
-927,-768,-639
-868,-715,-681
-792,-488,-669
-653,-129,-577
-518,234,-423
-376,495,-319
-274,568,-288
-240,502,-321
-255,401,-396
-294,313,-457
-356,231,-503
-438,118,-553
-496,49,-556
-510,27,-475
-470,27,-355
-413,31,-228
-355,6,-138
-299,-22,-87
-254,-43,-64
-208,-61,-47
-158,-80,-46
-106,-109,-45
-38,-157,-57
29,-204,-67
78,-243,-70
103,-269,-89
90,-265,-139
64,-222,-197
54,-138,-229
74,-73,-240
107,-30,-240
108,-5,-236
84,11,-237
50,11,-231
27,-2,-224
-1,-7,-215
-39,-16,-202
-73,-27,-181
-91,-38,-163
-109,-47,-154
-131,-50,-153
-167,-56,-157
-207,-70,-162
-250,-95,-165
-290,-121,-158
-330,-140,-151
-359,-143,-147
-376,-143,-144
-387,-139,-140
-398,-134,-136
-399,-135,-131
-405,-140,-133
-409,-146,-130
-415,-153,-136
-423,-158,-136
-429,-167,-136
-423,-173,-135
-426,-168,-131
-415,-155,-123
-405,-138,-121
-391,-120,-117
-370,-110,-111
-356,-96,-105
-347,-89,-103
-337,-84,-101
-329,-82,-101
-323,-80,-97
-315,-86,-90
-305,-95,-83
-299,-96,-84
-297,-93,-90
-288,-90,-93
-273,-92,-90
-258,-101,-87
-250,-108,-87
-232,-114,-88
-227,-118,-90
-223,-118,-99
-217,-121,-106
-204,-121,-108
-203,-115,-112
-184,-114,-112
-168,-120,-113
-164,-117,-114
-159,-115,-118
-145,-112,-117
-145,-107,-119
-142,-103,-114
-140,-102,-108
-144,-89,-106
-142,-76,-101
-150,-70,-101
-155,-65,-100
-155,-62,-100
-159,-72,-103
-161,-76,-101
-140,-52,-102
-125,-18,-101
-114,12,-100
-100,30,-103
-84,35,-103
-63,32,-104
-45,38,-102
-37,46,-104
-26,52,-107
-14,55,-104
1,56,-104
15,56,-100
28,52,-98
50,55,-94
65,55,-89
81,54,-88
98,56,-85
119,57,-84
138,59,-81
149,60,-77
160,57,-77
173,56,-75
186,54,-72
203,51,-68
212,53,-64
220,56,-60
226,59,-50
224,66,-36
222,71,-23
205,77,-19
187,88,-17
177,96,-9
161,103,2
158,104,15
150,104,20
151,100,26
152,97,27
154,94,19
146,92,18
133,97,24
119,101,24
103,102,18
97,100,12
78,105,8
67,117,11
75,131,16
80,143,22
78,155,26
76,165,33
76,161,33
84,138,25
97,118,23
114,106,26
138,95,32
158,94,30
171,95,24
188,95,25
197,98,23
203,105,24
208,102,14
213,90,9
209,78,3
209,70,3
229,52,10
249,36,21
274,28,37
303,33,54
331,46,74
359,73,95
379,104,106
391,115,106
401,106,110
412,94,114
422,79,114
419,70,110
414,60,107
416,51,103
422,40,104
426,31,98
430,16,92
429,6,91
432,-2,86
440,-11,83
443,-17,79
445,-26,78
448,-35,73
454,-50,67
453,-69,64
447,-112,47
441,-151,40
433,-154,43
435,-128,52
440,-107,63
455,-105,69
459,-114,72
457,-133,78
453,-152,77
442,-170,71
435,-195,64
437,-216,68
439,-233,72
429,-262,62
412,-282,54
416,-296,62
417,-304,64
405,-299,64
390,-306,59
392,-309,65
401,-298,86
427,-277,122
443,-264,160
433,-265,180
420,-282,183
409,-308,177
386,-341,154
364,-369,129
329,-393,100
290,-412,80
246,-437,72
165,-511,37
53,-661,-21
-27,-828,-71
-31,-853,-77
35,-761,-33
125,-606,43
180,-374,132
233,-192,191
270,-122,212
263,-121,198
260,-135,189
264,-138,187
268,-131,187
267,-143,171
262,-167,152
246,-181,140
243,-184,137
235,-182,132
211,-183,120
185,-187,111
152,-188,101
116,-200,93
68,-213,99
37,-231,101
10,-237,88
-19,-227,70
-52,-215,63
-88,-193,53
-112,-174,38
-134,-164,26
-153,-149,18
-172,-128,11
-189,-111,5
-207,-101,-2
-213,-94,0
-213,-83,-2
-213,-77,0
-205,-67,3
-200,-52,3
-188,-33,7
-182,-9,9
-168,12,11
-149,37,13
-130,60,15
-118,84,21
-98,109,22
-85,133,23
-71,154,25
-61,170,26
-55,181,32
-48,195,35
-34,211,34
-20,227,35
-12,245,35
-11,257,33
-9,267,35
-7,271,37
-5,272,34
-1,275,31
-5,274,28
-6,269,26
-6,261,23
0,247,16
0,236,14
1,228,15
6,223,14
9,219,14
16,212,14
18,217,17
10,225,20
8,232,23
10,232,28
9,228,30
12,224,34
7,218,36
9,215,33
7,200,35
2,185,36
-3,177,40
-10,164,41
-14,156,29
-11,153,22
-9,147,18
-10,143,14
-10,141,12
-11,130,9
-11,121,4
-15,113,5
-23,114,4
-28,118,3
-35,129,2
-50,131,3
-58,134,5
-61,136,-1
-67,135,-6
-70,135,-6
-78,132,-9
-82,128,-15
-85,117,-25
-91,121,-35
-91,129,-36
-85,140,-35
-82,154,-38
-82,165,-41
-85,171,-43
-95,179,-46
-113,179,-51
-125,160,-65
-131,146,-72
-129,147,-76
-129,157,-78
-118,165,-79
-114,175,-78
-114,179,-77
-121,188,-82
-121,195,-88
-114,192,-90
-117,187,-90
-123,172,-93
-126,154,-97
-121,132,-99
-127,119,-109
-134,118,-117
-126,121,-113
-116,115,-110
-110,111,-112
-115,105,-112
-116,99,-112
-114,88,-123
-120,82,-129
-131,77,-135
-141,77,-143
-136,81,-153
-130,79,-159
-126,86,-167
-119,97,-180
-106,108,-185
-98,121,-190
-97,131,-189
-96,137,-188
-99,140,-191
-102,128,-183
-104,120,-176
-108,116,-180
-120,116,-177
-133,128,-168
-140,146,-154
-146,163,-144
-154,185,-136
-168,209,-133
-177,232,-134
-181,253,-130
-189,273,-125
-194,298,-124
-200,318,-122
-208,347,-115
-216,383,-104
-220,425,-91
-225,468,-83
-233,510,-78
-230,547,-73
-229,580,-67
-231,610,-58
-226,638,-51
-222,664,-43
-218,688,-36
-204,708,-32
-191,713,-33
-178,707,-38
-161,690,-50
-133,661,-58
-115,636,-55
-101,607,-50
-103,593,-47
-121,594,-39
-149,614,-23
-187,640,-8
-219,678,12
-243,710,24
-261,750,29
-261,796,31
-252,860,47
-247,942,92
-245,1036,151
-207,1136,209
-134,1243,270
-54,1331,324
1,1373,376
-13,1350,424
-85,1255,425
-178,1087,372
-276,893,276
-399,709,168
-533,579,64
-640,477,-9
-687,405,-4
-724,383,32
-745,418,74
-714,488,117
-647,572,147
-574,654,146
-496,719,147
-401,762,158
-251,789,176
-109,797,221
-22,776,286
44,733,358
83,680,446
108,669,541
167,704,568
247,744,555
329,764,569
392,767,606
430,742,652
431,679,698
382,582,736
301,458,772
214,326,772
153,198,728
102,104,661
71,52,607
78,22,567
157,-12,530
255,-44,450
317,-45,329
390,-36,203
514,-42,98
703,-72,-6
843,-92,-158
806,-48,-358
646,42,-546
472,107,-658
347,110,-673
260,56,-602
209,-26,-485
196,-121,-371
184,-243,-271
160,-382,-178
132,-526,-94
81,-673,-21
-14,-818,61
-143,-952,132
-272,-1074,173
-373,-1178,189
-445,-1253,189
-507,-1292,174
-563,-1302,139
-622,-1280,83
-682,-1234,22
-746,-1152,-39
-819,-1038,-83
-889,-909,-121
-931,-799,-145
-965,-712,-157
-977,-656,-179
-983,-655,-224
-990,-723,-295
-996,-856,-389
-987,-1041,-491
-965,-1255,-594
-953,-1490,-706
-960,-1729,-831
-991,-1943,-969
-1028,-2102,-1096
-1052,-2198,-1203
-1055,-2232,-1274
-1037,-2219,-1303
-1032,-2161,-1293
-1051,-2072,-1250
-1080,-1954,-1174
-1125,-1785,-1070
-1193,-1571,-966
-1264,-1314,-850
-1331,-1002,-717
-1400,-661,-550
-1523,-361,-322
-1673,-106,-62
-1733,130,249
-1539,357,626
-1148,515,1021
-678,617,1332
-246,675,1496
91,678,1513
376,577,1412
593,361,1222
751,30,972
850,-377,690
853,-842,421
789,-1286,198
667,-1642,32
504,-1865,-68
370,-1919,-122
279,-1860,-157
163,-1743,-175
15,-1584,-212
-122,-1378,-267
-225,-1156,-313
-251,-922,-328
-170,-688,-291
45,-474,-185
274,-267,-82
452,-90,-16
580,70,26
660,227,54
686,357,73
665,461,88
616,528,102
533,552,110
428,543,90
315,502,25
207,437,-67
107,364,-182
23,285,-310
-51,201,-417
-89,116,-479
-93,36,-491
-101,-28,-465
-148,-80,-413
-224,-111,-353
-299,-106,-297
-375,-67,-257
-436,-4,-223
-481,79,-193
-517,160,-161
-577,228,-125
-687,262,-92
-821,260,-62
-912,245,-22
-935,217,21
-950,170,72
-944,103,115
-925,9,153
-919,-103,183
-931,-238,193
-951,-399,185
-950,-564,166
-926,-729,138
-890,-869,109
-846,-981,79
-826,-1043,57
-810,-1049,36
-796,-1001,3
-794,-895,-38
-819,-733,-72
-856,-529,-103
-894,-317,-137
-962,-141,-181
-1074,4,-229
-1218,118,-267
-1381,205,-298
-1543,278,-326
-1700,334,-346
-1829,370,-344
-1911,380,-290
-1926,373,-177
-1903,335,-36
-1850,302,134
-1764,296,293
-1687,309,397
-1637,337,444
-1586,387,474
-1523,454,498
-1475,524,511
-1426,594,508
-1372,671,497
-1326,759,472
-1288,856,432
-1256,953,380
-1230,1056,321
-1229,1152,259
-1251,1239,207
-1281,1301,172
-1344,1340,152
-1423,1366,143
-1513,1365,144
-1615,1349,161
-1699,1321,195
-1764,1283,243
-1793,1235,320
-1793,1191,415
-1798,1157,509
-1818,1120,602
-1852,1088,680
-1896,1067,750
-1935,1051,810
-1955,1038,865
-1973,1039,910
-1985,1039,956
-1990,1040,996
-1984,1046,1021
-1982,1066,1035
-2011,1098,1021
-2099,1156,957
-2242,1229,861
-2429,1305,751
-2647,1382,635
-2878,1453,519
-3122,1520,410
-3401,1588,281
-3730,1654,123
-4067,1713,-42
-4390,1765,-205
-4672,1807,-377
-4907,1836,-537
-5096,1834,-690
-5245,1817,-842
-5344,1775,-983
-5402,1727,-1110
-5442,1676,-1241
-5485,1597,-1385
-5515,1482,-1534
-5563,1344,-1690
-5547,1075,-1851
-5395,656,-1988
-4725,168,-1948
-3117,-279,-1586
-339,-574,-790
2949,-784,194
5473,-859,844
6132,-622,752
4560,-95,50
1567,655,-830
-1320,1461,-1453
-3102,2155,-1615
-3968,2707,-1525
-4311,3162,-1487
-4150,3589,-1481
-3642,3972,-1409
-3058,4317,-1307
-2547,4668,-1293
-2236,5046,-1583
-2114,5382,-2087
-2231,5571,-2567
-2664,5547,-3017
-3294,5342,-3464
-4060,5028,-3914
-4958,4673,-4357
-5718,4274,-4693
-6174,3807,-4875
-6554,3376,-5001
-6677,2890,-5111
-6530,2314,-5193
-6161,1667,-5137
-5645,942,-4879
-5091,159,-4457
-4521,-636,-3866
-3948,-1430,-3146
-3349,-2135,-2359
-2638,-2718,-1601
-1818,-3113,-977
-981,-3293,-566
-264,-3270,-332
393,-3047,-217
1024,-2683,-168
1630,-2230,-199
2167,-1723,-336
2600,-1219,-532
2937,-740,-775
3159,-274,-1058
3207,160,-1305
3013,564,-1367
2666,906,-1362
2232,1185,-1350
1769,1451,-1379
1332,1772,-1553
921,2117,-1944
580,2444,-2545
341,2733,-3282
175,2917,-3982
12,2944,-4511
-132,2885,-4841
-325,2739,-4980
-602,2483,-4947
-895,2160,-4766
-1085,1832,-4434
-1084,1539,-3986
-933,1319,-3509
-898,1237,-3121
-1190,1286,-2844
-1579,1387,-2630
-1872,1457,-2424
-2085,1494,-2159
-2370,1450,-1820
-2826,1307,-1426
-3229,992,-933
-3258,491,-290
-2701,-70,465
-1671,-584,1221
-571,-1050,2020
261,-1507,2831
448,-2081,3290
67,-2622,3609
-233,-2865,3829
-353,-2926,3836
-353,-2865,3603
-370,-2731,3217
-347,-2578,2743
-77,-2324,2223
491,-1901,1681
1133,-1356,1141
1494,-708,646
1424,-174,157
1082,-35,-399
733,-88,-794
547,-116,-889
487,-76,-826
466,11,-763
457,119,-737
497,215,-742
579,284,-736
700,332,-690
807,351,-618
839,376,-554
811,434,-519
765,510,-495
709,580,-457
650,638,-416
590,667,-368
525,683,-310
460,683,-265
428,685,-251
427,705,-273
443,722,-315
477,709,-342
532,666,-343
593,612,-319
649,545,-285
699,473,-280
746,392,-302
808,313,-329
891,232,-351
1006,168,-355
1103,138,-357
1162,147,-388
1212,178,-412
1248,221,-415
1266,252,-403
1306,265,-374
1353,262,-319
1396,258,-253
1444,251,-179
1472,239,-107
1472,236,-46
1455,234,-1
1442,227,19
1428,222,13
1414,220,-5
1402,218,-31
1399,223,-53
1399,230,-59
1401,236,-60
1407,234,-46
1413,236,-32
1424,240,-2
1439,248,33
1447,261,67
1448,284,92
1440,306,112
1417,327,125
1385,345,137
1340,354,150
1297,352,163
1250,350,173
1205,336,166
1161,317,146
1113,307,112
1058,316,71
1000,314,29
923,299,0
822,289,-29
700,285,-63
587,283,-87
491,289,-99
416,301,-106
364,307,-104
323,316,-104
284,329,-101
247,334,-105
230,329,-110
231,323,-115
225,314,-117
215,299,-110
204,285,-96
191,263,-80
173,252,-72
141,238,-81
126,225,-95
119,219,-108
115,222,-109
127,229,-98
157,228,-86
169,228,-79
168,234,-78
153,233,-63
132,234,-38
122,234,-27
121,241,-27
110,250,-17
107,246,-1
86,250,11
74,245,12
70,241,14
65,242,20
63,242,25
62,239,36
65,245,46
75,254,54
87,266,63
102,281,66
121,303,64
144,331,68
184,353,64
208,364,63
218,373,69
230,372,82
250,362,89
251,347,86
225,328,76
192,316,65
175,301,60
153,293,47
122,288,31
90,286,14
70,277,3
49,273,3
44,266,12
46,254,23
57,240,43
61,224,66
68,212,82
71,196,95
69,174,100
64,154,104
64,129,95
73,106,88
81,90,84
82,83,73
76,81,52
62,86,23
51,88,-4
42,92,-29
34,97,-59
34,98,-74
27,101,-81
22,102,-85
28,100,-82
48,92,-75
54,90,-73
48,88,-77
48,87,-82
46,83,-85
52,74,-80
60,70,-83
55,63,-79
48,53,-75
40,59,-77
39,61,-77
51,58,-81
53,56,-81
49,65,-76
44,85,-72
39,103,-72
45,102,-77
48,98,-82
47,101,-83
47,97,-81
60,90,-72
71,95,-71
65,107,-76
66,122,-79
68,135,-79
78,135,-81
80,136,-77
83,138,-74
89,138,-71
88,138,-67
91,137,-65
93,138,-63
98,141,-56
96,149,-60
89,163,-71
79,169,-77
77,171,-76
68,171,-73
59,170,-72
55,168,-73
45,169,-77
36,171,-80
32,171,-84
34,173,-86
33,177,-86
32,180,-89
38,186,-92
45,193,-93
49,193,-97
47,188,-98
49,189,-99
46,190,-96
44,183,-95
41,180,-97
36,177,-96
26,171,-94
19,168,-97
12,173,-96
1,176,-102
-1,183,-107
-4,191,-109
-7,193,-109
-3,185,-100
4,186,-90
6,181,-83
7,177,-80
12,178,-76
9,180,-73
7,175,-79
12,173,-79
15,171,-77
22,170,-75
22,171,-73
17,166,-72
18,158,-72
0,170,-74
4,157,-74
13,140,-72
17,135,-66
12,132,-69
4,128,-72
-7,130,-77
-11,135,-78
-17,138,-81
-21,133,-86
-26,127,-83
-33,120,-80
-38,116,-78
-43,119,-76
-44,118,-76
-47,120,-75
-58,129,-71
-67,131,-67
-66,128,-57
-69,125,-54
-66,121,-46
-59,124,-38
-55,119,-35
-52,116,-33
-48,114,-34
-49,109,-29
-41,108,-23
-23,100,-21
-22,102,-24
-32,113,-30
-48,126,-37
-61,131,-40
-70,124,-32
-73,118,-25
-75,116,-16
-74,119,-8
-66,119,3
-60,125,5
-54,130,8
-43,134,11
-36,138,7
-31,138,5
-33,135,8
-34,130,7
-40,129,7
-36,125,7
-37,118,5
-40,112,1
-40,112,-3
-39,110,-2
-46,111,-3
-46,110,-6
-50,108,-3
-54,107,0
-59,106,3
-53,101,4
-58,92,3
-58,91,6
-58,86,5
-63,89,6
-59,90,8
-56,90,9
-56,87,11
-58,85,12
-60,84,9
-58,84,10
-60,85,8
-59,83,9
-55,81,9
-53,81,9
-60,81,10
-60,76,10
-64,73,8
-70,75,7
-67,77,7
-68,85,7
-73,83,7
-79,82,10
-81,75,9
-84,67,12
-86,63,8
-91,70,8
-95,74,10
-97,78,9
-96,80,6
-100,81,5
-101,79,6
-105,78,5
-105,74,8
-103,73,5
-95,71,7
-98,73,7
-100,76,5
-101,77,6
-102,75,4
-99,72,4
-98,71,8
-103,76,10
-107,77,9
-107,73,9
-106,73,8
-107,72,8
-106,70,11
-103,77,9
-101,80,8
-95,82,8
-99,81,5
-88,79,5
-86,80,3
-88,74,3
-92,72,5
-96,72,5
-96,72,6
-95,72,5
-98,69,6
-102,69,8
-106,68,10
-99,67,11
-93,74,8
-89,76,6
-101,83,10
-101,86,7
-102,77,7
-110,74,9
-113,74,9
-114,72,9
-111,70,11
-100,79,11
-89,82,12
-75,84,13
-73,83,11
-77,77,6
-81,77,11
-85,74,12
-87,72,13
-96,70,12
-95,68,12
-86,66,17
-84,69,17
-85,75,16
-80,78,18
-87,76,18
-91,77,19
-95,74,21
-99,73,23
-103,72,20
-106,68,21
-102,65,24
-101,66,23
-98,64,23
-102,68,25
-99,70,27
-98,71,27
-98,74,27
-100,75,28
-98,73,31
-94,77,30
-89,76,31
-88,76,31
-87,76,34
-87,79,34
-88,79,36
-92,81,37
-93,86,37
-91,86,40
-89,84,40
-90,85,41
-88,84,45
-84,84,44
-83,83,42
-81,81,43
-83,81,39
-86,82,35
-88,84,36
-93,88,39
-97,96,38
-99,99,40
-105,101,42
-103,105,46
-104,109,51
-100,106,51
-92,105,54
-86,101,53
-84,97,51
-76,93,50
-70,97,49
-67,97,48
-71,97,43
-69,98,46
-73,99,47
-73,100,42
-75,98,43
-72,100,44
-74,99,45
-75,97,43
-78,102,40
-83,103,39
-85,104,36
-89,108,37
-96,105,37
-96,108,40
-92,108,44
-93,107,42
-86,107,42
-81,108,43
-76,105,45
-75,105,42
-69,100,45
-69,98,48
-68,95,43
-61,88,40
-62,92,34
-65,100,32
-71,101,29
-75,100,26
-86,100,24
-91,102,28
-94,104,30
-99,109,29
-94,110,30
-86,110,31
-84,110,31
-79,110,33
-73,115,31
-73,118,32
-73,118,30
-76,113,30
-75,107,29
-78,99,27
-78,96,21
-72,93,24
-75,92,24
-76,97,20
-74,99,21
-75,100,25
-75,102,21
-72,107,19
-69,109,20
-70,105,20
-72,106,19
-71,107,18
-67,106,21
-60,103,23
-63,103,23
-65,102,19
-62,102,20
-64,100,22
-69,99,19
-68,96,21
-72,95,18
-76,95,20
-75,96,21
-78,99,18
-84,101,19
-86,101,19
-84,107,24
-83,107,25
-76,99,22
-74,103,22
-72,106,26
-75,108,25
-69,105,22
-67,101,23
-68,96,25
-66,93,24
-69,92,21
-75,93,21
-79,91,19
-75,90,18
-76,93,20
-78,91,20
-80,93,19
-78,94,19
-83,99,16
-81,100,16
-80,101,17
-79,96,17
-76,97,15
-76,98,17
-76,95,20
-76,91,20
-73,88,21
-70,85,21
-66,80,18
-59,79,13
-62,82,14
-65,85,16
-63,89,15
-60,88,16
-59,90,11
-57,91,9
-65,98,9
-68,100,9
-65,100,10
-64,106,12
-63,103,11
-60,107,10
-54,105,9
-51,98,5
-52,98,4
-52,94,3
-48,92,2
-47,96,4
-38,91,4
-31,90,3
-30,95,3
-33,101,-5
-39,103,-8
-44,103,-14
-53,104,-16
-64,107,-16
-60,105,-16
-60,108,-12
-64,112,-12
-61,116,-11
-52,116,-10
-41,115,-11
-37,113,-9
-33,116,-13
-31,109,-20
-31,109,-23
-27,106,-26
-21,103,-26
-25,102,-31
-22,100,-32
-19,97,-38
-16,100,-40
-21,102,-47
-23,102,-53
-23,98,-54
-29,101,-54
-29,99,-57
-30,99,-56
-34,92,-55
-36,88,-55
-36,85,-54
-34,83,-54
-25,78,-54
-27,77,-51
-24,74,-48
-27,73,-51
-29,74,-52
-31,71,-54
-29,69,-58
-23,66,-57
-20,66,-59
-24,70,-66
-26,69,-68
-27,61,-68
-30,61,-71
-36,58,-72
-35,55,-73
-37,55,-72
-40,55,-74
-41,50,-75
-41,50,-75
-32,47,-74
-32,44,-71
-42,40,-71
-48,40,-72
-45,42,-71
-42,42,-68
-39,35,-67
-40,28,-68
-42,27,-70
-46,28,-70
-51,30,-66
-58,34,-65
-56,33,-66
-58,32,-66
-58,32,-64
-62,31,-60
-64,28,-57
-66,29,-54
-70,28,-52
-72,28,-47
-72,28,-48
-71,30,-45
-71,28,-37
-66,22,-38
-69,23,-38
-71,24,-32
-72,20,-33
-68,20,-35
-70,23,-37
-70,27,-33
-69,26,-34
-67,24,-37
-68,23,-38
-66,21,-36
-59,21,-35
-56,16,-36
-60,23,-35
-61,24,-32
-69,24,-36
-76,20,-39
-82,20,-37
-80,18,-35
-82,13,-33
-82,16,-31
-74,21,-33
-72,25,-36
-72,31,-39
-74,32,-35
-79,25,-31
-86,20,-32
-88,19,-28
-87,21,-24
-86,22,-24
-79,18,-23
-70,21,-23
-72,27,-18
-70,27,-17
-65,27,-22
-64,26,-24
-70,21,-27
-78,23,-26
-79,25,-28
-80,19,-27
-81,19,-27
-83,28,-23
-79,27,-21
-76,27,-25
-76,27,-22
-77,21,-18
-76,18,-19
-79,15,-16
-84,14,-15
-82,13,-12
-78,13,-12
-83,13,-11
-82,17,-11
-77,18,-8
-78,17,-3
-76,12,-3
-74,6,1
-82,9,4
-81,13,7
-81,15,7
-80,15,4
-86,16,3
-91,12,1
-93,14,1
-93,15,4
-96,20,3
-98,23,4
-98,27,7
-105,36,9
-100,37,12
-89,41,14
-90,43,12
-88,47,13
-86,43,14
-85,41,15
-83,40,14
-89,39,14
-93,41,14
-98,42,14
-97,40,15
-93,41,18
-100,45,20
-99,49,15
-100,47,17
-95,52,20
-93,53,22
-99,53,23
-97,51,25
-98,51,26
-96,56,23
-96,59,22
-90,59,23
-93,57,23
-90,55,19
-89,56,19
-90,59,22
-88,60,18
-85,60,16
-84,59,13
-84,60,11
-82,65,7
-86,70,6
-85,67,5
-80,69,7
-76,69,6
-74,69,3
-70,76,0
-73,77,-1
-74,84,0
-72,85,-2
-69,87,-1
-71,90,-5
-71,91,-3
-68,84,-2
-69,84,-2
-73,86,-2
-73,83,-1
-59,82,-1
-49,83,0
-41,85,-3
-39,91,-9
-46,100,-13
-62,95,-15
-72,88,-14
-84,83,-15
-93,77,-12
-93,78,-8
-86,87,-11
-79,95,-9
-73,101,-9
-68,107,-12
-63,108,-12
-60,109,-14
-63,107,-14
-58,102,-16
-51,97,-22
-46,93,-21
-43,92,-21
-41,92,-22
-42,91,-23
-44,88,-29
-45,83,-31
-45,79,-31
-52,73,-34
-56,71,-38
-66,69,-40
-70,73,-43
-67,75,-42
-66,76,-42
-68,79,-43
-68,80,-43
-61,78,-43
-58,77,-43
-57,72,-44
-55,72,-47
-52,77,-48
-57,75,-47
-56,67,-48
-59,63,-49
-58,59,-49
-62,60,-49
-61,58,-46
-65,56,-48
-62,56,-49
-57,56,-50
-58,56,-51
-62,56,-53
-59,60,-51
-56,61,-53
-52,62,-50
-51,58,-52
-49,51,-53
-50,47,-52
-55,43,-57
-54,42,-58
-57,45,-56
-66,45,-55
-68,46,-58
-70,45,-55
-69,37,-55
-71,35,-57
-72,37,-58
-66,34,-58
-66,31,-55
-66,29,-56
-66,27,-60
-64,29,-64
-65,28,-61
-70,24,-62
-67,20,-63
-69,17,-64
-68,16,-66
-66,15,-64
-71,15,-66
-69,12,-65
-69,3,-67
-70,4,-69
-76,5,-67
-75,4,-67
-77,2,-65
-77,0,-66
-76,0,-67
-81,3,-65
-78,9,-62
-74,11,-61
-75,8,-60
-75,11,-59
-74,12,-59
-68,14,-61
-66,14,-61
-70,13,-60
-72,8,-59
-73,0,-58
-76,-7,-61
-78,-6,-59
-74,-4,-53
-70,-1,-55
-69,-1,-57
-69,5,-59
-74,9,-60
-76,8,-59
-81,7,-63
-87,2,-60
-92,2,-56
-91,2,-54
-89,4,-51
-84,7,-50
-77,9,-49
-71,18,-48
-69,24,-48
-72,29,-47
-75,26,-45
-74,26,-43
-72,19,-40
-71,13,-40
-72,13,-39
-61,11,-39
-62,12,-45
-63,10,-47
-57,10,-45
-59,10,-47
-67,10,-51
-71,13,-51
-76,13,-50
-77,11,-54
-79,13,-57
-78,10,-55
-79,12,-55
-80,14,-58
-77,9,-58
-76,9,-59
-76,18,-59
-73,22,-59
-75,22,-58
-70,21,-58
-67,25,-57
-73,27,-54
-73,19,-53
-69,16,-52
-69,18,-53
-66,19,-55
-64,17,-56
-63,15,-57
-66,12,-60
-68,8,-59
-70,8,-62
-69,3,-67
-64,0,-66
-64,3,-69
-66,4,-70
-73,5,-70
-79,6,-72
-82,0,-73
-90,-4,-73
-99,-8,-73
-97,-10,-73
-98,-5,-73
-93,-7,-73
-95,-7,-72
-92,-3,-72
-91,-4,-73
-83,-5,-73
-75,-3,-74
-76,-3,-73
-77,-2,-74
-71,-6,-75
-68,-7,-76
-61,-10,-77
-59,-17,-77
-58,-24,-78
-56,-36,-81
-54,-46,-80
-57,-51,-80
-60,-55,-82
-67,-59,-83
-70,-63,-85
-74,-64,-86
-78,-65,-90
-78,-68,-90
-81,-74,-91
-82,-77,-95
-82,-80,-100
-84,-83,-103
-84,-83,-106
-81,-81,-108
-80,-78,-111
-76,-77,-120
-66,-80,-122
-59,-88,-126
-61,-94,-128
-68,-101,-133
-78,-111,-133
-80,-129,-134
-86,-141,-138
-93,-143,-141
-90,-143,-145
-83,-146,-150
-82,-145,-157
-84,-133,-164
-78,-124,-168
-73,-118,-175
-76,-117,-186
-83,-119,-190
-90,-118,-193
-99,-114,-198
-99,-107,-211
-101,-91,-222
-97,-79,-228
-85,-74,-235
-77,-69,-245
-75,-66,-261
-69,-67,-273
-73,-71,-279
-77,-84,-282
-75,-95,-294
-70,-104,-306
-75,-105,-315
-78,-99,-315
-79,-71,-313
-67,-55,-332
-57,-68,-355
-52,-87,-363
-57,-106,-366
-49,-114,-382
-45,-119,-397
-47,-120,-413
-48,-112,-426
-40,-107,-438
-34,-105,-445
-35,-99,-447
-38,-103,-443
-33,-104,-450
-33,-101,-453
-30,-95,-446
-35,-91,-449
-31,-82,-441
-27,-72,-433
-14,-70,-429
-6,-71,-412
2,-67,-393
0,-73,-396
-5,-88,-395
1,-83,-387
18,-72,-385
36,-49,-379
58,-17,-372
77,11,-367
100,25,-359
122,26,-357
122,2,-360
64,-61,-362
-29,-152,-366
-84,-213,-371
-110,-218,-371
-128,-206,-364
-144,-200,-367
-153,-192,-368
-163,-175,-381
-171,-157,-387
-180,-138,-387
-192,-130,-385
-196,-115,-372
-207,-108,-369
-219,-106,-363
-233,-118,-358
-247,-121,-347
-262,-117,-340
-282,-124,-340
-299,-124,-344
-318,-126,-352
-334,-126,-348
-344,-118,-344
-362,-114,-343
-377,-112,-343
-388,-129,-348
-402,-156,-352
-401,-178,-344
-407,-191,-340
-417,-199,-343
-423,-194,-340
-425,-183,-333
-426,-174,-328
-425,-164,-326
-430,-148,-316
-430,-123,-304
-441,-95,-296
-450,-79,-281
-454,-69,-265
-450,-62,-256
-456,-59,-251
-462,-54,-251
-468,-42,-244
-474,-34,-229
-470,-39,-215
-461,-50,-206
-457,-55,-208
-435,-62,-207
-399,-74,-198
-366,-81,-191
-350,-82,-189
-336,-81,-188
-329,-80,-196
-328,-78,-196
-343,-78,-182
-350,-80,-174
-350,-77,-168
-340,-73,-165
-342,-68,-161
-352,-64,-154
-358,-58,-145
-361,-51,-134
-367,-45,-137
-380,-36,-148
-378,-23,-140
-364,-20,-130
-349,-16,-118
-322,-18,-109
-294,-21,-108
-267,-21,-118
-240,-21,-116
-227,-20,-111
-216,-19,-108
-207,-21,-110
-193,-26,-111
-196,-24,-111
-207,-23,-107
-211,-15,-108
-218,-15,-105
-220,-20,-95
-218,-21,-89
-229,-21,-87
-234,-26,-84
-236,-25,-80
-232,-18,-78
-230,-11,-76
-228,-4,-77
-227,0,-79
-224,7,-80
-221,14,-80
-218,27,-82
-219,32,-81
-224,28,-78
-224,17,-75
-218,5,-74
-211,3,-76
-203,2,-78
-192,5,-75
-181,9,-76
-166,13,-78
-155,13,-81
-143,21,-84
-141,29,-86
-138,37,-92
-151,48,-99
-164,53,-103
-173,54,-111
-180,56,-112
-184,56,-105
-193,56,-106
-199,52,-109
-195,42,-106
-194,45,-99
-197,42,-96
-199,39,-94
-199,47,-87
-194,51,-80
-189,52,-76
-189,63,-73
-184,67,-71
-177,65,-71
-172,64,-72
-165,62,-75
-153,59,-77
-154,58,-79
-163,60,-80
-163,59,-75
-159,55,-75
-149,47,-74
-148,55,-73
-148,54,-71
-143,53,-71
-140,48,-73
-138,50,-74
-140,52,-76
-141,64,-76
-143,80,-77
-143,85,-79
-150,91,-83
-153,93,-83
-150,82,-84
-146,76,-87
-140,74,-90
-139,71,-83
-137,68,-75
-130,60,-72
-127,61,-70
-122,62,-67
-116,60,-66
-106,63,-69
-93,73,-71
-91,80,-71
-106,78,-72
-121,75,-70
-132,72,-69
-134,70,-64
-138,73,-51
-136,78,-40
-119,80,-35
-107,87,-32
-100,91,-31
-104,90,-29
-104,87,-31
-108,88,-32
-102,88,-34
-95,85,-34
-85,83,-26
-78,84,-22
-71,79,-20
-67,74,-19
-62,71,-16
-62,70,-15
-65,73,-17
-63,72,-17
-57,68,-14
-56,70,-14
-58,73,-17
-62,73,-14
-61,76,-11
-54,77,-8
-48,78,-5
-47,79,-4
-42,77,1
-39,76,4
-41,77,8
-41,75,7
-39,73,11
-40,71,15
-36,72,21
-35,70,23
-33,74,22
-29,73,27
-28,76,27
-30,78,28
-28,77,28
-30,77,31
-35,79,29
-40,82,29
-36,77,31
-37,78,33
-41,79,32
-38,80,29
-32,77,29
-30,85,28
-34,92,26
-41,95,31
-46,96,30
-53,94,28
-48,93,21
-52,92,23
-55,95,22
-52,94,23
-49,95,22
-47,93,20
-46,91,19
-48,89,19
-50,90,16
-51,94,16
-56,95,14
-49,94,13
-54,94,10
-55,93,8
-48,92,8
-52,91,7
-54,95,2
-53,96,0
-53,96,1
-48,98,-2
-51,100,-6
-49,101,-8
-45,101,-9
-47,101,-12
-47,99,-15
-39,98,-19
-38,95,-18
-37,98,-19
-41,99,-18
-40,103,-18
-45,100,-19
-48,101,-16
-48,100,-17
-49,96,-17
-51,96,-15
-51,95,-12
-47,99,-12
-38,101,-9
-35,103,-9
-30,106,-11
-27,110,-15
-16,110,-17
-7,113,-18
-11,117,-19
-22,112,-16
-40,105,-9
-53,96,-5
-54,95,0
-53,93,5
-47,97,8
-35,108,7
-27,115,6
-25,116,10
-32,118,5
-41,115,0
-43,115,6
-46,112,6
-41,103,6
-30,98,9
-25,94,12
-26,91,11
-20,87,12
-22,88,9
-25,89,7
-22,90,9
-22,90,8
-26,95,6
-30,99,4
-37,104,0
-39,108,0
-37,104,-1
-40,101,-5
-43,102,-2
-42,103,-1
-44,102,0
-48,100,0
-47,97,-2
-46,100,1
-43,95,5
-45,93,4
-42,89,5
-45,90,2
-47,90,-1
-49,90,3
-50,89,6
-49,89,7
-51,90,4
-53,93,0
-55,92,0
-55,91,-1
-58,91,-3
-59,91,1
-58,89,3
-62,87,5
-67,85,6
-69,88,3
-69,89,4
-71,92,6
-76,91,2
-80,93,2
-80,89,4
-82,93,1
-82,94,-1
-88,93,0
-82,91,-2
-80,85,-2
-80,83,0
-81,82,-2
-82,82,-1
-84,82,-1
-82,84,0
-84,85,0
-81,85,-2
-78,87,1
-78,87,-1
-79,87,-2
-79,87,-4
-79,86,-2
-76,83,-4
-75,86,-4
-80,97,-7
-83,99,4
-78,91,6
-71,92,0
-63,91,-4
-64,89,-6
-63,89,-10
-62,93,-15
-59,94,-11
-70,94,-8
-75,90,-11
-73,87,-8
-80,83,-8
-83,78,-4
-83,84,-2
-81,83,0
-80,89,1
-78,95,2
-72,97,2
-70,97,3
-65,100,0
-49,104,-8
-48,107,-13
-59,107,-12
-68,97,-8
-77,93,-4
-82,89,0
-87,89,-1
-85,88,1
-79,94,5
-72,101,2
-71,105,-2
-74,109,-2
-78,108,1
-82,106,0
-83,98,1
-84,94,2
-84,89,0
-78,84,0
-75,77,1
-69,74,1
-68,75,2
-69,77,1
-71,81,2
-73,85,0
-77,90,-3
-75,92,-4
-77,93,-4
-79,97,-7
-81,97,-10
-77,96,-7
-77,96,-8
-78,91,-4
-79,89,-3
-74,86,0
-76,85,-1
-74,84,0
-74,87,5
-78,89,5
-78,90,5
-74,88,8
-79,88,8
-78,88,8
-81,87,11
-80,80,9
-79,82,13
-82,85,14
-80,83,14
-81,87,13
-78,85,12
-77,83,13
-81,87,10
-90,88,9
-84,82,10
-80,78,20
-80,83,19
-83,84,20
-89,88,17
-94,90,18
-97,88,21
-95,89,24
-91,86,25
-93,83,24
-86,83,28
-83,81,26
-83,79,27
-81,79,27
-82,81,26
-87,86,22
-85,85,21
-88,84,22
-92,84,22
-90,89,21
-92,89,18
-96,86,18
-94,85,22
-84,83,23
-86,83,19
-92,88,19
-95,90,18
-91,87,16
-87,89,17
-90,92,19
-90,92,19
-85,87,18
-90,87,19
-94,88,20
-91,88,21
-90,89,21
-92,94,20
-92,92,20
-96,92,21
-97,94,19
-103,96,22
-106,92,22
-104,88,25
-104,85,28
-104,87,26
-100,87,27
-98,84,27
-89,87,29
-83,91,27
-78,97,26
-79,95,22
-89,92,23
-100,92,29
-102,90,29
-100,86,27
-100,84,31
-96,86,34
-94,87,38
-94,92,36
-89,92,34
-93,93,35
-97,96,33
-99,100,30
-104,99,33
-104,93,32
-101,88,29
-94,86,30
-92,87,29
-92,85,31
-93,87,31
-97,84,25
-98,86,23
-94,89,24
-89,90,22
-93,86,21
-97,83,16
-98,88,17
-98,88,13
-99,91,14
-102,89,14
-100,93,13
-97,94,14
-97,92,13
-98,90,10
-102,90,14
-96,84,12
-95,87,11
-100,86,13
-97,84,14
-96,84,14
-95,86,17
-100,89,17
-97,89,17
-95,88,16
-97,88,16
-95,83,13
-87,84,17
-84,81,17
-83,87,14
-87,89,13
-91,89,13
-91,84,15
-96,84,19
-99,84,16
-88,80,17
-88,81,15
-89,88,17
-96,92,15
-96,92,15
-90,90,17
-97,94,16
-97,88,17
-100,88,17
-97,88,18
-95,87,15
-96,85,18
-98,88,20
-96,82,18
-98,82,19
-94,82,19
-92,81,20
-91,82,19
-97,86,21
-94,81,18
-89,81,17
-87,81,17
-90,86,17
-94,89,16
-93,88,17
-92,83,15
-91,82,14
-90,81,15
-94,81,16
-95,85,18
-97,89,18
-95,87,19
-94,87,20
-100,91,17
-100,92,19
-99,93,17
-96,89,22
-97,93,22
-95,91,19
-95,83,19
-102,78,19
-106,77,20
-105,76,24
-100,81,25
-95,83,22
-90,85,23
-82,91,22
-75,94,21
-83,97,16
-93,90,18
-103,85,23
-111,80,23
-109,75,23
-106,72,22
-100,76,20
-94,80,25
-96,93,28
-100,99,23
-101,99,22
-104,97,24
-109,94,23
-109,91,22
-103,83,24
-100,82,23
-100,76,22
-93,78,24
-98,79,22
-98,73,21
-96,73,21
-98,75,21
-96,75,20
-93,81,18
-93,78,16
-97,82,13
-99,82,8
-99,85,11
-100,86,9
-96,87,6
-95,85,4
-96,86,5
-92,86,-1
-85,83,0
-86,85,1
-93,88,5
-91,88,10
-84,82,15
-83,82,10
-86,84,11
-87,89,14
-81,90,16
-82,91,14
-83,89,16
-85,86,17
-85,83,17
-82,85,18
-80,89,14
-79,91,12
-75,88,14
-79,87,14
-81,87,10
-82,82,12
-86,85,16
-90,88,17
-88,88,18
-94,87,15
-91,87,14
-87,87,18
-86,89,17
-90,84,16
-94,85,17
-99,90,17
-99,90,13
-97,86,17
-97,84,17
-91,86,18
-95,85,21
-97,85,17
-96,85,15
-93,83,19
-95,82,18
-96,82,16
-92,83,20
-94,79,19
-95,83,16
-97,81,14
-96,83,17
-97,82,17
-94,82,13
-93,84,13
-98,84,14
-101,84,17
-102,79,16
-101,78,15
-94,79,15
-93,81,16
-96,82,15
-98,82,14
-96,86,11
-96,87,11
-96,83,16
-91,82,14
-94,79,13
-94,76,12
-98,75,18
-100,73,19
-102,76,18
-104,80,19
-97,86,17
-84,86,15
-79,92,13
-78,96,11
-75,96,10
-83,93,10
-94,82,11
-105,76,15
-106,73,17
-103,76,18
-102,78,20
-93,80,20
-82,80,22
-77,87,21
-80,84,19
-90,91,15
-95,94,16
-96,91,17
-98,89,19
-95,82,19
-91,80,21
-89,79,22
-87,80,20
-89,83,17
-87,83,17
-86,83,19
-83,84,17
-86,90,15
-86,88,14
-90,90,13
-88,86,12
-89,84,8
-90,87,8
-88,90,12
-83,86,10
-79,85,11
-77,80,12
-75,79,10
-78,82,8
-78,80,9
-81,80,9
-76,76,7
-76,76,9
-78,77,12
-80,83,10
-77,80,11
-76,80,10
-78,81,9
-77,81,9
-81,80,11
-80,79,14
-75,81,12
-72,85,8
-76,84,8
-74,81,8
-75,82,7
-75,79,7
-75,77,11
-73,80,11
-73,83,13
-74,83,12
-73,81,11
-73,85,12
-70,85,9
-73,86,10
-74,88,8
-77,88,8
-76,88,9
-74,84,8
-72,84,11
-76,86,14
-79,83,9
-75,82,10
-72,83,10
-75,84,8
-75,82,9
-71,86,7
-73,88,5
-73,82,8
-76,84,6
-72,86,6
-71,86,4
-68,86,5
-73,82,4
-73,83,0
-77,84,-1
-74,83,1
-74,83,1
-73,81,4
-74,83,0
-72,88,2
-72,87,2
-72,86,2
-67,87,2
-65,85,1
-60,80,5
-67,80,5
-75,85,6
-78,82,4
-78,80,6
-81,80,7
-80,79,9
-77,83,11
-71,85,10
-62,87,9
-66,91,5
-60,90,4
-55,92,2
-54,95,-1
-62,96,-2
-76,88,4
-83,79,9
-87,77,8
-86,76,9
-80,82,12
-72,89,13
-61,94,11
-61,99,8
-70,99,4
-76,97,6
-84,93,6
-82,90,5
-76,84,6
-73,83,7
-72,83,8
-72,85,6
-71,81,4
-68,79,2
-66,81,3
-65,83,2
-64,86,1
-62,84,-4
-63,82,-8
-66,83,-11
-66,80,-8
-69,86,-7
-70,89,-8
-67,91,-8
-68,90,-4
-67,90,-4
-65,90,-5
-64,92,-5
-67,92,-7
-63,91,-6
-63,90,-7
-64,89,-3
-67,87,-2
-67,85,1
-68,87,2
-64,80,4
-67,81,5
-70,83,8
-70,84,9
-69,87,7
-69,88,6
-67,88,5
-63,86,4
-63,85,3
-60,84,3
-58,80,6
-60,78,6
-65,79,6
-68,83,9
-68,85,9
-69,87,8
-75,88,5
-77,93,5
-76,90,3
-76,90,2
-78,91,1
-78,93,2
-74,92,3
-78,90,6
-82,86,5
-80,82,5
-77,80,6
-73,77,7
-75,81,5
-75,80,7
-77,88,4
-74,88,3
-74,87,6
-75,87,4
-72,87,1
-70,88,2
-72,88,0
-75,87,0
-72,84,-1
-74,88,-2
-76,88,-2
-75,86,-1
-73,85,-1
-72,85,-2
-74,88,-1
-75,92,1
-74,90,2
-70,92,4
-67,91,3
-71,96,0
-76,94,2
-74,90,4
-78,87,6
-82,82,9
-81,77,7
-81,82,10
-79,82,10
-76,85,8
-74,89,11
-73,91,8
-69,90,6
-60,93,4
-62,96,-1
-67,92,-2
-80,91,-3
-95,85,2
-96,78,3
-96,76,6
-96,75,8
-90,80,9
-80,84,9
-73,89,10
-78,92,6
-87,96,5
-93,93,6
-97,93,3
-93,91,1
-90,86,1
-83,83,6
-79,83,4
-73,78,4
-69,72,6
-70,73,5
-74,80,4
-76,81,2
-74,82,2
-75,85,-5
-77,87,-4
-78,89,-5
-79,90,-4
-81,89,-6
-78,90,-7
-80,92,-8
-77,93,-6
-74,92,-2
-77,91,-1
-79,90,-1
-78,92,2
-77,89,3
-74,82,5
-77,82,6
-76,80,5
-73,82,7
-75,84,6
-77,85,8
-79,84,8
-79,85,10
-78,81,10
-73,82,8
-74,83,10
-76,84,9
-76,86,7
-77,86,2
-79,85,2
-80,82,2
-81,78,3
-86,82,4
-85,80,6
-88,83,8
-88,84,10
-86,89,11
-89,90,7
-84,86,7
-78,84,11
-85,85,10
-85,86,11
-81,86,12
-79,83,14
-86,84,15
-88,86,14
-83,84,17
-86,84,16
-83,87,15
-84,83,15
-87,80,15
-86,81,16
-85,85,17
-89,86,19
-90,84,20
-85,84,22
-83,85,23
-81,83,24
-85,82,22
-84,79,22
-86,80,22
-85,81,24
-85,85,25
-86,84,25
-89,86,22
-90,89,21
-89,91,18
-85,93,22
-86,92,23
-91,95,20
-93,92,21
-91,89,24
-96,85,22
-95,84,22
-101,84,24
-98,82,22
-93,84,25
-86,82,22
-85,83,23
-87,83,25
-84,89,23
-83,91,22
-82,94,19
-86,98,16
-92,91,16
-99,83,20
-100,78,19
-100,77,18
-100,80,20
-98,83,22
-92,83,25
-94,86,22
-93,89,24
-92,93,25
-103,99,23
-107,93,26
-105,89,26
-101,87,25
-101,84,26
-97,80,25
-97,82,22
-92,80,25
-92,77,25
-88,77,26
-89,83,23
-86,80,20
-82,81,22
-91,87,19
-93,84,19
-89,86,21
-93,88,15
-97,88,17
-95,90,19
-98,89,18
-97,90,17
-96,90,18
-94,85,22
-90,84,22
-93,85,15
-97,83,17
-97,80,16
-93,81,20
-91,80,21
-98,81,20
-97,83,22
-92,82,21
-90,81,21
-92,81,19
-93,83,19
-89,84,22
-88,84,22
-87,88,19
-88,88,15
-92,90,16
-93,85,17
-97,85,18
-94,82,24
-95,84,21
-93,80,25
-94,83,20
-92,89,19
-91,89,20
-94,89,21
-95,91,20
-94,88,19
-96,87,17
-95,90,18
-96,86,19
-99,84,19
-103,83,18
-100,83,17
-100,82,18
-94,82,19
-88,82,18
-90,84,20
-89,82,18
-86,81,18
-92,87,15
-94,90,15
-87,86,14
-89,83,15
-95,87,18
-95,88,17
-96,87,18
-98,86,19
-91,80,17
-93,80,14
-92,80,17
-91,81,17
-95,85,16
-96,88,20
-93,87,19
-92,89,19
-91,90,19
-88,92,20
-88,92,16
-94,94,16
-92,87,18
-98,85,20
-100,83,23
-102,79,24
-99,77,26
-98,80,29
-92,78,27
-89,80,24
-85,83,24
-77,88,20
-76,96,20
-83,96,19
-95,91,18
-102,83,22
-109,74,24
-107,70,23
-97,72,26
-96,82,27
-94,88,25
-92,88,27
-93,92,26
-96,98,28
-95,100,28
-104,98,23
-105,96,23
-102,93,22
-99,87,25
-99,82,27
-92,79,25
-92,80,22
-88,82,22
-87,84,28
-87,82,28
-88,82,23
-87,83,22
-84,82,19
-86,83,20
-88,85,22
-92,84,21
-95,87,19
-94,87,18
-92,86,17
-86,86,18
-88,85,18
-84,81,16
-90,84,18
-88,84,20
-85,80,18
-84,76,19
-85,79,23
-86,80,20
-87,78,20
-86,78,19
-82,81,22
-81,84,23
-87,85,23
-85,87,24
-84,83,22
-80,82,22
-75,86,21
-77,88,20
-77,85,20
-73,81,17
-76,77,19
-79,75,25
-79,80,23
-79,83,24
-78,86,24
-83,87,19
-80,83,20
-86,86,20
-88,89,20
-87,94,18
-87,90,19
-86,90,15
-89,84,18
-93,85,17
-90,83,19
-94,81,23
-92,87,23
-88,84,24
-90,84,22
-94,83,17
-87,85,18
-88,86,17
-90,85,16
-92,84,15
-94,88,16
-95,89,13
-90,84,13
-96,88,13
-97,94,14
-91,91,14
-90,88,14
-90,89,16
-93,87,19
-92,84,18
-95,84,17
-96,88,19
-92,89,19
-89,89,19
-88,91,21
-85,91,19
-86,89,17
-88,89,17
-90,85,17
-86,80,22
-90,77,23
-95,75,23
-93,74,22
-94,76,23
-92,78,23
-93,85,21
-90,84,21
-86,88,20
-78,92,18
-75,91,17
-80,91,14
-95,89,15
-105,78,18
-107,70,21
-105,72,21
-102,77,25
-94,80,28
-86,87,28
-82,86,27
-85,90,22
-85,92,18
-85,92,22
-93,90,24
-96,89,21
-102,86,20
-95,79,19
-87,75,20
-86,75,23
-87,77,23
-85,80,26
-80,81,21
-80,86,21
-82,85,17
-83,88,14
-79,90,17
-82,89,16
-82,88,13
-87,89,14
-85,88,14
-85,87,12
-85,84,11
-81,82,11
-80,86,9
-78,85,13
-79,87,11
-77,86,9
-75,85,9
-74,85,9
-73,85,11
-75,80,13
-72,76,10
-69,76,13
-69,77,13
-74,80,13
-76,84,12
-67,83,10
-65,84,11
-70,84,11
-69,86,13
-68,83,9
-68,83,9
-71,82,6
-73,80,7
-70,78,11
-72,80,13
-78,80,11
-77,84,10
-73,84,12
-69,83,15
-72,83,13
-72,85,13
-70,84,10
-67,83,9
-67,80,11
-72,81,10
-75,82,11
-73,79,12
-69,81,12
-74,84,12
-76,83,11
-75,81,14
-73,81,14
-71,85,13
-72,84,12
-72,84,11
-71,84,10
-77,86,7
-73,87,8
-73,89,10
-76,87,6
-72,80,5
-73,84,7
-72,85,10
-70,86,9
-66,84,7
-70,86,6
-71,83,9
-67,83,9
-66,79,8
-61,82,4
-62,79,6
-66,82,3
-67,83,5
-72,86,5
-73,85,5
-71,84,3
-71,79,6
-68,79,9
-77,83,8
-78,85,7
-77,83,6
-70,85,7
-64,91,7
-55,91,4
-48,94,5
-44,94,2
-51,91,-1
-62,83,2
-76,76,4
-85,73,10
-87,74,12
-83,79,14
-75,80,13
-69,87,14
-68,95,14
-70,98,11
-73,99,7
-77,98,9
-78,91,10
-79,86,6
-73,83,7
-69,80,7
-70,77,7
-72,76,4
-71,74,8
-71,76,5
-68,79,6
-67,83,3
-66,84,4
-69,85,1
-68,88,-2
-71,92,-3
-71,87,-5
-69,86,-8
-71,86,-8
-71,86,-7
-74,89,-6
-72,92,-6
-63,86,-1
-63,86,-3
-59,85,-3
-59,82,-3
-60,85,-4
-63,85,-1
-62,83,2
-63,83,4
-66,83,8
-65,85,9
-66,86,9
-68,85,8
-71,85,8
