1179,2967,7287
1201,2964,7323
1176,3036,7332
1189,3027,7343
1172,2994,7317
1203,2984,7279
1173,3014,7265
1178,3208,7250
1185,3132,7200
1181,2990,7238
1183,2990,7247
1173,2988,7277
1197,2981,7235
1161,3006,7241
1188,2990,7212
1179,3005,7177
1179,2958,7217
1209,3111,7161
1180,2978,7239
1177,2989,7304
1165,2984,7261
1203,2979,7315
1184,2971,7273
1176,2977,7296
1230,2979,7342
1188,3158,7149
1185,3100,7217
1142,2944,7328
1159,2935,7285
1170,2965,7323
1156,2993,7377
1157,2938,7323
1169,2953,7391
1175,2919,7337
1211,2958,7340
1191,3084,7234
1209,2960,7311
1213,2964,7296
1194,2949,7234
1200,2934,7222
1200,2891,7262
1202,2942,7291
1187,2912,7300
1161,2955,7336
1202,3052,7176
1201,2959,7223
1165,2906,7299
1187,2947,7272
1182,2909,7265
1188,2939,7230
1198,2945,7227
1130,2943,7245
1212,2946,7255
1194,3072,7265
1177,3056,7250
1206,2930,7312
1193,2949,7231
1217,2951,7281
1223,2954,7214
1198,2972,7283
1178,2949,7326
1205,2919,7257
1204,3136,7249
1214,3064,7203
1213,2942,7299
1194,2915,7258
1231,2938,7336
1209,2927,7305
1265,2935,7321
1222,2917,7260
1223,2910,7405
1159,3092,7138
1200,3049,7202
1218,2951,7290
1205,2937,7316
1186,2925,7306
1179,2928,7287
1197,2930,7290
1189,2934,7313
1197,2883,7315
1209,2925,7326
1226,3141,7053
1186,3148,7215
1224,3116,7213
1179,3061,7278
1192,2969,7284
1230,2919,7273
1199,2934,7292
1175,2911,7330
1195,3003,7211
1192,3056,7241
1216,2947,7296
1188,2951,7334
1229,2970,7311
1234,2912,7369
1210,2910,7253
1168,2928,7321
1170,2898,7253
1178,2945,7327
1197,3059,7199
1206,2910,7315
1204,2933,7289
1217,2937,7336
1241,2928,7310
1216,2940,7282
1227,2952,7284
1224,2960,7281
1203,2957,7357
1199,3078,7158
1224,3081,7223
1201,2913,7226
1196,2952,7259
1230,2921,7237
1213,2945,7301
1237,2940,7274
1215,2956,7254
1228,2973,7328
1242,3071,7207
1215,3058,7242
1186,2952,7286
1227,2999,7263
1203,2977,7274
1199,2967,7294
1193,3013,7299
1214,2963,7297
1217,2976,7231
1214,3158,7306
1230,3077,7281
1158,2950,7355
1214,2947,7318
1212,2955,7327
1203,2969,7259
1185,2959,7279
1182,2969,7324
1193,2961,7328
1192,3023,7203
1208,3090,7315
1239,3061,7291
1234,2947,7287
1221,2941,7271
1235,2922,7257
1261,2931,7284
1224,2915,7254
1194,2936,7298
1202,2897,7231
1168,3048,7192
1192,2947,7273
1188,2928,7279
1181,2950,7239
1180,2950,7295
1182,2937,7346
1191,2964,7312
1213,2960,7279
1191,2952,7272
1197,3064,7234
1201,2976,7231
1194,2963,7338
1185,2987,7292
1183,2977,7315
1153,2945,7303
1211,2987,7314
1215,2965,7363
1215,2931,7264
1177,3074,7171
1210,2918,7295
1178,2944,7292
1183,2934,7292
1179,2927,7297
1186,2923,7280
1196,2932,7236
1203,2912,7294
1166,2917,7339
1198,3027,7191
1210,3047,7217
1211,2942,7334
1208,2950,7382
1192,2920,7378
1191,2951,7306
1196,2955,7321
1176,2954,7236
1173,2909,7299
1188,3094,7181
1196,3047,7170
1226,2888,7278
1205,2940,7245
1215,2909,7255
1224,2937,7223
1181,2915,7239
1211,2932,7303
1193,2944,7246
1207,3153,7180
1205,3038,7174
1187,2913,7220
1183,2922,7306
1203,2976,7312
1183,2902,7282
1209,2917,7255
1206,2897,7315
1227,2932,7297
1205,2922,7208
1216,2993,7234
1238,2905,7237
1234,2906,7227
1227,2939,7246
1216,2927,7283
1233,2928,7316
1208,2949,7324
1210,2935,7289
1180,2943,7366
1243,3053,7190
1223,2963,7248
1217,2945,7315
1208,2937,7314
1210,2954,7248
1187,2945,7337
1217,2940,7339
1188,2976,7336
1230,2938,7331
1184,3068,7194
1202,2979,7268
1231,2930,7298
1173,2941,7288
1194,2922,7298
1185,2949,7202
1199,2975,7190
1178,2963,7189
1157,2935,7217
1175,3190,7153
1212,3165,7118
1199,3186,7134
1178,3094,7207
1169,3085,7184
1200,2948,7202
1222,2954,7248
1182,2927,7276
1183,2950,7277
1190,3094,7174
1175,3088,7120
1169,2950,7228
1198,2966,7221
1202,2938,7263
1204,2924,7261
1233,2920,7266
1219,2932,7261
1215,2923,7253
1254,3128,7199
1212,3032,7177
1198,2938,7258
1228,2910,7206
1231,2938,7190
1242,2920,7218
1221,2932,7223
1218,2913,7279
1216,2907,7207
1234,3121,7129
1218,2991,7082
1262,2912,7267
1221,2912,7206
1219,2942,7181
1250,2927,7193
1257,2916,7169
1230,2887,7158
1236,2916,7193
1204,2902,7234
1218,3034,7142
1223,2903,7229
1187,2937,7210
1225,2897,7258
1217,2934,7169
1224,2903,7216
1264,2934,7238
1239,2916,7211
1209,2878,7145
1226,3019,7072
1206,2904,7232
1190,2919,7197
1200,2899,7214
1214,2910,7245
1214,2945,7202
1220,2900,7212
1273,2930,7216
1260,2903,7199
1197,3031,7189
1256,2914,7243
1252,2916,7265
1227,2921,7204
1252,2901,7173
1232,2886,7261
1226,2904,7274
1264,2921,7149
1214,2917,7244
1213,3041,7084
1251,2951,7272
1261,2938,7190
1235,2916,7206
1234,2920,7296
1261,2940,7256
1254,2911,7195
1251,2919,7173
1245,2917,7195
1254,3024,7036
1254,3030,7060
1231,2936,7190
1220,2905,7237
1233,2950,7107
1238,2963,7210
1216,2962,7230
1221,2918,7269
1231,2914,7206
1233,3123,7058
1231,3045,7188
1245,2922,7251
1211,2908,7193
1256,2934,7185
1229,2911,7216
1266,2907,7183
1216,2887,7261
1241,2905,7195
1233,3082,7044
1270,3022,7135
1232,2926,7168
1244,2917,7196
1227,2915,7110
1253,2914,7160
1245,2920,7217
1213,2908,7149
1265,2922,7222
1234,2932,7157
1238,3004,7065
1265,2899,7204
1219,2943,7218
1242,2915,7254
1263,2916,7182
1246,2919,7229
1233,2922,7196
1267,2927,7217
1244,2951,7177
1220,3008,7136
1225,2898,7179
1207,2929,7231
1232,2939,7238
1227,2915,7218
1243,2903,7209
1215,2915,7218
1208,2959,7204
1254,2936,7176
1233,3057,7118
1240,2943,7161
1222,2948,7130
1247,2917,7194
1265,2921,7130
1253,2898,7095
1223,2929,7199
1218,2946,7154
1232,2932,7202
1250,3124,7129
1206,3005,7137
1217,2941,7144
1209,2946,7213
1195,2967,7184
1225,2943,7203
1227,2936,7232
1235,2998,7227
1269,2959,7210
1259,3095,7070
1251,3109,7105
1303,2965,7140
1245,2946,7267
1224,2989,7241
1284,2976,7192
1224,2951,7203
1269,3003,7216
1230,2958,7192
1251,3136,7152
1224,3089,7115
1225,2942,7241
1204,2957,7203
1220,2974,7225
1223,2931,7147
1224,2940,7225
1201,2946,7205
1218,2981,7233
1240,3001,7154
1272,3083,7105
1242,2984,7180
1227,2961,7139
1234,2961,7215
1256,2921,7157
1217,2943,7214
1223,2962,7090
1233,2960,7124
1220,2979,7103
1223,3182,7071
1245,3182,7057
1230,3186,7062
1203,3104,7028
1188,3023,7178
1232,2982,7184
1246,2939,7261
1203,2939,7266
1246,2986,7206
1249,3071,7066
1238,2922,7146
1259,2958,7145
1243,2937,7209
1236,2945,7144
1240,2931,7245
1232,2946,7253
1254,2974,7192
1191,2961,7189
1225,3067,7096
1242,2922,7153
1201,2939,7187
1231,2955,7272
1254,2949,7174
1211,2911,7184
1224,2930,7218
1207,2930,7186
1218,2936,7227
1223,3089,7128
1231,3074,7126
1205,2960,7203
1215,2938,7262
1211,2960,7224
1203,2998,7221
1194,2960,7248
1216,2962,7088
1199,2940,7231
1230,3139,7157
1237,3060,7134
1230,2929,7262
1214,2942,7170
1202,2917,7198
1163,2915,7186
1210,2940,7205
1213,2926,7191
1196,2925,7282
1228,3139,7163
1232,3049,7088
1222,2954,7188
1196,2958,7225
1214,2922,7262
1226,2942,7151
1190,2925,7255
1227,2940,7204
1234,2928,7248
1198,2915,7268
1218,3036,7203
1240,2904,7204
1244,2896,7180
1238,2885,7247
1230,2894,7237
1218,2902,7241
1236,2900,7260
1241,2872,7254
1220,2873,7310
1206,2987,7232
1213,2880,7232
1179,2857,7210
1209,2893,7261
1176,2880,7273
1188,2885,7237
1176,2849,7309
1181,2855,7203
1196,2868,7243
1220,2982,7237
1200,2854,7259
1171,2833,7297
1177,2846,7298
1182,2865,7258
1194,2853,7276
1184,2880,7269
1184,2866,7221
1184,2869,7250
1192,2986,7226
1215,2873,7333
1218,2826,7300
1178,2834,7318
1198,2817,7355
1184,2849,7283
1193,2808,7315
1181,2858,7313
1195,2817,7346
1230,2929,7337
1173,2954,7254
1194,2771,7348
1217,2806,7311
1205,2804,7368
1213,2756,7334
1195,2775,7356
1250,2802,7278
1202,2743,7282
1213,2911,7192
1198,2851,7260
1221,2700,7310
1189,2694,7267
1216,2724,7268
1198,2703,7224
1188,2690,7210
1204,2684,7271
1225,2664,7331
1231,2821,7234
1210,2736,7168
1212,2603,7215
1205,2599,7225
1162,2638,7342
1210,2594,7234
1192,2558,7321
1226,2552,7277
1205,2501,7318
1218,2531,7296
1193,2636,7289
1152,2481,7385
1199,2471,7436
1179,2478,7361
1203,2500,7396
1197,2498,7406
1196,2471,7449
1195,2464,7421
1139,2446,7440
1145,2581,7341
1172,2425,7499
1163,2423,7488
1121,2425,7494
1140,2408,7514
1137,2390,7487
1129,2376,7541
1131,2387,7571
1162,2382,7580
1139,2512,7407
1123,2378,7554
1142,2369,7545
1119,2366,7581
1104,2372,7594
1096,2349,7660
1116,2354,7546
1081,2340,7653
1106,2359,7641
1125,2440,7611
1079,2448,7695
1059,2377,7619
1091,2333,7641
1068,2315,7595
1073,2306,7628
1054,2296,7697
1043,2290,7590
1069,2287,7671
1054,2400,7564
1045,2371,7647
1052,2264,7723
1072,2252,7626
1040,2223,7708
1047,2207,7657
1055,2223,7739
1065,2222,7700
1037,2213,7729
1035,2403,7630
1082,2441,7610
1049,2425,7626
1037,2384,7580
1017,2319,7727
1016,2188,7828
1036,2168,7783
983,2186,7822
1026,2162,7802
978,2286,7731
995,2269,7723
999,2149,7839
966,2148,7770
985,2124,7807
997,2125,7786
983,2106,7783
975,2107,7824
931,2105,7805
1009,2064,7771
979,2219,7727
986,2045,7821
981,2024,7853
959,2027,7821
963,1989,7800
971,2039,7821
943,2015,7753
979,1973,7754
977,1926,7738
991,2105,7653
952,1938,7684
946,1956,7752
916,1932,7712
926,1943,7769
906,1919,7684
898,1904,7692
936,1848,7748
909,1843,7669
901,1969,7593
868,1841,7713
853,1808,7678
854,1793,7619
900,1813,7640
865,1774,7619
819,1752,7625
832,1714,7581
809,1725,7529
822,1822,7439
817,1795,7420
797,1637,7487
829,1677,7490
803,1612,7421
810,1609,7361
823,1603,7288
807,1594,7273
802,1542,7320
798,1671,7124
761,1657,7139
781,1506,7227
768,1516,7147
744,1487,7113
730,1494,7063
748,1442,7066
748,1467,6974
747,1443,6947
750,1641,6798
791,1552,6783
774,1407,6836
769,1395,6806
780,1399,6801
745,1402,6694
739,1412,6659
750,1387,6629
732,1393,6595
760,1388,6544
754,1499,6456
758,1377,6426
744,1344,6440
763,1390,6387
754,1342,6402
754,1368,6328
749,1313,6235
740,1299,6193
713,1323,6105
734,1439,5941
717,1406,5855
698,1310,5962
687,1327,5956
719,1366,5904
725,1307,5879
704,1392,5740
710,1351,5708
688,1337,5597
710,1436,5516
702,1344,5556
682,1350,5445
661,1363,5462
696,1358,5363
688,1366,5330
692,1384,5298
702,1376,5340
684,1369,5341
708,1509,5292
739,1440,5283
708,1410,5282
714,1420,5203
698,1386,5222
677,1410,5163
704,1471,5080
729,1461,5130
730,1438,5096
739,1594,4900
715,1596,4894
725,1481,4920
723,1462,4909
746,1496,4865
745,1459,4850
737,1475,4759
730,1465,4828
733,1472,4832
749,1704,4800
737,1627,4741
728,1519,4805
712,1532,4819
726,1526,4698
748,1558,4764
744,1534,4774
703,1559,4667
742,1537,4668
744,1753,4543
728,1681,4612
761,1550,4632
752,1554,4617
746,1572,4610
740,1583,4625
714,1572,4546
741,1552,4545
716,1543,4573
752,1531,4525
709,1673,4539
710,1574,4519
680,1553,4482
663,1590,4511
736,1565,4549
715,1544,4609
730,1552,4583
682,1569,4587
710,1581,4537
689,1689,4485
682,1584,4508
693,1558,4423
695,1564,4597
710,1580,4576
678,1560,4534
697,1611,4513
722,1584,4560
733,1594,4627
717,1724,4559
736,1577,4639
739,1602,4682
710,1595,4686
721,1583,4802
743,1548,4738
773,1585,4825
764,1587,4878
723,1593,4880
762,1762,4757
795,1814,4708
774,1818,4709
759,1777,4714
798,1697,4758
788,1595,4774
794,1603,4753
760,1630,4767
788,1648,4829
815,1760,4750
778,1761,4664
818,1684,4843
815,1672,4816
831,1675,4841
845,1668,4917
863,1669,4852
855,1681,4845
900,1699,4821
888,1867,4756
861,1815,4747
849,1694,4878
877,1688,4795
878,1726,4835
889,1710,4905
849,1695,4811
882,1730,4825
883,1718,4900
868,1862,4782
896,1853,4725
883,1749,4915
910,1738,4868
921,1747,4902
912,1761,4902
887,1746,4779
878,1740,4904
910,1748,4928
890,1764,4913
897,1849,4808
880,1760,4903
903,1774,4869
903,1773,4943
913,1742,4857
901,1763,4917
933,1753,4908
888,1769,4928
897,1754,4932
919,1857,4861
925,1790,4837
916,1766,4895
928,1741,4896
922,1736,4913
925,1764,4902
907,1750,4833
914,1769,4816
918,1752,4762
884,1859,4635
864,1752,4726
911,1744,4718
860,1762,4752
878,1759,4681
802,1748,4622
810,1752,4656
794,1731,4643
793,1745,4595
785,1869,4520
749,1850,4547
787,1748,4636
768,1693,4676
757,1725,4664
786,1741,4638
787,1732,4695
755,1731,4654
745,1701,4703
768,1927,4559
764,1826,4635
729,1694,4718
774,1705,4735
771,1694,4723
784,1708,4663
791,1736,4634
748,1755,4572
774,1770,4572
773,1947,4464
760,1921,4400
787,1785,4397
774,1780,4380
715,1808,4292
774,1813,4332
767,1796,4375
779,1807,4410
793,1818,4359
745,1833,4251
769,1902,4191
720,1775,4303
712,1754,4257
705,1762,4322
695,1776,4229
663,1751,4360
699,1766,4310
652,1750,4336
644,1746,4326
656,1856,4195
636,1728,4357
664,1738,4373
692,1766,4358
686,1774,4390
708,1754,4337
721,1763,4398
735,1759,4438
720,1772,4372
710,1887,4226
712,1783,4331
709,1804,4315
702,1774,4394
690,1765,4367
710,1758,4405
692,1768,4445
737,1764,4407
742,1769,4403
736,1872,4322
755,1741,4519
752,1786,4509
736,1787,4506
784,1797,4546
775,1821,4637
808,1745,4562
809,1817,4599
788,1833,4612
778,1932,4513
762,1939,4381
783,1838,4457
760,1818,4469
746,1817,4402
726,1870,4476
701,1838,4506
744,1807,4550
746,1825,4592
730,2000,4556
789,1922,4619
763,1784,4817
786,1797,4870
791,1792,4886
835,1770,4803
789,1772,4845
775,1785,4709
772,1781,4687
787,2017,4489
726,2011,4461
735,2052,4372
717,2031,4374
719,1935,4309
719,1856,4399
730,1851,4444
748,1835,4541
779,1823,4669
801,1826,4721
815,1944,4690
847,1804,4880
838,1845,4963
872,1831,4916
869,1854,4898
806,1862,4771
785,1809,4734
803,1810,4677
765,1850,4634
754,1956,4549
781,1800,4627
781,1847,4707
757,1835,4778
763,1858,4805
818,1837,4776
814,1812,4882
792,1829,4915
803,1846,4829
756,1923,4708
761,1806,4700
725,1789,4685
720,1805,4644
738,1794,4671
697,1773,4723
729,1773,4699
708,1749,4729
703,1795,4696
680,1851,4581
679,1774,4657
714,1741,4698
698,1752,4669
659,1745,4641
705,1732,4718
645,1737,4667
692,1741,4666
667,1727,4714
647,1837,4623
672,1859,4621
645,1729,4660
670,1713,4684
612,1731,4716
633,1711,4588
686,1749,4510
652,1752,4596
676,1782,4569
689,1996,4405
652,1938,4394
662,1800,4557
642,1832,4486
658,1808,4452
631,1819,4396
648,1807,4391
637,1841,4450
677,1802,4452
716,2000,4326
716,1925,4283
674,1814,4481
671,1785,4421
684,1781,4360
617,1771,4378
615,1792,4332
622,1748,4283
630,1775,4284
637,1749,4393
650,1877,4288
653,1766,4436
686,1788,4529
685,1782,4484
701,1763,4457
698,1797,4490
694,1790,4458
730,1790,4497
726,1792,4467
736,1916,4417
717,1858,4440
756,1853,4458
720,1836,4434
788,1856,4528
794,1882,4514
794,1839,4516
797,1880,4586
810,1888,4556
833,2022,4531
858,1896,4577
870,1894,4560
841,1882,4528
832,1924,4675
828,1907,4605
833,1961,4639
844,1956,4607
861,1939,4554
860,2104,4475
865,2100,4614
849,1984,4585
837,1986,4498
806,1973,4543
807,1967,4572
818,1972,4582
844,1973,4670
804,1966,4623
854,2090,4633
857,2075,4730
858,1929,4788
842,1934,4847
821,1934,4872
816,1934,4889
797,1941,4815
838,1945,4805
851,1935,4765
860,2151,4674
850,2092,4635
826,1917,4695
831,1931,4670
849,1924,4700
842,1960,4729
854,1935,4714
843,1943,4750
855,1968,4777
897,2030,4732
929,2112,4751
913,1997,4915
869,2004,4890
921,2013,4898
908,1994,4897
906,1977,4816
886,1991,4804
872,1970,4889
898,1971,4942
860,2060,4873
911,1975,5015
891,1939,5037
856,1895,5105
844,1916,5017
862,1899,4968
866,1886,4927
835,1916,4891
850,1904,4863
825,2025,4842
798,1910,4872
828,1873,4935
827,1883,4902
819,1912,4914
846,1881,4922
828,1856,4907
777,1848,4871
749,1861,4921
760,1980,4822
786,1833,4831
772,1864,4848
747,1870,4883
801,1866,4896
780,1835,4816
771,1838,4896
754,1919,4933
768,1833,4885
757,2059,4833
791,2108,4774
818,2150,4782
858,2130,4813
811,2050,4752
853,1952,4826
822,1979,4700
841,1972,4722
815,1983,4712
836,2202,4557
836,2141,4533
819,2060,4665
838,2014,4664
856,2024,4611
834,2036,4564
842,2055,4636
842,1993,4552
845,1993,4582
853,2167,4430
805,2085,4515
808,1941,4630
833,1922,4629
846,1945,4730
849,1916,4704
832,1933,4624
831,1928,4625
828,1920,4637
826,1980,4587
820,2090,4640
811,1975,4684
861,1974,4696
850,2005,4617
851,2008,4649
849,2063,4641
872,2035,4673
852,2043,4746
859,2072,4755
916,2186,4661
880,2052,4785
909,2057,4803
927,2076,4898
944,2092,4897
917,2074,4925
923,2073,4920
932,2118,4938
932,2085,4939
955,2196,4881
930,2158,4879
925,2109,4988
910,2131,4860
916,2140,4955
907,2118,4940
880,2126,4940
873,2077,5001
898,2103,5038
966,2254,5005
919,2072,5163
923,2067,5125
880,2120,5148
894,2096,5117
886,2116,5046
921,2107,5011
897,2106,5045
894,2134,5026
909,2210,4953
894,2242,4884
892,2099,5075
874,2148,5048
893,2163,4985
902,2155,4923
931,2194,5036
936,2196,5138
968,2150,5225
956,2377,5089
956,2314,5241
991,2161,5333
985,2149,5383
965,2164,5404
933,2151,5370
980,2176,5362
964,2148,5310
975,2145,5295
944,2342,5166
950,2264,5244
941,2134,5303
935,2139,5369
976,2124,5333
948,2118,5293
1004,2164,5315
962,2132,5225
946,2120,5284
942,2125,5297
940,2260,5127
909,2096,5280
903,2113,5305
899,2123,5261
908,2121,5340
905,2127,5322
898,2151,5339
883,2142,5327
924,2109,5377
901,2203,5210
884,2113,5235
915,2119,5238
869,2147,5248
919,2126,5140
912,2123,5156
925,2125,5171
922,2137,5051
922,2115,5104
909,2326,4968
898,2227,4922
894,2118,5129
856,2104,5140
877,2127,5223
908,2151,5170
854,2138,5231
887,2191,5162
911,2201,5046
889,2378,4890
856,2336,4949
857,2262,4901
875,2295,4875
861,2241,4860
873,2320,4890
883,2304,4809
884,2303,4922
867,2306,4883
870,2371,4704
900,2401,4729
875,2281,4845
880,2267,4756
886,2255,4772
889,2265,4793
873,2229,4767
850,2213,4807
846,2203,4878
874,2377,4678
874,2308,4718
895,2203,4827
902,2221,4856
900,2186,4887
907,2231,4850
893,2251,4925
866,2254,4885
899,2287,4885
938,2461,4789
901,2424,4829
911,2308,4983
926,2351,5005
940,2352,4992
915,2358,4981
919,2316,5167
921,2357,5189
930,2359,5119
897,2341,5169
897,2472,5052
906,2348,5138
934,2329,5170
905,2387,5077
911,2401,5169
931,2426,5180
912,2411,5147
897,2400,5193
905,2423,5127
929,2630,5009
914,2602,5012
943,2563,5230
941,2525,5281
934,2428,5386
925,2359,5336
910,2375,5316
899,2387,5261
926,2407,5265
906,2509,5185
916,2428,5237
955,2404,5298
933,2441,5185
932,2411,5265
895,2389,5179
933,2408,5336
976,2384,5264
979,2395,5206
989,2538,5212
993,2560,5322
993,2414,5365
982,2442,5415
999,2460,5478
981,2430,5493
996,2411,5502
1008,2427,5525
987,2404,5476
993,2526,5323
996,2517,5362
1007,2384,5494
1005,2406,5465
1004,2385,5454
991,2349,5492
990,2376,5531
982,2384,5469
963,2369,5454
961,2596,5355
991,2465,5300
979,2380,5416
982,2386,5405
952,2363,5405
982,2369,5376
981,2377,5415
937,2319,5341
932,2323,5344
918,2412,5231
933,2436,5257
942,2329,5343
905,2319,5498
925,2307,5416
956,2321,5424
936,2323,5410
953,2327,5444
936,2319,5456
929,2295,5448
899,2469,5289
919,2357,5322
960,2381,5373
913,2405,5303
922,2438,5272
928,2448,5179
927,2499,5170
909,2484,5240
935,2496,5112
919,2594,4967
905,2495,5011
892,2497,4974
897,2491,5021
908,2486,4971
932,2513,5013
919,2552,4949
943,2526,5060
941,2536,5002
918,2652,4884
927,2487,4980
947,2469,4934
927,2447,4868
895,2441,4904
887,2423,4896
902,2415,4957
952,2424,4868
918,2425,5023
950,2532,4940
941,2544,4982
924,2459,5053
950,2440,5065
953,2445,5156
925,2456,5101
975,2447,5058
951,2479,5031
956,2540,5037
966,2738,4945
944,2644,4896
945,2516,4981
947,2530,5094
974,2519,5026
929,2544,5171
934,2501,5220
915,2542,5174
977,2508,5220
958,2776,5106
952,2661,5114
910,2528,5175
926,2527,5184
921,2532,5214
927,2546,5196
927,2551,5198
928,2576,5252
934,2572,5245
934,2526,5308
924,2635,5324
933,2617,5379
943,2480,5463
917,2482,5370
930,2514,5345
897,2524,5314
895,2500,5203
881,2497,5152
897,2501,5191
922,2640,5137
921,2522,5249
939,2502,5254
917,2514,5165
922,2524,5199
916,2509,5207
928,2506,5169
923,2520,5166
927,2510,5193
935,2642,5105
979,2530,5269
964,2550,5329
961,2531,5437
960,2508,5512
985,2502,5487
975,2463,5478
959,2517,5547
982,2489,5478
952,2564,5376
974,2484,5303
967,2494,5318
948,2477,5298
943,2473,5295
935,2478,5320
920,2489,5380
922,2508,5288
905,2472,5325
934,2663,5218
889,2685,5227
874,2695,5205
901,2639,5141
878,2580,5209
864,2429,5243
891,2466,5278
862,2467,5269
855,2431,5175
856,2608,5111
854,2622,5060
834,2484,5111
843,2526,5017
867,2526,5012
852,2516,5054
897,2549,5071
874,2564,5009
875,2558,4978
902,2784,4808
877,2719,4849
858,2622,4835
883,2627,4834
896,2634,4885
888,2616,4792
873,2645,4843
903,2609,4807
896,2646,4814
918,2593,4765
907,2698,4752
901,2617,4789
886,2589,4847
925,2605,4822
908,2598,4928
897,2546,4810
925,2594,4921
910,2598,4838
929,2613,4848
903,2726,4820
915,2604,4941
892,2639,4877
922,2678,4880
925,2672,4957
934,2721,5017
936,2761,4915
927,2704,4951
944,2732,4972
973,2847,4984
941,2767,5134
955,2748,5202
927,2780,5149
961,2780,5188
917,2806,5120
955,2788,5096
915,2792,5098
921,2804,5031
895,2938,4869
885,2957,4875
860,2859,4865
855,2839,4825
858,2881,4976
880,2888,4957
873,2868,5180
897,2872,5247
924,2871,5380
909,2973,5361
945,2945,5460
903,2850,5408
884,2876,5316
916,2880,5263
851,2913,5123
844,2940,4931
833,2980,4863
836,3000,4843
837,3222,4746
824,3185,4732
824,3123,4795
833,3099,4792
855,3138,4949
846,3162,5112
831,3174,5192
850,3168,5483
832,3159,5582
853,3288,5566
873,3306,5677
857,3161,5872
877,3167,5868
826,3199,5685
806,3206,5722
824,3195,5659
818,3213,5601
839,3236,5480
846,3209,5491
841,3353,5347
838,3206,5445
897,3263,5507
867,3257,5627
872,3214,5673
870,3234,5659
867,3240,5749
847,3257,5841
866,3205,5902
896,3393,5697
911,3244,5741
929,3261,5776
902,3255,5872
902,3261,5884
900,3292,5947
907,3302,5947
915,3313,5894
927,3323,5982
884,3444,5901
896,3304,5941
910,3366,5939
897,3356,5990
901,3418,6012
881,3452,6012
899,3417,6104
873,3494,6103
909,3497,6153
883,3655,6151
875,3649,6040
876,3513,6157
915,3557,6051
906,3546,6138
930,3558,6057
1028,3563,6023
1006,3530,6049
1043,3534,6101
1071,3681,6079
1056,3603,6098
1051,3488,6316
1058,3489,6309
1053,3477,6434
1028,3473,6477
1044,3528,6512
1074,3457,6532
1085,3471,6538
1078,3691,6505
1082,3594,6547
1089,3450,6614
1104,3420,6613
1128,3427,6617
1130,3440,6692
1122,3419,6710
1156,3440,6672
1118,3455,6692
1135,3448,6706
1114,3558,6692
1122,3478,6806
1101,3487,6763
1101,3507,6786
1135,3512,6734
1132,3517,6867
1110,3535,6903
1088,3558,6942
1057,3587,6908
1072,3756,6869
1078,3619,6924
1064,3661,6872
1061,3649,6895
1111,3686,6794
1129,3693,6770
1158,3704,6792
1169,3745,6785
1194,3783,6743
1230,3996,6580
1257,4005,6645
1291,4046,6445
1307,3962,6459
1320,3952,6561
1301,3892,6504
1345,3885,6531
1353,3887,6597
1310,3910,6603
1350,4055,6514
1320,3917,6457
1315,3963,6492
1340,3991,6495
1322,3976,6523
1365,4031,6503
1385,4023,6431
1325,4011,6526
1344,4060,6492
1330,4240,6314
1300,4210,6415
1297,4085,6521
1302,4080,6619
1274,4085,6636
1251,4111,6524
1242,4107,6697
1263,4108,6616
1283,4134,6617
1267,4322,6461
1227,4253,6467
1213,4116,6548
1224,4087,6587
1200,4079,6591
1218,4045,6612
1232,4026,6554
1200,4031,6591
1195,4023,6518
1194,4212,6493
1202,4127,6558
1201,3956,6682
1186,3936,6584
1187,3918,6677
1166,3920,6679
1178,3909,6717
1171,3868,6713
1186,3884,6751
1212,3836,6670
1201,3945,6611
1178,3774,6755
1143,3774,6721
1165,3765,6658
1156,3750,6696
1147,3767,6774
1111,3792,6837
1117,3803,6875
1098,3760,6934
1090,3887,6755
1072,3773,6884
1102,3791,6845
1111,3728,6819
1101,3762,6774
1123,3706,6721
1183,3750,6672
1194,3697,6659
1196,3655,6659
1182,3771,6676
1184,3607,6767
1191,3628,6924
1192,3593,6945
1160,3620,6962
1168,3574,7049
1176,3561,7032
1166,3542,7001
1181,3509,7050
1209,3621,6833
1234,3558,6988
1234,3445,6909
1263,3449,6898
1250,3437,6948
1255,3385,6919
1215,3392,6997
1223,3393,6936
1236,3391,6956
1209,3511,6941
1212,3484,7017
1186,3412,7014
1176,3408,7024
1134,3398,7008
1139,3436,7095
1162,3483,7078
1114,3469,7031
1125,3475,6981
1100,3669,6952
