3202,1933,776
3238,1922,808
3204,1920,717
3236,1923,713
3215,1909,733
3229,1923,752
3235,1922,785
3248,1939,721
3249,1887,780
3237,1920,750
3236,1920,748
3233,1916,758
3251,1918,741
3259,1937,730
3256,1934,771
3238,1933,676
3244,1919,828
3256,1921,755
3250,1907,753
3243,1928,787
3251,1914,742
3247,1936,786
3245,1911,751
3224,1896,692
3221,1864,721
3240,1903,694
3251,1903,696
3242,1909,830
3257,1897,758
3235,1884,683
3250,1908,726
3231,1912,713
3216,1899,787
3265,1893,707
3268,1927,770
3251,1934,706
3276,1929,769
3222,1888,743
3228,1897,783
3236,1903,729
3257,1889,696
3268,1902,758
3283,1916,791
3269,1884,730
3257,1885,690
3255,1915,660
3232,1885,718
3223,1900,703
3249,1893,774
3246,1916,734
3245,1911,810
3228,1910,750
3239,1898,731
3252,1880,754
3221,1905,728
3218,1884,759
3235,1891,696
3217,1895,787
3231,1889,725
3211,1913,799
3187,1916,770
3241,1925,738
3218,1898,794
3233,1880,763
3221,1879,728
3227,1881,732
3251,1859,813
3248,1877,821
3252,1870,819
3256,1891,812
3215,1880,741
3217,1900,804
3237,1854,789
3224,1893,758
3247,1936,845
3221,1899,737
3217,1895,705
3199,1886,816
3250,1919,828
3213,1873,790
3235,1876,810
3186,1919,742
3210,1901,767
3215,1901,742
3207,1909,724
3211,1904,725
3184,1909,700
3188,1916,734
3220,1886,735
3252,1909,768
3226,1875,795
3213,1893,719
3187,1888,719
3240,1913,734
3225,1885,712
3271,1884,746
3253,1891,764
3231,1856,694
3247,1886,732
3237,1870,742
3259,1903,746
3240,1882,732
3219,1886,694
3216,1907,739
3212,1873,709
3191,1859,749
3206,1855,649
3238,1866,766
3235,1899,782
3210,1908,713
3192,1889,672
3220,1898,752
3250,1886,777
3214,1906,776
3255,1886,682
3232,1882,704
3245,1856,639
3221,1869,711
3200,1872,785
3200,1892,744
3191,1866,755
3242,1868,677
3216,1876,727
3221,1893,735
3214,1890,642
3220,1884,781
3183,1872,750
3197,1929,693
3209,1927,732
3226,1877,683
3212,1910,629
3280,1877,616
3226,1908,691
3235,1883,493
3234,1901,693
3224,1923,738
3217,1888,664
3196,1890,682
3204,1879,658
3242,1881,711
3229,1901,693
3211,1847,712
3238,1867,672
3227,1880,669
3203,1882,751
3215,1903,616
3214,1882,632
3204,1864,663
3194,1867,660
3223,1906,622
3203,1884,666
3190,1870,619
3197,1870,622
3221,1885,651
3218,1887,654
3220,1881,669
3205,1890,680
3231,1935,709
3187,1903,667
3201,1886,594
3183,1931,692
3153,1927,703
3179,1915,682
3220,1964,690
3175,1961,640
3186,1934,650
3197,1937,623
3182,1926,632
3168,1913,629
3182,1924,719
3135,1916,667
3149,1946,661
3137,1930,595
3170,1940,688
3200,1917,678
3161,1937,571
3168,1922,643
3141,1950,619
3146,1960,593
3175,1921,613
3167,1922,682
3200,1940,602
3187,1951,641
3194,1922,565
3172,1962,636
3186,1891,650
3175,1918,639
3160,1893,547
3185,1917,602
3190,1915,670
3169,1886,622
3142,1916,613
3124,1903,679
3165,1919,661
3132,1903,656
3161,1907,636
3166,1895,634
3150,1885,612
3166,1916,624
3150,1907,620
3201,1921,637
3211,1931,645
3180,1933,651
3159,1936,646
3142,1925,611
3176,1919,558
3178,1919,585
3200,1902,660
3202,1927,697
3184,1896,657
3188,1921,674
3164,1930,642
3126,1908,609
3154,1918,633
3140,1913,570
3135,1894,608
3146,1894,598
3205,1904,613
3163,1926,631
3160,1929,676
3195,1926,674
3189,1922,607
3180,1952,572
3147,1942,571
3182,1943,634
3117,1936,650
3137,1954,566
3145,1913,611
3150,1932,620
3174,1915,605
3190,1941,609
3197,1907,641
3177,1929,560
3137,1952,625
3151,1942,724
3149,1933,773
3157,1967,648
3156,1944,651
3167,1917,629
3177,1889,693
3150,1922,604
3193,1936,493
3180,1951,634
3182,1938,659
3180,1911,626
3166,1894,616
3162,1927,661
3189,1965,611
3190,1951,680
3178,1970,624
3165,1900,565
3136,1945,651
3173,1926,689
3147,1926,638
3150,1936,646
3184,1924,673
3168,1919,729
3170,1912,647
3154,1910,649
3180,1926,601
3155,1938,689
3146,1950,656
3170,1918,667
3172,1930,643
3165,1959,656
3142,1950,734
3178,1921,624
3197,1924,643
3154,1957,683
3186,1952,650
3168,1936,654
3188,1933,641
3139,1929,689
3183,1955,691
3169,1939,660
3185,1949,648
3151,1945,668
3184,1931,587
3197,1891,620
3192,1952,678
3171,1911,661
3160,1959,657
3152,1953,666
3181,1937,635
3144,1935,612
3194,1932,639
3220,1929,634
3162,1944,660
3187,1924,631
3131,1939,688
3185,1901,662
3182,1902,606
3145,1923,706
3169,1925,647
3191,1925,579
3188,1925,635
3195,1931,630
3203,1928,593
3178,1950,639
3199,1941,590
3161,1959,670
3173,1952,572
3187,1942,663
3209,1959,638
3183,1950,593
3183,1937,705
3179,1923,657
3171,1971,696
3193,1930,628
3209,1924,629
3214,1928,619
3163,1929,635
3187,1966,615
3175,1926,611
3179,1943,670
3181,1919,629
3191,1914,691
3203,1946,657
3204,1928,683
3183,1903,643
3215,1933,640
3224,1895,606
3216,1907,602
3196,1913,639
3162,1954,572
3193,1934,623
3179,1904,674
3151,1927,600
3185,1921,592
3184,1904,625
3186,1922,566
3174,1912,579
3162,1903,630
3181,1952,669
3178,1924,630
3167,1932,629
3183,1937,658
3168,1922,601
3177,1922,620
3146,1941,623
3193,1878,544
3183,1923,620
3206,1949,624
3186,1928,618
3143,1922,701
3189,1920,651
3168,1917,637
3169,1931,653
3180,1912,656
3193,1925,577
3157,1908,675
3198,1921,650
3149,1927,746
3180,1921,618
3187,1947,666
3175,1917,679
3187,1927,644
3161,1924,636
3184,1915,642
3163,1908,618
3187,1910,617
3179,1919,679
3163,1896,713
3191,1900,683
3157,1904,675
3204,1907,590
3190,1899,682
3200,1933,546
3156,1889,692
3184,1925,680
3190,1922,754
3190,1924,662
3190,1925,583
3209,1925,675
3180,1903,652
3211,1917,743
3231,1897,525
3184,1947,647
3172,1925,620
3181,1943,662
3150,1958,595
3164,1945,695
3201,1936,714
3209,1922,664
3214,1894,686
3206,1926,682
3202,1879,746
3208,1929,719
3182,1925,712
3185,1936,655
3196,1921,682
3187,1913,681
3189,1907,713
3182,1894,655
3195,1925,616
3204,1914,723
3188,1898,689
3188,1897,671
3192,1937,637
3210,1888,642
3197,1859,666
3208,1920,710
3227,1898,575
3234,1876,565
3226,1911,659
3169,1911,674
3152,1906,611
3173,1928,593
3219,1922,627
3162,1891,603
3160,1903,552
3180,1892,650
3167,1887,500
3174,1882,617
3186,1908,517
3194,1938,684
3185,1913,665
3173,1951,594
3183,1898,598
3192,1891,681
3161,1877,638
3193,1879,525
3191,1896,600
3225,1900,660
3186,1900,654
3202,1902,662
3148,1887,667
3170,1909,579
3142,1941,603
3210,1944,665
3201,1919,574
3213,1935,627
3225,1960,649
3198,1925,682
3179,1928,683
3197,1937,663
3183,1927,588
3188,1902,686
3170,1932,641
3215,1904,552
3202,1888,638
3209,1892,653
3210,1886,574
3168,1903,569
3182,1899,593
3151,1895,640
3193,1865,597
3168,1882,573
3179,1889,559
3174,1913,615
3161,1939,669
3186,1891,643
3175,1899,694
3227,1906,602
3218,1878,630
3192,1909,602
3167,1909,607
3202,1897,614
3163,1896,577
3182,1936,612
3161,1890,558
3168,1911,605
3168,1912,582
3154,1890,581
3155,1907,588
3177,1953,630
3178,1908,566
3175,1895,581
3166,1893,549
3144,1928,647
3142,1924,626
3154,1926,521
3133,1966,543
3115,1903,529
3112,1911,501
3149,1884,598
3134,1921,536
3129,1919,546
3161,1931,557
3166,1919,645
3139,1898,565
3162,1903,614
3159,1941,589
3160,1926,591
3182,1938,484
3198,1920,609
3161,1919,666
3175,1885,606
3168,1929,629
3159,1927,581
3144,1906,441
3148,1902,589
3169,1944,591
3176,1923,490
3190,1931,619
3177,1911,545
3170,1924,638
3183,1928,571
3158,1946,652
3123,1914,626
3142,1928,544
3147,1937,490
3135,1936,465
3151,1947,543
3121,1929,537
3160,1897,531
3171,1912,509
3169,1910,513
3124,1937,481
3133,1921,484
3162,1901,531
3168,1892,434
3193,1911,493
3168,1879,498
3162,1892,482
3161,1946,530
3156,1936,481
3146,1928,448
3139,1962,538
3176,1916,492
3144,1939,410
3180,1952,507
3151,1962,483
3143,1949,526
3169,1913,585
3155,1930,503
3173,1913,518
3157,1925,512
3197,1879,550
3141,1939,523
3164,1957,538
3163,1909,525
3145,1902,477
3167,1934,535
3142,1923,551
3142,1915,530
3127,1915,505
3140,1923,528
3138,1933,451
3135,1935,464
3142,1930,553
3164,1936,503
3155,1955,590
3130,1912,527
3171,1967,563
3163,1966,553
3173,1923,522
3163,1938,478
3168,1913,416
3157,1926,543
3163,1934,529
3179,1923,512
3177,1924,463
3181,1943,521
3153,1905,550
3148,1900,568
3189,1949,494
3134,1947,524
3135,1923,529
3156,1916,559
3155,1915,539
3163,1904,520
3140,1945,482
3136,1929,519
3139,1914,578
3149,1931,619
3170,1906,551
3177,1907,571
3188,1946,528
3173,1940,596
3180,1943,555
3196,1945,555
3166,1947,542
3163,1913,579
3159,1886,464
3173,1904,581
3173,1940,570
3179,1960,558
3181,1933,508
3164,1907,498
3164,1915,568
3172,1914,500
3199,1950,563
3184,1933,537
3205,1951,608
3185,1925,481
3148,1936,497
3149,1959,514
3178,1934,557
3155,1941,509
3159,1955,520
3166,1944,539
3207,1952,484
3186,1961,495
3136,1976,551
3133,1948,557
3153,1985,488
3155,1930,505
3171,1911,593
3149,1936,537
3168,1951,552
3194,1968,461
3173,1981,580
3153,1944,560
3177,1971,583
3141,1965,527
3187,1947,549
3164,1929,484
3183,2008,499
3193,1981,554
3171,1969,403
3165,1962,583
3174,1957,470
3157,1939,484
3171,1968,490
3170,1971,437
3146,1923,570
3162,1952,622
3133,1943,582
3164,1973,543
3137,1956,530
3156,1958,549
3157,1943,544
3148,1958,571
3137,1958,560
3154,1945,588
3159,1954,577
3159,1994,622
3166,1920,484
3145,1940,592
3169,1945,601
3151,1897,585
3142,1940,589
3146,1952,594
3160,1923,609
3138,1985,558
3144,1958,615
3122,1924,504
3152,1979,578
3129,1974,571
3149,1953,579
3145,1963,586
3155,1953,629
3150,1969,628
3123,1921,584
3136,1940,589
3167,1947,559
3133,1988,594
3112,1978,594
3146,1974,606
3134,2008,609
3126,1981,496
3102,1963,589
3105,1969,566
3098,1980,594
3164,1968,591
3149,1987,574
3154,1987,533
3160,1987,613
3127,1942,561
3130,1967,602
3173,1974,612
3149,1950,593
3144,1955,585
3140,1958,590
3128,1966,601
3165,1978,538
3144,1974,592
3190,1942,695
3160,1943,635
3179,1954,614
3176,1963,629
3144,1927,641
3109,1950,656
3158,1924,655
3167,1925,633
3164,1928,628
3157,1968,591
3146,1955,575
3152,1932,594
3173,1902,567
3153,1947,618
3154,1883,565
3156,1912,570
3173,1922,536
3168,1937,610
3173,1921,606
3143,1900,631
3152,1920,608
3123,1903,648
3167,1909,668
3141,1924,704
3155,1909,712
3133,1911,651
3146,1936,652
3211,1919,637
3173,1916,609
3180,1924,616
3171,1923,604
3171,1934,644
3179,1895,627
3149,1921,647
3163,1919,571
3137,1921,594
3170,1931,651
3201,1928,668
3200,1923,642
3176,1909,683
3172,1923,555
3209,1903,614
3194,1929,601
3205,1903,636
3198,1893,639
3194,1908,658
3179,1919,637
3199,1899,627
3161,1885,619
3149,1909,622
3204,1877,623
3204,1901,626
3223,1899,659
3180,1900,704
3212,1902,673
3197,1898,635
3189,1906,691
3169,1899,675
3180,1872,702
3232,1865,638
3239,1846,721
3238,1852,709
3207,1841,692
3207,1893,744
3212,1850,727
3186,1864,719
3228,1874,748
3203,1866,718
3241,1874,792
3243,1893,756
3216,1909,766
3206,1891,823
3236,1873,772
3239,1908,762
3223,1875,736
3247,1852,794
3272,1842,805
3224,1808,740
3246,1832,722
3266,1800,691
3273,1760,574
3261,1709,567
3295,1710,567
3264,1701,516
3311,1754,482
3273,1744,489
3288,1734,456
3278,1760,464
3250,1723,395
3240,1707,425
3235,1732,328
3199,1712,290
3219,1734,346
3218,1707,340
3213,1703,298
3206,1736,296
3175,1725,290
3209,1741,220
3144,1760,324
3128,1792,267
3112,1784,151
3091,1742,152
3095,1699,136
3161,1622,-4
3167,1470,49
3247,1334,-41
3343,1238,112
3377,1170,219
3454,1196,303
3470,1163,355
3441,1242,332
3398,1249,285
3360,1272,235
3340,1295,146
3307,1319,112
3248,1290,-25
3223,1312,-147
3172,1346,-207
3130,1338,-194
3073,1377,-187
3081,1417,-256
3096,1388,-282
3089,1369,-210
3126,1349,-159
3142,1332,-186
3155,1324,-128
3174,1327,-156
3205,1294,-83
3234,1285,-48
3283,1312,163
3366,1388,277
3360,1407,273
3334,1422,145
3212,1518,19
3179,1605,89
3223,1628,108
3220,1655,231
3286,1628,273
3340,1586,389
3334,1571,404
3352,1550,386
3339,1599,414
3310,1638,349
3291,1640,267
3332,1594,260
3293,1561,279
3326,1567,270
3328,1546,178
3324,1545,234
3319,1534,269
3328,1526,173
3323,1521,121
3310,1530,162
3293,1539,194
3257,1548,165
3295,1580,150
3289,1592,176
3251,1598,149
3256,1570,173
3288,1578,126
3278,1593,132
3288,1563,211
3287,1550,93
3239,1542,209
3247,1539,112
3230,1558,148
3217,1585,112
3240,1570,161
3239,1569,169
3259,1593,137
3222,1589,158
3239,1607,145
3222,1644,175
3232,1634,88
3224,1608,141
3184,1630,114
3185,1619,129
3191,1583,153
3218,1587,121
3213,1624,72
3176,1599,190
3184,1585,163
3203,1604,121
3218,1575,130
3197,1596,136
3228,1567,137
3207,1621,117
3218,1612,155
3238,1600,97
3221,1611,113
3201,1575,129
3213,1580,79
3193,1613,161
3200,1612,98
3176,1609,134
3178,1620,140
3186,1640,86
3185,1637,111
3154,1623,159
3180,1639,144
3166,1624,195
3164,1651,157
3165,1653,94
3207,1639,127
3186,1653,112
3196,1632,110
3181,1641,125
3144,1626,147
3178,1667,152
3141,1670,102
3198,1661,115
3159,1637,164
3152,1655,106
3142,1625,13
3121,1670,68
3132,1636,163
3149,1652,60
3178,1634,136
3140,1635,116
3154,1627,170
3162,1664,88
3140,1680,102
3187,1640,97
3194,1680,100
3201,1663,162
3204,1654,65
3196,1638,159
3206,1653,132
3171,1683,131
3210,1666,50
3154,1694,142
3173,1680,125
3165,1659,96
3143,1660,171
3148,1692,145
3167,1680,141
3177,1675,155
3131,1718,161
3149,1709,173
3175,1710,165
3167,1674,157
3173,1701,190
3165,1728,110
3172,1686,170
3139,1712,135
3136,1738,88
3156,1691,114
3182,1690,72
3147,1735,104
3148,1698,155
3174,1682,89
3172,1694,193
3151,1701,201
3121,1697,161
3163,1683,180
3158,1741,175
3177,1712,157
3190,1723,137
3158,1707,162
3160,1725,143
3185,1716,141
3149,1675,156
3192,1719,202
3167,1707,137
3172,1702,215
3177,1700,183
3162,1718,226
3140,1699,170
3180,1714,151
3187,1729,202
3152,1688,256
3165,1686,219
3172,1697,201
3171,1666,153
3172,1686,235
3194,1724,175
3183,1692,204
3174,1687,248
3190,1728,203
3201,1719,229
3188,1713,226
3183,1682,166
3206,1715,244
3186,1687,243
3218,1705,213
3225,1680,262
3226,1674,210
3237,1699,241
3220,1667,277
3249,1690,259
3267,1692,266
3254,1699,235
3232,1721,231
3244,1680,321
3255,1670,170
3246,1708,248
3239,1714,297
3250,1712,278
3257,1685,254
3253,1737,261
3249,1746,256
3235,1730,277
3231,1679,243
3197,1741,358
3238,1728,343
3232,1684,229
3204,1718,315
3213,1711,294
3217,1704,313
3202,1756,271
3198,1724,308
3223,1734,328
3218,1735,299
3238,1753,259
3228,1731,367
3238,1743,304
3203,1727,312
3207,1744,261
3193,1740,312
3226,1701,272
3210,1746,240
3223,1731,242
3224,1747,295
3234,1734,341
3249,1756,248
3205,1755,232
3255,1728,308
3221,1712,306
3213,1721,259
3216,1717,307
3232,1718,295
3210,1719,287
3218,1726,247
3192,1725,298
3212,1711,276
3195,1713,289
3228,1722,300
3242,1705,187
3239,1724,201
3223,1725,200
3233,1708,228
3194,1708,174
3238,1723,285
3236,1752,204
3188,1760,188
3176,1724,263
3204,1771,245
3193,1760,240
3218,1773,182
3217,1761,264
3200,1764,249
3228,1761,331
3220,1756,152
3219,1735,161
3172,1719,242
3196,1771,219
3204,1762,289
3212,1757,192
3228,1740,259
3213,1757,177
3221,1780,229
3212,1706,237
3232,1726,192
3236,1715,306
3228,1738,253
3215,1740,244
3212,1756,199
3270,1759,281
3236,1728,253
3243,1732,297
3235,1731,263
3255,1742,280
3254,1716,226
3216,1737,234
3236,1728,238
3256,1721,203
3235,1737,301
3237,1753,279
3215,1716,231
3239,1747,277
3229,1727,346
3234,1731,298
3230,1744,292
3232,1739,208
3204,1733,243
3223,1745,182
3224,1785,273
3220,1729,248
3212,1724,285
3219,1766,223
3235,1756,229
3221,1743,309
3249,1739,221
3207,1731,259
3217,1708,313
3191,1791,253
3215,1757,328
3169,1733,290
3197,1760,278
3178,1754,260
3197,1755,280
3205,1726,379
3221,1780,304
3211,1723,281
3203,1734,239
3222,1748,239
3197,1766,216
3227,1722,269
3226,1748,311
3229,1779,324
3244,1771,310
3248,1730,322
3193,1747,288
3240,1739,320
3232,1731,300
3170,1736,304
3221,1741,301
3183,1769,325
3197,1726,348
3206,1727,344
3250,1720,357
3210,1707,293
3248,1742,339
3210,1765,314
3188,1720,357
3223,1744,331
3229,1751,321
3251,1754,231
3229,1744,344
3249,1722,213
3233,1756,251
3235,1719,266
3261,1711,253
3222,1764,251
3227,1723,288
3236,1737,265
3225,1715,282
3218,1728,291
3240,1728,254
3235,1742,319
3230,1730,348
3243,1735,298
3233,1705,340
3228,1743,351
3226,1694,239
3235,1759,274
3227,1748,321
3247,1713,293
3243,1742,346
3233,1774,281
3250,1743,333
3267,1719,330
3258,1727,319
3239,1753,273
3241,1751,303
3229,1766,319
3226,1731,247
3231,1728,298
3251,1741,224
3226,1744,321
3226,1781,340
3203,1777,293
3235,1744,283
3239,1737,363
3228,1780,334
3224,1775,222
3278,1752,300
3249,1795,330
3234,1749,336
3241,1770,307
3217,1736,318
3192,1722,340
3262,1722,336
3189,1749,400
3243,1724,226
3223,1749,336
3246,1754,345
3222,1765,289
3223,1761,359
3244,1744,324
3244,1743,404
3264,1742,307
3241,1758,317
3222,1800,238
3250,1771,372
3227,1776,334
3240,1749,340
3235,1757,407
3225,1760,372
3214,1791,423
3226,1787,276
3217,1763,343
3261,1732,276
3231,1749,401
3265,1764,333
3228,1769,324
3212,1778,273
3185,1763,333
3252,1780,363
3235,1791,354
3232,1777,376
3201,1772,305
3209,1757,277
3228,1754,303
3229,1771,348
3198,1740,298
3209,1778,297
3208,1777,377
3214,1749,338
3207,1793,389
3218,1770,371
3221,1776,345
3198,1779,315
3193,1797,232
3199,1785,312
3188,1747,309
3241,1768,371
3201,1815,341
3215,1767,292
3202,1769,228
3195,1792,232
3197,1763,341
3173,1754,302
3234,1747,282
3215,1764,325
3182,1757,297
3186,1778,279
3203,1789,298
3215,1759,334
3208,1769,300
3237,1774,288
3243,1785,331
3238,1791,266
3217,1788,327
3224,1747,340
3230,1785,363
3248,1745,340
3226,1762,237
3199,1708,257
3201,1755,395
3234,1770,330
3238,1788,337
3251,1737,336
3248,1770,272
3259,1749,317
3248,1735,335
3216,1757,118
3188,1767,307
3215,1758,310
3216,1755,298
3247,1774,332
3235,1761,424
3237,1730,329
3200,1748,278
3226,1749,372
3227,1744,193
3228,1766,344
3209,1735,363
3197,1717,259
3219,1759,347
3220,1751,380
3205,1750,310
3182,1742,285
3230,1764,340
3233,1727,249
3230,1730,295
3228,1725,379
3196,1697,350
3220,1722,400
3228,1724,358
3224,1764,326
3242,1751,307
3234,1748,388
3231,1765,314
3217,1765,289
3232,1781,321
3215,1785,307
3223,1762,253
3225,1792,329
3241,1814,308
3235,1782,228
3216,1772,369
3179,1789,197
3199,1759,390
3232,1786,359
3196,1781,344
3208,1778,285
3249,1776,304
3223,1789,317
3203,1800,281
3233,1787,328
3204,1751,312
3207,1767,255
3224,1794,350
3221,1738,299
3217,1766,285
3203,1759,248
3244,1767,341
3238,1817,334
3247,1752,289
3223,1790,296
3211,1793,324
3228,1774,308
3217,1757,299
3215,1772,334
3218,1760,208
3186,1781,277
3208,1772,328
3212,1749,357
3193,1768,232
3220,1758,387
3187,1745,352
3211,1776,240
3193,1724,332
3225,1729,316
3219,1761,348
3245,1771,294
3215,1765,328
3200,1790,264
3187,1740,330
3196,1734,311
3189,1767,329
3189,1756,283
3189,1757,267
3172,1771,312
3184,1757,305
3199,1787,323
3198,1816,303
3179,1804,374
3184,1783,251
3172,1793,282
3175,1780,348
3183,1810,313
3194,1765,295
3181,1802,268
3198,1793,278
3221,1797,187
3185,1824,278
3197,1782,254
3210,1794,331
3164,1798,285
3218,1800,324
3195,1760,256
3196,1792,299
3198,1785,303
3187,1760,159
3177,1763,241
3210,1787,287
3162,1785,333
3158,1773,351
3167,1766,267
3167,1798,336
3156,1785,319
3164,1793,316
3205,1783,285
3180,1791,377
3168,1783,296
3187,1818,376
3193,1775,302
3175,1804,303
3218,1768,353
3177,1777,337
3210,1792,293
3216,1780,104
3262,1761,360
3196,1814,278
3196,1791,364
3254,1804,451
3209,1789,318
3186,1782,371
3193,1794,322
3179,1811,410
3197,1792,359
3219,1797,310
3204,1793,292
3193,1805,332
3160,1811,372
3175,1796,358
3200,1814,353
3179,1779,320
3213,1800,309
3242,1801,330
3210,1817,265
3179,1788,341
3235,1790,342
3236,1772,331
3235,1783,392
3202,1781,351
3221,1799,345
3198,1783,349
3188,1809,326
3210,1834,348
3231,1817,366
3210,1802,318
3251,1797,357
3248,1773,348
3222,1777,402
3238,1801,353
3262,1740,414
3244,1772,311
3240,1794,343
3251,1823,356
3238,1801,352
3233,1798,395
3257,1782,400
3229,1781,380
3228,1790,455
3231,1806,371
3240,1790,397
3183,1792,351
3224,1792,465
3216,1778,357
3231,1796,390
3210,1787,393
3194,1757,422
3218,1806,326
3220,1755,432
3239,1725,258
3224,1769,326
3232,1745,475
3252,1756,343
3249,1748,366
3224,1746,428
3229,1782,405
3233,1770,412
3218,1777,413
3259,1768,393
3245,1781,417
3243,1792,415
3232,1778,384
3230,1754,441
3202,1745,404
3244,1765,393
3226,1765,430
3230,1790,463
3223,1723,379
3200,1771,432
3217,1743,436
3220,1781,414
3213,1760,425
3220,1747,396
3227,1789,388
3212,1776,451
3248,1790,423
3225,1802,288
3198,1777,439
3215,1778,431
3214,1737,441
3243,1790,547
3241,1746,410
3249,1768,450
3232,1752,401
3229,1768,422
3255,1765,344
3248,1753,401
3196,1765,352
3208,1775,467
3242,1769,497
3228,1798,377
3219,1784,445
3201,1738,401
3231,1735,422
3203,1773,309
3251,1759,409
3223,1763,423
3217,1759,442
3216,1784,440
3216,1804,420
3272,1772,494
3242,1805,375
3247,1792,431
3196,1810,372
3211,1830,435
3214,1815,410
3191,1766,350
3204,1799,347
3218,1787,473
3199,1797,417
3198,1785,393
3241,1791,417
3183,1801,376
3189,1831,476
3213,1835,329
3213,1797,426
3200,1814,408
3191,1804,388
3208,1827,383
3213,1835,385
3223,1762,387
3187,1809,408
3191,1784,493
3174,1808,457
3201,1811,375
3221,1809,432
3206,1828,327
3232,1849,402
3213,1812,407
3198,1800,352
3209,1832,333
3201,1830,318
3183,1791,360
3205,1794,441
3189,1811,357
3217,1817,374
3192,1776,304
3211,1798,410
3204,1818,411
3221,1818,424
3202,1813,387
3211,1797,454
3220,1813,362
3235,1795,428
3248,1759,376
3198,1780,364
3216,1798,476
3224,1783,492
3224,1801,431
3265,1775,441
3226,1802,359
3246,1821,434
3201,1782,305
3224,1820,380
3211,1780,432
3218,1815,347
3231,1772,458
3229,1777,399
3247,1759,454
3240,1759,416
3236,1758,384
3258,1811,432
3219,1781,413
3253,1770,446
3221,1780,458
3220,1768,418
3233,1738,347
3230,1794,371
3262,1779,409
3233,1795,404
3241,1776,400
3215,1782,441
3222,1769,404
3243,1781,399
3230,1787,402
3236,1789,358
3227,1771,442
3221,1773,450
3221,1778,416
3228,1803,373
3228,1783,431
3233,1794,487
3230,1787,490
3221,1792,482
3189,1753,452
3198,1765,466
3178,1782,471
3221,1770,481
3178,1805,501
3210,1819,405
3225,1812,408
3214,1785,485
3192,1788,392
3218,1783,383
3209,1812,433
3223,1791,505
3249,1789,506
3240,1781,468
3247,1788,443
3246,1807,489
3220,1790,459
3203,1791,451
3219,1807,430
3219,1816,381
3248,1795,396
3252,1826,370
3249,1783,378
3233,1795,397
3237,1754,364
3235,1800,419
3255,1802,429
3241,1801,444
3251,1813,411
3241,1800,442
3224,1798,419
3252,1801,348
3255,1783,377
3234,1758,366
3225,1782,302
3205,1799,390
3236,1792,440
3229,1821,401
3214,1790,374
3240,1824,362
3256,1831,346
3268,1823,412
3249,1777,428
3244,1797,372
3211,1813,481
3206,1806,463
3225,1816,467
3219,1779,412
3200,1805,458
3228,1780,444
3211,1804,455
3203,1829,487
3218,1799,475
3229,1801,580
3221,1775,470
3199,1822,460
3207,1768,469
3201,1778,427
3202,1778,409
3187,1811,450
3245,1767,478
3209,1800,410
3235,1767,383
3198,1761,307
3222,1767,452
3195,1767,477
3219,1784,457
3181,1796,390
3187,1804,383
3179,1767,425
3191,1779,477
3218,1773,474
3222,1768,345
3233,1793,510
3193,1786,461
3186,1772,423
3208,1786,446
3224,1802,437
3211,1786,452
3184,1812,495
