3659,367,-474
3658,346,-515
3670,364,-552
3692,403,-590
3732,454,-609
3797,500,-613
3861,539,-581
3938,578,-527
4022,624,-439
4100,668,-339
4169,700,-243
4221,708,-162
4254,695,-104
4274,671,-69
4273,643,-63
4259,609,-75
4224,589,-97
4174,573,-142
4129,558,-208
4079,546,-284
4019,526,-361
3961,491,-434
3899,453,-500
3824,428,-558
3741,422,-605
3666,426,-648
3603,447,-678
3554,474,-695
3517,498,-704
3493,511,-712
3479,525,-717
3477,539,-718
3498,552,-709
3534,566,-663
3593,580,-580
3669,597,-443
3753,609,-272
3835,620,-85
3908,638,91
3973,660,232
4016,687,319
4038,697,343
4037,682,307
4024,646,220
3993,615,105
3958,591,-39
3927,572,-208
3901,570,-393
3897,567,-583
3905,565,-735
3923,557,-846
3969,551,-911
4028,551,-934
4102,555,-919
4155,581,-886
4195,605,-846
4219,626,-799
4216,648,-752
4191,662,-701
4163,666,-637
4132,662,-557
4105,648,-466
4074,618,-375
4040,580,-292
3998,538,-235
3943,511,-209
3879,495,-218
3810,496,-258
3741,498,-320
3678,510,-395
3621,521,-469
3562,520,-543
3517,515,-608
3485,506,-656
3456,502,-688
3439,498,-708
3437,504,-732
3445,507,-769
3462,512,-796
3494,514,-810
3533,516,-816
3575,519,-797
3623,525,-734
3661,543,-612
3691,556,-445
3722,562,-246
3755,560,-53
3782,556,106
3797,549,209
3816,540,255
3851,529,245
3911,532,187
3984,552,94
4053,584,-32
4129,627,-187
4212,662,-352
4300,693,-512
4368,705,-650
4419,710,-756
4449,709,-820
4464,694,-844
4467,678,-856
4441,653,-850
4390,628,-840
4330,600,-831
4266,579,-816
4205,554,-797
4153,536,-768
4104,523,-729
4071,511,-691
4046,504,-658
4042,494,-639
4050,484,-626
4078,487,-625
4129,502,-613
4207,526,-590
4302,561,-567
4406,604,-546
4493,649,-539
4543,691,-543
4567,732,-555
4584,773,-554
4587,798,-546
4591,805,-536
4593,800,-530
4588,768,-527
4564,738,-538
4521,708,-563
4473,679,-588
4422,645,-633
4374,618,-652
4352,588,-661
4350,558,-666
4361,546,-662
4375,552,-648
4397,573,-628
4427,603,-605
4456,636,-578
4479,657,-557
4485,675,-547
4472,698,-540
4432,726,-552
4367,745,-562
4288,758,-568
4202,763,-572
4136,757,-564
4079,745,-549
4040,728,-529
4032,709,-505
4042,701,-478
4071,703,-456
4114,710,-434
4166,723,-415
4221,738,-394
4270,747,-381
4305,745,-391
4332,737,-414
4343,735,-444
4344,731,-477
4345,728,-512
4345,733,-548
4345,751,-583
4354,770,-611
4366,796,-629
4371,817,-634
4370,826,-633
4352,831,-625
4310,829,-622
4249,811,-619
4181,793,-625
4117,766,-643
4062,737,-659
4013,705,-675
3972,677,-689
3931,655,-692
3882,637,-682
3831,619,-672
3792,596,-658
3752,565,-651
3732,534,-649
3716,513,-637
3710,504,-613
3707,517,-580
3720,554,-531
3752,606,-469
3800,668,-395
3871,716,-313
3958,746,-240
4046,759,-181
4131,753,-149
4209,749,-141
4272,744,-148
4313,741,-165
4342,726,-189
4360,701,-221
4367,668,-261
4364,635,-308
4360,607,-363
4364,581,-434
4366,566,-513
4372,555,-592
4381,547,-656
4391,532,-704
4391,517,-732
4377,510,-730
4355,495,-705
4325,488,-654
4286,488,-599
4245,493,-539
4195,504,-480
4149,514,-433
4116,519,-394
4086,519,-364
4063,511,-338
4047,498,-317
4033,485,-305
4015,474,-292
3999,467,-275
3987,466,-261
3974,469,-249
3980,472,-233
3995,479,-224
4027,495,-213
4063,525,-211
4099,555,-205
4139,591,-209
4171,613,-209
4200,623,-222
4222,625,-231
4235,625,-228
4240,629,-220
4241,642,-212
4236,655,-195
4232,662,-178
4230,649,-169
4227,625,-166
4225,600,-173
4219,577,-186
4210,565,-207
4189,558,-231
4159,548,-260
4127,536,-286
4094,520,-307
4065,503,-316
4040,484,-311
4014,474,-296
4002,474,-277
3986,485,-255
3977,495,-237
3974,505,-216
3971,516,-197
3968,528,-180
3959,534,-162
3948,542,-144
3936,556,-130
3922,562,-118
3904,562,-109
3884,559,-106
3863,555,-107
3848,551,-124
3846,536,-146
3849,523,-169
3846,512,-198
3841,509,-223
3840,508,-248
3837,507,-267
3824,496,-280
3814,485,-289
3798,476,-292
3785,469,-296
3784,461,-286
3794,462,-273
3819,463,-260
3855,472,-234
3903,483,-207
3950,503,-181
3993,533,-154
4030,565,-125
4061,595,-102
4076,608,-84
4079,617,-75
4071,627,-77
4054,622,-87
4029,619,-114
4000,611,-157
3972,597,-219
3938,579,-276
3906,567,-328
3879,558,-380
3853,551,-412
3839,542,-437
3839,535,-456
3848,535,-462
3865,539,-460
3882,551,-453
3898,564,-438
3920,576,-416
3939,590,-380
3962,596,-337
3993,609,-276
4038,616,-213
4071,628,-151
4100,639,-103
4122,652,-73
4140,657,-63
4148,652,-75
4165,650,-114
4165,638,-159
4159,627,-201
4153,624,-266
4152,628,-344
4148,624,-423
4145,618,-499
4146,614,-556
4143,603,-589
4144,594,-604
4147,590,-600
4157,600,-587
4159,621,-560
4154,637,-535
4142,644,-500
4125,650,-470
4110,653,-437
4090,654,-414
4059,654,-392
4027,654,-374
3991,653,-366
3958,656,-367
3932,654,-376
3906,656,-389
3889,658,-405
3870,659,-422
3853,671,-440
3826,688,-457
3791,694,-469
3758,693,-487
3713,680,-508
3667,659,-534
3622,644,-553
3597,641,-574
3595,634,-591
3618,643,-596
3679,659,-588
3765,680,-566
3859,710,-517
3946,734,-443
4015,752,-364
4059,754,-297
4085,754,-244
4092,750,-210
4069,745,-194
4017,736,-211
3938,727,-257
3868,731,-321
3812,728,-395
3789,721,-476
3802,705,-551
3841,686,-611
3900,663,-668
3964,640,-708
4030,626,-728
4098,621,-734
4168,616,-736
4237,627,-716
4288,638,-683
4312,664,-641
4295,693,-608
4256,728,-581
4198,761,-552
4148,785,-531
4099,783,-516
4047,759,-507
3990,721,-506
3936,679,-517
3900,639,-530
3893,592,-542
3909,552,-552
3951,532,-553
4004,531,-538
4060,541,-522
4128,565,-503
4212,604,-486
4286,648,-492
4341,688,-499
4368,716,-517
4368,743,-528
4350,759,-530
4310,766,-516
4247,766,-494
4164,744,-478
4056,708,-471
3943,656,-473
3858,595,-494
3819,539,-518
3821,502,-541
3853,489,-554
3900,501,-557
3957,527,-553
4027,562,-532
4109,580,-501
4213,587,-458
4322,600,-407
4401,629,-363
4430,675,-342
4421,727,-338
4394,772,-338
4344,792,-338
4280,778,-344
4202,741,-349
4119,697,-375
4020,658,-409
3931,628,-454
3872,601,-505
3848,570,-544
3868,528,-565
3903,488,-574
3943,462,-573
3992,457,-560
4045,461,-544
4109,478,-514
4182,515,-477
4246,552,-447
4286,578,-430
4288,606,-434
4262,620,-430
4217,630,-419
4169,633,-390
4131,628,-351
4087,616,-306
4034,594,-276
3968,566,-269
3905,541,-289
3846,515,-325
3806,488,-367
3782,466,-410
3769,459,-446
3765,465,-482
3759,474,-520
3762,480,-556
3777,486,-581
3799,487,-588
3829,488,-595
3861,490,-600
3885,494,-601
3896,504,-579
3892,513,-530
3879,522,-458
3860,525,-360
3842,516,-263
3821,511,-189
3788,516,-148
3739,537,-139
3687,558,-171
3651,566,-234
3635,556,-308
3649,539,-382
3699,522,-446
3765,504,-489
3844,491,-507
3929,483,-502
4017,480,-474
4114,484,-434
4194,491,-386
4237,500,-345
4257,509,-314
4246,520,-296
4192,534,-277
4114,539,-259
4002,542,-258
3881,529,-278
3751,498,-326
3652,458,-382
3590,431,-440
3573,420,-494
3578,436,-542
3601,464,-575
3646,488,-592
3708,498,-586
3793,492,-559
3897,489,-504
3998,494,-435
4074,513,-356
4139,537,-271
4186,556,-190
4220,565,-116
4234,554,-46
4211,538,17
4155,523,42
4053,509,43
3926,497,-18
3775,483,-138
3639,466,-266
3544,456,-404
3500,448,-535
3502,436,-641
3523,416,-711
3543,404,-748
3575,392,-759
3634,384,-738
3711,385,-694
3807,391,-636
3882,406,-588
3945,427,-548
3989,462,-490
4019,504,-392
4050,546,-254
4080,568,-102
4118,566,44
4144,562,171
4149,558,239
4128,561,228
4087,573,166
4033,570,38
3967,556,-91
3917,519,-240
3892,467,-386
3899,421,-528
3939,387,-641
3988,361,-698
4039,339,-705
4081,330,-679
4127,345,-629
4164,379,-583
4183,426,-550
4201,485,-516
4207,545,-471
4213,589,-403
4231,605,-310
4253,599,-207
4262,588,-103
4252,574,-19
4213,561,26
4156,543,37
4096,510,5
4037,468,-64
3993,429,-168
3963,398,-285
3939,369,-402
3914,335,-504
3893,301,-577
3870,273,-619
3857,267,-627
3839,285,-615
3821,331,-597
3815,383,-579
3808,439,-574
3802,490,-571
3799,518,-554
3801,528,-521
3795,534,-458
3790,532,-373
3789,527,-272
3802,513,-176
3817,485,-102
3823,452,-70
3833,417,-76
3850,388,-115
3871,370,-177
3903,362,-236
3940,367,-301
3979,376,-357
4030,386,-408
4072,398,-449
4111,421,-482
4144,444,-497
4172,471,-503
4188,490,-505
4195,506,-496
4186,514,-495
4162,518,-491
4129,522,-485
4082,525,-477
4030,525,-461
3981,531,-444
3944,517,-431
3919,493,-425
3894,471,-429
3863,444,-441
3832,425,-449
3795,411,-452
3760,401,-455
3738,393,-458
3718,393,-458
3708,403,-463
3710,431,-477
3716,464,-487
3726,508,-503
3738,553,-507
3756,589,-496
3777,606,-475
3803,606,-442
3835,594,-396
3874,571,-345
3909,549,-293
3938,536,-261
3957,529,-242
3971,529,-244
3984,527,-251
3995,520,-272
4008,507,-308
4015,502,-349
4022,495,-400
4030,499,-456
4042,503,-505
4041,509,-551
4046,507,-588
4048,506,-619
4046,508,-633
4041,520,-640
4037,534,-635
4038,552,-616
4051,566,-588
4072,579,-553
4090,588,-512
4108,589,-475
4124,589,-445
4132,590,-422
4136,582,-408
4134,574,-396
4133,562,-392
4126,556,-393
4129,558,-403
4134,555,-416
4142,554,-434
4145,554,-456
4148,550,-477
4147,547,-501
4139,532,-520
4121,509,-538
4089,497,-555
4047,490,-567
3996,489,-562
3949,488,-561
3908,493,-553
3881,497,-544
3870,499,-532
3882,506,-519
3919,508,-503
3962,520,-484
4009,532,-461
4055,547,-435
4091,561,-414
4122,558,-392
4139,547,-380
4137,536,-377
4123,528,-366
4108,521,-354
4082,509,-344
4050,490,-340
4018,475,-351
3994,462,-368
3985,452,-393
3991,450,-427
4006,453,-460
4029,459,-488
4053,462,-506
4078,450,-521
4109,430,-535
4136,419,-535
4160,421,-528
4180,433,-514
4190,454,-502
4205,472,-490
4203,485,-481
4196,485,-472
4184,475,-466
4161,460,-456
4134,450,-442
4109,442,-429
4080,434,-426
4055,427,-416
4046,422,-408
4043,421,-405
4053,434,-400
4068,446,-400
4084,453,-406
4094,460,-419
4104,458,-436
4104,451,-452
4087,443,-463
4054,438,-476
4004,432,-487
3949,420,-496
3897,408,-497
3850,394,-493
3813,387,-484
3784,392,-471
3757,406,-452
3743,425,-440
3743,447,-422
3752,462,-413
3771,470,-401
3795,464,-384
3817,449,-381
3831,443,-379
3841,444,-373
3866,448,-367
3892,449,-359
3932,443,-351
3975,446,-334
4022,457,-317
4056,473,-298
4079,483,-283
4091,487,-275
4097,481,-267
4099,460,-275
4092,437,-294
4075,413,-321
4057,399,-359
4038,399,-402
4030,410,-438
4038,419,-473
4053,432,-501
4073,439,-522
4088,451,-528
4111,462,-524
4132,469,-504
4148,470,-479
4158,470,-459
4152,465,-438
4143,459,-415
4123,457,-388
4100,463,-354
4080,479,-319
4065,484,-289
4050,484,-271
4039,473,-270
4031,460,-277
4029,447,-298
4020,439,-324
4013,435,-356
4008,440,-389
4004,441,-423
4003,440,-451
4018,449,-476
4042,461,-492
4073,472,-493
4099,491,-485
4123,499,-471
4143,501,-448
4159,485,-425
4170,456,-392
4171,427,-353
4160,396,-322
4134,380,-302
4107,372,-293
4077,375,-290
4049,389,-289
4037,411,-300
4038,436,-317
4055,462,-337
4075,493,-354
4087,523,-374
4093,547,-390
4094,562,-401
4088,565,-409
4074,552,-417
4058,532,-424
4036,506,-438
4017,485,-445
3996,470,-453
3986,459,-460
3989,446,-449
3994,437,-426
4009,428,-389
4022,431,-341
4029,443,-279
4042,465,-212
4062,480,-167
4084,493,-133
4114,501,-131
4142,507,-152
4160,519,-197
4169,543,-249
4157,563,-308
4147,574,-364
4133,573,-412
4118,560,-446
4108,545,-462
4100,528,-468
4094,510,-462
4087,492,-453
4079,486,-439
4075,483,-426
4076,482,-421
4075,477,-417
4078,477,-411
4087,486,-400
4085,495,-386
4080,494,-372
4085,482,-358
4083,457,-343
4064,432,-342
4031,416,-346
3994,417,-358
3962,422,-374
3943,428,-392
3931,430,-415
3930,433,-431
3934,433,-443
3945,438,-451
3965,440,-459
3992,441,-459
4023,439,-459
4058,423,-447
4079,404,-424
4090,390,-405
4088,384,-391
4075,386,-377
4054,383,-359
4025,377,-350
4002,368,-347
3983,360,-348
3973,368,-357
3971,385,-364
3981,398,-369
3997,402,-371
4015,394,-376
4030,389,-372
4046,388,-369
4055,394,-363
4063,403,-364
4064,415,-371
4064,424,-388
4069,433,-402
4070,440,-412
4058,438,-417
4041,435,-419
4022,429,-416
4002,423,-409
3977,416,-400
3959,419,-387
3948,425,-379
3943,430,-373
3942,439,-376
3958,448,-385
3983,462,-398
4006,477,-400
4033,503,-409
4058,527,-410
4074,539,-399
4086,535,-390
4092,511,-382
4095,486,-377
4084,467,-368
4063,456,-357
4029,455,-360
3994,467,-368
3968,479,-385
3955,498,-400
3946,510,-414
3952,516,-427
3968,518,-439
3986,519,-450
4013,517,-450
4043,515,-441
4068,511,-425
4087,504,-402
4094,493,-388
4079,488,-378
4042,495,-377
3990,512,-376
3936,534,-373
3886,549,-375
3843,555,-378
3816,551,-387
3799,540,-395
3801,528,-405
3815,525,-414
3844,528,-424
3883,540,-421
3940,550,-404
4005,562,-378
4066,576,-356
4119,584,-337
4166,590,-326
4199,596,-319
4225,599,-312
4237,611,-299
4233,617,-281
4208,618,-267
4175,606,-268
4135,580,-274
4082,552,-291
4022,535,-319
3978,532,-345
3945,538,-383
3932,541,-417
3927,541,-458
3923,536,-486
3921,536,-510
3924,531,-518
3920,530,-519
3915,535,-519
3904,543,-527
3888,546,-522
3868,546,-509
3856,538,-486
3849,519,-449
3844,504,-409
3841,497,-354
3844,502,-297
3849,524,-234
3867,555,-175
3885,576,-136
3913,595,-117
3941,592,-119
3968,579,-139
3989,565,-166
4004,552,-212
4022,544,-268
4030,529,-333
4029,514,-399
4017,499,-466
3997,488,-518
3974,481,-547
3957,484,-556
3952,501,-547
3952,513,-525
3957,522,-500
3965,526,-469
3970,525,-431
3972,524,-397
3978,525,-360
3985,524,-324
3996,512,-292
4002,505,-269
3993,505,-256
3974,517,-250
3956,536,-250
3935,545,-259
3920,549,-275
3911,541,-301
3899,536,-326
3887,531,-350
3875,530,-369
3864,525,-390
3846,519,-402
3832,514,-411
3822,507,-418
3819,504,-416
3820,507,-406
3819,513,-388
3820,521,-369
3829,523,-346
3837,517,-322
3842,503,-298
3839,475,-282
3831,449,-273
3819,427,-265
3800,409,-262
3784,403,-261
3772,408,-263
3777,421,-267
3791,444,-273
3819,460,-280
3863,478,-292
3909,494,-298
3960,508,-297
3999,517,-295
4026,524,-296
4042,518,-297
4045,506,-303
4045,487,-309
4032,468,-313
4010,447,-318
3990,434,-323
3970,429,-334
3953,430,-349
3949,435,-368
3951,440,-392
3956,446,-414
3954,450,-436
3952,452,-452
3950,454,-463
3942,448,-462
3939,443,-448
3933,445,-434
3931,448,-419
3927,453,-405
3924,463,-397
3910,481,-392
3901,504,-386
3895,516,-375
3891,516,-358
3885,497,-339
3874,474,-323
3857,447,-309
3836,424,-302
3817,410,-296
3809,401,-294
3808,395,-290
3817,400,-281
3829,406,-278
3844,415,-279
3861,429,-278
3871,444,-285
3880,456,-295
3890,452,-305
3883,434,-319
3869,411,-334
3843,389,-350
3814,366,-363
3779,348,-371
3744,342,-378
3722,351,-371
3716,365,-359
3721,380,-356
3738,392,-345
3768,409,-344
3804,421,-340
3833,422,-333
3858,418,-325
3873,397,-326
3874,370,-328
3872,356,-338
3855,355,-350
3832,350,-368
3816,350,-384
3804,357,-406
3807,370,-425
3818,394,-434
3842,411,-433
3879,419,-427
3911,428,-415
3939,436,-401
3952,439,-384
3952,444,-371
3937,452,-357
3914,451,-351
3887,440,-348
3857,428,-355
3829,420,-364
3804,422,-377
3791,429,-394
3785,436,-402
3790,443,-408
3795,444,-410
3804,447,-407
3812,443,-404
3823,442,-395
3834,448,-385
3847,457,-370
3859,465,-354
3873,474,-343
3887,476,-336
3895,480,-328
3907,487,-317
3913,491,-313
3912,485,-310
3909,474,-318
3898,464,-339
3893,455,-367
3883,445,-398
3877,438,-431
3882,427,-460
3893,423,-484
3913,423,-501
3936,433,-508
3971,451,-505
4016,465,-490
4060,481,-475
4110,495,-460
4164,503,-450
4208,502,-440
4236,498,-433
4237,496,-435
4230,495,-431
4217,482,-432
4193,473,-433
4165,464,-434
4132,453,-440
4095,442,-450
4050,446,-472
4006,461,-496
3966,472,-523
3939,477,-557
3914,476,-586
3899,462,-599
3892,439,-596
3885,408,-582
3867,382,-562
3850,365,-536
3834,341,-507
3821,326,-480
3806,313,-440
3807,303,-403
3822,300,-359
3848,307,-307
3876,317,-251
3904,321,-193
3924,323,-147
3929,312,-118
3913,297,-117
3884,281,-135
3854,265,-177
3824,260,-231
3812,264,-283
3816,271,-344
3844,281,-405
3875,287,-459
3919,300,-494
3958,311,-517
3991,312,-527
4023,303,-532
4048,291,-537
4068,285,-541
4084,289,-538
4097,300,-542
4117,313,-543
4129,328,-542
4142,342,-540
4144,353,-535
4147,363,-519
4149,365,-507
4147,365,-490
4149,369,-481
4141,377,-477
4129,385,-478
4113,400,-496
4089,410,-521
4062,417,-554
4031,427,-598
4003,433,-633
3972,442,-658
3948,432,-663
3927,423,-651
3908,417,-626
3889,415,-598
3870,423,-571
3848,433,-548
3812,443,-514
3818,453,-501
3829,457,-480
3853,463,-463
3905,467,-430
3935,476,-393
3948,499,-347
3942,514,-301
3926,513,-263
3914,504,-241
3902,504,-245
3897,513,-268
3887,522,-311
3888,526,-353
3903,530,-390
3925,534,-407
3966,538,-417
4018,552,-420
4070,565,-426
4123,574,-430
4175,578,-439
4210,568,-449
4228,561,-466
4229,549,-487
4211,537,-509
4171,530,-535
4120,521,-565
4049,506,-600
3971,496,-628
3901,486,-649
3840,483,-654
3793,473,-648
3757,460,-638
3732,451,-620
3722,446,-594
3719,449,-561
3723,460,-516
3735,471,-462
3744,476,-404
3748,494,-358
3802,502,-352
3867,517,-350
3914,538,-340
3948,558,-319
3964,573,-286
3980,581,-250
3997,574,-213
4006,561,-190
3996,536,-194
3969,503,-228
3925,469,-283
3876,434,-331
3837,411,-377
3809,390,-427
3800,375,-467
3816,378,-496
3845,395,-507
3892,422,-502
3944,447,-482
4007,473,-456
4060,493,-432
4123,507,-412
4171,513,-399
4201,519,-389
4205,520,-368
4183,509,-362
4145,488,-360
4123,466,-362
4083,444,-364
4024,416,-366
3960,388,-381
3897,363,-405
3850,344,-422
3812,339,-438
3789,339,-447
3789,335,-452
3792,333,-464
3805,336,-473
3824,344,-479
3862,366,-481
3913,390,-476
3984,415,-468
4048,438,-456
4102,455,-447
4146,466,-438
4177,477,-421
4203,481,-390
4216,477,-354
4208,463,-324
4178,436,-312
4130,405,-322
4063,375,-344
3992,347,-380
3944,325,-416
3919,310,-448
3920,313,-476
3937,311,-491
3958,319,-508
3974,331,-527
3995,351,-553
4014,365,-561
4043,379,-551
4072,400,-523
4090,414,-498
4100,426,-482
4100,434,-470
4084,446,-449
4053,461,-412
4023,470,-363
3993,474,-309
3970,471,-261
3942,453,-220
3910,432,-215
3868,413,-227
3840,397,-262
3823,379,-309
3817,368,-359
3823,368,-411
3829,364,-448
3838,366,-476
3847,384,-495
3858,400,-505
3872,418,-504
3887,434,-502
3882,449,-499
3888,455,-500
3895,458,-509
3889,454,-510
3879,446,-490
3867,430,-457
3865,421,-415
3862,408,-379
3863,398,-346
3869,391,-323
3882,394,-309
3909,404,-301
3940,410,-307
3979,423,-329
4017,437,-362
4053,458,-403
4084,479,-444
4113,495,-484
4137,500,-522
4159,489,-554
4176,483,-581
4188,479,-598
4195,477,-606
4199,479,-606
4204,470,-603
4208,467,-587
4204,456,-569
4183,450,-546
4146,438,-518
4108,425,-503
4075,415,-498
4059,405,-504
4058,388,-521
4069,382,-542
4082,392,-556
4090,411,-556
4100,442,-551
4125,479,-528
4151,508,-492
4175,524,-458
4174,525,-430
4143,520,-414
4081,517,-410
3998,516,-409
3909,501,-419
3823,462,-435
3738,409,-446
3657,366,-455
3585,347,-468
3527,350,-485
3483,364,-499
3454,377,-491
3448,380,-488
3466,374,-490
3507,359,-486
3564,351,-472
3641,349,-466
3719,358,-457
3791,385,-437
3855,409,-409
3909,433,-378
3953,447,-336
4007,463,-292
4054,478,-243
4083,497,-202
4109,513,-176
4118,520,-167
4118,519,-176
4114,501,-195
4118,474,-240
4124,448,-306
4135,429,-393
4146,412,-502
4160,401,-609
4172,401,-705
4191,402,-778
4219,407,-831
4249,411,-856
4287,418,-843
4327,435,-802
4357,458,-742
4353,484,-693
4317,515,-652
4256,525,-618
4181,511,-594
4105,489,-571
4011,459,-549
3919,430,-527
3834,406,-509
3749,397,-502
3682,393,-493
3632,396,-493
3601,405,-490
3585,412,-478
3579,420,-464
3579,428,-454
3590,428,-436
3607,430,-430
3629,436,-434
3658,446,-431
3692,454,-430
3725,466,-421
3756,467,-412
3775,462,-392
3789,457,-357
3800,449,-306
3809,446,-251
3809,442,-208
3797,434,-183
3788,419,-177
3775,400,-187
3766,382,-218
3760,369,-258
3751,360,-311
3742,356,-367
3744,351,-422
3743,350,-474
3747,354,-523
3760,368,-564
3779,385,-580
3813,399,-583
3846,422,-570
3877,447,-554
3904,469,-536
3922,481,-512
3930,476,-493
3947,465,-472
3968,447,-442
3991,424,-411
4009,403,-387
4013,390,-363
4010,389,-349
4010,386,-350
4010,389,-353
4023,394,-370
4047,410,-392
4074,427,-424
4109,453,-455
4146,480,-492
4175,516,-520
4199,554,-527
4208,584,-525
4205,604,-516
4186,613,-503
4154,613,-489
4116,602,-468
4061,580,-442
4001,544,-421
3937,503,-408
3880,467,-403
3819,437,-411
3762,420,-424
3719,415,-442
3686,420,-458
3663,432,-470
3652,438,-476
3645,439,-478
3648,438,-478
3663,432,-479
3677,431,-469
3714,446,-451
3766,467,-418
3836,483,-365
3919,488,-305
4010,502,-238
4103,519,-177
4188,536,-122
4247,559,-79
4274,564,-59
4278,555,-49
4258,536,-60
4221,495,-99
4173,446,-177
4120,397,-295
4069,368,-436
4022,371,-573
3995,393,-680
3995,412,-750
4017,418,-783
4053,406,-782
4085,382,-752
4108,372,-705
4107,367,-660
4079,373,-639
4024,391,-629
3960,400,-614
3893,400,-593
3829,388,-561
3780,367,-506
3747,348,-424
3732,341,-329
3743,339,-235
3781,346,-159
3829,365,-110
3871,385,-90
3906,410,-106
3944,427,-137
3976,437,-179
4008,442,-229
4044,436,-287
4068,419,-343
4081,405,-399
4084,386,-449
4080,376,-492
4065,376,-530
4055,382,-573
4044,399,-609
4043,425,-633
4052,453,-636
4074,473,-620
4098,482,-590
4129,481,-545
4155,463,-493
4166,448,-447
4166,430,-405
4149,413,-379
4123,399,-359
4093,394,-361
4062,388,-373
4033,387,-400
4000,385,-426
3960,382,-456
3921,391,-483
3883,400,-506
3856,412,-520
3839,423,-528
3822,430,-534
3806,437,-538
3784,434,-540
3764,429,-547
3752,421,-551
3748,412,-555
3745,409,-544
3754,414,-521
3761,424,-484
3773,435,-440
3798,431,-390
3831,428,-343
3871,425,-305
3904,429,-278
3930,443,-266
3956,459,-269
3980,468,-296
4011,477,-331
4036,480,-369
4055,478,-408
4072,478,-445
4087,479,-480
4102,486,-513
4119,494,-536
4141,505,-554
4159,508,-567
4179,504,-583
4198,498,-596
4214,495,-606
4217,495,-618
4212,490,-628
4203,483,-626
4189,474,-622
4174,464,-611
4152,450,-589
4130,436,-563
4118,431,-528
4110,432,-503
4107,443,-479
4104,461,-460
4103,488,-456
4106,510,-461
4104,533,-475
4101,549,-496
4094,565,-520
4082,574,-539
4072,572,-556
4056,567,-564
4047,554,-561
4041,532,-545
4036,517,-523
4029,500,-491
4030,484,-458
4028,481,-425
4024,476,-393
4015,476,-366
3999,480,-350
3980,478,-339
3958,474,-337
3928,472,-345
3902,467,-351
3879,463,-359
3863,462,-368
3854,463,-381
3841,471,-400
3824,470,-425
3800,469,-448
3776,469,-471
3750,460,-500
3722,452,-529
3690,452,-555
3664,452,-576
3648,457,-585
3648,466,-578
3674,470,-549
3714,470,-502
3769,468,-443
3826,462,-379
3879,463,-332
3929,467,-301
3977,482,-285
4022,489,-288
4051,500,-300
4075,508,-318
4089,505,-335
4096,499,-354
4101,497,-379
4101,498,-393
4101,497,-408
4101,489,-436
4096,477,-482
4082,462,-543
4060,451,-610
4031,442,-673
3991,433,-723
3957,421,-751
3928,407,-748
3898,400,-728
3860,390,-700
3827,387,-665
3797,385,-636
3767,388,-599
3744,390,-553
3729,393,-498
3723,391,-436
3714,392,-371
3713,394,-303
3716,397,-252
3717,398,-220
3729,400,-194
3758,400,-192
3785,400,-207
3814,399,-238
3851,402,-284
3894,413,-327
3945,416,-367
4006,417,-401
4062,413,-433
4125,411,-450
4195,417,-468
4262,423,-474
4324,431,-479
4381,432,-483
4435,430,-479
4483,420,-477
4516,403,-473
4527,374,-461
4515,341,-459
4475,315,-464
4401,300,-460
4293,291,-460
4177,282,-475
4065,281,-518
3990,278,-579
3934,264,-651
3894,249,-715
3861,246,-760
3843,252,-793
3842,274,-786
3866,302,-741
3902,328,-676
3954,351,-617
4000,371,-564
4038,393,-507
4067,422,-435
4082,444,-335
4074,452,-213
4048,437,-97
4004,404,6
3954,355,80
3879,302,118
3789,254,100
3694,220,23
3620,200,-98
3578,178,-238
3572,166,-384
3594,179,-508
3633,205,-599
3699,240,-647
3791,269,-651
3903,307,-612
4027,346,-541
4134,388,-470
4202,422,-415
4239,445,-373
4244,448,-343
4230,435,-303
4200,412,-248
4165,375,-188
4132,332,-148
4092,283,-143
4051,237,-180
4018,209,-241
3998,190,-318
4001,188,-398
4006,202,-478
4023,234,-535
4054,258,-570
4102,279,-590
4165,289,-588
4234,305,-554
4301,335,-503
4340,375,-455
4339,416,-433
4304,447,-435
4255,466,-444
4204,467,-442
4155,457,-434
4106,439,-418
4044,423,-410
3970,410,-410
3894,392,-426
3829,362,-457
3783,331,-488
3755,300,-507
3739,282,-519
3740,272,-527
3747,283,-527
3765,298,-519
3801,316,-499
3851,337,-475
3898,365,-441
3943,393,-409
3976,421,-376
3993,439,-347
3991,442,-328
3977,435,-305
3962,428,-279
3945,423,-252
3925,419,-226
3898,411,-219
3875,399,-222
3855,378,-239
3844,346,-270
3839,322,-303
3842,308,-344
3840,310,-391
3840,326,-430
3840,344,-459
3846,356,-485
3850,358,-503
3868,354,-504
3892,353,-499
3910,352,-493
3911,350,-495
3895,349,-500
3865,351,-509
3828,342,-514
3800,330,-506
3774,314,-490
3752,309,-464
3744,326,-432
3746,351,-406
3770,379,-376
3820,394,-346
3884,398,-319
3961,390,-304
4031,382,-293
4101,382,-293
4173,398,-310
4243,419,-342
4313,432,-378
4375,433,-414
4421,420,-445
4447,395,-472
4440,353,-496
4394,318,-531
4317,294,-571
4225,276,-632
4114,271,-715
3996,279,-797
3882,306,-871
3793,329,-923
3713,339,-956
3641,346,-974
3581,351,-979
3539,360,-964
3503,363,-931
3490,366,-876
3495,364,-807
3521,347,-742
3564,316,-685
3616,289,-653
3671,266,-635
3712,263,-617
3741,280,-586
3736,311,-545
3715,337,-493
3694,363,-441
3654,385,-385
3613,397,-353
3584,404,-352
3573,401,-380
3597,398,-421
3645,396,-462
3719,390,-489
3825,385,-516
3956,385,-535
4089,383,-555
4216,384,-573
4322,394,-600
4381,404,-629
4406,414,-660
4402,416,-699
4335,412,-758
4247,398,-823
4145,383,-901
4030,374,-977
3939,356,-1031
3885,340,-1055
3858,325,-1041
3848,311,-997
3862,313,-938
3889,331,-872
3936,362,-807
4000,401,-744
4074,439,-667
4136,474,-581
4219,474,-507
4270,471,-460
4186,490,-421
4146,489,-438
4147,464,-482
4104,437,-533
4018,410,-583
3922,385,-631
3818,373,-683
3719,374,-740
3642,388,-775
3603,410,-789
3593,429,-787
3607,438,-767
3652,441,-745
3704,442,-709
3752,437,-671
3796,434,-620
3845,424,-585
3901,411,-568
3925,402,-562
3939,414,-576
3937,446,-602
3909,487,-620
3866,524,-634
3819,548,-647
3771,546,-648
3731,529,-636
3687,499,-621
3642,459,-604
3594,428,-593
3547,393,-583
3517,369,-573
3498,356,-562
3500,353,-557
3522,362,-562
3560,376,-572
3602,391,-588
3646,401,-607
3690,413,-634
3723,427,-655
3745,435,-674
3756,440,-701
3749,432,-730
3730,414,-752
3707,398,-772
3683,385,-786
3660,378,-778
3648,380,-755
3644,382,-727
3637,388,-689
3635,401,-655
3644,405,-620
3653,404,-595
3672,398,-579
3688,392,-568
3705,382,-562
3722,366,-568
3735,354,-584
3750,340,-603
3764,339,-631
3777,343,-662
3803,361,-688
3822,378,-714
3843,393,-728
3855,406,-742
3864,408,-747
3863,405,-744
3850,403,-746
3841,402,-738
3828,405,-724
3816,408,-714
3814,413,-697
3820,412,-675
3838,419,-655
3859,433,-640
3880,444,-622
3904,453,-608
3927,449,-602
3945,446,-604
3955,438,-619
3954,431,-639
3943,423,-662
3928,410,-686
3909,397,-717
3891,382,-744
3869,369,-762
3850,356,-771
3822,348,-776
3792,337,-778
3760,326,-780
3728,322,-778
3683,321,-764
3663,316,-765
3657,316,-746
3644,319,-730
3639,328,-703
3652,334,-671
3678,342,-645
3709,345,-626
3741,343,-608
3774,329,-600
3802,315,-604
3821,304,-610
3843,303,-629
3863,312,-647
3885,324,-664
3913,332,-671
3952,341,-672
3992,347,-680
4037,352,-676
4069,359,-669
4093,370,-660
4114,369,-653
4128,361,-652
4127,345,-666
4113,319,-690
4080,291,-733
4030,273,-782
3973,258,-829
3931,251,-864
3908,257,-889
3893,263,-896
3895,273,-883
3907,288,-856
3926,303,-823
3948,317,-787
3976,333,-753
4002,348,-717
4015,362,-683
4009,368,-663
3994,377,-655
3969,385,-649
3926,388,-647
3882,378,-644
3854,377,-662
3809,379,-682
3773,362,-716
3757,347,-760
3766,339,-792
3793,336,-809
3835,333,-824
3882,334,-828
3925,341,-821
3959,347,-818
3985,348,-810
4002,344,-803
4002,334,-805
3977,322,-815
3920,304,-824
3883,311,-867
3827,332,-896
3767,340,-927
3722,333,-949
3689,313,-955
3672,296,-951
3666,289,-928
3667,289,-895
3691,288,-859
3722,283,-819
3766,275,-776
3816,268,-740
3864,274,-718
3906,292,-701
3936,313,-704
3956,327,-725
3975,334,-757
3989,327,-786
4013,317,-809
4031,306,-837
4053,303,-861
4076,306,-872
4094,312,-888
4123,308,-893
4148,313,-886
4167,313,-877
4186,312,-866
4193,299,-854
4188,304,-847
4175,307,-858
4156,318,-872
4136,324,-892
4119,327,-921
4097,326,-943
4074,328,-966
4050,333,-979
4028,335,-983
3998,336,-979
3963,330,-971
3918,318,-964
3867,307,-961
3808,297,-963
3753,289,-973
3705,282,-979
3663,285,-976
3636,289,-970
3612,294,-959
3581,291,-923
3583,289,-938
3586,306,-942
3581,317,-929
3576,315,-915
3576,306,-916
3578,290,-926
3583,290,-938
3598,301,-948
3618,327,-966
3652,351,-986
3690,368,-1010
3725,372,-1030
3751,379,-1049
3775,387,-1066
3790,399,-1077
3799,411,-1088
3800,414,-1090
3791,411,-1089
3780,394,-1084
3768,375,-1076
3764,363,-1064
3760,355,-1047
3762,362,-1019
3771,372,-987
3780,383,-958
3792,389,-928
3800,399,-898
3805,416,-867
3819,432,-836
3834,448,-803
3851,459,-766
3868,467,-731
3876,475,-701
3876,475,-680
3868,479,-669
3858,477,-657
3855,474,-653
3857,473,-647
3870,474,-637
3888,476,-630
3918,478,-617
3956,483,-604
4001,482,-600
4043,474,-603
4074,467,-606
4091,463,-611
4099,458,-629
4101,456,-659
4097,455,-696
4085,450,-744
4073,450,-803
4057,447,-854
4042,448,-904
4037,456,-945
4043,469,-973
4061,475,-991
4085,481,-992
4121,475,-981
4160,460,-967
4192,444,-952
4209,433,-940
4211,420,-933
4204,405,-925
4186,386,-921
4160,372,-925
4132,361,-934
4108,362,-949
4075,375,-952
4050,388,-960
4031,414,-954
4018,439,-942
4014,452,-932
4013,452,-912
4009,446,-900
4004,440,-894
3993,438,-896
3982,436,-905
3976,424,-912
3962,410,-918
3947,397,-918
3939,385,-905
3933,371,-881
3928,369,-845
3932,371,-800
3940,379,-748
3949,390,-696
3961,409,-653
3974,425,-617
3986,436,-600
4003,440,-591
4016,439,-596
4032,436,-608
4053,435,-623
4079,437,-640
4113,430,-656
4150,414,-668
4186,396,-680
4219,385,-690
4239,383,-703
4249,379,-711
4244,368,-717
4220,365,-729
4183,358,-741
4140,354,-757
4089,351,-782
4040,353,-803
3994,357,-809
3961,369,-810
3934,380,-801
3912,383,-785
3898,388,-775
3884,388,-766
3873,385,-754
3868,373,-742
3858,362,-732
3845,357,-727
3834,352,-730
3823,350,-731
3819,349,-739
3822,346,-749
3823,346,-761
3836,352,-761
3841,358,-754
3849,365,-742
3860,361,-724
3862,360,-705
3861,354,-694
3855,349,-687
3854,351,-690
3848,359,-704
3852,372,-722
3859,377,-741
3878,379,-753
3900,372,-762
3921,360,-764
3933,347,-771
3936,337,-780
3930,336,-792
3908,340,-806
3893,340,-821
3874,335,-828
3857,324,-831
3837,320,-829
3812,322,-821
3778,328,-815
3753,340,-805
3728,348,-789
3710,346,-774
3698,343,-759
3690,341,-746
3695,335,-726
3706,341,-711
3725,345,-692
3745,355,-682
3772,373,-666
3796,388,-653
3819,401,-643
3837,419,-629
3849,430,-629
3859,441,-639
3869,444,-661
3879,441,-695
3883,440,-735
3887,435,-773
3897,424,-804
3911,411,-825
3928,403,-839
3952,391,-849
3974,387,-855
3995,382,-848
4009,380,-841
4015,381,-837
4008,383,-837
3998,382,-832
3976,378,-832
3952,364,-823
3926,358,-821
3903,351,-818
3884,355,-817
3876,362,-806
3882,370,-791
3901,379,-777
3927,388,-765
3963,392,-750
4002,398,-737
4034,401,-726
4061,400,-720
4080,399,-719
4092,397,-719
4105,392,-728
4114,380,-730
4117,366,-733
4112,356,-746
4105,349,-758
4099,354,-770
4088,361,-781
4075,368,-794
4074,363,-811
4077,353,-824
4080,334,-832
4077,320,-846
4072,324,-849
4065,328,-849
4056,336,-847
4054,331,-841
4052,325,-831
4052,320,-828
4060,319,-824
4065,325,-823
4075,334,-825
4088,339,-821
4101,339,-819
4103,326,-812
4093,321,-799
4067,317,-790
4035,315,-790
4003,309,-792
3972,299,-800
3935,287,-816
3909,278,-838
3893,281,-862
3885,300,-880
3887,332,-881
3891,360,-870
3901,366,-848
3905,369,-822
3904,363,-791
3891,366,-753
3868,362,-725
3830,351,-700
3779,332,-683
3716,312,-671
3654,295,-662
3598,295,-652
3568,305,-640
3557,330,-626
3563,362,-603
3595,387,-579
3646,399,-548
3714,395,-518
3786,389,-477
3850,379,-431
3916,377,-386
3973,374,-354
4018,380,-336
4052,386,-329
4077,394,-339
4091,400,-360
4098,400,-395
4108,413,-453
4105,429,-489
4109,449,-536
4110,460,-599
4111,462,-651
4109,446,-713
4094,417,-766
4085,376,-826
4070,333,-892
4064,307,-956
4056,304,-1010
4057,318,-1046
4067,338,-1051
4085,360,-1027
4100,361,-981
4115,359,-932
4110,374,-886
4102,392,-849
4069,404,-825
4014,408,-820
3943,401,-824
3870,379,-840
3796,348,-862
3738,320,-885
3698,305,-897
3671,303,-895
3671,314,-888
3683,332,-869
3709,354,-839
3751,360,-802
3793,361,-763
3834,356,-727
3861,359,-694
3876,370,-657
3883,391,-621
3892,415,-586
3901,427,-563
3902,426,-544
3904,425,-544
3914,421,-551
3919,414,-559
3930,419,-564
3942,418,-573
3957,409,-581
3982,390,-588
4000,379,-589
4020,365,-585
4032,350,-580
4042,354,-575
4071,345,-563
4091,355,-552
4110,393,-535
4122,420,-520
4126,440,-507
4122,442,-502
4108,433,-496
4080,416,-500
4034,391,-510
3988,370,-523
3935,357,-538
3892,355,-556
3861,364,-565
3836,373,-585
3825,378,-599
3839,373,-616
3856,351,-641
3878,327,-672
3895,294,-708
3922,271,-745
3931,263,-777
3919,288,-808
3896,323,-813
3869,356,-810
3835,380,-803
3818,392,-798
3824,398,-806
3846,404,-827
3884,418,-859
3926,418,-903
3968,402,-943
4000,381,-977
4050,340,-996
4062,300,-996
4080,279,-984
4064,296,-935
4061,310,-887
4068,326,-840
4084,337,-812
4097,338,-791
4107,340,-785
4104,363,-794
4086,399,-810
4061,436,-833
4031,452,-865
4010,454,-889
3997,439,-896
3995,412,-887
4001,374,-854
4010,346,-800
4032,326,-725
4067,316,-633
4110,314,-555
4157,332,-489
4205,369,-442
4250,412,-418
4278,467,-410
4299,506,-417
4307,517,-425
4299,494,-437
4267,455,-462
4207,420,-491
4146,400,-525
4096,396,-553
4067,390,-587
4065,391,-604
4076,398,-612
4089,415,-609
4104,435,-608
4121,454,-614
4136,469,-624
4140,471,-636
4129,461,-641
4103,438,-641
4050,422,-646
3971,420,-655
3887,425,-659
3807,428,-659
3731,416,-657
3673,392,-659
3625,374,-662
3581,357,-665
3543,363,-672
3511,369,-673
3493,374,-673
3479,366,-660
3479,357,-646
3483,345,-622
3492,339,-592
3504,350,-557
3537,374,-523
3591,405,-498
3659,424,-486
3732,427,-477
3808,423,-481
3883,424,-490
3956,430,-501
4029,444,-511
4095,450,-513
4160,447,-507
4218,428,-483
4270,393,-456
4302,360,-436
4333,339,-416
4370,334,-409
4430,349,-421
4480,373,-431
4534,397,-473
4594,410,-523
4640,411,-583
4673,394,-653
4681,373,-712
4660,346,-757
4614,319,-771
4552,288,-772
4474,252,-756
4378,233,-730
4271,230,-705
4166,236,-691
4061,239,-690
3963,240,-709
3877,245,-733
3803,260,-753
3738,271,-767
3700,280,-783
3672,294,-791
3659,315,-790
3653,343,-773
3661,372,-746
3665,398,-704
3665,409,-650
3653,397,-602
3632,381,-547
3600,356,-489
3584,328,-434
3580,315,-385
3584,314,-343
3587,330,-315
3592,357,-315
3611,378,-344
3655,380,-395
3712,365,-465
3785,348,-532
3859,338,-592
3921,334,-640
3966,339,-673
3999,346,-700
4020,356,-713
4034,358,-723
4041,349,-721
4032,343,-715
4014,346,-707
3996,367,-695
3978,394,-686
3961,419,-686
3947,432,-678
3938,425,-676
3941,406,-682
3945,388,-702
3955,379,-722
3970,397,-740
4001,426,-745
4046,448,-728
4095,453,-693
4147,449,-655
4181,445,-622
4209,451,-604
4224,463,-590
4232,493,-596
4218,526,-609
4183,552,-634
4134,569,-675
4069,568,-734
4003,543,-793
3954,505,-844
3927,455,-873
3928,407,-883
3950,379,-868
3992,370,-847
4053,385,-813
4140,408,-770
4236,431,-717
4318,456,-664
4364,486,-621
4370,528,-600
4341,574,-596
4281,606,-600
4190,611,-612
4075,586,-644
3942,546,-685
3805,501,-735
3691,468,-776
3607,449,-806
3535,438,-826
3482,419,-836
3459,401,-850
3463,390,-844
3495,367,-832
3544,343,-803
3611,305,-767
3686,275,-735
3762,257,-726
3828,265,-728
3890,297,-746
3936,346,-752
3984,402,-731
4035,447,-675
4081,481,-597
4121,509,-505
4156,544,-415
4179,577,-346
4176,600,-301
4166,598,-284
4163,576,-301
4150,546,-363
4131,527,-470
4106,524,-598
4075,535,-738
4055,543,-850
4050,527,-941
4061,483,-1016
4080,422,-1054
4098,372,-1059
4110,342,-1039
4105,347,-1014
4078,370,-1005
4030,403,-1007
3972,423,-1013
3913,428,-1030
3858,426,-1034
3808,410,-1017
3773,401,-967
3737,407,-892
3709,418,-799
3685,444,-689
3665,470,-590
3661,491,-512
3663,518,-463
3675,544,-450
3706,560,-459
3762,559,-488
3835,538,-533
3911,522,-578
3987,518,-617
4050,525,-647
4110,542,-672
4151,560,-701
4172,567,-736
4174,577,-778
4157,589,-829
4139,599,-865
4118,604,-896
4086,602,-915
4049,588,-916
4003,573,-897
3957,551,-856
3923,527,-800
3890,492,-755
3859,458,-724
3824,425,-702
3794,401,-699
3773,386,-705
3750,376,-710
3724,374,-705
3708,379,-696
3702,388,-682
3695,408,-671
3674,420,-651
3672,426,-647
3669,431,-638
3662,442,-621
3661,448,-594
3666,440,-562
3671,425,-518
3687,409,-477
3715,401,-441
3748,413,-406
3798,443,-382
3865,466,-370
3942,479,-370
4025,475,-386
4116,471,-406
4205,463,-428
4281,458,-460
4351,459,-494
4394,466,-523
4404,471,-555
4383,476,-593
4330,481,-646
4261,486,-699
4183,490,-764
4114,495,-820
4058,482,-874
4028,470,-910
4019,459,-938
4010,451,-937
4014,437,-914
4026,422,-879
4044,411,-831
4053,397,-774
4053,394,-719
4041,397,-675
4010,394,-643
3958,385,-628
3889,378,-637
3808,369,-644
3715,357,-660
3623,342,-678
3533,335,-693
3464,325,-719
3420,319,-742
3407,319,-766
3409,315,-769
3457,327,-787
3537,353,-800
3637,382,-792
3744,396,-767
3845,387,-740
3930,364,-703
3999,347,-670
4051,347,-640
4095,357,-620
4124,376,-613
4139,402,-624
4146,421,-648
4149,438,-679
4151,449,-718
4151,454,-758
4156,453,-794
4158,454,-821
4159,446,-824
4160,415,-817
4161,369,-809
4158,327,-795
4148,298,-783
4139,292,-774
4131,297,-761
4123,306,-736
4111,318,-701
4092,329,-667
4063,335,-638
4032,337,-618
3999,340,-605
3975,352,-596
3957,363,-577
3961,373,-551
3976,372,-522
3996,377,-485
4025,380,-443
4049,387,-398
4071,402,-357
4090,415,-319
4109,420,-296
4132,421,-291
4145,420,-310
4154,420,-356
4164,417,-418
4164,414,-501
4167,411,-585
4169,404,-659
4175,394,-721
4177,379,-775
4173,362,-825
4169,344,-859
4156,324,-887
4139,314,-910
4115,306,-929
4080,321,-940
4045,341,-936
4004,365,-933
3967,382,-919
3931,380,-897
3902,374,-879
3875,368,-858
3848,360,-837
3819,361,-816
3793,368,-803
3772,371,-790
3748,366,-777
3724,363,-766
3700,365,-755
3680,364,-750
3663,357,-757
3650,357,-761
3639,356,-754
3635,351,-747
3647,351,-741
3666,353,-729
3699,358,-719
3765,375,-709
3840,391,-697
3922,399,-690
4001,403,-686
4064,406,-691
4117,413,-694
4148,423,-702
4156,437,-709
4142,445,-716
4120,451,-726
4081,449,-742
4033,444,-765
3990,432,-790
3962,421,-818
3953,417,-835
3961,411,-851
3972,405,-864
3978,397,-870
3984,395,-867
3982,393,-854
3971,390,-827
3957,389,-784
3938,383,-738
3918,377,-695
3885,382,-659
3853,395,-629
3825,411,-607
3802,435,-586
3793,462,-563
3794,488,-545
3797,511,-530
3809,522,-522
3822,520,-518
3831,502,-528
3828,479,-546
3822,460,-568
3814,445,-590
3808,443,-609
3815,439,-631
3832,442,-653
3859,441,-674
3885,449,-695
3913,467,-720
3941,489,-742
3969,505,-765
3991,515,-788
4007,514,-804
4007,504,-824
3991,481,-837
3962,459,-855
3925,438,-863
3881,421,-868
3849,402,-867
3830,395,-862
3819,388,-852
3818,382,-841
3822,376,-829
3832,374,-818
3841,374,-809
3855,384,-803
3869,399,-793
3885,410,-784
3899,419,-775
3912,422,-771
3917,414,-772
3918,407,-790
3914,398,-807
3908,399,-825
3896,400,-842
3894,399,-855
3893,389,-868
3889,384,-877
3885,375,-880
3884,364,-881
3889,355,-880
3899,349,-878
3909,343,-871
3921,346,-871
3938,346,-874
3962,355,-875
3985,367,-883
4014,374,-888
4032,376,-889
4052,366,-889
4059,366,-896
4055,356,-902
4048,344,-912
4036,333,-916
4023,330,-911
4015,324,-898
4005,323,-876
4001,320,-858
3996,318,-835
3997,317,-816
3986,312,-806
3973,311,-803
3965,306,-805
3953,300,-807
3945,297,-805
3934,295,-810
3930,295,-814
3925,301,-818
3930,310,-820
3937,323,-818
3952,336,-816
3971,339,-819
3991,338,-819
4005,333,-820
4022,333,-824
4031,337,-832
4038,330,-833
4038,318,-844
4026,303,-854
4005,280,-866
3979,259,-882
3944,247,-893
3907,244,-916
3872,249,-941
3852,256,-965
3849,266,-981
3857,268,-986
3870,267,-985
3891,261,-986
3913,252,-986
3942,247,-982
3975,251,-977
4010,256,-970
4040,266,-970
4065,271,-975
4082,277,-989
4088,273,-1012
4086,266,-1032
4075,262,-1056
4061,260,-1084
4037,258,-1104
4013,257,-1125
3994,257,-1141
3974,255,-1153
3959,251,-1166
3952,250,-1176
3955,256,-1179
3966,267,-1180
3979,273,-1182
3984,272,-1185
3990,276,-1185
3988,270,-1182
3979,271,-1176
3963,270,-1169
3935,269,-1168
3909,275,-1163
3894,272,-1177
3886,273,-1202
3872,279,-1216
3864,291,-1227
3862,296,-1225
3860,301,-1218
3860,307,-1200
3857,306,-1175
3856,306,-1154
3850,310,-1125
3843,310,-1108
3828,318,-1096
3819,324,-1096
3814,323,-1104
3816,323,-1112
3821,324,-1123
3839,326,-1132
3867,326,-1143
3901,337,-1146
3939,347,-1151
3987,355,-1140
4040,368,-1129
4087,380,-1112
4136,391,-1096
4173,399,-1079
4199,407,-1062
4218,416,-1055
4230,427,-1045
4230,440,-1035
4223,450,-1032
4209,452,-1032
4187,448,-1047
4153,439,-1069
4123,439,-1087
4095,435,-1101
4077,431,-1103
4072,420,-1097
4072,413,-1084
4076,400,-1073
4074,389,-1060
4066,383,-1043
4063,382,-1034
4051,376,-1031
4036,375,-1034
4010,367,-1049
3983,361,-1074
3951,365,-1091
3919,367,-1095
3883,373,-1089
3851,370,-1076
3823,370,-1051
3793,370,-1018
3778,367,-976
3772,359,-942
3772,351,-916
3774,349,-903
3776,360,-908
3783,375,-926
3790,387,-951
3809,397,-984
3829,410,-1014
3854,420,-1041
3885,432,-1066
3921,437,-1087
3952,445,-1099
3981,446,-1107
4005,448,-1111
4021,445,-1114
4031,447,-1112
4027,443,-1113
4023,433,-1110
4014,420,-1111
3999,404,-1111
3977,386,-1098
3956,374,-1087
3932,361,-1070
3916,358,-1054
3910,364,-1033
3907,369,-1010
3917,370,-983
3933,371,-966
3943,372,-947
3946,381,-939
3942,397,-935
3934,410,-942
3917,416,-948
3903,419,-954
3890,417,-948
3877,409,-940
3860,413,-916
3846,411,-890
3833,410,-865
3825,404,-844
3823,397,-832
3829,382,-816
3840,370,-810
3851,368,-809
3862,366,-815
3877,370,-833
3895,367,-862
3920,368,-899
3941,368,-935
3966,365,-966
3988,367,-990
4006,370,-998
4020,374,-1004
4027,379,-1004
4038,386,-1010
4040,392,-1015
4034,381,-1028
4022,363,-1044
4003,345,-1067
3957,332,-1077
3922,332,-1068
3895,332,-1058
3888,332,-1040
3890,337,-1020
3895,343,-985
3899,348,-954
3901,355,-923
3902,366,-898
3907,382,-880
3915,396,-862
3930,409,-844
3950,420,-832
3962,415,-834
3974,407,-837
3977,398,-843
3975,387,-848
3967,381,-859
3960,375,-863
3949,364,-869
3945,346,-879
3937,330,-887
3929,320,-899
3922,317,-905
3921,320,-913
3934,331,-915
3961,346,-910
3996,354,-909
4025,360,-910
4055,365,-910
4078,368,-919
4085,377,-932
4084,381,-952
4078,377,-973
4060,366,-990
4032,355,-1006
4000,351,-1010
3969,348,-1013
3934,342,-1001
3913,335,-982
3900,333,-948
3893,323,-918
3895,313,-891
3893,304,-869
3895,301,-854
3891,304,-848
3896,306,-849
3903,311,-858
3911,320,-859
3915,328,-861
3923,333,-858
3920,340,-862
3916,347,-861
3919,356,-860
3922,358,-860
3920,356,-855
3919,348,-858
3910,349,-867
3902,341,-876
3898,335,-892
3899,332,-902
3909,330,-916
3924,322,-915
3945,327,-911
3962,333,-904
3985,348,-891
4009,356,-885
4023,360,-886
4040,361,-897
4043,362,-915
4041,359,-940
4026,362,-964
4003,366,-988
3976,372,-1007
3948,375,-1019
3924,365,-1025
3901,355,-1020
3883,339,-1008
3867,322,-986
3858,313,-966
3850,304,-950
3844,299,-941
3839,297,-937
3835,303,-940
3832,312,-948
3835,323,-958
3844,342,-963
3856,364,-962
3875,381,-956
3891,390,-946
3903,384,-932
3909,375,-917
3921,366,-898
3924,362,-880
3926,372,-862
3927,383,-850
3934,394,-849
3940,402,-844
3948,402,-846
3962,397,-853
3982,390,-858
4004,381,-860
4032,372,-855
4054,360,-854
4069,353,-851
4084,355,-860
4092,361,-876
4097,368,-898
4100,374,-925
4101,385,-948
4100,387,-961
4098,392,-980
4089,387,-987
4066,380,-989
4035,371,-983
4004,360,-970
3972,352,-955
3943,348,-940
3919,348,-923
3905,351,-908
3902,355,-896
3910,360,-885
3931,373,-880
3960,390,-873
3995,404,-868
4033,421,-860
4067,430,-855
4086,434,-859
4099,430,-861
4112,425,-863
4116,422,-860
4114,420,-866
4111,421,-875
4106,420,-880
4099,422,-886
4086,416,-896
4067,405,-906
4042,391,-909
4025,381,-906
4011,371,-895
4011,363,-884
4015,354,-881
4025,352,-884
4046,357,-883
4070,363,-886
4095,382,-895
4121,399,-908
4146,409,-922
4159,412,-944
4154,407,-965
4133,395,-985
4100,379,-996
4050,370,-987
3992,370,-969
3945,379,-945
3905,383,-920
3868,386,-894
3849,390,-882
3837,392,-869
3841,394,-860
3846,399,-852
3856,405,-846
3869,412,-846
3889,417,-851
3910,414,-850
3925,417,-857
3947,425,-861
3955,446,-859
3965,472,-858
3974,495,-853
3993,510,-836
4009,513,-810
4019,513,-782
4029,509,-760
4024,509,-746
4008,510,-737
3985,505,-733
3967,501,-734
3954,492,-738
3937,481,-744
3938,470,-752
3943,468,-757
3960,474,-760
3978,484,-765
3999,497,-772
4021,507,-788
4042,514,-804
4053,518,-818
4058,519,-838
4049,520,-848
4035,521,-854
4020,517,-856
4001,511,-845
3976,506,-821
3956,499,-789
3937,494,-767
3917,488,-747
3901,484,-737
3889,481,-739
3876,478,-742
3862,470,-755
3855,466,-773
3852,458,-784
3856,453,-799
3866,452,-812
3876,456,-821
3880,462,-829
3886,473,-844
3894,487,-854
3899,495,-862
3908,495,-866
3907,494,-861
3899,485,-839
3890,480,-819
3882,469,-795
3872,460,-784
3862,453,-776
3864,443,-776
3868,433,-780
3879,420,-785
3893,409,-790
3908,403,-790
3929,406,-799
3954,412,-808
3970,426,-819
3986,440,-829
3998,452,-838
4005,461,-841
4011,461,-844
4006,460,-840
4003,451,-833
3993,445,-825
3979,436,-818
3966,429,-809
3953,415,-797
3946,410,-784
3942,410,-774
3946,411,-761
3952,413,-752
3959,420,-748
3970,429,-753
3978,430,-755
3983,433,-765
3990,439,-782
3989,442,-791
3978,448,-802
3962,450,-811
3944,454,-808
3926,456,-810
3910,457,-807
3896,453,-796
3887,446,-784
3880,438,-772
3876,433,-767
3881,428,-764
3883,431,-766
3895,432,-767
3904,431,-767
3919,434,-769
3936,439,-771
3961,448,-775
3980,455,-780
4000,464,-781
4014,476,-786
4030,485,-792
4034,490,-796
4030,497,-804
4025,502,-809
4012,502,-817
4007,510,-831
3971,497,-827
3941,486,-818
3922,473,-810
3914,465,-798
3913,458,-784
3921,458,-777
3927,460,-770
3934,462,-766
3945,470,-763
3957,475,-767
3970,481,-774
3977,487,-776
3987,489,-781
3986,493,-793
3982,494,-802
3968,497,-807
3959,494,-801
3944,491,-790
3939,485,-777
3928,475,-761
3921,472,-748
3917,471,-747
3918,474,-748
3924,481,-760
3935,487,-780
3948,491,-794
3958,493,-807
3963,489,-817
3964,474,-826
3962,461,-833
3956,447,-830
3941,435,-828
3922,433,-827
3902,436,-828
3890,444,-832
3883,452,-839
3875,456,-847
3872,452,-856
3867,445,-862
3868,437,-874
3868,431,-879
3867,422,-877
3866,415,-878
3866,402,-875
3863,393,-869
3862,386,-863
3868,382,-861
3869,390,-861
3875,401,-865
3887,408,-873
3900,415,-877
3921,418,-883
3934,418,-888
3947,416,-889
3955,414,-890
3960,414,-889
3961,413,-885
3964,414,-878
3965,414,-868
3965,415,-866
3963,414,-866
3959,418,-864
3962,414,-863
3958,417,-870
3953,422,-877
3950,423,-882
3948,422,-887
3948,424,-894
3946,421,-895
3946,418,-897
3949,420,-890
3953,420,-879
3949,418,-864
3948,419,-848
3953,419,-832
3959,421,-820
3964,423,-804
3969,428,-793
3976,427,-781
3978,427,-779
3979,429,-779
3983,424,-783
3984,418,-789
3988,407,-798
3987,397,-813
3986,397,-828
3983,392,-842
3982,396,-855
3986,394,-859
3991,393,-862
3997,394,-866
4004,395,-870
4009,397,-870
4009,393,-869
4011,390,-867
4010,377,-862
4010,362,-864
3996,346,-862
3982,340,-866
3973,335,-865
3960,340,-866
3957,348,-867
3960,358,-866
3968,359,-864
3976,365,-856
3990,363,-857
3999,363,-865
4008,356,-875
4016,350,-885
4020,341,-899
4015,334,-917
4004,325,-929
3994,311,-934
3983,301,-939
3974,297,-938
3966,294,-938
3963,296,-933
3960,302,-923
3966,311,-914
3970,317,-902
3972,321,-893
3975,322,-880
3976,319,-878
3975,318,-875
3970,318,-872
3967,321,-871
3961,327,-874
3957,329,-877
3950,332,-881
3946,335,-888
3941,338,-887
3940,340,-890
3934,342,-891
3934,343,-889
3930,347,-891
3932,355,-894
3940,361,-893
3954,365,-890
3964,369,-893
3986,372,-885
4003,373,-882
4022,375,-881
4036,379,-881
4042,387,-879
4051,397,-876
4061,405,-873
4064,414,-878
4066,416,-885
4064,422,-892
4065,422,-895
4061,425,-897
4061,435,-900
4063,444,-900
4062,456,-898
4071,465,-895
4078,474,-895
4083,473,-896
4091,474,-898
4095,475,-892
4099,476,-894
4100,473,-889
4098,470,-887
4090,464,-884
4078,460,-879
4063,460,-881
4046,460,-880
4029,459,-878
4013,463,-875
4000,470,-869
3990,475,-870
3984,481,-870
3978,483,-865
3978,486,-861
3974,482,-863
3974,477,-863
3968,480,-865
3971,481,-869
3968,482,-877
3969,483,-882
3969,482,-883
3970,480,-885
3970,473,-891
3972,470,-891
3968,467,-890
3963,468,-888
3959,467,-882
3961,465,-875
3960,468,-869
3964,468,-866
3968,465,-868
3975,463,-871
3981,468,-883
3978,473,-892
3977,479,-902
3983,480,-907
3984,481,-909
3981,477,-915
3973,467,-914
3959,468,-910
3941,471,-905
3930,475,-898
3925,482,-892
3927,486,-886
3930,484,-887
3938,478,-888
3943,473,-894
3947,469,-900
3944,466,-906
3942,466,-914
3938,457,-928
3927,456,-927
3915,452,-923
3901,446,-925
3888,446,-924
3880,442,-926
3870,447,-927
3869,451,-930
3871,458,-931
3880,459,-939
3886,462,-947
3898,465,-951
3907,470,-952
3917,479,-952
3927,489,-942
3934,487,-933
3940,488,-919
3947,484,-913
3946,475,-912
3943,470,-915
3935,466,-921
3925,465,-928
3917,458,-934
3905,452,-939
3896,443,-940
3884,436,-941
3874,434,-940
3866,433,-942
3858,435,-939
3858,440,-933
3860,444,-919
3868,448,-902
3878,450,-891
3888,450,-874
3897,451,-862
3909,455,-850
3916,455,-836
3926,454,-829
3932,448,-820
3942,445,-816
3952,441,-812
3965,439,-811
3976,439,-814
3986,441,-817
4001,441,-823
4016,445,-831
4027,441,-840
4033,442,-848
4039,442,-858
4037,435,-866
4037,430,-876
4032,423,-881
4022,417,-886
4012,411,-887
3998,403,-894
3983,399,-899
3964,390,-904
3944,389,-910
3931,391,-917
3913,392,-918
3896,393,-919
3883,392,-917
3867,389,-913
3856,387,-911
3845,386,-907
3832,393,-901
3828,394,-902
3825,397,-899
3831,402,-903
3837,398,-903
3841,399,-905
3850,402,-903
3857,406,-907
3867,406,-900
3877,406,-897
3889,401,-896
3901,397,-889
3912,398,-884
3928,400,-883
3947,402,-885
3967,406,-883
3992,406,-885
4009,406,-885
4029,407,-891
4040,403,-897
4048,406,-899
4047,405,-904
4049,403,-907
4046,395,-909
4042,388,-908
4030,390,-907
4025,391,-901
4018,393,-898
4015,395,-895
4014,400,-887
4013,399,-881
4009,402,-872
4013,403,-867
4008,404,-865
4006,408,-864
4003,403,-865
3995,399,-863
3987,396,-866
3979,395,-864
3975,399,-865
3969,401,-862
3966,401,-864
3966,401,-857
3966,403,-854
3963,404,-850
3963,407,-844
3962,409,-837
3961,408,-832
3963,410,-831
3965,405,-829
3968,406,-832
3966,409,-836
3965,413,-844
3965,413,-849
3961,413,-855
3960,411,-862
3961,408,-867
3966,411,-874
3973,413,-882
3973,419,-880
3975,422,-879
3976,428,-877
3978,433,-880
3985,429,-876
3995,432,-876
4001,431,-869
4009,434,-865
4014,437,-857
4020,440,-855
4028,441,-853
4033,445,-847
4044,445,-843
4049,440,-839
4047,438,-840
4048,436,-840
4049,431,-842
4046,428,-848
4042,426,-846
4034,424,-848
4024,428,-851
4015,433,-847
4011,439,-843
4011,443,-837
4010,445,-831
4012,445,-830
4015,440,-822
4017,443,-824
4014,446,-825
4010,446,-820
4006,448,-811
4005,448,-802
4003,448,-790
3990,451,-774
3985,453,-758
3978,455,-734
3975,460,-713
3973,465,-701
3976,466,-704
3977,466,-713
3980,461,-723
3984,454,-734
3986,445,-751
3985,433,-766
3988,426,-782
3986,423,-795
3986,420,-803
3981,415,-806
3977,411,-797
3972,410,-785
3966,408,-768
3965,414,-747
3966,416,-731
3963,419,-726
3960,417,-724
3958,420,-719
3958,422,-719
3952,421,-719
3951,422,-720
3952,427,-723
3960,434,-716
3963,444,-710
3965,449,-711
3964,450,-708
3958,448,-703
3949,445,-702
3945,448,-709
3942,449,-709
3937,446,-712
3931,444,-712
3928,443,-708
3926,442,-700
3927,436,-697
3926,439,-691
3926,440,-680
3925,439,-670
3922,440,-664
3919,441,-663
3920,434,-654
3918,425,-652
3918,425,-652
3923,426,-650
3927,426,-645
3930,432,-645
3936,438,-648
3947,445,-644
3958,449,-648
3964,446,-653
3970,443,-655
3977,441,-657
3980,446,-663
3975,455,-660
3972,462,-658
3975,456,-650
3966,451,-649
3960,443,-644
3953,443,-634
3946,448,-629
3942,449,-637
3930,446,-637
3921,442,-642
3918,439,-649
3909,433,-665
3901,431,-678
3890,428,-690
3882,427,-693
3870,431,-690
3861,432,-682
3855,430,-675
3854,427,-667
3857,419,-660
3864,420,-652
3873,423,-648
3882,429,-645
3892,427,-642
3904,425,-640
3920,424,-640
3934,420,-642
3939,417,-645
3947,413,-652
3955,410,-655
3961,412,-665
3964,417,-673
3966,425,-685
3971,430,-697
3977,434,-711
3983,439,-718
3988,436,-723
3987,431,-723
3985,429,-715
3981,429,-711
3976,432,-707
3966,437,-687
3963,439,-663
3958,441,-650
3954,442,-634
3956,441,-624
3947,444,-618
3946,452,-615
3943,457,-614
3943,460,-615
3945,452,-616
3947,443,-613
3949,435,-618
3945,432,-620
3944,440,-622
3945,443,-624
3946,444,-630
3949,445,-642
3951,443,-653
3948,436,-663
3943,433,-670
3941,429,-671
3937,426,-674
3937,421,-672
3933,415,-671
3929,410,-672
3921,409,-678
3919,402,-680
3923,398,-684
3918,399,-687
3918,396,-686
3921,394,-694
3920,392,-699
3915,397,-703
3912,393,-707
3910,385,-709
3907,380,-706
3908,376,-698
3909,371,-691
3914,374,-685
3923,374,-675
3931,374,-662
3944,381,-650
3955,379,-642
3967,374,-635
3979,365,-632
3991,361,-638
3993,356,-628
3994,356,-629
4010,358,-646
3995,358,-626
3990,350,-622
4000,349,-620
4015,348,-623
4023,347,-630
4022,342,-641
4018,339,-656
4010,332,-678
4002,331,-703
3991,333,-723
3971,323,-735
3950,317,-747
3929,314,-747
3913,314,-738
3898,313,-725
3887,316,-710
3879,324,-691
3878,330,-684
3888,334,-685
3899,341,-686
3910,344,-696
3920,348,-706
3926,346,-720
3924,342,-735
3925,335,-757
3922,338,-775
3920,340,-783
3922,339,-790
3924,341,-785
3929,346,-777
3936,352,-766
3941,361,-746
3950,367,-733
3959,371,-731
3970,373,-734
3972,373,-736
3976,375,-745
3983,380,-747
3994,387,-743
4004,389,-735
4012,388,-723
4026,392,-713
4033,395,-704
4037,402,-693
4045,413,-688
4043,417,-697
4034,418,-702
4022,411,-707
4011,407,-709
4002,406,-710
3988,407,-708
3976,404,-707
3971,401,-701
3963,404,-697
3962,409,-690
3960,413,-685
3964,418,-684
3965,417,-686
3965,407,-692
3963,403,-696
3957,400,-695
3948,398,-702
3944,400,-705
3947,401,-710
3948,398,-716
3952,404,-716
3958,409,-726
3964,412,-725
3966,411,-730
3967,417,-743
3972,417,-750
3972,418,-759
3973,414,-766
3969,411,-774
3971,412,-784
3967,409,-786
3961,409,-782
3960,411,-776
3962,412,-771
3968,412,-771
3974,419,-770
3977,426,-770
3983,436,-772
3991,440,-776
3996,443,-779
4002,446,-776
3995,444,-770
3984,438,-761
3970,437,-747
3959,437,-733
3954,439,-724
3960,444,-716
3967,452,-713
3967,456,-708
3970,460,-702
3975,464,-704
3976,464,-703
3977,464,-699
3978,459,-702
3977,454,-704
3979,452,-700
3980,452,-701
3977,457,-694
3980,459,-692
3985,459,-692
3985,463,-694
3985,464,-702
3983,466,-708
3984,469,-717
3986,472,-727
3990,468,-738
3989,461,-745
3991,445,-750
3984,435,-751
3977,431,-751
3970,431,-749
3967,435,-753
3968,437,-760
3967,437,-771
3974,436,-778
3978,436,-786
3982,429,-793
3982,426,-798
3982,420,-801
3979,414,-799
3969,405,-799
3961,398,-799
3958,397,-796
3959,399,-789
3961,399,-790
3967,397,-791
3971,394,-783
3971,390,-782
3975,388,-780
3974,389,-780
3972,390,-783
3974,388,-783
3980,386,-788
3983,378,-788
3981,375,-784
3980,377,-785
3975,377,-781
3971,379,-781
3968,384,-783
3962,389,-786
3961,390,-786
3963,394,-793
3962,392,-799
3960,390,-803
3962,386,-800
3962,389,-796
3963,395,-793
3961,400,-791
3960,403,-792
3967,406,-798
3971,407,-800
3980,411,-804
3984,409,-806
3988,413,-802
3993,411,-802
3999,411,-801
4003,419,-798
4002,427,-800
4004,434,-804
4008,436,-802
4011,437,-802
4018,438,-801
4022,435,-810
4023,424,-815
4020,419,-827
4011,425,-840
3999,430,-850
3990,436,-856
3987,435,-857
3993,427,-852
3992,421,-840
3987,418,-831
3981,419,-819
3974,426,-806
3967,441,-801
3969,446,-808
3970,452,-813
3971,449,-822
3971,440,-830
3970,430,-840
3963,418,-851
3960,413,-864
3953,408,-875
3945,402,-883
3941,402,-889
3940,397,-887
3932,390,-885
3926,385,-880
3916,386,-874
3909,385,-868
3902,387,-865
3894,386,-858
3894,388,-856
3896,385,-857
3905,384,-854
3921,390,-845
3934,393,-839
3942,395,-832
3951,400,-826
3961,408,-822
3967,416,-821
3971,418,-827
3975,422,-833
3971,416,-839
3968,412,-845
3963,409,-847
3953,399,-851
3949,394,-849
3943,387,-850
3942,389,-846
3939,391,-849
3945,396,-847
3951,398,-847
3958,398,-843
3965,395,-840
3971,394,-839
3971,396,-843
3966,397,-842
3964,400,-842
3962,406,-841
3965,407,-840
3967,404,-839
3970,405,-838
3973,406,-832
3975,409,-828
3976,415,-826
3980,416,-826
3983,416,-823
3984,419,-833
3984,422,-841
3986,420,-841
3996,417,-841
3996,413,-836
3997,415,-829
3996,416,-828
3998,420,-824
3997,422,-824
4000,419,-816
4001,413,-820
4001,406,-824
3995,403,-830
3985,404,-833
3974,406,-836
3972,414,-836
3971,420,-834
3977,416,-833
3979,414,-830
3975,410,-822
3974,404,-818
3971,398,-817
3966,397,-820
3957,400,-827
3951,404,-832
3946,406,-837
3945,399,-842
3947,397,-837
3948,396,-832
3951,395,-824
3951,394,-821
3951,399,-817
3953,407,-816
3956,407,-813
3951,411,-819
3950,411,-824
3952,406,-825
3947,404,-830
3941,404,-832
3939,411,-833
3936,415,-831
3941,417,-828
3944,412,-826
3946,410,-821
3949,408,-814
3951,409,-807
3954,415,-797
3959,419,-791
3963,420,-777
3968,425,-767
3971,427,-756
3973,426,-743
3979,426,-730
3980,430,-708
3985,435,-690
3994,439,-671
4001,449,-658
4009,455,-640
4020,461,-627
4032,463,-613
4047,465,-603
4049,463,-597
4052,464,-589
4051,465,-582
4051,470,-578
4052,468,-567
4054,464,-563
4051,455,-554
4046,450,-548
4044,443,-542
4042,444,-539
4040,447,-538
4040,446,-539
4033,449,-542
4032,447,-538
4026,442,-536
4016,435,-540
4002,433,-542
3984,425,-544
3972,424,-543
3960,420,-542
3952,419,-544
3947,419,-540
3946,422,-541
3947,426,-539
3951,426,-537
3949,427,-535
3951,431,-536
3952,432,-533
3952,433,-527
3951,434,-520
3952,432,-518
3955,427,-505
3955,422,-502
3964,420,-497
3965,425,-496
3969,430,-495
3975,439,-489
3981,449,-487
3984,452,-486
3995,446,-484
3999,439,-484
4002,429,-493
4004,424,-497
3999,424,-497
3994,427,-496
3997,426,-495
3994,427,-497
3996,426,-490
3992,418,-482
3985,419,-467
3977,424,-447
3972,431,-430
3975,435,-413
3978,439,-406
3982,434,-401
3987,432,-403
3987,429,-407
3982,426,-420
3976,426,-431
3973,423,-441
3971,419,-453
3960,419,-462
3954,413,-466
3941,407,-455
3929,401,-447
3920,391,-432
3912,385,-427
3907,383,-416
3901,384,-408
3902,387,-406
3900,398,-408
3906,405,-415
3911,408,-421
3915,409,-424
3921,412,-426
3931,409,-426
3937,410,-424
3938,411,-420
3943,412,-423
3947,409,-424
3947,403,-429
3946,403,-433
3947,399,-438
3946,402,-440
3945,409,-439
3951,416,-438
3955,417,-431
3960,416,-426
3963,415,-417
3963,407,-406
3965,401,-396
3968,403,-385
3970,406,-381
3973,411,-377
3971,418,-375
3974,424,-377
3976,423,-381
3979,421,-386
3974,417,-393
3973,416,-392
3969,420,-395
3964,425,-401
3956,428,-403
3952,428,-408
3947,432,-408
3945,430,-405
3943,432,-406
3936,432,-404
3934,437,-400
3934,442,-398
3938,447,-393
3938,447,-388
3944,441,-388
3950,434,-384
3949,429,-382
3953,429,-389
3949,431,-396
3949,440,-412
3949,446,-421
3948,447,-433
3950,442,-442
3949,444,-451
3941,442,-459
3931,445,-467
3923,444,-471
3915,439,-469
3912,438,-470
3910,443,-471
3908,443,-470
3904,440,-464
3908,441,-454
3921,442,-444
3926,441,-434
3941,440,-425
3947,441,-421
3952,438,-417
3959,441,-421
3967,443,-424
3967,449,-430
3964,450,-432
3970,450,-437
3965,451,-444
3962,454,-439
3959,459,-436
3958,460,-438
3960,459,-430
3959,460,-429
3968,461,-427
3972,458,-427
3979,458,-430
3978,461,-437
3978,464,-445
3982,464,-454
3980,460,-464
3976,455,-473
3975,451,-475
3973,452,-476
3970,447,-476
3972,448,-475
3976,452,-473
3978,457,-476
3982,462,-467
3989,467,-467
3994,466,-471
3999,464,-479
4000,457,-484
3993,453,-496
3989,450,-501
3981,453,-500
3973,450,-508
3970,453,-509
3973,454,-506
3975,451,-505
3981,449,-504
3984,446,-504
3986,443,-511
3985,440,-515
3983,443,-523
3979,440,-531
3978,433,-534
3969,433,-536
3963,430,-540
3955,426,-540
3951,427,-533
3950,427,-528
3951,433,-521
3951,431,-515
3959,436,-514
3960,438,-512
3972,438,-513
3973,436,-509
3974,434,-507
3976,431,-500
3981,428,-492
3982,428,-485
3982,432,-473
3987,434,-459
3989,436,-440
3998,437,-422
4005,436,-400
4015,443,-374
4027,446,-349
4038,447,-328
4052,452,-308
4066,457,-294
4083,463,-276
4094,465,-260
4104,470,-239
4113,473,-224
4124,476,-217
4118,488,-206
4110,481,-187
4107,477,-173
4103,482,-154
4102,481,-145
4103,480,-135
4100,476,-123
4093,471,-118
4090,472,-116
4091,470,-114
4087,467,-110
4081,466,-101
4073,463,-86
4063,462,-66
4049,462,-47
4055,472,-43
4028,471,-23
4018,467,-20
4015,476,-27
4011,482,-41
4008,482,-59
3996,474,-78
3983,462,-102
3969,454,-124
3953,439,-140
3935,427,-150
3918,423,-153
3910,427,-149
3903,434,-142
3894,437,-134
3897,441,-126
3897,442,-119
3899,443,-116
3905,440,-117
3909,440,-125
3914,435,-133
3920,435,-146
3930,436,-160
3936,438,-174
3949,440,-186
3960,441,-201
3967,447,-212
3971,439,-227
3968,435,-238
3963,430,-249
3959,426,-262
3960,416,-275
3954,412,-288
3953,401,-298
3948,395,-312
3947,387,-319
3945,378,-324
3937,378,-326
3922,379,-329
3916,375,-329
3907,371,-329
3903,367,-323
3900,362,-321
3897,361,-322
3897,358,-319
3894,356,-319
3891,358,-323
3891,363,-324
3894,367,-325
3892,371,-329
3886,371,-335
3879,375,-340
3871,371,-341
3865,373,-342
3863,374,-340
3860,384,-333
3867,394,-325
3877,402,-320
3882,405,-315
3890,409,-307
3897,413,-295
3903,411,-290
3905,412,-282
3913,413,-278
3917,411,-276
3921,413,-283
3922,417,-288
3935,419,-292
3947,421,-295
3955,425,-296
3958,427,-291
3958,427,-278
3955,433,-266
3956,437,-261
3957,439,-259
3964,439,-260
3969,442,-260
3972,441,-263
3975,440,-263
3975,440,-259
3982,441,-253
3985,442,-246
3993,445,-234
4001,449,-227
4008,453,-218
4015,457,-208
4015,466,-205
4014,470,-201
4013,474,-195
4014,481,-189
4013,485,-180
4015,486,-180
4010,491,-184
4011,492,-187
4010,490,-191
4010,483,-192
4007,481,-193
4008,480,-190
4005,484,-181
4011,481,-177
4015,481,-183
4018,480,-183
4017,477,-185
4013,481,-186
4010,479,-191
4000,477,-191
3992,479,-197
3989,482,-204
3986,484,-212
3985,486,-224
3982,479,-234
3976,474,-240
3968,465,-248
3962,462,-252
3956,460,-254
3953,461,-260
3950,462,-264
3945,461,-270
3942,456,-276
3942,454,-277
3941,453,-284
3943,455,-284
3940,453,-282
3940,451,-281
3936,454,-288
3937,457,-290
3939,452,-293
3941,448,-299
3939,443,-300
3935,437,-308
3931,438,-307
3928,439,-312
3926,440,-315
3927,439,-319
3928,439,-320
3928,440,-326
3934,436,-335
3935,429,-338
3931,429,-340
3933,434,-338
3936,438,-338
3936,441,-334
3941,444,-328
3948,442,-328
3950,439,-327
3952,440,-329
3954,442,-326
3953,443,-329
3950,447,-326
3953,452,-321
3957,458,-321
3958,459,-321
3962,458,-315
3965,452,-313
3968,448,-315
3975,451,-312
3977,449,-313
3975,454,-317
3972,461,-325
3973,461,-331
3974,458,-332
3972,454,-318
3971,460,-303
3970,467,-281
3968,476,-260
3966,486,-240
3965,492,-229
3963,490,-222
3961,493,-224
3966,493,-223
3980,496,-218
3991,492,-211
4001,489,-214
4005,487,-221
4003,488,-240
3999,485,-256
3993,477,-264
3989,474,-272
3984,472,-269
3979,469,-256
3975,473,-236
3971,475,-221
3974,472,-212
3977,470,-212
3974,468,-219
3966,465,-229
3962,462,-243
3956,456,-253
3956,455,-263
3954,454,-266
3955,456,-267
3957,458,-262
3959,459,-257
3962,458,-253
3964,456,-250
3964,455,-252
3967,458,-252
3971,461,-260
3971,459,-266
3971,456,-274
3968,447,-276
3964,436,-281
3962,433,-287
3959,425,-290
3956,420,-291
3955,418,-290
3958,414,-283
3960,415,-284
3959,410,-281
3960,406,-278
3958,405,-279
3957,405,-276
3960,402,-272
3966,404,-271
3971,403,-271
3974,406,-268
3979,409,-269
3984,410,-266
3988,408,-265
3985,409,-266
3983,407,-268
3983,405,-268
3981,409,-271
3983,411,-277
3982,411,-279
3979,412,-277
3978,414,-279
3975,412,-278
3971,410,-276
3971,407,-278
3968,405,-284
3961,403,-293
3958,401,-298
3959,402,-300
3968,403,-301
3971,404,-299
3975,405,-300
3972,408,-290
3968,411,-285
3964,414,-280
3964,412,-280
3967,414,-283
3968,413,-285
3965,410,-282
3963,410,-280
3967,412,-278
3970,412,-272
3980,411,-268
3989,413,-265
3993,414,-266
4000,420,-265
4003,421,-266
4007,428,-265
4010,435,-271
4013,437,-267
4015,442,-261
4024,447,-261
4029,445,-260
4036,446,-260
4037,444,-260
4036,446,-267
4029,442,-267
4025,442,-268
4025,442,-272
4020,443,-270
4016,442,-272
4011,443,-275
4007,439,-277
4002,441,-279
4000,443,-279
3993,441,-280
3985,443,-284
3979,444,-278
3983,445,-280
3976,446,-278
3973,442,-274
3975,443,-274
3970,447,-271
3967,444,-269
3966,441,-270
3962,442,-267
3958,441,-267
3959,440,-269
3962,442,-273
3960,439,-277
3960,434,-276
3959,437,-276
3959,438,-275
3959,434,-275
3961,436,-274
3961,434,-277
3964,433,-276
3963,432,-275
3963,427,-275
3963,431,-279
3962,432,-280
3958,437,-282
3958,441,-279
3959,441,-281
3955,445,-286
3950,446,-287
3951,448,-288
3952,446,-289
3955,452,-289
3954,452,-292
3951,452,-292
3954,453,-291
3958,452,-290
3960,451,-290
3964,448,-288
3962,448,-289
3965,443,-290
3969,446,-287
3971,448,-284
3971,452,-279
3972,453,-274
3975,457,-271
3982,459,-270
3987,460,-266
3986,463,-266
3994,466,-266
4000,465,-275
4003,462,-286
4003,461,-297
4000,460,-308
3998,457,-309
3993,453,-312
3988,455,-305
3980,454,-297
3978,456,-290
3964,463,-283
3954,465,-269
3951,470,-255
3954,473,-248
3963,477,-243
3969,480,-239
3975,478,-239
3980,473,-244
3988,470,-255
3990,462,-271
3993,455,-292
3996,444,-308
3991,435,-316
3984,430,-314
3982,430,-302
3971,428,-295
3965,426,-284
3961,430,-277
3957,428,-278
3949,428,-280
3950,427,-282
3954,426,-287
3958,430,-281
3962,433,-282
3966,432,-283
3974,435,-278
3978,435,-272
3980,439,-269
3980,443,-271
3984,443,-268
3985,443,-272
3987,443,-277
3988,441,-283
3985,437,-287
3983,436,-289
3981,433,-295
3977,430,-297
3970,427,-299
3965,425,-298
3965,425,-295
3965,422,-289
3966,422,-282
3966,419,-278
3968,417,-276
3974,416,-271
3970,415,-267
3966,414,-266
3968,414,-266
3967,417,-264
3970,421,-266
3969,422,-261
3969,422,-264
3979,423,-269
3979,422,-272
3980,420,-273
3980,424,-274
3983,429,-281
3985,430,-281
3985,430,-281
3982,428,-282
3983,423,-284
3983,421,-287
3982,421,-282
3984,425,-278
3983,431,-275
3980,435,-271
3980,436,-265
3980,431,-267
3982,423,-273
3985,420,-281
3979,416,-285
3973,420,-293
3966,422,-298
3964,429,-302
3965,435,-300
3967,438,-296
3964,436,-289
3964,435,-284
3964,432,-282
3965,430,-279
3970,432,-275
3971,434,-268
3968,439,-274
3972,439,-271
3974,437,-272
3976,432,-272
3976,434,-276
3976,437,-278
3974,439,-272
3972,443,-269
3973,447,-270
3975,448,-274
3976,449,-275
3973,452,-279
3974,452,-281
3975,451,-279
3971,450,-282
3974,452,-283
3973,455,-281
3972,456,-277
3973,452,-286
3974,449,-285
3971,448,-284
3972,446,-282
3967,442,-284
3970,439,-288
3970,445,-284
3967,447,-286
3970,450,-290
3970,447,-293
3975,446,-293
3976,442,-297
3973,440,-297
3975,443,-297
3980,449,-295
3979,452,-291
3977,453,-293
3979,453,-288
3983,449,-290
3986,447,-290
3984,447,-290
3981,444,-285
3975,441,-293
3976,439,-291
3974,441,-290
3970,439,-287
3970,442,-289
3968,440,-291
3971,438,-291
3964,435,-295
3960,441,-296
3960,446,-291
3962,445,-289
3962,442,-285
3961,443,-282
3965,443,-277
3972,440,-275
3974,447,-275
3975,450,-272
3974,450,-274
3973,452,-275
3976,446,-272
3977,446,-273
3976,449,-275
3975,451,-276
3969,449,-282
3970,447,-283
3970,449,-291
3974,451,-290
3974,449,-292
3975,447,-294
3980,446,-289
3977,447,-289
3978,443,-287
3980,447,-282
3980,445,-278
3979,447,-271
3982,442,-269
3981,443,-269
3979,440,-265
3978,434,-263
3979,430,-262
3975,439,-264
3972,443,-268
3972,442,-268
3973,443,-272
3976,442,-280
3982,437,-292
3984,434,-297
3979,431,-307
3972,425,-318
3969,426,-324
3961,427,-327
3953,427,-323
3948,424,-319
3950,422,-312
3949,426,-298
3946,430,-280
3942,434,-259
3946,445,-244
3955,452,-237
3969,452,-236
3985,453,-242
3993,449,-250
3999,440,-266
4003,438,-282
4002,434,-300
3998,429,-314
3995,423,-320
3990,415,-320
3980,411,-317
3976,414,-306
3973,414,-297
3971,411,-284
3966,414,-281
3960,415,-281
3956,422,-280
3953,425,-284
3952,427,-287
3956,428,-285
3960,433,-286
