-917,1348,2908
-886,1370,2960
-905,1335,3075
-875,1303,3101
-876,1289,3047
-828,1257,3201
-813,1240,3200
-783,1233,3367
-739,1179,3405
-713,1170,3523
-723,1161,3703
-713,1155,3908
-642,1080,4047
-670,973,4308
-627,952,4502
-665,878,4723
-669,766,4960
-697,676,5191
-729,573,5463
-804,446,5630
-829,304,5873
-925,177,6017
-993,56,6164
-1080,-109,6248
-1194,-234,6215
-1207,-400,6105
-1280,-500,6144
-1341,-591,6037
-1394,-651,5830
-1402,-728,5680
-1434,-726,5497
-1441,-729,5115
-1457,-731,4964
-1487,-659,4699
-1479,-651,4533
-1517,-600,4438
-1507,-550,4314
-1571,-484,4240
-1551,-450,4233
-1536,-456,4126
-1573,-440,4169
-1587,-418,4051
-1598,-360,4046
-1589,-372,4068
-1582,-387,4054
-1606,-332,4018
-1602,-349,3917
-1607,-327,3978
-1598,-325,3954
-1635,-341,4014
-1613,-327,3994
-1566,-356,4045
-1582,-358,3991
-1568,-340,4187
-1548,-416,4227
-1571,-387,4314
-1544,-432,4383
-1550,-405,4442
-1539,-414,4432
-1522,-434,4456
-1489,-423,4404
-1488,-409,4298
-1537,-420,4341
-1553,-391,4345
-1548,-394,4351
-1551,-425,4322
-1542,-360,4228
-1571,-337,4237
-1574,-348,4188
-1561,-318,4189
-1539,-290,4142
-1605,-293,4047
-1565,-345,4134
-1607,-334,4095
-1598,-377,3939
-1607,-348,4045
-1577,-302,4055
-1579,-271,4047
-1581,-318,3992
-1576,-321,3972
-1564,-370,4109
-1600,-305,4098
-1599,-348,4054
-1593,-339,3990
-1544,-313,3986
-1601,-315,4007
-1581,-303,3976
-1564,-315,3998
-1584,-326,3947
-1573,-312,3957
-1560,-340,3884
-1577,-311,3893
-1567,-314,3933
-1551,-330,3886
-1571,-293,3913
-1601,-303,3940
-1610,-349,3921
-1598,-343,3884
-1566,-313,3902
-1584,-294,3869
-1568,-306,3902
-1566,-332,3907
-1575,-306,3997
-1600,-300,3935
-1607,-295,4006
-1601,-303,3939
-1590,-286,3972
-1601,-311,3935
-1586,-312,3874
-1580,-263,3871
-1610,-288,3911
-1587,-269,3853
-1569,-289,3891
-1598,-298,3948
-1606,-316,3900
-1587,-314,3960
-1590,-277,3868
-1589,-263,3983
-1586,-311,3996
-1552,-300,3943
-1581,-260,3946
-1580,-281,3967
-1602,-275,3940
-1581,-279,3941
-1574,-318,3884
-1603,-323,3852
-1617,-322,3932
-1598,-284,3913
-1610,-269,3945
-1551,-277,3874
-1586,-277,3925
-1587,-292,3909
-1582,-298,3933
-1628,-271,3873
-1585,-306,3755
-1612,-277,3882
-1612,-253,3920
-1605,-263,3824
-1628,-253,3831
-1601,-221,3934
-1640,-257,3860
-1619,-213,3880
-1612,-249,3828
-1627,-251,3770
-1639,-242,3863
-1595,-260,3932
-1635,-236,3831
-1655,-226,3799
-1632,-229,3802
-1633,-241,3847
-1604,-226,3774
-1603,-239,3799
-1625,-197,3783
-1609,-184,3812
-1625,-240,3788
-1598,-262,3916
-1611,-230,3793
-1595,-217,3749
-1612,-248,3796
-1619,-211,3841
-1638,-224,3739
-1597,-226,3835
-1615,-242,3792
-1624,-213,3775
-1648,-272,3759
-1655,-249,3841
-1633,-226,3811
-1603,-226,3784
-1558,-220,3772
-1599,-237,3816
-1588,-212,3759
-1616,-235,3797
-1614,-247,3833
-1646,-239,3794
-1637,-233,3863
-1591,-249,3836
-1596,-233,3799
-1618,-204,3797
-1607,-193,3826
-1588,-250,3770
-1603,-222,3814
-1580,-255,3918
-1608,-224,3928
-1612,-234,3758
-1603,-238,3813
-1606,-239,3782
-1565,-229,3776
-1590,-217,3803
-1585,-211,3797
-1596,-223,3839
-1596,-221,3828
-1606,-194,3790
-1576,-234,3781
-1585,-199,3799
-1597,-228,3821
-1581,-211,3830
-1567,-262,3784
-1606,-212,3946
-1607,-196,3833
-1579,-230,3869
-1610,-203,3784
-1574,-217,3773
-1604,-219,3779
-1599,-242,3838
-1552,-218,3824
-1600,-224,3793
-1597,-216,3867
-1562,-222,3703
-1574,-238,3795
-1578,-250,3815
-1615,-243,3906
-1598,-232,3827
-1589,-226,3894
-1631,-203,3805
-1588,-241,3840
-1545,-212,3831
-1571,-224,3712
-1583,-243,3831
-1585,-225,3778
-1590,-222,3809
-1583,-212,3807
-1589,-230,3769
-1603,-254,3824
-1637,-227,3760
-1625,-224,3754
-1599,-227,3687
-1608,-185,3825
-1606,-239,3799
-1610,-229,3844
-1613,-233,3814
-1636,-238,3801
-1596,-219,3825
-1628,-214,3826
-1608,-213,3773
-1592,-181,3664
-1575,-230,3849
-1600,-196,3904
-1607,-185,3804
-1592,-210,3836
-1628,-185,3812
-1627,-199,3807
-1621,-194,3773
-1639,-237,3782
-1622,-212,3706
-1611,-245,3815
-1610,-205,3861
-1597,-194,3806
-1594,-217,3782
-1583,-228,3799
-1596,-222,3789
-1594,-262,3756
-1619,-209,3811
-1601,-228,3760
-1628,-231,3803
-1631,-212,3818
-1629,-216,3802
-1659,-205,3804
-1597,-207,3796
-1621,-218,3791
-1585,-225,3823
-1603,-224,3773
-1623,-215,3767
-1600,-182,3834
-1622,-213,3762
-1640,-210,3851
-1648,-209,3881
-1624,-207,3827
-1641,-206,3873
-1608,-181,3800
-1614,-175,3776
-1566,-218,3692
-1599,-175,3691
-1626,-205,3754
-1613,-182,3775
-1637,-209,3735
-1632,-172,3878
-1633,-197,3712
-1659,-194,3749
-1612,-176,3869
-1600,-190,3809
-1612,-205,3873
-1609,-199,3822
-1601,-211,3787
-1631,-180,3853
-1648,-186,3832
-1617,-222,3822
-1615,-175,3771
-1628,-205,3853
-1626,-229,3842
-1637,-197,3829
-1610,-194,3840
-1638,-182,3752
-1628,-194,3805
-1624,-198,3833
-1617,-177,3841
-1632,-179,3836
-1625,-189,3769
-1633,-199,3796
-1647,-208,3855
-1632,-178,3844
-1666,-154,3831
-1637,-165,3844
-1623,-184,3859
-1646,-176,3865
-1652,-163,3784
-1652,-160,3814
-1597,-183,3802
-1626,-180,3781
-1658,-191,3860
-1653,-188,3819
-1634,-180,3816
-1612,-212,3773
-1629,-186,3844
-1630,-176,3779
-1629,-216,3802
-1615,-185,3811
-1601,-217,3814
-1649,-215,3815
-1630,-211,3839
-1625,-184,3915
-1636,-211,3808
-1602,-212,3842
-1620,-191,3805
-1612,-195,3813
-1604,-176,3835
-1590,-230,3735
-1590,-170,3811
-1621,-199,3846
-1593,-191,3866
-1575,-187,3827
-1555,-180,3783
-1613,-185,3792
-1594,-206,3834
-1615,-194,3815
-1654,-216,3674
-1653,-219,3823
-1632,-199,3813
-1645,-200,3814
-1635,-178,3818
-1633,-217,3837
-1638,-227,3865
-1630,-227,3897
-1659,-202,3779
-1636,-248,3738
-1619,-202,3862
-1636,-210,3797
-1642,-193,3805
-1633,-215,3872
-1618,-222,3814
-1655,-225,3793
-1655,-214,3821
-1642,-192,3836
-1643,-208,3709
-1645,-221,3853
-1626,-197,3817
-1654,-188,3799
-1648,-211,3850
-1618,-187,3887
-1624,-197,3939
-1646,-162,3851
-1643,-156,3843
-1646,-178,3764
-1629,-184,3874
-1618,-156,3835
-1624,-188,3839
-1610,-180,3832
-1620,-164,3863
-1654,-192,3877
-1667,-186,3893
-1634,-202,3863
-1641,-186,3782
-1638,-165,3822
-1634,-187,3788
-1633,-182,3835
-1618,-167,3803
-1621,-182,3778
-1616,-206,3862
-1632,-185,3826
-1644,-185,3773
-1641,-188,3831
-1621,-211,3812
-1645,-177,3812
-1621,-170,3857
-1623,-202,3796
-1642,-151,3768
-1639,-171,3856
-1625,-164,3900
-1641,-170,3841
-1649,-207,3835
-1620,-206,3884
-1609,-194,3891
-1602,-206,3895
-1641,-171,3892
-1615,-205,3907
-1649,-222,3820
-1638,-216,3740
-1596,-201,3796
-1615,-213,3852
-1624,-214,3802
-1633,-203,3832
-1642,-206,3811
-1652,-196,3848
-1616,-178,3870
-1606,-191,3787
-1628,-168,3876
-1589,-216,3887
-1641,-221,3920
-1632,-242,3879
-1632,-239,3838
-1635,-217,3798
-1611,-189,3824
-1656,-186,3872
-1631,-216,3760
-1648,-193,3777
-1611,-213,3843
-1587,-218,3779
-1572,-192,3860
-1618,-235,3829
-1619,-223,3858
-1629,-221,3831
-1643,-176,3852
-1632,-229,3824
-1594,-207,3847
-1619,-181,3870
-1623,-219,3816
-1618,-235,3792
-1635,-203,3876
-1593,-190,3832
-1621,-185,3778
-1611,-161,3812
-1594,-209,3848
-1613,-239,3824
-1610,-205,3892
-1626,-226,3858
-1635,-243,3683
-1617,-224,3851
-1617,-223,3832
-1633,-195,3779
-1617,-213,3766
-1645,-223,3871
-1616,-182,3836
-1657,-197,3840
-1654,-239,3873
-1630,-192,3862
-1628,-222,3836
-1648,-204,3789
-1610,-218,3839
-1619,-191,3791
-1598,-226,3849
-1610,-198,3883
-1619,-222,3742
-1618,-189,3856
-1614,-244,3742
-1639,-201,3859
-1620,-190,3873
-1615,-234,3860
-1581,-199,3812
-1618,-218,3818
-1664,-193,3813
-1614,-186,3809
-1605,-217,3873
-1615,-199,3773
-1589,-215,3822
-1629,-227,3804
-1641,-207,3886
-1640,-200,3871
-1642,-200,3821
-1629,-218,3859
-1632,-212,3860
-1664,-226,3837
-1605,-177,3864
-1649,-204,3820
-1643,-177,3872
-1655,-200,3823
-1646,-210,3845
-1633,-215,3821
-1627,-195,3900
-1657,-175,3893
-1616,-210,3896
-1652,-207,3843
-1649,-228,3780
-1674,-202,3788
-1621,-198,3893
-1631,-184,3859
-1614,-158,3872
-1626,-186,3908
-1625,-194,3853
-1630,-202,3825
-1636,-202,3840
-1627,-224,3833
-1666,-218,3869
-1615,-199,3894
-1655,-201,3884
-1643,-211,3923
-1692,-189,3931
-1623,-187,3849
-1619,-175,3861
-1621,-205,3879
-1634,-191,3883
-1633,-219,3906
-1646,-217,3798
-1629,-199,3828
-1622,-176,3846
-1634,-189,3808
-1633,-196,3884
-1658,-189,3887
-1642,-209,3886
-1611,-199,3848
-1629,-230,3841
-1608,-209,3834
-1604,-205,3851
-1601,-184,3897
-1600,-234,3862
-1603,-226,3823
-1583,-219,3843
-1619,-251,3841
-1603,-222,3857
-1611,-222,3889
-1611,-226,3876
-1597,-197,3872
-1616,-193,3860
-1608,-190,3879
-1593,-201,3858
-1597,-240,3869
-1637,-215,3782
-1601,-216,3724
-1581,-227,3802
-1637,-210,3913
-1646,-223,3827
-1641,-200,3852
-1605,-200,3873
-1625,-156,3796
-1627,-182,3873
-1605,-208,3957
-1613,-194,3707
-1619,-193,3912
-1609,-179,3921
-1571,-209,3908
-1616,-224,3855
-1610,-220,3860
-1597,-210,3871
-1597,-215,3874
-1636,-173,3888
-1640,-230,3878
-1604,-200,3896
-1645,-163,3865
-1616,-196,3862
-1637,-201,3888
-1644,-223,3914
-1606,-194,3874
-1623,-193,3941
-1622,-221,3865
-1637,-228,3729
-1659,-216,3873
-1646,-197,3836
-1634,-195,3814
-1628,-185,3884
-1654,-199,3867
-1672,-228,3946
-1644,-220,3891
-1636,-209,3895
-1612,-235,3746
-1648,-193,3861
-1663,-192,3948
-1633,-244,3883
-1644,-206,3855
-1645,-216,3884
-1651,-196,3891
-1643,-192,3928
-1622,-234,3855
-1623,-243,3767
-1641,-263,3972
-1624,-206,3948
-1621,-225,3961
-1642,-235,3938
-1646,-213,3879
-1630,-222,4002
-1645,-234,3841
-1597,-230,3921
-1612,-225,3810
-1626,-229,3937
-1647,-206,3866
-1624,-255,3921
-1601,-243,3955
-1610,-232,3918
-1664,-232,3907
-1623,-243,3894
-1622,-211,3855
-1597,-224,3900
-1621,-251,3911
-1605,-258,3859
-1639,-251,3821
-1613,-234,3911
-1653,-244,3883
-1639,-211,3866
-1587,-230,3846
-1596,-235,3894
-1595,-230,3895
-1620,-234,3884
-1617,-219,3885
-1595,-239,3956
-1615,-213,3951
-1632,-195,3981
-1605,-228,3942
-1595,-243,3909
-1580,-201,3937
-1602,-262,3947
-1597,-237,3863
-1606,-225,3938
-1634,-231,3889
-1600,-207,3830
-1628,-271,3880
-1601,-249,3889
-1592,-256,3966
-1628,-253,3864
-1606,-232,3887
-1606,-244,3858
-1611,-217,3940
-1587,-202,3926
-1586,-223,3926
-1586,-228,3892
-1586,-214,3963
-1591,-230,3887
-1601,-236,3949
-1590,-205,3928
-1602,-245,3870
-1597,-214,3859
-1600,-224,3910
-1580,-225,3897
-1585,-213,3891
-1579,-221,3921
-1570,-239,3874
-1589,-260,3883
-1570,-247,3917
-1543,-257,3793
-1594,-257,3810
-1575,-263,3875
-1541,-276,3918
-1595,-266,3871
-1632,-252,3932
-1605,-282,3971
-1585,-240,3908
-1578,-211,3896
-1608,-236,3772
-1623,-277,3985
-1592,-248,3965
-1592,-245,3972
-1579,-243,3891
-1595,-240,3946
-1567,-247,3916
-1592,-232,3941
-1559,-222,3856
-1577,-231,3778
-1580,-223,3931
-1574,-240,3921
-1560,-216,3891
-1588,-230,3873
-1565,-242,3910
-1577,-251,3841
-1611,-268,3930
-1593,-248,3918
-1584,-263,3754
-1577,-227,3884
-1570,-230,3924
-1605,-291,3933
-1599,-227,3948
-1567,-252,3975
-1573,-214,3915
-1565,-238,3897
-1591,-222,3910
-1577,-221,3852
-1570,-229,3953
-1552,-248,3868
-1576,-235,3896
-1573,-232,3988
-1550,-245,3908
-1571,-275,3981
-1567,-214,3935
-1583,-234,3978
-1573,-214,3830
-1601,-236,4024
-1549,-260,3912
-1566,-241,3887
-1594,-236,3920
-1597,-206,3920
-1569,-221,3867
-1546,-229,3950
-1571,-258,3941
-1553,-261,3885
-1583,-261,3882
-1541,-266,3895
-1560,-258,3946
-1600,-237,3817
-1574,-223,3851
-1547,-242,3868
-1595,-254,3960
-1597,-225,3909
-1563,-224,3924
-1575,-263,3927
-1538,-263,3874
-1531,-233,3840
-1570,-253,3919
-1572,-261,3845
-1589,-262,3902
-1572,-274,3882
-1601,-279,3896
-1611,-230,3934
-1627,-224,3834
-1596,-278,3941
-1614,-276,3937
-1605,-222,3935
-1606,-253,3910
-1565,-269,3917
-1551,-242,3944
-1548,-234,3983
-1578,-211,3885
-1574,-209,3908
-1617,-244,3926
-1560,-260,3915
-1611,-222,3911
-1569,-232,3947
-1570,-270,3917
-1619,-235,3929
-1590,-233,3920
-1607,-244,3943
-1609,-232,3909
-1619,-247,3943
-1602,-222,4008
-1637,-214,3992
-1589,-212,3895
-1562,-225,3921
-1611,-237,3867
-1601,-213,3905
-1562,-236,3859
-1604,-237,3707
-1596,-236,3909
-1603,-222,3953
-1610,-235,3925
-1604,-216,3914
-1617,-213,3877
-1649,-260,3908
-1601,-219,3916
-1604,-217,3897
-1617,-233,3690
-1583,-215,3917
-1597,-208,3906
-1604,-232,3850
-1603,-270,3866
-1612,-246,3884
-1607,-261,3920
-1579,-278,3825
-1580,-276,3884
-1598,-248,3829
-1601,-249,3870
-1594,-249,3879
-1587,-248,3924
-1598,-277,3903
-1593,-261,3954
-1590,-249,3895
-1585,-214,3982
-1598,-248,3980
-1612,-239,3802
-1594,-196,3954
-1592,-227,3942
-1575,-219,3935
-1562,-229,3892
-1590,-219,3964
-1602,-251,3891
-1589,-252,3910
-1597,-231,3953
-1584,-221,3789
-1557,-239,3898
-1590,-225,3927
-1595,-233,3912
-1588,-201,3850
-1588,-204,3968
-1615,-206,3845
-1590,-209,3885
-1648,-206,3956
-1602,-210,3958
-1629,-189,3960
-1626,-173,3907
-1641,-141,3910
-1628,-139,3881
-1625,-129,3924
-1686,-68,3968
-1669,-137,4085
-1691,-95,3970
-1674,-95,3931
-1681,-54,3913
-1697,-38,3955
-1741,-43,4016
-1693,31,3886
-1761,97,3953
-1811,101,3911
-1779,119,3914
-1829,142,3924
-1852,212,3925
-1876,270,3869
-1942,278,3827
-1919,355,3816
-1923,307,3786
-1987,368,3782
-1987,397,3841
-2007,434,3814
-2012,440,3805
-2063,505,3748
-2026,534,3802
-2064,565,3751
-2109,574,3833
-2105,598,3708
-2106,623,3708
-2118,659,3748
-2132,663,3707
-2120,681,3788
-2155,720,3746
-2155,744,3697
-2162,777,3712
-2189,764,3734
-2222,785,3779
-2206,814,3866
-2164,829,3857
-2180,888,3902
-2220,865,3835
-2210,870,3869
-2225,907,3771
-2207,910,3870
-2244,922,3893
-2253,935,3916
-2206,949,3969
-2253,921,3916
-2245,927,3889
-2226,913,3827
-2268,928,3930
-2244,915,3767
-2274,940,3833
-2258,898,3849
-2280,938,3938
-2258,951,3777
-2203,921,3844
-2237,910,3829
-2254,909,3808
-2255,910,3845
-2235,878,3752
-2259,918,3821
-2276,918,3843
-2274,905,3849
-2232,924,3839
-2254,891,3838
-2249,881,3822
-2263,913,3828
-2265,925,3804
-2256,924,3720
-2218,941,3855
-2239,941,3867
-2206,933,3836
-2246,958,3931
-2206,967,3803
-2231,956,3800
-2208,946,3834
-2204,939,3894
-2211,939,3890
-2190,920,3978
-2199,933,3979
-2188,903,4053
-2200,898,4033
-2221,892,4029
-2208,875,4093
-2186,842,4189
-2185,845,4163
-2196,828,4122
-2163,849,4210
-2143,815,4216
-2154,832,4258
-2161,820,4179
-2159,799,4275
-2179,837,4183
-2142,806,4231
-2148,807,4268
-2146,821,4219
-2154,845,4216
-2127,847,4254
-2139,837,4171
-2153,868,4173
-2186,876,4098
-2141,882,4099
-2162,911,4097
-2158,920,4089
-2185,948,4054
-2175,953,3906
-2149,983,3973
-2149,996,3987
-2149,1024,3896
-2167,1019,3847
-2167,1022,3916
-2184,1023,3808
-2192,1104,3771
-2167,1102,3723
-2188,1134,3753
-2152,1166,3775
-2197,1144,3701
-2165,1163,3727
-2196,1156,3643
-2147,1150,3665
-2194,1185,3724
-2167,1237,3565
-2191,1226,3667
-2177,1201,3639
-2163,1212,3676
-2185,1261,3666
-2165,1251,3683
-2185,1288,3635
-2212,1244,3603
-2186,1289,3605
-2197,1248,3574
-2194,1256,3543
-2166,1232,3607
-2224,1243,3610
-2216,1264,3724
-2215,1250,3734
-2194,1259,3637
-2184,1281,3660
-2196,1265,3661
-2206,1229,3650
-2200,1241,3633
-2212,1251,3521
-2213,1218,3622
-2200,1248,3705
-2212,1267,3649
-2204,1217,3662
-2172,1217,3730
-2205,1238,3652
-2217,1212,3693
-2174,1223,3699
-2190,1207,3548
-2177,1209,3664
-2177,1257,3717
-2142,1235,3765
-2165,1214,3638
-2165,1237,3663
-2165,1234,3582
-2135,1244,3729
-2168,1254,3685
-2140,1221,3684
-2178,1253,3697
-2148,1253,3721
-2157,1266,3626
-2170,1250,3665
-2142,1295,3660
-2147,1279,3655
-2166,1301,3696
-2171,1310,3629
-2165,1294,3439
-2169,1292,3633
-2169,1304,3541
-2143,1340,3595
-2176,1321,3530
-2148,1353,3556
-2174,1363,3511
-2172,1359,3589
-2187,1365,3544
-2177,1373,3418
-2194,1400,3618
-2180,1386,3510
-2179,1404,3565
-2179,1434,3554
-2185,1422,3529
-2145,1419,3542
-2174,1420,3553
-2178,1425,3392
-2164,1414,3415
-2203,1442,3543
-2159,1439,3475
-2176,1451,3462
-2176,1446,3436
-2180,1480,3467
-2187,1471,3457
-2180,1498,3430
-2199,1486,3460
-2161,1512,3289
-2187,1490,3399
-2190,1536,3379
-2177,1528,3373
-2176,1565,3369
-2179,1533,3436
-2184,1554,3423
-2172,1531,3466
-2158,1535,3437
-2200,1533,3315
-2149,1534,3376
-2184,1581,3424
-2196,1525,3437
-2192,1538,3402
-2169,1565,3460
-2179,1550,3465
-2194,1535,3375
-2199,1517,3397
-2157,1559,3471
-2183,1561,3430
-2163,1567,3386
-2170,1550,3462
-2181,1532,3431
-2155,1551,3449
-2196,1531,3502
-2174,1493,3514
-2194,1523,3470
-2184,1506,3486
-2171,1466,3508
-2163,1491,3546
-2193,1502,3529
-2171,1512,3470
-2192,1485,3526
-2162,1488,3602
-2163,1490,3608
-2173,1467,3516
-2167,1470,3490
-2145,1448,3614
-2140,1481,3573
-2134,1457,3556
-2178,1441,3552
-2146,1460,3596
-2173,1477,3608
-2169,1472,3618
-2142,1469,3588
-2164,1446,3667
-2177,1434,3572
-2166,1464,3639
-2143,1440,3588
-2156,1426,3646
-2131,1444,3626
-2120,1452,3601
-2162,1462,3570
-2114,1468,3662
-2138,1483,3629
-2132,1472,3657
-2139,1477,3630
-2137,1476,3710
-2142,1515,3627
-2156,1492,3679
-2129,1478,3617
-2157,1489,3623
-2146,1484,3618
-2143,1523,3612
-2167,1530,3509
-2157,1524,3613
-2150,1523,3572
-2152,1498,3575
-2139,1502,3566
-2170,1538,3556
-2162,1535,3585
-2174,1587,3592
-2199,1588,3544
-2195,1610,3432
-2169,1598,3568
-2201,1613,3493
-2175,1570,3582
-2200,1632,3553
-2168,1617,3571
-2211,1632,3524
-2202,1606,3500
-2167,1593,3543
-2174,1593,3416
-2184,1624,3495
-2155,1629,3552
-2133,1625,3571
-2149,1587,3503
-2155,1599,3443
-2139,1597,3534
-2134,1601,3462
-2116,1598,3519
-2126,1600,3406
-2159,1609,3476
-2160,1585,3477
-2127,1598,3530
-2164,1612,3570
-2161,1609,3554
-2188,1597,3552
-2151,1563,3507
-2155,1617,3525
-2145,1594,3358
-2143,1578,3481
-2134,1600,3524
-2162,1594,3475
-2152,1609,3537
-2137,1631,3513
-2134,1605,3518
-2129,1599,3513
-2153,1623,3522
-2117,1605,3397
-2111,1622,3548
-2139,1626,3453
-2093,1608,3584
-2111,1650,3556
-2140,1569,3560
-2143,1602,3551
-2138,1611,3518
-2115,1644,3561
-2141,1661,3660
-2094,1627,3607
-2110,1581,3525
-2125,1641,3469
-2065,1607,3539
-2082,1630,3577
-2102,1631,3579
-2124,1621,3606
-2150,1627,3630
-2146,1602,3581
-2120,1598,3594
-2139,1633,3542
-2138,1598,3481
-2126,1608,3626
-2098,1609,3602
-2110,1627,3533
-2146,1594,3495
-2160,1609,3563
-2172,1605,3581
-2131,1576,3531
-2155,1587,3579
-2146,1603,3591
-2156,1607,3561
-2142,1573,3603
-2160,1599,3534
-2115,1593,3561
-2111,1627,3696
-2140,1615,3551
-2109,1609,3672
-2107,1596,3643
-2115,1623,3558
-2111,1591,3534
-2124,1599,3628
-2137,1598,3550
-2073,1633,3542
-2120,1630,3551
-2146,1635,3553
-2144,1592,3544
-2117,1624,3563
-2108,1591,3517
-2136,1579,3548
-2174,1602,3583
-2150,1636,3537
-2195,1607,3563
-2144,1572,3491
-2192,1618,3514
-2170,1618,3468
-2163,1626,3565
-2189,1630,3524
-2185,1603,3518
-2194,1630,3498
-2199,1588,3511
-2190,1602,3484
-2155,1655,3470
-2137,1634,3451
-2154,1641,3410
-2178,1617,3542
-2101,1648,3484
-2141,1655,3443
-2161,1657,3499
-2172,1653,3462
-2157,1623,3403
-2160,1634,3447
-2160,1616,3431
-2128,1576,3348
-2158,1620,3418
-2150,1636,3423
-2125,1618,3416
-2165,1648,3428
-2152,1664,3399
-2158,1663,3457
-2158,1617,3452
-2188,1593,3448
-2145,1619,3316
-2133,1646,3395
-2165,1645,3363
-2150,1629,3444
-2128,1650,3432
-2162,1617,3449
-2145,1658,3424
-2176,1636,3441
-2174,1631,3382
-2123,1613,3398
-2152,1661,3383
-2155,1644,3472
-2144,1629,3447
-2149,1667,3435
-2149,1641,3425
-2155,1646,3384
-2195,1629,3404
-2178,1629,3401
-2140,1642,3492
-2171,1626,3540
-2141,1627,3457
-2162,1597,3411
-2148,1639,3399
-2155,1620,3436
-2178,1662,3470
-2167,1681,3503
-2140,1649,3467
-2176,1611,3476
-2177,1577,3490
-2207,1610,3422
-2176,1648,3494
-2186,1611,3469
-2179,1620,3442
-2176,1629,3461
-2141,1611,3501
-2147,1618,3508
-2163,1577,3477
-2176,1619,3464
-2166,1616,3577
-2146,1637,3496
-2167,1661,3527
-2160,1637,3491
-2171,1615,3449
-2186,1625,3531
-2185,1594,3512
-2135,1614,3498
-2167,1624,3466
-2180,1625,3549
-2169,1622,3452
-2167,1630,3529
-2144,1615,3499
-2171,1606,3462
-2145,1593,3437
-2144,1605,3529
-2163,1606,3474
-2173,1600,3481
-2132,1621,3493
-2194,1647,3506
-2138,1616,3465
-2168,1606,3501
-2159,1614,3482
-2184,1616,3458
-2162,1633,3463
-2179,1626,3493
-2167,1633,3386
-2148,1629,3481
-2163,1669,3479
-2155,1634,3436
-2154,1642,3490
-2149,1630,3528
-2134,1661,3495
-2152,1646,3463
-2174,1638,3484
-2137,1622,3341
-2134,1609,3511
-2119,1599,3436
-2171,1644,3459
-2180,1655,3455
-2162,1622,3475
-2127,1627,3463
-2161,1658,3495
-2145,1682,3432
-2171,1674,3400
-2177,1666,3448
-2147,1650,3401
-2131,1666,3406
-2156,1668,3438
-2172,1663,3365
-2155,1684,3397
-2141,1673,3380
-2151,1645,3443
-2161,1621,3394
-2180,1632,3431
-2174,1667,3434
-2168,1631,3349
-2166,1646,3399
-2175,1677,3452
-2138,1623,3336
-2161,1669,3452
-2203,1660,3402
-2187,1630,3314
-2198,1662,3384
-2150,1650,3372
-2161,1663,3448
-2151,1674,3396
-2198,1657,3436
-2167,1662,3417
-2143,1642,3396
-2192,1620,3363
-2206,1663,3337
-2173,1666,3405
-2208,1683,3370
-2173,1661,3391
-2206,1697,3307
-2169,1694,3424
-2165,1697,3306
-2145,1705,3397
-2191,1669,3432
-2196,1639,3319
-2175,1692,3315
-2208,1664,3360
-2222,1646,3365
-2177,1666,3296
-2185,1691,3374
-2190,1696,3437
-2175,1673,3378
-2195,1669,3411
-2158,1693,3361
-2197,1620,3457
-2167,1675,3337
-2171,1664,3373
-2174,1639,3340
-2181,1657,3404
-2177,1638,3355
-2153,1668,3432
-2151,1662,3401
-2173,1616,3382
-2192,1636,3347
-2157,1627,3370
-2152,1634,3429
-2143,1642,3374
-2130,1679,3459
-2129,1689,3360
-2142,1662,3406
-2155,1637,3392
-2181,1657,3435
-2160,1609,3412
-2158,1633,3523
-2176,1639,3455
-2170,1659,3386
-2138,1647,3374
-2145,1661,3422
-2152,1624,3467
-2134,1652,3391
-2163,1628,3439
-2143,1612,3401
-2155,1639,3410
-2185,1634,3470
-2173,1641,3488
-2146,1636,3520
-2156,1631,3453
-2165,1598,3528
-2194,1639,3459
-2170,1617,3566
-2143,1624,3453
-2137,1613,3460
-2158,1632,3458
-2179,1647,3432
-2139,1655,3447
-2187,1667,3422
-2162,1644,3453
-2162,1663,3462
-2178,1626,3509
-2191,1647,3410
-2177,1627,3423
-2162,1652,3383
-2193,1649,3409
-2171,1641,3408
-2178,1645,3416
-2201,1669,3507
-2153,1640,3455
-2167,1629,3411
-2188,1648,3367
-2185,1624,3450
-2196,1657,3435
-2169,1631,3375
-2180,1632,3431
-2219,1657,3458
-2163,1684,3437
-2157,1667,3463
-2194,1651,3397
-2197,1667,3322
-2171,1652,3444
-2164,1682,3380
-2189,1675,3399
-2193,1642,3393
-2176,1645,3430
-2175,1691,3393
-2181,1688,3364
-2193,1676,3413
-2162,1675,3365
-2178,1664,3440
-2152,1660,3383
-2161,1666,3449
-2177,1690,3444
-2163,1671,3491
-2177,1666,3364
-2130,1648,3441
-2169,1617,3412
-2164,1650,3329
-2195,1700,3442
-2189,1650,3466
-2153,1715,3375
-2158,1715,3400
-2149,1706,3422
-2184,1686,3424
-2154,1697,3453
-2145,1680,3441
-2161,1698,3379
-2095,1650,3438
-2151,1684,3433
-2141,1697,3453
-2152,1686,3467
-2149,1691,3455
-2140,1696,3483
-2122,1670,3477
-2152,1653,3506
-2155,1644,3432
-2161,1630,3317
-2170,1638,3479
-2149,1685,3466
-2127,1647,3469
-2124,1663,3424
-2136,1675,3422
-2117,1652,3447
-2156,1680,3424
-2142,1636,3482
-2142,1659,3452
-2120,1646,3402
-2124,1703,3468
-2120,1664,3419
-2116,1665,3479
-2099,1681,3448
-2126,1648,3428
-2132,1662,3455
-2116,1689,3476
-2114,1642,3499
-2134,1675,3373
-2123,1681,3469
-2156,1629,3542
-2132,1642,3405
-2126,1664,3499
-2154,1665,3382
-2146,1666,3447
-2137,1647,3450
-2165,1678,3390
-2142,1642,3531
-2127,1675,3478
-2141,1691,3472
-2143,1693,3530
-2156,1687,3507
-2157,1694,3464
-2126,1714,3481
-2140,1687,3508
-2106,1664,3522
-2087,1657,3441
-2143,1652,3463
-2139,1676,3429
-2104,1670,3555
-2114,1681,3468
-2102,1667,3498
-2113,1673,3473
-2092,1623,3520
-2134,1661,3468
-2100,1676,3553
-2088,1644,3555
-2142,1674,3553
-2070,1666,3539
-2108,1682,3602
-2116,1669,3496
-2129,1650,3527
-2137,1672,3497
-2131,1656,3484
-2109,1675,3538
-2080,1656,3522
-2139,1676,3459
-2126,1659,3490
-2099,1675,3551
-2097,1698,3538
-2129,1666,3556
-2102,1663,3501
-2061,1657,3408
-2107,1645,3563
-2087,1630,3472
-2099,1640,3513
-2114,1621,3493
-2116,1646,3515
-2125,1664,3458
-2097,1663,3532
-2126,1650,3532
-2153,1654,3454
-2109,1670,3435
-2128,1658,3447
-2135,1657,3570
-2131,1641,3563
-2113,1639,3489
-2135,1688,3501
-2107,1703,3478
-2075,1697,3536
-2113,1667,3439
-2121,1644,3447
-2123,1642,3463
-2150,1643,3439
-2157,1653,3511
-2103,1614,3483
-2122,1654,3522
-2132,1660,3485
-2133,1625,3525
-2095,1605,3346
-2126,1630,3521
-2102,1661,3453
-2119,1620,3561
-2159,1652,3550
-2121,1620,3549
-2128,1629,3542
-2138,1653,3513
-2107,1661,3551
-2100,1601,3534
-2114,1629,3518
-2098,1612,3599
-2118,1642,3557
-2135,1679,3529
-2125,1628,3558
-2096,1677,3546
-2108,1633,3529
-2110,1646,3509
-2096,1621,3488
-2061,1623,3495
-2115,1645,3500
-2120,1649,3534
-2074,1658,3506
-2125,1612,3511
-2127,1596,3559
-2136,1655,3542
-2143,1659,3536
-2141,1600,3526
-2121,1629,3529
-2113,1606,3572
-2121,1639,3489
-2111,1619,3472
-2134,1598,3478
-2139,1626,3475
-2138,1607,3551
-2095,1658,3464
-2106,1622,3489
-2097,1635,3523
-2130,1636,3494
-2132,1614,3522
-2109,1621,3470
-2148,1609,3545
-2125,1597,3484
-2171,1609,3502
-2147,1610,3503
-2142,1623,3439
-2107,1612,3456
-2102,1637,3478
-2170,1637,3494
-2145,1630,3481
-2150,1633,3515
-2162,1659,3531
-2141,1687,3498
-2166,1603,3539
-2147,1669,3454
-2115,1612,3370
-2139,1672,3507
-2147,1651,3464
-2117,1679,3485
-2127,1640,3473
-2129,1645,3488
-2141,1611,3514
-2137,1674,3470
-2120,1638,3551
-2140,1659,3323
-2152,1598,3459
-2151,1648,3536
-2138,1649,3531
-2155,1644,3457
-2201,1648,3533
-2175,1681,3439
-2145,1668,3445
-2151,1644,3473
-2138,1663,3392
-2137,1667,3476
-2170,1663,3515
-2127,1660,3504
-2177,1675,3506
-2130,1681,3468
-2178,1633,3521
-2140,1672,3549
-2133,1666,3425
-2135,1702,3424
-2136,1667,3493
-2121,1649,3485
-2108,1652,3524
-2153,1683,3583
-2156,1660,3480
-2129,1684,3486
-2126,1692,3490
-2126,1648,3467
-2124,1677,3407
-2122,1673,3460
-2081,1663,3500
-2105,1635,3505
-2119,1662,3487
-2098,1664,3492
-2108,1640,3531
-2135,1680,3495
-2116,1628,3463
-2116,1629,3396
-2153,1677,3434
-2160,1633,3446
-2127,1665,3460
-2156,1626,3502
-2117,1594,3496
-2122,1682,3512
-2122,1644,3478
-2128,1663,3500
-2071,1653,3519
-2103,1656,3480
-2131,1672,3501
