1008.107295092995,25.95405463218689
1008.194475475947,25.95145175218582
1008.314305759388,25.95639055013657
1008.561073846724,25.95865972757339
1008.693953293298,25.9617297911644
1008.784015501706,25.96233045578003
1008.852851084707,25.96253067731857
1009.030319944404,25.96513355731964
1009.11753974079,25.9647998547554
1009.114163669584,25.96099564552307
1009.117357202963,25.95759187936783
1009.114726916884,25.95525596141815
1009.12435336668,25.9551892209053
1009.174851546397,25.95332048654556
1009.063218715002,25.95178545475006
1009.104546486094,25.95131827116013
1009.157815759966,25.95672425270081
1009.12540213767,25.95492225885391
1009.082624615466,25.95472203731537
1009.091492156288,25.95505573987961
1009.164539025033,25.9601947593689
1009.070136476387,25.96059520244598
1009.009243797514,25.95992779731751
1009.114841164214,25.96393222808838
1009.055321011449,25.96239719629288
1009.089265804765,25.96152956962585
1009.150759866848,25.96359852552414
1009.082303468346,25.96319808244705
1009.124220253971,25.96600118398666
1009.117057606515,25.96720251321793
1009.053446292387,25.97240827322006
1009.122378268543,25.96740273475647
1009.09035930397,25.97140716552734
1009.078648065048,25.97013909578324
1009.059533455693,25.97521137475967
1009.084598076901,25.97587877988815
1009.099711641133,25.97721359014511
1009.082755793542,25.97728033065796
1009.037374678378,25.97888210296631
1009.100119668984,25.98115128040314
1009.082722649239,25.98588985681534
1009.081597605343,25.98462178707123
1009.095593587465,25.98769185066223
1009.049824769529,25.98649052143097
1009.113577866452,25.98622355937958
1009.075138167251,25.98502223014832
1008.962269743058,25.98442156553269
1009.037899523571,25.98662400245667
1009.065711224693,25.9855561542511
1009.044959458216,25.98762511014938
1009.072122600234,25.98775859117508
1009.060990902812,25.98675748348236
1009.011654397637,25.98428808450699
1009.02992173481,25.98782533168793
1008.96177329656,25.9808175778389
1009.048755051832,25.98562289476395
1009.01317266605,25.98348719835282
1008.99665132589,25.98375416040421
1008.994387788619,25.98308675527573
1009.028796637894,25.97868188142776
1009.039783213549,25.97961624860763
1008.999515416406,25.97794773578644
1008.985651219429,25.97681314706803
1009.017444247142,25.9760790014267
1008.975154754651,25.97647944450378
1009.013517567786,25.97614574193954
1009.055517129917,25.97561181783676
1009.029624621808,25.97681314706803
1009.022316497439,25.97794773578644
1009.053508963764,25.97581203937531
1008.93466675323,25.97320915937424
1008.957778184983,25.9666018486023
1008.975844262975,25.96179653167725
1008.940394818379,25.9615963101387
1008.938510869381,25.96072868347168
1008.924736872108,25.95926039218903
1008.998078292512,25.95966083526611
1008.943286172837,25.95992779731751
1008.900501429323,25.95672425270081
1008.933887149438,25.95672425270081
1008.976416685135,25.95906017065048
1009.009119795431,25.96099564552307
1008.933093633682,25.95785884141922
1008.920361527204,25.95312026500702
1008.929132041833,25.95078434705734
1008.842660010372,25.95258634090424
1008.783231901267,25.95071760654449
1008.839257989888,25.95251960039139
1008.833488855285,25.95398789167404
1008.799399300672,25.95478877782822
1008.829858603034,25.95719143629074
1008.837007659967,25.95785884141922
1008.954520531902,25.95872646808624
1008.94868921679,25.95679099321366
1008.926703495399,25.95679099321366
1008.910831801194,25.95585662603378
1008.947432925066,25.95358744859696
1008.984136606431,25.94911583423615
1008.953490012368,25.94437725782395
1009.007961164912,25.93983890295029
1009.009807794983,25.93356529474259
1009.009654530169,25.93049523115158
1008.956644450926,25.92595687627792
1009.01696566316,25.92448858499527
1008.986839248196,25.92448858499527
1008.947360482159,25.9186821603775
1009.02022657691,25.91961652755737
1009.037171305406,25.91654646396637
1008.991119181396,25.91521165370941
1008.993152269129,25.91127396345139
1008.978244572515,25.90553427934647
1009.017572618105,25.90339858293534
1008.992625959959,25.89866000652313
1008.949073573726,25.89772563934326
1008.94948693075,25.89679127216339
1009.02221694799,25.89579016447067
1009.05069134254,25.89465557575226
1008.926715143496,25.89305380344391
1008.981733324455,25.89251987934113
1008.94925925178,25.88731411933899
1008.911113568421,25.89111832857132
1009.050000371214,25.89358772754669
1008.945891601353,25.88651323318481
1008.969135130651,25.88484472036362
1008.954582021499,25.88264228343964
1008.924961107014,25.88137421369553
1008.973899463071,25.88104051113129
1008.943205504014,25.88377687215805
1008.968154370129,25.88364339113236
1008.940864778634,25.88157443523407
1008.943529307033,25.88317620754242
1008.964919405174,25.88477797985077
1008.958985947954,25.88504494190216
1008.962409145095,25.88624627113342
1008.96235362209,25.88584582805634
1008.986679392473,25.88317620754242
1008.885434602934,25.88304272651672
1008.879134340901,25.88164117574692
1008.883426953896,25.88324294805527
1008.899466567583,25.8805065870285
1008.886892829378,25.88671345472336
1008.882898886984,25.88824848651886
1008.881939791082,25.88818174600601
1008.896471190978,25.88924959421158
1008.857634296909,25.89198595523834
1008.861133878362,25.89472231626511
1008.916796289131,25.89785912036896
1008.841167180337,25.89752541780472
1008.950889777771,25.90006155729294
1008.822546636132,25.90319836139679
1008.877779471642,25.9012628865242
1008.898018857846,25.90533405780792
1008.825252653203,25.90706931114197
1008.776980551113,25.90733627319336
1008.845270285838,25.90953871011734
1008.815289790754,25.90960545063019
1008.832506359963,25.91340965986252
1008.847362330024,25.91387684345245
1008.8309408634,25.91681342601776
1008.84948854613,25.91748083114624
1008.806024446816,25.91621276140213
1008.796267396222,25.91434402704239
1008.753562682596,25.91267551422119
1008.790125776198,25.91114048242569
1008.826295861925,25.91167440652847
1008.754928454309,25.90880456447601
1008.721359835258,25.90646864652634
1008.710347623012,25.90927174806595
1008.735442912815,25.9092050075531
1008.675889144605,25.90540079832077
1008.759489432355,25.90940522909164
1008.769639301515,25.9092050075531
1008.763602138018,25.91167440652847
1008.747007434713,25.91040633678436
1008.694132627126,25.9078034567833
1008.686121714346,25.90973893165588
1008.669934514479,25.90453317165375
1008.67603404259,25.90546753883362
1008.591247733207,25.90466665267944
1008.697127094176,25.90393250703812
1008.638533232923,25.90019503831864
1008.567299270183,25.89926067113876
1008.614997653512,25.90173007011414
1008.668796013846,25.90513383626938
1008.658308229393,25.89992807626724
1008.686135349827,25.89999481678009
1008.575055151873,25.89645756959915
1008.59080768714,25.89358772754669
1008.592270528592,25.89238639831543
1008.538798233523,25.88838196754456
1008.616716200345,25.88564560651779
1008.567873452555,25.88864892959595
1008.607629307791,25.8837101316452
1008.600170757364,25.88177465677261
1008.566949326768,25.87997266292572
1008.607967242036,25.88124073266983
1008.696875394238,25.88244206190109
1008.59805255923,25.88117399215698
1008.641906087006,25.88037310600281
1008.642127109718,25.88197487831116
