-440,114,-65
-448,107,-62
-454,102,-60
-461,96,-59
-469,95,-58
-470,96,-52
-472,94,-42
-479,92,-35
-486,93,-27
-479,88,-16
-488,97,-18
-496,104,-13
-502,110,-5
-506,116,-1
-512,127,1
-516,129,4
-519,138,9
-520,149,14
-524,158,18
-522,168,19
-513,180,21
-507,193,24
-497,204,23
-496,217,22
-492,230,26
-485,238,28
-472,246,26
-468,254,23
-468,257,19
-462,260,14
-460,256,7
-458,254,0
-459,251,-5
-462,246,-9
-467,240,-15
-470,232,-25
-478,224,-35
-486,214,-38
-488,208,-41
-485,195,-50
-482,185,-54
-483,179,-61
-481,166,-64
-481,160,-68
-478,150,-74
-476,137,-76
-481,129,-79
-484,124,-79
-485,111,-80
-487,103,-81
-488,99,-81
-482,86,-78
-488,81,-80
-487,77,-76
-489,74,-71
-489,75,-69
-485,78,-65
-483,89,-61
-484,92,-58
-478,102,-51
-469,111,-49
-466,119,-43
-462,128,-36
-463,134,-35
-457,141,-34
-456,143,-30
-455,151,-26
-448,157,-27
-450,159,-29
-448,159,-36
-457,159,-47
-462,159,-47
-463,156,-52
-468,150,-60
-473,146,-67
-481,144,-68
-484,136,-70
-477,127,-68
-478,121,-73
-492,116,-78
-492,108,-84
-493,103,-93
-495,98,-102
-495,95,-109
-496,92,-115
-496,83,-121
-498,74,-129
-497,67,-137
-503,68,-138
-507,70,-143
-509,72,-148
-509,79,-151
-510,83,-155
-509,89,-159
-514,100,-162
-513,105,-163
-508,108,-162
-511,114,-168
-508,117,-173
-506,119,-174
-498,124,-174
-500,133,-175
-502,138,-174
-504,137,-172
-508,139,-170
-510,134,-172
-514,127,-175
-525,120,-179
-528,113,-182
-535,106,-187
-542,97,-183
-551,93,-185
-557,86,-188
-557,83,-190
-566,79,-197
-578,78,-201
-591,82,-204
-597,82,-205
-603,78,-208
-607,77,-213
-617,80,-215
-624,81,-215
-628,86,-216
-631,84,-215
-630,88,-212
-622,90,-211
-620,92,-215
-617,98,-214
-611,103,-212
-601,110,-204
-587,118,-194
-574,124,-187
-563,133,-180
-552,138,-171
-543,138,-163
-534,137,-157
-527,137,-151
-514,135,-140
-506,135,-130
-494,133,-119
-480,127,-112
-465,131,-105
-452,135,-98
-439,134,-89
-426,136,-82
-412,137,-76
-398,140,-74
-386,139,-73
-370,139,-74
-361,136,-75
-352,136,-77
-344,138,-79
-340,138,-82
-332,130,-85
-319,123,-86
-316,112,-92
-320,103,-99
-314,98,-103
-312,95,-109
-316,86,-115
-316,82,-119
-313,79,-126
-313,73,-128
-311,75,-130
-306,78,-126
-310,76,-135
-309,79,-139
-307,82,-139
-301,86,-138
-295,94,-132
-294,96,-129
-289,95,-125
-281,92,-123
-273,86,-119
-265,86,-113
-258,82,-106
-249,81,-100
-239,79,-96
-229,74,-90
-223,70,-87
-212,68,-81
-211,70,-77
-209,73,-76
-203,76,-74
-200,80,-73
-200,81,-69
-196,79,-69
-194,74,-69
-191,68,-70
-183,58,-71
-175,46,-73
-166,32,-74
-151,22,-75
-133,10,-75
-114,-1,-76
-100,-11,-77
-79,-12,-76
-63,-6,-75
-45,2,-73
-33,13,-72
-24,28,-71
-17,42,-70
-16,56,-68
-15,68,-63
-22,75,-61
-17,81,-57
-17,87,-53
-13,88,-49
-2,86,-42
8,83,-37
17,81,-34
26,79,-29
40,76,-25
53,71,-17
62,71,-12
70,66,-10
80,65,-4
84,58,3
82,46,8
81,43,11
79,38,15
83,34,17
76,29,20
68,28,27
58,26,26
48,19,23
50,20,26
46,21,27
46,15,28
51,9,34
52,5,34
55,-5,37
60,-15,39
69,-26,40
75,-36,42
82,-42,39
84,-49,39
88,-53,43
95,-53,45
104,-60,51
114,-63,54
112,-65,58
113,-63,63
118,-58,68
117,-48,72
114,-38,79
112,-29,80
102,-25,81
103,-21,90
96,-13,94
84,-10,93
80,-10,95
68,-3,96
60,3,94
62,10,93
60,23,95
60,36,97
61,49,98
60,57,95
62,64,92
59,73,90
59,78,86
56,76,84
51,77,84
49,73,85
45,64,84
45,55,86
43,49,93
37,42,94
33,35,99
25,33,105
18,40,111
15,53,119
3,68,125
-11,82,131
-21,96,134
-47,116,135
-68,135,136
-89,147,134
-106,149,134
-120,149,134
-128,150,131
-133,148,130
-140,146,126
-144,145,123
-145,146,122
-144,153,119
-145,160,111
-148,169,104
-150,178,95
-155,182,87
-157,191,77
-165,198,67
-178,197,59
-184,190,62
-187,184,61
-193,177,50
-201,169,40
-212,160,28
-220,150,22
-232,142,16
-240,126,6
-246,106,0
-254,96,-6
-264,91,-10
-278,91,-14
-294,85,-16
-303,84,-17
-311,89,-22
-318,88,-26
-333,94,-24
-345,97,-20
-355,97,-21
-368,98,-22
-376,93,-22
-383,89,-26
-393,83,-27
-403,77,-32
-404,74,-37
-412,75,-45
-409,72,-52
-413,77,-56
-421,82,-61
-417,85,-69
-416,85,-74
-421,88,-79
-414,85,-84
-405,80,-88
-401,75,-95
-394,73,-99
-394,72,-106
-394,74,-107
-393,77,-116
-394,70,-126
-397,69,-128
-404,70,-134
-413,69,-138
-421,65,-145
-428,62,-152
-433,59,-157
-442,57,-159
-454,56,-165
-460,53,-163
-468,50,-161
-473,51,-163
-485,53,-168
-496,54,-171
-494,51,-170
-497,49,-169
-499,48,-172
-505,42,-177
-509,39,-178
-519,39,-178
-525,40,-181
-522,39,-183
-525,38,-185
-523,34,-189
-524,32,-184
-524,33,-186
-526,32,-187
-521,29,-187
-511,28,-188
-506,26,-190
-505,25,-188
-503,22,-185
-498,21,-182
-496,26,-180
-496,31,-175
-494,36,-172
-494,40,-168
-488,48,-169
-489,50,-165
-485,55,-164
-484,56,-162
-482,54,-160
-478,53,-155
-476,54,-153
-472,58,-151
-474,60,-153
-475,63,-149
-475,63,-145
-476,62,-148
-478,62,-149
-474,60,-145
-473,60,-140
-469,54,-135
-467,44,-133
-464,35,-127
-461,28,-122
-455,24,-117
-453,25,-114
-452,27,-106
-447,29,-98
-446,31,-94
-445,37,-93
-443,40,-88
-444,44,-84
-445,45,-81
-449,48,-80
-451,48,-79
-444,53,-76
-440,62,-72
-432,72,-69
-423,73,-66
-416,82,-65
-410,88,-66
-403,98,-64
-401,109,-64
-401,119,-67
-395,124,-65
-388,121,-64
-385,127,-63
-381,132,-59
-379,131,-58
-373,135,-56
-375,139,-56
-366,140,-55
-362,143,-56
-355,147,-56
-351,155,-60
-341,160,-65
-338,164,-64
-330,167,-66
-327,173,-68
-322,180,-69
-317,183,-72
-308,186,-72
-299,189,-70
-296,193,-72
-287,191,-73
-285,188,-72
-284,187,-71
-282,181,-69
-278,176,-69
-273,173,-67
-268,163,-63
-266,151,-62
-258,144,-60
-260,142,-58
-259,136,-56
-251,133,-52
-235,130,-47
-227,122,-44
-229,124,-47
-221,128,-45
-207,131,-40
-201,133,-39
-198,129,-40
-195,130,-40
-195,128,-43
-190,129,-39
-187,133,-39
-192,134,-37
-189,130,-37
-179,128,-38
-178,125,-38
-176,120,-38
-178,125,-42
-178,125,-41
-173,130,-41
-172,135,-42
-169,137,-40
-166,143,-40
-163,145,-41
-158,146,-39
-155,151,-35
-154,150,-37
-156,151,-41
-152,151,-41
-146,147,-42
-142,143,-47
-144,137,-48
-146,138,-53
-143,134,-51
-143,126,-58
-146,125,-62
-149,116,-63
-145,108,-64
-145,101,-68
-143,96,-69
-140,88,-68
-142,84,-72
-144,75,-73
-143,73,-73
-141,68,-74
-138,66,-73
-141,69,-73
-138,64,-71
-140,69,-71
-144,76,-69
-143,75,-68
-140,75,-66
-144,81,-65
-142,82,-66
-145,83,-70
-149,89,-68
-147,91,-62
-146,95,-55
-151,95,-54
-155,92,-50
-158,91,-50
-160,88,-52
-159,80,-48
-163,81,-47
-163,78,-47
-163,76,-47
-162,73,-46
-158,71,-48
-166,74,-51
-172,77,-52
-174,78,-54
-177,76,-56
-172,75,-56
-174,76,-56
-180,79,-61
-182,80,-65
-181,82,-68
-184,88,-69
-182,89,-71
-184,93,-73
-189,97,-75
-193,95,-79
-185,86,-83
-181,79,-86
-176,72,-88
-180,63,-90
-182,55,-93
-179,44,-98
-185,35,-100
-186,24,-100
-184,19,-102
-185,13,-102
-185,9,-105
-191,5,-106
-195,6,-103
-195,0,-105
-200,-5,-107
-206,-9,-106
-213,-14,-104
-216,-18,-101
-220,-19,-99
-225,-20,-98
-233,-17,-91
-237,-13,-91
-240,-14,-92
-242,-16,-91
-246,-4,-97
-248,2,-101
-252,0,-95
-248,-1,-90
-240,1,-84
-239,5,-80
-233,5,-81
-225,3,-79
-220,3,-80
-216,3,-82
-206,1,-88
-211,2,-90
-211,4,-91
-204,3,-83
-199,7,-79
-197,14,-82
-203,15,-85
-205,15,-87
-209,20,-87
-215,19,-89
-217,18,-87
-218,17,-88
-222,17,-90
-225,21,-92
-228,24,-97
-238,28,-102
-240,31,-107
-246,40,-111
-257,53,-114
-274,59,-115
-282,65,-119
-291,76,-120
-297,82,-123
-303,85,-126
-306,84,-130
-307,85,-134
-307,90,-136
-308,85,-138
-306,77,-137
-304,76,-140
-302,78,-138
-300,70,-138
-298,65,-135
-294,58,-134
-291,54,-128
-286,51,-126
-283,46,-122
-280,41,-118
-288,34,-118
-296,27,-117
-297,22,-119
-304,24,-118
-307,21,-117
-312,16,-119
-315,24,-117
-315,23,-118
-315,25,-115
-317,27,-114
-315,30,-114
-310,26,-116
-304,22,-112
-299,23,-115
-285,18,-111
-276,22,-105
-265,26,-99
-259,35,-89
-253,46,-82
-246,63,-75
-243,84,-72
-239,104,-70
-240,118,-67
-232,133,-75
-236,145,-88
-250,146,-89
-256,141,-89
-262,138,-91
-259,126,-85
-260,112,-83
-254,104,-83
-244,102,-82
-242,100,-78
-240,101,-77
-238,106,-75
-233,109,-72
-235,119,-70
-238,123,-67
-242,119,-60
-242,115,-57
-244,112,-54
-239,108,-55
-240,104,-53
-243,104,-47
-243,103,-44
-237,108,-40
-232,115,-39
-232,125,-37
-229,133,-34
-223,141,-28
-220,149,-23
-212,159,-18
-207,165,-16
-190,170,-11
-178,172,-11
-171,168,-13
-162,171,-12
-149,175,-14
-134,169,-17
-128,168,-16
-127,170,-11
-119,165,-10
-119,163,-9
-121,159,-11
-121,154,-11
-122,149,-11
-126,145,-15
-132,147,-15
-137,144,-16
-136,141,-15
-142,138,-15
-147,137,-10
-150,132,-9
-150,132,-11
-146,127,-16
-149,121,-14
-150,122,-8
-145,119,-5
-138,121,-4
-136,128,4
-135,130,9
-137,131,11
-139,134,15
-133,141,23
-133,144,27
-131,144,31
-133,146,32
-129,150,32
-128,153,32
-126,152,35
-120,153,36
-121,152,36
-117,153,38
-116,153,37
-118,151,33
-122,150,34
-123,150,36
-126,148,38
-126,151,42
-129,153,42
-132,153,43
-136,153,49
-142,149,47
-149,144,48
-153,136,51
-160,130,49
-167,128,48
-169,126,48
-170,121,46
-174,123,43
-178,125,40
-182,124,32
-184,123,29
-185,122,26
-192,120,21
-192,115,20
-193,115,19
-190,118,13
-183,114,6
-176,115,4
-175,120,-1
-170,121,-8
-168,122,-13
-167,122,-18
-169,124,-21
-164,122,-24
-168,117,-26
-170,116,-28
-175,114,-30
-178,115,-31
-188,111,-33
-196,117,-35
-205,118,-34
-216,121,-33
-219,129,-33
-226,142,-32
-235,148,-34
-241,159,-34
-243,167,-37
-250,165,-44
-250,161,-43
-246,158,-47
-239,156,-54
-224,153,-58
-219,146,-62
-209,141,-63
-206,134,-72
-200,125,-73
-196,119,-74
-197,115,-75
-205,114,-75
-201,108,-76
-206,106,-80
-214,111,-83
-219,111,-84
-232,110,-89
-239,110,-88
-232,113,-86
-235,121,-91
-233,123,-93
-227,127,-92
-218,132,-95
-213,134,-100
-207,132,-102
-193,130,-104
-182,130,-110
-172,127,-119
-167,124,-123
-162,120,-124
-158,115,-129
-152,108,-137
-148,100,-139
-144,98,-140
-141,98,-139
-141,91,-147
-141,92,-145
-138,88,-143
-135,92,-143
-135,94,-140
-135,97,-136
-132,104,-133
-128,109,-134
-120,113,-132
-120,113,-131
-113,119,-127
-106,118,-122
-101,117,-124
-91,114,-122
-84,110,-121
-81,107,-121
-76,105,-120
-72,100,-120
-70,95,-119
-69,85,-120
-79,87,-118
-79,91,-111
-84,82,-114
-86,75,-116
-84,70,-116
-85,65,-118
-91,62,-118
-91,55,-116
-88,57,-111
-92,55,-109
-91,54,-109
-94,55,-106
-97,58,-104
-95,59,-100
-98,67,-98
-102,74,-95
-106,82,-92
-112,89,-89
-110,95,-88
-109,99,-83
-109,110,-82
-107,115,-80
-107,122,-78
-110,128,-79
-108,126,-77
-107,129,-79
-101,129,-80
-107,130,-79
-103,138,-80
-106,140,-84
-108,136,-85
-107,135,-87
-106,128,-91
-104,121,-87
-98,115,-90
-98,110,-88
-98,105,-90
-100,102,-92
-106,99,-94
-110,95,-96
-108,93,-92
-109,92,-93
-106,87,-90
-101,90,-85
-97,89,-86
-92,92,-84
-82,92,-80
-80,90,-75
-80,93,-74
-77,93,-73
-76,94,-71
-82,90,-66
-79,93,-61
-75,90,-60
-76,91,-52
-77,86,-43
-81,84,-45
-81,79,-45
-85,74,-43
-82,74,-38
-77,75,-32
-77,75,-32
-77,78,-31
-78,80,-26
-77,82,-24
-79,81,-23
-76,73,-20
-75,66,-17
-73,56,-17
-72,51,-16
-74,49,-13
-68,43,-9
-68,37,-5
-73,36,-4
-68,36,-3
-71,38,-2
-77,43,6
-82,51,10
-87,60,12
-92,64,15
-90,62,22
-95,66,19
-103,68,19
-101,69,20
-98,64,22
-98,57,23
-92,56,23
-92,61,25
-94,63,25
-91,65,24
-94,68,24
-92,68,25
-96,64,23
-94,61,22
-96,53,21
-98,46,20
-100,42,20
-98,44,16
-100,45,15
-101,44,12
-104,45,10
-102,50,8
-103,56,6
-106,60,1
-107,67,7
-110,72,4
-111,72,-1
-106,73,-5
-101,75,-8
-101,78,-10
-105,82,-12
-106,85,-18
-108,86,-23
-108,83,-26
-109,84,-28
-109,80,-30
-109,73,-35
-113,71,-39
-111,73,-39
-110,73,-44
-116,72,-48
-115,76,-48
-121,82,-52
-126,85,-52
-126,86,-54
-130,89,-52
-134,96,-54
-136,102,-54
-135,103,-50
-136,100,-49
-135,101,-51
-131,98,-49
-126,96,-50
-126,94,-49
-123,91,-50
-119,96,-48
-117,100,-43
-119,103,-38
-118,102,-37
-116,104,-33
-118,103,-32
-120,107,-29
-116,105,-28
-118,104,-24
-117,106,-21
-120,105,-21
-123,105,-18
-128,105,-16
-124,103,-12
-127,105,-12
-125,107,-12
-122,106,-13
-125,105,-13
-128,98,-11
-126,94,-11
-122,89,-10
-120,85,-8
-108,75,-7
-108,78,-6
-106,81,-6
-102,77,-3
-94,74,-1
-95,78,-1
-92,77,3
-96,76,6
-95,78,9
-98,78,12
-97,81,13
-92,85,19
-90,90,19
-89,98,25
-90,103,27
-90,104,34
-83,113,40
-78,116,45
-75,116,48
-72,118,50
-67,115,49
-66,114,53
-63,107,56
-53,100,59
-50,91,57
-46,80,61
-42,70,64
-42,65,68
-36,53,73
-34,45,79
-36,43,81
-39,38,84
-37,42,91
-39,52,91
-39,59,95
-32,67,96
-28,76,95
-26,81,93
-27,87,91
-24,91,93
-21,99,95
-13,108,102
-11,124,102
-10,142,102
-7,155,106
-7,174,110
-6,180,115
-8,183,120
-12,182,116
-11,176,110
-16,170,111
-20,162,109
-25,155,106
-23,149,111
-28,147,113
-24,145,115
-23,148,114
-24,156,120
-20,165,129
-26,182,139
-30,205,153
-28,232,167
-27,263,182
-30,298,196
-30,335,210
-33,372,224
-37,396,238
-37,410,251
-42,414,266
-40,409,274
-37,398,289
-36,382,305
-47,368,319
-59,352,335
-51,336,352
-44,319,365
-38,303,372
-35,286,380
-21,276,376
-20,273,368
-36,264,359
-50,259,347
-50,260,327
-46,263,310
-45,276,289
-53,286,266
-47,294,242
-38,301,218
-29,293,197
-24,282,181
-13,268,176
-3,257,167
9,240,164
19,226,162
33,212,162
42,204,163
47,194,167
45,190,171
43,187,175
45,183,179
37,175,182
29,171,186
17,173,187
4,168,191
-9,162,197
-22,159,202
-33,160,202
-40,158,202
-44,158,207
-43,167,206
-44,176,209
-37,173,208
-29,180,203
-24,179,198
-19,178,191
-11,180,184
-1,180,174
11,171,171
19,172,164
27,169,156
33,164,154
30,157,147
17,159,140
14,157,138
7,152,140
-4,147,141
-19,138,138
-37,129,134
-55,117,134
-75,104,146
-118,97,187
-141,89,228
-140,102,246
-135,119,246
-127,131,226
-112,131,198
-101,126,164
-102,118,129
-99,106,103
-94,105,84
-87,105,74
-80,102,66
-69,101,65
-59,92,62
-56,92,60
-59,89,56
-67,92,54
-71,89,54
-74,87,54
-79,88,53
-84,87,53
-86,93,53
-84,102,55
-90,109,58
-95,114,67
-85,119,67
-90,119,57
-100,115,46
-108,108,32
-112,100,34
-111,98,37
-107,98,37
-105,93,37
-100,84,34
-98,78,27
-97,69,18
-95,65,12
-96,59,8
-98,54,3
-95,50,1
-95,51,-1
-91,53,2
-86,56,1
-84,57,-1
-87,56,-4
-86,54,-10
-86,47,-6
-87,47,-5
-92,38,-7
-91,34,-5
-89,32,2
-92,28,5
-97,20,9
-99,16,10
-101,13,12
-107,6,11
-115,5,10
-117,7,10
-119,5,9
-115,6,7
-109,8,9
-107,9,8
-102,12,7
-96,16,6
-95,23,8
-92,20,6
-88,15,3
-91,12,3
-87,4,6
-90,0,7
-88,-3,8
-96,-6,5
-95,-8,3
-100,-9,-1
-100,-9,-7
-98,-8,-10
-94,-11,-16
-92,-11,-14
-93,-8,-18
-91,-9,-22
-83,-11,-22
-77,-9,-19
-71,-6,-18
-68,-1,-13
-64,1,-12
-56,3,-8
-51,7,-4
-47,8,-1
-46,7,1
-43,9,2
-38,6,6
-36,0,3
-36,-1,5
-35,-6,6
-39,-11,2
-38,-18,1
-38,-27,5
-39,-30,1
-40,-33,1
-43,-32,-3
-45,-35,-1
-47,-37,0
-55,-37,0
-59,-38,7
-61,-36,14
-63,-35,18
-68,-31,20
-69,-26,26
-75,-23,31
-77,-21,36
-80,-24,43
-86,-18,48
-82,-14,51
-75,-13,55
-81,-9,54
-81,-6,59
-79,-12,63
-76,-9,65
-80,-4,62
-78,-3,65
-71,-4,69
-71,2,71
-72,6,72
-77,10,72
-77,16,70
-76,19,77
-86,23,81
-90,27,81
-92,27,80
-99,33,79
-103,39,82
-103,41,83
-107,49,85
-110,53,86
-112,63,85
-109,73,86
-109,74,86
-115,80,82
-110,81,81
-109,84,84
-116,86,80
-117,86,79
-114,80,78
-108,76,76
-107,72,74
-109,70,75
-111,63,75
-115,55,73
-116,49,76
-115,40,79
-117,30,85
-126,26,84
-130,19,85
-138,13,89
-141,8,93
-144,10,95
-149,11,100
-157,9,104
-146,11,113
-145,18,115
-148,22,119
-145,26,124
-141,31,128
-136,34,130
-130,43,134
-124,47,135
-120,53,136
-110,55,137
-103,55,141
-95,60,144
-84,57,145
-80,65,147
-76,71,147
-64,73,147
-55,68,150
-48,70,153
-37,72,155
-29,71,160
-23,78,157
-18,79,162
-12,75,168
-10,77,169
-8,77,172
-5,77,176
-3,76,178
-3,78,176
-5,78,175
-2,76,176
-2,74,170
-5,69,167
-6,61,165
-6,58,164
-5,51,161
-1,46,157
-1,36,152
1,32,149
5,29,146
10,23,143
13,23,146
14,25,144
17,29,142
23,30,139
28,31,139
27,36,134
26,40,131
31,41,129
33,44,124
30,47,121
29,50,118
31,53,116
29,53,114
26,56,112
20,58,109
21,56,107
18,57,103
12,55,99
9,59,96
8,60,92
4,61,88
4,61,83
9,61,80
8,61,78
6,60,69
0,52,60
-1,45,54
-13,45,48
-29,52,43
-32,56,41
-43,56,39
-59,60,34
-72,65,31
-80,73,28
-84,80,29
-91,84,27
-90,88,26
-88,90,25
-87,94,27
-85,95,26
-82,97,26
-73,99,27
-67,100,23
-67,98,21
-64,98,18
-61,96,17
-60,98,17
-54,100,17
-56,102,16
-59,109,12
-58,106,10
-59,104,9
-61,102,3
-65,100,-3
-68,100,-3
-73,94,-3
-73,91,-3
-73,87,-6
-72,84,-7
-72,83,-7
-68,78,-8
-66,80,-6
-66,80,-9
-72,81,-9
-70,78,-9
-68,78,-6
-69,80,-9
-69,80,-10
-67,84,-9
-68,89,-9
-68,95,-8
-68,95,-9
-71,99,-11
-69,100,-13
-66,100,-13
-62,98,-15
-58,95,-17
-59,93,-15
-54,92,-18
-54,90,-22
-55,84,-20
-57,82,-19
-62,83,-20
-65,84,-20
-67,88,-20
-73,81,-18
-74,79,-19
-76,75,-22
-79,69,-22
-79,75,-21
-78,81,-23
-78,88,-27
-80,97,-27
-80,99,-26
-80,101,-33
-82,104,-39
-84,104,-45
-81,103,-53
-78,101,-58
-77,97,-63
-69,97,-66
-65,98,-69
-61,98,-71
-58,100,-73
-55,101,-75
-52,100,-76
-45,95,-76
-38,92,-76
-42,92,-76
-46,87,-77
-56,88,-75
-56,85,-74
-57,83,-75
-62,80,-75
-69,82,-75
-68,78,-74
-69,80,-74
-68,82,-73
-64,84,-75
-59,83,-75
-63,89,-73
-62,91,-73
-64,93,-76
-65,97,-78
-58,93,-76
-59,95,-78
-55,93,-78
-53,99,-82
-52,99,-81
-50,97,-81
-49,97,-82
-46,97,-84
-44,95,-84
-40,94,-83
-36,89,-84
-37,91,-84
-43,93,-84
-36,93,-85
-40,94,-87
-43,98,-85
-42,103,-85
-41,101,-81
-43,99,-79
-41,100,-79
-38,102,-77
-38,102,-75
-39,107,-75
-35,114,-74
-32,119,-72
-37,123,-70
-36,125,-65
-33,129,-62
-30,139,-62
-34,143,-58
-32,144,-56
-31,142,-58
-29,138,-56
-24,136,-55
-22,137,-54
-16,138,-52
-13,137,-51
-6,136,-54
-6,137,-57
-7,138,-55
-9,139,-54
-6,138,-50
-9,135,-54
-12,135,-50
-9,132,-36
-10,131,-31
-21,133,-37
-29,136,-37
-32,138,-38
-38,142,-37
-37,142,-36
-35,142,-30
-33,145,-27
-35,147,-28
-35,143,-31
-47,139,-35
-53,137,-36
-58,131,-34
-61,129,-31
-62,119,-22
-67,111,-17
-65,101,-12
-73,92,-7
-80,82,-6
-88,73,-6
-97,70,-1
-104,75,-5
-111,78,-4
-113,77,-2
-116,80,3
-116,91,5
-114,99,5
-112,104,3
-117,108,-1
-124,106,-3
-113,101,-4
-109,102,-6
-102,101,-5
-97,100,-5
-90,95,-4
-85,88,-8
-83,89,-12
-79,86,-11
-74,82,-10
-74,82,-8
-65,79,-6
-64,78,-7
-62,77,-6
-66,77,-7
-65,74,-8
-64,68,-6
-74,69,-5
-78,69,-10
-79,65,-11
-83,62,-11
-84,55,-14
-82,49,-17
-87,44,-21
-88,40,-26
-86,34,-28
-83,29,-29
-83,24,-33
-79,15,-34
-78,10,-37
-75,6,-39
-72,2,-42
-68,3,-42
-65,3,-47
-63,3,-49
-64,2,-52
-58,0,-54
-61,-1,-61
-61,-2,-62
-62,-6,-62
-59,-9,-65
-62,-7,-70
-59,-10,-73
-55,-16,-75
-51,-17,-74
-52,-16,-75
-51,-18,-79
-52,-20,-82
-55,-28,-83
-55,-35,-86
-52,-40,-88
-51,-41,-92
-52,-41,-91
-58,-42,-94
-60,-42,-95
-65,-28,-97
-66,-21,-99
-67,-7,-99
-62,12,-98
-63,26,-98
-61,35,-104
-58,46,-109
-53,54,-112
-46,63,-112
-32,69,-113
-23,75,-116
-14,77,-118
-8,78,-123
1,82,-125
9,76,-131
14,71,-132
17,72,-135
15,73,-139
12,69,-141
13,68,-144
8,67,-147
7,64,-149
2,64,-150
-1,63,-150
-7,68,-157
-15,72,-158
-26,83,-160
-30,90,-160
-28,97,-164
-29,104,-167
-32,109,-166
-33,115,-169
-31,114,-168
-31,115,-167
-25,117,-165
-22,119,-163
-11,122,-157
-1,125,-149
-2,119,-148
-2,119,-141
-2,117,-134
-1,109,-132
1,104,-125
-6,100,-118
-13,98,-114
-16,96,-108
-20,91,-99
-19,83,-96
-23,83,-91
-30,81,-87
-33,81,-82
-34,87,-78
-42,94,-74
-46,98,-70
-55,105,-67
-59,110,-59
-57,113,-54
-62,114,-48
-65,116,-44
-69,118,-39
-70,118,-34
-76,124,-29
-80,126,-25
-85,126,-21
-90,126,-17
-93,128,-12
-93,129,-8
-98,126,-4
-99,123,-6
-96,115,-1
-92,113,1
-89,113,2
-89,113,5
-90,115,4
-92,111,4
-89,108,5
-92,108,4
-93,104,4
-95,95,7
-98,92,10
-104,89,9
-113,83,10
-116,82,11
-120,79,15
-123,83,16
-128,90,17
-131,95,20
-135,102,21
-138,110,22
-134,116,20
-131,118,23
-128,127,23
-121,134,19
-121,141,16
-112,151,15
-103,153,14
-93,155,11
-93,155,10
-84,158,9
-77,153,8
-74,148,5
-72,149,5
-71,147,4
-70,144,5
-66,140,2
-68,133,-4
-75,127,-9
-83,121,-13
-89,111,-15
-98,97,-20
-110,89,-24
-119,80,-25
-123,69,-23
-127,59,-24
-128,51,-19
-131,43,-14
-132,39,-14
-131,31,-12
-130,33,-9
-126,37,-3
-122,44,0
-118,53,5
-112,67,10
-104,79,17
-97,110,25
-88,140,34
-77,172,44
-71,198,50
-67,219,55
-62,237,62
-62,257,69
-53,275,76
-46,293,88
-39,307,96
-28,319,103
-22,332,109
-13,336,114
-2,338,113
7,339,120
6,341,121
0,332,121
-1,330,125
-9,333,128
-15,332,129
-20,329,130
-25,323,130
-35,320,125
-41,319,119
-46,312,117
-53,305,111
-51,295,108
-52,296,103
-52,289,97
-45,279,94
-45,263,88
-51,246,82
-50,221,78
-49,194,79
-49,173,78
-49,152,76
-50,121,73
-52,100,69
-59,78,70
-58,51,69
-62,29,66
-66,8,61
-71,-11,62
-73,-34,63
-75,-49,65
-72,-59,72
-76,-59,78
-76,-63,80
-70,-67,84
-72,-69,88
-78,-68,90
-81,-72,90
-80,-76,90
-79,-74,91
-81,-69,89
-87,-57,87
-91,-45,88
-94,-29,80
-95,-13,74
-103,4,65
-111,13,54
-111,18,43
-111,26,31
-109,30,21
-104,25,15
-105,20,8
-100,20,5
-92,13,-1
-93,5,-7
-96,-4,-15
-97,-14,-22
-100,-21,-30
-105,-23,-34
-111,-28,-37
-118,-33,-40
-123,-31,-44
-124,-30,-50
-130,-23,-54
-134,-15,-58
-130,-5,-59
-130,8,-63
-135,24,-67
-139,40,-67
-134,61,-65
-131,77,-70
-133,86,-71
-135,99,-66
-137,99,-65
-137,92,-68
-142,89,-73
-146,78,-74
-157,59,-78
-164,34,-81
-174,7,-84
-185,-19,-89
-195,-43,-96
-213,-61,-102
-234,-76,-106
-249,-91,-108
-267,-101,-125
-285,-102,-145
-277,-101,-162
-281,-99,-165
-309,-98,-163
-322,-90,-164
-316,-72,-169
-308,-50,-177
-308,-31,-178
-311,-12,-174
-307,13,-171
-295,34,-171
-290,57,-173
-290,71,-174
-287,89,-171
-276,95,-162
-268,99,-151
-257,102,-142
-247,100,-130
-237,92,-115
-225,89,-107
-217,92,-104
-217,94,-104
-219,90,-106
-217,88,-110
-215,90,-114
-217,93,-120
-214,90,-121
-203,89,-121
-193,91,-126
-177,93,-127
-167,94,-128
-159,97,-128
-149,98,-127
-137,94,-132
-129,88,-134
-119,84,-132
-116,76,-130
-115,68,-131
-110,56,-127
-109,46,-124
-104,37,-117
-106,28,-117
-106,18,-117
-109,12,-110
-106,6,-107
-109,-1,-105
-119,-9,-104
-124,-11,-101
-121,-21,-93
-124,-20,-88
-123,-18,-87
-125,-14,-82
-127,-2,-75
-130,9,-70
-134,25,-63
-139,40,-56
-141,56,-47
-141,69,-40
-142,86,-28
-141,102,-22
-137,118,-14
-130,131,-6
-126,144,0
-124,158,4
-113,168,9
-104,174,11
-95,174,14
-86,169,10
-78,160,9
-74,149,5
-76,133,7
-78,118,9
-79,106,10
-85,87,11
-96,71,11
-115,59,10
-134,53,8
-147,47,4
-160,44,5
-177,49,10
-186,60,14
-189,72,16
-189,89,22
-187,110,27
-179,126,30
-175,147,36
-165,169,37
-150,186,38
-137,202,42
-127,218,46
-117,229,51
-107,243,51
-95,256,53
-77,262,58
-63,271,61
-46,284,62
-31,295,65
-22,298,68
-24,298,80
-29,296,84
-35,294,89
-45,288,98
-52,284,105
-63,279,108
-65,274,109
-63,263,112
-65,256,119
-61,249,122
-56,238,121
-55,229,124
-45,213,128
-34,194,133
-25,184,138
-14,167,146
-5,156,148
7,152,141
7,144,140
8,136,144
17,126,146
26,122,143
33,116,141
40,107,141
45,100,131
54,87,130
56,63,130
59,45,129
63,35,132
72,36,137
78,43,145
91,53,152
94,75,159
98,99,157
100,120,159
94,138,161
90,152,164
88,168,162
86,186,162
89,204,161
90,223,161
89,237,157
95,249,153
103,262,151
107,272,151
108,282,148
112,290,143
117,291,138
120,289,134
127,287,130
131,280,123
130,278,118
133,269,115
134,262,109
126,248,103
126,238,100
122,225,95
119,207,92
106,190,86
104,172,84
96,154,83
86,140,84
79,129,86
75,122,87
66,119,89
58,115,92
47,105,91
43,91,91
41,76,91
38,66,86
37,63,89
41,58,91
45,64,95
52,65,102
61,67,107
61,73,111
55,78,113
51,76,113
50,74,113
46,69,112
42,61,111
43,51,113
39,47,112
41,44,117
40,43,120
39,41,120
30,45,125
20,46,148
21,45,160
27,53,157
17,57,158
10,59,158
3,63,156
-6,70,153
-16,69,147
-26,72,146
-29,71,145
-27,76,139
-34,89,129
-41,94,127
-44,104,129
-40,112,128
-37,119,126
-38,127,127
-34,129,125
-33,136,122
-33,136,118
-35,128,111
-43,125,105
-49,112,106
-50,97,114
-49,92,111
-63,84,102
-74,71,97
-80,56,94
-86,48,89
-97,38,86
-102,24,82
-107,15,82
-118,10,87
-115,2,91
-113,1,83
-119,-2,76
-119,-5,73
-119,-9,59
-127,-10,50
-122,-9,56
-114,-7,57
-114,-2,55
-112,3,47
-112,4,44
-110,6,39
-112,10,36
-112,13,33
-114,13,27
-114,14,27
-108,18,27
-99,20,31
-99,24,28
-98,25,25
-95,30,26
-100,30,27
-103,30,26
-110,31,23
-123,30,16
-127,28,10
-132,26,5
-136,26,5
-137,29,4
-138,32,-6
-142,31,-9
-138,25,-11
-138,21,-17
-138,24,-19
-140,28,-20
-138,28,-22
-138,30,-23
-140,44,-24
-140,52,-27
-137,55,-30
-138,60,-32
-141,65,-36
-141,64,-38
-135,58,-39
-134,56,-43
-136,53,-49
-133,47,-54
-134,52,-55
-131,49,-55
-132,45,-54
-134,43,-53
-135,36,-54
-138,30,-53
-145,31,-50
-146,31,-48
-152,29,-46
-155,27,-44
-157,31,-39
-160,34,-38
-167,35,-34
-170,43,-33
-173,49,-33
-176,53,-28
-176,54,-27
-175,53,-24
-174,56,-21
-175,58,-23
-170,58,-26
-168,61,-27
-163,62,-28
-158,58,-30
-155,56,-30
-155,51,-31
-157,45,-31
-165,40,-35
-163,33,-35
-163,23,-35
-164,22,-32
-171,23,-33
-178,26,-30
-183,31,-29
-185,38,-27
-184,45,-23
-186,55,-24
-186,62,-26
-187,65,-21
-191,73,-19
-190,78,-21
-188,86,-25
-190,89,-25
-185,87,-25
-181,88,-25
-178,92,-31
-176,87,-34
-168,82,-33
-162,75,-34
-157,67,-35
-157,64,-40
-154,54,-42
-155,43,-46
-151,37,-52
-143,24,-58
-140,16,-66
-134,6,-71
-128,0,-74
-115,-8,-75
-111,-13,-76
-101,-5,-76
-95,-1,-76
-86,5,-76
-80,16,-73
-74,27,-72
-73,34,-71
-76,49,-71
-75,63,-70
-76,75,-70
-78,79,-70
-76,78,-68
-78,87,-71
-77,88,-76
-72,87,-76
-70,85,-75
-62,82,-74
-55,82,-75
-55,78,-75
-49,80,-76
-38,78,-78
-29,76,-76
-24,76,-77
-21,76,-77
-18,78,-75
-19,78,-74
-22,75,-74
-28,77,-74
-23,73,-72
-23,72,-72
-24,66,-71
-20,63,-70
-16,54,-71
-9,42,-68
-7,35,-67
-7,29,-62
-1,19,-62
-2,11,-59
5,6,-56
11,1,-49
14,-3,-46
13,-2,-40
20,-4,-37
25,-5,-36
28,-9,-29
25,0,-26
24,4,-21
27,10,-20
29,18,-15
30,22,-9
34,24,-3
37,29,-2
41,28,3
39,27,4
45,23,4
49,22,3
50,19,5
57,17,10
61,8,9
62,-2,9
65,-15,7
60,-22,12
55,-27,13
60,-36,14
58,-45,12
49,-52,10
39,-57,9
37,-57,9
34,-55,13
29,-52,14
28,-50,21
20,-44,19
17,-36,20
17,-32,22
17,-22,25
15,-12,27
19,-10,31
24,-6,34
22,-8,37
24,-4,38
26,-1,40
28,-1,46
30,-2,52
37,0,52
37,1,52
31,4,52
34,6,56
35,14,55
36,21,51
34,30,58
34,39,55
32,44,54
32,47,53
32,50,48
31,49,49
37,51,46
36,54,43
31,50,39
39,46,36
42,47,36
41,49,39
44,49,41
41,49,43
34,54,41
34,56,39
32,59,46
34,65,48
32,69,48
29,69,50
26,79,48
27,87,51
26,92,52
27,96,56
28,100,58
29,109,62
21,117,69
17,125,75
15,125,80
11,125,84
9,126,87
6,132,92
1,138,95
-6,137,102
-12,132,105
-15,131,105
-16,133,106
-15,127,107
-23,128,106
-26,127,102
-29,128,99
-30,127,95
-36,124,87
-34,122,85
-31,120,79
-26,117,74
-20,114,68
-17,115,63
-12,118,55
0,117,52
-1,115,46
6,111,42
8,110,38
9,111,28
7,107,25
14,97,22
14,89,15
14,77,9
17,66,7
23,59,5
30,56,4
30,53,0
31,53,-1
35,56,-2
42,55,-7
47,56,-9
47,58,-14
47,57,-19
49,58,-21
47,55,-22
37,53,-29
35,40,-27
34,33,-29
28,30,-32
33,26,-32
31,16,-32
28,11,-35
25,4,-35
30,-5,-40
33,-7,-41
30,-11,-43
28,-16,-46
24,-21,-45
23,-22,-50
25,-21,-59
26,-24,-65
26,-25,-66
19,-21,-68
10,-19,-73
8,-12,-75
4,-12,-75
0,-3,-76
-5,0,-77
-3,2,-80
-3,8,-79
-7,16,-78
-9,17,-77
-13,20,-75
-12,23,-71
-5,22,-69
-2,19,-69
0,9,-68
0,-2,-69
-3,-13,-70
-5,-26,-70
-8,-41,-70
-13,-50,-71
-21,-53,-69
-29,-57,-67
-40,-58,-66
-48,-55,-62
-51,-54,-53
-61,-46,-50
-66,-34,-43
-76,-19,-37
-80,-5,-34
-88,8,-28
-94,17,-21
-90,30,-14
-87,43,-13
-84,47,-14
-81,51,-18
-76,48,-19
-71,48,-20
-67,44,-22
-62,40,-25
-50,33,-23
-43,25,-25
-41,23,-26
-44,27,-22
-45,26,-21
-44,23,-21
-39,23,-21
-42,28,-19
-52,27,-21
-57,22,-23
-66,16,-25
-72,14,-25
-73,16,-24
-84,14,-24
-94,13,-25
-101,13,-22
-115,15,-21
-117,21,-23
-122,24,-18
-125,28,-16
-129,34,-16
-134,43,-14
-132,54,-8
-134,62,-6
-134,68,-4
-133,77,-1
-138,85,4
-139,89,5
-140,95,11
-140,100,14
-146,109,15
-143,111,21
-147,111,21
-145,112,21
-147,114,22
-148,113,23
-154,118,25
-158,120,25
-163,120,26
-162,118,28
-167,116,30
-174,121,30
-177,121,31
-184,124,29
-183,126,28
-186,131,24
-198,136,22
-202,140,19
-206,146,16
-212,151,16
-214,155,15
-216,157,10
-219,155,6
-220,153,3
-219,152,-3
-221,151,-7
-218,149,-12
-211,146,-16
-205,144,-21
-206,141,-26
-203,137,-30
-204,135,-31
-205,134,-33
-201,131,-38
-198,124,-44
-193,118,-47
-188,113,-48
-188,108,-50
-186,104,-50
-188,103,-51
-185,98,-47
-183,93,-43
-180,89,-40
-180,94,-37
-185,104,-27
-174,106,-21
-173,109,-13
-172,112,-5
-179,117,4
-178,117,13
-172,113,22
-170,109,26
-171,109,32
-176,110,40
-175,107,46
-171,105,51
-173,104,55
-174,99,60
-175,95,64
-185,101,71
-195,105,82
-188,110,94
-186,115,101
-187,127,111
-182,141,117
-177,157,123
-169,170,130
-164,190,139
-156,219,142
-141,242,146
-135,266,150
-129,291,149
-113,313,148
-103,332,153
-91,350,163
-80,374,170
-70,394,184
-57,411,206
-53,430,223
-48,443,248
-38,456,254
-40,463,249
-46,460,249
-51,449,240
-74,430,232
-94,412,224
-106,392,206
-114,362,191
-121,326,173
-131,293,142
-135,258,116
-141,221,91
-148,184,71
-148,151,59
-142,126,38
-141,97,16
-144,71,-2
-144,54,-15
-147,42,-22
-149,34,-29
-146,35,-26
-147,41,-21
-142,47,-15
-138,63,-12
-132,80,-3
-123,97,2
-109,116,2
-99,125,5
-91,140,8
-82,151,12
-73,159,15
-60,159,17
-53,169,19
-53,178,24
-48,185,30
-48,187,32
-44,192,34
-38,196,35
-33,195,35
-35,190,38
-33,187,35
-33,186,33
-37,176,32
-45,169,31
-48,164,31
-50,156,32
-63,152,36
-68,142,34
-77,134,33
-85,127,30
-95,119,27
-97,109,29
-98,107,31
-107,107,28
-106,103,31
-110,101,33
-109,105,33
-105,104,33
-93,97,35
-86,95,36
-82,93,38
-77,91,39
-65,81,41
-55,76,38
-44,70,40
-35,63,41
-21,55,41
-12,46,40
-13,38,38
-13,28,40
-8,27,42
-3,26,40
-4,27,38
-11,31,35
-13,39,35
-17,53,32
-14,64,31
-14,74,31
-18,82,32
-15,89,30
-17,92,22
-17,94,18
-12,101,11
-15,105,7
-17,104,-1
-19,99,-7
-23,99,-12
-27,97,-13
-32,100,-17
-39,95,-20
-45,88,-22
-51,88,-28
-60,84,-32
-69,83,-35
-71,82,-35
-79,83,-41
-85,82,-41
-87,81,-42
-87,78,-46
-84,80,-45
-84,86,-46
-84,88,-51
-86,93,-50
-79,97,-47
-75,103,-50
-70,109,-48
-63,111,-49
-57,118,-52
-49,124,-48
-42,129,-48
-36,144,-50
-31,156,-50
-17,165,-53
-11,175,-53
-10,187,-49
-5,200,-47
5,207,-47
10,213,-47
13,216,-48
15,217,-52
14,219,-52
15,214,-54
16,201,-53
14,189,-56
11,174,-53
7,162,-53
4,143,-48
1,132,-38
-2,120,-31
-8,99,-24
-20,78,-16
-33,47,-12
-57,17,-11
-82,-5,-11
-98,-25,1
-111,-39,13
-119,-43,28
-122,-46,39
-121,-44,48
-123,-27,56
-125,-16,62
-126,2,64
-120,11,65
-122,25,68
-117,40,67
-111,57,69
-103,72,68
-100,93,75
-85,115,87
-74,130,92
-61,136,96
-54,136,99
-52,127,97
-53,115,90
-52,104,89
-47,93,88
-50,88,86
-52,79,89
-56,78,90
-60,77,91
-68,79,91
-74,78,89
-83,76,91
-93,72,88
-107,67,89
-120,59,92
-138,57,90
-150,65,84
-152,68,77
-159,71,58
-160,68,45
-151,74,41
-148,68,39
-138,64,29
-123,59,18
-107,43,12
-95,26,5
-92,9,-1
-93,0,-7
-89,-7,-14
-87,-17,-13
-89,-24,-11
-96,-28,-18
-104,-30,-22
-111,-29,-23
-117,-27,-27
-123,-12,-29
-132,5,-33
-143,24,-42
-158,38,-47
-162,49,-42
-162,65,-38
-148,76,-29
-140,90,-17
-135,102,-10
-120,111,-4
-103,118,-2
-85,116,-6
-78,108,-11
-76,99,-16
-74,85,-27
-72,66,-32
-75,49,-39
-81,31,-46
-85,13,-46
-86,-10,-47
-94,-25,-50
-112,-35,-54
-120,-39,-63
-131,-40,-73
-144,-37,-75
-153,-26,-76
-155,-16,-74
-163,-2,-74
-165,13,-73
-162,21,-74
-161,33,-73
-156,45,-73
-152,54,-70
-142,62,-65
-132,70,-57
-125,74,-55
-112,71,-51
-100,62,-51
-87,49,-50
-80,38,-50
-76,27,-55
-74,19,-60
-66,10,-58
-69,7,-57
-76,2,-58
-82,-5,-57
-90,-10,-53
-97,-15,-54
-102,-12,-55
-109,-10,-54
-113,-9,-53
-113,-7,-50
-113,-8,-48
-109,-2,-59
-111,2,-64
-117,2,-61
-111,2,-54
-107,6,-47
-106,6,-43
-103,0,-41
-95,-10,-39
-90,-18,-33
-86,-20,-26
-80,-25,-24
-76,-27,-19
-76,-29,-18
-70,-33,-15
-68,-29,-13
-65,-29,-11
-60,-25,-9
-57,-21,-8
-55,-12,0
-60,-5,5
-59,5,2
-55,16,7
-53,24,13
-51,36,16
-44,47,12
-33,51,-1
-42,61,-5
-46,66,0
-43,74,-1
-38,69,5
-28,66,7
-24,64,10
-20,56,7
-13,46,2
-6,28,-4
-8,11,-8
-8,-2,-11
-6,-17,-17
-3,-33,-20
0,-47,-23
-3,-59,-26
-3,-73,-24
-5,-82,-26
-10,-91,-28
-9,-101,-26
-10,-107,-31
-6,-107,-58
-31,-114,-69
-43,-123,-69
-39,-119,-70
-35,-115,-63
-35,-113,-61
-35,-108,-56
-28,-96,-53
-23,-84,-55
-20,-73,-57
-8,-61,-55
5,-50,-53
8,-24,-49
14,5,-40
27,32,-32
32,62,-19
37,92,-4
40,111,16
26,129,41
22,134,65
19,140,81
28,136,94
33,127,100
40,114,101
41,103,97
39,89,96
30,80,96
23,65,96
15,55,98
14,47,100
10,44,94
4,38,94
-3,33,99
-9,35,103
-11,40,108
-19,49,115
-27,56,120
-30,66,130
-36,80,137
-36,89,143
-32,104,149
-30,120,155
-25,129,155
-29,141,162
-32,153,162
-37,150,162
-35,148,162
-34,140,164
-39,129,164
-39,122,162
-42,112,163
-48,104,165
-63,99,156
-69,93,152
-74,90,150
-74,87,147
-77,87,146
-81,89,142
-80,91,138
-79,92,132
-80,92,132
-77,96,131
-68,94,135
-70,89,132
-68,87,134
-62,82,135
-58,79,133
-51,76,134
-56,69,135
-60,68,136
-56,65,142
-59,71,141
-61,76,142
-59,84,143
-61,97,140
-57,109,140
-58,124,136
-66,143,130
-67,162,129
-68,175,119
-65,184,117
-60,199,114
-60,209,107
-59,215,98
-56,213,89
-54,199,77
-53,184,64
-56,158,51
-60,121,38
-64,85,32
-74,57,23
-78,29,17
-87,8,11
-98,-10,7
-109,-18,4
-115,-21,6
-121,-22,9
-126,-11,6
-133,5,7
-137,13,10
-144,28,6
-148,48,2
-155,57,6
-165,65,1
-153,72,-6
-139,79,-21
-133,80,-24
-118,73,-23
-107,69,-24
-97,61,-23
-94,49,-25
-89,42,-30
-85,35,-29
-82,22,-28
-79,14,-32
-88,15,-37
-90,7,-39
-96,2,-37
-100,3,-38
-102,6,-37
-110,11,-34
-117,14,-35
-124,24,-38
-128,32,-41
-136,46,-41
-142,55,-38
-143,61,-40
-144,67,-43
-145,75,-44
-144,75,-48
-142,78,-54
-139,79,-57
-137,80,-58
-136,78,-64
-136,73,-66
-132,66,-68
-130,52,-69
-132,46,-70
-135,38,-72
-135,30,-73
-136,23,-74
-139,18,-74
-144,13,-74
-145,12,-73
-155,13,-71
-154,13,-70
-164,17,-68
-173,27,-69
-172,36,-66
-174,39,-67
-170,41,-66
-172,52,-64
-172,60,-61
-170,65,-61
-165,64,-61
-162,67,-61
-162,68,-62
-159,72,-65
-158,69,-64
-158,67,-63
-161,64,-64
-163,58,-68
-166,51,-69
-172,51,-70
-180,49,-67
-185,44,-70
-184,42,-67
-187,40,-67
-194,35,-68
-193,35,-68
-195,35,-67
-197,31,-65
-196,31,-66
-197,35,-66
-195,39,-63
-195,48,-56
-193,52,-54
-187,54,-51
-188,59,-49
-185,68,-43
-185,75,-41
-183,80,-38
-177,81,-39
-181,90,-39
-169,99,-36
-161,103,-35
-159,108,-35
-154,113,-37
-146,112,-36
-143,117,-38
-145,114,-41
-148,104,-47
-144,98,-48
-142,82,-51
-142,71,-54
-144,67,-54
-144,61,-54
-144,57,-54
-142,54,-51
-145,51,-49
-149,47,-49
-153,44,-53
-150,42,-49
-152,43,-48
-150,38,-43
-148,38,-44
-148,44,-43
-144,45,-38
-142,51,-37
-140,56,-35
-136,57,-32
-131,56,-31
-124,58,-30
-118,61,-26
-113,61,-24
-106,60,-22
-97,59,-19
-92,61,-19
-94,63,-19
-86,63,-17
-80,60,-16
-81,60,-14
-82,60,-18
-79,60,-15
-76,59,-10
-79,59,-10
-77,59,-11
-72,54,-13
-76,57,-16
-73,55,-13
-75,54,-18
-71,53,-22
-74,56,-23
-74,59,-21
-75,63,-19
-72,63,-14
-66,62,-13
-65,61,-17
-63,60,-19
-57,58,-24
-58,52,-25
-62,45,-21
-50,47,-16
-43,53,-10
-34,51,-9
-28,48,-10
-23,48,-10
-21,47,-9
-15,43,-9
-15,40,-8
-20,42,-6
-20,41,-5
-19,45,-4
-18,45,2
-22,52,-1
-26,53,0
-31,56,4
-29,57,10
-29,59,11
-29,64,15
-31,71,19
-32,75,20
-29,79,22
-29,84,25
-26,85,27
-27,89,26
-23,88,30
-25,86,31
-24,86,32
-20,85,34
-23,79,35
-25,74,35
-23,72,34
-26,67,33
-27,65,34
-27,64,35
-26,58,36
-30,53,35
-33,53,32
-34,48,30
-31,45,29
-29,44,30
-27,41,28
-25,39,28
-22,36,28
-26,36,30
-27,38,31
-27,40,29
-26,47,31
-26,48,31
-21,50,29
-20,51,27
-20,52,27
-15,51,31
-9,49,29
-8,46,25
-7,43,25
-7,39,24
-4,35,21
-5,34,17
-3,32,20
0,33,20
4,31,19
6,32,16
4,33,13
4,28,12
3,28,13
4,31,13
4,35,16
6,33,14
4,36,13
4,39,12
5,42,15
8,44,18
7,44,14
9,43,19
12,41,20
17,40,21
19,41,23
23,45,26
22,45,28
24,44,29
29,44,31
30,42,34
31,42,34
30,38,33
31,32,34
34,27,28
36,21,26
39,15,26
38,9,25
33,4,22
35,3,22
38,-3,21
37,-9,22
38,-7,23
35,-9,20
31,-10,19
37,-16,20
38,-14,21
34,-12,23
35,-7,24
38,-7,25
39,-11,27
39,-7,32
34,-3,38
38,2,41
38,3,41
31,4,45
33,1,43
34,0,48
32,0,45
34,-5,49
29,-6,46
32,-6,49
32,-4,49
29,-5,50
25,-4,48
24,-4,48
16,-1,47
13,-6,45
9,-9,48
-1,-10,51
-16,-9,52
-25,-7,54
-32,-8,55
-45,0,57
-58,7,61
-70,11,62
-74,14,63
-78,18,61
-90,22,59
-99,29,59
-106,33,63
-119,32,62
-128,38,61
-129,43,62
-131,43,61
-143,50,59
-151,56,63
-157,58,63
-172,70,59
-179,77,60
-189,83,60
-197,85,61
-208,90,57
-214,95,52
-219,101,47
-225,105,46
-226,110,42
-227,116,36
-227,124,32
-226,124,24
-230,123,17
-231,125,12
-230,125,6
-225,122,6
-219,126,6
-220,134,-2
-227,132,-4
-228,130,-8
-229,126,-11
-232,121,-17
-242,114,-24
-247,112,-26
-255,107,-32
-264,106,-34
-272,104,-38
-276,98,-38
-274,98,-38
-271,100,-35
-263,100,-36
-256,100,-36
-248,102,-35
-242,103,-35
-227,100,-32
-208,105,-28
-199,114,-31
-190,117,-35
-183,113,-34
-173,117,-33
-162,120,-29
-158,118,-28
-154,109,-30
-151,105,-29
-149,98,-27
-148,90,-21
-148,85,-17
-146,79,-12
-143,81,-10
-142,80,-2
-140,75,3
-138,72,6
-135,66,6
-134,64,11
-134,63,13
-131,58,14
-124,56,14
-118,54,16
-111,53,15
-106,54,15
-104,52,13
-100,52,15
-90,52,9
-89,47,10
-81,49,11
-79,47,9
-76,47,11
-74,51,8
-75,55,5
-72,58,7
-70,64,4
-64,67,5
-60,71,8
-55,75,10
-50,85,11
-45,93,14
-38,101,15
-32,107,18
-22,118,18
-17,125,16
-12,125,17
-5,129,16
-5,132,15
1,136,13
4,135,12
6,136,14
10,135,12
8,131,10
6,129,9
4,125,6
0,116,-1
-3,107,-6
-3,103,-4
-8,101,0
-17,97,-6
-20,93,-9
-20,92,-9
-26,92,-8
-25,91,-10
-24,93,-10
-23,89,-8
-25,90,-5
-27,92,-8
-18,93,-9
-14,99,-11
-7,98,-9
-3,99,-10
-4,105,-14
3,109,-11
7,112,-9
11,117,-9
13,119,-8
15,112,-6
15,115,-9
14,115,-7
11,118,-4
13,119,-4
17,121,-6
15,122,-7
17,119,-6
16,124,-4
13,122,-1
14,120,-3
11,118,-2
14,114,-1
13,117,-4
9,117,-3
10,112,-3
9,111,-3
5,111,-1
0,115,-5
-2,112,-5
-2,107,-8
-6,104,-8
-11,100,-11
-9,93,-12
-13,89,-15
-14,85,-14
-12,76,-12
-16,71,-13
-15,70,-12
-15,71,-15
-9,69,-11
-11,71,-9
-13,75,-9
-3,76,-8
-2,77,-7
-2,78,-7
0,85,-5
4,88,-3
4,92,-1
7,99,-3
9,97,-3
13,104,-2
15,107,2
15,111,6
15,110,6
19,111,4
17,113,3
9,118,1
11,112,0
8,110,-4
7,109,-8
4,107,-9
0,101,-14
-2,92,-14
-8,86,-12
-10,78,-18
-10,69,-18
-7,61,-13
-12,63,-13
-17,67,-7
-15,66,0
-7,70,10
-1,78,16
0,90,28
4,101,36
11,112,40
20,118,50
28,125,60
39,131,72
49,142,84
58,148,97
69,159,108
77,169,117
80,180,126
87,189,133
88,196,139
89,203,149
98,207,158
94,212,164
89,212,175
88,207,182
86,197,182
82,193,180
75,183,179
69,174,178
65,160,174
54,142,167
50,130,166
52,120,163
51,112,162
51,107,159
52,101,157
52,99,155
53,96,157
53,90,157
61,93,154
72,90,154
77,84,153
81,77,154
88,73,156
94,67,159
101,58,163
103,49,162
106,43,166
107,45,170
104,45,172
110,44,178
107,48,182
101,56,181
105,64,181
102,74,182
96,84,182
93,91,183
91,101,184
91,114,185
92,120,183
92,127,183
91,136,182
88,144,182
92,155,176
95,161,171
99,165,168
98,170,160
99,171,156
98,171,146
99,167,140
97,163,133
95,152,130
92,143,125
82,136,115
72,131,107
67,121,99
59,113,84
51,104,75
38,99,74
30,91,59
23,82,50
17,74,41
12,72,31
5,70,22
2,65,14
0,62,2
-1,56,-9
-2,55,-14
-5,53,-22
-9,46,-29
-11,39,-37
-11,34,-46
-7,24,-49
0,21,-52
0,22,-54
2,18,-57
3,23,-57
4,29,-59
7,33,-61
8,42,-60
5,48,-60
6,62,-60
10,68,-61
12,73,-56
13,79,-57
17,94,-52
18,104,-50
15,115,-47
15,118,-48
11,122,-48
13,128,-50
19,133,-54
18,137,-56
18,139,-61
19,135,-62
19,142,-62
15,143,-64
16,142,-66
17,145,-71
17,144,-72
14,147,-74
10,150,-73
7,153,-73
1,151,-72
-1,152,-68
-8,152,-70
-23,144,-64
-28,142,-62
-28,139,-63
-37,134,-60
-41,129,-54
-44,125,-49
-41,123,-46
-45,119,-43
-47,112,-39
-49,110,-38
-49,100,-35
-51,96,-31
-51,91,-27
-46,83,-22
-41,74,-23
-44,74,-17
-44,73,-11
-46,73,-10
-46,77,-7
-47,83,-2
-46,90,-2
-45,96,5
-38,103,9
-35,109,10
-43,113,8
-39,121,9
-32,127,12
-34,133,13
-37,134,12
-33,139,12
-29,143,12
-26,145,14
-20,139,17
-23,140,13
-20,137,11
-20,126,11
-24,120,10
-23,110,8
-22,96,5
-25,86,3
-26,68,3
-35,55,3
-38,44,-2
-41,29,-3
-45,17,-8
-49,6,-10
-57,-8,-17
-62,-21,-25
-65,-36,-28
-66,-46,-31
-71,-56,-34
-74,-58,-38
-78,-59,-44
-76,-69,-52
-76,-71,-65
-77,-69,-67
-79,-63,-71
-79,-60,-69
-81,-58,-71
-76,-52,-70
-70,-43,-68
-69,-34,-65
-63,-18,-57
-56,0,-51
-48,21,-43
-36,46,-35
-27,70,-27
-11,97,-21
4,126,-10
13,153,3
21,172,13
29,192,22
35,197,29
41,196,38
45,193,49
48,181,60
46,163,66
35,141,69
24,115,70
15,91,72
4,63,72
-5,34,75
-23,13,73
-35,-14,80
-51,-38,79
-57,-59,71
-67,-74,54
-95,-91,51
-101,-107,55
-96,-116,59
-76,-121,62
-69,-112,57
-76,-96,56
-78,-70,54
-74,-39,55
-84,-6,66
-96,20,72
-103,45,83
-94,56,99
-79,62,114
-67,61,124
-53,56,132
-41,47,132
-38,36,130
-43,29,129
-40,26,127
-37,26,129
-27,29,132
-20,32,132
-20,38,136
-19,46,136
-18,64,138
-16,80,134
-12,100,132
-16,127,134
-15,152,132
-16,177,131
-19,190,131
-25,204,129
-30,213,122
-31,217,115
-25,205,106
-29,195,102
-31,176,95
-38,155,89
-39,127,85
-37,103,79
-32,79,76
-33,54,76
-37,36,71
-42,22,67
-51,12,65
-57,6,63
-65,3,64
-68,5,68
-70,12,69
-69,29,70
-76,47,72
-79,63,73
-74,75,76
-74,87,80
-74,99,81
-71,114,81
-62,121,82
-56,128,82
-59,137,84
-52,140,87
-48,134,89
-43,125,82
-37,115,83
-40,100,76
-39,91,72
-32,79,71
-25,74,67
-25,71,67
-26,68,66
-27,64,64
-37,64,59
-44,59,61
-44,55,60
-48,55,61
-48,55,62
-53,62,62
-52,65,58
-56,65,56
-52,72,57
-46,83,56
-49,90,59
-48,97,60
-37,98,58
-32,104,52
-27,104,46
-22,97,41
-15,89,38
-13,76,34
-9,66,27
-9,55,25
-6,37,22
-7,28,17
-5,13,16
-7,1,12
-7,-10,-1
-17,-17,-13
-25,-23,-16
-26,-21,-16
-31,-17,-13
-34,-9,-14
-30,3,-16
-34,15,-17
-33,29,-13
-35,47,-15
-37,61,-15
-31,74,-16
-24,84,-18
-27,88,-21
-29,93,-23
-26,96,-22
-26,105,-20
-18,104,-15
-16,104,-13
-15,99,-9
-11,91,-6
-7,87,-7
-7,84,-2
-8,83,2
-6,78,0
-11,72,3
-15,66,8
-22,63,9
-23,63,17
-29,67,20
-28,65,20
-28,63,20
-32,56,21
-32,49,23
-34,44,22
-32,42,22
-32,42,22
-32,37,22
-32,31,20
-34,26,20
-35,20,14
-36,13,17
-40,20,17
-40,27,16
-36,43,18
-37,67,20
-33,88,22
-31,110,18
-29,123,11
-32,131,7
-33,137,6
-24,137,8
-20,131,13
-11,118,15
-9,99,10
0,78,6
20,67,-4
40,61,-5
51,57,-3
48,61,2
39,65,10
36,71,17
23,78,23
14,86,31
5,93,31
-2,101,30
-4,115,30
-8,126,28
-8,149,26
-7,166,29
-1,172,31
4,172,28
6,166,27
3,147,26
2,122,21
7,96,21
13,73,24
22,55,32
30,38,36
39,19,37
43,1,37
44,-13,28
44,-38,25
31,-66,29
14,-90,35
-7,-105,33
-21,-110,35
-32,-107,40
-35,-101,41
-37,-89,37
-39,-75,35
-37,-55,34
-34,-35,33
-33,-13,33
-32,5,33
-28,19,33
-25,28,32
-20,42,34
-18,55,35
-10,65,29
2,71,30
5,75,27
11,77,26
17,79,23
19,75,21
14,74,19
16,65,16
11,60,11
0,55,6
-7,49,2
-16,44,1
-27,43,0
-38,47,0
-49,56,0
-56,61,-3
-68,71,-9
-78,74,-7
-86,79,-11
-87,87,-13
-91,95,-15
-90,108,-22
-95,118,-26
-92,125,-23
-85,135,-23
-80,134,-28
-80,130,-32
-80,126,-39
-77,119,-43
-78,112,-48
-74,104,-54
-75,99,-58
-79,94,-60
-87,84,-67
-92,77,-68
-96,75,-71
-96,72,-74
-104,71,-76
-108,70,-76
-110,68,-77
-118,69,-79
-122,73,-78
-126,82,-79
-128,93,-79
-130,101,-77
-129,114,-76
-127,124,-79
-126,133,-79
-124,137,-78
-122,141,-77
-121,141,-80
-122,143,-83
-121,147,-85
-119,146,-87
-114,145,-85
-108,146,-85
-106,147,-86
-98,143,-88
-95,137,-88
-95,127,-85
-98,116,-84
-99,101,-84
-97,86,-81
-96,75,-77
-96,66,-74
-98,59,-72
-100,50,-71
-102,43,-70
-100,37,-67
-107,27,-65
-111,18,-62
-113,8,-60
-110,-6,-59
-102,-20,-59
-111,-32,-59
-114,-43,-58
-115,-52,-58
-117,-53,-56
-119,-53,-53
-120,-48,-48
-123,-35,-47
-125,-14,-42
-126,7,-39
-128,25,-39
-130,36,-42
-131,51,-40
-122,62,-37
-115,70,-36
-105,78,-38
-90,84,-32
-71,82,-35
-61,86,-38
-50,82,-41
-43,76,-42
-31,72,-40
-21,70,-36
-23,68,-38
-26,69,-36
-29,62,-29
-40,54,-34
-57,41,-40
-77,29,-42
-94,22,-41
-111,19,-41
-124,19,-37
-130,26,-32
-131,34,-30
-130,44,-25
-121,62,-22
-108,82,-21
-91,102,-20
-77,122,-20
-63,133,-20
-58,133,-28
-49,125,-33
-39,103,-35
-31,80,-36
-25,51,-40
-27,23,-33
-24,3,-31
-33,-18,-37
-48,-44,-41
-67,-69,-43
-91,-90,-43
-122,-103,-45
-149,-110,-41
-160,-107,-32
-175,-89,-23
-182,-66,-19
-186,-40,-10
-191,-15,-12
-194,6,-14
-191,19,-6
-176,31,8
-156,43,24
-132,55,44
-105,70,62
-83,85,71
-58,95,76
-37,107,79
-24,118,86
-12,124,94
2,129,100
4,127,108
11,124,126
16,123,157
10,119,171
-5,103,182
-32,89,184
-50,76,186
-68,72,189
-77,75,194
-78,80,196
-90,84,191
-95,88,191
-99,90,200
-95,91,210
-90,96,217
-75,106,230
-60,114,241
-39,123,251
-18,129,261
6,129,264
16,125,271
23,110,290
46,101,304
63,99,308
62,88,307
63,75,311
66,59,315
65,48,317
61,34,318
63,27,323
57,32,327
44,33,330
27,44,333
17,61,338
11,84,341
0,120,346
-16,164,350
-22,201,351
-27,247,352
-39,286,350
-42,319,346
-41,343,345
-35,365,342
-24,377,347
-14,383,347
-11,382,341
-6,378,331
1,360,319
-2,336,311
-10,316,302
-20,292,291
-27,268,270
-34,239,249
-53,209,229
-69,183,210
-83,161,187
-97,137,167
-110,119,146
-126,107,127
-136,99,112
-151,93,99
-166,88,89
-175,85,85
-180,79,73
-187,78,58
-188,76,46
-184,69,34
-178,62,16
-169,64,6
-153,62,-6
-143,60,-14
-136,56,-21
-128,55,-20
-115,51,-21
-107,49,-23
-99,48,-23
-101,56,-24
-98,65,-22
-95,70,-19
-93,79,-13
-96,91,-9
-97,100,-4
-95,116,0
-96,123,7
-97,128,10
-97,128,12
-94,127,16
-96,132,15
-95,136,11
-95,137,13
-93,133,10
-95,127,8
-99,120,11
-103,111,8
-106,106,9
-111,101,9
-119,99,10
-125,90,9
-126,83,9
-133,74,9
-141,65,11
-149,57,12
-150,50,12
-157,42,20
-160,40,18
-162,36,16
-155,32,17
-149,31,18
-140,25,19
-131,21,19
-124,16,18
-116,10,17
-107,3,18
-98,-8,16
-95,-15,15
-91,-25,15
-87,-33,18
-88,-37,20
-87,-42,23
-87,-43,27
-85,-45,29
-85,-47,29
-88,-43,30
-89,-43,29
-90,-39,29
-88,-35,27
-92,-33,23
-96,-30,16
-99,-28,18
-95,-25,17
-88,-16,19
-86,-2,17
-86,6,17
-79,8,17
-72,15,14
-69,21,13
-62,25,11
-58,24,10
-49,18,5
-52,13,0
-54,2,-1
-56,-5,-1
-55,-13,-3
-58,-20,-5
-68,-28,-8
-74,-31,-9
-77,-32,-13
-82,-34,-13
-90,-37,-19
-101,-34,-17
-111,-26,-15
-110,-17,-17
-115,-7,-21
-117,1,-23
-118,9,-25
-115,16,-30
-108,24,-33
-106,34,-31
-104,43,-32
-100,44,-36
-95,48,-40
-85,53,-43
-78,56,-47
-75,61,-46
-73,66,-47
-72,74,-43
-72,80,-46
-75,81,-47
-74,82,-43
-77,88,-44
-78,89,-47
-86,89,-44
-91,92,-44
-95,100,-42
-99,108,-42
-105,108,-44
-111,114,-46
-114,121,-48
-116,129,-46
-121,133,-48
-127,133,-48
-125,130,-51
-127,127,-54
-128,116,-56
-125,111,-61
-130,110,-64
-134,108,-65
-133,100,-67
-136,95,-69
-135,88,-70
-134,78,-73
-137,78,-73
-139,74,-70
-143,75,-70
-146,72,-69
-149,69,-68
-150,70,-67
-153,67,-68
-159,68,-68
-164,63,-67
-169,63,-65
-167,67,-63
-170,74,-64
-171,79,-65
-165,84,-64
-162,92,-61
-164,96,-65
-165,102,-70
-168,105,-71
-167,104,-70
-164,104,-68
-158,105,-66
-165,103,-67
-166,98,-71
-165,98,-72
-160,92,-72
-154,85,-72
-154,86,-74
-153,81,-74
-154,76,-78
-154,74,-81
-158,73,-82
-158,69,-84
-160,65,-90
-166,66,-93
-175,62,-99
-184,58,-104
-191,57,-108
-199,51,-118
-202,51,-126
-206,47,-136
-208,44,-146
-214,41,-157
-213,45,-168
-215,43,-178
-214,44,-185
-211,45,-194
-207,50,-202
-201,54,-204
-197,58,-208
-195,60,-217
-184,65,-218
-174,64,-217
-164,64,-220
-154,70,-221
-146,78,-224
-134,85,-223
-131,96,-221
-127,100,-211
-124,104,-201
-120,111,-195
-119,118,-190
-112,122,-182
-104,124,-178
-100,126,-179
-95,124,-178
-93,122,-180
-92,119,-186
-87,114,-197
-81,109,-213
-86,101,-222
-87,94,-224
-85,90,-229
-85,91,-235
-84,86,-235
-83,84,-236
-78,85,-241
-81,80,-247
-81,75,-252
-77,73,-253
-80,76,-255
-80,74,-255
-84,69,-253
-83,67,-244
-89,67,-237
-91,63,-229
-92,62,-223
-86,58,-211
-83,57,-198
-84,53,-186
-88,46,-179
-85,45,-169
-88,42,-156
-86,40,-142
-83,40,-129
-80,40,-110
-80,43,-96
-74,46,-88
-64,54,-78
-61,55,-70
-59,56,-63
-56,63,-58
-58,72,-52
-52,81,-42
-51,85,-32
-44,90,-27
-37,92,-22
-32,96,-13
-29,100,-6
-19,105,1
-10,113,12
-8,122,21
-4,120,31
-3,118,38
5,125,46
6,129,59
0,133,68
-5,132,77
-11,134,86
-25,132,94
-38,134,102
-53,135,111
-63,138,112
-71,141,117
-81,140,119
-92,138,121
-95,140,124
-98,136,128
-95,124,134
-93,120,140
-89,119,145
-83,116,151
-79,114,162
-72,114,174
-70,116,186
-71,127,201
-66,137,211
-62,156,219
-64,181,220
-70,200,224
-75,219,226
-86,239,224
-94,251,218
-107,258,211
-118,262,206
-123,261,203
-127,256,198
-129,249,192
-125,235,190
-120,217,188
-127,203,186
-125,180,186
-126,163,183
-127,146,185
-124,124,179
-125,110,179
-131,103,174
-136,102,170
-147,101,165
-158,102,161
-167,103,157
-170,108,157
-173,113,154
-179,114,151
-183,116,151
-180,118,152
-176,125,153
-171,131,154
-163,141,153
-155,146,151
-143,150,152
-133,161,149
-122,168,147
-114,169,143
-103,171,138
-92,171,135
-87,172,129
-80,171,124
-74,172,117
-71,172,115
-70,173,111
-65,177,110
-59,178,105
-60,176,101
-62,181,101
-59,181,96
-53,182,94
-48,186,94
-50,186,88
-44,190,83
-38,187,76
-30,185,67
-22,174,60
-18,165,51
-14,159,40
-4,148,35
0,144,25
0,143,18
6,138,14
5,137,6
-1,136,-3
-6,133,-14
-5,123,-22
-5,114,-28
-12,109,-36
-14,103,-40
-13,97,-46
-7,94,-49
-1,95,-49
3,98,-49
8,105,-48
11,113,-47
12,121,-47
15,128,-49
23,135,-49
35,144,-48
45,146,-46
54,147,-45
60,146,-42
65,148,-40
71,145,-39
75,144,-39
79,148,-43
79,156,-38
73,160,-31
71,160,-26
67,157,-20
61,154,-16
51,149,-13
39,137,-10
32,125,-9
28,117,-8
21,111,-7
19,106,-3
20,102,-2
20,101,0
25,98,0
29,97,2
25,97,5
30,100,6
35,98,7
42,97,7
48,95,5
59,92,7
66,95,9
68,91,9
74,87,10
81,82,10
88,79,11
88,74,14
91,68,17
87,64,15
82,61,19
77,60,26
72,65,26
68,68,28
62,71,30
59,77,30
53,76,29
50,78,30
47,75,27
46,76,25
47,72,25
48,65,21
48,67,19
41,72,16
42,73,17
39,69,11
42,63,8
45,56,3
42,48,0
37,40,1
33,34,-3
32,26,-6
32,22,-10
31,19,-11
22,13,-9
18,10,-7
15,9,-7
10,7,-8
7,4,-8
4,-1,-8
0,-4,-9
-10,-9,-8
-18,-9,-7
-23,-7,-7
-26,-2,-8
-38,-2,-10
-43,1,-10
-41,2,-2
-48,9,5
-59,20,8
-65,33,9
-65,41,17
-71,55,19
-73,58,24
-72,64,30
-67,65,33
-65,68,32
-59,67,33
-53,64,34
-44,62,37
-38,64,41
-36,61,45
-32,57,46
-33,53,46
-32,43,47
-37,38,50
-46,38,53
-46,34,51
-54,32,53
-62,24,53
-67,20,53
-79,18,57
-92,16,57
-98,13,59
-102,9,56
-120,6,54
-127,3,56
-131,-2,59
-134,-10,63
-137,-12,61
-138,-14,62
-143,-10,66
-151,-5,67
-152,-1,71
-154,7,72
-160,14,76
-167,27,76
-174,38,78
-177,45,82
-179,56,90
-180,65,92
-182,72,97
-190,79,101
-188,84,109
-189,84,114
-190,78,124
-186,77,136
-189,72,150
-192,66,165
-179,60,183
-169,52,204
-162,39,221
-159,30,234
-159,25,246
-165,21,256
-168,21,264
-164,24,273
-160,29,282
-158,32,291
-158,40,297
-156,45,305
-153,54,314
-153,63,320
-148,73,329
-145,77,335
-144,80,342
-141,85,347
-132,93,351
-131,101,355
-130,105,355
-127,108,355
-116,109,352
-107,110,346
-103,109,340
-95,107,331
-95,112,326
-89,113,315
-86,117,305
-81,119,297
-84,129,292
-93,136,286
-95,144,279
-97,150,274
-104,160,267
-108,165,261
-113,160,257
-125,162,252
-130,160,247
-133,156,246
-137,154,244
-144,145,238
-146,140,237
-154,138,237
-157,131,235
-159,125,231
-161,120,229
-162,107,227
-160,102,223
-159,94,223
-158,87,221
-163,79,217
-164,75,212
-164,73,208
-167,72,207
-166,78,204
-162,80,204
-167,86,204
-169,89,198
-167,90,197
-167,92,189
-164,95,184
-163,102,185
-166,107,185
-174,108,183
-178,115,184
-173,123,190
-167,133,190
-168,138,185
-170,135,180
-172,131,174
-166,118,180
-159,89,200
-171,81,194
-179,92,174
-170,108,156
-158,115,149
-153,118,148
-155,119,145
-153,115,143
-156,116,137
-161,117,128
-160,116,122
-158,112,120
-166,115,117
-167,115,115
-177,121,111
-181,126,109
-187,131,108
-194,142,109
-199,152,108
-206,166,109
-210,184,106
-216,199,107
-220,219,104
-218,232,100
-215,243,99
-209,252,96
-201,254,95
-197,247,94
-189,234,94
-185,220,87
-185,198,78
-185,174,74
-176,161,72
-170,150,67
-170,132,52
-177,115,44
-178,99,39
-174,98,36
-172,98,37
-173,114,37
-175,133,37
-172,153,36
-177,171,34
-176,181,32
-184,185,28
-188,188,27
-183,189,28
-175,188,27
-170,185,26
-170,179,27
-170,171,21
-170,159,16
-161,146,5
-154,135,1
-149,122,-2
-140,88,6
-140,56,16
-154,46,14
-158,50,4
-157,59,-8
-149,66,-1
-137,71,8
-134,76,12
-134,82,15
-135,85,17
-129,84,23
-129,87,25
-131,96,28
-132,105,29
-126,106,20
-129,108,13
-127,109,14
-128,113,15
-123,120,17
-124,126,17
-123,126,16
-127,123,12
-124,116,12
-116,79,35
-129,42,43
-137,21,33
-135,6,20
-129,5,3
-120,8,-7
-111,16,-12
-101,15,-13
-103,13,-10
-100,9,-11
-92,5,-6
-91,4,-2
-91,8,2
-89,14,0
-87,23,5
-88,35,11
-89,51,15
-88,69,19
-86,83,18
-85,91,17
-79,92,14
-73,89,9
-69,80,7
-58,67,7
-50,53,6
-51,45,4
-40,31,6
-33,22,6
-28,13,5
-26,7,6
-18,1,10
-14,2,13
-11,3,20
-9,6,28
-8,11,34
-5,20,41
0,27,46
-1,40,49
3,55,49
12,69,51
14,82,53
19,85,52
21,93,55
23,101,52
29,98,44
35,89,37
36,79,31
42,64,25
45,48,18
51,32,13
52,17,7
57,11,3
60,7,2
59,8,0
56,12,-1
58,15,4
58,23,3
60,30,7
53,37,7
55,46,8
52,55,6
47,59,6
45,64,6
42,64,3
46,68,0
45,67,-3
46,64,-2
49,62,-8
54,59,-12
56,58,-15
60,57,-14
65,48,-19
68,44,-22
68,37,-23
66,30,-24
70,22,-24
68,19,-22
73,21,-16
71,22,-10
71,25,-7
69,28,-5
68,34,-3
68,44,-2
66,43,0
65,40,2
64,39,2
64,43,2
66,41,2
66,41,0
66,35,3
67,28,4
60,19,1
60,12,-2
65,5,-2
64,1,-2
67,-3,5
68,0,11
72,2,14
70,6,12
67,12,15
73,23,23
77,36,31
73,51,35
72,74,43
69,98,52
67,122,60
65,139,65
63,155,70
58,167,71
58,170,73
50,172,74
41,169,75
40,162,78
38,153,82
39,142,85
33,129,81
29,118,83
28,108,87
27,96,88
21,91,90
12,87,93
12,81,96
19,69,108
14,69,112
9,73,117
7,78,126
0,79,130
-2,79,134
1,85,138
-7,90,141
-11,85,143
-12,88,144
-18,87,144
-23,88,142
-27,84,134
-33,82,127
-34,82,125
-31,87,122
-26,91,112
-29,92,102
-34,91,101
-35,94,99
-31,104,99
-28,112,102
-26,124,107
-24,140,110
-22,153,114
-26,162,116
-25,159,121
-18,124,143
-36,113,145
-49,124,136
-60,144,123
-54,170,119
-50,193,113
-53,210,107
-48,219,103
-43,214,99
-40,208,89
-40,195,82
-50,182,73
-58,169,66
-64,162,59
-67,160,56
-67,161,54
-72,161,53
-76,166,56
-78,179,57
-75,183,61
-79,184,60
-82,189,62
-81,191,61
-85,194,61
-87,200,58
-89,204,57
-86,209,54
-86,215,50
-90,224,46
-91,234,49
-90,239,48
-92,241,45
-93,243,42
-91,249,43
-91,255,39
-88,259,38
-88,273,40
-83,290,36
-82,303,40
-88,318,46
-86,331,53
-82,346,61
-78,353,68
-76,353,75
-72,347,89
-72,343,106
-64,332,117
-57,319,132
-54,299,149
-44,273,169
-36,250,191
-22,230,204
-5,209,210
11,187,205
19,160,209
28,133,217
49,119,229
72,110,238
94,97,242
111,91,241
122,86,246
149,90,255
171,110,253
183,129,246
188,143,240
190,160,235
195,176,229
200,195,233
189,206,252
195,220,276
216,238,287
229,248,286
232,252,276
233,254,261
236,254,245
231,256,234
238,253,227
238,255,221
233,258,215
234,256,208
241,251,204
235,248,200
233,240,193
235,229,191
234,216,187
234,198,186
241,176,186
242,161,185
242,143,181
243,125,177
240,107,178
243,92,177
245,78,178
243,65,179
241,52,183
244,39,186
238,32,186
242,22,189
243,11,189
247,3,187
250,-5,187
252,-11,185
258,-22,180
266,-32,174
269,-36,170
278,-38,166
283,-36,166
294,-35,166
299,-31,168
307,-21,168
314,-15,172
324,-8,172
332,-2,172
339,3,169
343,11,169
342,15,166
335,17,164
326,25,160
322,32,158
317,31,156
309,29,158
305,26,160
298,23,161
293,20,163
286,21,166
279,18,163
270,20,157
263,16,158
251,17,153
245,18,143
238,18,139
231,18,138
221,19,133
208,13,126
197,12,117
186,15,115
169,19,114
157,24,109
147,27,104
130,25,97
114,25,89
98,24,77
86,26,67
75,29,57
58,38,50
43,44,41
35,54,33
24,59,27
