1393,3180,6636
1403,3111,6666
1382,3189,6733
1413,3202,6670
1403,3258,6468
1429,3237,6392
1426,3271,6346
1435,3255,6259
1440,3265,6296
1486,3381,6232
1452,3261,6375
1473,3282,6340
1466,3315,6279
1446,3289,6376
1434,3279,6389
1461,3267,6326
1436,3288,6361
1389,3278,6434
1439,3435,6426
1433,3189,6499
1472,3109,6535
1431,3111,6560
1404,3217,6670
1307,3376,6843
1289,3428,6750
1357,3369,6605
1360,3367,6532
1384,3437,6554
1382,3437,6589
1338,3356,6789
1318,3352,6942
1279,3374,7140
1253,3365,7165
1225,3381,7217
1207,3337,7247
1191,3362,7292
1156,3460,7376
1138,3392,7365
1141,3257,7611
1155,3215,7582
1141,3174,7620
1098,3176,7639
1078,3201,7587
1092,3233,7627
1143,3220,7560
1160,3453,7511
1188,3308,7339
1202,3154,7378
1241,3085,7307
1283,3031,7119
1292,3058,7152
1341,3018,7088
1271,3051,7109
1232,3003,7290
1253,2937,7301
1309,3008,7115
1310,2777,7156
1316,2793,7077
1338,2841,7094
1339,2874,6950
1347,2934,7005
1331,2981,6866
1375,3003,6677
1388,3034,6632
1419,3173,6471
1404,3125,6593
1363,3160,6617
1373,3203,6543
1406,3223,6507
1414,3229,6458
1423,3250,6287
1468,3240,6096
1442,3265,6067
1429,3374,6102
1489,3237,6174
1481,3252,6175
1448,3237,6216
1438,3237,6188
1386,3267,6206
1417,3282,6266
1419,3298,6333
1419,3260,6460
1423,3355,6373
1362,3183,6609
1453,3148,6576
1492,3141,6471
1401,3200,6712
1283,3318,6892
1320,3316,6833
1375,3254,6771
1367,3252,6815
1326,3383,6797
1315,3363,6838
1320,3231,6973
1262,3246,7026
1242,3234,7279
1199,3221,7258
1200,3236,7405
1197,3202,7524
1203,3204,7439
1204,3373,7350
1185,3305,7328
1204,3184,7414
1212,3230,7255
1252,3262,7143
1277,3318,7100
1294,3287,7090
1256,3284,7041
1269,3295,7109
1256,3448,7071
1256,3451,6957
1274,3402,6975
1281,3392,6893
1329,3275,6899
1288,3175,6920
1290,3182,6900
1321,3115,6975
1300,3079,7037
1360,3067,7066
1380,3146,6881
1356,3063,6976
1362,3094,6892
1358,3115,6873
1408,3154,6712
1461,3118,6615
1430,3138,6434
1473,3166,6463
1450,3220,6376
1426,3393,6347
1402,3293,6350
1428,3316,6342
1402,3326,6224
1419,3329,6164
1419,3305,6144
1432,3321,6009
1426,3305,5893
1416,3304,5871
1395,3439,5864
1429,3331,5866
1430,3334,5907
1407,3345,5985
1410,3327,6048
1390,3335,6109
1419,3315,6195
1357,3324,6294
1390,3261,6466
1391,3319,6324
1416,3173,6366
1422,3110,6235
1423,3130,6279
1372,3260,6574
1322,3321,6634
1344,3305,6532
1374,3227,6532
1421,3222,6498
1369,3359,6500
1405,3324,6578
1332,3208,6791
1327,3212,6850
1296,3205,7004
1256,3192,7139
1231,3164,7203
1232,3160,7151
1222,3148,7174
1224,3344,7168
1241,3327,7244
1180,3184,7278
1202,3223,7263
1197,3220,7284
1183,3246,7305
1197,3176,7254
1219,3232,7175
1246,3178,7128
1239,3387,7007
1284,3271,6949
1276,3145,6980
1310,3145,6839
1317,3130,6852
1314,3123,6803
1335,3110,6821
1318,3046,6963
1340,2977,6999
1321,2895,6981
1335,2976,6812
1354,2838,6757
1417,2873,6744
1388,2907,6684
1402,2933,6576
1439,2959,6557
1422,2958,6416
1477,2986,6301
1483,3017,6355
1469,3168,6199
1476,3081,6315
1488,3086,6335
1438,3104,6352
1467,3140,6255
1455,3165,6206
1492,3154,6042
1508,3167,5955
1493,3210,5972
1471,3315,5863
1487,3174,5987
1466,3138,6068
1466,3138,6084
1488,3163,6142
1456,3171,6114
1450,3170,6062
1438,3169,6116
1453,3196,6226
1449,3270,6169
1468,3234,6411
1435,3092,6336
1497,3033,6188
1467,3030,6327
1407,3134,6718
1389,3224,6893
1397,3205,6665
1478,3120,6410
1451,3266,6371
1426,3200,6440
1428,3081,6631
1371,3061,6717
1394,3094,6788
1354,3079,7017
1308,3068,7122
1324,3125,7179
1329,3116,7278
1351,3300,7157
1314,3220,7104
1274,3111,7221
1259,3132,7261
1250,3098,7217
1248,3147,7246
1263,3133,7291
1256,3132,7331
1262,3122,7257
1283,3229,7192
1248,3260,7250
1262,3253,7149
1309,3103,7142
1335,3126,7125
1336,3096,6979
1358,3116,6967
1328,3104,6926
1358,3101,7022
1349,3091,7089
1391,3118,6978
1365,2923,6970
1430,2853,6914
1437,2876,6818
1457,2918,6645
1472,2919,6632
1467,2900,6557
1521,2917,6465
1479,2876,6415
1515,3120,6225
1551,3141,6173
1521,3104,6266
1554,3078,6372
1485,3010,6527
1525,2970,6487
1504,3063,6419
1498,3050,6301
1485,3028,6215
1507,3189,6031
1515,3031,6090
1531,3070,6105
1498,3077,6145
1510,3062,6142
1503,3048,6085
1533,3065,6158
1525,3046,6117
1547,3026,6194
1508,3145,6149
1468,3124,6203
1482,2997,6370
1479,2938,6315
1504,2852,6229
1497,2794,6161
1487,2776,6602
1348,2906,7108
1396,2913,6982
1481,3060,6596
1478,3055,6377
1484,2898,6589
1465,2923,6699
1456,2886,6718
1442,2850,6829
1396,2857,7036
1384,2828,7138
1345,2860,7291
1360,3046,7306
1306,3026,7218
1321,2875,7237
1377,2891,7192
1336,2916,7186
1354,2947,7192
1341,2991,7205
1297,2987,7240
1299,3004,7234
1266,3074,7308
1275,3136,7260
1296,3019,7300
1302,3014,7274
1326,3016,7184
1346,3022,7023
1396,2997,6995
1404,3002,6831
1401,2990,6838
1392,2957,6928
1362,3066,6877
1365,2883,7155
1361,2859,7121
1391,2816,7061
1399,2765,6980
1379,2746,6858
1392,2736,6880
1391,2765,6807
1440,2772,6736
1454,2903,6583
1451,2785,6583
1454,2765,6392
1451,2771,6495
1481,2792,6400
1470,2833,6486
1472,2871,6517
1440,2855,6528
1414,2891,6475
1433,3018,6406
1471,2944,6454
1479,2959,6334
1491,2954,6300
1486,2963,6326
1475,2948,6214
1483,2997,6224
1478,2994,6179
1515,2958,6208
1501,3115,6113
1516,3082,6197
1484,2994,6372
1488,2973,6433
1483,2954,6434
1450,2876,6433
1447,2852,6401
1473,2828,6301
1502,2864,6344
1446,3075,6561
1395,3144,6820
1357,2983,6880
1381,2978,6791
1406,2957,6600
1397,2986,6686
1413,2962,6696
1387,2961,6781
1330,2970,6914
1363,3175,6953
1306,3097,7099
1309,2994,7261
1274,3003,7149
1291,3011,7197
1315,3039,7093
1301,3036,7121
1289,3006,7144
1259,3040,7107
1248,3057,7201
1260,3234,7162
1266,3165,7268
1213,3159,7300
1245,3222,7160
1243,3224,7147
1254,3249,7044
1318,3196,6942
1303,3166,6809
1355,3133,6733
1355,3246,6612
1379,3098,6667
1376,3105,6769
1324,3094,6872
1321,3035,6891
1384,2976,6911
1331,2947,6789
1379,2971,6737
1405,2993,6675
1396,3069,6512
1426,2979,6504
1431,2961,6476
1424,2995,6462
1428,2957,6370
1451,2984,6310
1472,3026,6316
1426,3099,6376
1424,3112,6368
1419,3271,6259
1374,3157,6284
1389,3166,6254
1453,3176,6152
1447,3194,6110
1459,3179,6104
1457,3197,6077
1458,3207,6117
1448,3162,6175
1484,3265,6177
1402,3231,6221
1426,3151,6274
1413,3166,6229
1471,3176,6234
1440,3158,6301
1389,3138,6406
1388,3061,6506
1395,3038,6446
1441,3212,6459
1428,3152,6443
1388,3069,6678
1371,3156,6914
1294,3190,6911
1368,3181,6740
1373,3163,6750
1417,3164,6734
1388,3167,6696
1381,3335,6611
1358,3336,6667
1374,3348,6756
1314,3382,6977
1280,3277,7038
1255,3164,7235
1237,3204,7269
1211,3186,7303
1215,3174,7235
1237,3196,7346
1213,3326,7208
1216,3256,7199
1234,3136,7306
1245,3170,7218
1242,3136,7326
1248,3163,7317
1208,3166,7373
1229,3185,7323
1191,3185,7355
1242,3297,7149
1229,3115,7191
1287,3092,7178
1278,3079,7095
1342,3085,6974
1353,3039,7003
1293,3013,7089
1304,2954,7093
1299,2886,7085
1337,2896,6981
1381,2801,6972
1375,2851,6865
1384,2860,6766
1406,2917,6715
1454,2885,6644
1454,2876,6538
1508,2918,6549
1489,2940,6465
1477,3185,6495
1457,3046,6488
1431,3047,6437
1441,3082,6429
1437,3049,6311
1456,3084,6306
1457,3096,6151
1470,3084,6064
1450,3132,6008
1455,3269,5883
1445,3215,5962
1462,3105,6050
1432,3117,6022
1447,3102,6092
1443,3104,6122
1420,3128,6265
1402,3112,6303
1390,3108,6318
1376,3232,6172
1378,3124,6165
1425,2967,6127
1412,2953,6127
1399,2992,6458
1295,3098,6677
1348,3012,6676
1338,3005,6597
1311,3039,6656
1317,3194,6569
1311,3153,6615
1300,2961,6787
1284,3003,6926
1246,3042,7028
1229,3054,7087
1177,2996,7244
1183,3024,7336
1195,3026,7269
1193,2983,7318
1192,3111,7181
1187,2981,7391
1135,2970,7345
1147,2984,7411
1129,3006,7449
1132,2988,7395
1077,3023,7293
1105,3043,7300
1135,3001,7250
1180,3120,7093
1144,3014,7150
1153,2994,7173
1194,2939,7128
1211,2955,7031
1245,2931,7042
1224,2913,7025
1233,2891,7053
1232,2913,7063
1254,2943,7032
1234,2798,7089
1261,2707,6985
1254,2702,7031
1257,2704,6905
1301,2736,6825
1312,2764,6772
1356,2792,6609
1336,2810,6479
1372,2944,6360
1324,2949,6438
1345,2887,6513
1336,2949,6537
1364,3019,6555
1337,3043,6459
1316,3045,6407
1343,3046,6303
1407,3072,6372
1366,3198,6204
1369,3228,6188
1370,3112,6224
1386,3102,6211
1390,3122,6199
1338,3076,6304
1363,3145,6189
1363,3137,6261
1345,3114,6372
1352,3254,6375
1309,3213,6428
1297,3052,6628
1312,2994,6534
1359,2983,6479
1354,3010,6510
1284,3067,6618
1229,3239,6714
1255,3300,6736
1265,3406,6616
1263,3367,6591
1260,3216,6725
1248,3183,6853
1231,3142,6945
1212,3195,7026
1167,3216,7122
1112,3182,7152
1095,3159,7248
1132,3164,7271
1102,3351,7129
1067,3189,7394
1058,3210,7389
1003,3216,7388
1031,3234,7407
1013,3228,7507
1008,3225,7544
1052,3221,7528
1052,3276,7482
1061,3370,7360
1106,3244,7323
1142,3275,7262
1194,3280,7116
1211,3224,7109
1211,3186,7044
1234,3132,6916
1242,3147,7003
1237,3162,7041
1209,3204,7004
1192,3020,7220
1189,2928,7247
1235,2866,7087
1268,2908,7064
1270,2949,7009
1318,2974,6862
1315,3021,6777
1351,3038,6611
1391,3198,6390
1342,3259,6335
1386,3310,6377
1380,3251,6380
1354,3234,6277
1347,3177,6508
1349,3196,6342
1375,3206,6270
1417,3209,6180
1413,3327,5979
1449,3295,5810
1449,3185,5899
1417,3145,5895
1395,3154,5893
1402,3118,5975
1389,3122,5993
1413,3102,6027
1404,3097,6006
1412,3317,5973
1406,3246,5988
1385,3122,6292
1388,3070,6316
1339,3098,6359
1370,3031,6231
1384,3027,6114
1392,3033,6303
1313,3106,6654
1260,3204,6701
1315,3267,6623
1337,3132,6559
1329,3091,6574
1357,3081,6609
1351,3035,6553
1326,3026,6780
1261,3049,6845
1241,3066,7051
1200,3092,7083
1181,3205,7122
1155,3114,7280
1155,3085,7316
1134,3045,7259
1148,3073,7260
1153,3089,7260
1139,3036,7273
1128,3047,7285
1125,3109,7400
1071,3184,7385
1029,3082,7462
1044,3145,7428
1064,3138,7341
1072,3156,7283
1134,3100,7117
1143,3093,7020
1173,3062,6901
1203,3037,6831
1204,3154,6689
1197,3005,6884
1202,2994,6929
1165,2987,7079
1146,2950,7067
1192,2905,7066
1204,2825,7035
1220,2848,6906
1213,2921,6841
1256,3014,6684
1252,3026,6627
1243,2984,6686
1283,2914,6555
1312,2945,6474
1323,2985,6427
1313,3051,6374
1298,3064,6504
1274,3090,6470
1316,3276,6329
1292,3282,6298
1315,3152,6286
1285,3175,6255
1337,3191,6122
1323,3168,6213
1300,3195,6221
1271,3226,6252
1330,3170,6276
1302,3387,6225
1305,3305,6203
1251,3237,6303
1293,3262,6279
1294,3254,6472
1229,3268,6382
1228,3202,6566
1262,3143,6505
1277,3110,6422
1296,3082,6408
1292,3206,6382
1210,3181,6719
1165,3276,6851
1142,3258,6770
1205,3207,6555
1202,3184,6534
1213,3192,6571
1179,3213,6617
1172,3247,6757
1126,3336,6831
1134,3216,7060
1092,3255,7142
1040,3225,7256
1035,3240,7276
1083,3237,7326
1020,3201,7286
1062,3234,7346
1015,3226,7306
1001,3316,7346
1002,3179,7453
1010,3195,7360
1002,3260,7428
975,3285,7437
990,3305,7375
1042,3281,7308
1072,3304,7265
1109,3283,7140
1144,3371,6996
1171,3216,7004
1192,3201,6938
1166,3136,6931
1179,3103,6958
1152,3039,7099
1133,3040,7143
1140,2999,7147
1137,2925,7159
1198,3022,7018
1225,3086,6854
1268,3020,6855
1319,3027,6648
1255,3047,6652
1307,3039,6543
1299,3019,6509
1321,3063,6470
1325,3061,6547
1306,3325,6438
1271,3268,6368
1312,3141,6398
1325,3143,6312
1359,3174,6273
1379,3148,6176
1355,3150,6165
1345,3114,6245
1380,3139,6164
1385,3339,6077
1397,3260,6078
1355,3134,6126
1351,3110,6223
1359,3083,6119
1336,3083,6172
1311,3021,6283
1328,3004,6311
1321,2962,6261
1366,2915,6176
1390,3041,6068
1382,2948,6225
1317,2996,6358
1311,3031,6534
1282,3037,6526
1288,2986,6513
1309,2987,6532
1326,2963,6442
1304,2937,6427
1293,3138,6261
1350,3231,6303
1262,3229,6424
1291,3130,6528
1301,3071,6732
1276,3052,6794
1264,3111,6863
1258,3082,6658
1279,3094,6748
1271,3224,6635
1262,3098,6667
1211,3092,6798
1260,3098,6769
1272,3088,6727
1287,3117,6680
1245,3132,6806
1246,3178,6681
1234,3243,6640
1249,3367,6696
1228,3279,6758
1235,3281,6733
1264,3236,6723
1253,3222,6653
1246,3192,6680
1267,3185,6644
1279,3140,6626
1278,3151,6615
1287,3237,6505
1310,3267,6561
1294,3140,6694
1265,3131,6647
1289,3129,6672
1280,3198,6641
1282,3150,6600
1298,3150,6648
1277,3168,6593
1291,3305,6419
1267,3286,6421
1312,3175,6487
1305,3242,6428
1306,3245,6482
1293,3228,6391
1294,3228,6408
1286,3216,6465
1284,3219,6521
1300,3418,6412
1285,3296,6449
1285,3212,6592
1280,3227,6661
1292,3213,6690
1270,3166,6742
1271,3206,6587
1310,3231,6562
1251,3207,6603
1264,3225,6599
1246,3366,6535
1233,3287,6629
1255,3263,6714
1267,3272,6798
1216,3281,6787
1252,3242,6801
1292,3204,6749
1272,3190,6834
1263,3162,6797
1213,3338,6736
1230,3199,6854
1271,3189,6853
1270,3215,6848
1294,3209,6922
1263,3188,6847
1288,3201,6804
1271,3198,6851
1269,3218,6876
1298,3386,6729
1258,3316,6833
1305,3208,6834
1309,3173,6871
1257,3244,6901
1315,3214,6858
1278,3224,6818
1310,3229,6772
1290,3200,6849
1296,3349,6721
1309,3283,6752
1261,3164,6728
1277,3148,6795
1237,3145,6725
1207,3171,6733
1212,3182,6784
1143,3172,6754
1184,3201,6832
1198,3340,6692
1182,3289,6836
1140,3215,6875
1158,3199,6931
1175,3206,6902
1123,3194,6892
1146,3228,6919
1119,3225,6978
1122,3210,6968
1162,3386,6854
1155,3322,6789
1135,3191,6930
1141,3179,6980
1174,3192,6987
1140,3214,6998
1125,3192,6957
1158,3208,7015
1136,3176,7077
1136,3302,7039
1131,3301,7026
1128,3201,7071
1137,3162,7013
1111,3147,7012
1097,3122,7071
1128,3146,7055
1135,3139,7089
1152,3133,7126
1115,3121,7090
1107,3238,6972
1098,3148,7047
1107,3138,7160
1101,3134,7105
1096,3141,7088
1099,3163,7083
1093,3174,7120
1087,3179,7040
1097,3152,7087
1118,3293,7034
1095,3177,7101
1092,3156,7086
1081,3145,7205
1092,3165,7159
1105,3211,7138
1098,3150,7218
1116,3190,7068
1096,3159,7145
1113,3317,7026
1115,3167,7168
1114,3144,7139
1138,3175,7124
1101,3156,7160
1101,3190,7124
1115,3157,7177
1120,3189,7172
1072,3146,7132
1131,3328,7035
1133,3389,6959
1139,3376,7015
1142,3394,7070
1134,3273,7011
1115,3170,7038
1134,3180,7080
1164,3158,7087
1155,3187,7050
1148,3338,6975
1137,3343,6975
1135,3208,7065
1170,3220,7016
1141,3198,7036
1154,3231,7110
1158,3192,7090
1116,3184,7155
1141,3177,7003
1130,3346,7023
1113,3300,6968
1122,3151,7090
1125,3199,7068
1115,3173,7006
1141,3147,7012
1150,3186,7068
1163,3142,7001
1156,3150,7023
1125,3177,7033
1159,3289,7006
1130,3162,7093
1146,3158,7007
1161,3200,7029
1151,3148,7068
1113,3126,7100
1142,3174,7035
1146,3190,7015
1124,3166,7056
1149,3320,6917
1153,3288,6956
1117,3147,7089
1143,3156,7030
1130,3180,7115
1120,3230,7138
1131,3221,7057
1154,3203,7122
1149,3176,7051
1135,3303,6970
1112,3204,7092
1124,3226,7059
1129,3207,7033
1110,3196,7035
1150,3183,7076
1103,3183,7032
1106,3158,7031
1100,3164,7070
1100,3301,6966
1119,3183,7011
1118,3181,7065
1092,3182,7099
1115,3195,7051
1112,3215,7093
1168,3208,7045
1148,3200,7042
1148,3229,7055
1137,3357,6963
1121,3362,6992
1123,3176,7061
1129,3212,7020
1136,3224,6992
1150,3239,7005
1129,3239,7038
1154,3217,6888
1159,3248,6973
1176,3390,6883
1137,3387,6922
1156,3252,7027
1154,3274,6999
1140,3321,6966
1179,3271,7052
1180,3269,7040
1154,3294,7030
1159,3304,7005
1158,3484,6998
1147,3383,6985
1136,3283,7057
1135,3281,7111
1125,3283,7073
1132,3301,7058
1130,3323,7104
1124,3277,7108
1102,3276,7086
1091,3297,7075
1123,3430,7048
1054,3305,7137
1087,3298,7178
1057,3298,7159
1099,3297,7137
1116,3291,7095
1109,3272,7153
1088,3256,7106
1052,3261,7201
1087,3390,7030
1104,3272,7146
1066,3283,7181
1063,3261,7229
1073,3267,7165
1045,3277,7302
1077,3262,7242
1104,3247,7214
1067,3241,7214
1061,3368,7079
1069,3251,7129
1079,3261,7219
1070,3232,7220
1055,3250,7100
1084,3263,7134
1079,3239,7141
1073,3251,7122
1097,3284,7157
1086,3383,7104
1084,3317,7095
1099,3288,7171
1073,3273,7174
1091,3261,7175
1085,3235,7094
1109,3267,7181
1093,3218,7145
1113,3265,7203
1094,3376,7055
1083,3386,6993
1078,3245,7115
1076,3251,7154
1067,3250,7191
1086,3271,7111
1104,3265,7070
1112,3259,7139
1088,3231,7126
1091,3473,7056
1101,3369,6983
1081,3251,7140
1092,3278,7046
1085,3283,7057
1071,3309,7085
1074,3280,7120
1083,3295,7125
1104,3290,7129
1117,3457,7001
1078,3388,7016
1095,3275,7037
1084,3289,7137
1106,3296,7123
1105,3322,7078
1063,3283,7126
1102,3297,7156
1126,3275,7113
1110,3314,7108
1094,3439,7026
1121,3274,7119
1120,3306,7132
1128,3309,7115
1077,3322,7205
1126,3296,7064
1108,3252,7169
1108,3264,7086
1112,3311,7231
1109,3492,6990
1109,3514,7011
1129,3511,7023
1102,3428,7067
1110,3362,7162
1096,3300,7211
1130,3289,7147
1099,3314,7187
1101,3299,7086
1076,3429,7070
1091,3273,7132
1101,3308,7123
1080,3309,7140
1086,3300,7116
1100,3257,7126
1134,3312,7116
1132,3309,7144
1118,3319,7165
1119,3414,7041
1123,3310,7169
1089,3303,7108
1101,3283,7148
1061,3279,7198
1062,3289,7190
1098,3280,7166
1084,3279,7154
1080,3295,7172
1110,3398,7103
1068,3417,7016
1122,3257,7137
1095,3276,7074
1080,3286,7140
1065,3267,7176
1093,3276,7146
1079,3270,7152
1084,3260,7153
1108,3433,7057
1110,3370,7107
1128,3262,7193
1133,3275,7145
1097,3255,7206
1115,3266,7202
1118,3243,7216
1092,3247,7108
1085,3274,7153
1091,3425,7026
1107,3369,7057
1113,3240,7137
1099,3238,7156
1102,3268,7179
1094,3246,7199
1066,3245,7108
1119,3261,7102
1096,3274,7157
1110,3258,7038
1104,3378,7048
1070,3274,7090
1113,3282,7051
1071,3276,7129
1111,3272,7072
1067,3280,7154
1125,3285,7124
1128,3254,7111
1111,3314,7088
1087,3404,7008
1113,3285,7190
1140,3250,7165
1094,3269,7116
1137,3283,7096
1097,3266,7134
1125,3260,7111
1102,3273,7134
1123,3287,7104
1098,3386,6971
1107,3251,7026
1123,3295,7017
1115,3277,7032
1125,3276,7056
1121,3261,7103
1096,3252,7081
1117,3262,7071
1107,3266,7018
1091,3360,6906
1114,3381,7033
1106,3285,7095
1084,3288,7079
1120,3286,7031
1141,3290,7066
1134,3304,7098
1129,3290,6982
1101,3279,7029
1113,3406,6952
1082,3430,7002
1101,3318,7071
1119,3283,7050
1123,3316,6978
1113,3295,7009
1086,3296,7065
1102,3271,6977
1107,3347,7092
1092,3476,6933
1099,3422,6947
1094,3306,6946
1105,3303,6983
1087,3299,7080
1111,3272,7026
1096,3274,7009
1117,3252,6936
1086,3274,7031
1081,3431,6958
1103,3413,6845
1095,3338,6954
1127,3284,7013
1124,3289,7020
1110,3266,7010
1119,3277,7002
1099,3285,7055
1134,3287,6937
1140,3294,7028
1118,3439,6929
1104,3330,6978
1103,3346,6956
1092,3302,6941
1118,3243,6987
1133,3294,7055
1098,3299,6988
1091,3290,6955
1075,3284,6949
1093,3429,6903
1113,3272,6930
1111,3283,6960
1125,3272,6922
1115,3288,6980
1143,3299,6946
1102,3275,6945
1136,3288,6916
1107,3333,6980
1134,3432,6879
1111,3298,6935
1108,3288,6947
1077,3326,6982
1105,3316,6987
1091,3277,6996
1108,3293,6923
1125,3294,7020
1121,3270,6950
1089,3398,6979
1105,3426,6898
1090,3294,7063
1110,3336,6986
1131,3294,6998
1115,3310,6927
1103,3325,6942
1118,3301,6926
1169,3299,6934
1128,3407,6908
1133,3439,6932
1126,3315,6996
1102,3318,6993
1090,3289,6925
1105,3313,7016
1104,3342,6989
1118,3344,6958
1095,3373,6969
1120,3476,6891
1130,3551,6838
1108,3544,6927
1107,3528,6847
1085,3439,6968
1076,3306,7030
1105,3306,6989
1124,3270,7016
1141,3340,6975
1151,3371,6927
1132,3386,6931
1135,3309,6980
1123,3312,7017
1123,3331,6966
1139,3313,7004
1104,3322,6977
1128,3276,7030
1141,3306,7026
1120,3294,7038
1167,3455,6932
1122,3301,6921
1098,3308,6953
1107,3320,6975
1114,3330,7089
1114,3342,7004
1143,3334,6998
1151,3303,6957
1142,3290,7009
1161,3442,6978
1129,3312,6961
1120,3345,6947
1151,3300,7045
1094,3312,6995
1134,3306,7016
1124,3318,7013
1135,3313,7016
1172,3283,7028
1121,3416,6940
1140,3284,7000
1166,3301,6901
1127,3325,7049
1123,3285,7024
1129,3281,7044
1138,3273,7043
1146,3253,7024
1139,3339,7006
1125,3383,6867
1124,3434,6919
1083,3287,7059
1102,3266,6989
1087,3271,7024
1119,3258,6988
1142,3269,7073
1107,3271,7000
1126,3266,7039
1111,3422,6986
1140,3403,6900
1124,3246,6979
1116,3241,7079
1136,3297,6988
1139,3294,7033
1130,3273,6980
1112,3280,7063
1173,3295,7003
1153,3508,6867
1135,3415,6962
1127,3274,6993
1110,3268,7035
1100,3295,6992
1143,3262,7006
1111,3285,7066
1137,3307,7023
1102,3308,6961
1114,3301,7015
1121,3417,6890
1149,3293,7089
1101,3316,7004
1095,3293,7031
1104,3332,6972
1109,3318,6964
1116,3299,6958
1117,3323,6996
1134,3295,7054
1138,3397,6957
1136,3269,7001
1141,3284,6974
1146,3288,6932
1126,3297,7027
1151,3271,7054
1146,3256,7055
1147,3283,6960
1174,3278,6974
1136,3403,6894
1135,3298,7070
1142,3295,7099
1148,3281,6913
1132,3292,6976
1092,3248,6991
1143,3258,7005
1115,3290,6927
1134,3260,6930
1137,3352,6903
1115,3273,7011
1165,3275,6984
1165,3270,7003
1159,3245,6992
1138,3258,7016
1112,3234,6982
1126,3222,6952
1130,3221,6975
1147,3448,6874
1134,3378,6887
1151,3269,7002
1147,3287,6998
1144,3279,7019
1151,3259,6984
1158,3256,6971
1134,3294,6907
1147,3265,6980
1140,3472,6947
1152,3394,6935
1133,3248,6988
1132,3283,7011
1159,3264,7063
1154,3292,7002
1142,3268,6966
1153,3307,6956
1170,3243,6990
1168,3469,6868
1138,3431,6941
1147,3263,6991
1173,3259,6965
1153,3248,6923
1181,3254,6960
1160,3283,6930
1172,3280,6902
1153,3278,6941
1131,3280,6974
1110,3368,6855
1142,3260,6925
1138,3282,6879
1130,3306,6910
1110,3284,6879
1146,3300,6957
1117,3268,6941
1151,3259,6943
1125,3248,6911
1150,3346,6833
1144,3248,6918
1161,3291,6977
1121,3299,6950
1130,3300,7000
1150,3302,6917
1124,3330,7003
1132,3337,6983
1133,3247,6902
1158,3402,6886
1151,3287,6996
1136,3309,7051
1130,3306,6955
1142,3311,6933
1153,3305,6914
1151,3308,6990
1163,3296,6962
1144,3302,6957
1169,3491,6894
1144,3522,6957
1146,3537,6759
1159,3402,6825
1165,3425,6830
1133,3282,6927
1164,3319,6873
1127,3300,6920
1139,3331,6898
1128,3436,6872
1115,3423,6880
1137,3312,6994
1114,3321,7040
1132,3313,6970
1134,3289,6924
1134,3316,7004
1123,3342,7065
1119,3334,6937
1167,3542,6905
1161,3469,6897
1121,3455,6843
1103,3312,6970
1151,3322,6990
1133,3330,6987
1096,3334,6925
1093,3329,6986
1086,3355,6957
1078,3454,6928
1114,3466,6887
1098,3376,6956
1096,3346,7004
1110,3332,6968
1156,3331,6943
1097,3351,6965
1108,3396,6939
1127,3371,6991
1121,3340,6910
1109,3461,6894
1154,3336,6989
1132,3315,6991
1120,3337,7022
1098,3346,7006
1107,3305,7037
1127,3336,7016
1132,3322,6944
1138,3302,7009
1175,3444,6839
1104,3444,6943
1101,3310,7006
1153,3313,6911
1150,3316,6912
1139,3297,6929
1109,3305,6983
1123,3318,7031
1129,3350,7006
1148,3436,6915
1144,3335,7020
1144,3350,6962
1140,3334,6991
1148,3327,7029
1154,3295,7009
1126,3287,6990
1122,3290,7013
1154,3292,6946
1137,3429,6911
1174,3429,6959
1150,3336,7020
1132,3321,7063
1114,3320,7044
1154,3322,6977
1175,3306,6992
1126,3287,7002
1124,3304,6991
1179,3407,6832
1141,3381,6850
1184,3280,6901
1140,3300,6933
1125,3286,7026
1161,3336,7027
1127,3304,6963
1157,3325,7024
1152,3323,6980
1159,3480,6897
1142,3438,6856
1129,3310,6990
1152,3279,7011
1110,3305,6986
1129,3279,6923
1139,3314,6926
1153,3256,6972
1145,3296,6964
1147,3351,6965
1149,3406,6878
1131,3295,6932
1161,3280,6980
1183,3261,6916
1151,3300,6994
1154,3295,6938
1175,3295,6933
1162,3295,6965
1128,3314,6952
1133,3424,6815
1181,3305,7008
1172,3284,7012
1139,3295,6931
1148,3290,6942
1136,3290,7008
1168,3260,6957
1137,3305,6981
1162,3288,7022
1136,3427,6896
1128,3334,6912
1162,3291,6914
1165,3321,6948
1165,3307,6936
1144,3285,6937
1145,3287,6918
1127,3285,6983
1130,3307,7035
1123,3410,6891
1126,3271,6950
1134,3301,6969
1130,3310,6947
1133,3250,6956
1088,3287,7077
1140,3306,6944
1140,3265,7033
1124,3315,6958
1139,3406,6905
1113,3384,6883
1129,3329,6954
1114,3310,7002
1129,3306,7023
1102,3294,7047
1103,3295,7034
1113,3316,6943
1117,3312,7002
1131,3460,6951
1142,3421,6961
1102,3279,6968
1104,3341,7034
1098,3310,7042
1101,3342,7096
1144,3346,7105
1137,3308,7106
1055,3325,7115
1117,3508,7012
1102,3565,6919
1094,3546,6993
1086,3534,6965
1097,3415,7031
1110,3324,7038
1110,3296,7030
1103,3309,7108
1048,3297,7121
1074,3308,7135
1089,3425,7030
1080,3308,7254
1086,3318,7096
1089,3299,7124
1059,3296,7118
1082,3299,7111
1093,3324,7195
1085,3305,7122
998,3340,7084
1074,3441,7051
1076,3317,7204
1066,3346,7175
1055,3349,7116
1085,3341,7207
1043,3364,7116
1030,3351,7058
1060,3357,7060
1029,3359,7123
1021,3504,7081
1018,3369,7129
1013,3393,7123
1033,3399,7111
1028,3411,7163
1037,3373,7131
1036,3407,7113
1045,3400,7136
1046,3413,7186
1064,3519,7073
1005,3391,7220
1046,3353,7226
1049,3368,7238
1032,3393,7259
1045,3334,7312
1044,3357,7266
1056,3333,7360
993,3328,7313
1027,3442,7166
1022,3469,7261
1002,3346,7339
989,3348,7230
990,3344,7264
1039,3350,7304
979,3350,7333
1001,3348,7312
953,3357,7333
970,3559,7285
970,3496,7292
945,3354,7316
922,3381,7389
916,3340,7395
912,3408,7371
934,3388,7408
952,3404,7326
927,3441,7347
