39,33,43
41,33,43
46,33,43
44,34,44
46,35,43
50,35,44
51,39,44
47,38,43
51,41,45
53,37,46
50,35,41
50,37,41
48,35,41
44,35,40
43,34,40
44,32,45
45,29,46
44,29,45
39,26,46
39,22,45
35,25,46
32,22,48
31,21,46
29,20,46
27,21,46
28,22,43
29,21,43
27,26,46
27,25,44
24,28,51
22,22,49
24,18,48
24,19,45
24,21,43
23,19,45
24,17,42
22,15,41
24,12,41
25,11,42
24,10,41
26,8,39
27,7,39
27,9,37
26,11,38
29,12,38
28,11,36
30,13,34
31,13,32
28,13,31
25,14,29
27,13,29
27,10,28
26,12,29
27,13,30
27,12,30
32,9,28
27,12,27
30,13,26
30,9,27
29,10,27
33,9,26
32,10,24
32,14,23
38,10,23
39,10,22
40,11,20
41,13,18
38,14,16
36,13,17
39,12,20
36,12,20
35,9,16
30,8,20
27,5,19
23,6,18
18,3,18
20,0,20
19,-1,18
12,1,20
13,2,23
15,1,20
13,1,19
13,5,21
14,4,19
14,7,17
19,10,18
17,10,15
18,12,13
22,13,14
25,13,15
28,14,14
31,13,12
27,14,14
25,9,10
22,9,7
23,9,11
23,11,14
21,11,14
21,7,13
15,8,14
13,10,13
11,8,16
7,5,16
7,4,16
4,4,19
3,9,16
3,6,19
2,4,21
0,9,19
1,9,20
-1,7,18
0,9,22
4,6,23
7,8,25
6,9,25
6,10,21
10,10,21
12,13,19
16,14,20
13,14,21
16,15,20
18,14,19
18,15,24
18,15,24
23,14,25
23,16,22
21,15,23
19,13,24
16,15,19
15,13,22
11,12,24
9,11,21
5,12,22
3,13,24
3,10,23
0,11,23
-2,11,25
-2,9,25
0,3,27
1,1,25
1,3,24
-3,3,25
-2,3,25
0,1,28
0,4,27
-2,7,27
-1,10,26
-2,10,25
-2,10,22
-1,12,24
6,16,28
8,17,26
8,19,24
9,18,24
8,20,23
15,22,25
16,26,22
14,23,22
18,21,21
17,19,24
17,23,22
14,23,25
15,22,25
13,25,23
12,28,25
18,26,25
17,22,24
15,25,21
19,25,21
13,20,25
14,18,21
15,19,20
15,16,23
14,20,23
11,22,23
8,16,22
6,13,21
5,16,21
6,19,22
7,22,20
2,22,20
-1,18,21
-2,15,24
-3,12,24
-8,11,22
-3,10,23
-4,8,24
-5,8,25
-3,11,24
-3,14,28
-2,17,24
6,18,20
7,23,25
6,26,27
9,29,29
13,29,28
15,29,31
16,32,31
19,33,30
22,32,31
21,30,31
22,27,29
20,27,30
26,26,32
28,25,30
28,23,33
28,22,32
32,24,30
30,20,32
30,20,29
28,20,29
29,21,25
31,19,24
29,20,25
27,20,28
20,19,27
22,17,27
20,16,26
16,19,26
18,19,26
18,20,29
18,20,29
15,25,31
15,24,30
18,22,31
18,25,34
21,26,35
23,24,33
22,25,33
24,28,33
32,32,34
37,35,34
35,33,36
42,37,37
42,34,35
44,34,36
43,36,39
43,33,42
46,31,40
44,33,43
36,33,43
40,31,42
36,29,42
35,26,42
28,29,41
24,28,42
24,26,39
25,27,37
21,23,38
21,21,38
18,24,39
19,25,37
20,23,38
17,22,38
13,22,39
13,19,35
19,21,38
20,19,41
20,20,38
19,17,36
23,15,35
24,18,38
28,20,39
25,23,37
26,25,36
30,26,36
31,29,34
32,24,35
33,25,35
40,24,36
42,25,37
40,24,36
40,26,35
41,27,37
44,28,38
43,23,32
41,21,35
39,22,35
41,23,38
40,24,34
38,26,33
43,26,30
40,25,27
39,24,28
39,29,27
42,30,29
40,25,30
43,28,30
44,27,29
42,23,26
40,20,25
42,22,29
38,19,30
35,14,30
30,15,28
26,18,29
23,11,34
19,11,34
15,14,33
9,12,35
5,12,38
7,13,40
5,15,42
7,15,41
7,13,41
11,9,38
10,14,43
11,19,47
9,19,45
9,20,46
12,22,49
14,27,50
20,31,52
20,32,54
23,30,58
28,33,62
25,37,73
23,35,83
27,30,89
34,28,98
35,26,103
36,27,111
33,29,116
31,25,126
20,21,133
9,11,142
-6,3,156
-33,-1,172
-56,-12,184
-79,-25,197
-109,-39,210
-141,-52,222
-178,-65,239
-217,-79,260
-257,-94,282
-298,-109,299
-329,-122,319
-355,-134,343
-385,-150,360
-410,-161,379
-435,-168,390
-458,-173,397
-475,-180,402
-496,-187,404
-509,-192,408
-517,-192,409
-529,-192,412
-537,-193,412
-545,-190,415
-558,-191,417
-572,-192,419
-587,-190,417
-602,-187,419
-615,-189,420
-624,-189,417
-628,-189,415
-633,-190,416
-629,-187,414
-620,-186,410
-605,-185,404
-585,-179,395
-559,-172,383
-530,-165,370
-500,-157,361
-460,-145,351
-421,-134,337
-383,-124,328
-342,-111,320
-299,-103,310
-252,-94,297
-206,-87,287
-157,-82,279
-112,-76,270
-71,-72,262
-32,-70,256
1,-70,251
22,-72,247
38,-73,248
44,-76,250
44,-84,255
41,-95,263
34,-101,272
19,-116,286
2,-136,303
-16,-160,328
-40,-180,352
-58,-207,378
-78,-238,414
-102,-269,454
-131,-307,500
-159,-346,555
-186,-389,620
-222,-436,681
-270,-492,746
-329,-550,818
-395,-605,897
-469,-656,987
-554,-701,1081
-641,-750,1178
-737,-801,1278
-849,-852,1381
-969,-908,1492
-1093,-961,1608
-1221,-1010,1723
-1342,-1056,1837
-1457,-1096,1947
-1577,-1138,2049
-1694,-1181,2149
-1814,-1226,2244
-1931,-1260,2339
-2039,-1284,2432
-2130,-1297,2518
-2206,-1297,2600
-2266,-1289,2671
-2306,-1275,2736
-2332,-1255,2789
-2333,-1227,2832
-2330,-1190,2863
-2312,-1147,2880
-2280,-1096,2893
-2246,-1044,2906
-2204,-991,2920
-2159,-940,2936
-2110,-886,2958
-2055,-839,2979
-2003,-792,3002
-1952,-750,3025
-1905,-715,3045
-1860,-682,3061
-1820,-650,3075
-1780,-622,3088
-1743,-602,3104
-1706,-588,3117
-1666,-572,3130
-1631,-562,3137
-1597,-550,3143
-1555,-536,3145
-1519,-525,3142
-1483,-518,3144
-1447,-505,3142
-1416,-496,3140
-1389,-484,3138
-1356,-477,3135
-1313,-466,3130
-1265,-454,3122
-1206,-438,3114
-1134,-421,3102
-1057,-412,3089
-976,-401,3072
-885,-394,3050
-789,-382,3025
-693,-373,2988
-600,-362,2953
-514,-355,2907
-432,-345,2860
-368,-333,2810
-314,-325,2756
-277,-312,2704
-253,-299,2647
-245,-284,2589
-258,-270,2534
-288,-256,2478
-326,-237,2424
-376,-212,2371
-434,-185,2313
-497,-155,2256
-562,-118,2199
-621,-85,2140
-680,-59,2084
-732,-26,2031
-767,13,1981
-789,55,1926
-786,100,1867
-767,147,1805
-727,192,1746
-680,241,1690
-615,290,1630
-544,334,1571
-468,383,1516
-386,431,1465
-304,478,1415
-226,533,1371
-156,586,1334
-97,642,1303
-52,696,1277
-9,756,1249
28,816,1227
58,875,1209
76,938,1199
88,996,1196
98,1046,1190
109,1099,1183
116,1151,1178
116,1204,1183
114,1251,1188
105,1296,1195
92,1342,1212
77,1389,1228
64,1438,1250
53,1485,1272
51,1531,1285
54,1578,1299
72,1624,1313
91,1667,1330
121,1708,1344
144,1757,1359
167,1803,1372
178,1847,1390
180,1884,1413
165,1918,1439
129,1946,1471
87,1974,1501
32,2000,1535
-30,2027,1569
-91,2046,1607
-150,2062,1640
-211,2079,1674
-258,2089,1707
-296,2102,1736
-317,2110,1762
-322,2116,1788
-314,2121,1804
-292,2126,1821
-250,2129,1834
-197,2134,1848
-133,2147,1859
-70,2161,1870
-15,2174,1879
47,2186,1884
103,2192,1891
155,2197,1898
198,2200,1906
233,2200,1921
260,2191,1938
276,2183,1960
289,2179,1976
299,2174,1991
308,2164,2003
318,2157,2014
327,2143,2018
345,2133,2024
364,2130,2030
390,2129,2030
421,2131,2027
459,2127,2016
496,2125,2002
525,2122,1987
555,2120,1970
573,2118,1951
585,2117,1936
591,2114,1916
590,2110,1896
590,2110,1880
579,2113,1865
558,2117,1846
534,2122,1825
506,2127,1805
471,2135,1781
436,2142,1755
409,2153,1731
378,2164,1704
349,2184,1678
329,2202,1652
306,2220,1624
287,2243,1591
267,2263,1562
255,2282,1533
243,2299,1499
247,2322,1466
245,2342,1430
249,2360,1399
252,2379,1373
252,2400,1348
255,2420,1326
266,2434,1306
287,2443,1289
305,2459,1273
329,2474,1254
352,2494,1236
376,2517,1221
404,2536,1208
426,2556,1188
438,2571,1174
454,2582,1166
460,2590,1157
460,2604,1154
450,2622,1157
431,2639,1161
417,2659,1161
414,2675,1158
405,2687,1156
404,2708,1157
404,2732,1161
404,2751,1164
402,2772,1166
399,2792,1168
395,2812,1165
389,2830,1168
380,2841,1174
368,2843,1184
353,2843,1205
336,2840,1232
317,2835,1266
298,2831,1307
280,2823,1343
263,2812,1375
251,2808,1404
248,2812,1431
252,2812,1452
259,2822,1471
269,2841,1490
281,2864,1508
304,2889,1523
343,2911,1540
401,2931,1558
453,2961,1583
506,3001,1607
555,3043,1627
601,3074,1643
639,3098,1657
671,3122,1669
680,3145,1684
666,3172,1703
623,3192,1724
567,3209,1743
490,3225,1761
393,3235,1785
295,3235,1810
189,3233,1842
83,3231,1883
-12,3239,1921
-87,3254,1954
-144,3274,1979
-179,3291,1999
-194,3306,2017
-200,3326,2038
-203,3344,2052
-204,3371,2064
-215,3401,2074
-229,3421,2078
-255,3436,2076
-301,3445,2079
-359,3451,2083
-426,3456,2094
-504,3464,2111
-584,3472,2133
-650,3480,2164
-698,3483,2199
-718,3481,2237
-716,3479,2272
-696,3477,2303
-661,3473,2324
-609,3468,2333
-530,3455,2341
-434,3428,2335
-336,3395,2325
-236,3358,2306
-141,3306,2276
-62,3250,2247
10,3186,2221
67,3118,2189
109,3045,2156
133,2962,2129
137,2873,2107
127,2778,2100
99,2683,2109
63,2588,2120
13,2501,2127
-33,2417,2136
-74,2332,2140
-112,2244,2141
-140,2159,2137
-161,2078,2130
-161,2005,2119
-138,1941,2104
-98,1885,2088
-49,1838,2071
13,1800,2054
85,1764,2034
160,1724,2009
234,1671,1987
312,1614,1961
371,1563,1939
420,1515,1911
462,1466,1878
490,1416,1841
509,1361,1799
523,1295,1751
528,1217,1699
519,1137,1632
492,1058,1564
461,973,1491
445,877,1419
430,775,1348
422,674,1282
416,577,1217
407,484,1149
406,398,1075
404,311,990
391,223,893
368,122,799
347,24,707
324,-63,620
304,-152,533
288,-244,446
263,-338,360
243,-420,274
229,-499,185
218,-579,105
206,-649,31
193,-718,-38
180,-778,-97
167,-831,-175
148,-877,-257
132,-908,-341
119,-934,-425
106,-959,-510
92,-983,-587
81,-1002,-666
66,-1017,-743
57,-1034,-816
46,-1053,-888
35,-1070,-961
27,-1096,-1030
21,-1120,-1103
13,-1146,-1166
-3,-1176,-1227
-21,-1209,-1288
-39,-1240,-1341
-61,-1273,-1395
-85,-1307,-1443
-112,-1346,-1490
-148,-1385,-1538
-194,-1428,-1578
-241,-1482,-1616
-278,-1548,-1653
-315,-1614,-1685
-349,-1686,-1710
-379,-1763,-1730
-402,-1845,-1750
-416,-1923,-1759
-424,-1993,-1764
-431,-2057,-1768
-427,-2117,-1765
-414,-2174,-1757
-397,-2229,-1741
-375,-2278,-1731
-349,-2324,-1719
-316,-2366,-1699
-276,-2419,-1687
-221,-2459,-1674
-162,-2500,-1658
-100,-2536,-1646
-31,-2569,-1633
51,-2594,-1622
141,-2615,-1610
242,-2630,-1594
339,-2642,-1572
439,-2656,-1548
542,-2665,-1518
649,-2670,-1488
753,-2670,-1459
861,-2666,-1433
973,-2665,-1403
1087,-2666,-1371
1189,-2669,-1340
1274,-2669,-1313
1364,-2666,-1291
1436,-2662,-1267
1490,-2658,-1244
1530,-2657,-1227
1561,-2658,-1209
1585,-2665,-1191
1603,-2670,-1169
1609,-2671,-1140
1610,-2666,-1110
1611,-2664,-1082
1608,-2669,-1053
1601,-2672,-1022
1581,-2674,-994
1563,-2674,-969
1547,-2672,-946
1522,-2677,-923
1492,-2676,-905
1467,-2675,-883
1433,-2673,-863
1402,-2673,-844
1366,-2672,-821
1323,-2675,-795
1278,-2674,-774
1233,-2672,-755
1184,-2672,-735
1140,-2673,-717
1095,-2677,-697
1057,-2680,-670
1019,-2681,-641
969,-2678,-617
915,-2678,-594
868,-2681,-568
816,-2681,-546
776,-2686,-522
740,-2691,-500
707,-2694,-479
677,-2704,-457
646,-2710,-435
613,-2717,-410
584,-2723,-382
555,-2732,-360
535,-2746,-340
527,-2763,-319
521,-2782,-290
510,-2799,-260
494,-2816,-228
473,-2833,-206
451,-2847,-181
423,-2860,-157
385,-2874,-134
341,-2889,-111
296,-2906,-89
239,-2919,-69
177,-2922,-55
124,-2924,-40
67,-2928,-19
-4,-2923,8
-68,-2914,33
-133,-2906,59
-199,-2892,83
-264,-2881,109
-325,-2871,136
-382,-2850,163
-435,-2829,190
-485,-2808,215
-524,-2786,245
-554,-2768,270
-576,-2748,294
-591,-2723,316
-602,-2703,344
-607,-2682,363
-602,-2659,380
-585,-2645,400
-571,-2633,420
-552,-2621,439
-531,-2602,456
-507,-2577,467
-481,-2553,472
-459,-2527,475
-431,-2502,470
-397,-2478,464
-355,-2449,459
-313,-2421,451
-278,-2389,442
-245,-2359,436
-213,-2330,433
-179,-2303,425
-146,-2275,420
-110,-2245,416
-61,-2214,406
-5,-2177,392
72,-2140,372
157,-2107,350
254,-2067,330
357,-2022,306
465,-1982,281
583,-1950,253
710,-1922,220
831,-1897,184
958,-1868,144
1079,-1838,101
1196,-1806,54
1299,-1773,9
1393,-1747,-33
1476,-1721,-70
1555,-1694,-118
1627,-1669,-169
1692,-1645,-219
1754,-1620,-270
1813,-1603,-317
1861,-1592,-367
1905,-1581,-417
1941,-1573,-468
1971,-1567,-518
1999,-1566,-564
2021,-1563,-607
2034,-1563,-651
2040,-1564,-697
2036,-1565,-742
2018,-1566,-784
1987,-1574,-826
1949,-1583,-870
1904,-1593,-914
1856,-1604,-955
1797,-1614,-995
1735,-1622,-1034
1673,-1631,-1080
1609,-1644,-1120
1541,-1660,-1157
1476,-1671,-1190
1408,-1683,-1222
1339,-1697,-1250
1270,-1715,-1274
1212,-1742,-1300
1161,-1776,-1320
1115,-1815,-1333
1077,-1856,-1344
1041,-1898,-1360
1005,-1935,-1372
977,-1972,-1382
958,-2012,-1398
941,-2050,-1410
929,-2083,-1426
912,-2106,-1439
894,-2124,-1453
880,-2144,-1465
859,-2166,-1469
835,-2184,-1471
807,-2204,-1471
783,-2220,-1477
755,-2237,-1482
730,-2260,-1491
702,-2277,-1500
672,-2289,-1509
646,-2296,-1517
621,-2300,-1521
597,-2295,-1520
578,-2285,-1513
571,-2270,-1512
564,-2254,-1508
559,-2235,-1500
550,-2216,-1493
544,-2193,-1483
539,-2172,-1472
532,-2153,-1462
527,-2146,-1460
517,-2143,-1464
499,-2143,-1463
469,-2146,-1459
416,-2160,-1450
342,-2183,-1436
261,-2211,-1424
173,-2246,-1410
69,-2288,-1395
-44,-2328,-1376
-161,-2374,-1355
-291,-2422,-1335
-419,-2469,-1313
-534,-2516,-1294
-642,-2567,-1279
-756,-2621,-1262
-870,-2676,-1246
-979,-2730,-1230
-1076,-2785,-1216
-1152,-2843,-1211
-1212,-2901,-1215
-1250,-2954,-1215
-1280,-3004,-1215
-1295,-3047,-1220
-1280,-3082,-1226
-1240,-3113,-1239
-1185,-3136,-1261
-1122,-3146,-1280
-1052,-3139,-1296
-974,-3125,-1304
-875,-3104,-1314
-760,-3078,-1327
-637,-3053,-1352
-500,-3020,-1388
-363,-2986,-1429
-227,-2943,-1461
-99,-2895,-1489
24,-2849,-1507
155,-2803,-1521
282,-2762,-1531
407,-2721,-1540
527,-2684,-1543
643,-2641,-1544
755,-2600,-1526
867,-2554,-1457
921,-2496,-1392
949,-2435,-1379
975,-2387,-1392
989,-2349,-1423
999,-2315,-1439
1008,-2279,-1434
1016,-2230,-1401
1025,-2175,-1352
1033,-2121,-1296
1037,-2067,-1244
1035,-2013,-1198
1022,-1954,-1159
998,-1901,-1121
959,-1849,-1088
915,-1798,-1049
870,-1748,-1021
825,-1702,-989
775,-1658,-962
722,-1616,-931
666,-1581,-894
610,-1546,-859
558,-1506,-823
497,-1464,-786
438,-1407,-738
386,-1353,-691
332,-1293,-643
282,-1235,-598
233,-1178,-557
185,-1118,-524
151,-1057,-488
126,-1002,-457
99,-954,-431
72,-903,-400
51,-850,-365
35,-799,-336
10,-749,-310
-21,-708,-288
-50,-669,-267
-84,-627,-244
-123,-592,-220
-167,-559,-196
-220,-524,-169
-282,-495,-138
-349,-471,-104
-420,-444,-70
-495,-418,-50
-580,-391,-29
-675,-359,-2
-769,-326,27
-866,-293,54
-969,-255,77
-1067,-220,100
-1160,-182,122
-1244,-138,139
-1314,-94,163
-1370,-56,187
-1423,-10,218
-1473,40,256
-1515,91,291
-1530,149,332
-1530,213,375
-1528,280,416
-1530,356,456
-1547,435,486
-1560,517,502
-1563,592,509
-1550,666,511
-1535,744,509
-1515,821,507
-1497,902,513
-1485,977,515
-1476,1050,520
-1467,1121,520
-1451,1187,514
-1436,1254,509
-1416,1320,501
-1388,1388,496
-1347,1455,491
-1302,1526,489
-1245,1605,483
-1178,1684,476
-1107,1762,473
-1033,1843,463
-962,1917,454
-891,1986,446
-826,2058,439
-758,2133,435
-689,2206,430
-621,2276,428
-564,2339,430
-509,2400,429
-454,2455,430
-402,2501,428
-350,2545,433
-293,2586,437
-236,2627,446
-184,2663,453
-132,2691,460
-90,2723,468
-44,2756,477
4,2784,485
56,2816,499
108,2846,506
162,2873,516
214,2897,529
269,2921,544
322,2944,558
366,2970,577
408,2994,589
449,3025,601
492,3040,614
531,3054,629
566,3062,640
606,3072,659
642,3078,675
674,3083,691
705,3089,711
734,3089,727
754,3092,741
770,3096,758
783,3095,775
798,3102,797
807,3103,814
818,3098,834
831,3085,856
848,3079,876
870,3074,895
892,3067,915
917,3069,933
940,3074,951
967,3075,967
999,3072,984
1030,3075,992
1062,3077,1006
1093,3078,1019
1122,3078,1026
1150,3079,1038
1165,3074,1052
1182,3060,1069
1200,3048,1083
1220,3035,1097
1250,3019,1111
1280,3006,1121
1318,2990,1123
1365,2969,1125
1406,2954,1136
1447,2944,1145
1485,2937,1164
1525,2935,1180
1570,2939,1197
1615,2934,1214
1654,2931,1226
1688,2918,1238
1704,2903,1253
1704,2885,1267
1691,2866,1284
1670,2848,1308
1630,2831,1333
1576,2805,1358
1512,2779,1386
1437,2751,1412
1359,2720,1439
1279,2692,1471
1193,2671,1506
1110,2644,1538
1039,2615,1558
972,2579,1574
917,2548,1583
875,2516,1592
838,2487,1604
808,2456,1614
791,2424,1623
790,2391,1628
795,2358,1632
804,2326,1637
815,2290,1642
822,2252,1647
817,2214,1657
803,2177,1672
782,2143,1688
749,2109,1698
707,2070,1712
663,2036,1720
614,2006,1724
555,1976,1725
496,1942,1720
441,1907,1713
388,1879,1709
330,1850,1702
275,1822,1698
227,1801,1697
188,1774,1687
160,1756,1675
143,1738,1662
135,1719,1644
123,1695,1628
113,1676,1610
108,1651,1592
98,1632,1571
91,1611,1555
71,1589,1538
43,1569,1522
15,1547,1511
-18,1524,1503
-41,1506,1494
-62,1488,1484
-84,1466,1469
-109,1447,1452
-139,1432,1441
-176,1420,1424
-212,1408,1405
-249,1399,1390
-291,1393,1379
-329,1396,1366
-356,1392,1350
-375,1387,1333
-392,1381,1317
-402,1376,1296
-408,1374,1279
-412,1374,1260
-418,1372,1238
-422,1375,1221
-425,1380,1201
-428,1380,1183
-423,1376,1165
-424,1374,1148
-424,1375,1133
-429,1375,1116
-434,1370,1093
-441,1369,1071
-451,1376,1050
-473,1388,1030
-504,1399,1009
-542,1416,979
-590,1435,954
-647,1457,928
-708,1478,903
-775,1495,881
-846,1512,864
-913,1524,850
-977,1536,843
-1036,1545,834
-1086,1555,820
-1118,1565,811
-1137,1568,796
-1143,1577,783
-1146,1585,769
-1142,1598,757
-1136,1619,741
-1125,1638,723
-1110,1664,704
-1090,1685,684
-1085,1714,666
-1093,1741,643
-1116,1771,619
-1145,1798,583
-1177,1819,557
-1214,1833,540
-1254,1852,516
-1299,1874,496
-1343,1893,483
-1380,1910,471
-1410,1920,462
-1427,1932,454
-1429,1941,453
-1419,1950,456
-1385,1962,457
-1334,1971,456
-1278,1987,455
-1217,1997,450
-1152,2002,442
-1082,2002,433
-1021,1995,413
-972,1989,390
-922,1980,369
-889,1969,340
-883,1965,312
-896,1955,279
-924,1946,251
-969,1937,228
-1040,1926,214
-1137,1912,200
-1245,1904,193
-1362,1892,197
-1474,1873,211
-1581,1851,226
-1693,1836,244
-1809,1826,255
-1918,1821,255
-2007,1821,242
-2074,1824,230
-2127,1834,216
-2171,1854,200
-2214,1886,189
-2253,1922,180
-2295,1954,169
-2343,1978,158
-2402,2004,154
-2472,2027,147
-2557,2058,135
-2650,2086,125
-2740,2113,121
-2821,2134,124
-2884,2154,135
-2929,2173,159
-2959,2198,187
-2988,2230,218
-3010,2266,251
-2999,2301,270
-2960,2326,280
-2914,2356,284
-2872,2388,280
-2838,2420,264
-2805,2447,237
-2784,2466,202
-2777,2486,172
-2780,2495,142
-2794,2503,123
-2807,2514,120
-2806,2513,127
-2789,2502,148
-2745,2485,179
-2675,2461,214
-2589,2440,251
-2506,2420,280
-2421,2389,294
-2339,2344,302
-2259,2280,306
-2180,2210,307
-2115,2135,302
-2059,2061,294
-2003,1995,281
-1948,1932,272
-1886,1858,279
-1818,1781,292
-1764,1708,309
-1716,1640,323
-1662,1573,331
-1609,1507,340
-1564,1440,346
-1520,1373,347
-1476,1306,339
-1435,1246,335
-1391,1191,332
-1353,1138,329
-1317,1090,325
-1279,1042,326
-1243,995,326
-1203,942,326
-1162,890,329
-1122,840,328
-1068,785,328
-1008,728,321
-952,665,313
-902,603,300
-843,536,282
-787,464,265
-738,392,249
-690,308,232
-653,234,224
-629,171,213
-605,108,199
-580,46,186
-554,-13,171
-526,-61,158
-503,-105,144
-485,-147,127
-473,-181,111
-464,-216,96
-458,-255,78
-449,-292,60
-446,-330,46
-439,-366,37
-427,-395,30
-406,-419,22
-383,-443,12
-360,-467,0
-335,-488,-8
-311,-507,-18
-287,-530,-30
-273,-550,-44
-264,-571,-55
-262,-589,-61
-256,-608,-67
-254,-631,-69
-256,-651,-71
-251,-669,-65
-244,-683,-59
-232,-699,-56
-211,-712,-54
-184,-725,-51
-153,-738,-49
-128,-753,-43
-98,-765,-42
-67,-779,-40
-37,-792,-32
-2,-811,-31
34,-829,-29
66,-852,-28
95,-874,-21
114,-898,-9
126,-926,1
137,-956,10
149,-998,25
167,-1046,40
187,-1093,57
199,-1139,76
219,-1184,97
249,-1229,118
288,-1275,143
339,-1317,169
394,-1363,183
448,-1402,199
502,-1443,210
561,-1484,221
619,-1521,230
679,-1559,240
741,-1594,253
795,-1627,268
854,-1661,286
917,-1693,303
979,-1729,322
1042,-1764,338
1106,-1800,354
1169,-1834,371
1228,-1865,385
1287,-1893,396
1349,-1925,406
1409,-1958,413
1456,-1993,420
1498,-2029,426
1535,-2064,430
1568,-2095,439
1584,-2125,451
1600,-2153,460
1610,-2176,474
1618,-2201,489
1633,-2218,497
1644,-2234,508
1651,-2242,519
1656,-2248,529
1661,-2251,535
1662,-2249,542
1660,-2243,545
1656,-2234,548
1647,-2222,548
1633,-2211,541
1614,-2200,533
1586,-2185,521
1551,-2167,514
1515,-2146,507
1473,-2132,501
1433,-2121,497
1393,-2106,494
1361,-2089,495
1338,-2071,495
1324,-2053,499
1318,-2032,505
1315,-2013,515
1329,-1994,520
1351,-1972,521
1384,-1950,521
1424,-1929,521
1466,-1910,520
1506,-1886,514
1539,-1865,507
1572,-1854,501
1597,-1839,493
1622,-1829,483
1645,-1821,473
1662,-1810,464
1674,-1799,456
1680,-1785,450
1684,-1770,443
1694,-1753,436
1707,-1735,433
1718,-1714,431
1725,-1690,430
1725,-1664,429
1725,-1638,424
1728,-1617,417
1735,-1596,406
1745,-1573,395
1757,-1554,382
1765,-1533,371
1765,-1515,357
1756,-1497,339
1744,-1482,322
1727,-1468,305
1713,-1457,288
1699,-1446,276
1685,-1438,262
1662,-1428,254
1639,-1421,242
1619,-1409,233
1607,-1396,224
1602,-1388,216
1595,-1380,209
1596,-1368,202
1599,-1352,192
1604,-1338,180
1616,-1328,171
1630,-1323,161
1639,-1323,146
1641,-1317,130
1632,-1317,110
1621,-1318,91
1615,-1323,69
1614,-1332,46
1612,-1339,25
1603,-1341,7
1589,-1348,-8
1566,-1350,-25
1538,-1355,-42
1517,-1363,-54
1496,-1372,-71
1480,-1381,-93
1457,-1386,-114
1427,-1392,-139
1399,-1394,-163
1372,-1401,-192
1346,-1410,-220
1322,-1419,-249
1291,-1422,-281
1256,-1432,-313
1221,-1442,-342
1189,-1450,-373
1157,-1455,-404
1124,-1467,-428
1090,-1477,-456
1054,-1484,-481
1019,-1494,-507
984,-1504,-531
950,-1518,-556
918,-1530,-579
878,-1545,-602
830,-1566,-625
786,-1588,-646
743,-1613,-671
705,-1639,-695
673,-1663,-717
641,-1698,-739
603,-1734,-763
570,-1768,-779
544,-1799,-793
507,-1832,-804
465,-1863,-807
424,-1904,-808
384,-1943,-804
340,-1981,-801
296,-2014,-802
252,-2044,-796
198,-2071,-789
146,-2102,-784
88,-2130,-781
32,-2152,-777
-28,-2168,-778
-82,-2181,-777
-132,-2184,-774
-193,-2183,-771
-259,-2176,-765
-323,-2171,-757
-389,-2164,-754
-450,-2159,-751
-503,-2152,-752
-551,-2142,-752
-589,-2131,-754
-624,-2126,-755
-648,-2126,-758
-656,-2129,-763
-646,-2134,-762
-630,-2141,-760
-611,-2155,-759
-587,-2167,-758
-554,-2177,-758
-518,-2187,-763
-476,-2194,-774
-434,-2197,-782
-394,-2206,-798
-363,-2212,-805
-346,-2214,-809
-333,-2217,-805
-326,-2214,-800
-317,-2210,-797
-297,-2204,-792
-274,-2207,-790
-241,-2208,-795
-202,-2207,-803
-159,-2201,-811
-113,-2194,-819
-69,-2189,-829
-20,-2182,-837
28,-2172,-852
72,-2155,-864
97,-2133,-870
126,-2115,-881
152,-2094,-901
182,-2068,-923
217,-2038,-952
247,-2000,-990
274,-1961,-1027
301,-1926,-1062
343,-1897,-1096
387,-1874,-1127
441,-1864,-1161
510,-1858,-1191
593,-1855,-1220
678,-1854,-1244
771,-1855,-1260
887,-1861,-1271
1012,-1862,-1276
1135,-1866,-1277
1261,-1873,-1271
1379,-1890,-1271
1488,-1913,-1272
1594,-1934,-1275
1682,-1957,-1277
1747,-1980,-1274
1791,-2000,-1270
1830,-2024,-1264
1866,-2048,-1259
1886,-2063,-1258
1889,-2081,-1267
1875,-2094,-1278
1848,-2107,-1281
1816,-2119,-1282
1784,-2136,-1289
1752,-2159,-1302
1709,-2176,-1321
1661,-2201,-1337
1617,-2227,-1351
1571,-2248,-1363
1519,-2271,-1371
1471,-2292,-1381
1424,-2318,-1388
1380,-2345,-1394
1342,-2376,-1400
1300,-2410,-1403
1257,-2445,-1405
1203,-2479,-1411
1128,-2503,-1409
1037,-2524,-1397
938,-2542,-1382
831,-2556,-1363
727,-2575,-1346
631,-2593,-1333
532,-2603,-1322
435,-2614,-1311
336,-2617,-1296
247,-2625,-1283
173,-2629,-1270
106,-2630,-1262
47,-2632,-1256
-12,-2630,-1249
-67,-2628,-1241
-111,-2626,-1238
-148,-2621,-1233
-185,-2614,-1231
-230,-2609,-1230
-270,-2598,-1223
-308,-2589,-1209
-340,-2584,-1200
-364,-2572,-1188
-384,-2562,-1178
-403,-2549,-1172
-425,-2539,-1157
-445,-2529,-1150
-457,-2516,-1143
-460,-2503,-1136
-454,-2485,-1129
-453,-2468,-1125
-446,-2449,-1116
-432,-2422,-1112
-406,-2394,-1102
-369,-2362,-1099
-320,-2336,-1096
-257,-2316,-1102
-184,-2297,-1107
-106,-2280,-1111
-21,-2256,-1113
74,-2235,-1120
174,-2218,-1126
271,-2195,-1128
364,-2173,-1131
449,-2146,-1134
518,-2120,-1127
588,-2096,-1121
648,-2066,-1118
705,-2033,-1112
758,-2001,-1110
794,-1964,-1107
818,-1926,-1104
831,-1888,-1102
831,-1850,-1099
824,-1812,-1096
809,-1770,-1093
782,-1732,-1084
746,-1693,-1069
708,-1659,-1054
665,-1622,-1039
611,-1593,-1019
554,-1554,-1000
492,-1516,-977
425,-1479,-958
355,-1435,-930
282,-1393,-899
209,-1357,-867
126,-1319,-839
42,-1272,-809
-36,-1229,-779
-111,-1189,-749
-194,-1150,-717
-282,-1114,-687
-371,-1083,-655
-454,-1051,-631
-532,-1015,-611
-604,-987,-593
-673,-955,-576
-734,-919,-561
-788,-886,-548
-828,-855,-538
-861,-821,-535
-874,-781,-535
-876,-743,-534
-870,-706,-538
-856,-668,-540
-829,-636,-543
-794,-606,-539
-759,-577,-532
-721,-553,-517
-678,-532,-504
-631,-509,-481
-582,-482,-456
-540,-452,-435
-506,-422,-417
-473,-395,-390
-443,-363,-366
-423,-327,-341
-412,-289,-316
-417,-246,-285
-436,-203,-249
-471,-157,-214
-511,-113,-178
-557,-73,-144
-614,-35,-114
-675,12,-88
-747,62,-60
-823,111,-34
-903,162,4
-991,207,39
-1073,252,74
-1149,297,105
-1211,347,132
-1264,399,149
-1301,450,166
-1318,503,183
-1326,560,196
-1321,614,208
-1296,675,221
-1253,736,234
-1208,794,242
-1153,852,246
-1082,914,249
-1003,982,256
-920,1049,264
-840,1116,270
-759,1183,274
-674,1247,281
-596,1311,284
-524,1372,289
-450,1438,297
-382,1501,304
-317,1561,314
-249,1622,328
-188,1676,343
-127,1732,357
-74,1784,371
-26,1841,379
25,1898,389
73,1953,403
109,2003,415
146,2056,433
177,2110,453
213,2165,468
246,2220,481
279,2272,492
305,2328,505
331,2381,519
350,2432,533
361,2480,550
373,2525,567
374,2567,586
373,2602,607
369,2633,625
360,2665,647
351,2701,669
340,2731,692
325,2765,715
313,2796,740
297,2821,770
276,2847,797
258,2875,823
243,2901,849
231,2927,873
223,2955,889
216,2984,904
212,3012,918
217,3039,931
227,3070,942
240,3099,958
251,3125,975
261,3150,991
265,3168,1013
261,3184,1039
257,3202,1072
253,3217,1101
243,3228,1131
232,3232,1153
221,3230,1180
217,3218,1209
205,3207,1234
194,3191,1256
185,3174,1280
180,3156,1301
173,3135,1319
165,3114,1341
144,3100,1365
111,3085,1392
66,3069,1424
10,3046,1458
-41,3027,1487
-91,3006,1512
-133,2987,1529
-166,2971,1535
-187,2959,1537
-196,2960,1545
-196,2958,1551
-187,2947,1558
-162,2940,1561
-128,2933,1565
-85,2926,1571
-37,2920,1577
14,2911,1584
68,2902,1594
136,2888,1600
215,2863,1604
299,2835,1605
382,2810,1606
466,2789,1614
544,2763,1627
631,2739,1643
713,2720,1658
791,2694,1673
859,2663,1681
918,2632,1696
966,2607,1709
989,2586,1727
993,2566,1745
976,2546,1767
954,2520,1783
927,2494,1796
892,2471,1805
857,2449,1811
818,2429,1814
775,2410,1823
729,2390,1827
698,2372,1829
677,2347,1832
665,2325,1830
661,2303,1825
654,2284,1822
646,2263,1820
641,2241,1820
640,2215,1819
651,2190,1811
672,2166,1801
699,2139,1794
728,2121,1784
758,2099,1778
800,2076,1772
849,2059,1766
907,2044,1759
967,2035,1754
1034,2037,1752
1096,2038,1754
1169,2045,1758
1258,2048,1757
1354,2055,1752
1456,2066,1744
1562,2066,1734
1668,2068,1717
1763,2069,1699
1841,2060,1679
1910,2051,1665
1959,2036,1652
1985,2019,1642
1995,1997,1637
1979,1976,1640
1949,1953,1650
1904,1925,1665
1845,1903,1676
1775,1875,1685
1692,1840,1690
1602,1806,1701
1502,1778,1708
1403,1749,1710
1316,1722,1710
1223,1696,1706
1131,1671,1704
1036,1643,1707
938,1614,1708
842,1588,1705
749,1571,1702
652,1555,1690
558,1544,1677
474,1531,1661
391,1522,1641
302,1512,1622
213,1501,1603
132,1491,1586
49,1481,1567
-34,1476,1551
-120,1479,1528
-212,1478,1503
-305,1478,1478
-392,1469,1454
-481,1462,1434
-573,1455,1411
-669,1451,1390
-767,1448,1366
-850,1437,1340
-936,1424,1319
-1021,1407,1298
-1098,1389,1284
-1184,1371,1268
-1261,1358,1256
-1333,1356,1238
-1393,1356,1216
-1450,1356,1183
-1494,1360,1147
-1530,1369,1115
-1566,1381,1080
-1597,1394,1042
-1616,1410,1010
-1621,1429,980
-1626,1451,944
-1620,1478,915
-1611,1504,892
-1601,1533,867
-1585,1564,838
-1555,1587,815
-1522,1618,790
-1490,1652,769
-1454,1687,743
-1414,1721,716
-1378,1759,693
-1348,1797,667
-1331,1835,640
-1320,1874,615
-1313,1908,593
-1317,1937,568
-1330,1961,547
-1346,1982,530
-1354,1992,513
-1369,2006,506
-1399,2026,501
-1428,2047,496
-1449,2059,489
-1452,2063,486
-1456,2070,487
-1460,2076,484
-1473,2081,476
-1492,2078,457
-1517,2070,430
-1551,2065,407
-1598,2058,378
-1660,2051,347
-1728,2043,322
-1805,2043,299
-1889,2047,282
-1978,2052,267
-2061,2062,252
-2124,2073,231
-2169,2077,216
-2188,2084,198
-2182,2089,179
-2149,2095,168
-2100,2109,152
-2050,2123,132
-1997,2132,107
-1948,2136,81
-1918,2141,47
-1906,2138,8
-1916,2128,-28
-1955,2110,-57
-2023,2084,-86
-2109,2059,-113
-2214,2034,-135
-2331,2007,-158
-2452,1975,-174
-2562,1951,-178
-2663,1934,-178
-2751,1927,-182
-2813,1918,-190
-2817,1897,-201
-2779,1878,-205
-2733,1870,-203
-2688,1874,-206
-2640,1888,-224
-2585,1900,-252
-2528,1906,-290
-2472,1909,-334
-2433,1906,-375
-2416,1904,-404
-2406,1902,-436
-2415,1903,-465
-2429,1907,-494
-2446,1904,-522
-2472,1891,-541
-2495,1886,-541
-2506,1885,-535
-2502,1896,-533
-2478,1914,-533
-2438,1935,-533
-2393,1946,-534
-2339,1951,-530
-2284,1952,-529
-2216,1956,-529
-2147,1952,-532
-2083,1942,-539
-2036,1931,-547
-1990,1924,-560
-1946,1920,-575
-1901,1927,-592
-1847,1938,-616
-1792,1946,-640
-1746,1957,-657
-1693,1977,-668
-1634,1989,-675
-1564,1996,-678
-1490,1993,-679
-1410,1984,-672
-1332,1970,-665
-1252,1943,-650
-1176,1913,-636
-1097,1895,-621
-1017,1879,-607
-942,1858,-596
-871,1831,-580
-805,1799,-553
-756,1775,-522
-713,1750,-487
-674,1727,-451
-647,1706,-425
-623,1682,-398
-604,1658,-376
-594,1629,-355
-592,1595,-337
-593,1565,-316
-597,1537,-294
-597,1502,-274
-589,1458,-248
-579,1413,-215
-559,1374,-168
-532,1350,-118
-494,1329,-71
-452,1316,-42
-397,1300,-7
-338,1286,31
-280,1278,64
-219,1272,91
-147,1266,113
-78,1254,136
-9,1240,158
61,1219,179
122,1197,194
176,1174,206
211,1137,214
237,1096,222
252,1046,228
253,988,233
254,926,240
244,867,248
229,806,252
208,740,256
174,660,259
130,579,256
79,497,250
33,419,246
19,355,249
30,307,248
48,257,239
67,200,219
89,141,192
114,79,154
150,19,112
186,-30,78
216,-72,46
243,-118,25
268,-166,17
278,-216,13
274,-273,12
259,-336,11
231,-407,10
197,-484,1
158,-564,-11
120,-651,-27
74,-738,-39
36,-817,-46
7,-890,-54
-21,-954,-69
-40,-1015,-95
-59,-1079,-121
-79,-1147,-144
-98,-1212,-159
-124,-1275,-166
-158,-1339,-170
-198,-1410,-168
-242,-1482,-162
-304,-1562,-160
-371,-1644,-162
-447,-1730,-161
-538,-1823,-159
-632,-1917,-148
-729,-2007,-140
-827,-2096,-130
-927,-2183,-114
-1026,-2265,-95
-1123,-2346,-68
-1213,-2425,-49
-1285,-2493,-22
-1341,-2560,12
-1392,-2612,39
-1435,-2662,63
-1466,-2716,91
-1487,-2754,124
-1503,-2794,160
-1518,-2831,199
-1527,-2864,247
-1525,-2893,303
-1506,-2921,361
-1480,-2947,421
-1450,-2966,477
-1414,-2974,529
-1374,-2976,574
-1324,-2981,609
-1264,-2985,635
-1207,-2987,658
-1154,-2985,676
-1101,-2983,696
-1056,-2972,725
-1005,-2961,760
-956,-2946,801
-905,-2925,856
-849,-2899,911
-801,-2863,970
-747,-2822,1026
-690,-2781,1080
-632,-2738,1131
-562,-2702,1178
-493,-2664,1223
-422,-2623,1258
-342,-2577,1292
-263,-2526,1321
-189,-2468,1344
-119,-2413,1367
-57,-2361,1385
7,-2311,1402
83,-2261,1421
159,-2214,1442
239,-2166,1465
318,-2122,1489
400,-2080,1509
485,-2033,1521
571,-1984,1526
665,-1937,1526
753,-1890,1518
848,-1842,1502
938,-1793,1488
1024,-1747,1470
1099,-1700,1457
1157,-1657,1446
1211,-1610,1435
1261,-1566,1424
1310,-1525,1414
1357,-1484,1405
1394,-1444,1392
1420,-1407,1374
1435,-1374,1356
1465,-1342,1331
1492,-1314,1303
1508,-1289,1277
1515,-1264,1251
1518,-1240,1224
1529,-1219,1199
1543,-1203,1172
1559,-1191,1146
1563,-1183,1121
1562,-1176,1100
1559,-1174,1077
1546,-1167,1055
1530,-1166,1033
1514,-1171,1009
1502,-1171,993
1483,-1175,975
1462,-1181,960
1437,-1183,948
1417,-1188,936
1399,-1195,922
1383,-1198,906
1371,-1204,889
1361,-1212,867
1356,-1222,846
1352,-1229,826
1344,-1237,805
1340,-1245,788
1339,-1253,769
1334,-1261,753
1318,-1275,737
1298,-1289,719
1274,-1307,703
1245,-1325,692
1214,-1345,674
1180,-1364,652
1144,-1387,634
1113,-1410,613
1086,-1435,596
1060,-1453,582
1032,-1472,568
1008,-1492,555
992,-1506,545
979,-1520,533
969,-1536,524
961,-1546,511
959,-1559,494
958,-1570,480
966,-1583,467
980,-1590,451
1007,-1593,433
1029,-1600,419
1050,-1608,401
1078,-1611,383
1119,-1613,358
1163,-1616,332
1205,-1620,308
1244,-1623,286
1272,-1632,259
1294,-1642,234
1318,-1650,209
1342,-1660,188
1358,-1671,165
1357,-1681,151
1354,-1691,135
1345,-1701,115
1336,-1714,96
1326,-1724,73
1321,-1732,45
1316,-1741,21
1308,-1748,-9
1313,-1759,-40
1322,-1769,-61
1329,-1776,-90
1340,-1789,-121
1346,-1804,-153
1356,-1822,-184
1373,-1835,-214
1399,-1853,-251
1417,-1871,-284
1436,-1890,-321
1458,-1908,-357
1477,-1927,-390
1487,-1949,-422
1487,-1976,-459
1480,-1999,-494
1464,-2023,-531
1433,-2053,-565
1393,-2078,-599
1343,-2102,-631
1286,-2128,-666
1220,-2150,-697
1147,-2171,-721
1071,-2192,-744
988,-2210,-764
910,-2223,-778
846,-2231,-790
795,-2246,-803
759,-2264,-822
742,-2280,-846
748,-2296,-872
765,-2315,-911
796,-2334,-950
833,-2360,-993
865,-2388,-1039
892,-2420,-1080
901,-2450,-1114
889,-2493,-1141
858,-2535,-1154
818,-2578,-1157
754,-2626,-1156
670,-2673,-1153
562,-2720,-1142
436,-2763,-1124
309,-2805,-1103
187,-2847,-1080
83,-2890,-1062
6,-2934,-1052
-52,-2978,-1044
-93,-3015,-1039
-118,-3043,-1033
-131,-3065,-1025
-131,-3081,-1023
-114,-3094,-1017
-92,-3100,-1020
-86,-3106,-1018
-97,-3098,-1013
-125,-3090,-1003
-167,-3090,-984
-217,-3087,-968
-265,-3085,-952
-327,-3087,-940
-398,-3087,-926
-472,-3092,-911
-554,-3100,-898
-634,-3105,-881
-714,-3111,-867
-801,-3119,-847
-893,-3132,-821
-985,-3142,-795
-1069,-3151,-767
-1152,-3160,-734
-1230,-3164,-696
-1297,-3169,-659
-1351,-3178,-624
-1381,-3181,-593
-1395,-3181,-568
-1400,-3186,-546
-1396,-3182,-527
-1391,-3180,-510
-1386,-3177,-493
-1372,-3169,-482
-1348,-3154,-477
-1320,-3132,-477
-1287,-3104,-473
-1256,-3080,-466
-1233,-3057,-462
-1207,-3029,-457
-1172,-2996,-451
-1130,-2960,-454
-1072,-2926,-461
-999,-2896,-481
-913,-2871,-505
-813,-2839,-536
-695,-2813,-571
-569,-2793,-602
-429,-2774,-627
-275,-2758,-648
-116,-2742,-661
49,-2723,-670
219,-2695,-671
385,-2658,-669
544,-2627,-661
695,-2600,-650
849,-2574,-644
1010,-2548,-653
1171,-2515,-668
1326,-2479,-685
1467,-2441,-708
1613,-2408,-737
1760,-2377,-765
1901,-2345,-797
2033,-2312,-832
2157,-2278,-869
2268,-2248,-905
2363,-2220,-941
2443,-2194,-975
2502,-2171,-1011
2543,-2154,-1049
2570,-2134,-1091
2582,-2113,-1124
2582,-2091,-1161
2566,-2070,-1196
2535,-2052,-1225
2492,-2039,-1254
2440,-2026,-1279
2378,-2021,-1295
2310,-2026,-1315
2235,-2032,-1332
2150,-2040,-1345
2050,-2048,-1365
1948,-2058,-1379
1843,-2065,-1390
1724,-2076,-1400
1601,-2088,-1404
1472,-2101,-1407
1336,-2113,-1412
1203,-2123,-1410
1065,-2136,-1400
930,-2136,-1365
783,-2133,-1300
626,-2146,-1260
475,-2172,-1247
340,-2206,-1249
217,-2245,-1257
99,-2276,-1260
-9,-2294,-1249
-100,-2304,-1218
-182,-2316,-1179
-259,-2321,-1132
-331,-2326,-1081
-397,-2328,-1026
-453,-2322,-974
-508,-2313,-927
-557,-2300,-890
-599,-2283,-854
-646,-2261,-821
-682,-2234,-787
-714,-2202,-752
-745,-2164,-720
-773,-2129,-691
-795,-2091,-659
-817,-2050,-631
-836,-2006,-602
-853,-1964,-576
-867,-1919,-557
-881,-1871,-536
-890,-1821,-515
-894,-1773,-494
-897,-1727,-475
-904,-1682,-459
-914,-1631,-435
-920,-1572,-407
-925,-1515,-371
-940,-1460,-336
-950,-1413,-297
-958,-1363,-259
-962,-1316,-228
-965,-1268,-205
-954,-1218,-188
-937,-1164,-173
-920,-1110,-157
-890,-1057,-141
-845,-1008,-127
-789,-955,-114
-727,-897,-99
-657,-840,-84
-578,-786,-73
-494,-731,-61
-403,-672,-53
-306,-613,-47
-210,-551,-37
-112,-483,-30
-25,-414,-22
66,-343,-11
150,-268,2
224,-193,11
284,-119,24
325,-52,37
348,17,55
354,96,76
326,170,95
277,249,116
210,322,141
123,394,168
21,463,192
-90,531,216
-212,602,244
-351,666,269
-495,730,294
-640,788,318
-776,842,335
-907,898,348
-1025,953,361
-1132,1011,372
-1220,1066,381
-1284,1122,387
-1334,1180,389
-1365,1237,388
-1376,1294,386
-1368,1354,383
-1347,1418,377
-1310,1487,372
-1263,1561,372
-1208,1639,369
-1137,1724,369
-1059,1805,373
-975,1880,372
-890,1955,371
-806,2033,374
-726,2112,375
-645,2189,380
-561,2266,388
-478,2340,402
-396,2410,412
-307,2483,423
-217,2548,429
-127,2611,437
-45,2670,443
44,2729,450
130,2787,459
220,2850,475
306,2912,492
388,2968,508
467,3027,521
545,3086,536
617,3140,553
688,3194,563
748,3250,575
800,3303,589
842,3356,609
863,3406,634
877,3450,665
888,3484,698
884,3512,734
873,3538,765
850,3558,798
816,3574,830
776,3585,860
730,3598,898
682,3608,941
631,3612,986
576,3618,1034
522,3619,1081
461,3617,1120
405,3620,1155
355,3624,1186
312,3628,1213
275,3636,1243
236,3642,1270
202,3643,1300
174,3640,1325
158,3639,1350
150,3633,1375
152,3628,1397
159,3619,1414
166,3616,1437
185,3610,1455
205,3604,1475
233,3592,1495
281,3580,1513
338,3572,1527
394,3563,1536
444,3552,1547
494,3547,1558
544,3535,1574
589,3520,1590
633,3505,1603
671,3492,1620
708,3475,1643
746,3456,1659
778,3436,1679
807,3415,1688
831,3392,1691
856,3365,1710
876,3336,1731
895,3306,1758
911,3274,1784
929,3239,1802
947,3203,1813
959,3165,1824
966,3134,1831
970,3101,1843
971,3064,1848
976,3024,1858
978,2986,1864
975,2949,1870
971,2912,1876
959,2880,1887
933,2851,1905
892,2824,1925
853,2801,1949
820,2772,1976
788,2739,1992
760,2708,2002
740,2678,2012
717,2644,2017
696,2609,2017
687,2574,2013
683,2535,2009
678,2497,2004
670,2459,2003
655,2419,2002
638,2380,2009
617,2345,2022
595,2305,2033
578,2266,2042
557,2225,2041
544,2183,2034
524,2144,2025
490,2109,2013
456,2068,2004
419,2029,1995
385,1989,1984
353,1949,1973
317,1908,1955
281,1864,1937
242,1819,1915
199,1779,1900
153,1740,1885
111,1704,1875
73,1663,1864
48,1629,1843
26,1598,1818
7,1573,1794
-16,1552,1768
-39,1530,1747
-58,1509,1732
-74,1485,1716
-82,1455,1702
-81,1433,1681
-71,1411,1662
-55,1388,1639
-34,1365,1613
-11,1344,1589
9,1327,1562
20,1307,1539
33,1288,1524
39,1267,1512
44,1247,1500
41,1221,1494
33,1204,1488
18,1184,1481
2,1158,1473
-13,1131,1460
-26,1109,1444
-46,1088,1426
-63,1070,1408
-83,1048,1387
-102,1027,1367
-123,1006,1345
-141,990,1319
-163,974,1298
-197,965,1278
-241,954,1260
-292,938,1248
-350,932,1245
-417,921,1245
-486,915,1250
-560,909,1250
-630,909,1246
-704,910,1242
-776,910,1232
-840,914,1218
-899,921,1203
-951,930,1187
-998,943,1167
-1030,952,1149
-1062,962,1139
-1095,971,1126
-1131,984,1119
-1166,1002,1113
-1193,1016,1100
-1217,1027,1089
-1227,1037,1078
-1236,1044,1067
-1239,1052,1057
-1236,1061,1042
-1235,1071,1030
-1235,1083,1013
-1235,1101,1001
-1235,1115,985
-1231,1126,962
-1223,1137,937
-1217,1155,919
-1214,1173,899
-1207,1188,879
-1201,1201,863
-1193,1217,847
-1185,1233,837
-1180,1247,828
-1183,1263,818
-1194,1283,802
-1200,1301,787
-1209,1324,766
-1227,1344,748
-1245,1368,730
-1253,1392,708
-1252,1415,692
-1255,1442,680
-1264,1473,667
-1271,1508,654
-1282,1543,640
-1292,1575,622
-1292,1604,606
-1295,1636,592
-1298,1665,582
-1312,1691,571
-1329,1720,554
-1365,1750,533
-1409,1778,511
-1466,1802,483
-1532,1823,458
-1608,1844,430
-1692,1860,412
-1775,1873,399
-1873,1891,385
-1982,1909,375
-2089,1931,366
-2198,1953,349
-2303,1967,324
-2408,1980,301
-2516,1989,275
-2628,1995,250
-2747,2006,218
-2864,2017,181
-2979,2032,145
-3089,2045,106
-3191,2055,67
-3270,2065,26
-3322,2060,-15
-3352,2054,-46
-3364,2052,-72
-3360,2043,-107
-3325,2027,-144
-3279,2005,-178
-3226,1982,-207
-3176,1960,-241
-3123,1938,-282
-3068,1918,-322
-3009,1900,-364
-2950,1893,-409
-2899,1891,-453
-2851,1891,-496
-2812,1899,-536
-2775,1913,-572
-2742,1923,-608
-2705,1937,-641
-2659,1957,-660
-2622,1982,-678
-2584,2001,-691
-2545,2017,-712
-2496,2028,-732
-2442,2034,-744
-2379,2042,-754
-2308,2051,-762
-2227,2059,-768
-2141,2066,-771
-2063,2074,-775
-1982,2072,-785
-1905,2062,-789
-1839,2062,-799
-1772,2063,-811
-1710,2060,-819
-1656,2067,-830
-1601,2078,-839
-1552,2092,-845
-1499,2112,-850
-1443,2135,-846
-1383,2158,-837
-1316,2182,-822
-1254,2209,-797
-1192,2245,-773
-1129,2274,-754
-1055,2298,-737
-977,2313,-715
-900,2322,-697
-828,2330,-671
-775,2336,-646
-736,2349,-618
-700,2353,-591
-661,2360,-567
-611,2366,-549
-555,2379,-530
-481,2396,-517
-402,2419,-508
-318,2448,-497
-215,2458,-477
-101,2455,-441
20,2439,-394
163,2411,-336
316,2382,-278
456,2350,-228
585,2309,-193
704,2258,-168
819,2197,-155
923,2130,-151
1013,2067,-162
1082,2011,-178
1131,1960,-188
1154,1898,-191
1157,1833,-175
1140,1770,-140
1098,1706,-89
1043,1645,-45
973,1587,0
889,1544,41
801,1508,76
710,1480,93
629,1448,100
572,1411,89
517,1379,60
446,1350,28
363,1320,1
264,1292,-20
160,1267,-26
53,1238,-20
-47,1199,-4
-137,1157,16
-232,1112,44
-323,1071,68
-409,1036,88
-483,1005,105
-556,968,129
-611,918,152
-648,868,178
-678,828,211
-706,799,245
-717,781,277
-723,765,304
-724,749,334
-722,731,351
-722,714,362
-707,698,371
-683,682,383
-649,674,397
-608,669,411
-559,669,425
-497,670,440
-421,675,457
-333,691,471
-232,709,475
-127,730,474
-36,759,466
56,781,458
135,792,444
202,803,430
253,808,422
289,804,408
306,797,400
302,781,390
280,752,380
241,720,370
179,679,363
95,631,355
-3,580,346
-104,520,334
-222,460,324
-359,396,310
-520,318,286
-722,212,245
-882,94,187
-920,12,105
-927,-20,22
-942,-34,-36
-947,-60,-68
-904,-103,-89
-845,-160,-86
-808,-208,-64
-773,-251,-52
-727,-291,-56
-675,-337,-81
-620,-379,-129
-560,-420,-176
-493,-456,-219
-411,-486,-253
-322,-512,-275
-238,-536,-284
-156,-551,-282
-88,-564,-273
-37,-580,-262
2,-601,-247
19,-630,-228
3,-665,-210
-42,-711,-187
-114,-759,-165
-211,-822,-150
-330,-892,-142
-468,-969,-137
-594,-1048,-142
-699,-1124,-147
-792,-1187,-140
-849,-1245,-127
-889,-1300,-110
-927,-1348,-88
-960,-1396,-65
-985,-1450,-45
-995,-1507,-15
-993,-1561,26
-986,-1609,66
-969,-1656,113
-957,-1695,155
-939,-1729,205
-917,-1756,249
-889,-1776,288
-853,-1794,321
-807,-1805,347
-755,-1817,364
-698,-1826,376
-633,-1832,392
-569,-1838,408
-508,-1850,428
-437,-1874,452
-362,-1898,477
-275,-1926,508
-178,-1954,551
-87,-1972,598
11,-1972,645
127,-1967,691
261,-1959,732
411,-1940,762
569,-1917,783
722,-1895,798
879,-1870,812
1031,-1837,819
1174,-1805,817
1312,-1775,813
1444,-1750,811
1559,-1733,808
1660,-1719,819
1745,-1713,837
1823,-1696,852
1903,-1678,871
1979,-1663,886
2052,-1648,891
2116,-1639,885
2164,-1629,881
2200,-1619,879
2227,-1619,880
2256,-1622,880
2287,-1619,878
2312,-1614,874
2328,-1617,867
2343,-1617,860
2352,-1622,855
2353,-1632,852
2347,-1638,847
2346,-1632,843
2348,-1634,839
2359,-1635,825
2376,-1634,817
2389,-1633,806
2392,-1635,796
2390,-1636,783
2388,-1640,773
2387,-1643,769
2385,-1645,764
2377,-1643,757
2363,-1642,749
2346,-1639,743
2334,-1633,742
2321,-1628,732
2309,-1621,721
2308,-1612,709
2304,-1602,695
2305,-1594,681
2300,-1590,660
2283,-1584,643
2258,-1581,623
2233,-1576,600
2201,-1573,572
2169,-1571,546
2137,-1570,525
2101,-1569,507
2055,-1570,494
2001,-1576,479
1943,-1577,467
1885,-1584,451
1833,-1588,444
1784,-1596,437
1729,-1600,423
1668,-1603,418
1602,-1605,412
1532,-1607,402
1473,-1613,394
1427,-1621,389
1372,-1625,382
1312,-1625,378
1250,-1622,366
1196,-1623,352
1158,-1620,343
1132,-1617,337
1109,-1617,330
1088,-1611,324
1068,-1600,324
1039,-1582,326
1010,-1559,318
983,-1540,309
964,-1524,298
944,-1515,286
913,-1505,276
862,-1490,265
795,-1476,246
714,-1467,228
637,-1467,209
561,-1470,191
480,-1478,180
402,-1482,167
324,-1490,160
244,-1500,150
175,-1505,148
111,-1516,144
64,-1524,138
34,-1532,143
13,-1541,144
2,-1548,140
-6,-1557,134
6,-1561,128
32,-1564,119
65,-1571,101
105,-1578,83
148,-1587,63
200,-1589,44
265,-1595,24
330,-1597,7
386,-1602,-7
445,-1602,-21
507,-1599,-34
573,-1596,-47
641,-1591,-55
711,-1581,-69
784,-1568,-89
854,-1555,-110
918,-1537,-133
977,-1520,-159
1036,-1503,-187
1089,-1488,-219
1130,-1473,-252
1165,-1465,-282
1195,-1459,-312
1219,-1455,-340
1233,-1453,-371
1243,-1453,-398
1262,-1454,-426
1278,-1457,-449
1296,-1464,-473
1317,-1469,-499
1339,-1474,-521
1363,-1479,-543
1393,-1483,-566
1414,-1479,-591
1440,-1475,-617
1463,-1473,-643
1481,-1476,-672
1497,-1478,-705
1509,-1485,-739
1516,-1491,-775
1509,-1503,-807
1494,-1515,-839
1476,-1527,-866
1447,-1543,-891
1410,-1564,-915
1371,-1583,-935
1322,-1605,-955
1275,-1624,-973
1223,-1644,-991
1178,-1663,-1009
1135,-1683,-1024
1087,-1700,-1038
1040,-1713,-1054
998,-1723,-1074
962,-1731,-1088
929,-1733,-1102
900,-1737,-1119
877,-1741,-1138
852,-1748,-1157
824,-1752,-1172
801,-1754,-1184
777,-1759,-1196
760,-1764,-1207
747,-1769,-1215
738,-1772,-1221
730,-1778,-1229
728,-1784,-1234
729,-1787,-1244
730,-1792,-1253
728,-1797,-1263
730,-1804,-1277
729,-1807,-1287
727,-1814,-1295
727,-1828,-1308
727,-1841,-1317
731,-1851,-1328
733,-1864,-1337
741,-1878,-1346
748,-1896,-1353
757,-1916,-1363
764,-1934,-1371
768,-1943,-1377
766,-1956,-1372
755,-1970,-1369
741,-1985,-1367
733,-1999,-1368
729,-2011,-1377
722,-2021,-1382
701,-2023,-1396
666,-2020,-1402
620,-2017,-1407
564,-2014,-1410
509,-2016,-1416
460,-2018,-1426
414,-2018,-1445
373,-2017,-1471
322,-2020,-1504
255,-2023,-1540
180,-2030,-1576
89,-2036,-1602
-23,-2047,-1621
-138,-2059,-1623
-274,-2076,-1620
-423,-2099,-1614
-584,-2126,-1603
-756,-2151,-1587
-926,-2185,-1566
-1091,-2220,-1551
-1236,-2256,-1534
-1359,-2294,-1519
-1473,-2331,-1512
-1587,-2372,-1502
-1699,-2410,-1483
-1802,-2451,-1454
-1897,-2497,-1417
-1977,-2542,-1386
-2037,-2591,-1350
-2088,-2638,-1316
-2134,-2691,-1284
-2187,-2739,-1245
-2245,-2789,-1201
-2293,-2838,-1151
-2331,-2884,-1096
-2361,-2926,-1042
-2385,-2968,-988
-2414,-3001,-933
-2436,-3029,-874
-2445,-3051,-816
-2432,-3071,-759
-2393,-3086,-703
-2331,-3097,-640
-2251,-3118,-580
-2158,-3133,-524
-2045,-3143,-477
-1907,-3148,-437
-1747,-3143,-401
-1577,-3127,-375
-1400,-3106,-354
-1209,-3086,-332
-1003,-3066,-315
-787,-3045,-303
-561,-3030,-303
-328,-3013,-312
-102,-2997,-320
119,-2982,-336
348,-2971,-352
577,-2964,-373
808,-2953,-399
1019,-2943,-429
1196,-2930,-454
1349,-2906,-475
1484,-2888,-491
1607,-2872,-515
1718,-2855,-548
1814,-2838,-588
1895,-2827,-640
1957,-2818,-693
2003,-2806,-741
2045,-2799,-787
2076,-2802,-822
2101,-2810,-863
2119,-2814,-895
2121,-2816,-919
2110,-2814,-939
2090,-2816,-955
2062,-2820,-977
2031,-2826,-997
1997,-2824,-1019
1962,-2825,-1042
1925,-2823,-1063
1892,-2820,-1083
1856,-2819,-1100
1826,-2824,-1122
1806,-2822,-1142
1786,-2814,-1170
1776,-2798,-1196
1766,-2776,-1226
1752,-2755,-1245
1748,-2735,-1266
1750,-2715,-1283
1753,-2691,-1298
1766,-2670,-1306
1787,-2652,-1306
1814,-2630,-1294
1849,-2600,-1260
1878,-2574,-1234
1909,-2552,-1234
1943,-2537,-1244
1978,-2519,-1252
2000,-2489,-1255
2012,-2457,-1243
2014,-2418,-1213
1994,-2381,-1199
1962,-2350,-1209
1930,-2321,-1237
1882,-2286,-1267
1814,-2248,-1283
1727,-2206,-1289
1628,-2162,-1286
1512,-2117,-1268
1389,-2075,-1238
1253,-2029,-1202
1109,-1985,-1167
960,-1943,-1127
816,-1903,-1090
676,-1861,-1049
545,-1821,-1010
424,-1775,-968
319,-1726,-925
223,-1675,-885
147,-1625,-844
86,-1568,-811
34,-1515,-783
-6,-1463,-753
-39,-1410,-726
-59,-1356,-700
-72,-1297,-676
-81,-1241,-656
-89,-1184,-638
-91,-1125,-621
-86,-1071,-611
-76,-1017,-599
-68,-968,-589
-52,-919,-578
-29,-874,-566
0,-831,-554
41,-789,-545
83,-749,-540
132,-709,-538
193,-667,-532
251,-626,-524
306,-585,-514
352,-539,-502
384,-495,-489
404,-453,-470
413,-414,-447
404,-376,-423
378,-341,-399
339,-308,-373
280,-278,-342
207,-245,-313
114,-214,-284
8,-182,-251
-105,-147,-217
-223,-114,-186
-351,-79,-158
-478,-43,-132
-597,7,-107
-718,53,-83
-837,110,-59
-948,170,-41
-1048,230,-14
-1150,301,20
-1242,377,61
-1319,446,104
-1375,511,149
-1413,582,186
-1430,651,214
-1439,731,241
-1436,801,263
-1420,874,286
-1390,950,310
-1343,1030,324
-1291,1098,337
-1228,1170,346
-1155,1245,349
-1075,1320,353
-995,1394,357
-913,1464,367
-818,1537,384
-723,1606,404
-632,1676,426
-539,1745,446
-455,1814,466
-372,1879,489
-295,1942,515
-231,1995,542
-171,2045,574
-130,2093,602
-101,2142,627
-84,2189,646
-79,2227,672
-85,2264,691
-98,2296,709
-120,2321,731
-152,2353,750
-193,2379,774
-239,2406,794
-285,2435,817
-334,2457,842
-382,2483,864
-427,2509,886
-456,2532,910
-476,2558,930
-490,2589,937
-492,2626,950
-486,2663,964
-472,2699,974
-451,2732,987
-432,2767,998
-407,2804,1014
-376,2841,1028
-341,2881,1046
-302,2919,1061
-258,2951,1073
-217,2986,1086
-173,3026,1096
-129,3064,1104
-88,3103,1114
-46,3145,1124
-13,3182,1136
21,3218,1152
60,3255,1169
95,3292,1187
124,3327,1203
147,3359,1217
164,3393,1233
180,3426,1251
193,3459,1272
204,3489,1299
213,3518,1327
219,3543,1357
228,3562,1382
247,3577,1408
269,3592,1435
291,3603,1457
312,3609,1477
335,3619,1497
362,3628,1524
393,3638,1547
428,3649,1567
460,3664,1593
491,3676,1620
523,3689,1645
559,3701,1665
592,3706,1686
629,3715,1704
666,3726,1723
709,3727,1744
760,3726,1760
831,3717,1775
911,3708,1787
1000,3698,1799
1093,3684,1810
1179,3665,1817
1259,3643,1830
1335,3616,1849
1398,3590,1868
1452,3561,1891
1489,3525,1917
1524,3484,1944
1557,3442,1964
1582,3396,1981
1600,3354,1996
1612,3309,2008
1617,3261,2021
1612,3220,2039
1605,3171,2047
1611,3116,2048
1626,3074,2068
1638,3036,2100
1643,2994,2133
1646,2952,2168
1645,2912,2192
1646,2870,2204
1643,2826,2210
1633,2779,2214
1620,2735,2213
1599,2682,2208
1564,2628,2206
1515,2575,2209
1459,2523,2216
1390,2470,2220
1315,2417,2230
1232,2367,2243
1153,2317,2258
1070,2272,2271
991,2229,2286
918,2182,2294
848,2138,2295
796,2098,2287
752,2055,2279
712,2006,2269
670,1967,2261
636,1930,2255
608,1894,2251
582,1856,2242
562,1826,2234
546,1794,2222
529,1765,2207
513,1734,2189
503,1706,2173
490,1677,2159
483,1644,2140
462,1622,2127
433,1599,2115
403,1577,2101
369,1554,2087
334,1531,2075
291,1508,2065
242,1487,2052
181,1464,2040
112,1438,2027
43,1411,2015
-23,1378,2005
-78,1338,1993
-131,1298,1980
-188,1263,1966
-248,1227,1948
-299,1190,1929
-341,1158,1907
-372,1133,1882
-400,1110,1859
-423,1092,1835
-449,1077,1808
-473,1071,1778
-497,1069,1748
-536,1067,1718
-574,1066,1689
-618,1070,1662
-660,1076,1632
-702,1080,1602
-745,1090,1568
-788,1103,1535
-833,1113,1498
-874,1131,1468
-921,1146,1437
-965,1157,1407
-1017,1172,1377
-1071,1186,1348
-1119,1200,1321
-1165,1211,1292
-1209,1221,1262
-1254,1231,1231
-1303,1241,1197
-1347,1250,1164
-1386,1258,1132
-1424,1267,1101
-1467,1278,1071
-1513,1287,1039
-1564,1299,1001
-1604,1309,964
-1634,1318,928
-1659,1320,891
-1685,1328,855
-1715,1344,823
-1750,1363,790
-1775,1378,754
-1800,1398,715
-1831,1411,677
-1864,1429,638
-1899,1446,596
-1931,1468,554
-1967,1493,509
-2003,1519,466
-2039,1543,423
-2074,1565,377
-2098,1589,344
-2114,1614,307
-2132,1647,270
-2153,1681,233
-2168,1718,193
-2163,1752,151
-2136,1780,117
-2093,1804,79
-2048,1834,48
-1996,1871,24
-1935,1907,-3
-1864,1943,-34
-1776,1975,-59
-1673,1997,-84
-1558,2028,-106
-1461,2059,-132
-1379,2095,-156
-1298,2133,-180
-1221,2166,-213
-1145,2205,-244
-1067,2236,-268
-977,2262,-287
-891,2288,-299
-826,2320,-303
-786,2356,-307
-767,2390,-309
-757,2420,-319
-751,2437,-325
-756,2453,-321
-792,2466,-321
-850,2484,-317
-931,2503,-312
-1026,2525,-311
-1137,2544,-318
-1253,2562,-322
-1377,2584,-330
-1494,2599,-340
-1610,2611,-343
-1736,2626,-341
-1870,2651,-341
-2006,2677,-348
-2137,2696,-362
-2260,2715,-380
-2379,2719,-401
-2477,2713,-418
-2565,2698,-434
-2662,2682,-452
-2755,2669,-469
-2850,2658,-488
-2941,2645,-512
-3021,2627,-541
-3090,2611,-567
-3153,2595,-582
-3205,2588,-594
-3232,2581,-596
-3232,2573,-592
-3222,2577,-581
-3192,2578,-563
-3134,2580,-544
-3036,2576,-531
-2907,2572,-520
-2757,2562,-508
-2593,2553,-503
-2413,2552,-505
-2219,2550,-519
-2021,2550,-547
-1813,2550,-581
-1612,2555,-620
-1419,2561,-648
-1246,2571,-672
-1105,2584,-686
-992,2600,-686
-918,2615,-673
-878,2628,-639
-865,2642,-598
-877,2661,-554
-897,2676,-514
-914,2678,-473
-929,2662,-434
-951,2636,-396
-988,2601,-362
-1021,2565,-330
-1047,2534,-309
-1067,2503,-294
-1082,2465,-289
-1096,2427,-287
-1106,2393,-289
-1109,2366,-292
-1109,2339,-291
-1111,2317,-286
-1111,2305,-276
-1114,2294,-261
-1118,2290,-240
-1124,2283,-225
-1134,2275,-206
-1146,2266,-179
-1151,2253,-158
-1140,2230,-144
-1120,2197,-129
-1108,2161,-112
-1087,2130,-99
-1068,2099,-96
-1042,2071,-94
-1011,2036,-91
-976,2000,-90
-946,1964,-83
-914,1924,-74
-880,1882,-63
-846,1838,-54
-817,1796,-39
-793,1753,-18
-772,1707,4
-758,1660,19
-756,1608,6
-749,1549,-44
-741,1483,-108
-726,1418,-190
-687,1379,-205
-655,1369,-126
-638,1369,1
-633,1367,139
-635,1346,233
-646,1314,279
-656,1273,288
-658,1231,273
-655,1186,252
-653,1145,240
-644,1102,233
-635,1066,236
-626,1026,251
-613,988,263
-594,953,279
-583,921,298
-578,883,312
-575,852,328
-566,824,343
-558,800,354
-546,776,358
-536,755,361
-524,731,359
-512,707,355
-494,676,351
-482,647,347
-465,621,343
-450,592,338
-435,562,335
-422,529,332
-412,494,330
-394,461,328
-377,428,330
-359,401,330
-338,373,333
-307,338,334
-276,293,333
-243,256,327
-198,227,304
-149,195,281
-114,154,248
-78,105,210
-13,63,185
81,38,171
161,25,175
231,15,194
296,-3,219
362,-24,241
427,-60,257
482,-107,263
533,-175,258
571,-255,249
592,-337,236
576,-419,223
523,-508,202
438,-601,188
343,-702,186
248,-798,191
166,-890,219
116,-967,253
97,-1027,294
102,-1079,338
116,-1121,372
140,-1149,398
172,-1170,416
211,-1189,425
242,-1205,432
273,-1223,441
300,-1236,453
321,-1238,465
344,-1243,476
365,-1241,489
381,-1243,500
384,-1249,512
381,-1260,519
370,-1270,525
354,-1289,536
331,-1315,542
303,-1341,562
281,-1373,582
267,-1406,606
265,-1436,635
282,-1464,661
313,-1490,689
356,-1511,713
411,-1526,728
474,-1539,745
546,-1551,763
624,-1558,777
712,-1559,789
797,-1557,794
886,-1553,791
972,-1549,793
1045,-1550,789
1110,-1551,783
1165,-1555,784
1203,-1555,789
1234,-1556,797
1264,-1562,807
1289,-1566,821
1308,-1576,833
1323,-1583,845
1333,-1601,852
1344,-1615,860
1348,-1623,870
1348,-1634,874
1342,-1651,872
1335,-1665,872
1318,-1680,872
1294,-1694,870
1263,-1707,867
1235,-1723,866
1206,-1739,866
1180,-1745,868
1156,-1751,871
1138,-1756,870
1124,-1756,872
1105,-1752,875
1084,-1748,874
1061,-1748,871
1041,-1746,864
1030,-1743,861
1009,-1748,859
982,-1749,857
949,-1750,851
917,-1751,849
883,-1751,850
852,-1755,850
827,-1755,844
802,-1750,843
776,-1756,843
759,-1763,850
749,-1766,859
738,-1774,863
727,-1781,869
717,-1787,874
707,-1796,874
710,-1807,875
715,-1812,872
715,-1812,868
710,-1810,862
702,-1803,860
696,-1796,860
686,-1803,857
660,-1806,859
614,-1807,861
575,-1814,857
539,-1821,854
502,-1831,853
456,-1841,851
413,-1851,848
377,-1851,847
347,-1858,851
322,-1860,855
297,-1858,863
273,-1849,871
257,-1834,875
242,-1823,882
229,-1813,883
210,-1800,890
198,-1787,895
184,-1776,900
165,-1763,903
141,-1750,909
115,-1740,917
94,-1735,924
73,-1730,935
52,-1726,949
32,-1723,966
10,-1719,983
-12,-1712,1001
-31,-1708,1013
-37,-1708,1023
-29,-1706,1034
-11,-1699,1047
14,-1699,1051
35,-1695,1059
53,-1685,1065
74,-1677,1073
104,-1664,1077
134,-1649,1078
167,-1640,1079
189,-1626,1079
221,-1610,1090
241,-1599,1098
246,-1592,1112
250,-1581,1119
244,-1573,1125
241,-1567,1126
244,-1564,1128
244,-1556,1128
236,-1548,1129
232,-1536,1124
231,-1526,1122
234,-1516,1118
239,-1505,1115
248,-1506,1111
260,-1499,1111
275,-1490,1109
286,-1484,1106
297,-1481,1109
313,-1474,1106
327,-1469,1100
342,-1463,1097
356,-1458,1084
368,-1452,1073
385,-1449,1066
398,-1447,1057
396,-1447,1042
386,-1447,1030
374,-1448,1019
356,-1451,1001
337,-1460,975
314,-1467,951
290,-1476,925
258,-1481,902
220,-1496,879
173,-1509,858
123,-1527,836
73,-1537,814
22,-1547,792
-31,-1554,768
-83,-1560,752
-136,-1565,732
-180,-1567,712
-213,-1569,696
-245,-1568,680
-276,-1570,662
-304,-1570,647
-319,-1572,631
-323,-1579,612
-312,-1585,599
-289,-1591,590
-259,-1591,583
-218,-1591,572
-164,-1591,562
-104,-1591,549
-39,-1591,538
39,-1587,523
125,-1588,501
220,-1594,479
313,-1599,455
401,-1598,432
486,-1596,413
571,-1594,390
650,-1599,372
727,-1609,354
797,-1625,338
867,-1645,327
939,-1668,312
1000,-1687,302
1049,-1699,290
1097,-1710,276
1145,-1723,263
1184,-1734,246
1216,-1747,232
1240,-1759,221
1253,-1770,208
1259,-1782,191
1260,-1791,173
1253,-1801,163
1244,-1818,152
1225,-1833,143
1204,-1853,133
1180,-1876,128
1159,-1901,121
1136,-1931,115
1116,-1966,113
1102,-2007,111
1090,-2050,110
1087,-2092,112
1086,-2134,113
1084,-2173,115
1085,-2211,118
1082,-2247,127
1068,-2280,134
1043,-2313,139
1004,-2346,150
950,-2373,158
874,-2396,167
782,-2410,175
687,-2418,184
578,-2424,190
470,-2433,201
369,-2440,210
270,-2450,209
183,-2454,214
99,-2453,217
24,-2453,218
-40,-2456,216
-90,-2463,214
-127,-2471,212
-149,-2476,207
-157,-2481,203
-159,-2481,206
-149,-2481,209
-129,-2488,221
-103,-2492,232
-72,-2503,233
-28,-2511,229
28,-2518,223
87,-2526,210
154,-2533,194
223,-2539,169
296,-2542,142
363,-2541,118
422,-2538,95
474,-2536,75
529,-2536,57
587,-2535,31
647,-2535,0
709,-2538,-36
767,-2541,-71
821,-2542,-113
884,-2542,-161
937,-2549,-214
996,-2555,-272
1061,-2566,-338
1123,-2574,-406
1178,-2579,-468
1211,-2579,-531
1241,-2579,-583
1261,-2576,-637
1279,-2570,-694
1295,-2563,-755
1307,-2556,-820
1308,-2548,-890
1302,-2540,-966
1299,-2532,-1043
1303,-2528,-1127
1317,-2524,-1211
1329,-2521,-1299
1341,-2515,-1384
1345,-2505,-1464
1336,-2488,-1534
1317,-2463,-1596
1291,-2441,-1654
1268,-2417,-1699
1249,-2400,-1740
1230,-2389,-1778
1216,-2382,-1804
1209,-2389,-1820
1218,-2405,-1839
1253,-2429,-1857
1311,-2452,-1885
1384,-2471,-1913
1463,-2486,-1944
1541,-2490,-1966
1619,-2491,-1987
1695,-2489,-2004
1773,-2479,-2023
1847,-2461,-2045
1916,-2434,-2072
1974,-2396,-2104
2022,-2357,-2137
2071,-2314,-2174
2116,-2275,-2214
2149,-2241,-2250
2168,-2215,-2279
2185,-2196,-2299
2204,-2184,-2313
2225,-2184,-2319
2257,-2185,-2324
2291,-2184,-2327
2332,-2176,-2328
2380,-2166,-2324
2429,-2153,-2317
2481,-2139,-2302
2539,-2126,-2283
2599,-2118,-2274
2655,-2102,-2271
2689,-2079,-2264
2696,-2058,-2250
2684,-2052,-2222
2661,-2055,-2189
2630,-2063,-2165
2592,-2071,-2143
2538,-2078,-2120
2478,-2088,-2100
2422,-2101,-2075
2362,-2118,-2055
2304,-2133,-2045
2244,-2151,-2036
2179,-2166,-2025
2113,-2179,-2013
2051,-2192,-2000
2001,-2205,-1994
1963,-2213,-1994
1935,-2215,-1999
1908,-2215,-2014
1875,-2215,-2033
1836,-2212,-2056
1789,-2202,-2084
1726,-2188,-2103
1655,-2174,-2124
1585,-2163,-2137
1532,-2157,-2154
1481,-2145,-2175
1443,-2129,-2196
1415,-2109,-2217
1397,-2087,-2230
1397,-2069,-2217
1400,-2038,-2193
1403,-2014,-2187
1411,-1999,-2198
1425,-1986,-2220
1447,-1964,-2249
1474,-1939,-2271
1503,-1910,-2278
1526,-1873,-2277
1546,-1836,-2261
1562,-1802,-2237
1567,-1764,-2202
1556,-1727,-2158
1542,-1691,-2110
1528,-1652,-2057
1515,-1607,-2009
1505,-1556,-1963
1498,-1496,-1914
1487,-1432,-1867
1478,-1363,-1818
1472,-1284,-1759
1472,-1200,-1693
1471,-1119,-1623
1471,-1028,-1554
1483,-934,-1481
1500,-844,-1408
1519,-748,-1337
1549,-648,-1266
1589,-547,-1198
1636,-442,-1132
1690,-341,-1067
1754,-239,-1005
1825,-130,-950
1897,-34,-901
1974,68,-858
2052,173,-822
2131,275,-790
2208,368,-761
2287,451,-731
2358,532,-710
2425,607,-690
2484,675,-669
2536,738,-650
2583,796,-633
2625,849,-616
2657,896,-600
2687,938,-583
2713,980,-566
2732,1015,-552
2753,1046,-536
2766,1073,-522
2773,1090,-507
2772,1104,-483
2763,1115,-460
2755,1120,-436
2748,1124,-410
2728,1124,-383
2711,1124,-362
2691,1121,-344
2666,1119,-333
2637,1119,-319
2610,1112,-305
2580,1102,-298
2549,1096,-290
2516,1091,-285
2480,1084,-276
2440,1076,-270
2401,1070,-264
2353,1066,-256
2303,1057,-246
2256,1051,-237
2209,1036,-226
2165,1017,-208
2116,995,-180
2068,976,-137
2021,955,-100
1973,931,-66
1927,912,-46
1889,889,-26
1851,862,-7
1816,838,4
1781,813,14
1738,792,27
1702,768,42
1669,748,63
1639,730,86
1610,710,110
1581,694,133
1550,675,158
1513,667,178
1477,660,195
1443,654,214
1406,649,228
1370,649,244
1337,651,259
1307,651,272
1278,658,287
1249,662,305
1227,663,319
1209,660,338
1195,666,361
1186,670,387
1185,668,411
1185,667,434
1188,662,458
1189,661,480
1190,661,504
1199,657,521
1207,654,540
1223,650,556
1236,646,566
1247,643,573
1262,637,580
1280,635,584
1292,634,588
1305,632,592
1315,629,597
1324,627,600
1340,624,606
1355,620,614
1374,611,613
1386,606,616
1399,598,618
1413,591,618
1424,587,612
1437,579,605
1450,569,598
1461,562,590
1469,552,583
1477,533,571
1476,519,561
1475,501,549
1474,486,541
1467,476,529
1457,465,517
1448,456,503
1440,449,487
1430,440,473
1419,433,460
1406,430,440
1395,426,421
1383,424,397
1368,422,373
1354,418,351
1339,412,330
1327,410,304
1317,404,278
1307,395,255
1297,386,231
1291,375,213
1276,364,191
1259,354,166
1243,337,141
1223,325,118
1201,308,100
1182,285,79
1160,265,55
1135,246,33
1111,230,11
1085,210,-10
1061,192,-31
1033,181,-48
1008,168,-60
985,157,-78
965,147,-97
937,134,-116
919,130,-137
906,120,-158
895,111,-178
886,106,-198
880,103,-211
871,94,-231
865,92,-249
863,94,-268
854,94,-285
842,96,-302
835,97,-319
827,95,-337
818,96,-359
803,93,-376
789,89,-395
781,85,-411
772,82,-426
759,77,-445
750,74,-458
735,69,-476
715,64,-494
701,59,-513
688,56,-532
672,50,-551
657,44,-570
640,43,-587
618,38,-603
603,32,-617
584,26,-634
565,19,-650
544,13,-665
520,4,-677
499,-4,-692
475,-20,-708
449,-31,-721
425,-39,-731
396,-49,-744
362,-55,-754
338,-61,-768
305,-65,-779
273,-71,-790
240,-71,-805
209,-72,-814
182,-73,-821
154,-72,-832
128,-74,-844
108,-73,-858
93,-73,-865
82,-72,-876
72,-73,-882
63,-72,-885
59,-70,-892
60,-69,-896
63,-68,-902
66,-66,-907
70,-65,-912
76,-63,-916
86,-61,-918
92,-55,-920
103,-53,-921
112,-45,-924
124,-39,-925
134,-32,-925
144,-26,-926
158,-19,-928
171,-12,-921
179,-6,-917
190,-2,-913
196,5,-909
206,12,-904
219,19,-895
223,19,-885
228,16,-878
234,12,-866
237,12,-850
235,12,-835
242,7,-816
245,6,-802
243,-3,-785
240,-6,-763
240,-7,-747
239,-5,-726
237,-6,-706
236,-5,-684
231,3,-664
228,5,-643
222,5,-624
217,9,-602
215,15,-579
213,23,-552
209,29,-528
205,34,-502
196,46,-479
189,59,-454
190,68,-432
186,78,-406
185,89,-382
184,101,-359
179,112,-333
176,124,-311
173,134,-287
162,149,-265
162,165,-244
159,177,-220
152,189,-196
149,203,-176
149,216,-157
146,231,-136
149,249,-117
150,266,-98
152,280,-82
163,299,-69
176,323,-61
189,348,-53
204,374,-49
221,399,-43
242,421,-37
268,443,-29
298,460,-25
328,475,-22
354,491,-13
382,503,-7
419,518,0
457,532,9
495,548,21
534,559,30
571,569,33
612,578,34
658,588,34
697,594,28
738,597,24
781,600,24
814,606,19
849,608,16
877,605,13
905,598,11
928,584,9
941,561,8
949,530,2
961,497,-3
966,464,-3
966,434,-3
957,412,1
946,397,1
928,382,1
907,372,2
878,361,2
845,346,3
802,330,5
755,310,7
709,293,13
656,266,14
605,243,11
553,216,10
492,193,12
425,167,18
360,145,22
294,124,27
226,102,33
155,80,36
86,64,38
28,46,39
-33,33,41
-84,24,46
-129,21,48
-177,18,52
-220,19,54
-249,18,53
-276,19,51
-302,16,50
-320,14,49
-333,15,50
-346,16,52
-353,19,54
-354,17,55
-356,18,49
-352,19,43
-345,21,35
-334,20,24
-328,16,15
-318,17,10
-306,18,5
-297,27,3
-284,34,1
-271,41,0
-258,44,2
-244,51,-3
-226,57,-12
-209,61,-15
-186,64,-22
-168,69,-32
-144,69,-45
-124,65,-53
-108,63,-58
-93,57,-62
-80,47,-69
-70,41,-78
-63,30,-82
-55,18,-86
-52,8,-88
-54,-1,-90
-55,-6,-90
-63,-17,-94
-71,-21,-91
-78,-18,-88
-84,-10,-88
-92,-3,-90
-98,5,-88
-98,15,-87
-100,23,-87
-97,28,-85
-93,31,-83
-86,32,-75
-74,22,-66
-66,15,-57
-57,4,-46
-46,-8,-35
-35,-23,-24
-30,-37,-9
-28,-46,9
-26,-54,27
-29,-60,44
-27,-63,57
-34,-66,71
-39,-68,87
-42,-67,99
-44,-70,115
-46,-73,130
-56,-74,147
-65,-76,164
-71,-80,180
-80,-78,193
-82,-75,196
-88,-73,192
-101,-67,191
-112,-64,191
-127,-60,193
-139,-59,200
-146,-59,210
-154,-63,221
-163,-68,233
-175,-80,245
-181,-93,257
-191,-112,269
-198,-121,276
-202,-125,281
-211,-127,280
-212,-127,276
-204,-124,269
-199,-120,263
-190,-115,255
-179,-112,250
-168,-111,249
-160,-110,250
-146,-113,252
-135,-115,258
-128,-115,260
-112,-116,259
-98,-119,255
-89,-118,248
-81,-115,245
-70,-111,241
-62,-105,233
-53,-102,234
-43,-99,227
-30,-98,226
-12,-105,225
4,-107,221
24,-110,218
47,-107,207
66,-105,192
85,-102,176
101,-96,160
119,-90,147
130,-80,137
150,-73,130
170,-69,125
187,-67,120
206,-62,112
224,-59,106
241,-55,95
265,-53,83
291,-52,73
313,-52,63
340,-54,54
369,-57,46
394,-64,38
416,-68,32
435,-71,26
448,-70,21
468,-70,13
483,-68,5
496,-64,0
506,-59,-6
519,-57,-15
536,-53,-18
552,-50,-20
563,-51,-25
581,-52,-27
593,-58,-28
613,-64,-26
628,-66,-27
639,-71,-31
651,-77,-36
659,-85,-36
657,-89,-34
657,-99,-34
653,-106,-31
645,-111,-27
633,-114,-27
619,-118,-24
603,-118,-21
587,-116,-23
572,-116,-24
558,-115,-26
533,-115,-25
512,-118,-27
488,-126,-25
462,-131,-20
438,-138,-11
414,-140,-7
385,-145,-5
361,-153,4
334,-155,7
304,-159,12
277,-162,10
251,-167,11
226,-168,14
200,-171,18
172,-170,23
145,-173,25
119,-173,27
98,-175,29
77,-174,33
57,-177,37
44,-180,36
26,-185,40
12,-190,39
1,-198,43
-13,-203,42
-22,-208,43
-29,-210,44
-31,-213,42
-36,-213,41
-40,-217,41
-44,-216,45
-43,-216,46
-44,-213,51
-43,-211,56
-42,-208,58
-37,-203,60
-34,-200,64
-30,-192,64
-25,-180,67
-18,-178,68
-9,-176,70
0,-173,71
5,-171,75
8,-170,81
14,-173,92
19,-178,100
24,-185,110
32,-194,120
34,-200,129
35,-210,136
38,-216,145
40,-220,149
40,-223,157
33,-225,158
26,-224,156
13,-225,155
-4,-220,161
-20,-218,157
-38,-219,156
-59,-216,155
-82,-216,155
-107,-216,156
-129,-220,156
-152,-228,152
-179,-237,145
-208,-250,142
-238,-264,140
-265,-275,137
-294,-292,131
-328,-304,130
-358,-318,125
-383,-332,122
-412,-340,117
-440,-351,109
-469,-359,101
-499,-364,89
-531,-365,78
-553,-363,68
-578,-353,63
-603,-344,49
-626,-338,38
-645,-331,24
-658,-322,15
-671,-314,3
-679,-308,-9
-684,-302,-19
-688,-297,-30
-685,-295,-41
-680,-285,-50
-676,-277,-57
-675,-268,-65
-674,-257,-81
-665,-244,-98
-662,-230,-115
-661,-217,-130
-654,-206,-145
-645,-196,-160
-636,-188,-176
-628,-186,-194
-612,-190,-203
-590,-195,-218
-567,-207,-225
-547,-224,-237
-522,-244,-246
-497,-274,-254
-473,-309,-262
-445,-345,-267
-424,-381,-277
-414,-416,-287
-416,-447,-289
-421,-471,-300
-430,-492,-312
-445,-507,-321
-468,-518,-332
-496,-526,-338
-526,-527,-346
-557,-517,-348
-588,-505,-354
-620,-490,-356
-653,-470,-364
-684,-454,-367
-715,-442,-364
-743,-433,-364
-769,-424,-360
-799,-417,-356
-823,-414,-350
-848,-411,-340
-873,-408,-328
-904,-410,-315
-929,-415,-303
-954,-417,-290
-975,-422,-271
-995,-425,-255
-1019,-427,-242
-1043,-424,-228
-1070,-419,-216
-1098,-410,-206
-1126,-403,-194
-1155,-399,-177
-1185,-392,-161
-1215,-385,-144
-1245,-376,-129
-1275,-374,-110
-1302,-373,-94
-1325,-372,-78
-1343,-369,-62
-1367,-367,-53
-1381,-367,-47
-1390,-367,-39
-1402,-364,-28
-1405,-362,-20
-1409,-353,-14
-1406,-343,-13
-1397,-335,-6
-1389,-324,-3
-1372,-312,-1
-1357,-299,-2
-1338,-283,1
-1313,-268,1
-1289,-248,3
-1268,-233,3
-1237,-220,2
-1208,-205,4
-1176,-191,6
-1137,-180,8
-1096,-162,9
-1057,-152,10
-1016,-141,13
-975,-128,16
-933,-118,20
-889,-106,20
-847,-96,23
-807,-88,23
-765,-76,20
-724,-69,20
-688,-63,16
-654,-53,12
-621,-42,6
-596,-33,3
-576,-25,-2
-553,-12,-7
-532,-2,-12
-517,7,-19
-505,14,-26
-491,25,-34
-475,29,-40
-466,35,-43
-458,41,-48
-451,43,-54
-444,46,-56
-445,48,-62
-448,43,-72
-453,43,-81
-462,43,-91
-476,40,-101
-487,38,-103
-502,36,-110
-512,33,-116
-532,30,-122
-553,27,-127
-567,26,-132
-578,29,-141
-591,25,-147
-603,25,-147
-613,27,-156
-620,25,-162
-627,28,-166
-638,29,-168
-641,31,-171
-643,34,-173
-650,35,-171
-656,36,-165
-654,36,-162
-652,36,-163
-654,36,-161
-655,39,-160
-652,39,-155
-649,40,-152
-648,44,-152
-641,45,-145
-634,52,-141
-633,59,-135
-622,66,-129
-621,70,-123
-619,68,-117
-617,68,-112
-617,69,-102
-616,70,-93
-614,69,-85
-611,67,-74
-613,66,-69
-617,66,-60
-616,71,-57
-616,75,-53
-613,84,-49
-609,94,-43
-607,102,-36
-606,111,-32
-603,120,-23
-596,135,-14
-587,143,-4
-583,155,0
-574,165,5
-566,173,14
-557,183,19
-544,190,24
-534,196,31
-520,204,36
-508,220,42
-495,229,47
-479,236,48
-463,238,50
-444,237,55
-427,237,60
-409,235,64
-394,231,69
-379,225,72
-356,213,82
-339,205,87
-326,196,93
-312,187,99
-297,174,105
-280,164,109
-271,156,113
-263,149,117
-247,145,122
-235,142,125
-227,141,128
-217,139,128
-212,142,128
-204,143,127
-195,141,123
-191,142,121
-186,143,118
-182,146,113
-179,151,110
-177,154,105
-180,151,99
-181,150,91
-186,148,86
-191,145,79
-197,142,72
-204,138,65
-213,132,59
-222,125,48
-235,120,41
-251,115,32
-266,113,19
-277,118,5
-293,121,-14
-309,124,-35
-325,123,-53
-340,124,-68
-356,119,-90
-368,104,-108
-389,84,-129
-408,57,-144
-431,26,-155
-455,-10,-159
-483,-49,-166
-516,-91,-159
-550,-145,-152
-587,-211,-143
-630,-282,-128
-680,-355,-114
-737,-428,-100
-796,-498,-87
-860,-556,-72
-930,-610,-58
-1004,-659,-47
-1087,-695,-36
-1174,-725,-20
-1262,-744,-4
-1358,-754,12
-1448,-752,27
-1536,-748,41
-1620,-744,51
-1703,-744,68
-1780,-749,89
-1852,-747,116
-1915,-750,149
-1974,-758,181
-2023,-776,220
-2067,-798,262
-2106,-821,303
-2133,-841,339
-2157,-850,368
-2179,-849,391
-2190,-842,415
-2198,-831,432
-2200,-814,443
-2202,-792,455
