3965,700,-413
3974,694,-414
3977,674,-426
3972,653,-442
3959,632,-458
3936,624,-477
3914,624,-502
3894,628,-521
3877,628,-531
3858,632,-538
3854,640,-533
3852,646,-521
3857,650,-505
3870,650,-496
3880,643,-480
3896,636,-474
3911,629,-469
3924,623,-470
3937,623,-476
3940,623,-488
3946,627,-494
3952,628,-503
3955,632,-503
3959,635,-507
3962,635,-505
3960,633,-507
3959,635,-508
3957,640,-512
3954,644,-512
3952,637,-516
3946,636,-519
3937,633,-527
3930,628,-531
3925,623,-533
3923,620,-538
3917,613,-541
3914,605,-542
3907,602,-544
3903,602,-530
3900,599,-520
3899,601,-509
3906,597,-506
3909,584,-501
3918,586,-494
3924,591,-489
3933,579,-487
3944,565,-481
3947,568,-476
3944,590,-479
3954,582,-481
3962,556,-488
3965,536,-487
3966,511,-480
3965,487,-475
3969,471,-474
3974,462,-474
3978,463,-473
3974,472,-471
3967,483,-472
3959,493,-473
3961,502,-470
3961,510,-472
3960,519,-468
3958,524,-467
3957,530,-463
3950,531,-468
3949,531,-476
3949,536,-481
3941,538,-486
3934,545,-495
3928,553,-497
3921,561,-504
3920,567,-509
3918,572,-502
3915,578,-502
3916,582,-504
3918,589,-510
3916,598,-512
3922,607,-516
3924,618,-517
3925,630,-520
3923,642,-521
3921,653,-525
3925,668,-524
3926,687,-529
3928,703,-531
3931,716,-538
3926,721,-547
3918,719,-562
3901,712,-573
3884,703,-586
3861,694,-585
3854,688,-589
3852,701,-579
3859,727,-567
3867,761,-552
3885,799,-545
3894,831,-551
3900,849,-573
3889,853,-602
3889,841,-637
3890,817,-666
3888,789,-686
3882,765,-700
3875,751,-687
3877,743,-666
3889,754,-633
3896,778,-593
3902,807,-563
3906,840,-543
3925,841,-535
3929,831,-530
3927,822,-538
3915,810,-561
3905,792,-587
3886,777,-623
3872,761,-649
3856,755,-669
3847,752,-676
3838,755,-673
3833,759,-662
3835,765,-652
3841,763,-639
3844,763,-628
3844,760,-621
3840,746,-616
3837,737,-615
3838,726,-611
3842,715,-607
3846,705,-599
3854,698,-586
3869,690,-575
3880,686,-563
3891,677,-552
3898,679,-546
3908,665,-543
3919,650,-542
3927,638,-542
3932,631,-540
3935,619,-541
3934,611,-541
3940,607,-540
3949,594,-538
3957,583,-532
3964,584,-529
3968,584,-523
3972,586,-522
3976,589,-517
3977,594,-515
3975,597,-514
3980,599,-515
3980,599,-519
3972,597,-526
3957,600,-532
3941,601,-532
3929,599,-539
3921,601,-546
3919,602,-552
3918,600,-567
3913,595,-578
3905,587,-593
3895,583,-606
3892,580,-609
3891,579,-607
3886,588,-601
3889,594,-589
3895,611,-579
3906,629,-568
3917,638,-561
3921,641,-559
3923,639,-565
3925,638,-577
3926,634,-586
3922,631,-597
3920,628,-605
3917,632,-606
3917,639,-611
3915,648,-608
3918,655,-599
3922,665,-593
3920,674,-587
3923,681,-582
3922,685,-581
3919,689,-581
3913,691,-580
3906,691,-586
3904,689,-593
3903,685,-599
3905,679,-601
3907,676,-606
3910,675,-607
3911,676,-608
3911,679,-605
3910,679,-603
3908,676,-600
3909,674,-599
3909,671,-596
3906,669,-593
3908,666,-597
3907,660,-599
3905,657,-597
3907,656,-596
3909,653,-588
3913,654,-588
3913,650,-584
3916,652,-580
3917,651,-577
3919,655,-574
3920,655,-573
3924,654,-578
3924,647,-582
3922,648,-586
3919,648,-591
3915,647,-590
3914,645,-592
3911,646,-593
3910,648,-598
3912,648,-592
3912,648,-592
3914,645,-594
3916,646,-590
3918,642,-590
3922,641,-586
3923,637,-582
3926,631,-578
3925,628,-579
3921,621,-579
3924,624,-576
3922,620,-570
3923,621,-567
3924,616,-564
3925,618,-565
3923,616,-564
3927,612,-557
3929,611,-558
3931,608,-555
3931,604,-557
3931,604,-558
3931,603,-558
3926,603,-556
3930,606,-559
3930,607,-561
3933,607,-563
3929,603,-570
3924,590,-574
3913,576,-575
3904,558,-579
3894,551,-576
3896,551,-563
3902,568,-538
3913,596,-515
3928,631,-501
3935,660,-491
3936,681,-497
3930,680,-516
3927,665,-545
3917,636,-576
3912,603,-596
3905,568,-612
3899,543,-615
3893,528,-604
3896,525,-580
3901,536,-547
3912,551,-511
3926,564,-481
3939,578,-463
3952,584,-452
3960,578,-452
3964,569,-465
3964,552,-485
3957,535,-507
3947,524,-530
3938,521,-547
3936,528,-562
3930,539,-567
3929,550,-572
3935,565,-566
3942,579,-564
3946,579,-564
3949,585,-565
3950,591,-567
3951,592,-573
3947,592,-580
3941,593,-587
3933,596,-595
3927,598,-600
3921,605,-599
3919,610,-600
3918,619,-594
3921,627,-590
3922,632,-590
3918,640,-589
3917,648,-593
3916,651,-596
3917,649,-606
3913,649,-617
3908,641,-627
3909,637,-633
3908,634,-638
3904,629,-640
3905,631,-639
3906,632,-635
3912,632,-629
3917,635,-622
3927,637,-617
3937,636,-609
3943,639,-598
3948,637,-597
3947,641,-591
3946,643,-583
3945,641,-585
3941,641,-590
3940,641,-592
3941,637,-600
3937,631,-609
3929,619,-622
3920,604,-633
3912,595,-636
3911,588,-639
3907,587,-634
3908,597,-621
3912,611,-604
3913,625,-594
3919,630,-585
3926,636,-576
3930,631,-575
3930,625,-579
3932,617,-590
3930,602,-592
3926,598,-599
3923,594,-598
3919,591,-594
3925,594,-591
3931,598,-588
3933,604,-584
3937,608,-573
3938,613,-567
3938,616,-566
3941,614,-570
3937,613,-572
3935,613,-575
3930,613,-582
3927,614,-590
3927,611,-594
3924,608,-595
3924,604,-596
3923,604,-594
3920,600,-593
3920,603,-597
3919,600,-596
3919,602,-596
3916,598,-596
3916,596,-593
3919,600,-587
3917,601,-582
3918,602,-579
3916,602,-573
3920,602,-574
3920,605,-575
3923,603,-571
3925,604,-567
3929,602,-565
3929,596,-565
3928,596,-563
3931,595,-560
3931,597,-555
3930,596,-557
3928,593,-556
3928,588,-555
3930,584,-552
3926,584,-551
3929,580,-548
3929,576,-551
3931,576,-550
3927,573,-543
3927,570,-539
3925,565,-539
3923,563,-537
3920,564,-534
3921,562,-534
3918,561,-530
3914,561,-531
3914,559,-533
3915,560,-538
3914,564,-539
3914,567,-540
3910,570,-538
3910,573,-540
3907,576,-540
3910,582,-543
3914,587,-544
3915,589,-539
3916,595,-545
3920,601,-544
3921,609,-543
3922,613,-550
3922,620,-552
3926,621,-562
3927,622,-566
3923,618,-570
3919,605,-581
3907,592,-592
3897,577,-601
3888,564,-600
3882,555,-592
3888,564,-580
3897,583,-554
3906,613,-530
3923,648,-513
3938,675,-502
3949,695,-501
3950,703,-525
3950,687,-552
3944,658,-581
3937,622,-614
3930,589,-633
3921,564,-644
3914,547,-639
3912,544,-624
3915,551,-601
3923,563,-569
3927,577,-548
3932,588,-529
3944,584,-519
3955,579,-507
3957,578,-508
3956,575,-518
3948,571,-536
3943,565,-552
3931,565,-572
3923,563,-588
3917,570,-596
3915,575,-597
3916,580,-599
3917,584,-605
3920,585,-606
3919,588,-606
3921,593,-602
3922,596,-605
3921,596,-602
3920,598,-604
3919,600,-604
3921,602,-596
3920,606,-589
3925,615,-584
3926,619,-577
3929,621,-568
3931,626,-564
3934,625,-564
3936,625,-570
3936,622,-572
3933,622,-584
3926,617,-591
3921,610,-600
3921,607,-609
3921,602,-616
3923,601,-617
3922,599,-611
3923,607,-605
3924,610,-602
3931,615,-593
3933,616,-583
3941,618,-579
3943,623,-573
3943,622,-572
3939,624,-572
3932,629,-573
3923,628,-575
3916,623,-579
3914,618,-592
3910,613,-600
3905,609,-608
3898,603,-613
3891,599,-610
3892,600,-611
3899,604,-605
3900,616,-595
3910,622,-583
3916,634,-575
3921,646,-569
3922,647,-566
3929,639,-564
3937,628,-564
3936,622,-566
3935,616,-575
3930,610,-580
3922,608,-583
3917,604,-586
3914,607,-587
3913,611,-578
3911,613,-574
3909,613,-567
3911,615,-563
3908,623,-556
3911,624,-557
3910,630,-560
3910,629,-561
3911,632,-567
3911,633,-575
3909,630,-575
3906,630,-584
3905,628,-586
3903,628,-590
3899,625,-593
3899,621,-591
3903,625,-589
3902,628,-590
3904,628,-592
3906,624,-589
3907,629,-587
3907,628,-585
3909,621,-585
3911,619,-587
3908,621,-587
3913,619,-585
3915,621,-585
3916,620,-585
3921,623,-585
3926,625,-580
3930,626,-577
3937,626,-572
3944,630,-569
3952,634,-573
3949,638,-573
3951,636,-581
3953,637,-585
3949,634,-592
3944,634,-595
3945,638,-600
3941,630,-603
3939,634,-604
3937,629,-603
3933,626,-605
3931,625,-601
3929,627,-599
3930,626,-592
3932,625,-595
3926,624,-597
3929,624,-594
3932,620,-599
3929,618,-598
3931,615,-603
3926,611,-603
3927,605,-604
3927,599,-604
3929,593,-603
3925,587,-600
3924,584,-598
3923,586,-595
3925,586,-590
3919,586,-589
3920,586,-587
3918,582,-586
3922,586,-586
3920,586,-584
3919,588,-581
3915,590,-587
3914,596,-590
3913,594,-594
3911,592,-604
3898,584,-612
3888,570,-617
3885,556,-625
3879,546,-625
3868,548,-619
3870,554,-603
3878,570,-579
3889,605,-549
3903,644,-523
3921,679,-505
3932,709,-508
3938,720,-524
3939,715,-548
3933,695,-576
3926,667,-604
3920,632,-628
3915,604,-645
3908,580,-640
3907,568,-628
3899,585,-610
3910,593,-585
3924,598,-554
3938,605,-525
3956,615,-501
3968,616,-487
3976,615,-483
3977,612,-487
3973,613,-505
3959,609,-529
3945,606,-553
3937,604,-570
3921,599,-583
3914,598,-592
3908,599,-600
3904,595,-595
3907,594,-591
3906,598,-586
3909,600,-579
3915,604,-575
3913,605,-572
3914,607,-570
3916,607,-567
3916,606,-562
3919,609,-560
3917,608,-561
3919,613,-560
3922,612,-560
3923,609,-564
3918,605,-567
3914,605,-570
3907,605,-580
3904,597,-584
3900,595,-591
3892,597,-598
3890,598,-598
3894,599,-598
3901,599,-591
3907,601,-583
3915,608,-578
3927,611,-571
3936,615,-561
3943,627,-554
3953,630,-553
3957,631,-547
3954,633,-543
3952,638,-547
3948,634,-554
3944,634,-561
3943,627,-572
3939,621,-580
3929,610,-592
3918,601,-600
3913,595,-605
3907,595,-603
3909,593,-595
3911,597,-590
3917,610,-581
3918,620,-572
3922,623,-564
3925,626,-554
3927,622,-557
3924,619,-562
3922,609,-573
3923,593,-582
3924,584,-585
3916,579,-585
3914,579,-585
3913,580,-585
3913,583,-580
3914,589,-572
3922,592,-569
3924,595,-566
3922,593,-564
3921,599,-560
3918,605,-557
3917,608,-560
3917,609,-564
3917,610,-565
3915,613,-571
3912,611,-573
3913,611,-576
3914,613,-574
3919,618,-576
3920,620,-574
3926,626,-569
3930,633,-563
3931,630,-563
3937,628,-565
3942,626,-567
3945,623,-563
3944,623,-566
3941,619,-564
3939,617,-567
3937,609,-567
3936,605,-564
3934,605,-563
3928,603,-563
3928,599,-556
3923,598,-560
3918,597,-562
3921,594,-569
3922,592,-571
3925,592,-577
3926,591,-575
3922,591,-576
3918,593,-577
3917,594,-572
3916,594,-571
3918,595,-565
3923,600,-564
3925,601,-564
3932,608,-561
3932,609,-559
3936,609,-556
3936,611,-554
3941,606,-557
3943,603,-560
3940,604,-565
3935,599,-573
3932,600,-580
3926,600,-581
3924,601,-583
3923,602,-580
3922,604,-580
3923,605,-571
3918,608,-567
3918,615,-559
3915,616,-557
3913,609,-556
3910,609,-558
3915,605,-563
3911,603,-565
3909,603,-570
3907,602,-578
3905,597,-577
3909,598,-580
3905,597,-574
3907,600,-570
3910,596,-569
3911,599,-566
3910,602,-561
3911,602,-561
3907,605,-563
3912,605,-564
3913,604,-564
3914,609,-560
3917,609,-560
3916,614,-562
3921,617,-569
3924,618,-575
3923,619,-574
3925,612,-576
3926,603,-588
3923,591,-597
3916,577,-601
3913,566,-603
3913,559,-599
3914,564,-584
3916,579,-564
3930,605,-542
3940,636,-528
3948,661,-517
3949,678,-522
3946,681,-545
3933,664,-568
3920,638,-595
3905,602,-621
3890,572,-642
3880,550,-647
3872,536,-640
3872,535,-624
3876,543,-596
3889,562,-567
3897,591,-538
3907,609,-519
3929,619,-507
3949,610,-497
3961,604,-496
3965,605,-504
3963,605,-521
3956,602,-542
3947,603,-563
3936,602,-575
3924,607,-590
3925,606,-593
3923,605,-598
3925,607,-593
3930,606,-590
3935,608,-585
3933,611,-583
3932,610,-582
3927,608,-581
3926,610,-580
3923,607,-580
3917,608,-579
3917,608,-579
3921,601,-580
3922,603,-580
3923,599,-575
3924,597,-576
3924,596,-575
3923,595,-577
3919,590,-575
3920,590,-584
3920,588,-588
3920,588,-593
3918,586,-594
3920,588,-596
3920,591,-595
3921,593,-588
3923,597,-583
3932,598,-576
3939,604,-573
3947,606,-571
3953,613,-569
3953,615,-558
3950,617,-555
3949,622,-555
3949,629,-558
3950,633,-563
3946,633,-573
3935,629,-589
3929,623,-598
3925,620,-603
3916,611,-612
3912,606,-608
3915,608,-608
3912,611,-600
3912,623,-589
3916,631,-580
3920,633,-578
3923,631,-578
3928,629,-575
3934,627,-574
3937,622,-574
3936,619,-574
3934,618,-571
3931,614,-573
3932,612,-566
3934,613,-568
3934,612,-569
3933,615,-566
3931,615,-564
3934,619,-563
3935,621,-561
3935,620,-562
3932,618,-564
3931,623,-564
3935,622,-567
3930,617,-571
3929,617,-576
3928,616,-580
3930,612,-582
3927,608,-580
3925,609,-578
3922,611,-584
3919,610,-583
3919,606,-584
3919,604,-585
3917,601,-582
3917,603,-579
3912,602,-574
3913,602,-573
3910,604,-570
3912,601,-570
3913,601,-572
3912,604,-572
3911,604,-569
3917,607,-566
3921,606,-565
3926,605,-563
3929,609,-559
3931,612,-555
3930,606,-554
3930,606,-555
3933,606,-557
3934,609,-560
3933,611,-562
3932,607,-572
3933,609,-573
3927,608,-575
3929,610,-572
3933,607,-567
3934,609,-568
3929,612,-565
3931,615,-567
3929,611,-568
3929,607,-567
3928,610,-564
3926,608,-561
3928,610,-562
3926,612,-562
3926,614,-563
3926,616,-565
3929,620,-564
3928,618,-563
3923,617,-566
3923,616,-568
3924,611,-573
3922,610,-577
3919,606,-577
3918,606,-581
3915,605,-582
3913,605,-584
3908,601,-584
3908,602,-582
3909,600,-583
3909,601,-580
3914,597,-578
3911,597,-579
3910,598,-579
3916,598,-577
3913,594,-576
3913,592,-579
3912,589,-579
3913,587,-580
3908,593,-581
3915,594,-576
3915,595,-573
3918,595,-565
3918,594,-566
3918,598,-564
3919,601,-564
3920,601,-565
3927,601,-566
3931,605,-570
3928,609,-571
3936,608,-574
3934,603,-576
3933,598,-574
3935,589,-576
3933,579,-578
3929,567,-579
3930,567,-571
3933,573,-557
3934,587,-529
3944,608,-503
3959,639,-492
3970,668,-492
3968,687,-509
3963,693,-535
3953,683,-560
3937,663,-590
3923,633,-620
3908,602,-636
3897,574,-640
3895,559,-633
3891,555,-609
3899,565,-571
3913,581,-538
3928,604,-502
3942,623,-476
3954,630,-463
3963,635,-464
3964,632,-476
3962,622,-492
3955,613,-516
3948,600,-540
3938,591,-556
3924,586,-576
3919,592,-583
3916,596,-583
3913,602,-579
3918,611,-572
3919,620,-570
3923,623,-568
3922,626,-565
3920,625,-563
3917,629,-561
3911,625,-568
3906,621,-571
3903,619,-571
3900,617,-570
3901,619,-567
3903,623,-557
3909,628,-553
3911,633,-548
3917,633,-541
3919,636,-543
3920,636,-540
3921,631,-540
3923,627,-540
3921,623,-543
3920,619,-546
3921,618,-551
3926,614,-550
3931,614,-541
3940,615,-534
3946,621,-525
3953,622,-519
3956,627,-510
3956,633,-507
3957,635,-504
3952,638,-503
3945,638,-500
3942,637,-505
3941,639,-515
3937,633,-526
3933,625,-542
3919,617,-556
3909,609,-564
3901,602,-569
3892,597,-570
3888,600,-560
3887,607,-546
3886,619,-536
3894,635,-526
3903,642,-519
3906,649,-513
3913,648,-512
3916,640,-517
3917,634,-522
3914,629,-532
3911,627,-537
3912,628,-538
3907,629,-540
3907,625,-541
3909,631,-536
3912,638,-531
3919,637,-529
3923,639,-526
3921,641,-525
3919,638,-528
3917,642,-529
3915,642,-539
3912,638,-544
3912,637,-548
3908,638,-547
3909,634,-546
3912,635,-542
3917,637,-538
3923,644,-534
3927,649,-527
3928,654,-519
3929,654,-517
3931,649,-519
3934,644,-517
3935,643,-524
3936,641,-521
3931,636,-521
3930,631,-524
3929,626,-521
3924,623,-523
3919,622,-519
3919,618,-518
3917,616,-515
3920,613,-510
3918,613,-510
3927,608,-505
3923,610,-506
3924,609,-506
3927,607,-505
3927,605,-507
3928,602,-507
3927,603,-508
3928,594,-510
3924,592,-514
3918,592,-509
3923,589,-511
3922,592,-511
3925,592,-505
3934,593,-504
3936,595,-501
3940,596,-498
3939,595,-491
3941,599,-492
3944,595,-488
3944,596,-488
3946,600,-493
3948,602,-497
3947,604,-497
3942,603,-502
3940,603,-509
3938,604,-512
3930,604,-517
3925,603,-520
3921,605,-522
3925,604,-520
3922,610,-523
3921,614,-520
3919,618,-513
3921,624,-515
3925,631,-515
3924,637,-515
3927,636,-514
3926,633,-514
3923,632,-521
3924,638,-523
3920,637,-524
3917,642,-527
3915,638,-525
3919,639,-523
3923,638,-515
3924,636,-514
3919,642,-509
3923,641,-505
3926,647,-505
3927,652,-508
3934,651,-511
3939,650,-507
3941,645,-510
3939,635,-519
3933,618,-531
3913,599,-548
3888,579,-557
3874,565,-558
3866,560,-547
3870,572,-531
3885,599,-502
3914,639,-472
3936,679,-454
3945,708,-455
3947,720,-461
3942,705,-479
3933,678,-508
3929,643,-534
3917,608,-551
3904,583,-563
3899,563,-563
3898,553,-548
3901,563,-522
3912,576,-487
3928,597,-456
3941,615,-426
3948,631,-415
3950,636,-419
3949,626,-438
3941,606,-465
3930,589,-496
3918,573,-525
3906,560,-548
3896,557,-564
3892,561,-566
3891,568,-558
3895,580,-547
3902,594,-535
3906,602,-523
3911,609,-515
3918,616,-505
3920,615,-507
3916,607,-508
3911,605,-520
3906,599,-525
3907,595,-527
3908,600,-524
3905,606,-517
3913,608,-519
3918,614,-517
3924,616,-516
3926,621,-516
3925,620,-519
3926,621,-521
3925,622,-523
3919,622,-524
3921,616,-531
3919,616,-530
3923,614,-530
3930,615,-530
3932,612,-527
3932,615,-525
3938,618,-519
3940,617,-516
3942,624,-507
3942,626,-500
3938,627,-500
3932,631,-496
3925,635,-489
3924,632,-491
3930,633,-498
3935,629,-506
3935,622,-509
3934,613,-516
3933,606,-524
3927,597,-530
3924,595,-531
3922,594,-526
3921,594,-523
3918,599,-521
3914,601,-518
3914,602,-508
3916,599,-503
3916,601,-504
3921,598,-500
3924,593,-504
3925,598,-502
3930,596,-504
3934,595,-506
3933,597,-507
3932,595,-504
3933,594,-509
3933,597,-510
3931,600,-509
3930,599,-505
3930,599,-503
3932,597,-504
3932,596,-509
3932,597,-511
3932,598,-512
3929,598,-513
3930,595,-514
3928,594,-515
3925,598,-514
3928,602,-516
3926,604,-513
3926,600,-513
3926,599,-517
3930,600,-517
3929,597,-516
3927,602,-521
3926,598,-518
3929,596,-520
3931,592,-519
3925,588,-520
3922,590,-520
3920,586,-520
3921,584,-520
3924,583,-516
3920,584,-513
3919,584,-509
3923,589,-507
3925,586,-508
3929,589,-507
3927,591,-505
3925,591,-507
3925,595,-508
3927,594,-507
3928,592,-513
3927,597,-515
3931,597,-518
3933,595,-517
3929,597,-519
3928,600,-525
3933,602,-526
3936,603,-525
3932,606,-527
3932,604,-530
3934,605,-531
3937,607,-533
3941,608,-531
3943,609,-528
3946,613,-527
3944,614,-524
3940,611,-524
3941,615,-523
3941,612,-523
3936,610,-527
3934,609,-531
3930,606,-535
3925,602,-533
3921,600,-535
3918,601,-534
3917,600,-535
3915,598,-535
3911,595,-538
3908,600,-533
3911,601,-533
3918,601,-528
3919,599,-524
3916,598,-527
3921,597,-530
3919,596,-530
3916,596,-529
3918,592,-532
3928,598,-533
3932,599,-537
3936,596,-540
3935,591,-544
3929,580,-550
3924,570,-552
3914,557,-558
3903,548,-561
3898,545,-558
3902,549,-542
3915,566,-523
3921,594,-503
3934,627,-492
3942,654,-483
3950,676,-488
3948,683,-505
3944,675,-530
3939,646,-558
3933,610,-587
3919,577,-608
3905,547,-613
3899,528,-613
3893,523,-599
3894,529,-575
3900,544,-546
3909,566,-522
3927,585,-497
3940,601,-482
3946,604,-474
3950,607,-477
3954,607,-483
3956,596,-502
3951,588,-522
3944,585,-543
3936,584,-564
3926,583,-574
3922,587,-581
3923,591,-578
3922,594,-580
3925,593,-582
3925,596,-580
3926,598,-579
3928,595,-573
3933,598,-572
3932,600,-568
3927,598,-564
3922,597,-566
3921,598,-560
3919,598,-564
3924,604,-562
3927,604,-559
3930,602,-559
3927,605,-559
3927,602,-560
3931,602,-561
3932,600,-563
3928,601,-570
3927,594,-573
3930,590,-577
3929,586,-585
3928,584,-588
3929,583,-587
3934,583,-581
3938,584,-578
3942,588,-577
3947,590,-569
3960,593,-567
3961,602,-564
3956,607,-564
3949,618,-560
3943,629,-556
3943,628,-560
3944,629,-569
3947,632,-576
3944,629,-586
3931,620,-597
3918,611,-606
3912,603,-615
3903,595,-620
3900,594,-614
3904,602,-602
3904,610,-592
3908,623,-583
3915,629,-576
3919,637,-573
3924,629,-572
3927,621,-572
3933,610,-574
3929,601,-581
3924,598,-586
3921,598,-588
3927,599,-588
3924,598,-590
3923,600,-587
3928,602,-581
3932,602,-574
3934,607,-571
3935,608,-572
3937,605,-571
3936,607,-575
3931,607,-578
3932,605,-577
3930,605,-582
3927,606,-585
3928,602,-593
3927,600,-591
3926,599,-594
3929,599,-592
3927,597,-593
3924,601,-592
3916,601,-593
3915,601,-593
3912,604,-593
3911,603,-592
3909,601,-589
3911,601,-583
3913,599,-585
3913,598,-582
3916,597,-579
3919,596,-584
3926,594,-579
3925,597,-577
3926,596,-575
3930,593,-578
3935,590,-579
3933,591,-581
3932,590,-580
3933,589,-580
3935,590,-583
3937,589,-584
3932,591,-582
3931,590,-584
3932,590,-584
3934,590,-579
3929,592,-579
3931,596,-580
3933,599,-580
3928,596,-575
3933,594,-574
3930,596,-576
3926,601,-576
3923,599,-580
3927,599,-581
3927,600,-582
3923,602,-582
3922,601,-583
3922,601,-583
3924,597,-582
3920,601,-580
3923,598,-574
3921,600,-573
3923,598,-575
3921,597,-579
3917,594,-584
3915,591,-586
3914,590,-590
3913,592,-593
3913,593,-593
3912,592,-598
3912,591,-601
3913,597,-592
3915,597,-590
3921,599,-583
3924,603,-581
3927,603,-581
3931,604,-577
3931,607,-578
3932,607,-580
3932,613,-578
3926,611,-580
3920,612,-589
3920,607,-597
3913,599,-601
3906,587,-612
3901,568,-621
3891,555,-629
3885,541,-629
3883,539,-620
3887,546,-606
3896,561,-588
3903,590,-559
3921,622,-531
3939,651,-513
3950,678,-507
3955,690,-522
3954,685,-545
3948,663,-575
3940,634,-606
3925,604,-634
3918,572,-650
3907,550,-649
3897,542,-646
3897,540,-627
3900,548,-603
3908,562,-578
3917,570,-551
3930,582,-529
3941,591,-510
3955,596,-505
3962,596,-506
3963,595,-518
3959,592,-529
3952,591,-549
3945,587,-565
3932,588,-576
3930,586,-587
3926,582,-590
3924,578,-593
3926,573,-594
3923,573,-590
3924,577,-584
3922,576,-581
3922,577,-579
3921,577,-574
3919,578,-571
3921,576,-562
3922,579,-561
3925,583,-559
3926,584,-557
3930,584,-555
3932,586,-552
3930,588,-549
3930,586,-549
3930,584,-559
3935,579,-562
3936,575,-568
3937,571,-571
3933,571,-575
3934,569,-578
3937,572,-578
3933,573,-578
3933,572,-576
3942,572,-569
3944,578,-565
3947,582,-561
3955,585,-557
3955,586,-551
3956,591,-544
3952,600,-539
3947,602,-532
3942,606,-535
3943,611,-541
3945,604,-550
3944,597,-559
3935,591,-568
3925,582,-574
3918,576,-579
3913,575,-577
3912,579,-570
3912,590,-558
3912,596,-546
3916,597,-535
3917,600,-525
3917,600,-523
3911,598,-523
3909,594,-527
3912,587,-537
3909,580,-542
3903,575,-552
3898,572,-557
3897,569,-564
3901,570,-567
3905,575,-566
3908,576,-563
3911,578,-557
3914,579,-554
3914,578,-551
3920,580,-552
3922,585,-553
3920,586,-557
3922,593,-564
3920,591,-570
3919,588,-577
3919,581,-582
3919,583,-589
3916,582,-595
3918,583,-592
3920,586,-590
3923,587,-587
3927,587,-584
3926,587,-587
3924,585,-586
3928,583,-585
3930,580,-584
3934,582,-586
3928,582,-584
3926,579,-583
3928,581,-578
3927,576,-578
3930,577,-579
3929,577,-577
3934,576,-575
3936,578,-570
3940,580,-570
3943,582,-572
3942,582,-571
3944,584,-569
3942,587,-571
3944,590,-570
3942,592,-571
3939,588,-571
3939,591,-567
3936,592,-568
3934,594,-572
3933,594,-571
3933,590,-568
3932,595,-565
3934,593,-565
3936,593,-561
3934,593,-561
3938,592,-560
3938,592,-561
3935,592,-563
3937,593,-565
3940,591,-561
3943,589,-564
3937,585,-565
3935,586,-563
3935,586,-558
3935,589,-562
3937,587,-565
3939,585,-567
3933,581,-566
3932,582,-569
3929,580,-576
3924,581,-578
3923,582,-580
3917,581,-583
3912,581,-581
3910,582,-582
3909,585,-582
3916,587,-580
3918,590,-575
3918,591,-573
3923,596,-566
3933,606,-562
3945,613,-554
3956,620,-545
3969,625,-532
3982,624,-522
3991,625,-520
3994,623,-518
3997,623,-527
3994,617,-539
3982,610,-553
3967,603,-565
3953,593,-581
3940,583,-594
3922,574,-605
3909,562,-610
3898,557,-605
3892,553,-594
3893,565,-579
3901,579,-555
3907,608,-522
3924,645,-494
3938,675,-474
3949,698,-468
3951,709,-482
3951,706,-505
3947,685,-539
3940,656,-572
3924,626,-604
3915,588,-629
3901,561,-634
3894,543,-627
3894,532,-610
3902,530,-583
3911,542,-548
3923,561,-517
3934,577,-493
3947,585,-471
3954,592,-462
3960,594,-462
3960,583,-476
3956,571,-496
3950,562,-518
3940,554,-537
3930,547,-552
3925,551,-560
3915,554,-563
3915,558,-563
3915,565,-559
3925,572,-552
3926,580,-549
3930,583,-543
3931,587,-534
3937,594,-528
3934,598,-526
3927,602,-523
3931,602,-518
3934,610,-517
3934,612,-515
3936,616,-516
3937,622,-515
3934,627,-515
3935,628,-516
3935,628,-520
3933,631,-527
3934,632,-541
3931,628,-549
3926,626,-555
3920,622,-559
3917,621,-563
3918,624,-563
3920,625,-559
3927,627,-555
3930,630,-554
3936,631,-549
3939,636,-542
3933,643,-535
3927,648,-529
3923,656,-521
3923,661,-512
3919,661,-515
3919,655,-522
3916,650,-532
3914,644,-542
3906,634,-552
3890,624,-563
3884,620,-569
3885,620,-567
3885,623,-555
3885,633,-539
3893,645,-528
3901,650,-513
3908,653,-509
3916,654,-504
3923,648,-504
3926,639,-506
3926,627,-514
3923,619,-512
3918,608,-519
3920,607,-519
3917,607,-519
3919,609,-515
3925,611,-512
3925,615,-504
3926,615,-502
3927,615,-498
3929,616,-498
3931,620,-497
3928,623,-496
3926,623,-503
3921,623,-507
3925,622,-506
3927,626,-506
3926,630,-512
3926,632,-509
3928,634,-507
3927,637,-506
3928,635,-503
3924,633,-506
3926,629,-504
3926,625,-502
3925,624,-502
3924,621,-503
3919,616,-504
3914,614,-504
3915,609,-507
3915,608,-505
3912,609,-507
3910,609,-504
3908,610,-502
3913,614,-499
3919,615,-490
3922,613,-492
3921,616,-494
3923,614,-494
3927,612,-495
3933,611,-499
3931,613,-502
3932,610,-503
3932,610,-498
3927,612,-501
3928,612,-501
3925,617,-500
3919,617,-500
3920,618,-510
3918,619,-509
3914,616,-512
3914,620,-509
3913,617,-509
3913,619,-506
3912,623,-504
3915,627,-502
3914,627,-500
3913,629,-496
3912,629,-496
3915,633,-500
3917,634,-499
3922,632,-505
3922,635,-503
3921,633,-502
3926,624,-505
3927,626,-509
3924,627,-508
3926,624,-510
3925,625,-514
3927,629,-516
3930,630,-514
3933,635,-512
3938,631,-504
3939,627,-505
3943,629,-500
3944,628,-500
3943,628,-499
3939,629,-502
3937,629,-503
3933,631,-508
3930,632,-512
3926,625,-512
3929,624,-513
3926,619,-508
3925,620,-505
3923,621,-501
3921,624,-501
3920,628,-496
3922,629,-497
3923,634,-493
3925,635,-497
3929,632,-496
3932,626,-503
3924,611,-510
3913,596,-521
3899,582,-533
3887,570,-539
3879,567,-534
3881,577,-518
3899,602,-494
3923,632,-469
3937,666,-452
3949,692,-449
3947,703,-460
3944,692,-473
3941,675,-495
3933,645,-520
3926,612,-544
3915,585,-563
3907,567,-568
3904,557,-557
3909,565,-533
3919,583,-499
3931,605,-461
3945,631,-428
3956,646,-405
3963,652,-401
3965,648,-410
3953,639,-437
3943,621,-472
3928,602,-513
3913,587,-542
3897,575,-566
3883,573,-571
3881,579,-567
3889,591,-549
3895,603,-528
3907,617,-512
3915,622,-494
3918,626,-484
3915,623,-483
3911,620,-490
3907,611,-498
3903,604,-504
3894,599,-516
3899,595,-523
3898,591,-521
3901,588,-517
3909,584,-512
3913,588,-505
3921,589,-505
3923,593,-502
3920,593,-506
3920,594,-513
3918,588,-521
3918,587,-524
3918,584,-523
3921,583,-524
3921,585,-521
3925,586,-520
3927,591,-514
3933,597,-510
3940,600,-503
3943,607,-497
3942,617,-487
3938,624,-486
3933,631,-484
3930,635,-488
3926,635,-497
3926,639,-510
3928,631,-526
3925,621,-536
3922,620,-540
3924,616,-547
3922,614,-542
3918,616,-545
3923,622,-539
3919,624,-533
3913,630,-529
3908,632,-530
3906,629,-529
3908,625,-525
3910,621,-521
3916,620,-527
3922,618,-526
3926,615,-526
3930,613,-526
3934,612,-522
3937,613,-520
3936,615,-518
3934,614,-515
3931,612,-515
3931,605,-519
3932,603,-525
3930,601,-529
3927,599,-531
3923,598,-537
3920,596,-534
3920,593,-536
3918,590,-538
3917,589,-537
3919,586,-538
3916,587,-539
3912,586,-545
3910,588,-543
3914,587,-545
3918,589,-544
3919,589,-546
3919,592,-544
3917,594,-548
3921,595,-550
3922,595,-553
3922,595,-551
3925,593,-551
3925,591,-549
3927,588,-551
3931,587,-549
3924,585,-549
3928,585,-547
3925,586,-545
3931,588,-542
3932,590,-537
3928,590,-534
3932,593,-531
3932,593,-537
3935,591,-540
3933,586,-541
3936,591,-540
3940,587,-546
3940,588,-547
3939,583,-544
3937,585,-546
3936,586,-549
3937,586,-552
3937,588,-549
3941,589,-547
3942,590,-544
3941,593,-542
3938,595,-544
3941,595,-541
3944,596,-543
3941,597,-543
3935,592,-545
3933,593,-546
3931,594,-548
3927,596,-551
3928,596,-552
3926,594,-554
3925,594,-556
3926,594,-559
3924,596,-558
3926,596,-562
3925,593,-563
3928,596,-563
3923,599,-566
3928,598,-567
3929,602,-566
3930,601,-567
3927,598,-565
3924,593,-568
3921,593,-567
3921,592,-567
3919,590,-569
3922,587,-565
3925,588,-562
3927,589,-560
3922,594,-558
3925,591,-559
3929,593,-562
3928,595,-563
3927,592,-564
3925,582,-565
3922,573,-570
3919,561,-578
3912,544,-587
3901,531,-590
3895,524,-590
3893,530,-581
3902,546,-562
3919,568,-537
3932,598,-521
3941,629,-518
3946,656,-521
3950,664,-534
3949,652,-557
3945,629,-583
3936,598,-611
3921,568,-633
3910,540,-644
3901,526,-642
3899,518,-639
3901,523,-615
3908,541,-583
3923,559,-551
3934,579,-523
3948,595,-504
3956,605,-491
3964,604,-496
3970,601,-513
3965,592,-533
3956,577,-559
3946,568,-585
3933,560,-600
3919,554,-613
3913,555,-620
3911,560,-622
3912,569,-615
3917,574,-603
3923,579,-591
3928,586,-583
3931,586,-575
3927,587,-571
3927,588,-570
3929,587,-570
3925,581,-571
3927,578,-573
3923,576,-573
3931,576,-572
3933,574,-574
3933,576,-574
3932,575,-575
3933,573,-576
3929,569,-576
3933,563,-581
3934,559,-587
3932,558,-592
3934,559,-597
3935,554,-601
3932,550,-602
3934,551,-600
3939,552,-597
3939,556,-591
3941,560,-586
3947,563,-574
3954,572,-564
3958,573,-554
3954,579,-549
3951,581,-549
3946,584,-556
3945,585,-560
3946,581,-571
3939,577,-582
3930,570,-593
3921,562,-606
3914,554,-615
3910,548,-616
3907,547,-619
3905,550,-612
3912,558,-598
3915,571,-585
3919,580,-574
3926,588,-564
3932,594,-563
3942,589,-563
3942,585,-568
3940,576,-575
3932,570,-580
3929,565,-582
3924,558,-584
3927,555,-585
3931,558,-587
3929,563,-584
3931,566,-581
3932,567,-578
3936,566,-573
3938,572,-568
3937,572,-572
3942,578,-573
3941,578,-577
3940,578,-583
3939,577,-586
3934,573,-587
3932,573,-588
3931,573,-593
3931,573,-600
3928,575,-602
3924,573,-598
3925,571,-597
3928,571,-598
3927,566,-598
3927,564,-593
3926,567,-596
3923,566,-593
3921,567,-595
3921,573,-599
3926,572,-598
3935,573,-594
3933,574,-591
3934,574,-590
3936,576,-585
3936,577,-582
3938,575,-583
3938,574,-584
3937,576,-585
3940,573,-582
3937,577,-583
3935,577,-584
3936,576,-583
3928,571,-588
3925,570,-588
3928,569,-587
3925,568,-586
3927,569,-586
3924,570,-581
3926,570,-581
3924,573,-580
3926,569,-578
3924,566,-577
3931,563,-579
3935,561,-580
3934,560,-577
3932,559,-573
3936,558,-571
3932,560,-572
3930,561,-570
3931,565,-570
3931,567,-572
3930,570,-571
3929,569,-571
3928,570,-569
3926,567,-571
3927,566,-569
3925,569,-574
3927,568,-573
3927,566,-577
3927,563,-580
3925,558,-578
3920,557,-582
3920,558,-583
3918,560,-584
3917,557,-588
3918,560,-587
3918,561,-579
3918,563,-580
3922,568,-578
3924,568,-574
3929,571,-572
3926,571,-574
3923,575,-577
3921,576,-578
3920,576,-582
3922,576,-590
3920,575,-596
3913,563,-601
3905,551,-611
3898,537,-617
3890,525,-626
3887,514,-632
3875,515,-634
3878,515,-633
3888,515,-615
3901,525,-586
3920,547,-559
3935,576,-538
3948,605,-526
3957,624,-527
3958,630,-547
3953,624,-570
3940,606,-595
3930,579,-626
3916,549,-651
3904,525,-667
3889,505,-665
3882,495,-658
3876,498,-642
3877,509,-620
3883,524,-603
3888,536,-585
3900,547,-571
3914,541,-569
3927,535,-569
3929,530,-575
3932,520,-586
3926,516,-601
3917,511,-620
3907,503,-639
3896,498,-658
3884,492,-669
3877,487,-675
3867,484,-683
3860,481,-688
3856,473,-691
3848,470,-691
3844,470,-695
3837,463,-697
3831,461,-701
3821,457,-701
3810,451,-707
3803,445,-715
3792,439,-718
3778,437,-719
3759,428,-723
3741,423,-730
3724,415,-739
3706,405,-749
3692,402,-754
3679,397,-759
3671,395,-762
3671,390,-761
3674,391,-762
3681,393,-763
3690,399,-760
3702,399,-756
3715,401,-760
3731,404,-761
3751,409,-760
3764,406,-761
3776,406,-763
3783,404,-761
3788,405,-757
3788,402,-755
3794,397,-749
3794,392,-751
3797,390,-760
3800,382,-775
3803,370,-790
3802,364,-813
3797,354,-828
3788,342,-843
3779,328,-853
3775,321,-863
3775,314,-873
3773,307,-879
3772,301,-889
3779,290,-901
3780,283,-913
3786,273,-934
3791,261,-955
3790,246,-972
3784,233,-989
3770,225,-1002
3753,212,-1005
3734,206,-1002
3706,200,-995
3676,198,-984
3634,195,-972
3598,193,-964
3557,190,-958
3517,182,-961
3473,169,-964
3431,155,-976
3386,140,-989
3340,120,-1013
3296,97,-1039
3257,71,-1072
3220,44,-1108
3186,17,-1139
3161,-6,-1171
3138,-34,-1200
3122,-60,-1232
3114,-90,-1268
3114,-115,-1304
3123,-148,-1345
3141,-177,-1389
3170,-204,-1430
3199,-228,-1458
3227,-245,-1477
3257,-265,-1492
3288,-284,-1504
3315,-298,-1505
3340,-314,-1497
3356,-318,-1479
3370,-316,-1450
3383,-310,-1423
3401,-310,-1399
3429,-308,-1366
3461,-305,-1341
3494,-302,-1321
3527,-295,-1312
3569,-289,-1315
3606,-281,-1336
3641,-274,-1370
3671,-268,-1417
3699,-265,-1470
3726,-262,-1537
3749,-258,-1608
3771,-250,-1683
3793,-247,-1754
3809,-247,-1808
3814,-236,-1854
3812,-215,-1889
3803,-189,-1911
3793,-161,-1925
3778,-136,-1932
3767,-110,-1931
3752,-78,-1928
3731,-48,-1933
3718,-24,-1937
3708,-2,-1941
3699,6,-1943
3682,12,-1943
3659,24,-1943
3631,40,-1946
3595,54,-1952
3558,73,-1957
3533,100,-1973
3509,117,-1990
3486,130,-2004
3464,142,-2014
3445,146,-2024
3440,150,-2030
3447,144,-2040
3467,131,-2055
3510,101,-2068
3569,59,-2089
3631,15,-2097
3691,-44,-2109
3743,-90,-2116
3782,-128,-2109
3805,-153,-2094
3809,-165,-2059
3797,-171,-2005
3784,-175,-1956
3772,-184,-1898
3770,-204,-1842
3769,-233,-1785
3766,-257,-1728
3753,-287,-1676
3734,-318,-1638
3708,-353,-1611
3671,-382,-1605
3639,-423,-1619
3607,-472,-1648
3577,-531,-1689
3539,-588,-1737
3507,-647,-1788
3477,-698,-1836
3463,-749,-1875
3467,-798,-1914
3489,-845,-1950
3528,-892,-1981
3569,-920,-2002
3601,-932,-2012
3615,-925,-2000
3608,-898,-1988
3597,-859,-1976
3576,-815,-1965
3553,-770,-1961
3528,-719,-1958
3502,-660,-1961
3481,-599,-1964
3461,-539,-1970
3449,-488,-1971
3439,-444,-1963
3435,-420,-1942
3435,-412,-1910
3430,-409,-1868
3427,-412,-1822
3418,-424,-1775
3407,-434,-1730
3392,-452,-1702
3383,-484,-1690
3382,-523,-1700
3388,-562,-1729
3392,-602,-1772
3390,-640,-1830
3378,-673,-1883
3352,-699,-1935
3308,-720,-1973
3256,-726,-1996
3198,-715,-1999
3139,-697,-1994
3103,-671,-1975
3081,-640,-1950
3081,-611,-1925
3101,-590,-1897
3133,-578,-1866
3181,-574,-1835
3222,-581,-1809
3256,-591,-1786
3286,-608,-1770
3317,-625,-1763
3347,-650,-1773
3387,-672,-1800
3427,-699,-1845
3464,-735,-1900
3498,-760,-1961
3528,-784,-2021
3544,-808,-2076
3564,-829,-2122
3578,-848,-2161
3598,-854,-2188
3607,-853,-2194
3617,-838,-2187
3628,-819,-2173
3642,-789,-2149
3663,-751,-2116
3678,-713,-2082
3699,-674,-2050
3715,-634,-2011
3733,-599,-1984
3747,-567,-1961
3757,-544,-1952
3773,-531,-1956
3787,-523,-1982
3804,-526,-2022
3817,-539,-2079
3827,-547,-2146
3831,-557,-2220
3829,-566,-2305
3826,-575,-2394
3830,-580,-2473
3838,-582,-2544
3854,-575,-2609
3881,-559,-2665
3913,-543,-2708
3953,-515,-2748
4009,-490,-2781
4056,-461,-2803
4106,-430,-2803
4150,-400,-2786
4198,-371,-2751
4236,-340,-2696
4278,-309,-2628
4321,-285,-2556
4355,-279,-2488
4387,-288,-2414
4414,-301,-2338
4431,-305,-2265
4429,-308,-2192
4411,-307,-2128
4384,-300,-2071
4344,-288,-2037
4297,-271,-2020
4254,-255,-2028
4213,-242,-2048
4177,-230,-2080
4143,-219,-2128
4115,-213,-2179
4091,-203,-2231
4072,-195,-2276
4055,-188,-2313
4038,-173,-2340
4026,-155,-2350
4018,-140,-2348
4012,-122,-2330
4006,-117,-2302
4002,-115,-2259
3995,-126,-2206
3991,-135,-2140
3985,-145,-2069
3971,-150,-1991
3959,-154,-1919
3945,-159,-1842
3925,-166,-1770
3912,-171,-1712
3906,-180,-1663
3904,-184,-1620
3899,-187,-1598
3895,-185,-1587
3894,-186,-1590
3885,-198,-1608
3883,-201,-1624
3879,-209,-1646
3878,-223,-1664
3874,-239,-1677
3874,-261,-1681
3876,-275,-1672
3878,-298,-1653
3880,-319,-1625
3882,-332,-1594
3890,-347,-1560
3892,-364,-1524
3901,-372,-1485
3908,-372,-1449
3917,-368,-1417
3931,-354,-1387
3946,-328,-1372
3968,-298,-1364
3986,-265,-1368
4002,-243,-1389
4013,-218,-1421
4023,-191,-1462
4033,-165,-1498
4035,-139,-1531
4032,-110,-1559
4025,-86,-1580
4021,-57,-1600
4019,-30,-1605
4019,-10,-1597
4028,9,-1581
4040,39,-1549
4056,69,-1509
4077,124,-1450
4088,181,-1404
4096,223,-1370
4112,258,-1348
4125,290,-1338
4131,321,-1333
4130,340,-1331
4121,354,-1339
4105,356,-1352
4072,353,-1363
4036,348,-1368
4004,345,-1362
3976,354,-1356
3949,372,-1348
3930,393,-1324
3921,413,-1293
3917,439,-1262
3920,462,-1236
3926,488,-1215
3927,503,-1198
3928,514,-1180
3918,514,-1167
3909,518,-1154
3886,509,-1142
3856,478,-1135
3836,471,-1109
3822,458,-1087
3812,455,-1058
3802,448,-1025
3799,444,-985
3799,438,-949
3801,429,-920
3811,426,-897
3827,411,-871
3841,388,-850
3856,362,-843
3856,350,-834
3853,341,-840
3842,335,-847
3831,329,-860
3818,328,-869
3811,335,-878
3807,339,-888
3799,355,-898
3794,397,-904
3786,441,-906
3774,481,-905
3766,509,-900
3761,522,-902
3763,525,-902
3766,520,-893
3770,518,-881
3770,513,-869
3773,504,-864
3777,492,-866
3786,484,-865
3796,473,-866
3799,466,-867
3804,449,-871
3804,441,-876
3812,435,-880
3817,431,-880
3822,428,-879
3823,433,-879
3828,429,-870
3827,445,-860
3840,454,-843
3851,466,-821
3856,487,-803
3861,496,-781
3859,504,-759
3866,512,-729
3875,521,-707
3881,537,-684
3892,551,-666
3900,562,-660
3900,574,-658
3901,588,-656
3904,606,-650
3906,614,-651
3900,626,-650
3894,645,-649
3888,670,-649
3895,688,-648
3898,708,-657
3907,763,-644
3903,778,-658
3898,772,-671
3891,748,-683
3886,713,-690
3875,682,-691
3865,650,-687
3868,617,-674
3871,588,-664
3875,574,-645
3881,552,-626
3878,537,-606
3880,527,-591
3887,526,-572
3892,556,-561
3888,588,-554
3886,609,-556
3876,616,-562
3866,610,-565
3856,606,-570
3847,603,-568
3844,596,-564
3847,585,-564
3847,580,-557
3848,576,-554
3857,571,-556
3865,565,-558
3879,562,-564
3888,561,-567
3893,559,-576
3881,584,-589
3881,582,-604
3885,573,-610
3898,561,-607
3916,555,-604
3934,548,-594
3957,546,-583
3971,545,-573
3978,556,-563
3981,582,-564
3977,615,-570
3967,647,-578
3955,675,-595
3952,694,-614
3939,705,-630
3933,716,-643
3919,717,-658
3907,715,-665
3892,711,-674
3888,708,-678
3886,705,-676
3882,697,-679
3872,687,-678
3870,679,-673
3869,679,-669
3864,684,-668
3862,682,-669
3861,681,-665
3867,679,-666
3863,673,-667
3865,669,-672
3870,664,-682
3869,657,-688
3873,647,-697
3876,634,-700
3877,624,-707
3875,613,-708
3876,602,-703
3875,590,-701
3867,579,-689
3864,569,-681
3859,562,-670
3859,551,-659
3855,545,-651
3852,543,-649
3851,540,-645
3852,534,-638
3854,529,-637
3859,522,-635
3867,516,-634
3872,512,-638
3873,505,-643
3878,498,-643
3880,492,-646
3892,489,-654
3896,488,-655
3901,488,-656
3912,487,-659
3921,482,-668
3932,479,-673
3944,469,-681
3947,457,-686
3951,442,-686
3951,427,-679
3950,415,-665
3953,415,-647
3962,427,-629
3967,443,-611
3974,472,-604
3974,493,-607
3973,506,-616
3967,506,-635
3958,490,-654
3953,464,-679
3950,431,-701
3943,404,-720
3939,381,-728
3937,362,-732
3937,362,-722
3938,367,-704
3950,378,-681
3961,396,-655
3967,414,-636
3976,423,-620
3979,428,-615
3984,425,-620
3981,412,-637
3975,402,-653
3970,394,-679
3963,381,-704
3957,376,-726
3952,376,-743
3950,378,-752
3947,385,-755
3949,393,-749
3953,407,-744
3951,418,-733
3957,428,-720
3956,434,-714
3958,439,-710
3959,435,-707
3962,437,-705
3957,428,-713
3954,423,-724
3947,413,-734
3945,405,-740
3941,401,-748
3938,397,-754
3934,395,-756
3930,391,-755
3930,385,-751
3933,386,-745
3937,390,-738
3938,391,-732
3942,388,-726
3946,391,-720
3950,391,-716
3951,395,-713
3957,393,-715
3961,386,-719
3965,381,-721
3969,370,-724
3976,360,-723
3978,350,-730
3978,333,-730
3987,323,-730
3990,313,-733
3988,305,-735
3981,305,-739
3979,302,-731
3972,300,-721
3965,302,-712
3963,303,-713
3970,304,-711
3981,308,-716
3976,304,-723
3970,300,-733
3963,294,-745
3958,290,-750
3951,285,-757
3944,290,-760
3940,300,-759
3937,308,-755
3933,318,-753
3936,329,-748
3937,333,-745
3939,334,-746
3936,335,-755
3940,331,-762
3940,328,-778
3940,326,-791
3933,323,-803
3927,321,-812
3917,318,-816
3914,318,-816
3910,320,-811
3913,323,-805
3913,325,-802
3921,330,-799
3920,327,-797
3925,332,-794
3923,331,-793
3918,330,-795
3917,327,-794
3914,325,-793
3916,324,-795
3919,324,-798
3922,323,-798
3924,324,-803
3925,328,-804
3933,339,-800
3937,343,-801
3946,346,-790
3955,348,-783
3966,352,-774
3978,356,-767
3983,361,-763
3986,362,-765
3989,358,-767
3989,353,-773
3987,345,-790
3981,328,-805
3971,317,-817
3958,302,-831
3945,290,-844
3932,281,-850
3923,277,-851
3915,275,-848
3915,278,-842
3909,281,-834
3909,284,-830
3912,283,-821
3918,282,-815
3924,277,-808
3927,276,-800
3928,272,-797
3928,269,-794
3928,272,-796
3932,274,-800
3937,260,-799
3937,259,-796
3942,259,-791
3946,266,-790
3947,268,-791
3945,270,-791
3946,274,-796
3950,278,-795
3950,283,-795
3950,282,-796
3949,289,-803
3952,287,-808
3950,287,-808
3949,289,-812
3945,292,-812
3938,300,-808
3930,303,-808
3925,310,-810
3926,310,-811
3927,314,-814
3927,319,-817
3932,320,-822
3939,319,-832
3942,315,-837
3949,313,-838
3963,308,-838
3970,305,-838
3976,306,-841
3982,304,-845
3983,305,-846
3988,305,-846
3987,300,-848
3983,293,-850
3978,284,-847
3977,275,-836
3973,267,-823
3975,268,-805
3971,270,-793
3972,282,-773
3976,299,-759
3978,320,-754
3976,342,-758
3965,355,-774
3954,356,-789
3943,348,-814
3931,329,-842
3921,306,-867
3915,284,-890
3912,267,-897
3914,253,-898
3913,249,-888
3912,256,-873
3915,266,-854
3916,276,-833
3921,282,-819
3929,285,-806
3935,280,-800
3939,274,-796
3940,269,-800
3938,261,-806
3943,255,-809
3940,252,-811
3940,250,-814
3936,253,-816
3932,254,-817
3935,266,-814
3941,275,-811
3942,279,-813
3946,288,-812
3947,298,-819
3945,302,-819
3946,303,-821
3945,308,-823
3943,308,-825
3936,310,-827
3934,314,-827
3936,313,-828
3937,317,-828
3940,319,-826
3943,324,-821
3945,327,-819
3948,332,-820
3948,336,-827
3954,333,-833
3955,331,-832
3955,329,-835
3955,323,-835
3961,320,-836
3965,321,-841
3964,317,-844
3963,313,-841
3960,310,-838
3961,309,-835
3960,309,-827
3963,312,-817
3960,311,-815
3959,307,-809
3960,302,-802
3959,302,-801
3962,303,-800
3966,297,-802
3965,297,-805
3955,301,-800
3954,302,-796
3947,304,-792
3942,303,-791
3945,305,-795
3947,303,-801
3944,303,-807
3938,298,-814
3931,298,-812
3923,297,-817
3921,296,-814
3920,296,-813
3918,300,-817
3911,309,-815
3912,314,-813
3912,318,-811
3913,319,-813
3913,315,-816
3916,315,-819
3920,311,-821
3925,314,-824
3923,312,-822
3921,313,-819
3922,315,-817
3926,320,-813
3934,329,-804
3939,335,-796
3944,340,-787
3952,348,-780
3951,352,-779
3953,356,-776
3956,357,-773
3953,356,-775
3947,356,-777
3944,355,-781
3944,351,-782
3939,347,-792
3934,343,-795
3933,339,-796
3928,337,-795
3925,338,-794
3921,334,-795
3921,331,-789
3918,332,-783
3922,331,-776
3926,325,-770
3928,323,-766
3926,322,-762
3927,324,-759
3933,319,-756
3935,317,-756
3939,315,-759
3941,314,-761
3944,311,-762
3947,311,-759
3950,311,-757
3950,309,-756
3954,312,-757
3952,307,-752
3951,305,-748
3952,305,-743
3956,302,-738
3953,300,-742
3956,303,-739
3957,305,-738
3959,308,-737
3961,311,-736
3956,316,-736
3954,318,-739
3955,321,-740
3954,326,-739
3951,329,-743
3951,332,-747
3949,338,-750
3947,340,-747
3941,338,-751
3939,344,-750
3940,346,-748
3936,348,-752
3939,351,-747
3938,355,-745
3936,357,-743
3936,357,-741
3937,353,-742
3935,348,-738
3938,348,-739
3937,350,-745
3934,349,-747
3931,346,-747
3930,342,-753
3927,340,-757
3924,339,-757
3919,336,-754
3916,336,-755
3922,335,-753
3919,338,-752
3921,340,-748
3926,341,-747
3928,348,-741
3931,353,-737
3937,355,-731
3942,357,-731
3945,356,-731
3943,355,-728
3945,362,-732
3951,364,-740
3954,362,-750
3953,359,-760
3949,352,-773
3935,342,-779
3924,328,-789
3916,314,-788
3909,303,-776
3905,299,-766
3900,301,-753
3897,311,-738
3898,332,-731
3900,359,-732
3906,383,-738
3909,399,-752
3912,405,-773
3923,416,-780
3926,401,-795
3929,382,-811
3920,358,-827
3922,349,-824
3917,340,-813
3913,340,-796
3912,340,-778
3915,348,-756
3918,375,-729
3924,397,-722
3929,408,-718
3933,404,-724
3931,390,-738
3929,372,-755
3924,359,-776
3917,345,-791
3911,340,-804
3913,336,-812
3924,338,-810
3931,344,-802
3942,356,-788
3951,369,-776
3960,377,-766
3962,377,-758
3961,378,-749
3961,374,-743
3958,368,-744
3952,360,-745
3956,349,-743
3956,339,-745
3967,352,-739
3976,382,-731
3980,390,-729
3976,388,-734
3957,393,-744
3944,376,-757
3938,356,-766
3938,336,-765
3941,310,-766
3939,288,-763
3944,266,-761
3942,249,-758
3943,231,-754
3943,212,-752
3948,205,-744
3953,225,-735
3954,262,-737
3953,297,-743
3957,315,-752
3956,323,-749
3955,325,-751
3955,324,-749
3954,326,-748
3958,324,-748
3963,324,-749
3968,322,-750
3965,328,-754
3959,329,-753
3954,337,-750
3948,340,-748
3943,353,-747
3943,357,-749
3949,362,-750
3953,367,-758
3952,365,-768
3952,365,-779
3948,356,-786
3944,351,-792
3936,346,-792
3925,346,-783
3917,354,-776
3911,358,-768
3911,368,-759
3917,373,-748
3919,373,-745
3924,367,-749
3931,360,-749
3930,354,-756
3928,343,-759
3925,336,-764
3914,344,-771
3910,339,-770
3919,328,-759
3925,325,-749
3928,335,-737
3928,343,-730
3933,350,-726
3932,356,-723
3933,355,-723
3936,356,-721
3936,353,-726
3932,347,-729
3931,344,-727
3933,344,-737
3932,340,-741
3933,338,-738
3934,341,-738
3938,340,-741
3941,340,-741
3942,345,-735
3942,349,-732
3940,354,-732
3940,357,-734
3934,355,-735
3929,356,-738
3927,357,-738
3924,356,-738
3923,354,-739
3919,355,-742
3916,353,-739
3911,352,-738
3915,354,-737
3914,356,-736
3916,358,-735
3921,357,-738
3917,358,-739
3918,361,-741
3917,360,-742
3917,363,-745
3917,357,-749
3916,357,-748
3902,381,-760
3906,364,-763
3908,365,-757
3915,354,-745
3917,348,-735
3922,352,-723
3925,358,-727
3926,365,-731
3927,370,-736
3925,371,-737
3923,370,-740
3925,365,-748
3924,359,-748
3923,357,-748
3926,356,-750
3929,349,-751
3932,343,-746
3935,341,-744
3938,336,-741
3937,333,-741
3943,331,-736
3942,330,-735
3943,327,-732
3946,320,-726
3947,322,-719
3950,324,-722
3956,323,-715
3958,317,-713
3959,316,-713
3956,317,-716
3952,319,-723
3953,324,-725
3956,324,-730
3958,324,-741
3956,319,-753
3953,314,-762
3945,302,-769
3930,285,-777
3908,270,-773
3889,280,-769
3895,273,-764
3902,274,-753
3907,294,-742
3909,322,-736
3906,352,-740
3901,370,-748
3900,380,-760
3907,379,-770
3915,368,-788
3923,350,-804
3931,335,-813
3931,317,-814
3933,309,-806
3932,307,-792
3935,310,-771
3941,323,-743
3948,336,-721
3946,362,-714
3953,361,-714
3959,345,-722
3964,324,-728
3969,293,-733
3970,271,-746
3965,254,-758
3962,247,-773
3959,251,-788
3954,256,-794
3951,261,-791
3952,267,-789
3951,278,-777
3953,282,-763
3955,287,-756
3956,291,-749
3952,291,-750
3950,290,-749
3943,281,-753
3936,276,-758
3925,269,-760
3921,266,-766
3919,262,-775
3918,259,-777
3914,257,-782
3915,257,-783
3918,253,-788
3923,256,-789
3925,260,-786
3929,264,-783
3935,265,-784
3940,265,-785
3948,273,-787
3954,274,-788
3960,274,-790
3967,275,-793
3969,279,-795
3975,281,-794
3980,284,-797
3984,288,-797
3985,290,-794
3982,294,-789
3977,296,-793
3975,295,-791
3977,293,-793
3974,294,-794
3968,291,-792
3960,293,-790
3950,297,-784
3940,300,-782
3934,305,-778
3931,311,-777
3932,311,-778
3935,310,-784
3939,308,-791
3941,300,-796
3939,292,-805
3938,284,-814
3932,273,-815
3926,269,-822
3916,262,-820
3913,261,-816
3915,262,-806
3919,264,-794
3918,270,-790
3929,275,-781
3940,275,-772
3948,276,-771
3956,275,-767
3960,269,-771
3964,263,-773
3965,259,-775
3960,255,-780
3956,247,-782
3955,249,-785
3953,252,-789
3952,259,-787
3951,259,-789
3952,261,-783
3953,265,-786
3957,261,-782
3955,260,-779
3957,257,-776
3953,257,-776
3954,255,-773
3956,253,-776
3960,254,-779
3956,255,-782
3958,252,-783
3954,248,-790
3955,245,-790
3951,245,-791
3953,247,-789
3955,248,-785
3954,246,-781
3953,250,-778
3953,250,-774
3953,249,-771
3950,252,-774
3949,252,-776
3947,251,-776
3943,251,-778
3943,246,-779
3946,242,-784
3945,238,-787
3945,240,-790
3943,237,-789
3942,238,-785
3943,236,-787
3944,237,-783
3944,237,-778
3940,238,-778
3943,236,-778
3940,234,-775
3938,232,-775
3938,233,-775
3938,234,-779
3940,233,-782
3940,235,-784
3941,234,-787
3944,231,-785
3944,228,-785
3948,229,-785
3949,229,-787
3946,230,-791
3943,230,-794
3941,225,-793
3937,225,-795
3935,226,-796
3932,226,-802
3927,225,-800
3924,226,-801
3923,227,-802
3921,229,-801
3921,232,-795
3921,238,-794
3924,239,-793
3923,245,-793
3925,253,-789
3929,254,-793
3930,254,-797
3933,254,-798
3940,257,-796
3942,253,-801
3941,249,-797
3942,251,-797
3937,247,-800
3933,242,-803
3935,242,-808
3930,240,-819
3927,238,-827
3924,235,-830
3924,224,-835
3922,213,-832
3919,205,-827
3920,200,-815
3927,197,-801
3931,207,-788
3933,219,-770
3938,235,-753
3946,265,-745
3946,290,-749
3943,308,-762
3940,314,-781
3939,309,-811
3937,292,-835
3938,269,-858
3935,254,-867
3931,234,-872
3936,225,-866
3935,227,-854
3933,236,-834
3929,260,-819
3932,274,-798
3940,287,-786
3944,280,-772
3948,275,-765
3957,266,-762
3958,256,-769
3958,254,-774
3959,250,-789
3953,254,-801
3946,260,-810
3944,264,-823
3942,265,-831
3941,270,-830
3942,272,-829
3939,276,-822
3947,278,-824
3947,276,-825
3944,277,-828
3946,276,-823
3944,277,-822
3938,275,-823
3938,276,-824
3933,278,-824
3926,284,-833
3928,273,-837
3930,266,-839
3933,260,-837
3930,253,-833
3935,243,-828
3937,242,-827
3935,245,-824
3929,253,-823
3927,260,-823
3927,266,-829
3919,269,-838
3918,267,-836
3919,272,-840
3918,270,-842
3919,273,-837
3925,273,-837
3926,271,-836
3926,271,-833
3934,274,-828
3936,270,-825
3939,273,-820
3938,283,-821
3947,280,-824
3948,272,-821
3949,273,-820
3950,276,-813
3947,280,-809
3939,280,-808
3931,284,-808
3924,281,-811
3922,280,-819
3922,281,-824
3922,278,-827
3922,275,-831
3922,274,-833
3926,276,-835
3927,277,-839
3930,279,-833
3932,284,-828
3932,292,-825
3926,297,-825
3926,295,-831
3929,291,-829
3925,291,-830
3925,283,-829
3929,276,-830
3931,269,-830
3927,268,-826
3934,272,-825
3940,272,-824
3940,275,-824
3940,276,-820
3942,285,-815
3944,291,-815
3945,292,-819
3945,295,-821
3950,294,-824
3950,291,-829
3949,288,-831
3947,286,-831
3948,282,-832
3946,283,-834
3943,281,-837
3943,282,-836
3938,281,-837
3939,280,-833
3939,276,-830
3941,275,-829
3940,279,-831
3942,277,-828
3943,275,-823
3943,277,-821
3944,277,-821
3941,276,-821
3937,275,-822
3931,273,-824
3931,271,-830
3930,271,-833
3929,271,-828
3929,272,-831
3923,274,-833
3927,274,-833
3923,277,-832
3921,274,-833
3923,274,-829
3920,276,-834
3923,273,-836
3924,274,-837
3925,276,-844
3928,273,-847
3928,269,-847
3927,267,-851
3926,270,-848
3929,267,-846
3927,270,-845
3931,275,-846
3929,276,-845
3927,281,-839
3931,282,-840
3934,283,-837
3935,282,-839
3933,284,-838
3932,283,-838
3933,280,-846
3934,282,-846
3935,280,-846
3936,280,-846
3939,280,-851
3947,284,-849
3945,288,-848
3946,286,-843
3944,288,-840
3944,292,-836
3943,294,-840
3942,294,-844
3942,297,-847
3939,299,-854
3939,295,-856
3933,288,-859
3935,286,-862
3931,288,-866
3928,289,-869
3927,288,-868
3928,290,-868
3932,289,-866
3930,291,-866
3931,293,-865
3931,293,-863
3930,296,-861
3936,294,-859
3933,294,-859
3936,292,-858
3935,294,-855
3937,289,-854
3943,291,-850
3943,291,-852
3942,287,-850
3941,288,-855
3937,288,-860
3937,285,-867
3937,281,-876
3938,275,-883
3931,268,-882
3926,254,-880
3928,241,-876
3929,238,-870
3928,245,-863
3931,255,-848
3931,267,-832
3933,286,-820
3939,304,-810
3940,323,-807
3940,336,-814
3940,343,-824
3939,342,-853
3934,328,-878
3932,308,-900
3930,291,-915
3921,275,-921
3921,267,-922
3922,263,-913
3926,270,-895
3931,279,-872
3933,289,-850
3941,302,-833
3947,310,-825
3950,313,-821
3957,310,-819
3959,309,-821
3958,304,-830
3954,298,-839
3952,291,-846
3949,294,-856
3942,293,-860
3942,294,-865
3940,297,-866
3940,302,-867
3937,303,-870
3931,304,-869
3932,308,-868
3929,308,-870
3929,305,-868
3927,302,-864
3930,299,-865
3928,298,-868
3928,296,-863
3930,295,-866
3928,291,-864
3928,290,-864
3924,291,-861
3922,290,-866
3917,286,-874
3916,284,-878
3915,283,-881
3913,285,-884
3912,283,-881
3910,282,-881
3913,281,-879
3912,286,-873
3918,288,-868
3922,295,-860
3924,303,-853
3934,311,-847
3940,313,-842
3944,321,-836
3946,324,-832
3952,326,-835
3954,324,-838
3953,323,-847
3952,314,-851
3951,306,-860
3950,299,-861
3944,293,-863
3935,286,-864
3933,282,-863
3928,284,-861
3926,283,-860
3923,283,-858
3921,281,-850
3924,277,-848
3930,277,-846
3931,277,-851
3935,278,-856
3934,274,-851
3930,273,-846
3929,276,-845
3926,276,-852
3925,274,-849
3925,270,-846
3923,269,-847
3922,263,-850
3918,260,-857
3919,259,-861
3924,258,-858
3929,258,-855
3929,263,-850
3933,267,-843
3936,274,-840
3939,284,-836
3943,294,-828
3948,300,-816
3953,310,-805
3964,321,-800
3974,335,-792
3989,344,-784
3997,356,-773
4003,360,-766
4007,369,-760
4016,374,-758
4023,379,-755
4028,382,-760
4029,381,-766
4032,371,-779
4026,365,-794
4019,352,-812
4008,333,-828
3995,318,-838
3980,299,-853
3958,282,-870
3937,262,-880
3925,251,-883
3908,237,-890
3900,235,-885
3891,232,-879
3891,232,-866
3886,237,-860
3888,248,-849
3887,255,-839
3887,259,-832
3887,268,-825
3888,269,-821
3890,276,-815
3891,280,-813
3899,284,-813
3900,290,-805
3905,291,-803
3910,299,-805
3913,304,-806
3916,307,-803
3921,311,-805
3926,313,-802
3932,316,-805
3931,321,-807
3936,323,-805
3936,324,-805
3939,319,-808
3940,319,-810
3939,321,-809
3940,318,-812
3945,321,-811
3943,321,-814
3942,322,-820
3944,322,-820
3941,319,-824
3943,321,-828
3942,319,-832
3940,317,-835
3936,318,-838
3932,317,-834
3928,312,-834
3927,315,-830
3925,316,-828
3924,320,-824
3921,320,-822
3919,319,-820
3920,323,-814
3922,324,-808
3924,324,-803
3921,325,-804
3918,323,-804
3914,322,-808
3912,322,-806
3910,321,-811
3909,321,-811
3911,321,-807
3913,319,-803
3917,320,-800
3925,322,-799
3928,323,-795
3928,324,-790
3933,323,-784
3932,324,-782
3938,321,-791
3941,318,-803
3941,308,-818
3935,295,-826
3927,277,-834
3914,262,-831
3909,248,-823
3906,240,-807
3904,238,-792
3906,249,-775
3910,270,-769
3920,296,-763
3922,319,-765
3919,335,-778
3917,340,-793
3921,334,-811
3926,323,-825
3925,303,-835
3932,289,-839
3932,279,-837
3933,279,-822
3934,283,-799
3946,296,-770
3957,314,-745
3968,336,-724
3971,343,-718
3974,350,-718
3971,343,-732
3963,329,-754
3959,314,-773
3957,296,-798
3950,288,-815
3941,278,-823
3939,281,-822
3938,289,-818
3936,300,-805
3953,344,-774
3962,360,-759
3961,360,-751
3957,354,-752
3949,336,-759
3941,327,-763
3929,314,-778
3918,311,-786
3916,317,-797
3915,321,-800
3914,321,-801
3913,319,-798
3913,311,-793
3912,310,-787
3912,309,-781
3912,308,-776
3916,307,-772
3919,304,-769
3928,306,-767
3934,303,-767
3940,300,-766
3937,302,-765
3941,302,-768
3945,305,-769
3947,307,-770
3949,306,-772
3949,308,-771
3948,311,-767
3951,312,-763
3950,315,-765
3950,314,-765
3951,311,-770
3952,307,-766
3947,303,-769
3946,303,-776
3941,302,-782
3927,299,-781
3915,300,-772
3911,304,-771
3910,309,-768
3915,311,-765
3921,312,-769
3923,314,-771
3923,313,-781
3925,309,-785
3920,302,-790
3914,296,-795
3905,290,-797
3897,295,-787
3892,301,-781
3896,310,-775
3905,322,-767
3912,328,-765
3920,327,-758
3928,329,-759
3935,325,-758
3942,321,-761
3942,318,-771
3940,313,-773
3941,308,-778
3938,307,-779
3938,307,-776
3939,308,-769
3940,309,-770
3944,318,-767
3940,325,-764
3943,327,-758
3946,330,-758
3947,328,-757
3945,326,-759
3944,319,-762
3942,318,-767
3939,312,-770
3940,304,-773
3936,303,-772
3937,303,-774
3936,301,-769
3934,304,-767
3940,305,-764
3940,303,-759
3940,305,-757
3945,300,-758
3946,299,-756
3943,298,-760
3942,299,-755
3942,302,-755
3939,301,-755
3935,302,-752
3935,303,-750
3935,301,-754
3939,305,-756
3933,307,-755
3937,308,-754
3935,311,-759
3935,312,-760
3934,305,-755
3935,310,-755
3933,308,-758
3934,307,-762
3930,310,-758
3933,310,-758
3933,311,-757
3937,312,-761
3938,313,-758
3939,314,-759
3938,317,-759
3936,314,-759
3935,316,-762
3933,314,-766
3931,316,-764
3933,313,-768
3932,310,-767
3928,311,-767
3929,309,-769
3929,313,-767
3931,314,-762
3931,312,-761
3935,313,-755
3945,313,-756
3946,310,-756
3944,308,-757
3945,307,-755
3950,304,-755
3951,305,-762
3947,299,-762
3949,302,-763
3949,302,-765
3945,300,-761
3948,299,-760
3951,301,-761
3952,303,-754
3951,302,-757
3949,302,-752
3949,305,-753
3950,306,-757
3950,306,-762
3953,304,-769
3950,298,-783
3945,284,-798
3934,271,-801
3924,258,-794
3915,247,-784
3911,241,-771
3912,251,-755
3918,267,-741
3924,293,-733
3933,325,-726
3933,348,-723
3938,358,-734
3930,359,-750
3934,341,-768
3931,325,-791
3930,303,-811
3930,283,-828
3926,267,-832
3923,263,-828
3924,264,-813
3927,271,-793
3933,285,-768
3940,299,-740
3949,314,-723
3955,323,-711
3965,321,-708
3969,312,-711
3969,304,-722
3970,291,-741
3962,281,-763
3958,270,-779
3953,263,-796
3947,260,-802
3939,265,-804
3940,271,-803
3939,280,-793
3946,289,-779
3947,299,-768
3948,306,-765
3953,314,-759
3951,316,-757
3949,316,-760
3947,313,-765
3946,308,-767
3945,309,-772
3943,302,-776
3940,300,-781
3935,300,-782
3933,295,-785
3929,294,-783
3929,296,-782
3934,300,-785
3934,303,-786
3934,303,-787
3930,304,-788
3936,305,-790
3941,306,-791
3942,305,-793
3945,306,-794
3946,303,-791
3946,303,-790
3946,302,-792
3946,304,-789
3948,307,-788
3949,305,-785
3951,304,-785
3950,300,-783
3954,298,-783
3957,299,-783
3954,299,-783
3948,305,-776
3948,305,-772
3944,309,-769
3949,312,-769
3951,311,-774
3950,306,-780
3949,301,-788
3940,295,-797
3935,285,-808
3927,281,-815
3922,276,-813
3914,276,-814
3911,282,-807
3906,287,-802
3910,298,-797
3916,306,-795
3920,311,-788
3930,313,-787
3939,310,-785
3943,304,-791
3941,294,-792
3942,289,-795
3937,283,-802
3938,282,-803
3939,282,-803
3940,281,-800
3939,285,-795
3944,290,-792
3944,294,-790
3948,293,-786
3947,292,-783
3949,290,-786
3948,288,-782
3948,292,-786
3947,288,-788
3944,288,-790
3944,285,-790
3943,286,-793
3942,284,-795
3942,287,-794
3941,286,-794
3946,287,-798
3945,289,-798
3940,288,-798
3936,287,-799
3933,287,-796
3930,284,-797
3930,290,-800
3931,291,-798
3931,295,-799
3929,301,-801
3931,306,-800
3925,309,-801
3923,311,-799
3921,315,-804
3920,314,-806
3922,310,-809
3930,310,-811
3931,310,-814
3936,307,-817
3936,305,-815
3938,306,-815
3937,302,-814
3939,303,-815
3941,300,-816
3942,300,-811
3942,296,-807
3943,297,-809
3944,297,-805
3944,296,-803
3941,299,-804
3939,297,-808
3942,294,-805
3939,292,-806
3941,292,-801
3943,293,-799
3943,297,-796
3941,296,-796
3942,291,-793
3942,291,-797
3942,285,-799
3938,287,-800
3935,288,-805
3936,288,-808
3936,284,-812
3929,283,-816
3927,284,-814
3927,283,-812
3925,284,-816
3926,285,-819
3925,287,-816
3926,288,-811
3924,294,-810
3929,296,-809
3934,299,-808
3935,298,-805
3937,295,-802
3940,298,-806
3942,300,-805
3939,303,-807
3940,304,-811
3939,309,-819
3942,302,-829
3941,294,-837
3935,289,-845
3921,278,-844
3916,269,-844
3910,267,-842
3910,269,-838
3919,263,-831
3927,263,-812
3933,273,-795
3939,296,-777
3939,325,-762
3940,347,-765
3939,361,-773
3939,370,-794
3939,362,-820
3937,344,-844
3926,326,-865
3927,305,-880
3921,285,-889
3922,275,-887
3919,273,-873
3922,278,-855
3921,289,-832
3928,301,-810
3937,313,-796
3939,328,-792
3949,319,-790
3957,310,-790
3960,299,-792
3956,292,-795
3956,289,-807
3956,283,-812
3951,280,-822
3946,283,-829
3939,285,-835
3940,288,-840
3938,290,-839
3936,296,-834
3934,300,-835
3934,301,-832
3935,308,-829
3933,313,-826
3931,313,-824
3934,307,-825
3934,307,-824
3937,302,-821
3938,297,-821
3939,298,-819
3938,297,-819
3937,298,-820
3937,298,-821
3933,295,-826
3929,293,-833
3931,296,-839
3928,293,-841
3923,291,-844
3923,289,-843
3921,286,-845
3922,286,-844
3922,287,-841
3933,291,-840
3931,294,-833
3936,297,-824
3938,294,-821
3939,292,-815
3943,293,-809
3947,288,-803
3956,290,-799
3959,293,-799
3962,288,-800
3957,290,-800
3951,290,-801
3946,292,-806
3943,291,-806
3942,291,-810
3942,282,-818
3940,280,-824
3939,278,-827
3937,277,-836
3934,272,-837
3936,274,-836
3938,272,-832
3938,273,-827
3942,279,-820
3942,286,-814
3937,289,-811
3940,291,-812
3939,293,-810
3940,291,-815
3942,293,-816
3946,291,-820
3943,288,-826
3941,286,-828
3935,289,-830
3933,286,-834
3933,287,-832
3934,290,-830
3930,289,-829
3934,292,-828
3934,292,-825
3933,293,-828
3930,293,-833
3925,295,-834
3923,296,-836
3921,298,-832
3927,298,-831
3927,300,-833
3928,299,-830
3931,300,-832
3936,299,-828
3936,300,-828
3934,300,-824
3933,303,-826
3933,300,-831
3932,301,-832
3936,299,-832
3936,295,-832
3931,294,-838
3933,288,-833
3932,285,-839
3932,283,-836
3930,282,-832
3929,287,-830
3935,290,-826
3934,291,-824
3939,294,-821
3940,297,-813
3938,296,-814
3938,298,-815
3939,300,-818
3935,298,-819
3928,295,-827
3927,294,-827
3926,290,-831
3924,287,-834
3927,293,-832
3924,292,-829
3923,293,-829
3928,295,-827
3928,298,-823
3930,301,-826
3933,303,-821
3936,304,-821
3941,306,-821
3942,306,-821
3944,303,-819
3947,302,-818
3946,303,-816
3949,302,-815
3946,301,-815
3941,296,-817
3941,291,-818
3938,291,-820
3941,289,-820
3945,289,-819
3936,287,-818
3936,288,-816
3938,289,-814
3939,291,-810
3939,290,-812
3943,289,-814
3943,290,-817
3943,289,-822
3944,291,-822
3946,292,-819
3946,296,-819
3947,295,-820
3946,299,-822
3948,299,-822
3945,300,-822
3944,303,-819
3945,309,-817
3943,310,-820
3942,314,-820
3946,315,-832
3944,312,-843
3940,305,-854
3931,299,-857
3923,286,-866
3914,275,-862
3912,266,-857
3911,269,-849
3912,274,-840
3914,288,-825
3918,307,-802
3927,331,-785
3932,351,-771
3941,369,-768
3943,376,-773
3946,373,-787
3947,364,-811
3941,343,-838
3932,324,-864
3928,296,-885
3921,272,-892
3920,257,-891
3919,250,-877
3918,255,-853
3926,264,-825
3937,283,-795
3948,302,-769
3951,313,-750
3961,317,-742
3966,322,-745
3968,314,-753
3968,304,-769
3963,299,-783
3959,290,-801
3950,283,-814
3943,283,-824
3935,283,-832
3933,288,-833
3928,294,-833
3925,298,-836
3926,301,-830
3931,312,-826
3931,316,-819
3931,319,-818
3930,317,-814
3926,313,-809
3926,313,-813
3921,309,-815
3920,303,-821
3921,299,-825
3917,295,-824
3919,293,-820
3917,291,-819
3921,287,-823
3920,290,-827
3925,291,-826
3929,292,-820
3931,291,-819
3934,292,-816
3931,296,-814
3937,296,-812
3939,299,-811
3943,298,-808
3944,301,-806
3945,301,-806
3948,300,-807
3949,302,-809
3955,300,-809
3958,299,-813
3956,300,-816
3956,299,-812
3952,300,-805
3947,296,-803
3942,300,-801
3934,304,-804
3935,305,-799
3937,304,-806
3931,298,-809
3927,293,-811
3925,287,-816
3922,285,-815
3922,287,-819
3921,294,-819
3922,297,-810
3926,303,-806
3931,311,-801
3933,314,-800
3934,313,-798
3935,310,-803
3935,304,-802
3934,298,-804
3935,297,-808
3933,295,-812
3927,294,-816
3925,296,-812
3926,302,-812
3926,309,-813
3926,317,-805
3932,322,-802
3932,327,-797
3937,331,-798
3941,333,-802
3940,337,-803
3941,337,-804
3937,333,-808
3939,330,-810
3939,323,-811
3937,317,-814
3938,315,-814
3941,310,-816
3944,308,-810
3944,304,-802
3948,303,-799
3950,298,-792
3952,295,-787
3951,293,-784
3953,288,-779
3951,284,-775
3952,281,-772
3952,281,-772
3949,279,-776
3952,277,-783
3949,275,-782
3949,274,-784
3948,273,-783
3947,274,-784
3945,271,-785
3946,274,-783
3946,274,-784
3941,275,-784
3938,279,-788
3932,278,-786
3929,279,-790
3927,281,-787
3930,287,-789
3925,288,-788
3923,285,-786
3924,289,-787
3920,294,-788
3921,294,-793
3921,300,-797
3918,304,-799
3918,302,-802
3920,301,-798
3918,302,-796
3921,298,-799
3925,295,-799
3928,297,-797
3930,297,-794
3929,297,-791
3926,301,-791
3926,302,-787
3928,304,-784
3933,306,-785
3936,311,-786
3941,310,-789
3941,305,-788
3936,305,-791
3938,304,-795
3943,308,-801
3941,309,-803
3944,307,-803
3944,310,-800
3945,313,-801
3942,313,-801
3941,314,-796
3944,315,-795
3941,313,-792
3943,314,-789
3937,312,-790
3935,310,-793
3930,311,-794
3933,307,-795
3928,304,-796
3927,301,-793
3922,297,-789
3919,294,-789
3918,295,-787
3918,294,-783
3918,296,-784
3918,297,-789
3918,294,-799
3920,291,-806
3916,280,-816
3915,268,-828
3913,260,-827
3911,254,-817
3914,247,-799
3914,248,-780
3916,259,-762
3930,278,-750
3944,306,-744
3944,336,-745
3944,356,-756
3937,360,-764
3936,353,-782
3938,338,-802
3936,318,-816
3931,296,-831
3933,283,-847
3932,273,-842
3924,295,-836
3925,309,-822
3934,310,-804
3945,303,-776
3948,300,-750
3953,292,-731
3955,278,-726
3953,260,-720
3955,231,-728
3951,212,-743
3944,205,-769
3930,208,-794
3923,230,-804
3925,271,-806
3919,273,-812
3909,286,-816
3904,290,-823
3901,273,-821
3906,267,-813
3911,233,-801
3926,210,-788
3940,206,-774
3946,215,-761
3950,235,-760
3947,249,-767
3937,255,-784
3931,260,-798
3924,257,-806
3924,257,-810
3919,253,-809
3925,250,-805
3929,246,-805
3933,249,-805
3934,251,-807
3930,254,-807
3934,257,-809
3937,259,-810
3936,265,-808
3939,265,-810
3937,267,-809
3943,268,-814
3943,275,-815
3942,274,-816
3943,275,-820
3943,274,-820
3943,269,-822
3942,270,-827
3942,270,-823
3933,270,-815
3924,273,-811
3915,278,-807
3914,280,-804
3915,280,-803
3917,282,-808
3921,280,-816
3920,274,-825
3916,265,-829
3921,256,-836
3923,253,-843
3921,249,-843
3918,248,-845
3915,245,-844
3908,247,-838
3906,247,-833
3901,249,-825
3905,249,-820
3915,248,-811
3926,250,-810
3929,250,-809
3936,249,-816
3938,247,-819
3940,244,-821
3939,242,-823
3940,237,-827
3943,236,-829
3943,236,-830
3943,238,-830
3940,238,-830
3942,240,-831
3944,247,-827
3944,248,-825
3946,248,-828
3946,253,-823
3947,253,-824
3945,257,-823
3944,261,-825
3941,256,-825
3941,255,-824
3941,258,-830
3936,258,-834
3940,256,-833
3940,256,-836
3941,256,-836
3944,256,-834
3939,257,-837
3940,256,-837
3937,256,-837
3939,260,-838
3942,262,-838
3943,259,-837
3944,261,-838
3943,261,-832
3944,259,-830
3946,259,-828
3947,261,-824
3950,258,-826
3950,258,-825
3951,254,-830
3950,249,-834
3948,251,-839
3946,247,-840
3946,245,-842
3944,241,-843
3942,233,-841
3943,231,-845
3944,229,-846
3939,232,-844
3937,229,-845
3941,230,-846
3941,228,-841
3941,228,-839
3942,232,-838
3940,233,-839
3940,232,-838
3940,234,-839
3940,235,-837
3939,232,-835
3941,234,-840
3942,233,-839
3940,233,-841
3936,235,-846
3934,232,-845
3930,232,-843
3930,234,-839
3933,234,-842
3934,232,-842
3931,232,-842
3932,235,-846
3935,243,-847
3939,241,-845
3942,245,-840
3940,248,-842
3941,250,-835
3944,253,-836
3943,259,-838
3946,255,-844
3943,257,-844
3942,256,-839
3943,258,-839
3942,254,-838
3944,255,-839
3941,256,-846
3940,254,-853
3941,253,-863
3940,247,-875
3939,238,-883
3930,225,-885
3920,214,-888
3915,205,-878
3915,203,-863
3918,210,-848
3919,224,-827
3927,244,-816
3932,267,-806
3935,289,-814
3934,299,-824
3931,299,-840
3932,296,-867
3927,276,-886
3926,247,-908
3926,222,-926
3919,200,-931
3916,189,-930
3910,191,-916
3913,196,-892
3923,209,-869
3921,231,-847
3934,240,-830
3945,240,-814
3951,240,-801
3957,238,-797
3958,229,-803
3960,217,-817
3954,206,-837
3949,200,-860
3943,195,-876
3938,194,-884
3936,197,-886
3929,202,-883
3937,209,-875
3938,222,-864
3942,230,-857
3946,237,-848
3952,245,-845
3950,245,-841
3950,244,-843
3946,243,-848
3942,241,-854
3937,236,-856
3929,226,-864
3926,221,-864
3923,220,-866
3922,220,-867
3922,219,-866
3928,220,-863
3928,223,-861
3932,221,-864
3933,221,-864
3940,223,-860
3940,221,-861
3937,222,-862
3931,226,-860
3934,229,-864
3938,232,-867
3943,233,-870
3945,231,-868
3948,233,-869
3950,233,-872
3951,230,-870
3959,229,-866
3959,232,-868
3960,230,-867
3958,234,-867
3949,237,-861
3947,244,-858
3946,245,-850
3944,250,-854
3943,251,-857
3944,250,-862
3943,250,-872
3939,242,-881
3929,238,-890
3924,232,-893
3917,233,-896
3910,233,-893
3905,238,-886
3904,244,-879
3905,252,-876
3910,256,-873
3915,256,-872
3919,251,-874
3921,248,-871
3923,240,-874
3923,235,-876
3922,229,-881
3918,225,-876
3916,219,-880
3922,219,-876
3924,216,-871
3930,215,-869
3936,214,-864
3940,215,-857
3947,221,-851
3945,222,-850
3947,218,-849
3952,219,-846
3951,215,-845
3946,217,-847
3947,209,-851
3944,204,-851
3944,201,-852
3946,200,-855
3945,198,-856
3937,199,-852
3940,197,-851
3942,196,-849
3941,195,-848
3938,194,-847
3936,198,-849
3933,204,-854
3933,205,-850
3934,210,-854
3939,210,-857
3933,213,-858
3930,215,-854
3934,221,-857
3932,225,-856
3934,228,-853
3932,230,-857
3935,233,-852
3939,236,-853
3940,238,-857
3942,236,-860
3943,235,-857
3940,235,-861
3940,233,-866
3939,232,-865
3939,230,-867
3939,230,-868
3932,229,-872
3930,231,-869
3926,234,-866
3928,237,-864
3931,233,-868
3929,235,-863
3928,234,-865
3925,241,-867
3925,243,-871
3926,237,-869
3925,226,-871
3930,219,-863
3934,216,-858
3937,214,-852
3934,218,-857
3934,218,-861
3932,217,-863
3935,218,-868
3939,217,-873
3937,217,-870
3940,220,-866
3940,220,-866
3938,219,-867
3938,215,-872
3937,212,-869
3932,210,-871
3931,208,-877
3929,210,-877
3932,212,-876
3930,216,-873
3930,216,-875
3928,218,-875
3928,219,-877
3931,220,-879
3932,224,-879
3931,230,-882
3931,236,-879
3928,240,-880
3927,242,-889
3929,242,-898
3926,241,-911
3921,231,-916
3918,218,-921
3910,210,-924
3910,202,-916
3911,193,-912
3917,195,-905
3920,208,-889
3922,228,-873
3927,248,-860
3933,267,-850
3937,285,-844
3939,298,-847
3941,304,-859
3944,296,-880
3943,283,-902
3938,261,-924
3932,236,-938
3923,220,-949
3919,209,-947
3916,203,-940
3914,207,-921
3919,213,-898
3928,225,-878
3932,237,-860
3939,243,-849
3947,248,-844
3955,244,-845
3957,239,-842
