860,-28,466
853,6,504
837,41,545
812,76,580
785,114,614
751,153,648
728,195,680
702,232,707
667,270,727
631,307,736
600,343,744
572,375,742
546,405,739
518,434,729
501,459,719
483,482,712
464,499,703
454,512,696
443,513,691
420,512,675
394,506,655
364,496,635
312,474,609
240,440,572
165,400,525
81,357,476
-13,301,415
-112,237,348
-217,164,275
-330,77,197
-445,-15,117
-557,-98,39
-667,-189,-37
-761,-275,-114
-838,-358,-199
-907,-439,-282
-960,-506,-367
-986,-567,-444
-997,-614,-523
-993,-653,-595
-975,-687,-664
-949,-719,-733
-922,-741,-797
-894,-762,-851
-862,-774,-905
-832,-783,-959
-814,-792,-1010
-804,-791,-1059
-794,-784,-1104
-785,-773,-1144
-781,-767,-1179
-785,-760,-1208
-813,-751,-1234
-842,-740,-1254
-859,-738,-1269
-876,-732,-1285
-895,-732,-1293
-915,-740,-1306
-930,-746,-1313
-939,-746,-1316
-948,-743,-1319
-957,-748,-1317
-966,-759,-1315
-971,-765,-1308
-979,-783,-1300
-984,-802,-1293
-990,-813,-1287
-991,-822,-1287
-1009,-833,-1285
-1024,-834,-1279
-1031,-840,-1278
-1037,-841,-1278
-1042,-844,-1275
-1050,-845,-1276
-1064,-845,-1277
-1079,-839,-1278
-1096,-837,-1277
-1113,-830,-1275
-1131,-824,-1271
-1148,-820,-1273
-1168,-816,-1273
-1172,-808,-1270
-1168,-802,-1271
-1163,-801,-1273
-1151,-793,-1278
-1132,-789,-1283
-1101,-783,-1291
-1066,-775,-1298
-1027,-762,-1304
-980,-748,-1310
-934,-731,-1309
-886,-707,-1310
-832,-685,-1309
-780,-663,-1307
-727,-640,-1301
-677,-615,-1290
-634,-591,-1280
-591,-569,-1266
-555,-550,-1248
-529,-528,-1224
-509,-498,-1197
-503,-470,-1174
-505,-444,-1143
-517,-416,-1111
-538,-393,-1078
-570,-369,-1040
-607,-342,-1007
-641,-315,-968
-681,-280,-929
-717,-250,-894
-756,-222,-860
-788,-190,-824
-818,-155,-784
-842,-121,-745
-865,-96,-707
-884,-73,-668
-907,-44,-625
-926,-18,-583
-953,5,-536
-993,24,-494
-1042,37,-448
-1104,44,-403
-1163,52,-363
-1223,60,-324
-1280,66,-281
-1339,65,-244
-1398,63,-204
-1436,62,-165
-1466,58,-125
-1494,56,-92
-1515,55,-61
-1506,61,-36
-1488,67,-10
-1462,74,13
-1413,85,34
-1350,100,56
-1287,111,74
-1223,126,94
-1166,150,112
-1103,174,133
-1038,203,153
-974,238,172
-908,275,194
-843,310,216
-784,348,234
-727,383,249
-661,417,268
-602,451,286
-551,481,302
-504,506,318
-465,525,335
-426,544,359
-390,561,381
-358,584,410
-326,609,442
-297,633,480
-268,656,518
-243,681,565
-223,709,616
-211,750,673
-190,791,734
-167,833,798
-134,866,857
-107,909,906
-89,969,946
-78,1036,985
-68,1102,1023
-48,1162,1061
-35,1224,1099
-41,1290,1135
-41,1347,1178
-39,1397,1216
-41,1441,1249
-43,1472,1270
-41,1487,1284
-35,1489,1291
-20,1481,1294
0,1462,1291
19,1431,1286
30,1400,1276
37,1364,1261
39,1323,1230
39,1284,1186
36,1241,1131
31,1197,1071
27,1141,1013
12,1086,955
-19,1033,899
-55,985,849
-95,934,796
-144,880,745
-212,825,696
-290,770,652
-365,712,613
-452,654,577
-546,608,554
-640,563,534
-733,509,522
-819,459,513
-897,412,506
-968,375,502
-1035,347,495
-1092,325,492
-1141,314,484
-1171,306,471
-1187,302,458
-1192,304,447
-1183,311,428
-1162,321,403
-1141,330,377
-1116,338,350
-1090,343,328
-1064,343,304
-1035,338,286
-1019,329,267
-1010,325,249
-1001,316,233
-984,308,216
-973,300,199
-971,286,181
-970,275,171
-975,264,163
-981,249,155
-987,240,152
-999,229,150
-1017,215,149
-1038,207,153
-1060,196,161
-1090,186,175
-1108,172,190
-1126,158,200
-1142,146,211
-1158,132,225
-1166,118,238
-1168,99,252
-1171,83,263
-1174,71,277
-1168,61,292
-1170,50,308
-1178,34,326
-1178,17,339
-1175,-4,348
-1168,-25,362
-1160,-41,375
-1153,-57,378
-1144,-71,381
-1137,-84,377
-1124,-98,374
-1114,-118,376
-1102,-139,374
-1090,-152,369
-1072,-168,365
-1052,-181,360
-1027,-191,354
-992,-199,349
-951,-207,345
-909,-209,343
-859,-216,339
-802,-215,332
-750,-214,326
-693,-215,323
-631,-225,321
-569,-232,316
-508,-244,311
-449,-256,305
-392,-267,295
-334,-282,288
-283,-299,279
-240,-321,270
-197,-347,267
-162,-374,262
-141,-398,257
-131,-427,248
-133,-461,242
-145,-495,238
-166,-531,230
-195,-569,223
-225,-604,214
-255,-636,201
-282,-663,191
-297,-689,177
-308,-711,163
-320,-726,150
-329,-741,134
-329,-748,119
-326,-752,96
-316,-749,75
-308,-740,50
-293,-731,22
-281,-716,-8
-266,-696,-38
-249,-673,-56
-236,-656,-78
-217,-639,-109
-200,-627,-138
-189,-618,-168
-175,-611,-192
-159,-608,-206
-144,-608,-216
-128,-609,-214
-115,-605,-207
-101,-599,-203
-101,-593,-198
-112,-589,-198
-130,-588,-211
-151,-583,-239
-175,-577,-280
-192,-571,-329
-208,-561,-381
-231,-560,-433
-254,-556,-481
-274,-556,-522
-302,-556,-555
-339,-553,-585
-388,-557,-614
-434,-556,-644
-487,-557,-672
-552,-556,-702
-621,-550,-736
-699,-545,-761
-790,-546,-784
-888,-551,-808
-988,-560,-828
-1092,-569,-842
-1198,-580,-851
-1298,-595,-863
-1395,-615,-874
-1490,-642,-880
-1574,-665,-881
-1646,-685,-879
-1708,-706,-874
-1757,-728,-863
-1790,-749,-853
-1821,-781,-842
-1838,-814,-829
-1846,-850,-817
-1842,-887,-806
-1836,-925,-798
-1821,-959,-786
-1806,-998,-778
-1780,-1034,-769
-1761,-1061,-765
-1744,-1077,-759
-1716,-1085,-762
-1666,-1083,-765
-1603,-1070,-768
-1537,-1061,-772
-1473,-1046,-782
-1401,-1022,-792
-1319,-990,-805
-1224,-952,-824
-1118,-911,-845
-1020,-864,-876
-922,-813,-904
-826,-773,-943
-734,-733,-983
-650,-696,-1031
-573,-660,-1088
-509,-634,-1142
-461,-610,-1190
-425,-599,-1243
-406,-598,-1296
-396,-604,-1347
-394,-617,-1395
-394,-643,-1438
-398,-666,-1473
-401,-689,-1511
-399,-707,-1550
-402,-725,-1589
-406,-740,-1626
-413,-752,-1662
-417,-760,-1693
-424,-772,-1716
-434,-780,-1736
-444,-781,-1754
-460,-775,-1776
-479,-765,-1794
-484,-746,-1810
-480,-724,-1834
-461,-698,-1854
-430,-665,-1879
-400,-631,-1908
-379,-593,-1939
-331,-551,-1980
-277,-509,-2022
-220,-470,-2068
-164,-438,-2108
-114,-403,-2152
-69,-369,-2189
-21,-335,-2233
39,-297,-2276
100,-262,-2321
155,-222,-2372
208,-174,-2416
263,-123,-2459
333,-73,-2500
417,-17,-2538
500,56,-2572
600,138,-2600
711,233,-2621
780,322,-2644
808,409,-2660
836,503,-2675
881,603,-2677
926,701,-2675
966,792,-2667
974,872,-2653
955,943,-2635
930,1006,-2612
912,1063,-2586
897,1123,-2552
871,1177,-2517
825,1221,-2482
775,1256,-2452
744,1287,-2425
727,1324,-2398
717,1362,-2371
702,1401,-2340
675,1431,-2308
647,1445,-2283
621,1458,-2255
592,1470,-2222
566,1475,-2187
541,1472,-2159
519,1470,-2126
491,1464,-2098
459,1448,-2070
432,1427,-2041
403,1401,-2018
372,1369,-1993
357,1336,-1969
364,1314,-1940
370,1289,-1910
375,1270,-1882
376,1257,-1864
371,1245,-1839
366,1234,-1803
361,1239,-1767
350,1252,-1724
332,1271,-1678
304,1283,-1633
269,1300,-1589
228,1312,-1553
186,1319,-1521
143,1324,-1495
95,1333,-1481
60,1347,-1472
24,1358,-1461
-12,1369,-1446
-54,1382,-1431
-91,1408,-1415
-129,1441,-1393
-168,1474,-1372
-217,1504,-1350
-276,1524,-1334
-359,1532,-1317
-447,1527,-1302
-528,1504,-1282
-593,1471,-1257
-652,1433,-1229
-691,1396,-1190
-713,1368,-1145
-722,1356,-1092
-714,1352,-1032
-700,1354,-971
-680,1363,-910
-654,1370,-852
-632,1382,-796
-618,1393,-739
-610,1399,-690
-606,1411,-648
-603,1416,-605
-589,1417,-573
-576,1420,-543
-593,1416,-528
-636,1402,-522
-671,1384,-534
-703,1357,-558
-737,1326,-594
-768,1295,-641
-795,1259,-696
-810,1216,-746
-817,1174,-790
-821,1146,-830
-809,1128,-857
-782,1111,-883
-749,1105,-905
-715,1102,-932
-686,1101,-959
-649,1102,-983
-601,1103,-1001
-560,1108,-1011
-523,1122,-1016
-480,1152,-1017
-425,1192,-1014
-371,1242,-1004
-337,1296,-996
-327,1357,-980
-325,1425,-958
-322,1490,-934
-331,1549,-910
-364,1604,-884
-416,1655,-854
-477,1695,-826
-544,1717,-801
-612,1727,-778
-683,1726,-757
-749,1722,-741
-804,1707,-723
-844,1684,-708
-875,1657,-699
-911,1621,-691
-946,1583,-688
-965,1545,-686
-967,1504,-687
-947,1454,-687
-916,1400,-685
-885,1348,-682
-851,1293,-679
-810,1240,-676
-768,1182,-675
-716,1123,-675
-668,1069,-672
-629,1010,-666
-590,955,-664
-553,902,-658
-519,855,-650
-489,816,-646
-456,782,-641
-429,756,-642
-401,741,-639
-382,739,-636
-364,741,-635
-342,747,-634
-321,757,-632
-298,772,-630
-264,788,-626
-231,804,-620
-207,825,-616
-196,848,-606
-186,869,-597
-182,891,-583
-185,911,-570
-199,925,-554
-226,926,-538
-261,924,-524
-300,911,-521
-338,896,-518
-391,873,-514
-443,844,-512
-496,820,-508
-543,798,-508
-577,773,-503
-603,751,-502
-613,726,-501
-610,707,-495
-600,694,-491
-587,679,-486
-568,665,-478
-537,650,-470
-502,641,-462
-470,631,-453
-437,618,-445
-406,610,-439
-372,606,-430
-341,596,-422
-318,588,-419
-301,576,-415
-277,559,-403
-255,548,-397
-237,536,-393
-221,522,-388
-210,507,-388
-196,493,-387
-187,479,-382
-174,460,-380
-163,432,-378
-158,406,-371
-150,380,-364
-138,350,-353
-129,319,-341
-119,291,-328
-103,269,-315
-80,249,-301
-62,226,-293
-45,203,-287
-29,189,-282
-26,179,-276
-18,175,-268
-12,174,-263
-10,172,-258
-13,177,-252
-33,178,-243
-51,174,-242
-66,176,-241
-88,173,-240
-113,165,-233
-138,154,-227
-165,140,-225
-188,125,-225
-213,111,-220
-230,96,-213
-242,79,-202
-247,70,-193
-251,62,-179
-254,65,-164
-247,74,-148
-243,84,-140
-231,94,-127
-208,108,-117
-180,123,-110
-166,137,-106
-155,152,-105
-143,163,-107
-132,174,-110
-128,179,-113
-134,186,-114
-146,182,-121
-156,176,-124
-166,168,-125
-188,155,-129
-207,137,-127
-229,128,-127
-243,115,-130
-250,103,-132
-251,94,-135
-242,89,-140
-225,88,-148
-204,96,-158
-175,101,-169
-142,106,-176
-110,115,-175
-82,122,-174
-53,127,-174
-29,127,-174
-1,121,-172
32,116,-169
60,113,-172
79,108,-174
105,109,-174
126,112,-179
142,110,-179
145,101,-183
149,97,-185
142,97,-188
130,98,-190
108,101,-192
78,102,-194
47,103,-197
15,107,-206
-21,112,-215
-57,115,-228
-87,123,-245
-118,133,-261
-140,145,-277
-160,158,-293
-176,168,-305
-189,175,-317
-197,176,-327
-200,177,-329
-196,173,-326
-179,164,-316
-145,148,-302
-101,135,-279
-47,135,-252
24,145,-232
92,170,-209
168,206,-194
244,247,-188
317,283,-182
381,316,-174
428,339,-162
463,352,-141
483,359,-107
504,361,-58
518,356,-7
527,355,45
506,348,74
461,347,84
424,350,80
399,360,65
377,367,38
355,371,12
329,369,-11
294,366,-36
254,359,-54
223,345,-71
192,332,-90
164,319,-106
128,302,-119
82,282,-130
39,267,-140
-5,255,-143
-46,239,-152
-84,228,-167
-119,217,-184
-149,198,-196
-178,178,-208
-207,164,-217
-217,150,-215
-208,138,-203
-194,134,-188
-174,135,-170
-140,141,-148
-101,154,-124
-61,173,-98
-19,192,-72
26,219,-52
67,240,-27
102,256,8
129,271,46
155,281,93
172,289,133
184,292,172
198,297,201
204,301,225
202,309,245
191,311,259
172,317,269
138,318,274
95,314,272
46,314,261
-2,312,245
-55,300,222
-109,285,197
-168,263,173
-220,239,154
-266,212,138
-309,186,127
-343,160,121
-370,139,118
-394,125,122
-410,111,121
-411,107,131
-404,113,133
-394,124,135
-384,144,133
-366,170,131
-340,203,131
-304,241,128
-273,286,124
-252,333,123
-234,376,122
-220,414,121
-213,449,119
-214,475,123
-217,495,128
-213,508,128
-211,519,131
-204,523,132
-196,520,131
-194,513,127
-188,504,125
-173,490,123
-160,465,114
-148,438,105
-135,408,96
-123,368,85
-110,329,74
-95,285,66
-86,244,55
-77,208,53
-65,179,49
-49,158,46
-40,144,43
-30,137,44
-23,135,46
-14,137,48
-3,146,48
-6,158,51
-11,177,52
-27,197,56
-52,213,54
-77,229,52
-109,252,52
-146,266,43
-183,274,32
-220,281,17
-249,287,2
-272,298,-11
-288,310,-29
-294,319,-42
-298,324,-53
-294,330,-61
-283,337,-68
-262,342,-81
-230,347,-90
-192,358,-103
-156,372,-119
-131,389,-130
-119,405,-142
-110,423,-148
-105,442,-148
-105,456,-146
-109,462,-147
-112,473,-150
-112,480,-158
-111,484,-164
-106,487,-167
-104,490,-171
-103,488,-175
-105,481,-178
-94,479,-182
-82,472,-189
-66,459,-201
-51,443,-215
-39,433,-224
-23,419,-232
-7,405,-241
12,393,-251
31,380,-265
47,369,-275
56,362,-284
61,358,-292
53,350,-299
52,340,-303
60,337,-303
74,332,-301
99,325,-293
135,314,-286
180,304,-274
242,294,-251
329,279,-221
430,272,-187
528,275,-147
625,297,-110
722,335,-78
804,382,-56
867,436,-36
900,495,-8
907,542,21
875,579,54
808,614,111
716,650,189
594,676,261
456,691,313
316,695,339
202,695,338
111,695,304
9,686,244
-119,670,177
-276,636,115
-418,585,75
-508,521,54
-544,454,49
-555,378,57
-566,296,70
-572,211,84
-549,126,95
-517,54,103
-482,-8,113
-449,-50,125
-419,-69,136
-389,-76,153
-369,-70,170
-362,-51,185
-355,-23,199
-350,17,210
-341,57,218
-332,91,227
-314,132,238
-293,171,252
-275,200,268
-263,228,292
-256,253,322
-254,274,354
-247,290,390
-248,296,433
-249,296,469
-260,284,503
-266,263,534
-271,236,557
-265,212,576
-250,184,590
-229,162,602
-197,144,612
-151,128,621
-98,125,628
-37,137,633
22,148,636
65,166,631
100,184,626
127,198,611
144,207,587
155,214,556
151,219,520
140,216,483
133,208,453
124,192,427
113,174,410
96,152,402
71,136,398
46,126,389
26,119,376
0,121,363
-29,128,341
-61,136,316
-96,142,294
-143,139,275
-200,132,258
-252,130,240
-311,129,228
-369,134,218
-442,138,209
-514,147,201
-598,159,190
-668,167,172
-696,171,138
-705,167,90
-709,154,35
-709,142,-16
-696,125,-51
-668,113,-75
-630,105,-95
-580,93,-105
-520,77,-112
-457,56,-119
-407,24,-123
-359,-14,-129
-317,-43,-140
-272,-65,-146
-230,-77,-156
-184,-84,-163
-140,-87,-175
-93,-90,-188
-42,-94,-200
11,-96,-211
62,-99,-221
123,-92,-225
188,-83,-219
247,-78,-212
296,-67,-201
349,-56,-194
402,-43,-183
442,-33,-177
478,-28,-172
512,-22,-169
547,-28,-163
571,-31,-156
581,-32,-149
583,-37,-144
589,-36,-133
590,-37,-122
572,-38,-116
530,-40,-114
475,-44,-115
414,-52,-115
343,-61,-120
267,-75,-128
206,-83,-140
163,-84,-150
131,-89,-159
112,-88,-172
111,-84,-179
124,-69,-181
154,-47,-180
192,-21,-175
252,7,-171
319,43,-168
387,77,-169
455,109,-174
521,143,-186
575,178,-192
621,208,-201
652,234,-204
664,250,-204
659,258,-204
633,263,-203
607,268,-201
578,273,-199
542,275,-194
513,273,-192
485,276,-181
456,282,-162
440,289,-145
429,302,-127
430,316,-105
448,338,-84
489,371,-70
531,409,-56
561,440,-50
572,452,-39
589,451,-24
610,439,-8
605,421,8
577,402,27
523,374,37
462,344,42
396,310,43
315,273,38
225,229,30
136,180,19
53,132,11
-23,92,4
-86,60,10
-139,42,26
-186,33,49
-231,35,67
-269,39,85
-299,46,98
-327,57,106
-339,71,118
-336,93,124
-338,118,130
-336,140,137
-325,160,139
-310,179,134
-285,194,124
-262,210,113
-252,218,99
-250,216,89
-252,205,80
-258,189,69
-263,171,61
-257,150,48
-250,124,34
-259,99,22
-290,84,21
-324,69,28
-335,56,37
-324,44,42
-296,39,44
-258,40,44
-214,45,41
-169,48,39
-129,52,39
-90,53,39
-62,55,35
-35,55,35
-6,59,33
13,56,33
30,52,34
36,45,36
37,35,36
36,26,39
22,22,37
-4,12,38
-36,5,37
-69,2,35
-102,-8,32
-136,-14,26
-169,-26,17
-195,-34,3
-216,-36,-10
-235,-38,-17
-246,-42,-22
-238,-53,-30
-212,-58,-38
-166,-62,-38
-105,-55,-35
-31,-40,-32
57,-19,-28
148,14,-22
236,50,-8
320,86,1
388,128,8
434,161,16
456,186,23
462,207,32
452,217,37
430,227,42
393,234,42
347,240,41
293,242,37
236,239,31
171,238,19
99,236,5
32,231,-17
-28,218,-40
-76,199,-52
-115,176,-65
-150,144,-80
-174,109,-93
-181,67,-113
-170,30,-126
-150,-2,-130
-122,-26,-136
-87,-47,-143
-56,-60,-149
-13,-67,-152
27,-68,-153
59,-66,-150
87,-56,-146
99,-43,-141
94,-24,-137
81,-5,-134
54,12,-127
16,25,-117
-17,35,-107
-53,46,-97
-83,52,-85
-113,53,-74
-129,53,-66
-132,46,-64
-120,38,-65
-100,30,-64
-71,13,-62
-32,-7,-58
16,-27,-53
65,-45,-46
111,-67,-33
155,-87,-15
203,-103,8
254,-118,26
294,-134,40
328,-141,53
356,-141,60
373,-144,65
371,-147,70
362,-154,77
339,-164,78
305,-174,80
269,-185,83
238,-201,85
208,-211,84
184,-221,81
168,-228,76
156,-227,73
144,-223,75
135,-217,75
130,-210,76
124,-199,72
113,-188,67
109,-184,62
103,-179,57
90,-173,54
79,-162,51
77,-151,51
81,-143,55
96,-129,63
116,-117,79
129,-110,95
143,-101,116
143,-86,138
134,-72,168
119,-55,195
103,-25,224
86,11,250
66,51,273
41,91,291
21,127,306
2,156,319
-16,182,329
-32,195,337
-43,215,336
-51,227,326
-56,236,310
-55,241,291
-52,240,264
-45,225,241
-38,206,220
-23,175,201
-9,142,186
5,110,168
24,78,151
42,49,135
64,30,122
81,30,111
89,32,99
97,38,88
102,45,81
103,54,69
98,69,62
86,89,52
78,110,46
83,139,35
89,168,29
96,197,20
104,223,13
111,250,5
121,272,-1
128,285,-7
132,295,-14
132,299,-25
136,295,-35
128,285,-44
113,272,-52
96,255,-56
70,234,-63
43,207,-71
8,184,-75
-19,159,-85
-51,136,-90
-76,116,-93
-93,103,-96
-102,88,-99
-109,77,-105
-111,73,-108
-109,71,-110
-96,70,-106
-78,70,-101
-60,74,-95
-38,74,-85
-19,71,-68
-6,69,-56
9,65,-49
20,55,-38
26,38,-29
20,16,-17
13,-4,0
5,-25,7
-10,-42,13
-25,-57,11
-44,-75,0
-63,-93,-15
-80,-110,-32
-98,-134,-47
-112,-157,-57
-134,-177,-77
-157,-198,-93
-163,-208,-105
-163,-210,-116
-159,-208,-127
-153,-196,-137
-131,-181,-148
-100,-170,-157
-65,-155,-156
-23,-147,-146
21,-141,-131
61,-133,-111
94,-126,-82
108,-114,-58
109,-99,-39
96,-88,-13
76,-76,8
52,-68,28
29,-65,47
6,-64,61
-18,-71,78
-38,-81,98
-51,-92,117
-72,-106,138
-96,-129,163
-123,-147,185
-148,-169,205
-180,-195,219
-219,-219,233
-254,-232,245
-282,-248,254
-310,-264,260
-336,-288,272
-362,-314,285
-394,-344,303
-417,-385,325
-445,-424,352
-480,-453,381
-525,-476,401
-578,-487,415
-637,-487,425
-717,-483,435
-811,-479,442
-914,-477,452
-1022,-478,467
-1133,-486,483
-1243,-496,508
-1345,-512,538
-1437,-530,570
-1532,-550,608
-1622,-567,649
-1713,-584,689
-1790,-594,728
-1844,-595,768
-1902,-590,810
-1965,-593,859
-2008,-595,904
-2036,-595,953
-2055,-595,1006
-2059,-594,1055
-2054,-592,1106
-2062,-586,1160
-2076,-589,1208
-2097,-597,1259
-2141,-613,1309
-2216,-639,1363
-2317,-668,1412
-2439,-703,1456
-2586,-740,1497
-2748,-788,1536
-2920,-845,1568
-3095,-911,1593
-3269,-975,1614
-3421,-1038,1629
-3563,-1099,1643
-3709,-1147,1657
-3821,-1183,1674
-3894,-1216,1683
-3973,-1243,1691
-4074,-1267,1705
-4176,-1292,1718
-4266,-1308,1733
-4339,-1317,1753
-4419,-1318,1772
-4486,-1313,1781
-4529,-1304,1787
-4555,-1283,1787
-4551,-1253,1779
-4510,-1210,1766
-4453,-1151,1753
-4374,-1078,1736
-4276,-993,1720
-4175,-896,1706
-4073,-791,1695
-3978,-676,1682
-3866,-553,1658
-3721,-425,1623
-3527,-286,1583
-3312,-144,1537
-3087,-4,1491
-2853,152,1444
-2582,316,1404
-2276,480,1368
-1973,645,1336
-1669,802,1309
-1356,950,1284
-1029,1091,1262
-693,1219,1241
-368,1333,1219
-75,1437,1202
194,1529,1183
432,1615,1169
632,1692,1155
778,1759,1150
873,1819,1151
934,1862,1151
959,1890,1157
945,1913,1164
896,1927,1169
838,1939,1167
748,1951,1176
612,1958,1189
444,1951,1201
270,1938,1212
106,1921,1209
-52,1904,1201
-194,1886,1193
-324,1876,1185
-451,1881,1180
-555,1893,1174
-632,1919,1167
-694,1948,1163
-733,1983,1159
-770,2026,1147
-797,2069,1137
-823,2122,1127
-848,2180,1121
-861,2244,1119
-863,2306,1119
-854,2369,1118
-838,2430,1119
-822,2486,1121
-806,2538,1123
-791,2595,1126
-763,2645,1130
-719,2685,1128
-677,2714,1118
-652,2735,1109
-643,2745,1101
-637,2752,1092
-632,2740,1080
-622,2710,1063
-599,2681,1044
-556,2660,1024
-494,2638,999
-423,2609,973
-350,2593,944
-284,2586,927
-229,2586,918
-183,2592,917
-150,2601,914
-126,2613,910
-114,2636,911
-114,2657,916
-127,2671,915
-152,2680,915
-180,2684,910
-180,2681,911
-163,2674,928
-168,2634,948
-177,2545,967
-163,2415,973
-120,2259,966
-69,2115,949
-16,2022,926
52,1993,897
134,2014,857
226,2060,820
313,2104,787
404,2129,761
499,2145,748
567,2166,748
625,2186,763
682,2204,782
723,2213,805
758,2213,818
796,2196,823
822,2177,823
803,2164,819
749,2150,823
709,2115,820
686,2065,818
667,2019,816
643,1975,813
615,1934,813
593,1895,820
571,1856,829
544,1813,841
507,1759,855
466,1700,865
417,1638,870
373,1578,870
324,1519,865
277,1459,851
232,1399,826
198,1324,791
174,1250,752
158,1177,704
158,1105,658
168,1037,613
186,983,560
214,933,502
243,887,438
279,846,375
332,804,313
387,759,249
441,706,180
499,649,121
543,598,60
588,546,4
636,492,-48
687,437,-96
734,376,-149
770,315,-204
812,255,-256
853,199,-300
883,150,-341
913,112,-369
938,82,-391
961,60,-404
983,43,-409
1006,31,-416
1033,19,-417
1062,7,-416
1089,-1,-411
1112,-8,-407
1125,-22,-395
1128,-34,-376
1122,-44,-356
1111,-56,-336
1091,-72,-316
1064,-84,-295
1032,-94,-278
996,-105,-261
971,-109,-247
940,-115,-228
908,-122,-213
877,-128,-199
850,-134,-183
820,-147,-172
795,-163,-167
768,-179,-158
739,-198,-151
712,-218,-145
685,-231,-135
659,-240,-120
631,-244,-105
601,-247,-88
570,-237,-67
543,-223,-44
513,-215,-11
484,-201,36
447,-185,74
418,-178,105
391,-183,122
364,-200,130
344,-225,141
336,-257,144
334,-290,147
343,-316,146
360,-335,140
388,-344,135
422,-349,124
453,-353,108
484,-351,89
522,-344,76
553,-343,62
574,-336,54
595,-326,49
608,-315,47
616,-307,41
620,-302,39
613,-293,35
604,-288,34
585,-287,41
560,-290,52
524,-303,64
481,-318,83
430,-333,109
383,-353,139
351,-375,167
323,-391,184
308,-406,191
297,-414,183
281,-404,172
271,-392,162
273,-376,152
286,-360,144
294,-343,138
307,-318,138
321,-296,136
318,-279,130
308,-262,126
300,-246,122
300,-232,120
301,-217,117
303,-199,114
304,-182,109
307,-164,102
312,-143,93
315,-129,81
315,-115,68
319,-109,51
328,-99,31
341,-89,15
355,-85,-8
372,-83,-30
385,-79,-49
398,-79,-65
406,-81,-88
411,-85,-105
409,-92,-112
396,-100,-111
375,-108,-107
351,-122,-97
319,-130,-87
275,-137,-80
231,-146,-82
197,-147,-87
162,-145,-97
126,-141,-104
86,-136,-110
50,-132,-121
10,-125,-129
-29,-111,-135
-59,-101,-144
-81,-91,-155
-98,-82,-169
-104,-76,-183
-94,-70,-197
-73,-65,-211
-44,-62,-227
-1,-61,-243
50,-59,-259
101,-58,-280
160,-53,-300
239,-43,-323
342,-40,-350
438,-37,-374
512,-34,-394
581,-34,-412
662,-32,-422
734,-27,-429
796,-28,-428
840,-23,-428
869,-19,-423
888,-11,-413
889,-11,-398
869,-12,-380
834,-12,-357
781,-20,-330
715,-28,-303
636,-38,-272
545,-46,-243
449,-51,-210
351,-56,-176
256,-65,-142
168,-68,-111
91,-69,-77
23,-72,-53
-36,-70,-28
-80,-64,2
-116,-55,26
-144,-49,48
-163,-41,70
-176,-26,88
-186,-8,101
-196,5,114
-197,23,135
-199,45,153
-199,77,173
-203,101,195
-205,130,215
-204,166,229
-214,202,246
-230,240,268
-251,279,294
-278,316,319
-319,356,344
-359,393,375
-401,427,409
-443,457,440
-485,478,473
-532,498,501
-578,516,529
-622,535,560
-665,557,585
-702,588,609
-726,618,631
-748,651,651
-760,678,670
-763,706,686
-763,731,703
-763,754,717
-751,766,728
-736,773,740
-714,768,747
-688,749,749
-663,721,741
-639,692,728
-616,652,710
-597,608,687
-575,561,662
-545,511,636
-514,458,605
-474,406,569
-431,355,532
-382,304,497
-326,259,464
-266,216,425
-202,179,386
-148,141,343
-94,105,293
-42,76,240
8,47,183
61,21,121
116,3,62
166,-18,7
199,-33,-42
225,-43,-84
245,-59,-138
263,-77,-186
291,-97,-229
313,-119,-272
329,-144,-308
349,-173,-344
362,-201,-381
376,-228,-409
385,-254,-437
386,-281,-465
394,-309,-488
401,-335,-507
399,-355,-524
397,-370,-534
385,-387,-543
370,-401,-550
342,-417,-552
319,-428,-549
296,-434,-542
259,-436,-525
222,-437,-511
186,-435,-499
143,-431,-482
104,-425,-469
71,-413,-449
39,-401,-432
11,-396,-412
-23,-389,-386
-51,-382,-355
-69,-370,-316
-81,-351,-280
-86,-337,-246
-94,-319,-214
-94,-303,-188
-84,-286,-165
-76,-265,-147
-60,-239,-126
-27,-204,-114
22,-168,-102
73,-130,-97
123,-105,-99
180,-86,-104
232,-70,-118
284,-60,-135
342,-59,-156
396,-62,-187
447,-71,-227
496,-84,-273
539,-104,-325
582,-134,-379
618,-166,-437
652,-210,-499
679,-258,-570
704,-306,-647
722,-361,-725
738,-419,-804
764,-470,-873
779,-517,-940
793,-566,-1004
815,-612,-1069
839,-642,-1132
868,-670,-1190
907,-688,-1247
948,-698,-1303
1003,-705,-1353
1070,-699,-1406
1148,-685,-1449
1258,-665,-1498
1353,-641,-1551
1412,-611,-1608
1479,-579,-1669
1578,-544,-1732
1687,-507,-1789
1787,-474,-1844
1866,-438,-1895
1931,-407,-1946
2004,-380,-1996
2077,-355,-2046
2129,-342,-2090
2156,-335,-2132
2155,-335,-2178
2127,-340,-2218
2106,-359,-2251
2082,-375,-2270
2042,-390,-2293
1995,-407,-2320
1946,-419,-2343
1890,-433,-2359
1828,-446,-2375
1764,-459,-2394
1692,-473,-2408
1612,-483,-2421
1539,-493,-2429
1463,-496,-2435
1397,-492,-2438
1344,-477,-2441
1299,-458,-2446
1256,-442,-2457
1218,-420,-2469
1175,-390,-2481
1139,-368,-2498
1097,-350,-2514
1048,-335,-2530
1010,-319,-2548
985,-301,-2565
965,-288,-2582
947,-272,-2605
938,-264,-2629
948,-254,-2657
979,-239,-2688
1030,-213,-2721
1098,-187,-2754
1167,-166,-2789
1246,-147,-2817
1325,-118,-2832
1403,-83,-2832
1462,-44,-2815
1486,5,-2787
1497,55,-2749
1517,106,-2714
1533,155,-2675
1542,201,-2634
1516,244,-2600
1476,300,-2570
1460,360,-2538
1446,423,-2500
1423,488,-2452
1391,550,-2394
1345,610,-2327
1285,665,-2250
1210,706,-2166
1121,730,-2087
1021,749,-2014
916,753,-1942
809,749,-1873
714,737,-1810
627,720,-1749
552,702,-1698
486,673,-1644
421,643,-1593
361,608,-1542
292,567,-1491
229,526,-1439
178,484,-1388
125,448,-1345
70,413,-1302
14,379,-1254
-43,348,-1200
-86,321,-1141
-120,304,-1077
-150,298,-1011
-165,303,-952
-164,316,-890
-166,352,-826
-161,403,-758
-150,465,-694
-147,543,-623
-127,625,-553
-98,697,-490
-60,758,-432
-26,803,-388
2,832,-349
26,840,-319
51,846,-296
71,834,-284
89,812,-284
101,778,-292
110,733,-310
111,677,-333
98,613,-361
77,541,-393
50,467,-424
13,395,-452
-22,326,-477
-52,261,-492
-71,206,-502
-95,149,-508
-121,100,-505
-131,60,-502
-131,29,-499
-138,10,-493
-138,-4,-485
-132,-9,-477
-122,-2,-472
-104,15,-463
-80,38,-451
-52,74,-439
-30,106,-430
-7,146,-421
18,193,-413
30,247,-398
23,299,-384
-5,344,-365
-42,385,-352
-79,419,-343
-121,446,-338
-170,464,-344
-214,468,-351
-246,461,-360
-258,449,-365
-257,436,-370
-248,421,-370
-235,408,-371
-214,398,-373
-185,388,-372
-155,374,-370
-125,357,-374
-88,348,-376
-47,334,-377
-2,326,-375
51,320,-376
94,314,-376
132,316,-372
168,322,-366
212,327,-360
243,340,-354
248,360,-350
228,383,-349
187,402,-354
141,420,-359
89,436,-373
30,444,-391
-29,450,-414
-79,450,-435
-120,448,-452
-163,439,-466
-201,426,-475
-224,417,-481
-235,410,-484
-242,405,-482
-244,406,-480
-243,409,-477
-235,412,-474
-228,417,-470
-226,421,-468
-219,431,-465
-213,444,-461
-214,455,-458
-215,464,-458
-217,473,-456
-226,483,-453
-240,491,-455
-262,495,-462
-287,496,-465
-320,492,-459
-358,480,-454
-400,453,-449
-441,421,-446
-471,378,-446
-494,334,-453
-504,289,-457
-499,239,-461
-487,189,-455
-460,149,-438
-421,118,-411
-368,97,-380
-309,82,-352
-246,76,-323
-178,79,-296
-119,87,-271
-71,105,-247
-38,112,-222
-15,119,-192
-8,125,-162
-6,128,-130
-14,128,-102
-20,126,-74
-3,130,-53
-1,123,-35
-18,103,-22
-20,83,-27
12,64,-39
49,53,-50
80,37,-54
104,16,-60
122,-9,-66
141,-32,-69
151,-51,-69
152,-72,-72
148,-95,-87
140,-118,-99
139,-144,-108
136,-159,-109
125,-168,-110
126,-168,-102
139,-168,-93
144,-153,-86
141,-136,-71
135,-116,-57
131,-91,-48
117,-70,-27
109,-46,-6
93,-23,15
71,2,42
57,28,73
47,51,97
28,66,121
7,80,152
-9,92,184
-27,97,214
-44,99,243
-60,97,268
-72,94,284
-81,92,297
-93,87,303
-96,83,303
-91,80,297
-83,75,287
-74,63,271
-67,52,252
-57,40,236
-52,24,225
-43,10,212
-35,-3,199
-24,-14,190
-6,-18,182
9,-13,173
22,-10,163
39,1,158
58,15,158
70,27,156
76,40,158
87,53,163
88,68,166
87,84,172
95,95,178
105,101,182
106,106,182
99,107,185
96,115,192
99,128,196
98,137,197
91,139,200
81,141,200
73,145,202
71,145,203
67,144,199
60,140,193
54,130,183
54,115,170
56,101,156
60,87,139
62,77,123
56,62,104
44,50,85
33,30,73
22,10,58
6,-4,41
-11,-19,26
-27,-33,6
-43,-42,-13
-55,-44,-30
-65,-50,-44
-71,-51,-52
-71,-49,-60
-64,-48,-71
-47,-47,-78
-29,-47,-88
-9,-46,-93
15,-42,-93
44,-37,-94
74,-32,-89
101,-26,-90
127,-19,-84
156,-9,-74
185,4,-66
214,15,-58
236,32,-53
249,45,-52
251,60,-51
247,67,-51
240,69,-52
221,69,-55
196,57,-64
175,40,-84
161,14,-98
137,-22,-118
126,-58,-140
128,-94,-162
144,-133,-183
160,-173,-203
183,-212,-227
216,-245,-245
251,-268,-265
286,-278,-283
322,-280,-299
352,-269,-311
381,-258,-326
408,-239,-332
433,-212,-332
452,-185,-329
463,-150,-322
472,-112,-309
473,-79,-294
474,-50,-273
478,-17,-252
490,18,-229
505,46,-204
517,71,-181
538,97,-163
567,120,-143
603,143,-126
639,157,-114
675,164,-104
707,162,-93
736,158,-72
759,150,-60
767,139,-55
759,127,-52
747,119,-52
730,110,-52
713,106,-47
700,102,-32
670,98,-19
626,93,-18
573,86,-26
534,80,-35
505,74,-42
480,71,-50
449,66,-52
409,54,-53
364,38,-55
314,25,-53
261,9,-52
208,-6,-51
161,-17,-48
106,-27,-47
63,-34,-48
20,-39,-52
-19,-38,-54
-52,-33,-66
-80,-27,-82
-102,-17,-87
-120,-2,-92
-126,12,-98
-132,29,-96
-139,40,-95
-139,50,-93
-130,57,-91
-116,59,-82
-99,61,-71
-81,60,-59
-63,56,-53
-39,50,-45
-21,38,-33
-6,25,-24
5,7,-17
12,-13,-4
6,-30,5
-2,-51,14
-12,-67,25
-31,-83,33
-57,-102,35
-81,-115,35
-114,-125,30
-154,-130,17
-199,-135,2
-243,-138,-13
-286,-141,-31
-326,-142,-45
-361,-143,-52
-389,-150,-59
-407,-154,-69
-415,-157,-76
-417,-156,-83
-408,-157,-93
-395,-158,-99
-378,-155,-105
-354,-155,-114
-330,-156,-121
-312,-163,-126
-292,-170,-126
-270,-173,-124
-254,-178,-124
-239,-183,-119
-223,-184,-112
-219,-183,-105
-217,-181,-100
-214,-175,-95
-214,-166,-88
-218,-159,-87
-221,-152,-88
-223,-142,-89
-229,-137,-93
-233,-132,-94
-240,-131,-100
-244,-130,-108
-251,-133,-114
-258,-138,-121
-267,-141,-127
-275,-155,-138
-282,-167,-143
-293,-179,-144
-299,-194,-146
-298,-209,-145
-295,-224,-141
-291,-234,-134
-289,-246,-127
-288,-256,-117
-288,-259,-107
-288,-259,-97
-289,-264,-85
-293,-268,-78
-292,-268,-69
-287,-274,-58
-278,-277,-53
-255,-273,-49
-228,-265,-37
-196,-255,-19
-155,-243,-4
-100,-223,13
-46,-197,30
19,-163,36
81,-127,40
146,-86,42
203,-49,34
243,-12,17
266,21,2
268,49,-15
259,66,-27
239,66,-35
206,59,-43
167,48,-52
118,32,-58
60,12,-71
0,-3,-89
-55,-21,-108
-101,-38,-128
-146,-57,-147
-185,-74,-159
-213,-90,-168
-238,-108,-170
-254,-123,-164
-266,-131,-153
-266,-139,-142
-259,-139,-133
-245,-139,-124
-223,-142,-112
-195,-146,-98
-162,-152,-75
-126,-162,-51
-88,-182,-18
-58,-199,20
-25,-212,63
12,-225,101
41,-233,137
63,-234,174
84,-231,205
98,-224,233
98,-212,255
86,-202,268
60,-193,273
17,-187,277
-29,-182,271
-71,-187,268
-115,-203,267
-161,-225,270
-205,-256,268
-249,-298,266
-287,-342,266
-323,-389,268
-343,-435,269
-356,-478,269
-363,-518,277
-370,-559,287
-384,-600,301
-401,-630,324
-427,-655,355
-457,-670,385
-496,-678,412
-539,-678,439
-591,-674,463
-645,-661,487
-694,-642,511
-734,-617,536
-775,-592,568
-808,-567,600
-829,-540,636
-836,-512,667
-832,-492,703
-825,-475,732
-822,-461,759
-816,-457,785
-819,-458,813
-835,-467,839
-855,-490,863
-886,-518,889
-928,-550,925
-982,-590,965
-1043,-637,1006
-1122,-686,1051
-1210,-737,1095
-1300,-787,1132
-1392,-838,1171
-1482,-876,1212
-1579,-915,1248
-1682,-947,1286
-1775,-967,1322
-1851,-980,1356
-1910,-982,1388
-1956,-967,1413
-1971,-944,1434
-1956,-906,1452
-1919,-854,1469
-1853,-791,1488
-1762,-719,1508
-1651,-642,1529
-1528,-560,1552
-1402,-469,1581
-1284,-385,1610
-1169,-305,1636
-1063,-241,1663
-962,-187,1687
-864,-138,1707
-773,-103,1724
-690,-80,1735
-624,-63,1745
-582,-46,1755
-557,-29,1756
-557,-15,1761
-566,-11,1763
-578,-6,1756
-603,-4,1752
-622,-3,1746
-634,-2,1739
-620,10,1726
-583,34,1718
-520,67,1716
-430,117,1719
-314,178,1723
-186,257,1730
-79,342,1743
3,431,1756
62,517,1771
97,601,1792
107,673,1815
97,735,1841
64,784,1864
8,822,1886
-57,847,1906
-111,851,1932
-168,851,1958
-228,846,1981
-283,844,2001
-312,842,2026
-327,843,2053
-336,850,2077
-327,852,2102
-318,837,2121
-308,818,2140
-325,790,2160
-342,757,2174
-335,724,2194
-299,694,2217
-255,657,2238
-221,625,2256
-197,586,2275
-174,554,2292
-157,525,2311
-143,500,2325
-139,468,2333
-144,422,2335
-149,353,2325
-169,276,2314
-178,193,2303
-181,115,2292
-185,48,2287
-189,-2,2284
-192,-37,2277
-183,-54,2268
-162,-56,2258
-122,-46,2244
-70,-28,2227
20,-1,2209
147,37,2200
207,75,2219
242,118,2237
307,148,2234
397,167,2227
509,181,2212
630,197,2196
743,225,2181
854,263,2170
970,300,2157
1087,336,2144
1192,359,2129
1281,371,2103
1359,378,2076
1427,383,2045
1492,386,2015
1570,388,1990
1654,389,1970
1722,388,1947
1786,389,1930
1854,394,1912
1929,395,1899
1993,394,1878
2047,391,1857
2110,381,1833
2179,374,1808
2232,373,1779
2272,388,1757
2319,417,1743
2370,447,1729
2408,479,1721
2435,510,1719
2456,540,1718
2463,572,1717
2456,606,1711
2452,632,1709
2429,659,1708
2388,678,1712
2328,691,1715
2260,696,1716
2185,691,1715
2099,678,1721
2008,659,1723
1913,631,1723
1814,607,1721
1723,583,1718
1631,564,1717
1535,545,1714
1445,520,1712
1351,496,1710
1261,470,1703
1181,445,1692
1111,422,1674
1040,401,1648
988,378,1624
945,348,1600
906,319,1566
879,288,1531
853,255,1494
836,218,1453
831,186,1409
829,154,1371
825,123,1332
820,90,1289
819,57,1245
814,22,1205
806,-10,1160
801,-34,1111
800,-51,1063
801,-65,1015
812,-77,964
826,-83,909
843,-91,856
868,-96,798
895,-98,740
927,-99,687
964,-99,633
1004,-94,574
1041,-84,518
1080,-77,463
1120,-70,412
1152,-62,368
1185,-51,324
1214,-40,288
1243,-30,254
1265,-17,222
1283,-7,197
1298,-5,170
1309,-3,146
1318,-2,124
1318,-1,104
1317,-2,83
1313,-1,75
1307,-5,71
1302,-17,67
1292,-35,64
1286,-53,61
1284,-71,59
1283,-92,54
1281,-113,48
1276,-132,44
1271,-146,39
1267,-160,38
1267,-177,45
1269,-192,55
1275,-206,65
1278,-219,72
1284,-234,80
1290,-243,89
1299,-251,95
1311,-259,99
1324,-266,97
1333,-266,95
1340,-260,94
1351,-252,95
1364,-240,99
1379,-229,105
1391,-220,110
1405,-211,112
1420,-208,113
1432,-203,111
1445,-199,103
1459,-194,92
1470,-187,81
1484,-179,69
1500,-170,58
1513,-161,50
1526,-156,45
1537,-161,37
1549,-159,32
1562,-164,28
1565,-171,24
1566,-175,21
1564,-182,19
1562,-183,17
1568,-171,20
1566,-156,24
1563,-136,33
1557,-124,44
1545,-110,53
1533,-106,68
1518,-101,83
1501,-96,94
1486,-87,106
1470,-77,116
1459,-67,123
1444,-60,132
1433,-56,138
1421,-47,148
1413,-40,157
1406,-35,166
1393,-29,177
1379,-23,193
1366,-17,207
1348,-13,222
1329,-9,240
1309,-9,256
1291,-15,270
1279,-18,280
1268,-25,290
1262,-33,297
1266,-30,301
1275,-29,307
1284,-24,315
1284,-24,326
1288,-26,336
1292,-28,353
1297,-23,369
1306,-18,382
1313,-17,397
1322,-12,405
1335,-2,411
1348,9,413
1363,23,419
1376,32,428
1385,42,439
1391,51,451
1399,59,462
1408,64,468
1416,71,470
1423,70,471
1435,72,469
1446,73,468
1454,77,463
1468,83,462
1476,92,461
1478,105,461
1479,118,463
1477,130,462
1473,144,464
1459,154,466
1443,162,464
1430,171,462
1416,177,457
1397,185,453
1375,187,446
1352,190,441
1331,192,431
1306,190,420
1276,193,409
1248,190,393
1226,188,379
1204,187,366
1186,184,353
1173,189,341
1163,196,335
1155,204,326
1149,216,321
1146,236,313
1151,260,303
1162,287,291
1177,313,279
1188,346,270
1202,383,257
1218,413,240
1231,434,230
1248,451,217
1265,456,196
1278,451,184
1291,441,170
1304,426,153
1311,413,139
1313,386,126
1308,354,112
1284,322,107
1255,292,99
1219,251,96
1181,213,94
1138,178,95
1092,147,90
1057,126,85
1025,107,84
994,91,91
972,79,96
954,67,97
943,62,101
936,57,103
933,60,108
936,59,109
940,63,109
944,74,102
956,88,100
971,105,100
986,117,97
992,125,90
992,127,84
993,125,74
982,120,64
968,108,51
959,95,38
939,80,27
913,69,14
889,62,-3
866,51,-15
847,39,-30
832,27,-45
823,20,-53
816,15,-63
815,9,-79
823,13,-101
835,12,-119
842,19,-142
862,28,-161
884,33,-181
905,40,-198
925,49,-214
945,56,-231
965,54,-244
976,51,-254
984,47,-257
989,41,-259
994,38,-256
995,38,-252
992,30,-247
984,20,-241
977,6,-232
962,-15,-223
946,-34,-211
931,-46,-198
916,-63,-186
904,-76,-173
899,-84,-156
892,-90,-146
890,-102,-127
895,-114,-108
904,-122,-89
914,-130,-73
931,-136,-58
960,-139,-52
990,-132,-40
1017,-123,-21
1055,-111,-3
1092,-98,16
1134,-91,32
1177,-75,46
1220,-60,55
1262,-43,66
1308,-29,82
1346,-14,95
1376,-2,105
1405,9,116
1433,22,123
1461,37,129
1481,49,136
1499,58,144
1512,66,149
1522,71,160
1528,75,169
1534,78,178
1537,79,185
1534,83,192
1529,95,201
1527,103,210
1518,107,220
1508,111,228
1501,114,236
1495,115,237
1492,128,235
1495,142,225
1496,157,217
1496,182,212
1488,195,211
1477,202,213
1461,210,218
1443,221,223
1424,230,220
1394,234,217
1358,233,215
1315,228,217
1267,223,217
1219,217,220
1165,206,220
1113,192,220
1056,178,225
1002,162,221
948,147,223
898,135,228
855,120,232
823,103,233
791,88,229
767,69,228
745,52,224
727,39,221
710,22,216
699,12,209
687,3,202
676,-1,196
672,-8,189
668,-13,179
664,-15,169
662,-10,164
668,-9,160
668,-11,150
673,-11,143
684,-11,135
688,-11,128
698,-8,121
713,-5,109
727,-9,100
740,-9,87
752,-9,79
763,-15,71
774,-27,65
789,-39,55
799,-54,46
806,-70,38
816,-85,28
833,-98,20
851,-111,14
875,-122,7
901,-127,6
931,-135,2
963,-141,1
995,-145,0
1032,-143,2
1068,-138,0
1098,-136,1
1124,-129,8
1148,-120,18
1165,-112,27
1177,-101,36
1181,-90,38
1172,-77,33
1152,-65,36
1126,-56,41
1090,-58,44
1043,-64,48
986,-72,50
929,-82,56
875,-88,57
818,-96,58
764,-107,58
714,-126,63
668,-143,65
627,-160,69
590,-175,74
547,-193,82
501,-204,88
458,-214,97
420,-227,110
379,-234,124
345,-238,143
318,-244,162
299,-244,177
285,-238,191
284,-227,202
292,-215,212
308,-200,217
325,-183,225
344,-163,233
361,-145,237
370,-126,242
384,-108,250
395,-100,257
406,-93,266
418,-91,271
430,-91,278
447,-91,283
463,-95,285
472,-101,284
484,-115,289
496,-130,295
505,-139,299
511,-147,306
518,-161,308
524,-173,310
526,-184,313
533,-191,319
538,-198,321
554,-202,323
581,-202,324
608,-196,322
643,-189,317
681,-176,310
725,-158,298
771,-137,286
817,-118,274
868,-103,254
915,-86,234
965,-71,215
1009,-60,198
1052,-49,179
1092,-38,160
1126,-25,140
1151,-21,119
1166,-23,101
1171,-26,87
1167,-26,72
1151,-35,64
1125,-49,54
1094,-61,51
1067,-74,46
1031,-80,41
991,-86,37
956,-92,38
914,-98,40
876,-101,42
844,-104,45
814,-102,54
782,-102,61
749,-102,69
722,-100,74
699,-96,79
678,-92,86
662,-86,93
650,-83,100
642,-78,101
631,-72,105
625,-71,117
621,-72,129
616,-70,141
624,-66,151
632,-59,161
647,-55,166
670,-52,167
697,-49,171
723,-53,175
755,-53,176
796,-53,178
839,-49,176
884,-43,172
932,-38,166
984,-31,159
1030,-19,152
1071,-7,155
1111,0,158
1139,14,166
1154,25,171
1168,35,177
1179,43,183
1186,53,189
1187,63,196
1187,76,205
1184,89,217
1176,101,224
1162,109,231
1144,113,238
1120,122,244
1092,128,246
1067,133,246
1038,133,247
1000,127,253
955,120,259
909,119,269
864,116,277
817,117,281
774,116,290
726,114,296
676,116,303
631,116,311
585,121,320
537,127,330
500,133,338
462,140,342
430,151,348
403,161,352
373,175,357
345,189,354
320,209,352
296,227,348
269,239,342
239,250,341
207,257,338
167,266,338
127,272,338
89,273,338
47,272,337
5,273,334
-37,273,332
-72,269,327
-106,261,319
-138,252,310
-175,241,299
-213,229,287
-253,216,276
-290,191,267
-326,165,254
-365,136,242
-402,117,233
-453,94,221
-507,64,209
-552,38,199
-597,14,188
-646,-6,176
-691,-24,164
-718,-36,153
-746,-50,140
-774,-58,131
-794,-68,117
-810,-71,108
-819,-71,100
-821,-68,87
-819,-69,79
-809,-65,74
-793,-61,66
-771,-56,56
-748,-52,46
-716,-46,40
-684,-40,33
-649,-40,31
-606,-37,28
-558,-35,31
-507,-32,25
-457,-30,25
-405,-27,22
-348,-24,20
-289,-18,21
-233,-16,18
-177,-6,15
-126,1,11
-77,10,6
-26,22,2
25,30,-3
76,41,-9
120,50,-16
161,64,-23
201,71,-30
236,80,-38
263,87,-47
285,97,-52
300,105,-52
311,112,-53
319,114,-55
316,115,-56
313,114,-55
304,107,-56
291,104,-56
274,94,-58
254,90,-61
234,82,-68
212,77,-74
178,66,-80
141,55,-87
111,46,-87
74,39,-90
36,30,-97
1,24,-105
-35,16,-110
-66,13,-118
-91,8,-124
-116,5,-127
-140,2,-134
-163,1,-145
-180,0,-152
-199,-3,-156
-221,-7,-161
-236,-8,-167
-250,-6,-169
-259,-3,-173
-267,-2,-180
-267,0,-184
-266,2,-192
-268,5,-200
-269,7,-205
-269,9,-207
-268,6,-210
-274,4,-215
-281,1,-224
-280,-3,-226
-283,0,-229
-287,-5,-233
-290,-3,-237
-289,-2,-244
-286,1,-252
-288,2,-258
-288,0,-263
-295,-2,-259
-306,-4,-255
-313,-5,-252
-326,-1,-250
-336,-4,-249
-342,-7,-249
-346,-8,-249
-354,-9,-248
-357,-11,-244
-356,-9,-244
-352,-9,-245
-354,-3,-245
-356,0,-243
-354,5,-238
-353,6,-233
-356,12,-226
-355,10,-224
-349,14,-222
-346,16,-221
-348,16,-221
-333,23,-216
-323,29,-213
-310,36,-211
-295,39,-206
-287,39,-199
-274,40,-194
-259,45,-191
-247,53,-185
-229,57,-181
-216,62,-178
-193,60,-173
-173,61,-170
-150,66,-170
-131,75,-168
-119,80,-165
-105,79,-158
-94,77,-147
-88,72,-140
-87,68,-132
-85,63,-127
-87,58,-122
-89,54,-118
-90,46,-114
-88,40,-110
-83,43,-111
-88,44,-112
-87,40,-111
-83,39,-112
-78,39,-109
-74,43,-106
-72,44,-105
-70,44,-106
-63,46,-107
-58,50,-108
-55,55,-109
-52,54,-110
-50,49,-107
-50,46,-106
-55,47,-102
-62,48,-92
-66,46,-85
-71,44,-81
-78,48,-75
-86,48,-66
-98,51,-63
-103,57,-59
-114,60,-54
-121,64,-54
-129,73,-53
-133,78,-51
-137,87,-47
-144,94,-43
-150,100,-38
-153,107,-31
-158,114,-23
-159,115,-20
-163,113,-17
-168,118,-17
-169,124,-11
-174,126,-6
-180,127,2
-189,129,9
-194,125,18
-202,125,24
-207,128,30
-211,133,34
-219,138,41
-229,141,50
-232,146,57
-237,147,66
-236,153,72
-234,157,83
-227,163,87
-221,163,91
-217,161,98
-210,164,102
-204,165,107
-195,165,110
-189,159,117
-182,157,120
-173,153,123
-160,156,126
-142,158,130
-129,158,131
-116,156,129
-101,156,130
-82,168,127
-54,179,124
-20,197,127
15,209,126
58,230,121
106,247,120
159,264,115
213,285,110
261,304,106
305,315,102
354,317,97
404,322,89
445,328,82
474,329,77
493,324,81
513,310,81
525,299,84
530,289,89
539,278,92
562,267,93
580,261,88
595,255,85
614,248,81
624,240,78
626,231,75
633,220,75
625,208,82
602,190,82
590,177,82
588,164,85
587,158,84
573,153,84
552,137,86
527,121,89
495,111,95
451,98,102
402,84,108
356,70,112
312,53,122
263,39,129
212,26,136
155,16,141
100,0,146
52,-10,148
0,-19,155
-55,-28,163
-97,-41,165
-136,-52,170
-175,-52,179
-206,-52,183
-233,-57,183
-261,-58,184
-286,-57,184
-312,-61,179
-337,-66,175
-350,-68,172
-355,-65,169
-350,-62,167
-340,-62,165
-331,-61,159
-310,-58,147
-277,-52,137
-248,-45,129
-215,-40,117
-181,-33,108
-146,-26,99
-113,-17,90
-82,-9,78
-51,-2,68
-18,8,57
10,13,45
33,19,41
59,22,33
85,20,22
108,19,15
134,25,8
169,31,1
206,37,-10
241,43,-25
285,54,-38
329,63,-49
373,68,-51
419,73,-53
471,78,-58
518,83,-66
567,90,-73
608,96,-81
647,100,-92
680,106,-100
711,108,-105
734,109,-107
757,109,-107
773,111,-110
782,109,-116
790,107,-116
794,105,-116
794,106,-117
789,103,-111
783,102,-108
777,99,-105
768,98,-98
759,97,-91
756,102,-86
746,106,-85
733,105,-79
719,103,-76
701,101,-71
690,99,-68
676,98,-63
653,98,-58
631,94,-56
607,95,-55
583,85,-53
557,80,-52
523,76,-51
489,70,-47
455,67,-38
422,62,-35
383,57,-30
348,55,-23
311,51,-15
273,48,-8
237,41,-2
199,37,4
164,35,12
126,28,16
87,27,23
47,25,30
15,22,36
-18,17,42
-45,18,45
-63,18,46
-78,19,47
-89,20,44
-100,24,43
-107,27,41
-111,35,42
-113,37,42
-114,40,39
-116,47,33
-120,55,32
-120,56,33
-122,57,27
-123,60,24
-124,63,22
-123,64,19
-123,60,13
-121,57,13
-119,53,10
-115,51,7
-105,48,5
-102,49,6
-95,52,1
-85,52,-8
-74,46,-16
-66,51,-17
-54,50,-20
-42,47,-21
-32,49,-23
-25,49,-25
-13,55,-34
-5,57,-36
5,59,-37
11,60,-39
15,63,-40
20,65,-40
25,68,-42
30,72,-38
29,73,-35
29,76,-36
34,78,-36
38,83,-36
38,85,-36
36,86,-32
37,87,-29
44,87,-28
48,88,-29
55,89,-30
61,89,-30
64,89,-30
67,92,-29
63,95,-31
60,91,-25
55,90,-17
48,89,-14
41,88,-11
36,89,-8
32,88,-5
26,89,0
21,89,5
22,84,10
24,84,16
25,83,23
27,80,23
27,78,21
31,71,22
35,70,26
32,64,28
32,49,32
33,34,37
29,24,38
23,16,40
25,6,43
20,-1,43
14,-11,45
5,-22,50
-6,-28,55
-17,-31,56
-26,-33,58
-31,-35,61
-29,-34,66
-34,-36,67
-37,-35,66
-32,-32,63
-27,-32,65
-23,-27,64
-25,-22,62
-24,-16,63
-20,-14,61
-21,-6,58
-26,-5,56
-25,1,58
-25,2,56
-23,-2,57
-21,-1,58
-25,-1,56
-32,-2,59
-34,-6,60
-36,-6,59
-38,-6,60
-40,-2,63
-39,3,66
-41,5,70
-38,5,67
-34,4,64
-30,7,64
-26,8,65
-24,6,71
-21,6,77
-16,6,77
-12,7,76
-11,4,79
-9,6,77
-5,6,78
-3,10,77
4,10,77
10,10,77
11,16,81
10,17,84
8,15,83
11,17,80
15,20,79
14,19,78
21,19,72
24,22,69
21,25,66
22,27,65
16,30,69
10,37,71
3,39,70
3,40,70
-3,45,66
-7,49,66
-11,48,69
-19,45,72
-26,51,78
-31,54,81
-35,52,86
-44,53,85
-51,53,85
-58,48,88
-56,46,88
-56,47,87
-59,44,87
-60,41,89
-63,40,90
-68,36,91
-69,37,96
-72,39,97
-74,34,95
-81,35,98
-83,34,100
-82,32,100
-85,26,100
-83,24,101
-83,23,101
-81,23,101
-80,24,100
-71,27,97
-62,30,91
-50,34,86
-37,36,83
-18,35,79
-4,41,75
13,44,74
30,50,72
46,54,69
65,60,66
82,66,60
101,68,54
110,70,50
120,71,46
125,71,41
134,64,36
141,65,30
141,60,26
143,54,21
138,49,17
134,43,20
128,41,21
124,36,19
117,31,18
114,30,16
108,23,15
102,18,12
98,18,5
93,21,0
88,22,1
80,20,10
69,18,12
56,17,15
46,16,16
32,15,19
17,7,20
8,5,23
-7,1,25
-22,-6,24
-28,-10,24
-34,-7,26
-44,-8,25
-52,-17,20
-66,-25,20
-73,-31,18
-83,-37,21
-91,-41,23
-99,-37,24
-104,-41,27
-107,-43,23
-106,-43,24
-106,-43,22
-101,-41,20
-95,-39,17
-88,-39,12
-79,-31,12
-71,-29,11
-58,-24,10
-45,-18,5
-37,-9,4
-29,-7,4
-18,-6,4
-9,-2,3
-5,2,2
-3,5,2
0,6,2
1,8,4
-2,9,6
1,10,7
-1,9,9
-4,5,10
-2,7,11
-6,7,15
-7,4,16
-7,4,15
-6,7,17
-5,6,17
-8,2,15
-9,0,16
-7,3,17
-6,7,16
-6,4,8
-3,3,7
0,2,9
-4,2,14
-2,0,16
-4,1,19
-5,1,19
-4,3,18
-6,3,18
-1,4,16
0,5,15
-1,9,14
0,13,11
1,16,9
-1,17,7
-2,16,12
-6,14,11
-9,16,7
-7,16,4
-6,15,2
-12,18,1
-14,18,1
-19,23,0
-22,22,-2
-26,20,1
-30,21,2
-35,21,3
-41,18,2
-42,18,8
-43,22,12
-46,22,18
-49,20,20
-51,20,19
-49,17,21
-49,19,23
-46,22,25
-37,23,22
-31,24,23
-30,24,29
-22,18,30
-20,22,35
-16,26,39
-10,21,37
-6,18,37
5,21,37
14,23,36
22,25,34
33,24,34
45,21,32
54,24,28
63,24,26
68,23,23
70,24,23
70,21,24
74,17,26
79,19,26
81,25,28
78,30,26
74,27,26
68,26,31
62,23,34
58,25,37
59,22,40
58,22,40
57,23,38
56,23,39
57,23,35
64,20,35
63,25,33
61,24,32
62,18,31
60,16,32
57,17,30
57,17,31
59,15,30
60,11,29
64,10,31
71,6,31
74,6,31
81,11,32
86,15,31
84,17,35
81,16,38
82,19,42
77,20,43
78,24,46
80,28,40
82,29,39
82,33,42
72,35,44
60,37,50
50,36,55
39,35,56
29,33,56
17,31,58
8,29,56
0,31,61
-12,32,64
-16,29,65
-17,24,64
-16,21,65
-18,19,70
-16,17,71
-13,23,66
-5,27,67
3,29,63
8,32,60
15,33,56
23,30,57
33,32,55
41,35,52
47,38,51
49,38,52
51,38,52
48,39,50
43,38,50
34,33,48
25,32,48
15,30,46
6,29,45
-1,26,45
-8,23,44
-16,25,44
-24,23,46
-29,25,44
-35,28,42
-41,28,41
-44,31,41
-48,33,40
-49,32,40
-52,30,37
-52,29,32
-55,27,28
-55,24,26
-57,22,24
-61,20,27
-65,18,33
-65,15,35
-64,15,37
-66,12,38
-64,12,38
-62,14,38
-59,14,40
-52,12,36
-44,13,35
-34,12,30
-29,11,28
-20,9,28
-14,5,32
-8,7,34
-3,12,37
-3,14,36
-3,16,36
4,14,37
2,14,36
1,19,39
-4,17,42
-8,17,47
-5,18,49
-6,17,52
-15,20,50
-22,21,48
-29,18,48
-36,14,54
-35,16,58
-41,18,55
-48,18,55
-51,15,55
-62,9,53
-76,7,56
-85,2,60
-99,-2,65
-115,-3,68
-128,-4,73
-133,-4,77
-136,-4,75
-138,-1,77
-137,2,79
-135,6,80
-129,5,78
-124,6,75
-116,11,75
-111,14,72
-101,14,71
-96,13,69
-88,17,68
-78,18,63
-68,17,58
-58,15,53
-55,14,52
-46,15,49
-38,15,49
-34,13,45
-30,7,43
-29,2,41
-21,-3,39
-11,-8,38
-4,-14,37
14,-17,37
31,-16,34
50,-18,27
67,-16,23
87,-15,24
105,-12,26
128,-5,29
148,-1,26
169,2,26
185,9,23
200,17,22
215,27,18
226,33,12
238,40,13
243,42,11
244,43,5
240,48,2
230,45,-3
218,34,-5
210,31,-8
196,23,-7
179,23,-6
156,17,-7
134,5,-9
110,-1,-10
87,-9,-6
64,-13,-4
45,-16,-2
25,-22,-2
6,-27,0
-15,-27,2
-32,-29,6
-44,-31,8
-53,-31,8
-60,-29,6
-68,-29,4
-70,-29,5
-79,-28,6
-86,-27,11
-92,-26,13
-97,-23,15
-100,-19,14
-102,-16,14
-103,-19,15
-107,-23,14
-104,-20,12
-95,-22,15
-90,-20,16
-81,-22,15
-71,-18,13
-59,-16,11
-43,-7,4
-24,-4,2
-11,-1,2
2,5,3
13,10,2
27,12,0
35,18,3
43,23,4
47,24,4
41,27,4
36,30,8
31,32,15
19,30,20
9,26,20
-4,27,27
-18,19,30
-29,14,30
-36,14,34
-42,17,35
-47,20,38
-50,19,40
-53,19,40
-50,21,42
-49,22,44
-49,24,42
-44,25,36
-34,26,36
-26,33,34
-17,37,30
-9,44,27
-3,46,25
2,45,25
6,48,25
12,47,21
18,51,18
19,53,14
24,53,11
29,52,8
35,57,11
43,58,13
58,61,13
80,62,9
99,57,0
121,54,-14
141,55,-26
157,46,-40
165,40,-49
162,36,-55
167,31,-67
161,13,-87
149,-7,-109
134,-31,-135
120,-51,-157
113,-70,-176
116,-85,-199
121,-97,-224
133,-111,-249
155,-124,-272
179,-127,-300
209,-133,-330
236,-137,-355
261,-135,-377
282,-137,-393
290,-139,-409
297,-145,-422
307,-153,-438
310,-157,-450
310,-160,-461
306,-161,-466
301,-161,-471
293,-167,-476
286,-168,-477
271,-164,-474
255,-168,-471
232,-173,-466
207,-175,-456
182,-175,-443
152,-178,-430
122,-185,-415
90,-191,-401
59,-194,-384
21,-199,-368
-17,-203,-352
-48,-207,-340
-76,-208,-321
-102,-213,-305
-129,-215,-289
-152,-217,-274
-167,-217,-263
-179,-216,-251
-191,-218,-237
-198,-217,-223
-196,-213,-212
-180,-206,-208
-158,-193,-203
-133,-183,-204
-102,-168,-215
-66,-157,-226
-27,-148,-247
22,-141,-273
72,-139,-306
126,-137,-337
193,-129,-377
270,-119,-423
356,-114,-476
443,-106,-541
542,-97,-616
648,-90,-698
750,-89,-786
847,-92,-877
941,-96,-970
1028,-100,-1065
1111,-105,-1160
1192,-109,-1250
1264,-106,-1340
1335,-97,-1425
1402,-79,-1511
1464,-55,-1596
1510,-29,-1677
1547,-4,-1748
1573,26,-1809
1586,49,-1865
1589,69,-1911
1572,94,-1944
1544,108,-1969
1520,119,-1993
1496,139,-2010
1473,155,-2029
1447,162,-2055
1422,172,-2072
1394,180,-2083
1354,189,-2091
1306,192,-2093
1255,192,-2084
1199,187,-2075
1146,176,-2061
1092,175,-2041
1006,167,-2016
917,141,-1994
850,119,-1973
791,102,-1952
737,90,-1930
684,80,-1907
641,74,-1875
611,67,-1844
579,57,-1815
548,41,-1783
518,12,-1754
482,-19,-1722
442,-42,-1691
407,-63,-1653
369,-81,-1608
334,-95,-1562
307,-106,-1520
287,-112,-1485
273,-110,-1449
270,-102,-1420
276,-87,-1390
282,-70,-1365
292,-52,-1339
307,-27,-1305
319,4,-1274
332,34,-1236
348,63,-1193
369,93,-1151
392,124,-1115
417,151,-1082
443,182,-1054
469,213,-1029
497,241,-1007
520,265,-987
538,284,-964
546,291,-939
558,294,-908
568,297,-877
568,301,-845
563,297,-816
562,299,-791
548,291,-768
530,286,-746
511,282,-725
494,272,-702
475,261,-680
456,252,-658
437,240,-634
416,234,-617
394,223,-600
371,217,-581
341,214,-564
311,210,-551
284,204,-533
263,197,-519
242,191,-507
227,180,-497
215,180,-485
202,178,-473
194,178,-455
191,174,-443
193,164,-431
203,156,-420
204,150,-415
206,149,-412
210,154,-406
216,155,-401
216,155,-394
213,155,-388
215,158,-382
208,162,-369
191,167,-356
165,165,-343
136,160,-328
100,157,-317
55,148,-305
4,141,-292
-45,127,-277
-91,112,-261
-137,101,-254
-185,88,-247
-239,75,-242
-283,63,-236
-317,53,-231
-344,46,-225
-362,36,-224
-370,30,-219
-366,24,-215
-355,21,-208
-348,21,-202
-333,20,-194
-310,23,-185
-288,26,-180
-266,36,-172
-244,45,-165
-226,50,-155
-211,60,-145
-201,64,-135
-193,70,-123
-186,74,-120
-183,83,-113
-181,85,-104
-185,88,-96
-195,91,-89
-208,94,-76
-218,91,-68
-231,89,-66
-241,91,-65
-247,94,-65
-250,89,-66
-249,87,-70
-240,87,-66
-229,90,-61
-217,93,-62
-203,96,-60
-194,96,-59
-183,91,-56
-180,91,-53
-180,88,-52
-184,84,-51
-187,80,-50
-194,74,-47
-197,69,-46
-192,67,-46
-190,61,-46
-192,57,-44
-190,58,-39
-193,58,-29
-198,60,-25
-207,57,-22
-216,50,-23
-219,48,-22
-222,47,-21
-217,47,-23
-207,51,-28
-192,56,-27
-179,66,-27
-164,71,-21
-145,74,-17
-130,80,-12
-124,84,-11
-124,85,-7
-129,86,-5
-133,86,-4
-138,82,-8
-146,75,-10
-154,69,-11
-157,64,-14
-155,59,-23
-148,57,-26
-136,59,-27
-121,58,-29
-109,62,-31
-97,70,-29
-88,74,-29
-79,76,-31
-79,81,-34
-82,82,-38
-85,85,-41
-91,82,-38
-94,80,-40
-100,78,-31
-112,76,-27
-126,72,-24
-143,69,-21
-160,69,-22
-181,62,-22
-198,53,-24
-213,49,-31
-220,40,-31
-229,35,-35
-238,32,-34
-238,29,-32
-236,25,-32
-231,20,-34
-228,21,-38
-219,22,-40
-209,27,-41
-199,28,-43
-183,30,-45
-162,36,-47
-137,42,-44
-116,52,-46
-88,62,-45
-63,76,-45
-36,88,-44
-3,99,-45
22,107,-47
41,115,-42
54,118,-36
66,117,-33
68,115,-29
67,108,-27
56,97,-27
41,89,-26
28,71,-23
13,57,-21
-2,45,-18
-17,29,-16
-24,20,-15
-33,17,-13
-42,13,-11
-43,16,-9
-42,19,-6
-41,22,-7
-39,23,-7
-36,23,-11
-23,27,-6
-6,33,-8
14,45,-12
36,53,-11
54,61,-8
76,67,-9
89,73,-9
102,74,-6
111,76,-7
112,70,-9
111,68,-8
106,63,-7
95,55,-7
76,51,-9
62,44,-11
46,37,-9
30,34,-10
13,28,-11
-6,19,-9
-19,16,-5
-39,16,-2
-54,15,-1
-67,11,-1
-78,9,-1
-87,5,-1
-95,1,-2
-99,2,1
-96,4,4
-93,7,5
-89,8,5
-82,12,5
-78,14,7
-72,18,8
-60,24,10
-46,29,8
-33,30,5
-19,31,4
-7,35,3
7,36,5
23,39,6
32,44,5
41,49,5
50,53,3
58,54,4
57,52,2
51,53,4
45,51,6
36,46,7
28,42,9
16,37,10
4,29,12
-6,26,14
-20,19,13
-35,13,13
-41,13,17
-38,14,18
-37,12,16
-34,9,15
-28,9,16
-21,11,12
-16,12,11
-11,16,14
-3,16,11
5,18,6
8,22,9
17,22,4
21,24,3
26,25,-1
24,23,-1
23,22,-4
22,21,-2
18,22,-6
18,17,-10
18,16,-8
17,16,-7
20,19,-6
18,21,0
15,20,-2
12,23,-1
13,25,0
3,24,1
1,27,5
2,31,8
-6,29,7
-11,29,9
-21,30,9
-28,28,9
-33,27,6
-34,24,4
-29,23,2
-25,21,-3
-12,19,-7
-3,23,-12
12,22,-16
32,24,-18
47,24,-19
65,23,-23
75,26,-25
95,28,-28
113,27,-33
123,28,-34
134,33,-37
144,37,-40
155,37,-42
164,38,-47
175,42,-47
194,44,-47
215,44,-47
228,38,-45
242,29,-43
263,25,-47
282,15,-50
296,4,-51
304,-9,-51
308,-25,-52
307,-37,-52
297,-47,-53
283,-58,-53
266,-62,-54
248,-64,-57
225,-67,-62
202,-71,-62
179,-68,-63
164,-66,-62
146,-60,-63
127,-54,-58
112,-46,-56
101,-39,-55
93,-39,-54
84,-36,-56
87,-32,-56
93,-34,-56
99,-35,-57
106,-36,-58
122,-32,-55
135,-35,-53
143,-40,-53
150,-43,-53
151,-48,-52
145,-53,-52
135,-52,-51
123,-52,-48
106,-52,-43
87,-54,-37
65,-53,-33
39,-55,-28
12,-55,-23
-15,-53,-21
-38,-56,-20
-53,-56,-18
-60,-55,-16
-66,-53,-17
-69,-49,-15
-66,-47,-14
-57,-47,-11
-53,-42,-8
-44,-38,-2
-31,-36,-2
-25,-38,1
-21,-33,2
-13,-34,7
-7,-31,11
-7,-26,8
-10,-22,12
-18,-21,12
-28,-21,11
-36,-25,7
-42,-27,8
-46,-28,6
-51,-32,8
-55,-33,6
-58,-38,9
-60,-40,10
-61,-40,13
-67,-41,9
-71,-42,7
-74,-43,5
-75,-43,3
-75,-42,2
-72,-39,0
-67,-38,-7
-61,-35,-9
-52,-27,-7
-38,-22,-9
-28,-20,-12
-17,-18,-12
-4,-17,-13
5,-21,-15
16,-23,-15
30,-23,-11
39,-24,-13
55,-24,-12
68,-21,-10
77,-21,-9
84,-21,-10
95,-18,-10
105,-17,-10
107,-17,-4
107,-17,-1
103,-18,0
89,-18,5
79,-19,4
75,-19,5
71,-20,5
58,-18,5
50,-17,4
49,-14,3
51,-15,1
49,-14,3
49,-12,5
56,-8,9
56,-6,14
62,-11,12
64,-11,12
68,-11,11
74,-10,12
79,-7,16
75,-4,20
72,-3,23
71,-3,26
68,-3,26
61,-4,27
55,-5,30
51,-3,31
43,-6,33
34,-8,38
33,-7,43
26,-3,48
16,-2,49
9,1,53
3,0,52
2,-1,55
2,-3,60
0,-4,65
-5,-3,73
-9,-4,83
-7,-1,93
-13,-2,97
-18,0,106
-21,-1,112
-22,-4,119
-35,-5,126
-41,-7,135
-57,-15,154
-82,-23,170
-115,-35,184
-153,-46,204
-200,-59,225
-253,-76,250
-316,-97,275
-384,-121,299
-461,-143,329
-541,-173,357
-627,-207,389
-723,-241,425
-825,-273,456
-930,-306,486
-1040,-334,516
-1150,-364,551
-1251,-388,581
-1333,-409,605
-1394,-424,629
-1436,-429,653
-1450,-428,670
-1449,-422,686
-1425,-405,703
-1383,-382,718
-1322,-359,736
-1242,-332,749
-1138,-299,765
-1020,-264,781
-909,-235,805
-797,-206,833
-689,-187,870
-582,-174,914
-486,-166,961
-401,-162,1003
-327,-166,1040
-255,-174,1075
-185,-181,1115
-144,-198,1156
-130,-225,1197
-136,-254,1243
-151,-282,1293
-186,-305,1347
-244,-329,1396
-326,-344,1442
-427,-358,1485
-540,-377,1526
-662,-404,1561
-794,-432,1589
-932,-464,1618
-1081,-488,1653
-1230,-507,1689
-1367,-521,1727
-1498,-531,1772
-1613,-530,1821
-1712,-518,1866
-1793,-505,1904
-1867,-490,1931
-1945,-463,1953
-2013,-434,1973
-2072,-402,1990
-2122,-369,2003
-2152,-340,2020
-2189,-310,2034
-2225,-283,2044
-2239,-252,2053
-2239,-227,2053
-2219,-204,2050
-2179,-182,2042
-2124,-153,2025
-2051,-122,2007
-1959,-81,1990
-1849,-40,1969
-1743,9,1943
-1628,71,1919
-1506,132,1896
-1374,194,1873
-1239,247,1850
-1123,293,1825
-1030,342,1802
-959,386,1785
-911,421,1775
-869,440,1770
-842,443,1765
-845,434,1744
-854,408,1711
-847,370,1670
-823,324,1621
-775,269,1573
-691,206,1524
-561,119,1478
-366,6,1437
-171,-96,1407
-44,-148,1384
43,-131,1359
126,-65,1337
215,16,1311
300,101,1289
357,164,1259
397,215,1230
465,249,1203
541,264,1167
624,265,1126
725,254,1079
814,237,1025
886,218,967
956,191,905
1020,160,848
1063,120,795
1103,72,735
1128,19,679
1138,-33,632
1140,-90,598
1134,-156,583
1121,-233,582
1113,-305,590
1102,-374,597
1068,-439,604
1038,-500,613
1010,-550,616
967,-581,612
922,-595,598
916,-595,585
932,-585,568
966,-564,554
1019,-541,544
1103,-508,532
1211,-463,515
1319,-408,486
1424,-356,452
1550,-302,413
1692,-248,365
1832,-176,311
1969,-112,252
2093,-72,208
2170,-47,174
2186,-36,139
2166,-42,113
2114,-58,88
2022,-83,72
1914,-129,72
1793,-194,86
1678,-263,114
1551,-333,142
1432,-391,168
1326,-438,178
1232,-457,181
1168,-458,175
1120,-449,180
1090,-439,185
1076,-428,194
1060,-420,200
1044,-413,200
1036,-404,192
1047,-391,177
1061,-365,157
1067,-333,139
1063,-299,124
1034,-272,107
968,-250,87
868,-237,63
745,-233,55
599,-239,56
442,-241,65
283,-245,81
134,-242,99
-17,-240,118
-154,-231,137
-288,-214,151
-412,-190,165
-523,-171,174
-632,-152,187
-727,-137,194
-811,-126,198
-885,-107,192
-949,-89,186
-1009,-74,177
-1060,-58,167
-1121,-43,159
-1177,-23,148
-1241,-4,141
-1314,20,132
-1392,39,131
-1473,59,124
-1559,73,122
-1648,84,116
-1740,87,108
-1831,94,95
-1914,109,84
-1990,131,78
-2062,156,72
-2125,176,72
-2185,196,76
-2245,215,75
-2289,233,73
-2310,255,71
-2330,273,72
-2349,283,68
-2361,288,67
-2364,291,63
-2350,293,56
-2325,301,44
-2295,322,32
-2259,343,23
-2218,366,16
-2182,392,6
-2141,415,-3
-2105,432,-11
-2073,444,-19
-2042,462,-23
-2005,482,-26
-1958,500,-25
-1911,524,-23
-1877,549,-21
-1848,581,-15
-1818,605,-2
-1794,628,14
-1781,642,28
-1764,638,41
-1726,622,48
-1691,597,52
-1672,571,53
-1660,537,53
-1635,504,54
-1605,474,60
-1584,446,68
-1567,422,74
-1547,403,82
-1526,393,90
-1506,389,101
-1480,391,110
-1456,401,114
-1424,413,115
-1384,427,113
-1342,449,112
-1306,476,114
-1279,510,114
-1265,542,120
-1254,562,124
-1236,576,127
-1228,574,131
-1229,553,131
-1247,519,129
-1285,481,123
-1321,429,107
-1332,377,82
-1333,337,51
-1347,307,22
-1359,284,-8
-1371,275,-26
-1373,267,-34
-1368,264,-44
-1350,266,-50
-1317,270,-54
-1278,276,-62
-1231,286,-74
-1178,295,-87
-1118,304,-99
-1061,319,-111
-1008,338,-119
-969,355,-118
-941,372,-120
-924,384,-117
-909,391,-114
-899,394,-110
-897,396,-105
-902,389,-102
-912,382,-94
-923,371,-89
-934,352,-83
-935,318,-77
-936,281,-68
-941,246,-64
-926,217,-67
-884,198,-68
-822,196,-71
-749,196,-74
-674,202,-79
-597,216,-82
-519,226,-87
-436,241,-85
-358,255,-85
-283,270,-84
-222,279,-81
-162,287,-74
-108,301,-70
-60,316,-63
-20,332,-61
18,357,-67
59,380,-72
106,406,-80
163,429,-81
207,451,-74
239,474,-65
265,492,-59
296,504,-54
323,508,-52
337,507,-51
338,504,-52
329,495,-52
319,484,-52
302,477,-51
285,465,-46
274,455,-37
259,446,-24
245,436,-15
244,425,-7
257,414,1
278,402,2
306,391,2
345,390,-2
387,391,-3
429,395,-3
480,402,1
534,408,8
572,412,11
606,415,13
644,421,9
686,430,4
724,436,-7
759,443,-19
792,451,-34
827,463,-44
854,474,-51
869,478,-53
902,485,-57
952,499,-63
998,523,-67
1031,546,-60
1053,560,-53
1055,558,-51
1035,543,-52
1013,538,-52
982,528,-51
925,515,-42
845,489,-20
755,451,3
642,399,27
507,337,50
365,263,65
227,198,79
92,133,96
-23,77,115
-116,31,135
-187,-6,153
-241,-28,163
-270,-44,175
-269,-45,173
-244,-40,166
-214,-32,153
-177,-26,137
-127,-8,121
-68,17,96
3,47,74
88,71,57
180,98,35
262,131,14
339,161,-2
415,186,-18
478,202,-30
528,207,-43
568,211,-52
597,209,-57
621,206,-70
637,197,-79
627,179,-84
579,159,-87
535,140,-88
508,124,-85
481,117,-86
452,110,-82
426,99,-80
400,92,-80
370,86,-80
337,79,-78
300,69,-74
265,58,-70
222,49,-66
178,31,-66
122,18,-66
69,7,-63
14,-6,-60
-45,-15,-56
-95,-25,-53
-143,-35,-52
-192,-39,-48
-237,-44,-43
-286,-43,-40
-335,-45,-35
-382,-45,-27
-430,-46,-20
-475,-48,-15
-517,-55,-14
-561,-53,-12
-604,-51,-14
-635,-47,-14
-658,-39,-14
-676,-27,-14
-689,-20,-16
-692,-11,-14
-684,-2,-17
-678,13,-19
-669,27,-28
-650,48,-36
-630,65,-43
-621,83,-47
-607,97,-52
-594,111,-52
-589,124,-52
-586,135,-53
-586,147,-53
-585,151,-52
-580,158,-52
-581,161,-51
-586,162,-52
-587,161,-53
-577,157,-53
-564,154,-53
-547,155,-53
-531,160,-53
-515,166,-52
-480,167,-52
-427,189,-49
-408,201,-42
-405,190,-39
-403,169,-39
-387,159,-40
-370,157,-38
-359,155,-30
-349,147,-20
-334,135,-5
-315,119,11
-300,107,21
-272,101,28
-240,98,35
-214,90,38
-186,85,48
-159,81,59
-136,78,69
-118,74,74
-96,66,80
-72,60,84
-50,55,84
-15,51,85
17,47,85
56,42,85
97,41,89
143,42,88
190,48,82
228,53,76
262,62,74
295,69,74
332,73,68
367,73,67
398,77,71
432,80,70
466,89,68
497,93,68
525,93,74
549,94,75
561,101,73
551,100,74
532,93,78
510,81,84
477,69,90
443,50,100
413,32,99
377,14,97
345,7,102
323,5,104
302,3,108
281,0,109
272,3,115
270,11,112
273,16,104
271,24,97
270,32,94
269,39,86
274,36,82
266,37,74
253,37,65
241,37,57
221,43,47
196,46,41
184,51,38
174,51,32
159,54,26
145,59,15
138,65,10
131,71,4
124,73,1
121,76,-2
122,80,-7
120,89,-13
116,99,-20
108,107,-24
100,110,-26
95,106,-28
82,97,-30
67,92,-33
54,88,-36
39,87,-38
27,83,-38
16,78,-36
6,78,-34
3,82,-30
-1,86,-33
-4,89,-31
-9,90,-28
-16,87,-27
-31,82,-23
-41,79,-12
