1004.853147981889,26.82572064876556
1004.82467731197,26.82336762428284
1004.823171459073,26.82336762428284
1004.829176658819,26.82619125366211
1004.816991606332,26.82814090251923
1004.850376018955,26.82746860980988
1004.831667296108,26.82914934158325
1004.86177437936,26.83076284408569
1004.73039063057,26.83015778064728
1004.806059553443,26.83035946846009
1004.84294046272,26.83237634658813
1004.839173136869,26.83277972221374
1004.831271182878,26.83217465877533
1004.801770819146,26.83372093200684
1004.788712677596,26.8347966003418
1004.791080521169,26.8372840833664
1004.899359514934,26.84044385910034
1004.745406106961,26.83661179065705
1004.816795228005,26.83896481513977
1004.854049269941,26.84158675670624
1004.813418911521,26.83714962482452
1004.829845519975,26.83909927368164
1004.816406767436,26.84078000545502
1004.799346923819,26.83970433712006
1004.885162782853,26.84293134212494
1004.871247456034,26.84071277618408
1004.734840248646,26.84024217128754
1004.835975655762,26.84199013233185
1004.82092982159,26.8399732542038
1004.846008915439,26.84293134212494
1004.778750891598,26.84199013233185
1004.829430492212,26.84494822025299
1004.85252221996,26.84481376171112
1004.844497698135,26.84373809337616
1004.861185242395,26.84420869827271
1004.683742064508,26.84353640556336
1004.820788791991,26.84232627868652
1004.800815228547,26.8453515958786
1004.769071186045,26.84447761535645
1004.864426070701,26.84757016181946
1004.827397611955,26.84871305942535
1004.825524577763,26.84730124473572
1004.802927484394,26.84851137161255
1004.834168973272,26.84951981067658
1004.740556152766,26.84857860088349
1004.766790476955,26.84770462036133
1004.832043150078,26.84837691307068
1004.782575522065,26.85173837661743
1004.757224491083,26.8518728351593
1004.810449069492,26.84972149848938
1004.873810385877,26.85180560588837
1004.809060059507,26.85099885463715
1004.823494275045,26.85066270828247
1004.773053368173,26.84945258140564
1004.789868788205,26.84958703994751
1004.821096823459,26.85261235713959
1004.789099475336,26.85200729370117
1004.857875550794,26.85133500099182
1004.843433296585,26.85288127422333
1004.795109638942,26.85402417182922
1004.871668550531,26.85308296203613
1004.863258098374,26.85341910839081
1004.822597370991,26.85341910839081
1004.819449588387,26.85496538162231
1004.812808677362,26.85341910839081
1004.791477984432,26.85288127422333
1004.83915747402,26.85422585964203
1004.796115427413,26.85375525474548
1004.785687831284,26.85543598651886
1004.822208705676,26.85523429870606
1004.882316694647,26.85597382068634
1004.799608394697,26.8568478012085
1004.80223152374,26.85866299152374
1004.864351457436,26.85886467933655
1004.817685400145,26.85604104995728
1004.811517430595,26.85879745006561
1004.853070126351,26.8568478012085
1004.844915064553,26.85651165485382
1004.842033574894,26.85577213287354
1004.879288784032,26.85839407444
1004.77965023811,26.85745286464691
1004.846293287127,26.8568478012085
1004.794201512042,26.85839407444
1004.789305736848,26.85859576225281
1004.814423389516,26.85590659141541
1004.858207899,26.85799069881439
1004.799624777764,26.85442754745483
1004.812656453319,26.85738563537598
1004.821314399512,26.85758732318878
1004.817813159511,26.8557049036026
1004.826838085719,26.85731840610504
1004.840902757122,26.85597382068634
1004.808785558367,26.85449477672577
1004.825728919924,26.85429308891296
1004.823078598824,26.85651165485382
1004.884815109614,26.85772178173065
1004.823972872895,26.85415863037109
1004.854451041193,26.85678057193756
1004.840652661841,26.85583936214447
1004.810769904672,26.85799069881439
1004.88004176874,26.85839407444
1004.870117199021,26.85994034767151
1004.842264784045,26.85873022079468
1004.864976709056,26.85920082569122
1004.86145380925,26.86054541110993
1004.884192501507,26.85698225975037
1004.804254059403,26.85651165485382
1004.866120924876,26.85698225975037
1004.81805781591,26.85664611339569
1004.867922266554,26.85025933265686
1004.873584087247,26.848040766716
1004.858146927026,26.84824245452881
1004.828932963614,26.84427592754364
1004.821288985683,26.84259519577027
1004.87827416846,26.84084723472595
1004.734489716554,26.83641010284424
1004.839894558094,26.83762022972107
1004.826359950508,26.8347966003418
1004.831933064606,26.82686354637146
1004.803978379123,26.82235918521881
1004.861083290788,26.82108182907104
1004.860212986581,26.81980447292328
1004.857721986988,26.81684638500214
1004.904427770396,26.81281262874603
1004.797285278111,26.80945116519928
1004.898066642985,26.80656030654907
1004.889431881215,26.80272823810578
1004.793207188411,26.79956846237183
1004.844411002296,26.798358335495
1004.861844959286,26.79963569164276
1004.784042372633,26.80030798435211
1004.864601398621,26.80030798435211
1004.87588975974,26.80111473560333
1004.718538488816,26.80071135997772
1004.871872692413,26.80138365268707
1004.878516187574,26.80252655029297
1004.883276229475,26.80387113571167
1004.822314605117,26.80024075508118
1004.81778207098,26.80266100883484
1004.832084492792,26.80306438446045
1004.833967986978,26.80286269664764
1004.86848095297,26.80198871612549
1004.776778979971,26.79802218914032
1004.854941415518,26.79997183799744
1004.871642400686,26.79802218914032
1004.879801525279,26.79755158424377
1004.847562568922,26.79600531101227
1004.839676007363,26.79297999382019
1004.85410818997,26.79264384746552
1004.81410325501,26.78894623756409
1004.88161133811,26.78881177902222
1004.755374358159,26.78975298881531
1004.867682037997,26.78901346683502
1004.838565313851,26.78995467662811
1004.871061382104,26.79042528152466
1004.86881011799,26.78921515464783
1004.858529901137,26.78773611068726
1004.852254368909,26.788005027771
1004.843965419783,26.78921515464783
1004.957906004607,26.78813948631287
1004.74823613413,26.78753442287445
1004.875438840104,26.79277830600739
1004.851246443704,26.78867732048035
1004.856881888754,26.7904925107956
1004.805318946336,26.78908069610596
1004.789396205196,26.78699658870697
1004.831801877818,26.78793779850006
1004.792667814117,26.7855175447464
1004.824060176176,26.78175270557404
1004.736261443105,26.77623990535736
1004.811798835579,26.77597098827362
1004.823596706442,26.77543315410614
1004.806948161055,26.76891191482544
1004.817723414736,26.77146662712097
1004.776084353098,26.76850853919983
1004.816730170213,26.76971866607666
1004.842822104404,26.77079433441162
1004.816104830812,26.76938251972199
1004.678083075501,26.76965143680572
1004.781474344679,26.76938251972199
1004.78148171935,26.76817239284516
1004.817625048157,26.76696226596832
1004.74799670886,26.76555045127869
1004.751270506177,26.7636680316925
1004.773126913624,26.7596342754364
1004.860829316243,26.75983596324921
1004.869613008552,26.75970150470734
1004.689578879182,26.75721402168274
1004.821937561725,26.75916367053986
1004.829836205964,26.76017210960388
1004.858943723566,26.76044102668762
1004.857692956424,26.75976873397827
1004.833840914297,26.7619200706482
1004.848651997121,26.7609788608551
1004.891678623103,26.76265959262848
1004.896837304814,26.76017210960388
1004.794679487497,26.76434032440186
1004.78829140204,26.76252513408661
1004.823022360846,26.76662611961365
1004.829432257435,26.7648109292984
