1003.631954849927,26.56039219141006
1003.634401808682,26.56152678012848
1003.64197902818,26.56012522935867
1003.6655293722,26.56045893192291
1003.635886974722,26.5591908621788
1003.581735246432,26.55752234935761
1003.456982492643,26.55638776063919
1003.363885487004,26.5529172539711
1003.292420975184,26.55191614627838
1003.226616039999,26.55391836166382
1003.188677904299,26.55144896268845
1003.222347260792,26.5545857667923
1003.286185870002,26.55318421602249
1003.47890269002,26.55899064064026
1003.58308094537,26.56192722320557
1003.57612609327,26.56172700166702
1003.708126277221,26.56659905910492
1003.699106809139,26.563929438591
1003.710669981644,26.56853453397751
1003.730907901574,26.56506402730942
1003.751437629821,26.56626535654068
1003.676709580666,26.56639883756638
1003.757773688073,26.57147111654282
1003.709180311239,26.56519750833511
1003.656467929024,26.56533098936081
1003.700497986321,26.5641964006424
1003.732295988088,26.56192722320557
1003.68596404923,26.56312855243683
1003.644998318558,26.55698842525482
1003.714164275419,26.56032545089722
1003.746392582791,26.55712190628052
1003.649939732524,26.55852345705032
1003.713680943229,26.55632102012634
1003.693343930401,26.55558687448502
1003.713966685852,26.55418532371521
1003.704179000163,26.55078155755997
1003.70748880522,26.55118200063706
1003.702740577764,26.5512487411499
1003.765717169636,26.55285051345825
1003.682931239409,26.55038111448288
1003.700773597922,26.55071481704712
1003.718713832442,26.55298399448395
1003.715595203973,26.55191614627838
1003.708017368591,26.55218310832977
1003.719577556392,26.55338443756104
1003.734352042181,26.55531991243363
1003.797229836729,26.55385162115097
1003.72408737559,26.55471924781799
1003.700632884471,26.55405184268951
1003.71075246915,26.55345117807388
1003.694969368378,26.54991393089295
1003.701203236232,26.54864586114884
1003.700006583957,26.55111526012421
1003.703937218548,26.54877934217453
1003.713868877704,26.55224984884262
1003.666049225077,26.5512487411499
1003.695069255277,26.55411858320236
1003.693872425186,26.55658798217774
1003.65895439335,26.55552013397217
1003.692002101137,26.55685494422913
1003.70173721131,26.55531991243363
1003.735165119614,26.5530507349968
1003.727780718475,26.55491946935654
1003.687249724889,26.55238332986832
1003.716746834939,26.55245007038117
1003.596362205826,26.55485272884369
1003.731182714578,26.55158244371414
1003.710174444761,26.55091503858566
1003.687440958209,26.55171592473984
1003.698041767055,26.55285051345825
1003.760252757265,26.5559873175621
1003.687157175551,26.5561207985878
1003.730322422652,26.5545857667923
1003.716798480913,26.55625427961349
1003.698614317079,26.5497137093544
1003.695547330109,26.55245007038117
1003.671469886915,26.55224984884262
1003.671136654005,26.55511969089508
1003.643027754335,26.55191614627838
1003.705955871945,26.55311747550964
1003.703509771605,26.55311747550964
1003.727013705235,26.55531991243363
1003.756270285698,26.55451902627945
1003.741500338564,26.55712190628052
1003.756656151582,26.55658798217774
1003.718670932461,26.55825649499893
1003.754451892007,26.55859019756317
1003.683130583063,26.55879041910172
1003.688072120412,26.56032545089722
1003.71363882086,26.56272810935974
1003.701887237892,26.56219418525696
1003.683038686866,26.56366247653961
1003.679298818678,26.56533098936081
1003.719349496285,26.56613187551498
1003.663424525654,26.56780038833618
1003.685391874012,26.56739994525909
1003.702276425665,26.5688014960289
1003.700646529715,26.56993608474732
1003.719832512763,26.57013630628586
1003.731775576178,26.57000282526016
1003.665919773598,26.56933542013168
1003.691581484741,26.57026978731155
1003.670619954395,26.56886823654175
1003.594213095087,26.56973586320877
1003.627067913505,26.56833431243896
1003.667310933966,26.56960238218307
1003.641503835781,26.56633209705353
1003.65263142609,26.56619861602783
1003.731149499325,26.56706624269485
1003.672392147747,26.56553121089935
1003.647163326221,26.56593165397644
1003.540538237802,26.56412966012955
1003.665915583132,26.56366247653961
1003.604903376325,26.56032545089722
1003.637134172027,26.55939108371735
1003.663417589627,26.55872367858887
1003.610991433582,26.55558687448502
1003.61559494782,26.55431880474091
1003.595980188989,26.55732212781906
1003.541589139473,26.55592057704926
1003.679195709925,26.55658798217774
1003.719100645285,26.55618753910065
1003.678381308007,26.55772257089615
1003.659193986742,26.55525317192078
1003.659530170608,26.55578709602356
1003.638616597587,26.55365139961243
1003.618662482873,26.55158244371414
1003.498130748009,26.54824541807175
1003.596695080623,26.55084829807282
1003.54115400151,26.55004741191864
1003.557413741828,26.55078155755997
1003.551321906829,26.5498471903801
1003.540003958671,26.55178266525268
1003.654922996267,26.55251681089401
1003.695214245136,26.55531991243363
1003.540627190653,26.55131548166275
1003.468922313152,26.54944674730301
1003.477747355153,26.54938000679016
1003.464557154247,26.5481786775589
1003.410791242303,26.54744453191757
1003.547580456079,26.54924652576447
1003.56820485421,26.55011415243149
1003.688354030197,26.55365139961243
1003.540628540482,26.55358465909958
1003.660295332265,26.55311747550964
1003.696940606847,26.55498620986938
1003.713585330924,26.55665472269058
1003.747351913723,26.55718864679336
1003.68572162645,26.55999174833298
1003.761600264354,26.56039219141006
1003.695456872102,26.55845671653747
1003.680158855671,26.56119307756424
1003.689751183562,26.5607258939743
1003.639626854644,26.55752234935761
1003.659772534964,26.55892390012741
1003.706394007187,26.56012522935867
1003.708122404707,26.56206070423126
1003.686154418571,26.56132655858994
1003.682606851019,26.56346225500107
1003.679006349719,26.55952456474304
1003.719202559283,26.56266136884689
1003.720928954864,26.56232766628266
1003.708939752742,26.56432988166809
1003.673783309929,26.56579817295075
1003.647019386987,26.56586491346359
1003.708077979322,26.56619861602783
1003.725103543447,26.56426314115524
1003.646777316571,26.56272810935974
1003.722847624955,26.56246114730835
1003.7334927479,26.55945782423019
1003.689943432669,26.56119307756424
1003.726971834348,26.56172700166702
1003.729944398987,26.56045893192291
1003.714980678067,26.56146003961563
1003.675361293966,26.55972478628159
1003.685288819813,26.55865693807602
1003.691094049782,26.56059241294861
1003.677521398992,26.56186048269272
1003.718339863701,26.56339551448822
1003.766303645048,26.56332877397537
1003.725149824164,26.5623944067955
1003.783906992241,26.563929438591
1003.681308538526,26.55945782423019
1003.658574503286,26.56025871038437
1003.729659634895,26.56372921705246
1003.698577399086,26.56179374217987
1003.825396142084,26.56426314115524
1003.743376172421,26.5625278878212
1003.706063651324,26.56639883756638
1003.736280416596,26.56566469192505
1003.692394235511,26.56686602115631
1003.724816647017,26.56526424884796
1003.704434717574,26.56866801500321
1003.754220049747,26.56679928064346
1003.760022321381,26.56533098936081
1003.712679486662,26.56266136884689
1003.67862558491,26.56312855243683
1003.696180510339,26.56332877397537
1003.678335855585,26.5607258939743
1003.709371599475,26.56453010320664
