-1151,3914,396
-1148,3916,398
-1149,3917,398
-1144,3915,393
-1138,3914,393
-1140,3909,394
-1142,3911,394
-1145,3914,396
-1145,3916,393
-1141,3918,390
-1144,3916,392
-1142,3917,394
-1144,3919,392
-1146,3916,395
-1147,3916,394
-1149,3915,392
-1148,3911,392
-1148,3911,390
-1147,3911,391
-1149,3913,388
-1150,3912,391
-1153,3908,392
-1149,3908,395
-1146,3909,392
-1144,3909,394
-1145,3908,395
-1145,3907,395
-1145,3908,393
-1147,3909,396
-1149,3911,392
-1150,3911,393
-1151,3913,391
-1151,3914,393
-1151,3915,396
-1150,3913,398
-1151,3914,398
-1148,3915,399
-1148,3912,396
-1147,3909,394
-1146,3906,392
-1147,3909,396
-1150,3909,396
-1150,3911,393
-1146,3912,393
-1147,3913,394
-1147,3914,394
-1147,3915,394
-1152,3913,395
-1152,3913,399
-1152,3917,393
-1154,3917,393
-1155,3917,389
-1157,3917,392
-1152,3915,392
-1151,3914,391
-1150,3913,388
-1151,3914,388
-1145,3913,391
-1147,3913,392
-1149,3912,392
-1149,3915,390
-1147,3915,388
-1143,3914,385
-1138,3912,385
-1139,3913,386
-1137,3913,389
-1141,3913,394
-1140,3913,396
-1138,3914,396
-1142,3916,397
-1144,3917,399
-1151,3918,401
-1152,3914,402
-1151,3912,405
-1152,3913,408
-1154,3913,405
-1154,3913,405
-1158,3911,404
-1154,3912,407
-1151,3911,407
-1152,3913,409
-1150,3912,404
-1154,3913,402
-1150,3916,403
-1148,3914,400
-1151,3913,398
-1151,3913,397
-1150,3916,395
-1151,3913,394
-1145,3915,392
-1143,3913,395
-1143,3912,390
-1146,3913,390
-1147,3912,387
-1149,3911,385
-1151,3913,383
-1148,3912,383
-1150,3910,383
-1152,3911,383
-1152,3912,388
-1150,3911,394
-1150,3914,397
-1153,3914,402
-1149,3913,404
-1151,3916,404
-1149,3915,408
-1147,3913,409
-1145,3910,410
-1145,3911,410
-1150,3912,408
-1150,3913,408
-1148,3913,410
-1149,3913,408
-1149,3914,402
-1150,3915,404
-1147,3921,400
-1142,3913,397
-1141,3912,396
-1143,3911,394
-1148,3909,392
-1147,3909,395
-1146,3912,395
-1146,3910,388
-1148,3911,389
-1148,3913,387
-1145,3911,388
-1145,3914,389
-1145,3912,389
-1143,3914,392
-1140,3916,390
-1143,3913,388
-1138,3913,386
-1138,3911,390
-1142,3909,392
-1142,3911,394
-1145,3910,397
-1148,3910,398
-1145,3909,397
-1151,3912,399
-1154,3912,400
-1153,3910,404
-1159,3908,407
-1160,3911,407
-1157,3911,409
-1159,3911,410
-1163,3913,408
-1163,3912,409
-1160,3911,407
-1158,3911,408
-1158,3911,409
-1156,3909,405
-1154,3912,403
-1152,3913,403
-1151,3912,403
-1147,3912,399
-1146,3912,396
-1148,3914,399
-1152,3910,396
-1151,3912,396
-1149,3911,398
-1153,3913,397
-1151,3912,394
-1151,3909,390
-1154,3913,392
-1154,3916,395
-1152,3912,395
-1157,3914,399
-1157,3915,400
-1156,3915,403
-1156,3915,398
-1155,3914,402
-1153,3914,405
-1159,3915,401
-1161,3916,399
-1160,3914,399
-1159,3913,402
-1159,3914,403
-1158,3914,403
-1156,3913,403
-1155,3913,404
-1154,3912,402
-1153,3909,400
-1147,3910,399
-1149,3910,402
-1151,3913,402
-1155,3911,399
-1152,3909,396
-1149,3909,395
-1146,3908,396
-1147,3908,394
-1147,3913,390
-1147,3911,393
-1148,3909,394
-1148,3909,394
-1149,3912,398
-1152,3913,398
-1150,3909,398
-1148,3909,399
-1145,3910,398
-1148,3912,395
-1149,3913,393
-1147,3913,392
-1154,3911,390
-1156,3911,395
-1156,3915,396
-1153,3914,402
-1156,3913,404
-1152,3911,402
-1151,3910,404
-1152,3908,407
-1151,3910,410
-1149,3908,410
-1150,3912,405
-1152,3911,407
-1151,3913,407
-1153,3912,406
-1158,3912,409
-1157,3912,408
-1157,3914,408
-1154,3916,403
-1153,3914,399
-1155,3913,395
-1156,3910,395
-1154,3909,400
-1153,3914,400
-1148,3914,399
-1149,3915,399
-1145,3912,394
-1146,3909,394
-1148,3908,386
-1149,3908,388
-1144,3911,388
-1146,3914,382
-1150,3911,387
-1148,3913,393
-1153,3912,395
-1150,3909,398
-1152,3913,401
-1150,3910,402
-1156,3912,403
-1158,3914,408
-1155,3915,412
-1154,3911,411
-1156,3910,411
-1155,3909,412
-1156,3907,412
-1160,3906,413
-1159,3905,412
-1158,3908,412
-1164,3907,410
-1163,3907,409
-1157,3907,410
-1157,3909,408
-1160,3910,402
-1156,3912,400
-1156,3912,399
-1156,3913,398
-1158,3915,399
-1158,3914,394
-1155,3914,395
-1152,3914,394
-1151,3912,394
-1151,3910,393
-1153,3910,392
-1153,3910,393
-1156,3907,394
-1154,3910,391
-1155,3912,394
-1151,3910,389
-1152,3912,389
-1151,3915,387
-1150,3913,389
-1150,3910,391
-1152,3911,397
-1154,3908,397
-1154,3910,399
-1155,3910,406
-1154,3911,405
-1152,3912,403
-1149,3912,403
-1150,3911,402
-1153,3910,402
-1155,3908,404
-1152,3909,402
-1149,3907,402
-1146,3910,404
-1145,3910,402
-1148,3910,400
-1148,3907,400
-1149,3907,401
-1151,3910,398
-1152,3909,395
-1155,3912,398
-1151,3913,399
-1149,3915,397
-1151,3912,397
-1150,3915,394
-1146,3916,392
-1144,3914,390
-1144,3913,389
-1144,3913,390
-1142,3912,392
-1140,3914,395
-1142,3916,398
-1146,3914,398
-1145,3912,396
-1147,3916,398
-1149,3911,397
-1151,3913,398
-1154,3910,398
-1158,3909,398
-1156,3908,401
-1158,3910,404
-1160,3913,401
-1157,3910,402
-1160,3910,403
-1160,3911,404
-1156,3911,403
-1159,3913,406
-1157,3916,403
-1155,3915,403
-1153,3914,405
-1151,3913,403
-1148,3915,401
-1150,3914,399
-1150,3915,395
-1149,3917,391
-1150,3915,389
-1151,3915,389
-1149,3913,389
-1153,3910,391
-1154,3911,390
-1152,3910,386
-1152,3911,390
-1150,3913,390
-1153,3910,393
-1150,3910,393
-1152,3912,395
-1156,3913,399
-1155,3912,398
-1157,3912,399
-1157,3911,398
-1157,3911,396
-1157,3914,398
-1158,3910,399
-1154,3912,400
-1154,3911,402
-1152,3909,404
-1150,3910,404
-1152,3911,401
-1152,3908,397
-1151,3907,397
-1150,3909,398
-1152,3909,398
-1154,3910,397
-1155,3912,395
-1154,3914,397
-1156,3915,397
-1153,3914,395
-1152,3915,395
-1149,3914,392
-1149,3914,393
-1151,3915,394
-1151,3911,396
-1150,3911,394
-1149,3912,392
-1146,3909,394
-1151,3912,394
-1152,3914,396
-1150,3914,393
-1154,3913,394
-1151,3912,394
-1151,3910,395
-1151,3911,399
-1151,3914,401
-1152,3912,398
-1152,3908,401
-1151,3909,403
-1151,3913,406
-1151,3915,402
-1145,3915,399
-1148,3914,402
-1147,3914,402
-1153,3914,402
-1154,3912,402
-1158,3912,399
-1160,3913,398
-1159,3909,398
-1156,3911,400
-1157,3910,401
-1156,3909,401
-1154,3909,396
-1155,3911,397
-1152,3912,396
-1151,3911,395
-1147,3910,394
-1146,3911,392
-1145,3910,390
-1143,3907,387
-1142,3906,386
-1137,3911,384
-1140,3911,382
-1139,3912,385
-1138,3911,387
-1145,3911,389
-1150,3910,391
-1152,3911,390
-1154,3914,393
-1151,3912,393
-1156,3914,397
-1158,3915,398
-1159,3914,401
-1158,3909,401
-1158,3913,405
-1157,3907,405
-1158,3909,407
-1160,3909,403
-1159,3909,404
-1155,3905,402
-1155,3908,404
-1152,3911,402
-1153,3910,400
-1155,3910,403
-1156,3908,395
-1153,3910,394
-1154,3912,396
-1153,3914,395
-1151,3911,393
-1152,3913,391
-1153,3916,388
-1152,3914,387
-1155,3913,386
-1152,3914,385
-1154,3913,383
-1156,3912,384
-1152,3911,383
-1154,3914,386
-1154,3914,391
-1152,3916,394
-1147,3912,393
-1149,3912,398
-1153,3910,399
-1153,3911,400
-1150,3912,399
-1153,3910,401
-1149,3910,400
-1152,3908,403
-1151,3908,401
-1150,3908,400
-1149,3910,399
-1154,3915,399
-1152,3913,396
-1150,3914,394
-1150,3909,395
-1147,3913,394
-1147,3911,398
-1149,3909,396
-1154,3914,398
-1151,3915,395
-1152,3911,392
-1152,3912,393
-1150,3913,389
-1153,3912,389
-1151,3912,385
-1151,3912,390
-1149,3916,389
-1147,3917,390
-1148,3916,392
-1146,3912,391
-1145,3914,393
-1144,3913,389
-1144,3911,385
-1148,3911,387
-1149,3910,385
-1153,3907,386
-1157,3909,387
-1155,3908,391
-1152,3911,391
-1154,3911,392
-1160,3914,391
-1158,3910,390
-1154,3910,393
-1152,3912,397
-1153,3910,397
-1154,3908,400
-1152,3910,405
-1153,3912,404
-1151,3913,401
-1149,3915,397
-1149,3913,392
-1149,3913,392
-1147,3911,393
-1150,3913,391
-1146,3909,389
-1147,3913,391
-1149,3911,389
-1147,3912,390
-1147,3911,389
-1146,3909,387
-1147,3910,389
-1151,3907,393
-1152,3906,389
-1152,3908,392
-1149,3909,391
-1151,3910,392
-1152,3909,394
-1154,3911,391
-1156,3915,396
-1155,3912,394
-1156,3912,392
-1155,3911,396
-1152,3913,396
-1151,3912,397
-1152,3910,395
-1149,3910,393
-1148,3908,395
-1150,3908,394
-1149,3908,391
-1145,3913,393
-1151,3912,397
-1148,3911,395
-1148,3908,392
-1153,3906,391
-1150,3911,390
-1150,3911,389
-1151,3914,388
-1155,3913,387
-1153,3917,389
-1152,3915,390
-1149,3912,391
-1149,3912,390
-1148,3912,387
-1150,3912,387
-1151,3914,384
-1148,3907,389
-1150,3910,391
-1151,3909,391
-1153,3910,394
-1146,3912,395
-1147,3912,396
-1150,3911,394
-1150,3912,393
-1154,3913,391
-1156,3916,391
-1150,3917,388
-1148,3914,391
-1148,3911,390
-1147,3907,388
-1147,3908,387
-1148,3910,390
-1147,3911,388
-1151,3911,389
-1150,3911,391
-1154,3910,391
-1156,3910,388
-1156,3911,389
-1156,3911,387
-1153,3910,388
-1154,3912,385
-1150,3912,387
-1147,3909,387
-1149,3911,392
-1148,3911,395
-1148,3911,397
-1146,3910,394
-1150,3909,390
-1149,3907,392
-1147,3909,391
-1150,3910,393
-1148,3909,390
-1149,3910,390
-1150,3915,388
-1155,3916,388
-1156,3915,388
-1152,3914,391
-1156,3914,389
-1155,3914,389
-1155,3913,390
-1155,3914,391
-1150,3914,393
-1151,3913,390
-1149,3911,390
-1147,3910,388
-1147,3908,387
-1150,3914,385
-1150,3911,383
-1148,3909,383
-1146,3907,380
-1146,3911,379
-1143,3912,383
-1143,3915,384
-1140,3916,387
-1141,3915,385
-1144,3913,387
-1148,3914,386
-1152,3916,388
-1152,3913,389
-1153,3916,387
-1159,3915,389
-1158,3912,391
-1156,3910,392
-1155,3910,395
-1156,3909,398
-1160,3908,398
-1156,3908,395
-1149,3908,396
-1148,3910,396
-1152,3909,397
-1151,3908,397
-1151,3908,395
-1151,3909,396
-1150,3911,394
-1152,3912,390
-1150,3913,390
-1149,3913,386
-1151,3914,382
-1150,3912,380
-1148,3913,378
-1150,3912,380
-1151,3911,376
-1150,3911,372
-1151,3912,376
-1149,3913,378
-1150,3912,378
-1151,3911,379
-1152,3913,382
-1153,3916,384
-1153,3913,388
-1152,3913,388
-1151,3915,388
-1149,3911,394
-1153,3914,393
-1151,3911,394
-1151,3912,395
-1148,3911,395
-1152,3910,397
-1148,3911,398
-1149,3910,398
-1147,3910,392
-1150,3911,394
-1154,3912,393
-1153,3913,398
-1148,3910,396
-1148,3912,393
-1147,3911,391
-1148,3911,391
-1152,3911,389
-1151,3913,387
-1155,3915,386
-1150,3913,386
-1149,3914,384
-1148,3914,385
-1143,3915,385
-1143,3913,385
-1142,3914,385
-1139,3913,386
-1140,3912,385
-1143,3912,384
-1146,3913,379
-1146,3912,379
-1149,3911,381
-1152,3909,386
-1152,3908,386
-1152,3912,388
-1153,3912,393
-1153,3911,392
-1155,3912,392
-1153,3912,396
-1155,3911,394
-1153,3910,400
-1154,3910,399
-1155,3910,398
-1154,3912,401
-1155,3912,404
-1154,3911,402
-1151,3914,399
-1148,3914,399
-1150,3916,397
-1148,3914,394
-1149,3915,392
-1152,3914,394
-1149,3915,390
-1149,3914,386
-1148,3912,382
-1148,3915,382
-1146,3913,384
-1150,3914,382
-1150,3916,384
-1151,3913,383
-1153,3911,384
-1151,3911,385
-1158,3913,385
-1156,3914,389
-1153,3913,391
-1153,3913,393
-1153,3912,391
-1152,3908,392
-1152,3906,394
-1154,3906,393
-1155,3906,395
-1153,3909,394
-1152,3907,395
-1155,3907,399
-1154,3909,394
-1156,3908,395
-1156,3908,393
-1155,3912,394
-1155,3912,392
-1157,3910,391
-1153,3909,390
-1150,3908,385
-1151,3910,384
-1150,3912,383
-1148,3916,384
-1150,3917,382
-1152,3918,387
-1153,3917,390
-1155,3913,390
-1158,3917,388
-1154,3916,391
-1153,3913,387
-1154,3915,391
-1151,3913,395
-1149,3911,395
-1150,3911,394
-1152,3910,396
-1151,3912,399
-1154,3911,392
-1156,3912,396
-1158,3914,392
-1157,3914,390
-1155,3913,388
-1154,3912,387
-1155,3911,391
-1153,3910,392
-1151,3913,396
-1150,3914,399
-1148,3914,398
-1149,3915,397
-1151,3913,397
-1152,3909,398
-1151,3913,396
-1151,3914,395
-1153,3911,395
-1152,3911,397
-1153,3914,399
-1154,3916,397
-1157,3914,394
-1155,3912,393
-1155,3912,390
-1153,3907,392
-1150,3911,392
-1150,3909,389
-1147,3912,395
-1147,3910,398
-1146,3913,392
-1148,3914,393
-1149,3915,387
-1148,3910,386
-1148,3909,381
-1144,3912,383
-1147,3911,384
-1144,3909,386
-1146,3909,389
-1143,3910,388
-1147,3911,387
-1147,3912,391
-1152,3912,395
-1152,3910,396
-1154,3912,397
-1158,3914,399
-1160,3914,402
-1163,3914,405
-1164,3910,408
-1163,3910,407
-1162,3911,405
-1161,3913,405
-1162,3911,405
-1161,3909,406
-1164,3911,401
-1160,3914,400
-1151,3911,397
-1156,3911,396
-1153,3913,395
-1153,3916,392
-1150,3910,386
-1151,3914,385
-1149,3911,389
-1147,3910,385
-1149,3909,387
-1146,3910,384
-1147,3912,383
-1146,3916,383
-1146,3916,383
-1150,3913,380
-1150,3911,383
-1156,3908,387
-1155,3913,389
-1152,3915,394
-1151,3914,396
-1149,3913,396
-1150,3911,395
-1155,3911,395
-1152,3910,398
-1152,3909,401
-1152,3906,401
-1151,3908,403
-1150,3908,401
-1150,3907,401
-1151,3909,399
-1147,3906,396
-1147,3907,398
-1147,3908,401
-1150,3909,401
-1149,3911,399
-1149,3914,400
-1151,3913,400
-1153,3913,399
-1151,3914,397
-1154,3914,398
-1151,3913,394
-1153,3912,392
-1152,3914,390
-1150,3913,388
-1151,3914,387
-1147,3913,386
-1145,3915,386
-1147,3913,389
-1146,3913,389
-1144,3913,389
-1144,3914,390
-1148,3913,388
-1146,3912,388
-1150,3917,387
-1149,3914,390
-1148,3914,395
-1153,3912,392
-1157,3910,392
-1157,3912,394
-1155,3911,395
-1160,3911,403
-1156,3910,400
-1155,3914,400
-1154,3915,402
-1155,3914,405
-1158,3913,403
-1157,3912,396
-1153,3913,398
-1155,3910,397
-1153,3909,394
-1153,3909,392
-1151,3915,390
-1151,3915,390
-1151,3916,390
-1151,3913,388
-1148,3916,388
-1151,3915,390
-1150,3915,386
-1150,3915,386
-1148,3914,388
-1148,3914,390
-1152,3916,393
-1150,3915,393
-1153,3913,390
-1156,3916,389
-1158,3915,391
-1156,3914,392
-1157,3912,399
-1156,3912,400
-1154,3910,399
-1152,3907,397
-1155,3905,395
-1154,3906,395
-1156,3907,398
-1156,3911,398
-1155,3912,399
-1150,3909,398
-1153,3907,395
-1154,3909,393
-1153,3907,395
-1151,3909,397
-1157,3909,396
-1159,3910,392
-1157,3913,390
-1156,3915,391
-1156,3913,388
-1151,3913,390
-1153,3911,392
-1152,3913,392
-1148,3913,390
-1151,3910,390
-1150,3908,393
-1148,3910,393
-1147,3910,395
-1147,3910,395
-1151,3912,398
-1151,3909,397
-1152,3911,395
-1151,3916,395
-1153,3916,391
-1155,3914,391
-1154,3914,393
-1149,3913,396
-1151,3911,399
-1150,3912,403
-1149,3909,401
-1150,3909,399
-1149,3908,398
-1151,3909,397
-1152,3910,394
-1150,3911,394
-1148,3910,392
-1151,3909,395
-1155,3915,396
-1160,3915,395
-1161,3913,396
-1163,3912,396
-1165,3915,398
-1162,3915,398
-1157,3914,395
-1157,3914,397
-1155,3913,393
-1151,3911,395
-1146,3908,394
-1147,3911,391
-1146,3913,389
-1146,3912,389
-1145,3909,384
-1144,3910,382
-1146,3910,381
-1142,3908,382
-1145,3908,383
-1144,3911,385
-1144,3911,384
-1144,3913,385
-1144,3917,389
-1150,3916,390
-1153,3917,392
-1156,3916,397
-1160,3913,399
-1160,3913,397
-1166,3915,401
-1164,3914,403
-1164,3912,404
-1168,3910,402
-1164,3912,403
-1163,3908,403
-1159,3909,402
-1155,3910,400
-1158,3909,397
-1152,3910,396
-1151,3909,395
-1152,3911,393
-1151,3910,390
-1152,3911,384
-1151,3911,381
-1152,3912,381
-1152,3917,382
-1151,3916,378
-1152,3915,380
-1152,3915,378
-1150,3914,378
-1149,3916,377
-1150,3916,380
-1151,3915,380
-1154,3909,384
-1153,3911,389
-1150,3909,393
-1151,3909,394
-1151,3909,393
-1150,3908,398
-1150,3908,398
-1149,3911,399
-1149,3911,398
-1150,3911,400
-1148,3912,398
-1148,3910,401
-1146,3909,398
-1148,3911,399
-1149,3914,397
-1150,3913,397
-1149,3911,397
-1150,3909,396
-1149,3908,399
-1150,3910,395
-1153,3912,395
-1154,3913,392
-1152,3918,390
-1151,3917,389
-1151,3916,385
-1150,3918,384
-1148,3913,383
-1147,3914,380
-1146,3914,385
-1146,3914,384
-1143,3913,387
-1143,3912,387
-1140,3911,385
-1139,3912,384
-1143,3911,386
-1146,3913,385
-1148,3914,384
-1149,3914,388
-1150,3914,387
-1153,3911,388
-1152,3912,392
-1156,3909,394
-1155,3908,398
-1151,3911,397
-1150,3913,398
-1151,3914,398
-1151,3915,395
-1153,3913,396
-1156,3914,398
-1157,3912,397
-1157,3911,392
-1158,3912,393
-1154,3914,391
-1155,3912,391
-1153,3913,392
-1150,3913,389
-1149,3911,385
-1149,3911,387
-1147,3910,384
-1149,3910,385
-1151,3910,381
-1152,3913,382
-1150,3911,383
-1153,3912,383
-1151,3911,384
-1150,3911,383
-1148,3911,384
-1149,3913,388
-1150,3914,389
-1153,3912,391
-1151,3914,392
-1155,3915,395
-1155,3916,396
-1155,3916,393
-1157,3913,395
-1159,3915,394
-1156,3914,393
-1152,3911,393
-1151,3911,390
-1152,3910,395
-1151,3913,394
-1154,3913,393
-1154,3912,394
-1150,3912,388
-1151,3912,384
-1153,3909,383
-1155,3910,384
-1152,3911,386
-1151,3912,385
-1150,3915,384
-1153,3915,386
-1153,3914,388
-1150,3912,388
-1148,3912,387
-1149,3913,387
-1149,3912,385
-1148,3913,383
-1150,3913,385
-1147,3910,388
-1150,3910,390
-1147,3913,390
-1147,3914,388
-1151,3912,391
-1150,3912,387
-1153,3912,388
-1150,3913,387
-1151,3911,390
-1150,3913,391
-1148,3916,388
-1147,3915,384
-1149,3916,387
-1151,3912,384
-1152,3911,384
-1151,3913,389
-1149,3912,390
-1148,3912,389
-1148,3916,392
-1151,3917,394
-1151,3916,392
-1149,3910,390
-1147,3911,389
-1151,3911,388
-1155,3912,386
-1151,3910,383
-1153,3912,385
-1154,3913,385
-1152,3912,384
-1152,3911,385
-1153,3912,388
-1157,3911,385
-1155,3913,383
-1154,3911,382
-1151,3912,386
-1152,3912,389
-1154,3910,391
-1154,3913,391
-1151,3915,388
-1153,3916,385
-1151,3914,387
-1144,3912,385
-1142,3910,383
-1141,3907,377
-1142,3909,378
-1143,3911,384
-1145,3912,385
-1141,3915,382
-1138,3916,385
-1140,3912,385
-1141,3915,388
-1143,3915,389
-1147,3914,387
-1148,3915,390
-1149,3912,391
-1153,3913,394
-1158,3913,396
-1159,3911,401
-1159,3907,399
-1156,3908,396
-1150,3904,395
-1152,3904,396
-1154,3906,396
-1152,3909,395
-1151,3908,394
-1150,3910,393
-1148,3915,394
-1152,3912,391
-1152,3916,391
-1151,3915,387
-1150,3914,384
-1149,3912,382
-1149,3914,382
-1152,3912,380
-1152,3911,380
-1153,3911,376
-1155,3910,379
-1152,3912,378
-1153,3913,378
-1150,3912,379
-1151,3913,383
-1149,3915,383
-1147,3915,382
-1149,3915,384
-1150,3914,385
-1151,3915,387
-1151,3914,389
-1150,3915,388
-1148,3913,393
-1147,3916,395
-1146,3916,393
-1149,3916,393
-1150,3916,391
-1147,3914,386
-1146,3911,387
-1145,3910,387
-1147,3907,388
-1150,3908,389
-1144,3910,392
-1145,3915,391
-1147,3914,392
-1148,3913,391
-1149,3912,389
-1148,3911,387
-1149,3915,384
-1147,3914,380
-1148,3912,377
-1148,3911,375
-1149,3914,376
-1149,3910,376
-1146,3910,377
-1147,3910,375
-1147,3912,378
-1147,3914,382
-1146,3912,384
-1146,3913,383
-1152,3913,381
-1152,3915,380
-1156,3915,383
-1156,3916,385
-1152,3915,387
-1156,3917,386
-1153,3911,388
-1156,3914,389
-1155,3911,390
-1153,3908,391
-1160,3911,392
-1159,3911,394
-1160,3913,395
-1156,3911,391
-1154,3912,389
-1154,3911,386
-1151,3911,384
-1147,3913,385
-1151,3915,388
-1150,3915,390
-1149,3913,388
-1151,3911,386
-1153,3910,390
-1150,3911,386
-1148,3913,386
-1150,3915,387
-1149,3913,384
-1145,3915,384
-1148,3914,385
-1151,3913,385
-1149,3910,386
-1147,3911,386
-1151,3913,385
-1151,3914,386
-1151,3913,386
-1147,3910,387
-1149,3910,385
-1152,3910,386
-1156,3911,386
-1154,3910,388
-1153,3910,387
-1150,3908,388
-1151,3911,383
-1152,3912,388
-1152,3916,388
-1154,3913,389
-1151,3911,392
-1146,3913,394
-1143,3919,393
-1146,3919,389
-1148,3918,386
-1148,3917,385
-1150,3915,388
-1148,3916,387
-1147,3915,382
-1147,3912,385
-1149,3912,382
-1148,3911,382
-1150,3914,384
-1150,3915,383
-1152,3912,383
-1153,3911,382
-1152,3910,385
-1149,3912,385
-1151,3913,389
-1149,3915,392
-1148,3913,393
-1151,3916,392
-1154,3915,389
-1152,3914,387
-1151,3915,386
-1153,3915,389
-1151,3916,391
-1148,3913,388
-1147,3912,386
-1145,3912,390
-1150,3910,391
-1151,3909,391
-1152,3910,391
-1148,3912,390
-1148,3911,387
-1150,3910,388
-1153,3915,389
-1156,3914,386
-1158,3914,384
-1157,3914,384
-1155,3910,387
-1154,3912,393
-1153,3911,396
-1148,3915,397
-1146,3915,393
-1147,3912,399
-1147,3912,401
-1150,3905,398
-1152,3908,394
-1151,3909,392
-1156,3911,391
-1150,3913,387
-1155,3911,390
-1156,3912,390
-1156,3914,392
-1156,3913,390
-1153,3913,390
-1153,3915,395
-1155,3917,394
-1153,3915,394
-1151,3913,389
-1150,3911,390
-1145,3913,386
-1143,3910,385
-1143,3915,385
-1146,3914,383
-1145,3912,384
-1143,3913,385
-1144,3911,386
-1142,3910,384
-1139,3911,382
-1143,3911,384
-1149,3913,388
-1151,3914,388
-1156,3914,389
-1155,3913,389
-1158,3912,391
-1156,3910,391
-1157,3913,400
-1161,3914,399
-1159,3913,397
-1161,3914,402
-1161,3914,404
-1161,3913,401
-1161,3913,401
-1160,3912,398
-1161,3910,399
-1162,3908,400
-1156,3906,399
-1152,3908,396
-1152,3912,399
-1147,3908,396
-1146,3913,392
-1150,3912,393
-1147,3914,389
-1151,3914,390
-1150,3912,390
-1149,3911,385
-1149,3913,381
-1148,3912,377
-1150,3914,381
-1149,3910,382
-1148,3911,380
-1149,3911,385
-1151,3911,385
-1153,3914,385
-1155,3912,388
-1151,3909,389
-1153,3913,392
-1153,3915,394
-1146,3914,395
-1150,3910,399
-1155,3911,398
-1154,3913,399
-1155,3911,401
-1149,3911,402
-1148,3908,398
-1146,3911,398
-1145,3912,397
-1147,3912,394
-1150,3910,390
-1150,3911,391
-1153,3909,395
-1155,3911,395
-1154,3912,395
-1151,3912,394
-1153,3913,393
-1152,3914,390
-1155,3914,392
-1158,3914,387
-1153,3917,387
-1150,3917,387
-1150,3913,384
-1145,3908,386
-1146,3910,387
-1143,3909,388
-1144,3915,387
-1144,3910,385
-1148,3910,383
-1153,3909,385
-1150,3906,388
-1150,3904,389
-1153,3911,386
-1154,3911,389
-1152,3910,388
-1155,3913,391
-1154,3914,396
-1156,3911,396
-1160,3912,398
-1157,3912,397
-1157,3910,399
-1159,3910,397
-1156,3913,397
-1155,3912,400
-1155,3912,399
-1154,3914,400
-1150,3912,397
-1151,3911,394
-1151,3910,392
-1151,3911,389
-1152,3913,388
-1150,3914,388
-1152,3911,387
-1153,3911,388
-1153,3916,387
-1151,3917,385
-1153,3911,385
-1154,3910,387
-1155,3912,390
-1152,3911,391
-1155,3910,389
-1155,3916,389
-1153,3915,389
-1156,3911,390
-1154,3911,391
-1154,3913,395
-1155,3910,394
-1157,3909,395
-1156,3910,398
-1159,3911,399
-1159,3911,402
-1155,3912,399
-1152,3909,397
-1148,3911,393
-1154,3912,392
-1153,3914,394
-1152,3912,393
-1151,3912,388
-1154,3912,390
-1158,3913,388
-1157,3909,392
-1153,3907,392
-1151,3908,391
-1148,3910,390
-1152,3913,387
-1151,3912,384
-1152,3915,382
-1151,3916,383
-1149,3915,387
-1148,3917,390
-1149,3918,388
-1146,3915,390
-1152,3913,391
-1148,3915,391
-1150,3910,393
-1154,3909,391
-1155,3911,389
-1155,3911,388
-1154,3910,390
-1154,3911,386
-1152,3912,391
-1148,3910,395
-1153,3913,399
-1152,3910,400
-1151,3909,397
-1149,3913,396
-1151,3910,396
-1150,3909,397
-1151,3908,397
-1148,3912,394
-1152,3913,394
-1150,3913,391
-1150,3913,389
-1152,3913,388
-1157,3915,389
-1158,3912,392
-1155,3910,391
-1154,3912,394
-1152,3914,392
-1147,3912,392
-1148,3912,393
-1149,3911,392
-1147,3910,393
-1148,3912,390
-1147,3911,388
-1145,3911,386
-1145,3912,382
-1145,3912,380
-1144,3914,377
-1145,3914,378
-1144,3913,378
-1144,3913,383
-1147,3916,387
-1152,3916,387
-1154,3911,391
-1155,3917,391
-1156,3914,394
-1156,3914,396
-1158,3915,399
-1157,3917,396
-1156,3916,397
-1159,3911,398
-1162,3908,396
-1160,3908,398
-1160,3910,399
-1157,3909,398
-1154,3908,396
-1156,3908,395
-1153,3908,392
-1153,3907,391
-1156,3910,389
-1156,3910,386
-1152,3908,382
-1149,3909,383
-1148,3913,382
-1151,3914,380
-1154,3915,378
-1152,3914,380
-1152,3913,380
-1151,3914,382
-1152,3912,385
-1150,3911,384
-1148,3915,386
-1154,3913,386
-1153,3912,387
-1152,3913,395
-1153,3914,397
-1154,3912,397
-1152,3912,400
-1152,3909,403
-1150,3907,401
-1149,3906,399
-1149,3908,402
-1146,3912,398
-1147,3911,393
-1147,3913,388
-1143,3908,383
-1141,3911,384
-1144,3912,384
-1149,3901,395
-1145,3900,394
-1153,3904,388
-1149,3913,387
-1150,3923,382
-1147,3926,381
-1147,3922,381
-1150,3919,379
-1147,3919,374
-1151,3916,375
-1153,3918,370
-1160,3918,369
-1154,3921,368
-1156,3916,372
-1153,3916,377
-1151,3911,376
-1151,3909,378
-1149,3908,383
-1146,3906,389
-1142,3907,397
-1142,3903,400
-1140,3902,405
-1140,3900,416
-1144,3905,420
-1145,3906,425
-1144,3911,426
-1143,3913,434
-1145,3913,437
-1145,3916,444
-1148,3917,444
-1149,3914,447
-1152,3916,453
-1153,3916,451
-1155,3914,449
-1155,3911,443
-1154,3910,434
-1157,3909,433
-1157,3903,430
-1158,3904,426
-1154,3911,418
-1155,3909,419
-1151,3904,421
-1150,3900,421
-1153,3902,418
-1154,3902,414
-1155,3899,424
-1160,3902,432
-1160,3906,440
-1158,3912,437
-1159,3916,426
-1159,3911,425
-1157,3912,429
-1160,3912,429
-1158,3916,426
-1158,3915,427
-1157,3914,433
-1156,3912,436
-1153,3908,438
-1152,3910,441
-1153,3904,435
-1153,3905,432
-1154,3903,432
-1153,3905,427
-1158,3906,429
-1156,3904,430
-1157,3909,429
-1155,3901,427
-1156,3899,422
-1157,3900,417
-1157,3902,420
-1158,3903,427
-1160,3906,428
-1160,3905,428
-1160,3904,426
-1159,3909,423
-1160,3906,430
-1156,3903,435
-1151,3904,438
-1152,3904,441
-1150,3905,440
-1150,3907,438
-1147,3907,435
-1146,3905,435
-1149,3903,437
-1151,3900,440
-1153,3894,448
-1157,3894,451
-1161,3894,455
-1165,3896,455
-1169,3899,454
-1165,3897,456
-1167,3897,459
-1167,3899,462
-1168,3899,466
-1165,3903,474
-1168,3903,478
-1167,3908,480
-1165,3912,481
-1162,3909,484
-1158,3906,488
-1159,3907,490
-1162,3906,488
-1158,3904,486
-1157,3903,487
-1152,3897,487
-1154,3898,481
-1157,3898,479
-1156,3897,480
-1152,3893,480
-1155,3900,475
-1158,3898,475
-1162,3903,477
-1158,3903,479
-1154,3905,480
-1154,3907,481
-1153,3904,477
-1156,3905,473
-1159,3894,476
-1164,3891,482
-1166,3890,486
-1170,3891,487
-1173,3896,485
-1172,3894,481
-1174,3890,483
-1167,3887,483
-1164,3887,483
-1161,3894,480
-1159,3901,484
-1158,3904,483
-1156,3905,484
-1159,3911,484
-1157,3916,480
-1157,3914,478
-1156,3910,474
-1155,3906,476
-1158,3902,473
-1162,3903,483
-1165,3895,486
-1170,3894,489
-1171,3895,497
-1174,3893,500
-1178,3888,502
-1179,3883,499
-1183,3885,496
-1182,3886,490
-1180,3886,484
-1174,3887,474
-1171,3894,470
-1168,3895,468
-1162,3899,468
-1162,3900,470
-1160,3904,473
-1164,3907,481
-1164,3905,487
-1174,3901,492
-1182,3901,491
-1187,3895,495
-1187,3890,493
-1191,3889,492
-1189,3894,483
-1186,3898,469
-1189,3909,462
-1186,3886,472
-1182,3877,484
-1173,3877,482
-1169,3889,467
-1167,3890,456
-1160,3889,454
-1157,3892,459
-1154,3895,462
-1153,3900,463
-1156,3904,466
-1156,3912,465
-1156,3922,463
-1153,3927,455
-1152,3923,451
-1148,3923,433
-1154,3935,422
-1157,3922,426
-1155,3915,427
-1152,3911,425
-1152,3920,412
-1148,3927,403
-1142,3925,397
-1131,3924,401
-1122,3920,401
-1118,3922,406
-1112,3924,410
-1106,3924,413
-1106,3936,417
-1076,3982,401
-1072,3995,415
-1068,3954,427
-1061,3939,420
-1062,3946,399
-1067,3971,377
-1077,4001,382
-1076,4021,379
-1060,4030,371
-1035,4009,368
-1011,3998,371
-999,3990,373
-1005,3968,362
-1033,3940,365
-1060,3939,351
-1089,3957,332
-1116,3962,325
-1136,3970,324
-1141,3984,330
-1141,3978,345
-1134,3967,366
-1121,3972,400
-1113,3970,424
-1112,3986,442
-1106,3975,427
-1097,3959,393
-1098,3950,365
-1099,3961,347
-1114,3961,343
-1133,3966,342
-1159,3960,343
-1183,3950,335
-1214,3939,324
-1252,3925,330
-1292,3935,339
-1337,3925,337
-1373,3939,343
-1402,3952,347
-1412,3960,339
-1420,3951,336
-1429,3934,333
-1438,3924,337
-1436,3934,348
-1427,3928,349
-1416,3936,358
-1411,3936,365
-1407,3930,377
-1407,3931,384
-1405,3925,388
-1418,3912,390
-1421,3920,404
-1431,3916,410
-1443,3899,416
-1457,3886,422
-1475,3867,425
-1500,3849,440
-1526,3824,450
-1550,3811,459
-1567,3792,468
-1586,3775,475
-1602,3746,489
-1622,3720,501
-1634,3702,510
-1654,3671,518
-1674,3679,533
-1688,3675,545
-1703,3658,559
-1719,3647,575
-1736,3634,590
-1747,3614,599
-1750,3594,597
-1755,3576,599
-1746,3558,601
-1738,3534,596
-1728,3518,597
-1716,3505,603
-1704,3479,606
-1697,3464,612
-1694,3451,622
-1694,3455,630
-1699,3453,636
-1709,3459,642
-1715,3463,647
-1722,3466,650
-1732,3466,659
-1736,3469,665
-1741,3471,671
-1743,3479,672
-1748,3495,681
-1752,3508,688
-1750,3519,696
-1748,3534,702
-1741,3550,713
-1739,3560,724
-1731,3575,737
-1724,3595,747
-1714,3614,763
-1710,3636,772
-1708,3649,779
-1704,3657,782
-1706,3667,783
-1706,3671,781
-1708,3671,781
-1714,3671,781
-1722,3670,782
-1730,3675,778
-1734,3685,774
-1740,3693,765
-1739,3703,759
-1738,3713,756
-1730,3723,757
-1731,3734,756
-1731,3745,753
-1736,3760,749
-1735,3770,748
-1739,3782,739
-1746,3792,736
-1756,3798,731
-1774,3802,729
-1788,3801,723
-1802,3794,720
-1815,3795,715
-1828,3798,703
-1833,3811,700
-1833,3829,700
-1826,3847,700
-1810,3865,707
-1793,3885,718
-1777,3908,728
-1764,3931,733
-1755,3955,740
-1751,3981,751
-1749,4003,765
-1755,4014,776
-1762,4024,780
-1769,4030,779
-1777,4030,780
-1787,4023,780
-1798,4015,776
-1811,4011,771
-1832,4006,774
-1850,4001,773
-1873,3999,776
-1894,3994,780
-1918,3989,792
-1945,3984,803
-1971,3979,812
-2003,3983,819
-2027,3984,822
-2049,3993,824
-2075,4002,825
-2097,4011,816
-2114,4020,807
-2125,4020,803
-2135,4017,800
-2140,4010,812
-2151,4009,823
-2167,4008,838
-2188,4010,861
-2217,4012,885
-2248,4012,913
-2290,4012,944
-2341,4013,977
-2398,4013,1016
-2466,4017,1056
-2530,4015,1090
-2598,4017,1113
-2660,4015,1124
-2713,4008,1122
-2752,3995,1100
-2765,3970,1078
-2761,3939,1056
-2744,3910,1034
-2719,3880,1019
-2683,3854,1005
-2655,3835,1002
-2625,3819,1012
-2602,3806,1022
-2592,3800,1043
-2594,3797,1073
-2612,3795,1097
-2638,3795,1123
-2669,3793,1137
-2711,3787,1153
-2762,3771,1167
-2822,3759,1179
-2887,3750,1189
-2967,3751,1196
-3051,3756,1200
-3137,3766,1196
-3225,3777,1191
-3303,3790,1175
-3371,3797,1158
-3426,3806,1130
-3458,3810,1094
-3465,3806,1053
-3459,3797,1010
-3451,3787,970
-3438,3775,932
-3422,3758,883
-3408,3736,835
-3397,3706,783
-3388,3672,729
-3385,3631,680
-3388,3591,637
-3397,3555,598
-3407,3517,562
-3423,3485,523
-3431,3452,494
-3437,3427,457
-3444,3399,417
-3443,3373,380
-3441,3343,342
-3432,3315,310
-3423,3292,276
-3416,3271,242
-3411,3250,218
-3414,3231,192
-3413,3210,175
-3412,3192,151
-3417,3170,137
-3425,3146,129
-3437,3125,118
-3444,3093,97
-3447,3062,72
-3449,3025,51
-3447,2978,30
-3437,2929,7
-3425,2872,-10
-3402,2816,-33
-3373,2756,-58
-3337,2698,-87
-3293,2643,-115
-3252,2590,-137
-3213,2534,-162
-3172,2483,-181
-3131,2436,-202
-3086,2391,-227
-3054,2347,-248
-3022,2302,-270
-2988,2254,-296
-2957,2204,-327
-2930,2155,-358
-2910,2104,-391
-2885,2052,-429
-2859,1999,-466
-2840,1946,-501
-2817,1890,-533
-2792,1831,-561
-2764,1780,-585
-2733,1731,-616
-2703,1681,-656
-2676,1633,-698
-2646,1588,-740
-2620,1542,-779
-2586,1497,-821
-2547,1454,-866
-2510,1413,-912
-2473,1371,-965
-2428,1333,-1027
-2379,1307,-1093
-2325,1289,-1166
-2279,1272,-1236
-2237,1257,-1303
-2202,1242,-1371
-2166,1223,-1434
-2136,1196,-1497
-2106,1168,-1558
-2083,1123,-1614
-2061,1074,-1674
-2045,1023,-1733
-2030,969,-1791
-2012,916,-1848
-1995,862,-1904
-1971,809,-1959
-1943,755,-2009
-1912,703,-2068
-1883,648,-2133
-1848,601,-2200
-1815,556,-2271
-1775,507,-2342
-1748,457,-2416
-1721,402,-2489
-1703,341,-2559
-1684,277,-2624
-1665,203,-2687
-1647,129,-2747
-1629,56,-2807
-1595,-23,-2864
-1566,-99,-2922
-1529,-170,-2978
-1495,-232,-3026
-1466,-286,-3076
-1444,-338,-3119
-1431,-383,-3162
-1419,-420,-3208
-1415,-461,-3252
-1422,-503,-3297
-1428,-550,-3338
-1444,-599,-3376
-1453,-653,-3413
-1458,-698,-3456
-1464,-741,-3497
-1460,-767,-3560
-1465,-818,-3597
-1465,-861,-3636
-1466,-905,-3669
-1463,-954,-3692
-1456,-1004,-3711
-1440,-1050,-3726
-1416,-1099,-3734
-1385,-1139,-3736
-1343,-1172,-3732
-1289,-1200,-3723
-1235,-1215,-3710
-1168,-1224,-3693
-1112,-1230,-3673
-1049,-1229,-3651
-984,-1223,-3634
-926,-1211,-3621
-871,-1197,-3611
-820,-1175,-3605
-772,-1147,-3607
-732,-1114,-3604
-691,-1078,-3612
-650,-1040,-3628
-613,-1003,-3656
-582,-974,-3684
-571,-947,-3708
-560,-921,-3730
-554,-891,-3753
-550,-859,-3779
-549,-830,-3800
-540,-803,-3821
-531,-773,-3839
-508,-748,-3854
-484,-727,-3867
-456,-712,-3878
-428,-697,-3880
-393,-687,-3888
-363,-682,-3893
-330,-679,-3899
-301,-670,-3911
-278,-662,-3927
-259,-656,-3947
-241,-657,-3966
-228,-660,-3981
-211,-673,-3995
-193,-692,-4008
-180,-715,-4021
-162,-738,-4033
-146,-767,-4048
-130,-790,-4069
-115,-816,-4087
-103,-838,-4099
-88,-859,-4110
-81,-876,-4117
-69,-892,-4118
-59,-904,-4117
-45,-910,-4122
-26,-918,-4127
-13,-928,-4136
13,-932,-4141
44,-929,-4149
77,-929,-4155
104,-931,-4163
136,-930,-4172
170,-931,-4177
205,-928,-4188
237,-930,-4195
264,-934,-4199
291,-938,-4205
318,-947,-4217
341,-955,-4231
366,-967,-4246
390,-979,-4260
409,-997,-4277
425,-1015,-4300
431,-1037,-4322
436,-1063,-4345
440,-1088,-4367
441,-1115,-4391
432,-1147,-4413
416,-1176,-4437
391,-1209,-4459
367,-1245,-4478
341,-1282,-4494
315,-1325,-4508
282,-1364,-4516
252,-1409,-4526
217,-1454,-4538
190,-1496,-4544
169,-1533,-4554
155,-1563,-4570
151,-1588,-4583
153,-1611,-4599
158,-1635,-4611
173,-1651,-4621
190,-1664,-4629
207,-1671,-4637
225,-1676,-4639
244,-1674,-4638
257,-1667,-4639
272,-1658,-4641
289,-1646,-4642
306,-1624,-4639
326,-1592,-4636
344,-1567,-4638
367,-1543,-4641
387,-1524,-4640
407,-1504,-4644
417,-1481,-4644
426,-1449,-4650
428,-1423,-4650
420,-1397,-4650
406,-1367,-4646
384,-1340,-4632
356,-1311,-4609
325,-1283,-4594
295,-1259,-4572
254,-1238,-4555
212,-1216,-4544
170,-1195,-4544
126,-1165,-4544
67,-1131,-4540
13,-1097,-4543
-48,-1056,-4557
-120,-1006,-4570
-190,-952,-4584
-261,-899,-4598
-332,-854,-4601
-397,-809,-4604
-455,-764,-4602
-501,-719,-4604
-533,-670,-4604
-548,-625,-4609
-541,-579,-4611
-516,-527,-4613
-476,-474,-4619
-423,-419,-4629
-373,-358,-4635
-335,-296,-4643
-308,-225,-4653
-298,-148,-4653
-302,-65,-4653
-318,21,-4662
-350,105,-4665
-405,183,-4662
-466,260,-4656
-537,333,-4634
-607,398,-4616
-677,453,-4589
-753,502,-4559
-832,534,-4527
-918,551,-4492
-1011,560,-4440
-1117,553,-4359
-1230,532,-4261
-1330,510,-4174
-1422,482,-4110
-1508,434,-4044
-1585,371,-3965
-1645,288,-3863
-1688,196,-3764
-1704,100,-3670
-1705,-15,-3579
-1687,-154,-3500
-1654,-317,-3423
-1615,-504,-3338
-1598,-717,-3227
-1599,-944,-3084
-1625,-1175,-2915
-1682,-1400,-2729
-1769,-1617,-2537
-1881,-1816,-2344
-2007,-2005,-2155
-2138,-2157,-1985
-2269,-2334,-1785
-2397,-2497,-1595
-2495,-2660,-1407
-2582,-2830,-1223
-2641,-3011,-1040
-2672,-3193,-869
-2676,-3372,-721
-2643,-3546,-586
-2590,-3703,-478
-2535,-3862,-381
-2484,-4006,-293
-2453,-4136,-213
-2451,-4245,-140
-2471,-4331,-91
-2507,-4390,-62
-2557,-4424,-46
-2622,-4433,-34
-2681,-4422,-23
-2726,-4389,-6
-2745,-4328,17
-2729,-4245,43
-2666,-4146,72
-2563,-4031,90
-2428,-3910,105
-2266,-3780,113
-2101,-3651,113
-1937,-3522,115
-1770,-3393,114
-1610,-3264,106
-1458,-3139,98
-1320,-3012,77
-1188,-2890,53
-1057,-2770,25
-941,-2644,-6
-840,-2521,-33
-752,-2401,-52
-689,-2281,-63
-641,-2171,-61
-611,-2069,-48
-591,-1969,-26
-578,-1874,-8
-574,-1775,17
-561,-1677,46
-549,-1582,75
-528,-1488,95
-485,-1392,108
-421,-1299,116
-337,-1206,125
-228,-1114,146
-110,-1036,180
23,-961,233
172,-899,295
326,-847,371
477,-799,455
627,-748,539
762,-706,637
870,-683,750
943,-664,879
969,-647,1010
936,-626,1150
853,-603,1273
731,-575,1375
569,-543,1455
377,-508,1514
170,-467,1542
-37,-416,1532
-244,-338,1506
-445,-239,1469
-622,-109,1429
-779,32,1401
-911,186,1389
-995,333,1380
-1020,463,1384
-992,556,1408
-940,614,1478
-858,657,1585
-733,703,1731
-558,769,1910
-325,858,2119
-26,998,2341
375,1188,2543
903,1434,2725
1565,1743,2881
2416,2137,2979
3488,2628,3025
4864,3266,2951
6701,4171,2651
8994,5263,2209
11100,5915,2090
12139,5736,2639
12060,5109,3366
11467,4571,3522
10922,4352,2798
10651,4421,1498
10604,4552,207
10668,4554,-589
10815,4420,-766
11101,4252,-530
11577,4136,-198
12133,4103,8
12632,4087,-41
12973,4009,-356
13122,3867,-869
13071,3705,-1496
12840,3597,-2147
12452,3562,-2764
11900,3606,-3281
11219,3702,-3671
10463,3801,-3932
9686,3877,-4110
8938,3914,-4269
8249,3923,-4471
7648,3921,-4748
7139,3905,-5067
6681,3851,-5364
6273,3757,-5625
5892,3637,-5885
5527,3505,-6164
5167,3389,-6436
4799,3306,-6664
4432,3258,-6818
4072,3238,-6897
3740,3253,-6929
3455,3287,-6908
3240,3329,-6840
3113,3368,-6703
3095,3385,-6444
3223,3389,-6034
3543,3402,-5493
4115,3465,-4912
5086,3652,-4495
6737,4103,-4442
9303,4806,-4637
11851,5425,-4340
12860,5382,-2995
12283,4832,-1562
10963,4190,-1242
9627,3642,-2279
8520,3134,-4042
7547,2607,-5757
6513,2062,-6751
5330,1494,-6740
4207,1025,-6109
3389,803,-5534
2837,778,-5264
2314,771,-5048
1806,756,-4752
1255,703,-4344
786,703,-4041
315,721,-3762
-141,796,-3511
-563,932,-3290
-950,1139,-3116
-1305,1413,-2986
-1607,1728,-2868
-1825,2057,-2802
-1929,2372,-2771
-1904,2659,-2740
-1768,2907,-2679
-1566,3111,-2530
-1295,3302,-2362
-961,3462,-2238
-598,3565,-2141
-263,3596,-2011
26,3568,-1862
264,3513,-1727
447,3433,-1594
578,3329,-1450
654,3217,-1323
693,3098,-1227
718,2965,-1149
737,2802,-1054
771,2615,-957
827,2422,-869
923,2240,-778
1045,2061,-659
1191,1889,-501
1362,1720,-291
1552,1566,-35
1762,1449,211
1994,1382,429
2223,1351,644
2452,1362,820
2682,1422,946
2902,1549,982
3067,1711,1018
3174,1859,1177
3247,1993,1553
3290,2138,2175
3281,2346,2976
3259,2753,3822
3105,3295,3541
3715,3969,511
4954,4838,-7661
8049,5395,-16639
10272,1602,-12548
13118,-2651,-8267
22941,-2811,-9880
27852,-977,-6114
24035,-123,3919
16463,-718,9525
11491,-1277,7440
8289,-1924,2489
5688,-2257,-3227
2834,-1842,-7433
-373,-1223,-7996
-2813,-106,-6820
-3680,673,-5634
-3636,884,-4886
-3312,616,-4118
-2849,202,-3273
-2240,-18,-2725
-1491,93,-2588
-716,652,-2678
41,1603,-2806
760,2810,-2846
1432,4049,-2723
2119,5149,-2383
2836,5983,-1811
3592,6520,-1222
4289,6765,-802
4908,6757,-652
5342,6442,-632
5519,5823,-640
5435,4970,-586
5211,4029,-510
4872,3052,-371
4524,2092,-249
4235,1189,-303
4037,380,-591
3949,-278,-1094
3912,-776,-1733
3876,-1103,-2337
3797,-1268,-2790
3671,-1281,-3090
3543,-1167,-3305
3433,-954,-3429
3356,-663,-3429
3317,-318,-3297
3309,40,-3023
3329,371,-2648
3365,660,-2219
3417,925,-1801
3485,1160,-1398
3549,1369,-1038
3610,1561,-745
3682,1740,-551
3775,1923,-430
3834,2065,-282
3833,2139,-51
3789,2150,250
3724,2133,478
3655,2091,549
3586,1997,478
3488,1853,307
3377,1683,51
3284,1516,-371
3229,1379,-967
3234,1289,-1682
3283,1258,-2405
3350,1284,-3006
3421,1353,-3413
3491,1449,-3612
3573,1544,-3638
3659,1625,-3495
3741,1703,-3229
3810,1785,-2881
3850,1851,-2480
3848,1898,-2099
3830,1945,-1801
3798,2008,-1608
3770,2091,-1512
3727,2169,-1450
3664,2200,-1342
3578,2145,-1167
3490,2012,-964
3405,1817,-745
3333,1586,-566
3298,1338,-479
3299,1088,-489
3336,849,-604
3391,624,-832
3470,429,-1148
3559,274,-1490
3627,176,-1783
3667,155,-2003
3679,225,-2182
3690,377,-2320
3701,580,-2401
3713,802,-2413
3732,1016,-2356
3766,1204,-2259
3804,1359,-2142
3838,1491,-2016
3880,1608,-1900
3905,1697,-1763
3915,1757,-1587
3903,1769,-1354
3880,1722,-1074
3853,1628,-816
3844,1506,-648
3857,1341,-531
3892,1150,-452
3956,952,-420
4046,754,-450
4168,554,-533
4310,350,-649
4469,154,-792
4623,-18,-928
4764,-159,-1042
4881,-262,-1106
4975,-335,-1098
5018,-386,-1184
5044,-425,-1248
5162,-370,-1262
5279,-267,-1170
5373,-221,-970
5457,-244,-791
5518,-302,-717
5528,-350,-789
5471,-376,-960
5323,-392,-1158
5112,-402,-1383
4883,-403,-1611
4636,-417,-1796
4378,-436,-1943
4165,-438,-2098
3995,-437,-2257
3865,-448,-2382
3779,-479,-2435
3749,-551,-2409
3790,-677,-2337
3882,-863,-2188
4042,-1068,-2038
4262,-1270,-1893
4489,-1432,-1706
4677,-1568,-1466
4848,-1651,-1236
4984,-1687,-1050
5067,-1679,-911
5088,-1637,-833
5037,-1571,-810
4929,-1482,-853
4782,-1383,-961
4622,-1275,-1110
4467,-1187,-1269
4324,-1110,-1428
4207,-1040,-1576
4114,-975,-1708
4044,-916,-1824
3996,-860,-1916
3962,-814,-1977
3947,-773,-2014
3947,-740,-2033
3954,-721,-2045
3956,-723,-2053
3951,-733,-2075
3932,-757,-2105
3900,-784,-2145
3849,-809,-2197
3787,-823,-2251
3710,-832,-2299
3617,-846,-2331
3512,-872,-2338
3401,-903,-2342
3284,-939,-2334
3164,-977,-2328
3045,-1012,-2321
2921,-1042,-2306
2796,-1063,-2289
2671,-1084,-2267
2554,-1104,-2244
2440,-1117,-2223
2329,-1137,-2201
2219,-1159,-2188
2126,-1183,-2179
2041,-1210,-2177
1969,-1248,-2176
1904,-1295,-2169
1850,-1348,-2161
1816,-1410,-2151
1782,-1476,-2131
1765,-1548,-2121
1760,-1615,-2115
1761,-1675,-2109
1768,-1725,-2105
1786,-1770,-2102
1819,-1800,-2102
1851,-1826,-2104
1889,-1850,-2095
1930,-1876,-2091
1969,-1897,-2084
2007,-1916,-2073
2045,-1937,-2063
2087,-1952,-2050
2120,-1973,-2034
2149,-1997,-2011
2179,-2027,-1968
2195,-2062,-1930
2203,-2109,-1895
2205,-2166,-1864
2192,-2226,-1828
2181,-2288,-1783
2165,-2362,-1731
2154,-2441,-1677
2156,-2530,-1631
2163,-2604,-1597
2177,-2672,-1586
2185,-2723,-1599
2187,-2745,-1628
2190,-2739,-1663
2182,-2718,-1698
2168,-2692,-1721
2148,-2665,-1736
2130,-2641,-1748
2123,-2619,-1759
2117,-2595,-1771
2131,-2571,-1783
2151,-2545,-1790
2176,-2515,-1792
2208,-2471,-1797
2240,-2426,-1797
2264,-2376,-1795
2287,-2328,-1782
2301,-2281,-1764
2312,-2240,-1738
2336,-2192,-1734
2354,-2148,-1740
2372,-2111,-1748
2387,-2097,-1752
2399,-2089,-1756
2416,-2087,-1755
2435,-2081,-1765
2457,-2080,-1781
2478,-2083,-1807
2495,-2091,-1830
2512,-2103,-1851
2520,-2123,-1857
2530,-2134,-1864
2544,-2145,-1869
2555,-2155,-1877
2572,-2159,-1889
2592,-2150,-1904
2613,-2140,-1922
2634,-2121,-1939
2662,-2111,-1951
2686,-2093,-1957
2724,-2075,-1965
2755,-2058,-1982
2787,-2034,-2002
2829,-2001,-2020
2862,-1965,-2039
2892,-1921,-2050
2916,-1877,-2054
2935,-1825,-2054
2946,-1774,-2048
2951,-1726,-2043
2950,-1670,-2041
2942,-1621,-2041
2936,-1579,-2046
2928,-1542,-2052
2921,-1511,-2065
2925,-1481,-2079
2939,-1460,-2092
2951,-1442,-2104
2966,-1421,-2118
2986,-1398,-2132
3012,-1376,-2145
3033,-1356,-2154
3057,-1337,-2160
3074,-1313,-2163
3089,-1294,-2167
3093,-1275,-2171
3088,-1255,-2175
3072,-1234,-2170
3049,-1221,-2168
3022,-1213,-2163
2988,-1206,-2158
2950,-1197,-2159
2914,-1185,-2162
2883,-1165,-2174
2863,-1147,-2186
2861,-1122,-2197
2883,-1097,-2222
2925,-1073,-2258
2980,-1053,-2298
3042,-1034,-2319
3103,-1014,-2331
3165,-998,-2346
3230,-990,-2356
3292,-989,-2376
3336,-990,-2408
3361,-1000,-2436
3364,-1013,-2453
3359,-1023,-2459
3327,-1039,-2454
3291,-1061,-2440
3252,-1090,-2425
3213,-1124,-2410
3172,-1167,-2393
3135,-1209,-2370
3103,-1243,-2351
3076,-1273,-2331
3060,-1298,-2313
3061,-1318,-2304
3080,-1328,-2299
3106,-1337,-2299
3142,-1337,-2296
3182,-1333,-2293
3220,-1320,-2295
3253,-1300,-2301
3276,-1272,-2303
3286,-1247,-2299
3287,-1224,-2293
3286,-1200,-2285
3281,-1175,-2273
3272,-1149,-2255
3269,-1118,-2234
3285,-1078,-2225
3327,-1035,-2231
3393,-985,-2246
3481,-937,-2284
3582,-893,-2333
3680,-847,-2385
3780,-809,-2431
3840,-783,-2449
3868,-773,-2457
3870,-768,-2452
3841,-761,-2451
3799,-743,-2473
3747,-716,-2511
3685,-684,-2552
3625,-644,-2588
3575,-598,-2618
3535,-550,-2636
3513,-504,-2636
3507,-463,-2619
3511,-424,-2584
3529,-403,-2543
3554,-386,-2500
3579,-378,-2458
3604,-380,-2424
3630,-385,-2402
3655,-396,-2381
3668,-408,-2361
3669,-426,-2342
3659,-438,-2328
3640,-455,-2324
3608,-467,-2312
3566,-479,-2305
3524,-487,-2298
3479,-495,-2287
3441,-492,-2284
3416,-475,-2294
3401,-456,-2309
3394,-426,-2329
3389,-397,-2349
3385,-369,-2358
3385,-337,-2362
3380,-309,-2363
3362,-286,-2366
3336,-260,-2361
3311,-229,-2357
3282,-200,-2351
3250,-174,-2343
3217,-155,-2331
3190,-135,-2318
3173,-117,-2312
3159,-97,-2309
3153,-86,-2309
3157,-87,-2311
3165,-93,-2316
3184,-100,-2323
3204,-117,-2334
3224,-134,-2333
3243,-153,-2335
3265,-168,-2339
3280,-178,-2345
3299,-185,-2349
3315,-193,-2347
3332,-198,-2346
3347,-207,-2348
3354,-220,-2344
3356,-235,-2343
3353,-247,-2344
3346,-271,-2341
3337,-300,-2338
3330,-329,-2332
3317,-359,-2325
3303,-389,-2322
3289,-414,-2317
3276,-432,-2314
3270,-451,-2307
3265,-463,-2299
3261,-477,-2289
3262,-494,-2270
3264,-511,-2246
3267,-526,-2230
3282,-540,-2224
3294,-543,-2232
3310,-539,-2254
3321,-538,-2278
3325,-534,-2306
3329,-525,-2327
3330,-516,-2354
3334,-501,-2385
3337,-483,-2424
3338,-460,-2462
3337,-440,-2492
3333,-418,-2514
3333,-393,-2529
3337,-364,-2537
3344,-338,-2545
3356,-313,-2552
3373,-288,-2557
3389,-271,-2562
3409,-252,-2574
3417,-236,-2586
3424,-223,-2593
3421,-217,-2596
3410,-227,-2588
3397,-246,-2570
3384,-277,-2558
3371,-318,-2545
3365,-361,-2541
3359,-402,-2536
3360,-443,-2523
3371,-486,-2501
3401,-534,-2483
3446,-574,-2481
3495,-611,-2479
3538,-648,-2461
3570,-693,-2429
3590,-741,-2389
3594,-783,-2359
3594,-814,-2344
3566,-848,-2317
3523,-892,-2299
3470,-938,-2294
3422,-988,-2309
3386,-1035,-2324
3359,-1078,-2336
3337,-1112,-2331
3322,-1151,-2297
3322,-1195,-2263
3339,-1240,-2242
3368,-1286,-2214
3390,-1338,-2164
3399,-1401,-2103
3400,-1461,-2050
3408,-1506,-2036
3414,-1520,-2071
3400,-1494,-2148
3383,-1419,-2264
3359,-1300,-2382
3336,-1159,-2474
3322,-1004,-2515
3336,-861,-2517
3375,-738,-2480
3423,-650,-2400
3463,-604,-2276
3501,-601,-2140
3557,-625,-2048
3636,-637,-2038
3717,-623,-2110
3769,-575,-2227
3776,-499,-2348
3741,-419,-2438
3677,-356,-2484
3619,-318,-2512
3570,-306,-2555
3539,-296,-2633
3510,-276,-2739
3477,-242,-2862
3419,-217,-2953
3390,-199,-3042
3388,-209,-3046
3392,-204,-2975
3382,-196,-2852
3372,-229,-2659
3377,-327,-2441
3429,-448,-2331
3508,-553,-2363
3551,-636,-2450
3529,-691,-2510
3457,-710,-2514
3366,-707,-2464
3277,-696,-2373
3200,-688,-2271
3168,-669,-2193
3168,-626,-2158
3198,-555,-2178
3242,-465,-2226
3271,-370,-2253
3273,-284,-2236
3259,-211,-2192
3248,-142,-2162
3245,-78,-2166
3241,-22,-2198
3236,22,-2235
3224,52,-2260
3205,69,-2266
3175,80,-2263
3150,88,-2268
3128,92,-2260
3104,91,-2244
3081,83,-2230
3060,71,-2220
3049,61,-2211
3041,47,-2203
3028,36,-2199
3018,23,-2190
3009,12,-2176
2996,9,-2162
2987,7,-2144
2986,6,-2125
3002,5,-2106
3024,7,-2102
3062,14,-2110
3113,16,-2125
3190,19,-2165
3291,31,-2239
3396,43,-2324
3485,55,-2395
3552,56,-2441
3606,57,-2459
3653,69,-2472
3703,84,-2480
3744,106,-2472
3768,123,-2424
3805,148,-2390
3868,202,-2399
3930,280,-2425
3967,362,-2434
3974,432,-2413
3976,497,-2368
3984,560,-2335
3997,622,-2335
4004,673,-2353
4006,698,-2369
4000,701,-2363
3989,679,-2333
3981,645,-2288
3963,601,-2246
3937,543,-2208
3907,474,-2174
3867,405,-2146
3827,335,-2122
3790,263,-2103
3753,196,-2093
3719,127,-2085
3690,62,-2083
3662,-4,-2087
3646,-67,-2095
3638,-128,-2104
3640,-177,-2119
3642,-220,-2134
3645,-264,-2147
3652,-298,-2159
3670,-323,-2176
3690,-338,-2194
3702,-332,-2219
3703,-306,-2244
3693,-268,-2262
3669,-219,-2273
3632,-166,-2276
3592,-114,-2264
3556,-68,-2242
3527,-31,-2212
3509,-0,-2175
3503,24,-2136
3511,36,-2101
3532,42,-2073
3559,41,-2044
3583,31,-2030
3599,19,-2017
3609,10,-2012
3610,-3,-2016
3602,-14,-2018
3595,-18,-2021
3582,-22,-2025
3572,-18,-2034
3565,-12,-2037
3554,-3,-2041
3545,11,-2044
3537,30,-2046
3530,51,-2047
3528,73,-2048
3531,93,-2051
3535,110,-2059
3540,127,-2072
3543,142,-2085
3544,150,-2097
3547,161,-2104
3550,167,-2116
3552,164,-2127
3553,165,-2140
3557,158,-2150
3561,147,-2159
3564,137,-2166
3564,129,-2171
3561,119,-2172
3558,115,-2173
3554,113,-2169
3555,110,-2171
3565,110,-2170
3578,113,-2171
3591,123,-2181
3597,129,-2187
3593,135,-2190
3586,137,-2189
3580,138,-2188
3571,137,-2192
3563,134,-2195
3558,131,-2199
3552,121,-2199
3555,115,-2200
3557,107,-2202
3556,104,-2206
3550,99,-2208
3543,102,-2204
3533,105,-2202
3526,118,-2204
3515,131,-2197
3504,142,-2193
3491,159,-2196
3478,177,-2190
3469,194,-2186
3464,209,-2181
3462,220,-2180
3467,234,-2181
3471,242,-2184
3473,250,-2185
3481,249,-2188
3479,250,-2189
3477,246,-2190
3476,239,-2186
3475,229,-2188
3476,219,-2185
3481,204,-2185
3485,192,-2191
3487,179,-2187
3488,169,-2190
3490,158,-2191
3492,151,-2198
3498,151,-2196
3504,150,-2190
3508,153,-2191
3511,152,-2191
3513,154,-2190
3515,162,-2187
3515,168,-2188
3510,176,-2190
3508,182,-2191
3508,191,-2190
3509,193,-2191
3510,195,-2196
3506,192,-2199
3502,191,-2200
3504,187,-2203
3503,179,-2206
3499,168,-2207
3500,162,-2205
3500,152,-2203
3497,145,-2203
3498,137,-2204
3500,127,-2206
3503,126,-2203
3500,124,-2197
3500,123,-2196
3499,120,-2195
3496,120,-2193
3487,123,-2191
3481,131,-2193
3473,134,-2191
3476,144,-2190
3478,153,-2197
3485,163,-2200
3493,175,-2200
3502,182,-2203
3505,186,-2204
3507,192,-2199
3504,199,-2202
3505,199,-2202
3509,200,-2200
3508,200,-2198
3508,200,-2195
3510,204,-2200
3514,209,-2198
3519,214,-2206
3523,224,-2209
3527,230,-2208
3523,240,-2206
3516,251,-2210
3509,260,-2206
3502,267,-2205
3495,273,-2206
3489,281,-2205
3484,291,-2203
3488,296,-2205
3491,299,-2210
3500,311,-2216
3503,320,-2215
3506,319,-2214
3507,322,-2214
3496,323,-2215
3489,317,-2210
3486,314,-2209
3481,305,-2209
3479,299,-2206
3474,291,-2208
3475,286,-2208
3472,279,-2205
3474,271,-2207
3472,270,-2205
3466,259,-2206
3461,252,-2202
3461,250,-2203
3460,247,-2209
3462,244,-2211
3473,238,-2211
3481,238,-2217
3487,244,-2219
3491,245,-2222
3497,248,-2220
3498,250,-2219
3501,252,-2215
3498,253,-2217
3498,258,-2220
3497,261,-2223
3501,267,-2223
3511,273,-2232
3513,280,-2234
3517,288,-2237
3518,292,-2237
3519,297,-2236
3522,297,-2233
3519,298,-2234
3513,296,-2236
3510,290,-2235
3503,283,-2234
3497,277,-2234
3495,275,-2235
3493,275,-2236
3490,273,-2229
3488,269,-2226
3489,266,-2220
3487,262,-2215
3485,262,-2217
3477,258,-2216
3480,252,-2215
3479,248,-2216
3474,238,-2214
3475,234,-2216
3475,226,-2213
3475,216,-2211
3475,208,-2211
3480,199,-2217
3479,193,-2220
3477,183,-2223
3478,179,-2221
3476,174,-2224
3470,169,-2224
3468,176,-2228
3470,174,-2232
3471,179,-2237
3478,184,-2234
3484,189,-2235
3487,193,-2236
3490,195,-2241
3494,199,-2238
3491,201,-2234
3492,201,-2229
3493,204,-2224
3489,201,-2221
3491,201,-2218
3485,202,-2218
3488,197,-2219
3488,194,-2217
3485,194,-2221
3486,199,-2219
3490,200,-2221
3488,206,-2223
3488,213,-2224
3490,218,-2221
3491,222,-2218
3495,226,-2215
3498,233,-2215
3498,238,-2204
3496,244,-2203
3502,245,-2201
3500,249,-2201
3498,253,-2198
3498,255,-2196
3501,258,-2199
3497,262,-2199
3495,259,-2199
3495,257,-2197
3490,255,-2195
3487,256,-2195
3489,255,-2196
3487,256,-2199
3486,257,-2198
3483,255,-2210
3480,254,-2214
3484,255,-2216
3483,257,-2219
3480,255,-2222
3480,260,-2225
3480,262,-2231
3478,259,-2234
3480,259,-2231
3476,258,-2232
3474,255,-2231
3473,252,-2228
3474,251,-2231
3470,248,-2234
3471,242,-2236
3471,239,-2238
3469,237,-2236
3470,231,-2236
3472,229,-2233
3482,227,-2229
3485,226,-2230
3488,224,-2230
3488,226,-2226
3490,228,-2227
3492,231,-2227
3494,234,-2226
3497,233,-2224
3497,235,-2223
3501,239,-2225
3505,241,-2230
3507,245,-2232
3509,250,-2236
3505,252,-2232
3498,254,-2237
3493,253,-2240
3492,255,-2245
3493,255,-2249
3492,254,-2249
3492,249,-2248
3483,249,-2256
3475,244,-2253
3470,246,-2251
3467,249,-2252
3462,251,-2250
3460,257,-2247
3457,257,-2242
3458,262,-2239
3458,265,-2235
3461,264,-2236
3461,265,-2233
3459,264,-2232
3457,260,-2230
3457,257,-2227
3456,255,-2230
3458,254,-2229
3465,252,-2231
3467,253,-2233
3471,249,-2230
3479,247,-2228
3484,245,-2226
3486,245,-2229
3486,243,-2229
3486,239,-2234
3486,237,-2238
3488,239,-2239
3488,239,-2243
3488,237,-2245
3482,237,-2245
3474,234,-2248
3473,238,-2246
3473,240,-2246
3467,240,-2246
3464,242,-2243
3461,247,-2241
3461,248,-2240
3457,251,-2240
3456,249,-2241
3459,248,-2240
3462,246,-2239
3468,243,-2236
3470,235,-2235
3479,233,-2237
3486,229,-2234
3489,220,-2234
3490,215,-2236
3491,213,-2237
3486,211,-2238
3485,210,-2237
3480,214,-2238
3481,218,-2240
3479,226,-2240
3480,239,-2241
3482,250,-2246
3483,262,-2250
3481,273,-2248
3484,282,-2248
3481,292,-2250
3482,300,-2251
3483,303,-2251
3485,307,-2247
3483,310,-2247
3483,314,-2253
3477,313,-2250
3477,313,-2247
3479,309,-2246
3481,307,-2244
3483,302,-2238
3486,299,-2235
3483,293,-2233
3483,289,-2232
3479,280,-2231
3471,268,-2229
3467,256,-2228
3461,249,-2230
3459,238,-2229
3457,232,-2231
3459,224,-2239
3455,222,-2241
3454,218,-2240
3455,217,-2245
3458,214,-2242
3460,210,-2242
3463,210,-2244
3462,209,-2247
3460,209,-2246
3459,213,-2246
3461,217,-2244
3458,216,-2241
3455,220,-2240
3456,224,-2243
3462,229,-2245
3467,234,-2249
3475,235,-2250
3474,243,-2251
3477,246,-2251
3476,248,-2250
3482,248,-2244
3483,250,-2245
3492,254,-2247
3495,263,-2249
3500,273,-2249
3502,280,-2244
3504,282,-2240
3505,283,-2232
3500,282,-2225
3498,285,-2222
3495,284,-2221
3494,283,-2217
3490,286,-2214
3484,289,-2215
3486,290,-2214
3488,293,-2217
3489,296,-2219
3488,294,-2218
3483,291,-2221
3479,290,-2216
3473,289,-2213
3471,288,-2213
3467,282,-2214
3469,278,-2215
3468,276,-2217
3470,275,-2220
3476,269,-2222
3474,262,-2219
3474,259,-2224
3470,251,-2220
3467,249,-2225
3461,245,-2226
3463,242,-2228
3461,242,-2227
3467,243,-2224
3468,244,-2225
3470,247,-2226
3477,247,-2229
3480,252,-2229
3482,255,-2223
3476,257,-2222
3473,265,-2224
3473,267,-2229
3471,267,-2231
3474,266,-2228
3476,267,-2230
3476,272,-2231
3480,272,-2229
3481,269,-2232
3482,266,-2239
3482,262,-2243
3481,262,-2246
3480,262,-2246
3477,261,-2248
3479,260,-2249
3481,264,-2251
3483,264,-2256
3483,264,-2258
3484,261,-2257
3484,261,-2254
3482,264,-2251
3480,268,-2247
3479,272,-2242
3478,279,-2237
3481,288,-2232
3478,292,-2228
3481,299,-2220
3482,305,-2212
3483,304,-2204
3483,305,-2204
3485,308,-2200
3484,306,-2198
3486,304,-2195
3487,302,-2191
3485,301,-2192
3490,300,-2190
3492,296,-2191
3492,297,-2192
3492,295,-2196
3492,289,-2203
3493,288,-2211
3495,282,-2217
3496,274,-2220
3497,272,-2226
3494,270,-2235
3491,261,-2238
3489,261,-2243
3490,256,-2239
3493,251,-2237
3496,248,-2238
3496,245,-2241
3501,239,-2236
3497,234,-2235
3498,228,-2231
3496,225,-2226
3497,219,-2224
3493,214,-2224
3491,214,-2219
3490,209,-2216
3485,207,-2213
3483,203,-2209
3486,202,-2206
3488,198,-2204
3484,197,-2202
3484,198,-2199
3484,199,-2192
3486,200,-2189
3490,204,-2184
3491,207,-2178
3492,208,-2173
3493,213,-2172
3494,216,-2169
3494,218,-2171
3496,220,-2172
3493,223,-2170
3494,225,-2176
3494,228,-2177
3491,230,-2179
3491,231,-2187
3494,237,-2195
3497,237,-2200
3497,241,-2209
3498,242,-2216
3494,241,-2226
3492,243,-2231
3489,244,-2237
3489,248,-2242
3493,254,-2243
3490,258,-2243
3489,257,-2245
3490,257,-2248
3490,254,-2243
3485,253,-2242
3485,255,-2239
3484,254,-2238
3484,256,-2238
3481,260,-2233
3484,262,-2226
3485,268,-2222
3488,270,-2220
3492,270,-2214
3495,274,-2210
3500,273,-2207
3496,275,-2206
3496,271,-2201
3497,270,-2200
3496,268,-2198
3498,267,-2199
3495,263,-2198
3497,260,-2195
3502,255,-2192
3500,251,-2186
3497,246,-2188
3497,241,-2190
3498,237,-2194
3499,236,-2196
3499,229,-2196
3497,229,-2198
3498,230,-2199
3494,236,-2204
3490,233,-2207
3490,239,-2208
3488,241,-2208
3489,243,-2210
3493,245,-2218
3491,241,-2221
3489,242,-2224
3491,242,-2225
3492,243,-2226
3490,245,-2226
3495,249,-2227
3495,252,-2226
3495,255,-2224
3495,257,-2219
3496,258,-2219
3496,254,-2217
3498,251,-2215
3495,248,-2214
3489,246,-2212
3488,245,-2212
3487,241,-2212
3487,239,-2213
3486,242,-2209
3483,242,-2209
3486,240,-2206
3490,239,-2206
3493,237,-2208
3492,237,-2208
3485,233,-2210
3487,233,-2211
3486,228,-2212
3487,226,-2212
3489,227,-2216
3489,229,-2217
3490,230,-2217
3491,233,-2218
3494,238,-2219
3498,234,-2217
3502,236,-2217
3498,234,-2219
3496,235,-2217
3491,233,-2219
3491,235,-2220
3490,237,-2221
3490,239,-2223
3488,238,-2224
3488,245,-2224
3488,248,-2229
3489,251,-2231
3487,248,-2233
3480,249,-2226
3477,250,-2226
3474,248,-2230
3471,250,-2231
3470,254,-2231
3470,250,-2229
3478,251,-2229
3478,245,-2227
3482,241,-2223
3485,240,-2222
3480,235,-2218
3486,234,-2221
3487,232,-2221
3490,232,-2215
3491,234,-2214
3494,235,-2215
3495,235,-2218
3492,236,-2220
3487,238,-2221
3488,242,-2222
3490,245,-2223
3489,250,-2221
3493,254,-2221
3491,252,-2224
3490,254,-2226
3489,257,-2222
3486,255,-2221
3487,255,-2217
3489,251,-2218
3487,254,-2213
3488,254,-2210
3489,248,-2209
3487,248,-2207
3488,241,-2201
3486,234,-2198
3489,233,-2197
3493,231,-2197
3493,230,-2198
3499,227,-2201
3498,228,-2202
3499,227,-2205
3497,227,-2203
3498,228,-2205
3499,234,-2209
3499,233,-2210
3498,236,-2212
3499,239,-2213
3497,241,-2215
3495,244,-2217
3495,244,-2213
3494,246,-2214
3493,247,-2220
3490,249,-2222
3485,248,-2222
3484,250,-2222
3482,251,-2223
3478,252,-2228
3472,257,-2233
3470,258,-2235
3471,260,-2237
3468,260,-2240
3464,261,-2249
3466,261,-2249
3466,257,-2255
3470,255,-2256
3469,253,-2257
3469,251,-2256
3470,244,-2262
3471,241,-2263
3471,240,-2265
3472,238,-2264
3472,239,-2262
3470,236,-2256
3475,231,-2256
3474,234,-2254
3474,233,-2246
3468,235,-2238
3469,237,-2233
3471,236,-2223
3472,234,-2219
3476,234,-2211
3478,240,-2208
3478,239,-2203
3482,241,-2203
3487,246,-2202
3486,250,-2202
3486,252,-2202
3494,254,-2198
3495,253,-2198
3496,253,-2203
3497,252,-2205
3497,245,-2208
3499,243,-2211
3498,241,-2212
3500,235,-2215
3499,235,-2218
3501,229,-2219
3500,225,-2219
3501,226,-2222
3501,222,-2227
3499,222,-2225
3497,223,-2220
3493,220,-2213
3488,218,-2213
3484,217,-2213
3480,218,-2212
3479,219,-2211
3476,219,-2213
3474,222,-2218
3473,220,-2220
3475,221,-2221
3477,224,-2223
3480,229,-2223
3482,230,-2222
3482,232,-2221
3485,236,-2223
3486,237,-2225
3485,239,-2228
3482,240,-2226
3479,242,-2226
3480,248,-2227
3481,250,-2226
3486,255,-2226
3484,257,-2226
3485,259,-2222
3487,260,-2221
3488,254,-2218
3489,254,-2216
3489,250,-2214
3487,248,-2212
3491,249,-2215
3489,251,-2219
3490,249,-2222
3491,249,-2222
3492,252,-2222
3494,253,-2222
3494,252,-2225
3492,254,-2227
3491,258,-2232
3488,256,-2233
3485,259,-2234
3484,260,-2236
3486,264,-2240
3486,264,-2240
3485,266,-2239
3483,268,-2237
3478,269,-2236
3476,269,-2239
3472,272,-2238
3470,276,-2238
3472,278,-2243
3469,278,-2243
3467,279,-2247
3463,278,-2248
3461,276,-2248
3461,274,-2250
3462,274,-2255
3462,275,-2255
3464,276,-2254
3469,275,-2253
3471,276,-2247
3473,280,-2244
3476,279,-2243
3476,277,-2242
3480,277,-2239
3481,274,-2237
3484,272,-2234
3484,274,-2232
3480,271,-2230
3480,270,-2225
3482,271,-2223
3483,269,-2221
3482,265,-2221
3481,260,-2222
3480,259,-2214
3477,256,-2214
3476,255,-2215
3480,259,-2214
3480,259,-2215
3480,258,-2211
3477,258,-2210
3482,254,-2214
3482,252,-2218
3481,253,-2220
3478,252,-2220
3476,249,-2221
3472,248,-2221
3474,248,-2219
3477,244,-2219
3483,243,-2217
3485,242,-2221
3484,248,-2221
3486,248,-2222
3490,249,-2221
3492,247,-2222
3492,245,-2222
3491,242,-2222
3490,242,-2223
3490,240,-2223
3492,235,-2228
3492,238,-2226
3494,238,-2225
3494,239,-2224
3492,245,-2224
3490,243,-2224
3484,244,-2224
3483,246,-2226
3476,247,-2226
3479,251,-2228
3478,252,-2228
3475,252,-2228
3470,252,-2227
3467,251,-2228
3465,250,-2228
3462,248,-2237
3462,244,-2241
3463,241,-2245
3461,240,-2246
3464,237,-2249
3466,237,-2254
3463,234,-2253
3463,230,-2254
3465,228,-2260
3466,227,-2263
3465,225,-2268
3465,224,-2266
3465,225,-2264
3464,223,-2266
3462,223,-2264
3460,222,-2262
3457,223,-2262
3459,223,-2259
3459,227,-2254
3458,229,-2253
3459,233,-2250
3459,236,-2247
3463,244,-2243
3466,252,-2233
3463,255,-2233
3464,257,-2232
3467,263,-2231
3471,265,-2231
3470,262,-2230
3475,260,-2231
3474,266,-2228
3474,267,-2229
3474,265,-2230
3474,259,-2230
3480,260,-2228
3481,260,-2230
3480,256,-2227
3480,251,-2226
3484,251,-2229
3484,248,-2230
3483,244,-2228
3485,242,-2229
3485,241,-2232
3482,243,-2232
3480,244,-2232
3481,245,-2233
3483,250,-2234
3481,253,-2235
3481,256,-2241
3485,259,-2241
3488,262,-2238
3485,263,-2240
3482,264,-2240
3479,265,-2238
3476,268,-2239
3468,268,-2240
3464,264,-2238
3465,264,-2239
3464,265,-2239
3464,265,-2242
3462,264,-2242
3464,261,-2243
3466,258,-2240
3468,257,-2241
3464,254,-2241
3465,252,-2239
3469,253,-2237
3473,252,-2235
3474,249,-2235
3478,245,-2236
3484,242,-2237
3487,241,-2240
3486,240,-2243
3486,241,-2246
3486,243,-2245
3483,239,-2248
3483,243,-2249
3481,247,-2250
3479,245,-2248
3473,244,-2241
3472,250,-2241
3471,251,-2238
3467,252,-2239
3464,255,-2241
3461,252,-2237
3460,249,-2237
3460,248,-2241
3458,249,-2243
3459,249,-2245
3459,251,-2246
3462,248,-2243
3461,252,-2242
3464,256,-2243
3467,254,-2243
3469,258,-2248
3470,258,-2248
3476,260,-2247
3477,260,-2246
3482,258,-2248
3487,254,-2250
3487,259,-2250
3487,262,-2251
3490,261,-2253
3489,262,-2254
3485,261,-2258
3483,261,-2263
3480,261,-2268
3474,263,-2265
3469,260,-2265
3463,263,-2262
3459,263,-2264
3458,264,-2261
3456,262,-2260
3457,263,-2255
3456,260,-2252
3451,258,-2253
3450,258,-2249
3453,255,-2246
3457,253,-2246
3461,251,-2246
3463,248,-2246
3465,248,-2243
3465,249,-2242
3468,245,-2242
3472,244,-2241
3470,243,-2240
3475,244,-2239
3474,242,-2240
3475,240,-2241
3475,242,-2239
3474,243,-2240
3476,245,-2243
3479,247,-2244
3477,248,-2246
3474,248,-2238
3473,248,-2236
3470,247,-2235
3472,247,-2233
3468,250,-2234
3467,247,-2233
3470,247,-2234
3474,247,-2236
3480,246,-2231
3479,249,-2229
3484,250,-2230
3483,245,-2233
3482,239,-2229
3486,234,-2225
3488,230,-2222
3491,223,-2220
3490,218,-2214
3492,214,-2218
3492,214,-2218
3491,210,-2218
3488,208,-2218
3487,207,-2219
3485,208,-2218
3484,206,-2222
3480,209,-2228
3478,217,-2232
3471,220,-2233
3470,225,-2239
3469,230,-2245
3467,235,-2248
3465,237,-2247
3462,242,-2248
3462,247,-2249
3458,247,-2250
3456,246,-2249
3455,247,-2247
3460,247,-2252
3461,246,-2256
3460,243,-2256
3460,243,-2260
3464,240,-2261
3468,241,-2267
3474,243,-2264
3474,242,-2259
3474,244,-2259
3473,242,-2259
3474,241,-2257
3474,240,-2259
3470,239,-2262
3466,241,-2264
3464,244,-2263
3463,248,-2260
3464,247,-2261
3465,249,-2249
3470,252,-2248
3472,254,-2245
3470,251,-2243
3470,254,-2236
3471,255,-2235
3471,256,-2230
3469,258,-2227
3473,256,-2222
3474,252,-2221
3478,255,-2219
3480,259,-2220
3483,264,-2219
3486,267,-2219
3491,268,-2219
3491,273,-2219
3490,272,-2226
3494,274,-2228
3495,275,-2229
3493,274,-2232
3495,274,-2232
3493,274,-2229
3496,271,-2232
3495,267,-2228
3495,265,-2232
3492,262,-2233
3493,261,-2229
3486,260,-2227
3483,262,-2224
3480,259,-2220
3482,260,-2219
3485,259,-2216
3484,260,-2218
3480,262,-2215
3481,263,-2212
3481,259,-2214
3477,256,-2213
3473,256,-2216
3473,255,-2220
3475,252,-2223
3475,254,-2224
3475,254,-2226
3482,254,-2222
3484,252,-2224
3486,250,-2228
3482,249,-2227
3481,249,-2227
3480,254,-2225
3483,252,-2225
3481,255,-2224
3479,255,-2224
3483,257,-2227
3488,257,-2226
3489,255,-2226
3488,256,-2224
3488,259,-2226
3491,258,-2223
3491,261,-2222
3491,259,-2222
3490,260,-2220
3490,263,-2213
3491,262,-2208
3490,262,-2205
3489,258,-2205
3490,262,-2207
3491,257,-2209
3489,254,-2211
3490,256,-2210
3491,260,-2212
3497,258,-2216
3497,260,-2216
3499,260,-2213
3501,259,-2206
3502,255,-2205
3500,253,-2197
3497,250,-2200
3495,244,-2193
3491,241,-2194
3491,237,-2194
3490,233,-2195
3491,235,-2201
3489,236,-2207
3489,239,-2207
3492,239,-2208
3494,244,-2209
3494,247,-2211
3495,250,-2213
3495,257,-2215
3492,258,-2219
3489,261,-2220
3490,261,-2221
3488,268,-2224
3481,269,-2224
3482,270,-2224
3478,269,-2221
3482,267,-2221
3481,265,-2220
3483,261,-2221
3485,263,-2216
3484,261,-2214
3485,261,-2210
3486,261,-2210
3486,260,-2211
3487,263,-2210
3488,265,-2210
3491,265,-2208
3494,263,-2205
3495,265,-2202
3492,265,-2198
3491,268,-2197
3491,270,-2195
3495,272,-2196
3497,271,-2197
3502,272,-2198
3504,272,-2196
3504,272,-2193
3507,274,-2194
3506,270,-2193
3505,272,-2194
3501,268,-2200
3500,269,-2203
3500,268,-2203
3498,262,-2200
3495,261,-2200
3493,257,-2201
3493,255,-2203
3494,252,-2204
3493,254,-2205
3493,253,-2205
3494,256,-2207
3494,256,-2208
3496,255,-2206
3494,254,-2208
3492,251,-2209
3497,250,-2206
3495,251,-2210
3495,250,-2210
3492,247,-2209
3491,246,-2211
3492,241,-2211
3495,243,-2215
3495,242,-2215
3494,241,-2219
3491,238,-2219
3495,237,-2216
3493,239,-2213
3492,240,-2213
3490,243,-2212
3487,242,-2213
3487,241,-2213
3486,242,-2212
3486,241,-2214
3487,242,-2218
3488,240,-2221
3489,245,-2224
3485,244,-2230
3486,249,-2232
3484,250,-2230
3484,254,-2233
3484,252,-2234
3480,251,-2233
3480,253,-2234
3478,251,-2235
3482,246,-2233
3481,246,-2237
3483,242,-2240
3482,242,-2240
3480,237,-2238
3480,239,-2235
3482,239,-2231
3479,241,-2232
3479,244,-2228
3483,249,-2231
3487,253,-2228
3490,254,-2223
3493,260,-2220
3488,261,-2217
3487,264,-2217
3489,265,-2215
3487,266,-2210
3482,272,-2209
3480,273,-2213
3480,277,-2217
3484,278,-2214
3485,278,-2214
3489,280,-2211
3490,273,-2209
3491,273,-2209
3493,269,-2211
3492,263,-2207
3491,254,-2209
3490,248,-2209
3488,246,-2213
3489,246,-2213
3487,241,-2216
3487,241,-2219
3483,239,-2219
3484,240,-2224
3488,244,-2222
3490,248,-2220
3492,247,-2220
3496,255,-2220
3496,257,-2219
3492,260,-2219
3495,257,-2220
3493,259,-2220
3493,257,-2224
3489,255,-2226
3483,260,-2228
3471,261,-2232
3466,262,-2226
3462,264,-2217
3460,273,-2215
3462,279,-2207
3469,280,-2196
3481,279,-2183
3498,279,-2178
3509,276,-2178
3519,264,-2180
3522,250,-2186
3523,235,-2188
3520,226,-2199
3510,218,-2200
3503,214,-2207
3498,212,-2209
3495,215,-2210
3496,223,-2215
3499,229,-2216
3500,236,-2214
3499,245,-2215
3498,250,-2220
3490,256,-2224
3482,261,-2228
3476,268,-2232
3471,270,-2237
3467,277,-2239
3463,281,-2236
3462,287,-2235
3462,289,-2229
3468,294,-2227
3469,291,-2224
3470,297,-2223
3467,297,-2217
3470,296,-2219
3472,295,-2221
3476,292,-2220
3481,294,-2217
3485,293,-2219
3488,289,-2220
3493,285,-2223
3499,284,-2222
3500,281,-2218
3503,276,-2215
3500,270,-2216
3498,268,-2214
3494,265,-2212
3491,265,-2214
3492,265,-2216
3494,266,-2221
3495,267,-2224
3492,268,-2229
3490,270,-2232
3485,270,-2237
3485,270,-2240
3484,273,-2245
3479,275,-2246
3477,278,-2247
3473,281,-2247
3470,284,-2250
3467,284,-2248
3467,286,-2250
3467,291,-2249
3472,291,-2246
3470,288,-2246
3467,285,-2243
3472,291,-2245
3477,295,-2246
3481,299,-2245
3484,307,-2243
3485,312,-2233
3489,311,-2228
3496,310,-2222
3496,305,-2218
3502,303,-2215
3504,297,-2215
3500,294,-2215
3499,293,-2212
3491,287,-2216
3478,283,-2218
3466,284,-2217
3459,281,-2218
3456,282,-2214
3455,282,-2208
3456,277,-2197
3455,272,-2188
3461,268,-2178
3473,265,-2175
3489,262,-2176
3504,254,-2179
3509,245,-2186
3506,234,-2190
3505,221,-2200
3501,208,-2206
3498,200,-2210
3495,195,-2213
3493,190,-2215
3492,187,-2220
3495,187,-2221
3499,190,-2223
3498,195,-2224
3496,203,-2222
3491,209,-2218
3484,218,-2213
3482,226,-2214
3477,231,-2218
3472,234,-2218
3471,236,-2220
3467,241,-2219
3470,248,-2222
3464,253,-2226
3461,255,-2233
3459,260,-2237
3454,265,-2242
3447,274,-2245
3447,280,-2247
3448,286,-2247
3451,293,-2256
3455,303,-2259
3455,311,-2260
3451,315,-2264
3454,319,-2266
3456,323,-2270
3458,324,-2268
3459,326,-2270
3463,330,-2271
3464,330,-2271
3469,334,-2270
3473,336,-2265
3477,334,-2262
3479,330,-2263
3480,330,-2260
3480,328,-2255
3473,329,-2250
3475,329,-2248
3475,328,-2243
3472,323,-2238
3471,321,-2236
3468,318,-2233
3462,314,-2229
3460,309,-2222
3454,303,-2219
3449,296,-2219
3449,293,-2225
3457,288,-2225
3460,285,-2226
3462,282,-2225
3463,283,-2221
3468,282,-2222
3470,282,-2226
3474,284,-2225
3479,286,-2225
3479,285,-2224
3486,289,-2223
3488,291,-2227
3489,294,-2228
3490,294,-2223
3491,293,-2219
3491,293,-2223
3489,295,-2220
3487,295,-2220
3482,294,-2215
3482,294,-2211
3474,295,-2208
3474,297,-2205
3469,299,-2202
3465,301,-2205
3461,300,-2206
3460,301,-2209
3461,296,-2211
3464,297,-2215
3469,297,-2215
3476,294,-2220
3480,296,-2221
3485,294,-2225
3488,294,-2230
3489,293,-2232
3493,296,-2238
3489,295,-2239
3490,296,-2244
3489,298,-2246
3491,301,-2245
3488,303,-2248
3484,301,-2250
3483,304,-2250
3480,304,-2245
3481,308,-2246
3481,313,-2248
3480,315,-2250
3478,319,-2253
3477,318,-2251
3473,316,-2252
3467,317,-2252
3464,317,-2255
3462,314,-2256
3463,315,-2258
3460,314,-2258
3461,311,-2262
3459,308,-2264
3457,309,-2266
3450,306,-2265
3454,303,-2272
3455,303,-2273
3455,301,-2273
3455,300,-2271
3456,299,-2268
3460,298,-2269
3458,298,-2268
3454,296,-2264
3455,296,-2258
3460,296,-2253
3460,297,-2248
3457,298,-2240
3457,297,-2241
3454,299,-2241
3455,297,-2239
3455,297,-2240
3455,297,-2240
3455,300,-2244
3457,301,-2244
3456,301,-2245
3456,304,-2244
3457,305,-2245
3460,313,-2243
3461,310,-2240
3458,310,-2237
3460,308,-2240
3457,305,-2239
3462,302,-2236
3465,300,-2237
3467,301,-2237
3471,302,-2236
3473,302,-2234
3472,304,-2237
3473,307,-2241
3477,312,-2240
3477,312,-2239
3478,308,-2248
3480,308,-2257
3483,309,-2260
3483,309,-2262
3478,310,-2262
3467,313,-2261
3462,316,-2259
3459,318,-2253
3456,318,-2253
3452,321,-2253
3449,324,-2247
3448,326,-2243
3444,329,-2240
3446,333,-2240
3444,332,-2243
3449,332,-2245
3447,330,-2249
3450,327,-2250
3453,331,-2250
3457,329,-2252
3461,330,-2254
3461,329,-2259
3459,328,-2257
3460,327,-2261
3459,326,-2263
3458,328,-2269
3454,331,-2272
3456,332,-2276
3457,340,-2277
3455,342,-2282
3456,341,-2281
3452,341,-2284
3448,340,-2285
3449,341,-2285
3444,339,-2281
3441,340,-2275
3441,337,-2274
3442,337,-2274
3443,335,-2272
3448,333,-2270
3450,326,-2267
3451,321,-2267
3453,317,-2261
3454,310,-2256
3459,307,-2251
3463,303,-2250
3462,300,-2251
3463,301,-2252
3462,294,-2252
3460,294,-2254
3458,295,-2251
3459,297,-2253
3464,299,-2254
3465,300,-2254
3463,300,-2253
3460,303,-2246
3459,304,-2243
3459,303,-2245
3458,308,-2246
3462,314,-2248
3463,314,-2243
3462,311,-2240
3461,316,-2241
3459,315,-2241
3460,318,-2242
3457,315,-2242
3456,315,-2246
3458,310,-2253
3456,316,-2261
3455,314,-2264
3455,313,-2270
3453,318,-2275
3452,320,-2280
3456,319,-2282
3454,318,-2284
3450,314,-2287
3453,314,-2287
3454,313,-2291
3453,313,-2288
3451,307,-2287
3446,309,-2283
3449,306,-2280
3448,303,-2276
3448,305,-2273
3442,303,-2270
3439,305,-2265
3440,307,-2263
3443,309,-2261
3441,316,-2260
3438,319,-2260
3444,324,-2257
3446,329,-2255
3447,334,-2256
3452,337,-2258
3455,344,-2257
3455,344,-2258
3456,346,-2256
3458,349,-2253
3458,346,-2250
3457,342,-2255
3458,342,-2261
3459,335,-2262
3460,330,-2258
3458,326,-2263
3459,325,-2260
3460,322,-2261
3460,322,-2259
3458,321,-2255
3460,318,-2256
3461,321,-2255
3462,324,-2259
3460,322,-2262
3462,324,-2264
3462,322,-2264
3463,324,-2262
3459,321,-2261
3457,324,-2263
3452,326,-2261
3445,321,-2263
3446,321,-2263
3446,321,-2262
3446,320,-2264
3452,319,-2263
3453,319,-2262
3456,314,-2259
3459,312,-2258
3459,311,-2256
3458,307,-2255
3452,306,-2253
3452,306,-2248
3452,306,-2251
3453,305,-2248
3456,308,-2246
3455,309,-2247
3449,312,-2247
3452,314,-2249
3449,319,-2250
3453,319,-2251
3454,321,-2256
3453,321,-2260
3455,319,-2258
3454,319,-2262
3455,320,-2262
3458,316,-2265
3454,313,-2264
3455,310,-2268
3457,310,-2271
3456,310,-2274
3454,312,-2277
3451,309,-2282
3453,311,-2282
3453,316,-2281
3451,315,-2282
3455,317,-2280
3454,325,-2280
3457,333,-2277
3460,335,-2271
3466,341,-2266
3474,342,-2254
3485,339,-2249
3497,335,-2243
3503,334,-2239
3510,330,-2233
3514,324,-2226
3515,315,-2224
3513,305,-2228
3515,296,-2229
3510,291,-2225
3502,286,-2219
3498,284,-2222
3492,286,-2228
3486,288,-2228
3477,292,-2232
3469,298,-2229
3463,301,-2228
3454,305,-2230
3448,308,-2233
3437,310,-2236
3433,313,-2237
3430,321,-2240
3425,324,-2243
3422,329,-2247
3414,325,-2244
3410,323,-2250
3407,319,-2250
3407,315,-2259
3408,310,-2270
3413,309,-2275
3417,310,-2282
3422,312,-2288
3426,310,-2295
3430,313,-2302
3434,313,-2307
3436,317,-2313
3441,320,-2313
3448,321,-2311
3450,325,-2303
3456,326,-2301
3460,327,-2295
3460,325,-2286
3461,324,-2278
3461,325,-2273
3461,327,-2265
3468,329,-2257
3465,328,-2250
3465,328,-2246
3468,330,-2243
3470,333,-2235
3472,331,-2229
3473,337,-2223
3478,334,-2224
3481,328,-2223
3484,330,-2220
3487,329,-2217
3487,324,-2214
3488,322,-2213
3484,321,-2209
3487,320,-2212
3487,317,-2207
3488,317,-2200
3487,309,-2200
3487,310,-2201
3487,310,-2201
3486,307,-2205
3485,307,-2204
3485,302,-2200
3480,303,-2204
3480,300,-2202
3477,300,-2205
3479,294,-2209
3477,293,-2214
3472,296,-2220
3466,295,-2220
3464,300,-2224
3464,304,-2229
3461,306,-2232
3461,308,-2234
3462,309,-2238
3463,312,-2235
3465,311,-2235
3466,317,-2238
3463,318,-2242
3463,323,-2246
3467,325,-2257
3468,326,-2262
3473,328,-2259
3480,328,-2259
3486,329,-2262
3488,329,-2260
3489,332,-2259
3488,335,-2261
3489,334,-2264
3487,338,-2264
3485,341,-2271
3488,345,-2271
3482,350,-2272
3479,351,-2275
3475,352,-2276
3470,347,-2272
3465,349,-2266
3459,353,-2259
3459,352,-2255
3458,353,-2249
3456,347,-2242
3457,344,-2235
3455,342,-2231
3453,336,-2224
3453,335,-2216
3455,329,-2209
3456,324,-2203
3452,314,-2204
3451,307,-2201
3453,302,-2201
3457,299,-2204
3461,291,-2206
3464,288,-2207
3465,284,-2204
3464,282,-2210
3467,279,-2213
3470,281,-2214
3474,286,-2213
3474,283,-2219
3479,285,-2221
3480,283,-2221
3479,286,-2220
3481,286,-2218
3482,291,-2221
3485,293,-2220
3489,297,-2224
3485,296,-2224
3485,305,-2229
3489,309,-2228
3489,308,-2227
3488,309,-2226
3489,309,-2224
3492,311,-2223
3488,315,-2221
3489,320,-2219
3484,320,-2223
3485,318,-2222
3486,312,-2217
3481,311,-2214
3482,312,-2216
3478,306,-2212
3479,308,-2214
3478,308,-2216
3479,308,-2213
3479,307,-2215
3479,306,-2218
3480,307,-2221
3478,309,-2222
3475,314,-2224
3471,317,-2225
3476,316,-2222
3476,319,-2224
3479,325,-2225
3482,330,-2225
3479,334,-2225
3482,339,-2227
3478,337,-2225
3478,335,-2229
3477,330,-2232
3475,327,-2236
3473,321,-2235
3472,317,-2238
3468,315,-2241
3464,311,-2241
3468,306,-2242
3473,304,-2239
3479,306,-2244
3482,305,-2248
3484,308,-2243
3487,310,-2240
3489,316,-2232
3489,318,-2227
3489,324,-2222
3486,328,-2223
3483,328,-2214
3481,326,-2215
3480,328,-2217
3483,328,-2220
3479,327,-2219
3482,331,-2223
3483,330,-2223
3488,326,-2222
3488,326,-2219
3495,326,-2222
3492,326,-2221
3489,326,-2222
3486,323,-2222
3481,320,-2220
3474,314,-2225
3469,312,-2224
3465,310,-2225
3466,306,-2230
3465,305,-2232
3465,301,-2228
3466,300,-2231
3469,304,-2230
3470,302,-2228
3471,301,-2229
3472,299,-2223
3475,295,-2219
3478,292,-2218
3478,291,-2215
3478,289,-2214
3478,286,-2217
3480,282,-2217
3479,277,-2216
3481,279,-2212
3482,278,-2216
3484,279,-2215
3485,280,-2211
3481,283,-2211
3480,290,-2215
3481,298,-2217
3483,302,-2217
3483,308,-2218
3483,315,-2216
3485,318,-2219
3490,324,-2221
3490,327,-2223
3490,329,-2224
