721,405,-242
796,413,-229
865,422,-218
930,431,-214
988,436,-211
1036,435,-206
1073,439,-206
1109,436,-201
1140,434,-196
1156,429,-190
1158,423,-188
1160,414,-187
1139,400,-181
1117,382,-173
1089,361,-158
1056,345,-144
1013,325,-128
964,304,-108
900,285,-89
836,262,-69
764,239,-53
684,215,-42
601,192,-22
513,171,0
422,149,17
332,133,33
245,120,48
161,102,57
81,94,64
5,87,71
-58,79,72
-116,80,73
-179,76,69
-231,74,63
-273,80,65
-309,84,70
-339,89,80
-362,94,86
-385,96,91
-405,100,95
-427,103,100
-448,107,110
-472,111,118
-496,115,121
-520,121,122
-544,127,120
-558,136,118
-565,154,116
-554,172,116
-518,186,115
-458,194,113
-381,198,109
-281,198,109
-176,195,105
-77,185,91
13,182,74
94,176,46
163,171,10
202,166,-27
212,156,-55
205,147,-79
181,134,-99
143,118,-101
90,96,-86
30,71,-65
-32,46,-34
-85,17,19
-143,-7,82
-195,-25,143
-237,-39,206
-270,-52,271
-287,-61,326
-288,-69,375
-264,-78,421
-219,-89,455
-160,-103,482
-96,-120,504
-27,-135,512
49,-150,517
128,-165,521
198,-180,513
263,-192,506
318,-207,503
369,-215,501
415,-229,491
451,-243,487
477,-256,487
491,-274,492
501,-286,499
506,-299,517
499,-320,544
484,-334,570
456,-348,599
413,-361,629
361,-371,657
295,-376,678
218,-374,692
144,-367,709
74,-355,721
6,-341,730
-50,-321,736
-91,-295,745
-127,-265,748
-151,-232,752
-167,-194,754
-179,-151,751
-179,-109,746
-176,-72,735
-170,-33,723
-156,12,712
-131,55,699
-98,99,694
-62,138,684
-18,173,673
34,207,667
99,239,664
171,263,663
234,283,656
289,304,648
337,316,640
379,322,632
417,330,632
457,336,636
494,336,652
533,341,667
570,343,683
600,339,700
625,333,714
649,329,730
669,322,741
684,314,750
696,306,754
701,301,750
695,289,733
680,282,705
670,273,681
662,267,659
658,263,639
663,251,613
669,241,585
669,236,554
675,231,524
684,229,492
694,221,459
698,216,423
706,208,384
708,203,350
703,194,316
691,190,277
671,180,235
642,171,197
618,159,164
589,142,134
557,125,109
525,109,85
494,93,59
462,70,35
424,45,12
380,18,-5
337,-8,-26
285,-33,-48
229,-53,-60
162,-73,-82
92,-93,-110
22,-116,-137
-48,-141,-159
-113,-166,-182
-178,-195,-200
-245,-225,-210
-309,-250,-214
-363,-274,-209
-416,-301,-208
-474,-329,-210
-534,-347,-208
-594,-364,-205
-646,-382,-205
-683,-401,-200
-715,-420,-199
-751,-437,-213
-808,-464,-236
-875,-491,-263
-955,-507,-303
-1037,-518,-353
-1126,-517,-410
-1210,-511,-481
-1290,-492,-567
-1365,-461,-655
-1429,-422,-741
-1483,-379,-820
-1520,-342,-883
-1545,-305,-934
-1548,-267,-955
-1537,-226,-959
-1506,-188,-951
-1469,-148,-924
-1416,-104,-882
-1353,-67,-832
-1287,-30,-777
-1217,9,-727
-1138,46,-677
-1050,83,-633
-958,123,-600
-857,162,-572
-744,196,-553
-631,220,-542
-513,235,-532
-384,242,-516
-259,252,-494
-143,255,-469
-43,252,-441
47,246,-409
126,234,-382
198,216,-355
255,197,-326
295,170,-302
330,140,-279
353,110,-258
366,71,-247
366,32,-243
349,-15,-241
328,-63,-240
304,-110,-243
277,-158,-245
242,-198,-247
197,-239,-251
141,-269,-265
78,-295,-287
9,-317,-318
-67,-336,-348
-142,-343,-382
-225,-353,-422
-307,-353,-463
-387,-346,-511
-465,-332,-556
-534,-318,-599
-596,-296,-639
-651,-268,-679
-696,-231,-705
-734,-191,-725
-765,-151,-733
-790,-111,-733
-809,-71,-727
-821,-42,-713
-820,-2,-695
-807,34,-684
-787,60,-671
-755,84,-659
-717,98,-650
-673,113,-637
-611,128,-625
-538,138,-614
-465,147,-604
-387,155,-590
-309,161,-575
-223,164,-561
-143,165,-548
-67,165,-535
11,170,-528
87,172,-516
164,169,-503
239,166,-492
305,164,-480
364,161,-471
416,157,-461
459,155,-450
496,150,-441
526,146,-430
541,140,-416
553,133,-406
551,127,-387
538,120,-373
523,114,-363
501,109,-344
470,104,-327
432,98,-310
392,93,-292
347,91,-271
300,82,-250
250,75,-222
196,69,-199
145,64,-178
87,58,-152
30,51,-131
-24,48,-112
-72,43,-93
-122,33,-77
-171,25,-58
-215,13,-45
-257,4,-21
-297,-3,7
-339,-12,41
-383,-24,72
-431,-34,103
-481,-43,135
-535,-45,167
-579,-44,199
-612,-41,229
-639,-32,259
-649,-14,290
-633,3,315
-587,20,336
-515,41,351
-424,43,358
-319,37,352
-213,29,341
-119,16,318
-44,7,286
20,16,252
71,27,216
96,38,185
101,42,161
90,34,145
77,24,145
49,11,158
18,0,189
-15,-7,238
-40,-17,295
-59,-23,361
-81,-26,427
-96,-34,492
-104,-35,555
-117,-35,616
-120,-37,672
-97,-37,722
-64,-35,770
-19,-28,805
47,-21,831
127,-17,853
222,-19,867
325,-18,879
434,-24,889
548,-31,894
653,-42,899
750,-57,905
831,-69,908
901,-82,916
954,-95,929
991,-114,943
1007,-136,958
1006,-162,981
980,-195,1010
951,-227,1043
914,-258,1086
859,-295,1137
798,-326,1186
726,-356,1232
645,-383,1274
560,-406,1309
477,-423,1348
395,-434,1380
313,-446,1408
235,-455,1432
154,-460,1454
79,-454,1473
11,-447,1489
-45,-441,1502
-95,-432,1518
-139,-418,1535
-182,-396,1555
-225,-382,1566
-265,-367,1575
-297,-350,1589
-330,-329,1596
-361,-313,1592
-396,-299,1581
-425,-284,1565
-454,-275,1549
-476,-266,1530
-498,-257,1510
-512,-248,1486
-516,-239,1463
-516,-235,1432
-512,-233,1406
-498,-228,1376
-472,-223,1348
-442,-221,1315
-407,-216,1281
-370,-214,1243
-330,-205,1203
-286,-199,1163
-245,-193,1126
-199,-189,1085
-154,-185,1040
-119,-175,990
-81,-162,941
-39,-150,895
8,-135,856
53,-120,813
99,-106,768
138,-90,722
174,-79,677
205,-71,625
234,-61,583
262,-51,540
288,-34,495
308,-18,446
322,-2,400
335,10,350
349,19,299
360,35,251
371,49,203
381,58,156
385,61,107
390,67,63
393,70,19
393,70,-19
390,69,-51
389,65,-80
384,59,-116
377,47,-150
376,35,-185
371,21,-217
360,8,-246
348,-5,-277
328,-21,-313
304,-34,-342
275,-43,-374
239,-54,-407
196,-61,-444
152,-67,-482
106,-73,-521
61,-82,-555
17,-94,-590
-23,-107,-625
-53,-124,-655
-78,-138,-679
-101,-150,-699
-120,-160,-722
-141,-170,-740
-146,-175,-758
-150,-190,-787
-164,-206,-821
-194,-227,-861
-251,-253,-913
-335,-276,-969
-430,-290,-1033
-539,-294,-1110
-647,-290,-1195
-757,-281,-1287
-868,-271,-1381
-973,-252,-1472
-1071,-232,-1555
-1157,-210,-1619
-1235,-193,-1667
-1302,-180,-1694
-1362,-166,-1707
-1412,-148,-1705
-1452,-130,-1689
-1484,-112,-1661
-1509,-93,-1624
-1526,-74,-1581
-1539,-60,-1535
-1545,-48,-1486
-1543,-34,-1442
-1531,-18,-1404
-1507,-1,-1371
-1463,17,-1348
-1403,31,-1330
-1332,38,-1320
-1248,43,-1311
-1147,45,-1302
-1039,45,-1294
-926,46,-1284
-811,45,-1272
-693,39,-1256
-574,33,-1236
-459,20,-1215
-351,4,-1194
-250,-10,-1170
-152,-25,-1142
-66,-44,-1116
11,-64,-1088
87,-83,-1051
159,-102,-1020
225,-128,-992
279,-158,-961
322,-185,-933
348,-216,-907
361,-247,-880
366,-271,-851
352,-292,-823
320,-306,-799
268,-324,-779
189,-339,-758
97,-351,-737
-12,-356,-722
-127,-360,-709
-264,-364,-692
-406,-367,-677
-554,-362,-658
-698,-353,-640
-831,-341,-615
-956,-335,-587
-1072,-324,-557
-1170,-314,-525
-1259,-299,-492
-1339,-285,-457
-1397,-270,-419
-1442,-252,-387
-1478,-238,-356
-1498,-226,-335
-1508,-214,-317
-1510,-202,-302
-1506,-199,-294
-1492,-193,-284
-1463,-190,-272
-1425,-187,-258
-1371,-178,-243
-1308,-176,-226
-1231,-174,-206
-1151,-165,-188
-1057,-157,-175
-951,-147,-159
-842,-139,-145
-731,-128,-133
-617,-120,-120
-498,-113,-110
-378,-102,-103
-262,-96,-92
-157,-93,-80
-67,-88,-70
12,-85,-60
81,-83,-57
145,-78,-54
190,-81,-52
221,-81,-52
235,-85,-53
235,-94,-54
220,-103,-55
193,-109,-58
149,-119,-60
95,-132,-65
38,-148,-69
-32,-164,-76
-104,-180,-81
-186,-197,-87
-273,-216,-90
-368,-233,-96
-468,-253,-102
-566,-268,-108
-669,-286,-114
-769,-300,-123
-867,-310,-127
-953,-317,-135
-1032,-324,-144
-1103,-330,-150
-1161,-335,-148
-1205,-340,-144
-1241,-344,-136
-1264,-344,-121
-1279,-347,-105
-1288,-342,-85
-1289,-334,-67
-1292,-325,-52
-1284,-314,-36
-1272,-295,-12
-1252,-264,12
-1215,-233,34
-1157,-202,52
-1085,-175,63
-993,-156,70
-888,-141,77
-778,-130,79
-663,-120,78
-547,-103,73
-430,-93,64
-326,-82,48
-237,-71,26
-171,-61,12
-131,-50,9
-104,-44,17
-85,-38,49
-77,-32,100
-76,-32,168
-88,-37,245
-110,-45,337
-143,-54,438
-183,-61,544
-235,-68,652
-284,-72,758
-334,-75,858
-382,-81,953
-419,-85,1034
-448,-86,1105
-461,-89,1160
-461,-90,1202
-449,-89,1225
-423,-98,1245
-391,-109,1257
-360,-124,1263
-329,-137,1264
-292,-156,1260
-263,-177,1253
-240,-206,1247
-225,-232,1236
-218,-263,1225
-209,-297,1212
-203,-335,1200
-205,-378,1189
-219,-425,1180
-251,-469,1172
-296,-521,1164
-362,-574,1156
-440,-624,1148
-538,-672,1141
-651,-717,1127
-781,-756,1106
-925,-788,1079
-1072,-813,1043
-1223,-829,998
-1366,-841,948
-1499,-850,902
-1616,-849,857
-1708,-846,814
-1780,-831,772
-1828,-813,731
-1848,-793,687
-1837,-768,643
-1800,-739,607
-1741,-710,572
-1666,-683,533
-1577,-654,492
-1478,-628,448
-1379,-606,401
-1288,-582,347
-1197,-562,292
-1106,-549,243
-1012,-538,195
-923,-540,153
-833,-547,117
-743,-555,92
-653,-572,72
-557,-589,61
-467,-607,50
-387,-627,39
-311,-648,28
-241,-672,14
-183,-695,3
-137,-718,-8
-102,-746,-21
-81,-773,-33
-66,-796,-47
-55,-821,-52
-45,-846,-53
-40,-871,-56
-42,-895,-62
-50,-919,-67
-64,-941,-75
-82,-964,-86
-103,-984,-96
-135,-1005,-109
-170,-1029,-123
-215,-1049,-139
-264,-1068,-153
-319,-1086,-174
-382,-1115,-188
-452,-1141,-206
-527,-1165,-225
-606,-1190,-244
-690,-1214,-263
-777,-1243,-277
-862,-1272,-289
-954,-1306,-306
-1049,-1338,-321
-1150,-1371,-331
-1249,-1405,-338
-1347,-1446,-347
-1446,-1484,-351
-1539,-1522,-357
-1637,-1562,-372
-1728,-1603,-383
-1813,-1642,-395
-1893,-1686,-406
-1966,-1731,-421
-2036,-1771,-436
-2098,-1809,-454
-2150,-1845,-474
-2196,-1881,-493
-2244,-1912,-515
-2288,-1943,-541
-2322,-1971,-564
-2348,-2001,-584
-2366,-2029,-606
-2390,-2054,-629
-2405,-2076,-652
-2421,-2096,-680
-2437,-2114,-705
-2454,-2129,-734
-2472,-2144,-755
-2492,-2161,-774
-2513,-2176,-796
-2539,-2193,-817
-2559,-2202,-838
-2579,-2211,-855
-2596,-2220,-881
-2617,-2224,-905
-2634,-2236,-924
-2648,-2248,-942
-2655,-2252,-960
-2661,-2255,-981
-2666,-2255,-992
-2670,-2258,-1001
-2670,-2260,-1012
-2666,-2260,-1023
-2659,-2257,-1028
-2655,-2253,-1033
-2649,-2244,-1035
-2639,-2237,-1040
-2629,-2232,-1045
-2618,-2219,-1049
-2600,-2211,-1056
-2580,-2201,-1063
-2558,-2184,-1070
-2532,-2171,-1082
-2504,-2156,-1098
-2474,-2139,-1115
-2443,-2122,-1131
-2397,-2106,-1146
-2354,-2086,-1157
-2300,-2066,-1168
-2246,-2049,-1181
-2191,-2028,-1189
-2127,-2008,-1196
-2062,-1986,-1200
-1987,-1958,-1205
-1909,-1931,-1212
-1828,-1899,-1217
-1737,-1867,-1223
-1650,-1830,-1232
-1565,-1793,-1245
-1483,-1756,-1253
-1394,-1718,-1263
-1308,-1679,-1276
-1223,-1637,-1283
-1137,-1598,-1288
-1058,-1559,-1294
-987,-1527,-1295
-921,-1493,-1300
-862,-1459,-1306
-804,-1427,-1309
-763,-1399,-1315
-724,-1370,-1326
-697,-1347,-1336
-680,-1328,-1347
-669,-1308,-1354
-661,-1286,-1362
-659,-1271,-1372
-664,-1261,-1381
-679,-1249,-1386
-696,-1240,-1392
-720,-1235,-1399
-749,-1227,-1403
-782,-1218,-1400
-820,-1214,-1399
-861,-1214,-1394
-909,-1213,-1392
-961,-1208,-1385
-1011,-1202,-1374
-1069,-1199,-1370
-1129,-1197,-1361
-1191,-1186,-1349
-1243,-1181,-1333
-1297,-1176,-1316
-1349,-1172,-1296
-1402,-1164,-1281
-1455,-1155,-1260
-1495,-1148,-1242
-1537,-1138,-1223
-1575,-1128,-1205
-1607,-1121,-1187
-1633,-1110,-1170
-1662,-1099,-1157
-1685,-1088,-1146
-1702,-1075,-1133
-1714,-1064,-1124
-1723,-1050,-1115
-1733,-1036,-1105
-1739,-1022,-1096
-1741,-1007,-1086
-1736,-988,-1074
-1734,-971,-1062
-1727,-951,-1055
-1719,-932,-1048
-1704,-915,-1041
-1685,-895,-1033
-1662,-875,-1026
-1633,-855,-1019
-1596,-835,-1013
-1556,-813,-1007
-1508,-790,-1004
-1456,-773,-1007
-1403,-752,-1006
-1346,-730,-1007
-1286,-709,-1010
-1228,-688,-1014
-1171,-671,-1021
-1112,-649,-1026
-1053,-626,-1030
-995,-604,-1032
-938,-581,-1036
-886,-560,-1042
-836,-538,-1048
-789,-517,-1051
-745,-495,-1052
-699,-471,-1051
-655,-450,-1051
-619,-428,-1046
-584,-408,-1042
-555,-387,-1041
-527,-367,-1036
-502,-346,-1032
-482,-329,-1025
-471,-313,-1016
-465,-296,-1008
-462,-281,-996
-465,-270,-982
-472,-254,-969
-486,-239,-955
-501,-230,-942
-522,-222,-924
-548,-213,-904
-576,-207,-884
-604,-199,-862
-632,-195,-841
-660,-191,-814
-690,-187,-787
-719,-194,-760
-741,-192,-734
-766,-195,-706
-789,-196,-672
-810,-201,-644
-831,-207,-615
-854,-211,-588
-876,-214,-565
-898,-222,-540
-917,-227,-518
-928,-232,-494
-939,-234,-473
-943,-233,-453
-947,-235,-433
-945,-235,-415
-933,-232,-393
-917,-228,-374
-895,-224,-359
-877,-220,-343
-850,-213,-325
-820,-203,-311
-791,-192,-294
-760,-177,-279
-728,-164,-269
-697,-151,-251
-664,-137,-238
-631,-125,-221
-602,-109,-205
-575,-94,-187
-550,-80,-174
-528,-69,-160
-502,-61,-145
-477,-45,-133
-443,-32,-118
-402,-21,-103
-362,-11,-90
-325,-8,-80
-289,-14,-68
-258,-20,-57
-236,-28,-52
-226,-36,-45
-229,-42,-30
-236,-47,-14
-250,-52,3
-266,-60,23
-291,-68,47
-322,-76,76
-353,-88,109
-391,-105,151
-429,-123,203
-467,-135,257
-506,-144,312
-550,-153,368
-597,-161,423
-639,-165,476
-681,-168,532
-724,-168,585
-762,-163,635
-795,-160,683
-820,-153,726
-834,-143,769
-840,-127,811
-832,-106,847
-813,-90,881
-784,-78,915
-742,-69,945
-681,-63,980
-621,-55,1010
-555,-50,1034
-488,-46,1059
-418,-42,1079
-348,-36,1092
-284,-31,1100
-218,-28,1100
-150,-23,1097
-89,-14,1086
-30,-3,1073
35,6,1060
103,7,1047
169,15,1026
233,27,1008
290,32,993
339,39,976
378,45,956
417,48,941
446,56,924
467,67,907
482,79,885
493,91,870
502,107,852
506,119,828
510,134,799
512,156,773
511,176,744
503,195,710
499,216,681
491,238,654
481,258,625
473,284,597
457,310,569
436,336,544
417,359,523
394,381,503
364,407,485
338,426,470
311,449,462
282,466,459
253,481,456
230,494,459
211,506,467
195,517,478
184,523,490
180,523,501
181,529,510
194,532,522
208,534,529
228,538,534
252,541,535
282,545,531
313,549,530
348,549,526
379,552,519
419,554,511
460,554,504
490,551,496
523,553,486
552,557,475
580,558,468
608,560,465
629,562,459
643,564,450
654,562,443
666,561,436
669,563,433
672,564,427
671,562,424
662,559,417
657,552,409
648,548,400
639,539,393
625,531,386
607,520,377
587,508,362
570,490,348
540,473,331
510,453,312
476,433,294
436,412,275
396,385,249
354,359,230
316,335,207
274,304,182
231,276,157
191,247,132
149,214,108
112,183,83
72,151,62
36,120,42
2,93,22
-30,65,5
-55,36,-12
-84,10,-28
-108,-17,-42
-133,-43,-52
-153,-65,-57
-172,-84,-71
-193,-108,-85
-211,-135,-98
-225,-162,-113
-231,-186,-131
-238,-209,-147
-243,-225,-159
-239,-241,-176
-224,-266,-200
-204,-298,-230
-192,-335,-269
-186,-366,-308
-202,-397,-354
-232,-429,-404
-276,-460,-456
-328,-475,-514
-385,-484,-574
-443,-486,-642
-499,-492,-709
-550,-496,-775
-597,-503,-838
-643,-512,-890
-689,-523,-927
-733,-532,-957
-778,-538,-977
-821,-544,-985
-865,-545,-987
-907,-545,-981
-949,-540,-974
-997,-535,-960
-1046,-523,-940
-1091,-512,-914
-1115,-499,-885
-1128,-487,-853
-1133,-477,-820
-1131,-470,-791
-1118,-472,-761
-1096,-481,-729
-1061,-487,-685
-1018,-491,-641
-969,-498,-595
-924,-495,-554
-881,-497,-514
-844,-497,-472
-804,-495,-432
-767,-492,-390
-726,-489,-354
-683,-489,-310
-641,-491,-267
-594,-492,-226
-542,-497,-185
-495,-499,-140
-448,-499,-98
-398,-496,-60
-353,-491,-36
-307,-483,-4
-263,-475,24
-226,-463,47
-196,-449,54
-168,-436,57
-149,-420,44
-140,-400,27
-131,-387,5
-133,-368,-20
-143,-349,-47
-149,-333,-60
-167,-313,-78
-190,-290,-100
-221,-274,-123
-258,-255,-140
-300,-235,-153
-344,-212,-166
-390,-193,-175
-430,-170,-183
-472,-150,-192
-510,-132,-202
-543,-115,-212
-567,-97,-227
-592,-83,-245
-609,-70,-260
-620,-64,-276
-626,-53,-296
-627,-42,-317
-621,-33,-337
-610,-22,-357
-588,-10,-380
-558,-1,-403
-517,12,-421
-469,20,-438
-413,30,-456
-349,41,-474
-279,53,-488
-199,66,-497
-126,80,-505
-48,96,-513
27,110,-522
109,121,-534
189,132,-539
260,145,-542
327,161,-548
382,176,-555
435,186,-560
482,197,-565
516,203,-568
547,210,-570
570,217,-570
589,222,-571
600,227,-572
604,226,-569
600,227,-568
594,226,-570
579,223,-569
562,217,-567
545,207,-569
521,197,-570
494,187,-569
462,182,-568
423,173,-573
382,167,-573
341,157,-571
294,144,-571
237,137,-571
180,127,-564
121,121,-556
61,114,-541
-1,110,-525
-60,101,-503
-118,93,-474
-173,91,-442
-228,88,-410
-275,86,-371
-321,86,-330
-361,92,-290
-394,96,-249
-409,108,-204
-405,119,-163
-380,123,-129
-349,120,-98
-311,100,-73
-277,72,-58
-263,41,-51
-264,24,-44
-273,14,-32
-299,18,-21
-323,34,-18
-340,48,-9
-344,57,7
-339,58,25
-322,57,50
-301,57,93
-276,59,147
-247,65,205
-220,72,266
-196,79,329
-172,94,396
-151,108,454
-129,127,511
-104,147,563
-70,169,609
-33,189,648
18,207,690
86,220,724
166,235,757
256,248,787
351,252,815
450,252,839
542,250,858
627,248,872
700,244,885
760,239,895
813,230,902
851,221,907
890,220,909
926,218,914
957,204,918
987,193,924
1010,181,934
1034,166,943
1054,150,948
1066,134,958
1079,119,972
1085,102,982
1082,88,991
1075,76,992
1066,68,991
1057,58,990
1040,48,984
1023,41,971
1007,37,960
984,40,944
964,42,929
941,39,918
918,46,904
895,59,894
864,69,887
833,80,885
800,99,883
759,115,885
713,131,893
669,152,901
622,171,916
574,189,930
520,208,943
470,223,962
425,238,982
385,254,1000
345,268,1012
307,280,1027
274,291,1038
247,301,1051
225,308,1061
202,313,1070
181,319,1080
167,320,1089
154,323,1090
148,326,1096
148,330,1101
153,331,1104
160,330,1106
168,334,1110
183,334,1112
200,333,1112
217,333,1110
235,330,1106
249,329,1100
265,331,1090
284,335,1083
298,337,1069
309,340,1051
325,341,1026
339,345,1002
351,351,970
369,357,939
388,360,908
406,363,873
424,372,839
441,378,802
464,386,766
488,387,726
508,389,689
527,391,649
551,392,607
572,391,562
595,390,518
612,392,471
630,383,425
645,376,377
661,372,330
679,361,283
689,346,235
701,333,189
706,317,143
704,299,96
702,281,52
697,262,10
678,236,-30
655,213,-63
625,189,-100
590,167,-141
550,148,-184
510,124,-221
470,96,-258
422,68,-296
374,37,-336
325,5,-368
275,-29,-400
222,-59,-433
163,-82,-463
108,-107,-493
57,-141,-529
13,-177,-569
-26,-211,-615
-69,-251,-669
-131,-301,-730
-220,-346,-794
-329,-385,-860
-446,-417,-931
-564,-437,-997
-685,-443,-1072
-802,-444,-1155
-914,-441,-1240
-1017,-440,-1316
-1111,-436,-1378
-1202,-430,-1417
-1274,-426,-1434
-1325,-417,-1426
-1368,-406,-1394
-1402,-392,-1349
-1420,-372,-1288
-1434,-349,-1216
-1437,-321,-1146
-1429,-296,-1076
-1403,-274,-1015
-1368,-255,-963
-1317,-240,-921
-1263,-232,-889
-1201,-225,-857
-1125,-218,-828
-1048,-214,-799
-961,-207,-774
-871,-197,-744
-784,-186,-713
-697,-177,-683
-609,-174,-655
-516,-171,-628
-431,-170,-597
-336,-174,-564
-239,-174,-534
-149,-185,-499
-66,-196,-465
15,-209,-426
94,-223,-389
168,-237,-352
234,-247,-322
292,-258,-296
336,-266,-279
369,-274,-263
395,-277,-255
408,-271,-261
419,-269,-276
417,-266,-300
409,-265,-330
395,-261,-368
376,-261,-413
348,-257,-458
321,-252,-501
285,-249,-543
240,-241,-582
184,-233,-618
120,-223,-648
53,-216,-671
-20,-206,-692
-96,-193,-708
-173,-176,-715
-259,-162,-718
-338,-147,-720
-413,-133,-722
-489,-119,-720
-551,-113,-716
-606,-103,-710
-652,-99,-704
-685,-95,-699
-714,-91,-693
-726,-89,-684
-729,-86,-674
-723,-86,-670
-704,-86,-666
-671,-83,-660
-631,-80,-652
-576,-74,-643
-513,-71,-635
-441,-66,-627
-358,-61,-617
-272,-51,-602
-178,-39,-586
-85,-26,-565
13,-7,-544
114,12,-520
220,35,-496
316,55,-476
405,78,-447
494,100,-417
573,122,-393
647,143,-367
713,164,-342
766,180,-316
814,193,-292
852,208,-266
877,216,-244
896,222,-221
899,225,-206
885,228,-190
857,225,-180
823,219,-174
773,211,-168
713,204,-167
642,193,-162
559,183,-153
470,172,-143
381,164,-131
288,156,-113
192,147,-94
97,137,-69
-3,125,-53
-95,114,-34
-192,99,-8
-299,88,17
-402,79,54
-499,72,84
-592,70,117
-676,73,150
-745,81,181
-787,91,209
-806,107,234
-793,121,254
-757,128,264
-709,124,262
-656,111,251
-602,92,225
-552,80,197
-503,77,164
-460,87,128
-419,108,95
-369,131,68
-313,154,47
-247,168,28
-178,177,25
-107,185,44
-47,193,75
16,192,126
75,194,191
125,194,256
158,192,327
179,192,397
204,199,473
219,205,549
233,210,619
254,213,684
281,221,745
318,227,802
364,232,845
420,229,883
479,222,920
549,218,955
608,211,986
663,204,1012
703,196,1024
732,188,1037
749,176,1048
763,169,1060
768,162,1075
772,148,1089
772,139,1110
767,124,1131
758,109,1159
747,95,1191
731,76,1220
708,56,1250
678,33,1286
636,18,1318
596,0,1347
553,-9,1370
504,-15,1386
451,-25,1396
402,-26,1398
349,-23,1392
302,-18,1385
254,-11,1373
217,2,1350
185,13,1324
158,29,1300
134,49,1272
123,72,1241
117,96,1212
114,116,1178
107,140,1145
106,166,1115
103,190,1081
99,213,1044
91,237,1011
85,262,978
74,286,936
61,304,901
47,331,867
29,348,833
15,361,801
1,377,767
-14,390,734
-24,400,707
-26,409,677
-25,417,649
-19,422,620
-2,424,590
26,426,568
56,427,538
92,432,506
129,432,476
168,434,445
216,439,414
258,441,382
303,445,349
351,450,315
394,455,286
434,460,254
476,463,220
513,467,192
548,477,159
578,488,125
606,498,96
632,506,66
658,516,39
687,525,10
715,534,-17
740,543,-41
765,546,-60
793,552,-83
818,554,-105
844,550,-127
873,549,-148
898,542,-171
925,533,-192
943,527,-214
964,518,-235
980,502,-256
987,487,-276
986,473,-295
987,451,-306
982,429,-317
970,403,-323
952,377,-325
922,349,-327
887,322,-325
847,293,-319
802,262,-312
752,227,-304
694,192,-300
628,152,-298
559,113,-296
483,73,-296
407,30,-302
329,-11,-311
246,-43,-320
175,-73,-332
104,-103,-347
31,-142,-370
-40,-180,-400
-125,-209,-435
-221,-241,-480
-323,-270,-533
-434,-293,-590
-548,-311,-652
-653,-324,-724
-749,-327,-796
-844,-320,-866
-931,-309,-934
-1007,-297,-991
-1077,-279,-1037
-1134,-265,-1072
-1185,-254,-1091
-1222,-238,-1093
-1246,-221,-1075
-1256,-196,-1045
-1256,-166,-1005
-1244,-139,-958
-1224,-113,-904
-1198,-88,-851
-1164,-66,-806
-1111,-46,-762
-1046,-20,-723
-962,11,-691
-862,33,-665
-748,53,-643
-625,68,-622
-486,81,-601
-342,91,-579
-202,99,-553
-71,106,-520
62,100,-490
189,97,-451
305,92,-412
407,75,-371
493,58,-331
568,35,-290
631,7,-249
682,-20,-207
717,-49,-163
738,-76,-120
742,-109,-79
737,-148,-47
719,-181,-13
684,-217,20
642,-243,52
583,-267,76
511,-290,90
424,-313,97
330,-325,97
227,-332,92
115,-334,85
2,-338,70
-105,-331,59
-216,-326,56
-330,-314,55
-432,-300,59
-528,-283,71
-616,-261,83
-694,-240,99
-767,-218,119
-840,-190,140
-897,-168,163
-944,-142,187
-982,-109,206
-1014,-88,218
-1038,-71,224
-1048,-51,227
-1044,-31,228
-1025,-8,226
-997,13,221
-953,35,214
-894,56,206
-819,74,202
-728,97,198
-630,114,189
-514,136,187
-383,158,187
-246,175,187
-107,193,179
30,211,171
176,224,167
322,239,160
465,254,148
602,267,139
729,280,129
844,290,114
954,299,101
1051,302,82
1128,306,65
1191,306,49
1244,302,30
1278,298,17
1292,293,5
1294,282,-8
1276,271,-28
1244,257,-43
1196,240,-53
1136,222,-60
1062,206,-74
983,193,-91
888,175,-111
791,163,-129
692,151,-142
592,137,-158
487,122,-172
381,108,-186
278,94,-200
187,84,-215
96,80,-225
11,76,-235
-66,72,-241
-137,67,-245
-209,65,-241
-272,70,-236
-329,69,-223
-382,72,-209
-429,76,-189
-464,88,-166
-492,97,-142
-509,117,-115
-508,146,-85
-486,175,-58
-445,204,-42
-376,225,-16
-293,242,10
-201,249,33
-119,254,49
-45,258,59
22,267,55
79,285,51
128,307,39
172,342,29
216,372,20
260,397,21
314,417,31
370,435,49
427,443,85
488,447,134
541,454,184
584,462,242
620,474,298
652,483,354
676,495,413
696,511,470
721,530,526
745,548,585
772,565,640
810,586,695
859,601,752
918,611,809
983,617,860
1054,620,909
1127,616,957
1202,605,998
1269,593,1034
1325,571,1066
1370,548,1091
1399,523,1105
1412,500,1107
1416,475,1102
1405,447,1089
1386,418,1066
1360,384,1044
1334,351,1009
1306,314,974
1281,282,935
1254,249,899
1228,217,858
1204,186,821
1173,156,781
1138,129,739
1103,101,703
1060,74,669
1014,56,634
963,40,600
914,27,571
864,14,539
815,10,508
770,9,476
730,16,450
687,22,424
645,30,399
603,42,380
566,59,365
533,85,357
496,109,349
454,130,344
413,161,339
370,189,344
327,222,349
285,251,361
242,279,378
200,306,396
164,329,421
123,351,451
83,366,482
53,378,513
30,391,550
2,401,589
-13,403,621
-25,409,655
-32,409,690
-32,409,720
-28,408,746
-19,405,769
-3,407,784
15,404,798
39,399,809
70,394,817
103,386,822
139,384,829
181,382,834
222,376,834
262,374,831
307,370,826
359,368,821
405,364,807
453,365,788
499,366,766
542,365,742
582,368,712
619,369,678
653,371,639
683,375,603
712,378,566
735,379,528
754,377,488
767,375,442
771,378,397
774,377,349
771,372,302
766,366,252
753,357,198
736,347,143
710,330,91
670,309,35
629,283,-21
587,257,-57
535,232,-100
485,201,-144
425,169,-186
355,133,-227
287,97,-265
211,62,-294
138,24,-320
63,-13,-349
-15,-46,-375
-87,-71,-396
-166,-96,-412
-246,-123,-419
-320,-154,-425
-391,-184,-424
-463,-205,-415
-531,-226,-403
-594,-245,-384
-654,-258,-362
-707,-276,-337
-760,-293,-313
-804,-308,-290
-848,-320,-268
-895,-329,-247
-945,-340,-232
-1006,-351,-223
-1077,-350,-220
-1149,-335,-217
-1210,-300,-217
-1258,-251,-226
-1277,-198,-238
-1266,-133,-248
-1220,-70,-251
-1138,-6,-252
-1016,71,-248
-865,150,-239
-690,227,-221
-496,304,-199
-296,374,-163
-107,436,-118
86,504,-66
276,559,-18
433,588,65
602,637,147
764,689,221
927,731,291
1086,761,349
1228,780,401
1346,785,441
1447,778,480
1535,762,516
1609,740,539
1652,714,558
1675,687,571
1681,657,575
1673,628,569
1661,602,550
1647,582,518
1624,576,478
1593,571,430
1554,566,384
1513,564,346
1472,568,321
1430,572,303
1386,573,289
1345,577,277
1297,589,265
1248,609,246
1203,632,227
1157,657,206
1116,684,179
1071,709,150
1030,739,129
997,767,106
959,785,87
913,806,60
869,820,39
829,837,21
786,848,7
750,853,-2
716,861,-10
685,867,-7
661,874,-8
639,878,3
613,883,10
586,889,18
567,893,34
548,897,51
532,898,73
524,903,99
523,908,124
520,914,147
522,919,169
539,929,188
553,942,209
573,950,224
601,964,240
630,980,252
669,995,263
713,1017,275
766,1037,285
828,1055,290
890,1080,297
958,1106,300
1032,1131,301
1105,1157,301
1178,1184,296
1258,1213,290
1334,1242,283
1413,1268,276
1482,1294,265
1554,1318,257
1627,1336,253
1692,1353,247
1748,1372,244
1802,1389,242
1850,1404,245
1890,1420,244
1913,1436,249
1932,1451,252
1941,1471,258
1946,1487,269
1942,1505,284
1938,1527,302
1926,1546,317
1910,1567,335
1896,1586,356
1878,1604,372
1858,1620,392
1831,1634,406
1803,1651,419
1780,1668,425
1756,1680,434
1734,1695,446
1715,1712,458
1708,1724,475
1697,1731,486
1692,1736,498
1694,1739,511
1698,1736,528
1706,1732,542
1707,1726,554
1715,1715,565
1723,1703,578
1734,1694,590
1747,1683,593
1761,1666,598
1774,1651,601
1792,1634,604
1812,1618,606
1840,1599,604
1871,1581,603
1903,1565,598
1935,1544,590
1961,1517,579
1988,1490,561
2014,1466,540
2038,1440,511
2060,1413,475
2087,1388,432
2111,1362,381
2139,1338,331
2165,1311,275
2198,1289,218
2228,1265,157
2259,1242,101
2298,1219,46
2333,1194,-8
2359,1168,-50
2383,1141,-90
2394,1113,-133
2403,1086,-174
2405,1058,-212
2397,1024,-251
2385,988,-290
2363,949,-332
2339,912,-380
2306,871,-433
2274,829,-486
2239,785,-536
2206,738,-577
2164,698,-609
2116,665,-636
2065,636,-651
2006,614,-655
1954,598,-655
1895,579,-642
1837,566,-621
1778,560,-583
1725,554,-531
1675,553,-471
1629,552,-401
1586,561,-325
1552,573,-242
1527,582,-163
1512,593,-83
1502,612,-22
1495,632,46
1493,655,112
1501,673,168
1509,694,222
1525,713,270
1542,732,321
1560,750,369
1575,768,414
1594,783,453
1608,795,492
1616,803,529
1617,812,564
1615,818,596
1607,823,619
1595,831,640
1581,835,661
1564,838,679
1549,842,696
1531,848,716
1515,857,727
1501,867,737
1490,874,744
1485,884,749
1488,896,746
1492,910,744
1496,923,735
1511,935,722
1526,949,708
1542,966,690
1564,981,673
1585,996,653
1613,1010,629
1645,1019,606
1671,1029,582
1704,1039,563
1731,1048,538
1760,1052,515
1794,1053,493
1820,1049,469
1844,1045,450
1862,1041,429
1875,1030,410
1884,1017,394
1891,999,382
1885,976,368
1876,950,355
1860,925,343
1832,896,334
1802,868,322
1760,841,312
1718,813,305
1668,788,299
1608,760,290
1545,733,286
1474,707,283
1406,684,279
1333,664,280
1258,642,282
1184,625,287
1112,610,289
1045,597,298
978,582,308
910,572,317
856,564,328
801,561,337
754,557,345
713,554,351
682,550,359
657,547,363
633,544,368
616,545,366
601,544,365
596,544,372
598,546,376
606,546,382
609,542,381
616,536,379
623,539,380
637,538,379
644,535,375
656,534,372
669,535,369
681,533,363
693,537,355
702,539,346
718,549,339
735,556,333
757,564,331
786,573,328
819,584,325
848,589,320
884,589,317
926,594,311
964,592,303
994,588,291
1022,592,272
1038,595,246
1044,600,211
1047,608,171
1054,617,125
1064,630,76
1078,644,20
1097,662,-28
1124,678,-65
1162,694,-105
1197,702,-139
1234,711,-167
1275,724,-184
1308,732,-197
1340,740,-205
1359,748,-210
1375,755,-212
1393,758,-209
1407,762,-207
1418,762,-202
1420,761,-193
1430,753,-177
1443,747,-153
1447,731,-123
1447,714,-86
1445,694,-50
1443,669,-10
1433,637,40
1414,602,87
1394,566,139
1374,521,190
1348,476,241
1319,432,295
1288,382,340
1247,330,382
1212,279,418
1170,225,457
1126,173,491
1081,123,519
1033,76,542
984,34,563
939,-6,576
884,-35,589
829,-60,598
777,-80,606
723,-101,616
661,-117,625
603,-128,635
542,-139,644
481,-153,650
422,-160,660
361,-164,671
304,-163,685
252,-157,700
198,-149,715
148,-139,725
107,-129,737
73,-111,748
52,-97,758
29,-84,768
14,-70,770
9,-59,773
9,-43,773
15,-26,768
29,-11,759
48,6,751
76,24,744
102,35,731
129,43,716
164,51,702
201,63,688
234,74,674
275,82,659
315,86,644
354,89,626
394,98,608
434,103,591
469,103,570
504,109,552
544,119,532
580,121,509
613,130,483
648,137,458
676,147,431
707,158,407
736,171,382
765,185,356
791,200,327
816,211,301
838,226,273
866,238,249
895,252,222
923,265,195
946,280,167
971,292,144
993,306,118
1016,316,96
1037,324,69
1049,330,40
1060,337,13
1071,343,-10
1076,348,-37
1072,351,-52
1067,354,-67
1062,353,-89
1048,351,-115
1025,350,-134
1005,350,-154
972,340,-176
941,332,-196
906,323,-217
864,317,-235
819,311,-249
777,301,-267
733,289,-279
683,283,-290
635,272,-302
588,262,-316
545,250,-325
500,236,-335
453,222,-345
410,210,-353
365,196,-358
319,184,-369
269,169,-375
219,158,-387
172,145,-395
121,137,-405
65,128,-418
9,115,-431
-46,108,-437
-92,102,-445
-139,104,-453
-182,105,-458
-217,113,-463
-242,118,-468
-251,118,-471
-254,108,-482
-259,94,-494
-270,76,-508
-293,55,-530
-329,43,-551
-370,46,-571
-419,60,-591
-471,84,-615
-516,102,-632
-549,124,-643
-565,145,-645
-563,163,-634
-550,178,-609
-528,186,-573
-501,189,-529
-481,191,-479
-466,187,-426
-454,184,-372
-451,185,-324
-457,188,-275
-457,189,-235
-460,190,-196
-454,189,-159
-446,184,-121
-428,183,-86
-398,175,-58
-357,167,-36
-314,157,-8
-256,146,24
-187,137,50
-123,124,72
-61,106,88
-1,87,102
61,74,115
124,60,128
182,46,138
235,39,143
280,35,146
330,29,148
383,32,143
435,32,137
481,35,135
530,34,132
579,38,132
621,42,133
660,51,135
697,56,140
727,61,146
753,70,150
774,79,153
790,93,155
807,112,160
822,127,161
829,145,162
834,161,161
840,178,166
839,196,173
833,216,181
826,236,188
813,256,202
799,272,218
776,292,235
748,306,256
719,320,277
688,335,302
653,344,331
617,351,359
584,359,389
552,368,424
523,374,457
501,372,486
484,375,518
472,378,551
466,374,579
464,374,606
470,375,630
475,374,649
489,375,667
507,369,686
523,367,705
542,367,722
559,363,734
578,366,753
596,364,772
613,363,787
628,363,800
641,365,812
653,368,829
663,373,835
670,377,842
681,378,851
687,382,856
694,382,859
699,382,861
700,388,866
702,393,869
702,391,867
699,396,866
704,397,863
703,396,855
698,395,850
694,394,843
689,389,835
688,390,824
686,386,817
679,377,806
676,368,792
670,355,778
664,347,769
658,339,756
655,325,743
648,312,728
639,294,712
624,276,698
614,259,683
600,240,670
580,217,656
554,189,643
528,165,633
495,140,620
455,116,610
401,91,598
352,65,585
296,44,573
235,19,555
175,-2,535
117,-19,518
66,-37,502
17,-53,480
-27,-61,458
-57,-69,425
-78,-79,390
-100,-96,348
-123,-117,297
-151,-149,239
-186,-171,183
-239,-182,118
-292,-192,46
-351,-196,-27
-411,-194,-99
-467,-183,-187
-514,-165,-277
-553,-149,-362
-581,-140,-442
-596,-134,-513
-608,-121,-568
-623,-108,-612
-634,-103,-638
-642,-94,-649
-654,-84,-648
-666,-75,-637
-674,-66,-624
-679,-54,-601
-680,-40,-583
-680,-23,-564
-668,-9,-541
-649,11,-521
-620,31,-500
-579,48,-480
-525,56,-465
-461,61,-448
-384,63,-434
-296,63,-415
-197,60,-392
-104,56,-369
-18,47,-349
68,37,-327
150,25,-301
222,12,-283
284,-1,-262
337,-13,-244
375,-29,-229
406,-42,-216
434,-54,-203
454,-68,-189
472,-81,-177
487,-98,-168
499,-120,-156
505,-137,-144
506,-151,-138
510,-164,-135
507,-175,-136
494,-183,-144
472,-192,-153
446,-195,-172
419,-198,-196
383,-194,-227
341,-191,-259
291,-186,-295
243,-177,-332
194,-164,-363
135,-151,-396
73,-136,-427
11,-119,-454
-50,-103,-478
-107,-87,-495
-166,-73,-506
-227,-59,-513
-285,-44,-513
-342,-26,-511
-394,-8,-502
-448,0,-491
-495,7,-479
-533,13,-464
-564,14,-447
-590,16,-436
-601,15,-425
-608,12,-414
-605,6,-409
-593,3,-401
-573,0,-394
-541,-5,-389
-495,-10,-382
-450,-15,-376
-393,-14,-369
-327,-17,-365
-248,-18,-359
-163,-18,-351
-81,-18,-346
0,-17,-340
93,-13,-336
188,-11,-332
275,-5,-326
359,0,-316
433,5,-310
499,11,-305
561,19,-295
616,26,-289
658,32,-284
689,37,-282
711,38,-276
724,41,-271
729,40,-263
721,37,-260
703,37,-254
673,33,-249
626,22,-246
580,18,-240
518,9,-234
452,3,-231
380,-2,-226
304,-14,-224
225,-22,-219
142,-28,-210
57,-33,-199
-24,-35,-189
-95,-40,-176
-167,-46,-161
-239,-50,-146
-309,-54,-132
-374,-58,-112
-433,-62,-94
-494,-68,-74
-552,-71,-57
-604,-72,-43
-658,-72,-26
-712,-72,-9
-764,-71,11
-806,-65,31
-827,-45,50
-833,-30,64
-811,-16,74
-782,-11,81
-744,-11,79
-702,-22,63
-660,-42,39
-619,-54,5
-581,-59,-37
-553,-53,-79
-528,-35,-137
-494,-11,-190
-453,14,-238
-406,33,-285
-365,45,-313
-317,52,-317
-269,58,-302
-225,59,-269
-184,62,-215
-144,58,-149
-120,56,-77
-108,51,-8
-102,52,73
-91,58,153
-83,57,231
-74,58,299
-60,50,361
-42,44,413
-8,36,456
32,24,498
74,3,533
114,-15,561
155,-37,582
190,-54,599
226,-65,610
257,-72,617
279,-82,620
303,-89,621
323,-97,626
337,-106,626
351,-116,634
364,-126,649
376,-134,673
385,-145,698
389,-152,727
387,-157,759
381,-165,791
371,-167,819
354,-165,842
331,-164,862
309,-157,873
281,-146,880
257,-133,886
239,-110,883
220,-88,880
204,-70,881
189,-49,880
176,-22,878
165,8,876
151,36,878
140,69,880
131,105,881
113,143,878
95,176,875
79,206,875
70,233,869
61,264,864
54,287,855
54,311,845
61,335,836
70,353,823
89,369,813
113,380,800
142,388,783
173,398,764
209,399,746
245,398,731
289,397,718
331,395,709
371,390,699
413,386,689
461,375,681
503,363,673
542,354,668
580,344,658
618,335,642
652,324,627
678,315,618
706,307,605
736,297,592
760,286,578
782,277,566
804,270,554
820,260,538
834,252,523
843,245,509
847,234,497
851,222,479
841,214,464
823,202,445
800,188,429
775,173,413
739,154,389
699,137,368
655,116,346
605,92,324
551,75,298
493,50,269
434,22,237
377,-8,204
318,-37,176
257,-66,147
195,-94,112
134,-128,83
73,-163,51
7,-195,17
-59,-233,-18
-125,-268,-48
-193,-298,-79
-263,-329,-117
-336,-361,-156
-412,-397,-200
-486,-432,-242
-554,-461,-278
-616,-490,-314
-677,-516,-344
-726,-532,-381
-764,-553,-420
-791,-573,-459
-817,-597,-500
-854,-625,-548
-906,-659,-606
-967,-690,-670
-1044,-711,-736
-1137,-716,-809
-1234,-715,-889
-1330,-706,-977
-1418,-692,-1078
-1493,-677,-1183
-1555,-652,-1280
-1599,-625,-1374
-1630,-601,-1460
-1651,-577,-1518
-1663,-552,-1560
-1667,-528,-1583
-1659,-498,-1580
-1646,-464,-1565
-1631,-426,-1535
-1610,-387,-1498
-1591,-345,-1452
-1567,-302,-1406
-1536,-257,-1352
-1496,-218,-1299
-1448,-180,-1252
-1388,-143,-1211
-1312,-112,-1173
-1222,-83,-1143
-1117,-66,-1112
-997,-51,-1083
-860,-34,-1053
-716,-14,-1019
-568,1,-984
-420,17,-948
-272,22,-911
-134,22,-870
-9,23,-832
122,23,-793
243,15,-747
356,2,-700
464,-13,-653
565,-23,-607
650,-38,-561
727,-57,-513
796,-73,-470
849,-93,-423
889,-114,-382
918,-137,-347
926,-161,-314
917,-181,-288
885,-197,-269
836,-213,-252
766,-228,-242
675,-243,-240
575,-251,-245
457,-256,-248
328,-265,-258
191,-273,-270
50,-276,-281
-88,-278,-293
-229,-277,-300
-374,-276,-306
-510,-275,-306
-644,-274,-304
-764,-268,-297
-875,-265,-291
-976,-261,-281
-1066,-256,-272
-1146,-252,-265
-1212,-247,-257
-1260,-242,-251
-1296,-238,-251
-1328,-237,-256
-1349,-236,-263
-1353,-235,-271
-1348,-232,-276
-1325,-228,-281
-1289,-220,-281
-1235,-217,-278
-1166,-209,-275
-1087,-195,-274
-996,-180,-274
-894,-172,-269
-778,-158,-268
-656,-137,-265
-529,-111,-259
-397,-88,-257
-263,-71,-254
-132,-53,-248
-7,-28,-243
114,-4,-236
231,24,-232
344,49,-226
442,71,-223
539,93,-218
619,111,-213
687,132,-209
750,147,-207
799,161,-207
832,172,-208
857,180,-208
864,188,-211
861,187,-214
842,191,-220
811,189,-226
766,183,-235
712,179,-238
649,173,-238
574,167,-240
496,159,-239
413,149,-234
322,140,-229
231,130,-224
134,114,-219
30,99,-209
-67,84,-193
-160,66,-178
-260,50,-159
-367,40,-140
-467,30,-119
-557,24,-90
-642,18,-64
-717,14,-47
-784,14,-20
-834,18,9
-863,30,40
-866,47,65
-845,59,86
-804,70,104
-753,69,107
-694,60,98
-631,43,81
-565,24,58
-503,18,27
-445,24,-5
-388,33,-40
-339,43,-62
-296,52,-87
-251,54,-106
-213,49,-109
-182,46,-94
-156,41,-65
-136,34,-26
-121,32,38
-116,30,112
-118,32,191
-119,32,271
-131,35,351
-140,38,429
-145,38,501
-142,47,580
-132,53,644
-114,54,703
-80,57,751
-38,59,793
13,55,834
72,47,864
128,36,889
186,23,908
234,12,918
277,0,922
315,-11,927
347,-23,932
374,-34,938
396,-44,949
416,-56,963
435,-69,989
454,-81,1013
464,-99,1041
466,-119,1070
459,-139,1097
449,-158,1130
433,-171,1160
411,-186,1188
379,-195,1212
346,-205,1230
312,-214,1240
274,-212,1243
243,-213,1241
211,-206,1235
176,-201,1226
151,-190,1217
120,-174,1208
91,-163,1198
61,-148,1187
30,-131,1180
-5,-110,1172
-40,-89,1162
-70,-72,1154
-103,-56,1150
-134,-35,1142
-165,-9,1134
-193,16,1129
-217,42,1123
-239,59,1118
-255,84,1112
-262,102,1112
-263,117,1110
-254,131,1109
-242,146,1104
-231,159,1093
-209,172,1079
-176,180,1067
-143,181,1050
-107,192,1038
-65,198,1023
-25,200,1007
19,207,987
67,215,968
115,224,950
168,230,935
214,234,922
256,239,904
303,246,881
339,249,865
384,255,847
429,263,825
473,267,802
515,273,779
553,280,751
591,285,723
625,291,694
653,293,663
679,297,628
704,296,592
722,297,551
737,293,507
750,287,462
763,283,411
771,272,359
769,258,306
769,245,252
768,231,198
759,212,140
747,192,80
736,168,23
715,142,-33
695,115,-80
668,82,-134
632,51,-190
584,13,-248
530,-21,-305
466,-50,-353
398,-75,-403
316,-102,-451
227,-135,-502
132,-166,-553
33,-197,-603
-63,-226,-653
-158,-252,-706
-251,-280,-759
-346,-310,-808
-437,-342,-855
-522,-371,-899
-600,-405,-943
-671,-433,-980
-738,-462,-1023
-796,-491,-1069
-838,-520,-1118
-876,-547,-1171
-920,-573,-1234
-978,-609,-1301
-1054,-645,-1369
-1148,-682,-1442
-1248,-716,-1518
-1356,-742,-1604
-1473,-763,-1693
-1588,-778,-1789
-1697,-778,-1892
-1796,-763,-1988
-1875,-751,-2071
-1940,-736,-2137
-1992,-718,-2186
-2022,-702,-2204
-2027,-683,-2199
-2023,-660,-2177
-2004,-631,-2132
-1979,-598,-2069
-1953,-565,-1987
-1915,-528,-1898
-1875,-484,-1797
-1826,-442,-1696
-1772,-400,-1603
-1716,-359,-1520
-1654,-324,-1442
-1572,-292,-1372
-1480,-260,-1311
-1374,-229,-1249
-1252,-203,-1192
-1119,-189,-1131
-982,-171,-1063
-840,-158,-996
-702,-156,-927
-566,-159,-859
-429,-166,-786
-300,-171,-718
-181,-187,-649
-81,-198,-581
11,-222,-517
109,-248,-450
196,-271,-391
273,-297,-333
342,-325,-278
399,-357,-230
447,-382,-188
482,-415,-155
509,-442,-126
519,-467,-102
510,-487,-93
487,-507,-92
443,-525,-99
390,-540,-112
322,-548,-128
238,-552,-154
146,-555,-183
47,-554,-211
-59,-546,-239
-172,-538,-265
-297,-528,-280
-426,-513,-296
-553,-493,-299
-683,-468,-295
-808,-441,-285
-924,-414,-269
-1034,-388,-254
-1137,-363,-235
-1221,-334,-221
-1292,-309,-209
-1357,-285,-194
-1405,-261,-178
-1439,-240,-165
-1467,-221,-158
-1486,-202,-146
-1486,-187,-137
-1473,-176,-124
-1447,-165,-112
-1407,-151,-103
-1358,-138,-89
-1295,-123,-78
-1214,-109,-66
-1117,-91,-54
-1012,-77,-51
-893,-63,-43
-763,-47,-32
-633,-26,-21
-493,-5,-9
-348,16,2
-200,40,10
-63,62,15
73,79,25
202,97,35
326,118,41
445,135,46
552,149,47
643,166,44
723,179,38
791,189,25
847,200,8
888,209,-4
915,213,-22
924,215,-42
921,218,-53
904,217,-67
870,215,-86
823,213,-104
773,210,-126
717,205,-142
643,201,-158
569,194,-173
487,182,-186
397,175,-201
301,168,-208
202,152,-215
103,140,-218
-1,128,-218
-100,109,-214
-198,93,-207
-304,75,-197
-410,55,-178
-512,32,-156
-610,12,-129
-700,-6,-100
-778,-21,-72
-849,-34,-51
-905,-41,-30
-944,-49,-8
-962,-50,14
-963,-54,31
-949,-68,41
-929,-83,43
-903,-111,36
-877,-140,31
-848,-159,24
-819,-166,17
-790,-160,14
-768,-147,17
-750,-137,19
-731,-130,34
-709,-123,60
-683,-116,100
-651,-111,157
-622,-102,229
-598,-99,308
-575,-98,384
-557,-92,463
-547,-90,536
-540,-87,602
-529,-86,661
-519,-83,710
-497,-83,749
-471,-82,778
-442,-85,795
-406,-88,808
-370,-96,816
-331,-107,815
-292,-128,814
-256,-149,813
-222,-177,807
-195,-219,800
-173,-262,800
-152,-306,796
-139,-355,793
-139,-405,787
-143,-460,782
-155,-516,776
-183,-576,769
-215,-635,764
-254,-694,762
-306,-756,760
-369,-820,755
-447,-882,752
-536,-942,749
-644,-1002,746
-773,-1063,744
-915,-1114,740
-1067,-1160,738
-1230,-1195,744
-1390,-1224,749
-1555,-1246,752
-1712,-1260,751
-1864,-1266,750
-2008,-1258,744
-2134,-1244,736
-2244,-1228,730
-2335,-1206,724
-2409,-1181,722
-2452,-1147,723
-2472,-1111,718
-2484,-1068,702
-2482,-1025,678
-2469,-984,647
-2439,-938,617
-2399,-895,586
-2345,-855,558
-2282,-818,535
-2215,-782,507
-2148,-751,478
-2075,-718,446
-2005,-693,409
-1932,-668,368
-1854,-644,328
-1762,-629,294
-1649,-614,271
-1527,-599,262
-1388,-586,257
-1240,-573,256
-1084,-563,256
-924,-550,251
-770,-543,243
-618,-541,234
-476,-530,219
-341,-523,200
-219,-515,172
-109,-508,148
-19,-503,119
60,-498,83
132,-500,42
192,-504,-1
244,-504,-39
289,-512,-68
331,-522,-108
360,-529,-145
386,-543,-179
403,-553,-219
409,-570,-266
406,-591,-310
390,-614,-362
367,-635,-412
328,-666,-470
282,-695,-529
221,-728,-582
147,-763,-638
65,-803,-694
-21,-845,-745
-109,-886,-791
-205,-930,-836
-317,-980,-877
-429,-1030,-918
-548,-1084,-958
-670,-1139,-997
-788,-1195,-1032
-912,-1251,-1067
-1036,-1309,-1110
-1166,-1366,-1148
-1289,-1426,-1184
-1407,-1485,-1221
-1519,-1535,-1262
-1613,-1585,-1302
-1693,-1629,-1342
-1757,-1667,-1382
-1800,-1702,-1421
-1826,-1737,-1456
-1836,-1769,-1488
-1830,-1792,-1516
-1810,-1807,-1538
-1785,-1818,-1550
-1747,-1826,-1561
-1699,-1828,-1570
-1654,-1827,-1571
-1607,-1823,-1574
-1557,-1818,-1577
-1508,-1807,-1576
-1468,-1793,-1575
-1425,-1777,-1577
-1385,-1758,-1583
-1350,-1742,-1586
-1320,-1726,-1593
-1290,-1705,-1598
-1264,-1681,-1600
-1246,-1661,-1607
-1239,-1642,-1612
-1240,-1621,-1623
-1256,-1603,-1636
-1282,-1582,-1654
-1324,-1562,-1675
-1373,-1540,-1696
-1437,-1521,-1716
-1510,-1502,-1735
-1588,-1486,-1750
-1671,-1471,-1760
-1759,-1457,-1763
-1844,-1445,-1752
-1932,-1434,-1735
-2014,-1424,-1709
-2095,-1420,-1682
-2165,-1412,-1654
-2233,-1408,-1623
-2296,-1406,-1597
-2351,-1408,-1572
-2399,-1409,-1555
-2439,-1410,-1542
-2472,-1410,-1526
-2503,-1410,-1524
-2531,-1409,-1529
-2549,-1404,-1531
-2560,-1397,-1537
-2566,-1390,-1543
-2572,-1383,-1553
-2576,-1372,-1567
-2576,-1362,-1576
-2574,-1349,-1584
-2570,-1333,-1589
-2562,-1315,-1591
-2555,-1297,-1592
-2548,-1272,-1592
-2533,-1250,-1590
-2524,-1224,-1585
-2513,-1196,-1580
-2501,-1168,-1571
-2490,-1137,-1561
-2475,-1098,-1547
-2458,-1059,-1533
-2437,-1018,-1522
-2413,-981,-1509
-2382,-939,-1500
-2350,-899,-1489
-2317,-852,-1479
-2279,-809,-1466
-2231,-762,-1452
-2185,-719,-1439
-2136,-679,-1423
-2081,-637,-1407
-2021,-596,-1382
-1965,-557,-1362
-1907,-518,-1343
-1856,-481,-1325
-1805,-450,-1303
-1759,-418,-1287
-1718,-390,-1267
-1680,-362,-1245
-1645,-341,-1219
-1615,-315,-1192
-1586,-296,-1164
-1560,-278,-1139
-1533,-266,-1106
-1508,-251,-1069
-1479,-243,-1036
-1453,-237,-1002
-1429,-233,-966
-1407,-233,-932
-1384,-233,-898
-1364,-235,-864
-1349,-237,-834
-1340,-243,-805
-1328,-246,-773
-1327,-254,-744
-1325,-262,-717
-1331,-273,-688
-1338,-280,-660
-1351,-291,-638
-1367,-299,-614
-1388,-312,-590
-1410,-322,-571
-1434,-332,-553
-1461,-342,-533
-1485,-351,-519
-1511,-360,-502
-1534,-367,-486
-1559,-375,-471
-1583,-380,-462
-1606,-390,-457
-1628,-397,-450
-1644,-404,-441
-1665,-409,-438
-1681,-411,-435
-1691,-416,-432
-1694,-419,-432
-1691,-422,-436
-1690,-427,-440
-1686,-430,-446
-1670,-437,-456
-1654,-437,-466
-1633,-438,-473
-1609,-438,-484
-1582,-437,-497
-1548,-439,-510
-1511,-439,-522
-1475,-439,-535
-1439,-438,-551
-1400,-436,-564
-1364,-433,-578
-1320,-427,-591
-1284,-425,-605
-1243,-423,-618
-1206,-416,-629
-1175,-408,-645
-1137,-400,-657
-1099,-393,-665
-1064,-388,-675
-1029,-379,-687
-991,-372,-697
-956,-366,-704
-923,-358,-712
-891,-351,-720
-866,-348,-723
-845,-343,-729
-823,-338,-737
-806,-334,-744
-791,-327,-751
-780,-324,-755
-775,-320,-769
-774,-317,-772
-773,-314,-776
-768,-310,-778
-773,-301,-779
-785,-293,-778
-787,-285,-771
-792,-276,-761
-794,-266,-749
-803,-257,-736
-804,-247,-723
-804,-237,-705
-808,-229,-688
-806,-221,-667
-804,-210,-651
-796,-201,-630
-790,-188,-611
-780,-181,-591
-772,-170,-572
-757,-159,-555
-742,-148,-535
-724,-136,-513
-704,-123,-495
-673,-106,-479
-638,-91,-463
-594,-80,-453
-546,-74,-438
-503,-73,-423
-458,-68,-407
-414,-61,-388
-379,-54,-367
-350,-49,-348
-319,-42,-331
-291,-34,-306
-267,-24,-278
-240,-16,-245
-215,-10,-208
-188,-4,-166
-161,-1,-118
-141,-1,-69
-128,0,-27
-121,2,29
-118,-5,94
-121,-9,159
-134,-10,230
-149,-15,298
-174,-16,365
-201,-22,433
-229,-28,500
-252,-36,566
-276,-42,636
-296,-49,698
-312,-56,758
-327,-60,821
-340,-64,875
-344,-64,931
-344,-63,987
-336,-64,1042
-327,-63,1086
-316,-59,1129
-300,-57,1172
-271,-55,1213
-244,-51,1251
-211,-48,1291
-171,-48,1326
-128,-46,1365
-87,-41,1399
-43,-35,1428
3,-37,1456
47,-37,1479
89,-38,1497
129,-37,1515
162,-43,1526
195,-46,1533
224,-47,1535
249,-46,1531
270,-46,1527
289,-45,1515
304,-45,1498
315,-42,1480
320,-37,1463
329,-33,1444
335,-24,1428
340,-11,1417
338,2,1408
337,17,1402
337,30,1396
329,43,1395
315,59,1394
299,76,1391
279,93,1389
258,109,1388
234,126,1386
208,141,1385
175,154,1379
142,167,1376
113,179,1366
79,187,1364
52,196,1353
25,203,1346
5,210,1338
-13,220,1327
-30,220,1315
-44,222,1302
-52,223,1294
-54,219,1285
-56,220,1274
-57,217,1266
-58,214,1255
-54,208,1249
-48,205,1240
-39,196,1232
-36,189,1218
-32,189,1204
-29,182,1189
-24,179,1166
-13,172,1145
-12,167,1116
-8,160,1087
-4,159,1059
4,159,1023
11,159,984
20,163,944
29,160,908
37,157,868
48,159,826
58,161,782
66,158,735
75,156,685
77,151,636
78,154,586
82,151,527
82,149,467
77,153,411
74,158,350
73,155,283
73,152,224
74,155,165
73,156,103
78,154,41
80,156,-17
86,154,-65
86,153,-117
89,151,-173
93,143,-230
94,140,-280
93,135,-333
96,127,-384
96,121,-431
97,113,-477
102,100,-523
103,92,-568
101,81,-614
100,67,-660
95,56,-700
91,38,-744
79,21,-786
63,4,-827
47,-14,-872
24,-37,-914
-5,-58,-951
-36,-72,-988
-70,-90,-1030
-108,-115,-1066
-149,-143,-1104
-194,-169,-1142
-250,-197,-1176
-307,-220,-1212
-362,-245,-1250
-417,-275,-1286
-475,-299,-1323
-533,-327,-1355
-585,-356,-1386
-634,-383,-1420
-683,-411,-1449
-725,-436,-1479
-760,-460,-1512
-789,-493,-1544
-809,-530,-1574
-841,-575,-1600
-885,-621,-1633
-955,-662,-1669
-1049,-707,-1706
-1167,-742,-1743
-1302,-774,-1786
-1439,-800,-1835
-1572,-822,-1879
-1703,-837,-1926
-1824,-845,-1971
-1933,-854,-2012
-2034,-851,-2037
-2116,-846,-2042
-2180,-840,-2028
-2218,-830,-2000
-2241,-815,-1960
-2240,-795,-1914
-2227,-771,-1858
-2201,-744,-1797
-2157,-714,-1728
-2095,-682,-1655
-2008,-643,-1578
-1906,-596,-1498
-1786,-550,-1409
-1654,-500,-1320
-1509,-455,-1234
-1347,-409,-1146
-1178,-366,-1052
-996,-330,-957
-808,-299,-861
-630,-268,-764
-451,-242,-668
-278,-216,-575
-123,-193,-481
20,-168,-391
161,-149,-300
292,-134,-218
414,-122,-137
537,-111,-64
646,-105,6
750,-107,83
848,-118,160
940,-129,234
1030,-136,302
1108,-142,361
1169,-153,409
1213,-165,441
1236,-181,464
1239,-195,472
1224,-208,470
1191,-220,457
1142,-237,435
1078,-250,403
993,-262,366
888,-269,325
773,-273,277
643,-270,227
505,-265,181
364,-258,141
217,-246,103
65,-235,71
-81,-217,51
-225,-201,35
-371,-190,20
-514,-171,16
-651,-151,11
-775,-132,13
-894,-108,4
-1010,-89,-5
-1121,-74,-14
-1217,-65,-24
-1298,-50,-32
-1366,-39,-37
-1423,-24,-42
-1460,-10,-45
-1473,-2,-44
-1473,10,-43
-1448,26,-32
-1404,37,-27
-1349,52,-18
-1275,69,-7
-1183,87,6
-1072,107,17
-951,127,32
-820,148,47
-676,171,64
-526,197,82
-367,225,101
-202,255,117
-44,283,132
123,313,143
291,342,162
454,371,182
615,396,197
765,421,213
906,443,226
1031,459,235
1145,472,237
1240,485,239
1324,495,242
1390,500,242
1438,510,242
1469,514,237
1488,510,227
1489,503,221
1477,498,211
1458,489,202
1426,479,190
1380,466,183
1328,450,173
1265,432,161
1189,416,155
1105,397,145
1014,377,137
917,355,127
803,333,112
692,312,105
572,288,94
454,264,87
333,238,82
213,210,77
91,185,72
-24,160,72
-130,133,73
-237,112,77
-334,96,83
-427,78,88
-507,68,93
-573,57,102
-627,58,112
-647,63,122
-645,62,129
-624,64,132
-591,63,125
-546,51,115
-497,31,97
-449,8,67
-402,-5,34
-355,-4,-7
-308,11,-44
-251,37,-74
-190,68,-108
-121,95,-138
-43,112,-160
45,130,-174
139,142,-166
232,156,-138
317,169,-97
384,180,-52
446,191,0
496,202,70
534,213,141
569,227,211
597,239,284
626,247,352
658,254,411
701,259,470
756,260,524
814,255,570
885,246,620
955,232,663
1026,207,702
1085,182,734
1136,155,757
1171,133,776
1189,109,789
1194,80,790
1189,57,792
1173,35,792
1150,12,796
1118,-11,799
1081,-34,805
1039,-57,822
994,-73,847
941,-95,875
886,-119,903
821,-140,935
756,-162,962
690,-178,992
619,-187,1017
546,-196,1039
481,-199,1052
414,-199,1062
349,-197,1068
289,-190,1071
233,-177,1065
181,-163,1062
132,-150,1057
89,-131,1050
45,-108,1045
4,-87,1041
-32,-68,1038
-65,-46,1034
-97,-20,1029
-132,11,1025
-164,41,1023
-195,78,1019
-224,105,1019
-253,131,1018
-272,160,1020
-290,188,1022
-300,215,1022
-303,238,1023
-300,258,1023
-291,281,1020
-270,299,1015
-245,311,1011
-212,322,1001
-173,337,992
-129,346,979
-82,356,959
-32,361,943
22,366,921
89,374,901
151,378,877
214,382,856
280,386,836
347,389,813
409,391,788
460,393,764
518,394,737
571,402,712
613,407,683
657,404,649
694,408,612
732,415,578
770,416,545
800,422,512
821,424,481
842,432,445
863,439,409
883,445,373
900,450,344
915,453,310
930,449,276
940,444,241
942,438,210
940,429,180
928,422,148
911,410,120
894,399,91
868,384,64
836,370,36
797,352,5
756,327,-23
708,303,-46
656,281,-65
602,256,-87
544,229,-110
481,199,-130
414,169,-149
346,139,-169
275,111,-182
204,85,-200
137,57,-220
63,28,-245
-7,-1,-266
-70,-33,-290
-132,-62,-316
-189,-82,-342
-245,-106,-365
-292,-132,-394
-334,-157,-423
-363,-187,-455
-385,-217,-494
-410,-244,-540
-438,-271,-592
-477,-301,-655
-528,-328,-726
-589,-353,-799
-653,-370,-875
-722,-376,-957
-782,-367,-1041
-839,-358,-1128
-885,-343,-1210
-915,-327,-1289
-935,-307,-1357
-946,-287,-1409
-946,-271,-1441
-933,-254,-1457
-921,-239,-1451
-905,-218,-1433
-884,-197,-1398
-862,-170,-1351
-841,-141,-1300
-819,-112,-1252
-796,-88,-1200
-767,-67,-1151
-727,-48,-1103
-680,-23,-1057
-628,-6,-1016
-562,1,-977
-486,9,-945
-407,11,-907
-323,5,-863
-240,0,-820
-158,-11,-775
-90,-24,-729
-33,-39,-681
20,-53,-631
65,-66,-584
102,-83,-540
133,-101,-493
162,-127,-447
181,-152,-399
197,-179,-354
213,-207,-305
225,-235,-258
237,-262,-211
241,-287,-163
239,-307,-119
230,-322,-79
216,-332,-52
195,-340,-31
165,-344,-8
125,-346,5
80,-348,11
26,-343,14
-26,-336,10
-79,-326,7
-132,-316,-2
-191,-300,-8
-254,-282,-16
-318,-257,-22
-380,-235,-25
-444,-212,-27
-502,-188,-24
-558,-164,-15
-609,-137,-2
-657,-111,11
-697,-90,21
-728,-70,29
-757,-58,34
-777,-38,29
-784,-17,28
-786,1,22
-778,18,14
-766,32,2
-743,44,-6
-711,55,-16
-672,66,-25
-619,81,-31
-550,95,-35
-471,105,-36
-384,118,-39
-292,132,-39
-197,144,-40
-100,161,-44
-1,174,-47
105,192,-49
208,211,-50
310,231,-51
409,255,-52
508,276,-53
600,293,-53
685,313,-55
764,331,-56
838,347,-62
907,361,-64
970,370,-64
1018,375,-64
1058,380,-66
1082,384,-65
1088,381,-70
1080,374,-75
1063,367,-86
1029,359,-95
988,352,-110
937,337,-120
877,321,-132
818,306,-145
752,292,-157
680,280,-168
606,266,-184
531,250,-192
456,234,-206
376,220,-217
298,207,-225
220,190,-234
142,182,-237
68,168,-241
0,155,-242
-67,137,-240
-133,126,-237
-195,118,-231
-257,110,-223
-318,106,-212
-374,101,-197
-422,100,-175
-457,108,-155
-480,123,-143
-482,138,-137
-472,151,-131
-449,156,-134
-412,149,-142
-368,134,-158
-320,117,-177
-273,107,-201
-225,109,-221
-175,123,-241
-131,145,-258
-91,161,-273
-48,172,-282
-6,174,-276
41,171,-259
88,167,-227
121,156,-178
146,142,-120
158,130,-56
152,118,11
140,106,86
120,101,169
99,101,248
78,97,328
64,98,405
57,98,476
62,103,543
85,94,602
122,80,653
169,61,706
223,42,753
282,20,791
333,-4,823
380,-25,848
420,-44,864
451,-57,874
477,-67,882
495,-74,881
510,-82,883
529,-91,893
539,-102,908
551,-114,927
562,-126,949
563,-139,981
553,-155,1016
543,-167,1049
520,-176,1081
489,-183,1110
455,-185,1137
416,-186,1160
381,-183,1180
341,-175,1191
301,-164,1197
261,-150,1197
228,-134,1189
203,-113,1181
184,-91,1172
176,-72,1158
169,-49,1143
165,-23,1132
168,2,1119
177,28,1106
189,58,1091
200,82,1079
217,110,1072
234,140,1064
245,161,1053
256,182,1044
267,202,1034
271,219,1025
278,239,1014
276,252,1002
276,263,991
281,269,979
285,275,964
294,280,950
307,284,940
325,287,927
351,284,919
378,284,905
407,281,890
444,279,877
488,279,862
528,274,846
566,272,831
604,264,814
639,257,792
668,251,770
685,247,752
703,247,729
712,244,704
715,246,678
713,249,650
709,251,621
704,256,591
700,261,568
692,263,543
690,267,520
685,267,498
684,267,474
683,267,451
682,262,427
676,258,404
664,253,374
662,245,348
655,237,316
645,229,283
632,212,250
618,200,210
605,181,167
594,159,127
574,137,86
555,114,44
532,93,1
501,65,-38
472,40,-65
438,13,-101
402,-14,-132
359,-42,-167
301,-62,-196
244,-77,-228
179,-100,-260
109,-122,-290
34,-145,-316
-38,-167,-346
-107,-190,-375
-175,-210,-397
-251,-228,-424
-319,-241,-448
-381,-258,-473
-438,-269,-506
-480,-279,-540
-515,-288,-577
-549,-308,-625
-595,-329,-682
-652,-345,-744
-718,-359,-813
-793,-365,-886
-871,-362,-963
-954,-352,-1042
-1025,-332,-1127
-1095,-309,-1214
-1152,-283,-1301
-1195,-264,-1380
-1228,-237,-1449
-1251,-211,-1505
-1264,-185,-1545
-1264,-158,-1570
-1257,-129,-1578
-1242,-102,-1574
-1222,-75,-1560
-1193,-52,-1534
-1152,-24,-1501
-1103,11,-1465
-1052,47,-1427
-990,79,-1388
-922,109,-1354
-845,139,-1320
-752,169,-1281
-649,194,-1244
-541,213,-1214
-427,229,-1182
-309,240,-1156
-188,242,-1126
-71,247,-1087
40,241,-1044
148,232,-1001
244,226,-953
333,208,-903
412,188,-854
474,170,-805
527,150,-754
571,126,-704
614,97,-654
643,65,-605
663,32,-555
677,-6,-501
681,-39,-447
679,-69,-396
661,-99,-346
635,-136,-297
598,-166,-253
545,-192,-213
477,-215,-181
399,-236,-155
310,-251,-133
209,-261,-115
103,-267,-104
-8,-275,-101
-113,-278,-98
-215,-274,-93
-318,-269,-84
-413,-261,-76
-503,-247,-64
-581,-235,-53
-649,-221,-41
-717,-202,-18
-781,-181,8
-832,-160,31
-871,-137,57
-900,-113,80
-923,-91,95
-942,-75,111
-956,-58,119
-956,-41,124
-939,-25,132
-917,-9,139
-882,7,147
-839,24,154
-781,39,162
-716,52,174
-638,68,181
-540,84,197
-438,100,212
-332,113,218
-220,126,230
-109,139,236
0,155,240
117,168,245
227,177,250
332,191,257
435,199,261
531,208,261
620,217,259
697,226,255
773,229,251
835,230,243
888,230,236
930,229,226
962,223,219
980,214,209
986,204,199
979,195,190
952,184,179
914,173,164
870,160,148
818,148,128
752,132,111
681,118,91
612,107,76
533,99,56
448,88,41
364,75,21
282,66,-1
192,56,-21
112,50,-39
35,49,-51
-39,47,-61
-101,48,-75
-160,44,-88
-217,42,-101
-275,42,-112
-329,43,-119
-378,44,-120
-422,52,-117
-465,63,-113
-498,85,-106
-512,111,-100
-499,131,-100
-474,153,-100
-435,170,-110
-386,168,-130
-325,152,-156
-264,142,-186
-212,137,-218
-155,139,-250
-107,164,-283
-59,200,-319
-3,232,-354
62,260,-384
131,283,-407
212,299,-417
295,307,-404
369,314,-372
429,321,-329
481,323,-277
524,326,-210
553,336,-135
574,342,-65
585,345,8
591,353,88
591,363,170
596,371,250
601,374,328
613,375,401
629,376,471
653,369,532
682,359,585
712,347,634
750,331,679
786,309,717
817,291,747
850,275,772
884,260,791
911,245,797
935,228,801
959,209,803
985,194,799
1014,176,801
1043,154,811
1076,130,817
1101,109,824
1112,83,836
1117,56,849
1119,31,862
1102,7,876
1080,-13,894
1047,-33,913
1008,-51,929
956,-64,946
902,-71,969
849,-76,988
791,-84,1008
733,-89,1026
675,-92,1043
617,-88,1059
559,-82,1075
505,-72,1089
450,-64,1102
401,-50,1113
352,-29,1126
300,-9,1138
252,13,1150
206,43,1159
158,68,1170
117,96,1177
77,122,1193
42,145,1202
9,166,1212
-28,185,1227
-53,201,1241
-73,215,1254
-99,232,1270
-120,240,1286
-140,250,1297
-156,256,1306
-168,259,1311
-178,263,1319
-182,267,1325
-183,267,1322
-178,269,1318
-159,269,1312
-136,270,1305
-114,265,1294
-87,266,1280
-56,266,1268
-19,269,1257
24,271,1240
67,274,1221
113,279,1201
158,281,1176
201,287,1149
250,291,1121
301,296,1093
351,305,1064
399,315,1027
445,325,984
495,335,941
542,344,903
586,357,861
630,369,818
673,380,777
715,393,732
761,407,684
804,422,638
846,432,588
891,442,536
930,448,482
972,456,429
1010,458,374
1043,457,317
1063,452,260
1083,442,201
1098,438,143
1106,426,86
1104,408,34
1090,393,-24
1067,378,-68
1034,359,-120
993,340,-177
943,316,-237
886,293,-296
827,271,-353
766,247,-412
701,223,-469
639,197,-523
576,174,-575
516,146,-620
461,118,-668
405,86,-714
352,54,-758
297,25,-798
239,-10,-836
172,-44,-874
99,-68,-918
14,-87,-958
-69,-110,-999
-164,-139,-1043
-276,-159,-1096
-397,-179,-1146
-518,-206,-1188
-637,-227,-1229
-764,-247,-1274
-902,-265,-1316
-1048,-274,-1344
-1196,-267,-1367
-1323,-254,-1376
-1416,-226,-1369
-1480,-193,-1350
-1515,-156,-1325
-1520,-121,-1293
-1493,-82,-1248
-1432,-50,-1196
-1339,-8,-1135
-1215,39,-1059
-1066,90,-974
-892,136,-886
-715,181,-799
-530,215,-716
-337,242,-637
-156,268,-566
7,289,-497
168,310,-438
317,333,-387
450,349,-342
568,363,-309
681,376,-278
789,383,-249
894,385,-224
995,381,-202
1084,372,-179
1166,360,-156
1241,345,-129
1306,330,-98
1355,318,-70
1388,307,-51
1412,297,-33
1424,296,-16
1428,297,-7
1427,299,-6
1420,302,-2
1412,307,-3
1408,321,-5
1401,336,-10
1395,351,-14
1390,367,-20
1388,384,-28
1379,401,-35
1366,422,-47
1353,441,-52
1331,460,-60
1297,482,-72
1260,501,-89
1216,524,-102
1166,544,-109
1118,564,-115
1066,582,-114
1013,598,-115
957,613,-105
896,622,-85
846,629,-61
799,640,-43
762,642,-10
728,648,29
701,653,65
682,656,102
668,661,135
663,671,171
662,681,199
672,691,228
689,703,253
719,716,271
753,732,292
802,755,312
864,778,327
935,808,341
1013,836,356
1099,869,371
1192,904,385
1290,947,398
1394,990,411
1509,1034,426
1621,1084,444
1736,1137,460
1848,1186,478
1963,1234,497
2072,1284,514
2184,1339,533
2289,1389,552
2386,1438,574
2480,1487,595
2564,1536,620
2641,1581,644
2712,1623,674
2764,1662,697
2813,1702,726
2857,1739,755
2893,1770,780
2927,1808,808
2957,1839,836
2984,1873,861
3011,1907,885
3040,1941,904
3066,1972,924
3097,1994,947
3135,2018,967
3171,2039,987
3205,2065,1003
3247,2086,1019
3291,2108,1036
3334,2127,1049
3378,2144,1064
3417,2161,1077
3459,2179,1089
3499,2193,1099
3541,2206,1104
3582,2214,1111
3620,2220,1118
3657,2225,1120
3686,2234,1128
3711,2235,1138
3733,2233,1139
3747,2233,1142
3761,2227,1149
3767,2219,1150
3769,2208,1145
3771,2192,1137
3762,2173,1122
3748,2151,1100
3729,2126,1072
3706,2103,1040
3675,2075,1005
3636,2045,963
3587,2017,918
3529,1986,880
3466,1953,840
3400,1920,798
3329,1883,756
3248,1844,710
3166,1808,663
3086,1771,616
2999,1736,571
2909,1705,520
2819,1672,471
2732,1635,422
2644,1604,376
2557,1571,328
2471,1536,282
2385,1505,234
2301,1470,184
2226,1439,131
2161,1407,81
2094,1376,29
2034,1342,-24
1978,1312,-69
1933,1279,-127
1882,1245,-180
1833,1214,-237
1791,1180,-297
1749,1144,-361
1713,1107,-431
1684,1069,-502
1664,1032,-568
1644,997,-633
1628,960,-697
1616,922,-758
1602,893,-804
1589,864,-845
1575,838,-876
1562,817,-899
1552,798,-914
1551,780,-922
1551,759,-919
1556,748,-913
1566,739,-900
1581,733,-882
1597,729,-860
1613,728,-835
1636,728,-807
1664,731,-777
1693,735,-742
1733,740,-705
1774,744,-670
1817,754,-634
1861,761,-591
1907,764,-546
1947,767,-504
1982,765,-460
2015,767,-409
2041,768,-355
2057,763,-305
2066,759,-258
2069,753,-211
2064,745,-163
2054,733,-118
2043,718,-79
2029,708,-53
2013,696,-26
2000,688,3
1990,685,25
1984,683,44
1985,678,59
1990,677,69
1998,675,76
2009,674,81
2026,673,79
2047,672,77
2080,666,72
2109,664,68
2140,663,59
2173,657,52
2198,648,45
2222,638,37
2240,627,29
2254,612,17
2269,595,8
2274,576,-5
2272,554,-14
2264,531,-19
2257,504,-28
2236,472,-39
2213,442,-49
2185,409,-52
2155,369,-53
2126,332,-53
2090,297,-54
2056,254,-55
2019,211,-54
1977,170,-53
1937,132,-52
1894,89,-49
1845,46,-40
1794,6,-30
1739,-30,-20
1683,-65,-5
1621,-96,7
1556,-132,20
1489,-171,41
1420,-206,60
1348,-238,77
1272,-270,96
1197,-302,118
1120,-332,143
1046,-355,169
968,-378,194
883,-403,221
803,-421,251
720,-436,280
642,-447,308
561,-458,335
483,-468,365
405,-471,395
329,-474,428
264,-476,458
196,-477,493
135,-477,528
80,-474,559
34,-467,590
-4,-460,621
-31,-456,649
-50,-451,677
-65,-454,703
-81,-455,731
-101,-457,754
-128,-455,759
-166,-449,759
-208,-441,752
-253,-425,737
-302,-405,714
-333,-382,696
-360,-355,677
-384,-328,661
-407,-295,644
-423,-260,630
-428,-221,620
-434,-184,608
-428,-140,605
-413,-95,604
-385,-58,602
-348,-18,599
-297,31,594
-238,78,588
-159,129,580
-73,177,570
18,226,565
133,273,558
256,324,554
377,366,551
499,403,548
614,441,551
736,475,550
851,505,553
967,530,556
1077,551,561
1178,570,562
1279,581,564
1368,592,569
1459,595,576
1545,593,584
1624,584,593
1692,563,604
1757,537,616
1801,505,626
1829,466,635
1851,428,642
1851,380,648
1827,330,651
1786,282,646
1726,229,643
1645,176,638
1547,122,627
1429,72,614
1292,21,603
1142,-27,593
973,-68,589
787,-109,584
592,-150,586
391,-192,590
179,-229,596
-30,-265,601
-233,-296,612
-438,-321,625
-637,-345,642
-809,-359,659
-962,-370,671
-1098,-380,682
-1214,-385,690
-1305,-388,694
-1370,-392,697
-1406,-389,697
-1419,-381,694
-1412,-369,684
-1385,-353,670
-1340,-339,659
-1278,-315,652
-1203,-294,642
-1118,-268,635
-1027,-243,625
-936,-221,607
-840,-193,588
-734,-168,569
-625,-142,546
-510,-114,522
-384,-86,499
-252,-70,477
-116,-53,460
29,-30,445
189,-8,430
348,12,409
503,27,384
653,46,359
801,66,329
940,87,293
1064,101,258
1178,114,216
1279,125,175
1367,130,139
1442,130,104
1503,126,75
1550,117,53
1578,104,35
1582,81,17
1567,55,1
1537,21,-15
1492,-13,-30
1428,-52,-48
1347,-87,-57
1256,-139,-76
1152,-191,-97
1034,-249,-118
903,-302,-142
767,-358,-160
623,-414,-177
472,-470,-192
312,-525,-202
139,-576,-213
-35,-619,-226
-201,-654,-233
-380,-686,-241
-561,-710,-250
-742,-729,-255
-916,-745,-262
-1074,-755,-265
-1215,-757,-269
-1338,-758,-276
-1447,-756,-284
-1548,-744,-298
-1625,-730,-316
-1686,-716,-330
-1726,-697,-340
-1743,-671,-351
-1749,-639,-366
-1735,-603,-381
-1701,-570,-398
-1656,-532,-417
-1598,-493,-434
-1525,-452,-453
-1442,-407,-475
-1351,-362,-497
-1251,-313,-516
-1141,-263,-531
-1028,-206,-547
-903,-151,-569
-764,-96,-593
-615,-51,-613
-465,-13,-639
-322,23,-672
-186,51,-707
-71,82,-739
34,123,-769
135,171,-799
226,224,-826
311,269,-851
387,306,-877
461,340,-887
521,361,-893
577,364,-891
619,362,-871
647,353,-834
657,345,-784
651,334,-730
629,330,-666
588,319,-600
547,309,-525
499,302,-450
446,299,-375
397,297,-302
358,287,-230
328,278,-164
307,266,-106
308,249,-59
320,230,-24
336,209,19
358,185,55
381,161,86
399,136,110
418,114,131
434,100,147
449,93,155
469,89,160
490,84,159
510,79,158
534,71,159
560,67,166
592,63,178
624,64,197
650,64,221
670,58,251
686,57,290
696,59,328
700,61,369
700,69,410
698,77,447
688,89,482
678,104,512
668,122,536
659,142,560
656,168,586
660,199,611
661,225,636
655,253,661
654,284,685
647,315,712
643,345,742
636,375,774
630,408,808
619,441,845
606,467,879
589,491,918
575,511,958
561,528,1000
547,543,1037
531,555,1072
520,563,1110
508,568,1144
495,575,1176
486,570,1200
475,566,1221
463,559,1244
460,554,1262
460,548,1277
461,541,1288
466,531,1298
470,525,1302
482,521,1308
500,515,1312
514,509,1315
530,505,1321
549,499,1325
567,493,1329
577,491,1331
591,486,1333
600,478,1328
606,475,1324
606,476,1317
603,477,1311
598,477,1307
588,479,1300
578,483,1293
567,486,1282
548,489,1269
529,490,1256
517,492,1240
509,494,1227
498,500,1212
494,507,1195
499,516,1181
506,512,1164
519,508,1145
530,506,1127
543,500,1106
552,488,1087
557,479,1067
563,464,1044
562,448,1022
555,428,1002
546,406,976
535,386,943
521,363,910
502,336,879
474,306,849
448,278,817
422,255,783
392,231,752
364,206,718
333,186,678
304,161,638
275,141,593
245,117,548
222,92,500
204,70,452
186,52,402
171,37,344
152,23,288
147,4,221
150,-19,146
154,-42,63
151,-62,-24
134,-79,-110
100,-100,-214
50,-119,-326
-9,-127,-440
-70,-128,-561
-138,-120,-690
-205,-104,-823
-268,-83,-953
-328,-72,-1082
-383,-63,-1191
-430,-54,-1273
-471,-48,-1326
-503,-38,-1347
-527,-23,-1344
-547,-4,-1316
-550,31,-1271
-553,297,-1456
-829,270,-1602
-828,-24,-1231
-752,-81,-905
-694,-16,-725
