-9,24,7
-7,29,8
-5,30,5
-4,31,6
-5,35,6
-4,34,7
-6,31,5
-7,33,5
-11,29,9
-17,29,8
-17,27,5
-13,24,5
-11,17,2
-7,15,5
-4,15,7
3,13,6
2,13,7
1,17,8
-4,21,9
-7,21,6
-7,24,4
-7,28,-1
-9,32,-1
-9,33,3
-10,31,2
-9,34,0
-4,30,-2
-3,26,1
-1,26,3
-1,24,1
-2,24,2
-3,24,3
2,26,3
2,28,1
5,28,2
1,26,6
-1,29,4
-6,30,5
-7,29,6
-8,25,6
-6,25,8
-3,27,5
-11,29,6
-12,26,9
-12,30,7
-13,34,6
-11,31,3
-7,28,1
-4,29,1
-4,31,-2
-4,31,1
-7,27,4
-3,26,3
-3,25,3
-4,25,2
-5,21,1
-7,24,3
-6,28,5
-6,30,6
-8,30,8
-7,28,11
-7,29,12
-6,27,7
-5,28,7
-6,29,7
-7,25,6
-4,20,4
1,19,5
2,18,3
2,22,0
7,19,0
13,23,1
14,24,2
10,27,0
11,26,0
12,26,1
9,30,1
5,31,2
10,33,3
14,35,4
7,34,6
8,36,7
10,35,4
6,35,4
2,38,4
-1,39,3
-4,41,5
-7,39,5
-9,38,4
-11,37,3
-10,31,3
-11,29,4
-13,25,5
-5,21,3
-6,19,4
-8,19,7
-5,20,5
-5,17,5
-5,21,6
-3,24,0
1,27,4
5,28,4
1,35,-1
-1,36,-4
4,39,0
5,41,2
4,39,0
1,35,0
0,36,-1
-5,33,-1
-8,26,-2
-11,24,-1
-17,19,0
-15,14,-4
-15,11,0
-13,9,1
-10,11,2
-4,9,2
-4,11,2
-2,15,3
1,17,3
6,27,4
4,34,3
2,38,1
1,43,2
-1,49,0
-4,53,-1
-4,51,-3
-1,51,-1
0,47,0
-6,38,2
-11,31,-1
-12,28,0
-13,21,1
-16,16,3
-15,16,2
-19,16,1
-20,14,3
-16,14,5
-13,14,7
-10,13,7
-10,17,7
-6,18,7
-3,23,5
-3,27,3
-3,33,3
-2,33,-1
2,37,2
3,38,2
4,42,3
0,42,1
-3,40,0
-5,37,-2
-9,32,1
-10,28,1
-13,26,3
-16,22,4
-15,20,2
-17,18,2
-17,14,5
-18,16,8
-17,18,8
-18,16,5
-15,20,4
-14,24,2
-13,28,1
-12,34,1
-14,42,4
-15,44,2
-14,48,-6
-11,53,-5
-14,56,-6
-14,59,-7
-14,62,-9
-15,63,-9
-16,64,-8
-19,63,-11
-22,60,-8
-25,56,-4
-29,44,-6
-28,42,-2
-29,34,3
-33,28,5
-36,22,3
-35,20,9
-34,17,8
-34,15,8
-38,18,8
-37,24,6
-36,30,6
-34,36,4
-31,39,4
-25,43,1
-22,44,-2
-21,43,-1
-22,44,1
-17,43,4
-16,40,1
-18,39,0
-21,34,5
-19,24,1
-26,17,6
-25,15,9
-23,12,13
-22,4,13
-26,1,14
-24,2,14
-22,4,13
-18,7,12
-19,15,10
-18,21,9
-21,25,2
-18,30,0
-18,35,-2
-16,41,-5
-13,46,-6
-9,44,-8
-8,45,-10
-7,46,-8
-9,44,-7
-6,43,-5
-5,42,-2
-6,38,-1
-8,34,-1
-11,31,0
-16,24,2
-20,18,6
-17,18,5
-20,21,5
-22,23,6
-26,25,5
-23,25,6
-25,26,4
-27,25,0
-28,31,3
-26,36,0
-20,36,-2
-16,39,-2
-18,38,-1
-12,38,-1
-17,40,0
-17,35,2
-13,36,4
-16,31,5
-16,26,8
-18,20,12
-19,15,12
-18,9,12
-19,4,13
-17,0,15
-18,3,13
-19,6,10
-14,9,9
-14,9,8
-13,13,6
-8,20,5
-10,23,4
-10,21,1
-5,22,2
-5,22,3
-3,22,4
-3,24,2
-1,24,2
3,24,0
0,25,0
-4,27,4
-5,28,3
-5,25,3
-10,24,6
-10,26,6
-10,26,2
-13,24,1
-12,25,-1
-17,21,0
-14,19,1
-18,22,0
-20,20,2
-16,17,0
-15,14,-1
-15,13,-3
-9,15,-3
-5,18,-2
-10,20,0
-8,24,0
-2,29,0
1,31,5
4,34,5
5,35,4
5,34,5
3,35,8
5,38,6
6,42,4
-3,44,4
-8,43,4
-12,40,6
-13,33,6
-18,31,4
-25,31,1
-27,30,0
-26,22,3
-30,19,1
-28,19,3
-24,19,0
-27,16,3
-26,14,1
-19,14,0
-12,15,3
-6,15,5
-3,20,5
-4,24,6
0,27,3
-2,29,4
-2,31,5
-7,31,5
-17,34,5
-14,39,3
-14,40,4
-16,38,2
-19,36,-2
-17,31,-5
-17,28,-2
-14,23,-2
-15,22,-2
-12,21,-1
-11,19,-2
-12,17,-2
-17,17,1
-24,13,2
-23,12,3
-22,13,5
-21,16,7
-22,12,7
-26,13,9
-28,10,10
-28,6,5
-27,10,6
-31,17,10
-32,22,5
-36,27,6
-39,29,5
-39,32,6
-37,32,1
-37,30,0
-39,23,-3
-36,20,-4
-34,16,-4
-29,13,-2
-32,11,-2
-30,8,-3
-28,6,1
-24,7,-1
-26,10,-3
-28,9,0
-29,15,3
-30,20,5
-29,20,5
-30,24,4
-28,26,4
-27,31,3
-27,36,1
-32,39,-2
-32,41,-6
-36,43,-5
-41,40,-4
-40,37,-5
-42,38,-7
-45,36,-4
-48,31,-3
-49,26,-2
-56,24,-3
-57,21,0
-54,12,-2
-56,11,-2
-59,9,3
-57,8,7
-54,8,5
-49,9,2
-52,10,5
-51,15,9
-49,17,6
-47,18,6
-54,21,3
-59,19,1
-61,19,0
-66,17,4
-66,23,3
-65,22,1
-62,23,-5
-62,23,-9
-65,26,-8
-64,26,-4
-67,22,-5
-68,14,-4
-67,5,0
-64,0,1
-66,-4,1
-70,-8,2
-69,-4,2
-69,0,1
-66,4,1
-68,12,0
-66,18,-5
-70,30,-10
-69,41,-12
-67,52,-10
-73,61,-11
-73,65,-15
-74,70,-19
-71,71,-19
-69,69,-22
-65,66,-26
-66,54,-27
-70,43,-25
-74,36,-20
-78,27,-18
-81,18,-15
-88,12,-8
-91,9,-3
-89,12,-3
-88,12,-1
-84,13,3
-77,12,1
-76,14,5
-73,14,3
-70,21,1
-67,30,-2
-63,31,-4
-63,37,-3
-67,42,-5
-68,41,-1
-73,39,-2
-75,36,-2
-75,30,1
-75,25,1
-74,12,9
-76,4,6
-82,-5,11
-89,-13,20
-90,-19,24
-94,-24,29
-95,-31,35
-89,-35,36
-85,-36,32
-83,-36,36
-81,-34,36
-81,-27,37
-81,-22,33
-78,-15,31
-79,-8,30
-79,-1,29
-81,4,28
-80,12,23
-83,13,19
-87,13,20
-89,13,18
-91,14,18
-93,10,15
-92,3,15
-93,-2,17
-90,-7,15
-92,-14,18
-99,-18,23
-102,-20,19
-100,-24,21
-99,-24,25
-94,-23,24
-86,-16,24
-82,-10,24
-81,-5,19
-78,2,14
-77,11,17
-75,18,15
-75,20,14
-75,23,14
-77,27,10
-78,23,13
-82,23,12
-85,24,12
-90,21,14
-92,17,11
-93,16,10
-86,14,14
-83,7,14
-83,2,16
-83,-4,20
-83,-8,18
-80,-9,16
-79,-9,17
-81,-9,16
-78,-6,17
-75,-9,17
-72,-8,12
-74,-3,14
-72,-1,13
-67,-4,13
-62,-2,14
-53,-4,15
-51,-9,22
-48,-12,28
-45,-16,31
-44,-22,35
-39,-24,38
-35,-27,40
-28,-30,43
-24,-35,45
-23,-38,44
-25,-40,45
-19,-42,45
-15,-42,42
-10,-40,39
-6,-35,36
1,-37,33
4,-33,30
6,-29,27
7,-20,25
10,-14,21
13,-8,17
12,-2,15
15,0,17
18,2,16
21,3,14
30,-4,15
30,-9,15
30,-9,18
28,-7,19
30,-3,18
32,0,14
29,4,13
24,12,10
19,12,6
12,17,2
5,24,2
7,31,1
5,34,-2
3,40,-4
5,43,-5
6,45,-7
9,44,-3
9,45,-4
11,46,-5
9,52,0
12,51,4
14,52,7
17,55,7
20,54,7
22,51,9
22,48,12
20,45,12
18,41,15
19,37,15
17,32,20
15,33,17
12,31,11
10,27,13
9,26,15
9,27,15
6,27,15
2,23,17
6,16,15
13,16,14
15,15,16
21,10,13
20,13,10
23,12,9
28,17,8
32,23,9
31,30,6
35,38,5
39,44,4
39,54,0
37,56,0
34,59,-2
34,55,-5
35,52,-4
36,48,-3
36,39,-4
41,34,-3
40,29,-1
39,19,4
37,12,7
36,7,11
32,2,12
35,-2,13
41,1,13
44,4,10
42,11,8
45,21,8
50,23,8
53,30,7
53,41,7
52,45,5
54,50,-1
56,57,-3
52,61,-4
49,64,-8
46,62,-8
45,61,-7
46,54,-6
42,51,-4
41,44,1
35,37,3
35,30,6
36,21,9
36,16,9
35,14,14
33,13,14
32,16,13
31,18,14
26,22,13
21,28,12
20,35,11
23,47,7
25,53,2
28,59,-3
29,63,-4
26,69,-5
25,71,-4
23,67,-3
16,61,-2
7,52,0
5,45,1
8,36,6
12,21,9
14,6,12
14,0,17
12,-6,18
18,-11,19
21,-13,19
25,-10,23
31,-6,21
30,-6,17
25,1,14
24,6,11
23,14,6
24,22,1
22,28,-2
18,33,-6
22,35,-3
19,41,-7
19,42,-5
25,41,1
22,42,5
22,39,7
19,34,11
25,28,14
24,24,16
18,22,14
19,19,15
15,15,18
20,11,19
18,12,19
14,12,15
16,14,15
18,16,10
16,22,7
18,25,3
20,29,-4
18,35,-3
19,40,-1
17,43,-1
18,48,-1
20,50,-1
20,46,2
18,43,6
19,37,4
19,31,8
18,29,12
12,23,12
8,16,12
6,11,12
4,9,15
0,8,20
-2,6,19
2,4,17
1,3,13
0,6,16
6,8,16
6,7,14
8,5,8
13,5,6
11,9,7
13,11,6
14,9,3
14,12,3
9,14,6
8,18,6
5,20,6
9,23,9
7,23,9
10,22,9
10,23,12
9,22,10
8,25,15
3,22,15
1,21,12
2,21,12
2,20,10
6,19,9
5,19,6
1,16,5
-3,12,8
-6,16,7
-1,17,5
-1,19,5
-1,24,6
2,30,7
7,31,6
2,34,9
1,34,11
-2,38,10
-4,40,9
-14,42,13
-19,41,14
-21,38,15
-23,32,13
-26,30,15
-22,23,14
-21,16,15
-24,9,15
-26,4,14
-29,4,13
-33,2,15
-35,3,13
-36,3,16
-33,4,16
-32,7,9
-29,9,9
-17,14,10
-8,12,11
-5,15,8
0,21,7
0,22,6
-2,23,8
-3,27,7
-6,28,6
-8,30,10
-12,30,8
-12,26,9
-12,20,11
-15,11,15
-19,3,18
-22,-1,20
-20,-4,19
-18,-9,18
-19,-10,18
-14,-9,16
-11,-11,15
-12,-8,15
-11,0,13
-8,5,11
-6,14,11
-3,25,13
-5,33,6
-10,40,3
-5,50,1
-5,54,0
-7,56,1
-7,56,1
-5,54,0
-3,49,2
-5,44,2
-3,39,2
-6,31,7
-8,24,10
-10,16,10
-11,7,13
-14,3,15
-13,1,13
-11,-1,15
-11,-3,18
-13,-1,18
-10,7,13
-13,11,13
-12,18,16
-9,22,13
-10,25,9
-8,34,6
-8,39,1
-7,40,-3
-6,40,-1
-7,40,-1
-8,37,-1
-6,31,0
-5,23,1
-9,19,2
-11,16,3
-9,8,11
-6,3,12
-6,-1,13
-8,-6,17
-3,-7,16
-1,-11,20
3,-13,21
6,-12,17
5,-7,14
6,-7,15
5,-1,14
6,6,9
6,9,6
6,20,3
8,28,0
8,38,-1
8,43,-3
11,46,-5
10,48,-8
5,46,-3
7,42,-2
11,37,-1
9,29,2
2,22,9
-1,17,11
-2,12,14
-1,5,16
1,0,17
-2,-6,18
4,-7,18
0,-6,18
-1,1,16
2,1,13
1,9,15
4,14,9
4,22,4
4,28,4
4,35,4
8,40,1
10,41,0
2,41,0
1,39,-4
6,33,-1
5,27,2
5,22,2
6,17,5
4,12,8
6,5,10
6,-1,14
1,-1,17
4,-4,19
3,-7,18
1,-7,15
-3,-4,15
-2,0,12
-2,3,10
2,5,9
2,16,6
2,20,0
2,25,0
4,32,1
4,34,0
2,39,-4
3,40,-4
1,41,-1
1,40,-1
-2,40,-2
-5,33,2
-1,27,5
0,22,7
-5,18,10
-6,12,12
-9,9,16
-8,3,16
-8,2,16
-6,-1,19
-8,-3,17
-6,2,14
-5,5,13
-5,6,12
-3,13,9
-3,21,7
0,24,3
0,25,4
4,24,2
6,25,0
7,25,0
7,27,-1
6,23,2
6,22,5
7,21,4
8,15,5
5,13,7
3,15,9
2,15,13
-2,14,12
-4,15,12
-3,14,12
-3,13,11
-3,17,10
-6,16,9
-8,16,7
-6,23,6
1,28,4
-1,24,2
-3,27,3
-2,27,1
0,27,-2
-1,24,-5
-1,24,-3
-5,20,0
-7,17,-2
-9,11,1
-10,9,5
-11,9,6
-15,7,6
-13,6,9
-13,8,11
-16,10,11
-17,12,11
-16,10,12
-13,15,10
-14,22,4
-17,30,4
-9,29,4
-7,28,2
-11,30,-2
-14,37,-3
-10,39,-5
-8,40,-6
-10,40,-7
-12,35,-8
-16,35,-4
-16,31,-3
-19,22,-1
-24,18,3
-25,12,1
-23,8,5
-32,6,4
-31,-1,3
-29,2,6
-27,5,9
-27,7,12
-26,11,9
-25,19,7
-17,25,7
-13,28,3
-16,34,0
-21,39,-1
-24,42,-2
-26,44,-6
-21,40,-5
-14,36,-6
-11,33,-6
-14,30,-10
-19,25,-10
-17,24,-7
-19,23,-4
-20,23,-1
-22,22,4
-24,19,2
-28,23,3
-28,24,2
-30,21,4
-30,22,8
-35,22,12
-34,18,9
-33,16,10
-31,15,11
-30,16,9
-34,16,7
-32,18,8
-29,21,7
-26,22,5
-24,27,7
-22,21,2
-24,25,0
-21,22,0
-22,21,2
-21,22,3
-19,15,4
-21,12,5
-20,16,6
-18,15,6
-17,16,4
-19,18,5
-18,21,6
-18,23,1
-18,27,2
-16,30,2
-17,32,0
-14,34,-1
-15,32,-2
-14,35,-7
-14,33,-8
-16,34,-2
-18,34,-2
-13,34,-5
-13,36,-2
-9,37,1
-14,32,5
-13,32,5
-12,29,6
-14,27,6
-14,23,6
-16,22,9
-17,20,7
-19,18,6
-18,22,7
-16,23,8
-15,15,9
-15,15,7
-21,10,8
-19,10,9
-19,11,7
-17,12,7
-16,7,9
-15,8,8
-14,7,6
-18,5,5
-17,3,4
-9,4,3
-7,8,2
-8,8,6
-5,13,6
-6,14,2
-3,20,4
-7,25,5
-9,31,4
-15,31,3
-17,34,0
-16,33,2
-19,30,3
-17,28,1
-20,28,2
-18,26,0
-20,26,2
-13,27,-1
-14,27,-3
-18,27,-1
-19,24,0
-18,21,-1
-19,21,1
-19,20,4
-17,19,6
-14,17,5
-11,20,0
-13,23,0
-21,25,-1
-22,30,0
-26,30,-1
-28,32,-3
-28,33,-5
-27,27,-2
-27,25,-4
-28,20,-6
-26,15,-4
-28,12,-4
-33,8,-1
-36,2,1
-34,1,3
-31,5,3
-28,4,5
-22,2,9
-12,2,6
-6,6,5
-7,13,3
-7,20,0
-3,28,-2
-2,39,-6
-1,43,-5
-4,52,-9
-7,55,-9
-12,52,-10
-16,51,-11
-15,49,-7
-17,45,-7
-16,41,-4
-19,34,1
-26,29,3
-28,27,5
-30,25,9
-24,19,10
-23,17,12
-18,16,8
-16,15,7
-13,17,8
-16,19,6
-19,25,3
-16,30,0
-12,36,-2
-8,38,-3
0,42,-5
1,43,-5
1,41,-4
-2,43,-3
-1,40,-4
2,38,-3
1,33,-2
4,29,-1
3,25,-4
4,18,3
3,13,10
3,14,11
3,11,12
-5,9,13
-5,7,14
-1,8,12
0,15,11
0,18,12
2,19,7
3,25,3
7,30,2
5,36,0
9,42,-3
12,42,-2
12,46,-3
14,48,-4
17,48,-5
12,48,-5
12,43,-1
12,41,2
7,36,4
6,32,4
5,27,9
3,22,12
-3,17,14
-4,11,12
-7,13,13
-6,13,14
-6,15,14
-5,15,13
-7,16,8
-6,21,7
-5,22,5
-1,28,3
-2,30,5
1,36,0
3,38,-2
0,36,-2
1,38,-1
2,36,0
2,35,0
1,34,0
-3,29,6
1,26,9
1,23,12
-7,20,14
-9,14,15
-5,8,16
-11,7,17
-14,7,16
-13,5,18
-8,9,14
-3,10,10
-7,14,4
-10,19,3
-11,26,4
-13,30,2
-10,31,1
-9,33,-3
-9,35,-3
-5,40,-1
-4,36,0
-5,34,0
2,33,2
-2,32,5
-2,30,6
-3,25,9
-8,21,11
-16,22,11
-21,23,14
-21,25,15
-27,24,15
-26,21,13
-26,18,9
-23,15,11
-17,15,9
-11,14,4
-7,15,-2
1,18,-3
10,22,-3
8,25,-4
9,33,-9
12,36,-7
13,43,-12
10,49,-11
10,53,-8
10,52,-6
9,49,0
6,43,3
3,36,6
-5,31,9
-7,27,12
-7,24,14
-14,20,12
-13,18,13
-12,20,13
-17,18,15
-15,20,9
-17,18,7
-15,19,5
-15,22,4
-10,19,1
-11,21,-2
-12,22,-4
-9,20,1
-7,21,-1
-5,23,-1
-2,26,2
-2,28,6
4,26,6
0,28,8
-4,26,10
-3,23,10
0,22,10
4,19,10
5,15,9
1,12,8
3,15,6
1,13,2
3,11,2
3,13,4
4,16,2
4,17,-1
4,20,-3
5,22,-2
8,25,-2
8,23,1
6,26,-1
6,29,3
8,28,-1
6,27,1
6,26,3
5,27,3
4,28,8
2,27,9
4,26,9
-1,26,8
1,25,12
0,28,8
-4,28,8
-5,24,7
-7,23,5
-9,21,3
-6,18,5
-5,19,2
-1,20,-1
-1,19,-1
-3,22,1
-1,25,1
-1,25,1
6,26,1
6,25,2
5,25,2
4,28,3
1,29,2
1,31,4
1,31,3
3,32,1
3,35,5
-1,36,3
0,39,4
-2,37,5
-5,39,5
-8,33,3
-11,27,6
-10,22,3
-9,18,2
-10,16,0
-10,12,2
-15,5,2
-17,9,4
-15,10,2
-16,16,3
-15,16,4
-12,19,5
-13,24,6
-12,29,6
-7,33,3
-6,35,2
-6,35,3
-8,35,2
-13,35,3
-16,31,5
-15,30,0
-21,27,-1
-20,21,1
-16,19,-3
-18,15,-3
-16,12,-4
-13,11,-1
-9,8,-1
-6,8,1
-5,8,-1
-5,4,-3
-7,6,1
-9,6,3
-6,12,2
-8,17,3
-6,22,6
-6,26,5
-7,28,4
-7,30,5
-8,31,6
-6,26,7
-7,26,6
-10,31,7
-9,33,7
-11,36,5
-14,36,4
-15,41,3
-20,45,0
-23,45,-1
-21,39,0
-17,30,-2
-22,24,-1
-22,16,-3
-23,9,-2
-22,4,0
-19,6,0
-18,9,3
-15,13,7
-11,18,9
-11,22,7
-12,23,7
-10,27,5
-9,31,6
-9,29,6
-7,27,6
-10,24,5
-11,21,3
-12,16,6
-14,16,8
-15,16,8
-15,13,8
-12,9,4
-14,4,3
-14,6,2
-9,3,2
-7,1,2
-5,0,0
-6,0,-4
-8,7,-2
2,12,-5
4,18,-3
-2,26,-2
3,31,-4
2,36,-6
-1,39,-4
-4,43,-5
-3,47,-2
-6,45,-1
-10,45,-2
-12,44,-2
-14,41,0
-11,41,-1
-12,36,2
-15,27,3
-12,22,3
-13,13,3
-15,11,4
-15,5,5
-13,1,5
-11,2,3
-11,5,6
-11,12,7
-7,12,2
-9,15,-1
-6,19,-1
-2,24,2
-3,27,2
-1,28,-1
0,31,-1
0,34,-1
-4,31,-1
-3,29,0
0,29,0
1,25,0
2,18,-1
1,13,-1
-1,10,-1
-2,7,1
-1,6,1
-1,4,2
0,1,0
2,2,0
-3,2,1
-2,3,2
-3,4,-1
-5,10,-2
2,15,-3
6,22,-1
8,28,-2
9,32,-4
11,37,-6
9,41,-7
3,41,-4
-2,39,-3
-2,36,-5
2,33,-4
6,29,-2
11,20,0
15,10,-1
11,9,2
9,5,1
7,-1,3
9,-4,8
6,-5,7
6,-5,5
4,2,5
6,11,7
7,13,7
11,17,3
15,27,2
14,28,0
15,30,2
16,31,3
13,31,1
15,34,1
13,34,2
13,33,2
16,31,1
11,34,2
7,26,5
5,17,3
3,14,6
0,11,6
-4,7,9
-2,-1,10
-2,-1,13
2,-2,13
3,-4,9
3,-5,7
0,1,5
2,5,4
5,9,5
5,12,5
6,17,3
8,22,-2
7,25,-3
6,31,-6
5,32,-2
8,36,-2
11,33,-4
11,30,-5
5,33,-3
5,27,-3
4,21,-6
4,12,-3
-1,10,1
-3,7,4
-4,5,2
-8,6,3
-14,7,3
-11,8,4
-12,11,2
-10,18,0
-6,21,-2
-4,25,-5
-1,30,-6
7,36,-9
8,40,-8
10,45,-8
11,44,-9
9,45,-9
8,46,-7
8,41,-5
10,35,-3
8,29,-1
9,21,1
9,15,4
6,7,3
8,4,2
8,2,6
6,2,6
4,1,3
4,3,5
3,6,2
5,10,4
1,14,4
-1,19,0
-4,25,-2
-5,28,-5
2,32,-10
6,35,-14
7,40,-10
5,41,-7
8,41,-7
11,37,-8
7,34,-9
3,29,-2
8,25,-2
6,19,-1
10,17,2
11,13,2
5,14,3
-1,13,3
-9,11,6
-15,9,4
-12,13,2
-7,17,1
-5,20,-1
-8,22,-2
-3,30,-5
-3,33,-5
-1,38,-9
-2,41,-10
-6,45,-6
-7,39,-6
-8,36,-3
2,32,-2
8,25,0
7,17,1
10,16,4
14,15,6
13,10,7
8,9,9
5,9,10
3,12,12
-2,12,8
0,17,9
-1,19,8
-2,17,9
-6,18,7
-10,22,7
-13,19,8
-16,21,5
-16,23,3
-16,16,3
-11,9,6
-15,10,10
-12,11,7
-7,15,4
-3,17,5
-3,21,8
-2,25,7
-5,22,5
0,24,6
-1,22,5
1,17,3
1,18,4
-2,17,3
-4,15,1
-4,11,3
-1,6,4
0,3,7
0,4,4
-4,1,5
0,1,5
-6,-3,3
-6,-3,2
-4,-3,6
1,0,4
3,7,7
2,11,6
4,16,4
3,23,4
0,29,6
-7,35,4
-6,41,6
-6,42,6
-10,38,3
-11,39,2
-9,38,4
-10,32,4
-10,27,4
-13,20,7
-12,14,10
-11,8,8
-10,7,9
-9,8,9
-9,5,10
-9,4,10
-11,4,11
-11,3,11
-10,3,12
-11,0,11
-10,5,11
-8,8,13
-10,7,12
-8,15,12
-5,25,11
-2,25,8
-7,39,7
-13,52,8
-6,45,7
-4,37,3
-6,33,3
-5,30,3
-10,22,1
-9,15,2
-9,13,4
-4,10,7
0,9,5
-1,12,8
2,10,9
1,12,11
0,12,9
3,18,13
6,25,13
6,24,11
6,30,9
5,35,10
4,40,8
-1,44,9
-6,44,5
-4,45,4
-3,43,4
-7,50,2
-6,51,1
-8,49,3
-7,44,-2
-7,37,-1
-8,35,0
-11,31,1
-10,27,2
-11,22,2
-14,20,8
-16,17,7
-10,13,5
-8,13,11
-1,12,13
3,13,11
5,14,8
11,21,7
12,29,9
9,33,6
8,38,5
3,42,2
2,42,-1
-6,41,0
-8,40,0
-11,35,2
-9,33,2
-14,25,2
-9,12,5
-11,3,6
-13,-2,11
-13,-5,11
-11,-9,10
-13,-8,13
-14,-4,14
-11,4,13
-7,11,11
-7,18,10
-8,26,7
-8,30,4
-3,37,4
0,40,0
3,49,0
4,54,1
3,53,0
3,56,-3
-2,53,1
-4,50,3
-4,45,4
-11,37,2
-11,27,3
-14,20,4
-16,14,3
-18,4,11
-17,3,13
-22,-1,14
-23,-3,10
-23,-4,14
-24,1,16
-23,9,15
-21,15,12
-15,25,12
-10,31,10
-4,35,9
-5,38,8
-4,39,5
-3,37,5
-2,43,0
-3,44,-3
0,41,0
0,36,1
-4,33,2
-6,30,5
-7,26,9
-8,24,10
-10,19,16
-9,16,17
-4,17,15
2,11,17
0,8,17
-6,7,15
-10,7,15
-10,5,14
-7,7,11
-8,15,13
-8,16,12
-6,23,7
-7,28,7
-7,30,5
-8,37,5
-7,40,1
-3,38,2
-5,37,2
-7,36,4
-8,32,2
-5,26,1
-6,23,4
-7,20,8
-11,20,11
-9,9,9
-6,4,8
-6,3,13
-2,-1,13
1,-3,13
1,-4,14
1,3,10
2,10,9
-5,12,12
-6,17,9
2,28,9
4,30,6
1,37,3
-2,39,4
0,40,0
-3,44,-1
-4,43,0
-6,43,0
-8,41,0
-7,39,0
-10,34,0
-12,27,2
-14,19,4
-13,13,3
-7,8,5
-4,2,5
-3,2,6
0,2,7
5,7,4
9,15,7
8,19,8
9,21,6
6,27,2
5,33,1
7,35,-1
6,36,-1
11,37,-3
12,37,-5
5,40,-6
2,37,-5
-2,37,-3
0,33,0
-4,33,5
-4,28,4
-1,24,4
-5,21,4
-7,14,5
-7,9,6
-9,1,8
-7,-1,10
-9,0,11
-8,1,11
-5,7,8
-5,13,6
-2,22,5
2,30,4
5,34,1
7,36,0
6,44,-4
2,46,-8
2,50,-9
6,49,-7
9,47,-11
9,40,-9
11,36,-9
7,27,-6
2,18,-4
-3,17,-2
-5,16,3
-11,15,10
-9,13,9
-10,14,7
-14,19,8
-14,27,9
-15,32,3
-14,38,4
-12,44,1
-14,46,2
-8,50,-1
-8,56,-6
-6,60,-5
-3,64,-7
-1,64,-8
2,63,-8
-4,62,-8
-8,58,-8
-8,53,-3
-9,44,1
-14,33,1
-16,29,4
-14,20,6
-13,14,5
-16,11,12
-13,8,14
-12,7,14
-15,8,14
-14,10,13
-10,12,14
-13,15,11
-15,17,8
-15,15,7
-10,19,7
-10,21,3
-8,21,3
-4,22,4
-7,25,5
-4,23,1
-3,22,3
-3,19,4
-6,23,3
-8,23,9
-2,17,6
-3,16,8
-7,14,11
-8,11,12
-12,9,16
-14,10,14
-18,12,11
-16,19,10
-13,25,12
-9,30,12
-9,32,8
-8,32,4
-11,35,2
-13,39,1
-16,41,1
-17,48,-5
-15,53,-5
-14,56,-9
-4,58,-9
-3,56,-9
-3,56,-9
-6,55,-10
-4,50,-10
-6,48,-8
-10,48,-4
-12,47,1
-12,45,4
-19,40,5
-27,34,7
-31,33,9
-34,30,11
-30,28,10
-28,28,9
-30,27,8
-32,24,6
-31,24,3
-30,24,-1
-30,28,-3
-30,31,-4
-32,31,-3
-31,35,-2
-26,36,-2
-22,37,-1
-19,34,0
-20,30,4
-25,28,5
-24,25,7
-21,17,11
-22,10,14
-20,5,15
-21,0,17
-24,-3,16
-25,1,12
-24,7,14
-23,9,14
-22,11,11
-22,16,10
-20,17,6
-20,20,3
-19,23,-1
-11,25,0
-5,26,-3
0,29,-4
0,30,-4
-4,34,-4
-3,39,0
-5,39,0
-5,38,2
-6,36,6
-15,34,8
-16,29,10
-20,25,10
-21,21,12
-20,18,15
-22,14,15
-17,8,15
-22,6,16
-22,6,16
-16,5,17
-11,7,15
-10,13,12
-10,19,9
-10,23,4
-9,29,4
-5,35,4
-5,44,2
-1,45,1
-1,47,3
1,45,1
-1,46,3
1,45,6
0,41,5
-2,32,10
-3,23,15
-1,20,19
-9,8,22
-12,1,19
-11,-4,22
-13,-8,24
-10,-12,23
-12,-5,21
-9,-5,21
-6,-2,19
-3,0,17
3,4,14
7,10,10
4,13,7
4,17,5
6,18,4
6,18,4
3,19,5
-1,16,5
0,15,5
2,17,6
5,18,3
6,13,6
9,10,12
6,4,13
4,3,16
3,-2,16
-3,-6,21
-4,-9,24
-1,-9,24
0,-9,26
-1,-4,21
2,5,22
10,2,21
13,1,19
11,1,16
12,8,12
13,11,10
12,18,6
13,25,6
11,28,3
10,32,3
5,30,-1
6,30,5
6,33,4
10,32,5
12,24,6
13,16,8
10,6,11
5,-2,17
1,-6,18
-1,-8,19
-2,-9,18
-7,-7,19
-6,-4,17
-2,3,14
1,8,11
0,15,11
-1,18,13
0,22,10
-2,26,7
-1,23,6
-7,31,5
-6,27,7
-7,26,8
-6,24,3
-7,21,8
-4,16,11
-7,12,12
-7,7,12
-5,0,15
-3,-5,16
-2,-10,17
-2,-10,19
-3,-15,21
-4,-14,18
0,-13,21
1,-17,19
-4,-9,18
-11,-2,17
-10,7,14
-8,14,11
-10,17,8
-14,24,1
-17,36,-4
-15,37,-2
-8,37,-4
-6,39,-6
-4,31,-4
-7,28,-5
-9,28,-3
-11,27,1
-7,20,2
-3,19,4
-5,18,10
-4,14,12
-6,11,14
-11,8,17
-9,5,18
-10,2,17
-9,4,16
-10,9,13
-11,11,9
-9,18,10
-11,21,6
-11,24,5
-11,26,3
-14,25,3
-13,28,1
-10,30,-4
-8,33,-5
-10,28,0
-9,25,0
-10,24,2
-9,24,4
-8,18,5
-10,12,6
-11,7,10
-15,1,13
-17,-8,16
-21,-11,20
-23,-10,19
-28,-10,19
-33,-6,18
-34,-3,15
-37,3,13
-37,8,12
-38,14,9
-37,14,5
-32,15,-1
-30,23,-2
-29,22,-2
-22,19,-3
-16,23,-4
-15,23,-7
-11,22,-4
-15,13,-2
-19,10,1
-14,3,5
-14,-2,9
-14,-6,10
-11,-7,12
-12,-10,13
-7,-11,13
-10,-12,14
-14,-3,15
-15,0,13
-18,3,10
-15,9,5
-18,16,3
-17,24,1
-17,27,-2
-17,32,-1
-17,35,-2
-17,35,2
-14,34,-1
-12,30,-2
-12,31,-2
-8,31,0
-8,33,2
-7,32,7
-4,33,9
-3,32,9
3,28,9
2,26,9
1,25,9
-2,24,12
-8,24,13
-8,21,12
-14,20,11
-14,15,12
-19,11,10
-15,13,5
-11,13,6
-10,15,6
-9,14,3
-11,15,2
-10,15,1
-10,14,-2
-10,16,-1
-9,13,3
-6,16,-2
-5,14,-4
-8,17,-5
-6,19,-3
0,20,0
6,22,-1
5,25,1
6,25,3
4,27,3
4,24,3
4,24,3
8,25,3
6,24,4
7,24,4
4,28,6
6,31,4
4,31,3
0,31,4
4,29,6
3,33,7
3,33,9
2,28,6
0,25,5
3,30,5
0,31,9
6,28,5
9,27,5
10,29,4
10,30,2
6,33,8
9,28,6
8,27,5
4,28,5
4,28,6
7,26,6
11,28,2
6,31,0
6,33,-2
7,35,-1
8,41,-2
6,42,-3
2,42,-3
0,42,0
4,45,2
1,37,2
-4,31,3
-6,32,5
-8,28,4
-12,25,9
-14,22,12
-11,23,12
-10,21,13
-6,22,12
-5,21,12
-8,22,12
-8,22,9
-14,22,12
-17,24,11
-17,29,8
-20,32,8
-24,33,6
-18,35,3
-18,33,5
-10,33,6
-8,32,4
-4,31,5
-5,32,4
-3,31,3
-4,29,4
-6,30,6
-4,26,9
-8,23,6
-11,23,9
-14,20,12
-14,15,14
-15,17,16
-22,16,19
-24,13,18
-26,18,16
-27,20,18
-26,23,15
-33,24,12
-28,28,8
-28,34,8
-23,37,9
-21,36,5
-25,39,2
-25,41,2
-23,40,3
-20,31,2
-20,27,2
-21,24,4
-19,21,8
-19,20,7
-15,20,7
-12,16,9
-10,16,7
-10,14,9
-12,18,9
-9,21,12
-11,19,14
-9,22,11
-11,31,9
-9,31,8
-10,31,8
-10,33,7
-14,38,4
-13,39,1
-10,42,-3
-9,41,-5
-12,42,-5
-10,40,-6
-13,41,-6
-12,42,-1
-15,39,2
-13,33,1
-10,30,2
-13,24,5
-11,24,5
-9,19,9
-9,19,10
-10,20,11
-13,20,10
-12,25,11
-10,30,8
-8,33,3
-10,35,2
-9,36,2
-10,35,2
-9,37,0
-10,40,-1
-6,41,-5
1,38,-6
2,39,-6
-1,38,-6
-3,37,-4
-4,32,-6
-7,30,-4
-9,31,1
-3,30,0
-3,30,3
-2,32,3
-1,30,4
-1,31,7
-3,29,5
-1,31,4
2,30,2
5,33,2
8,38,-3
9,41,-4
5,44,-1
1,46,-5
0,52,-10
-2,59,-11
-3,57,-9
-4,55,-9
-3,53,-9
0,47,-7
2,48,-5
6,46,-7
7,46,-6
6,47,-3
2,51,-1
7,50,-2
3,50,1
3,50,2
4,45,0
3,40,-1
2,37,-1
4,36,-1
5,36,-4
4,39,-6
5,46,-7
9,46,-9
7,46,-8
5,46,-10
7,50,-10
9,56,-9
7,55,-6
12,54,-6
10,51,-6
6,48,-4
1,44,-1
-3,43,0
-3,40,1
-5,43,2
-3,43,4
-8,49,7
-12,52,6
-11,53,1
-14,56,2
-17,51,4
-23,53,4
-26,52,1
-28,47,0
-27,44,3
-26,40,6
-28,39,4
-29,36,5
-27,35,8
-26,35,6
-26,35,7
-28,31,9
-28,32,5
-33,37,3
-33,39,6
-34,41,4
-38,42,3
-41,43,2
-39,39,3
-40,38,5
-43,36,4
-42,36,7
-41,34,9
-40,33,7
-42,31,6
-42,27,8
-45,31,9
-45,32,9
-44,30,7
-45,29,6
-52,32,7
-57,34,9
-60,36,3
-56,36,5
-55,39,4
-53,41,-1
-54,46,0
-55,49,0
-54,51,2
-52,46,0
-52,42,-1
-49,41,0
-52,38,-1
-56,38,3
-54,34,3
-54,31,4
-52,34,6
-53,36,8
-54,36,9
-53,38,6
-55,39,10
-56,35,11
-53,35,8
-53,39,5
-55,40,-2
-57,37,-2
-58,39,4
-56,36,3
-57,35,-2
-60,34,-2
-62,31,0
-64,31,1
-67,30,-1
-72,26,0
-72,25,2
-74,26,2
-75,28,3
-73,28,6
-73,26,8
-77,31,8
-78,34,11
-77,33,10
-77,36,10
-78,38,10
-76,38,6
-78,40,4
-82,41,6
-84,39,4
-87,38,3
-84,39,1
-84,34,2
-83,34,3
-83,33,4
-88,30,0
-86,32,-2
-89,30,-3
-91,27,-8
-92,26,-6
-90,25,-9
-89,31,-6
-91,33,-8
-93,37,-7
-92,42,-5
-91,45,-9
-90,49,-13
-94,51,-13
-94,51,-18
-93,53,-17
-91,50,-15
-95,44,-16
-93,40,-16
-88,35,-18
-88,35,-19
-84,33,-17
-84,34,-19
-82,35,-18
-80,36,-18
-77,39,-17
-72,43,-17
-70,46,-20
-71,47,-18
-68,42,-16
-69,39,-16
-67,38,-15
-66,35,-12
-63,29,-6
-60,26,-2
-57,22,0
-52,25,0
-53,23,3
-47,18,7
-47,17,10
-48,15,9
-45,8,10
-46,9,15
-47,7,16
-42,7,10
-43,9,10
-42,12,9
-41,11,9
-39,11,10
-37,10,10
-35,6,8
-29,3,5
-33,-1,6
-36,-3,5
-36,-7,6
-36,-8,9
-36,-8,10
-35,-5,9
-33,-2,10
-32,0,12
-29,7,13
-33,12,10
-35,14,10
-33,16,8
-35,22,6
-35,23,5
-29,22,5
-27,20,6
-22,18,3
-22,18,6
-23,18,10
-25,20,5
-23,16,1
-19,15,3
-15,14,7
-12,9,7
-14,-1,6
-15,-4,10
-16,-10,8
-12,-11,10
-10,-9,9
-9,-4,10
-12,-1,11
-12,3,8
-12,7,7
-12,13,8
-8,19,5
-8,22,2
-11,23,3
-17,23,5
-16,19,6
-16,18,9
-18,12,9
-21,10,12
-21,8,13
-22,7,15
-21,5,14
-28,5,18
-35,4,19
-36,7,19
-36,7,20
-39,8,21
-38,15,21
-38,13,16
-33,10,10
-31,16,10
-25,17,6
-26,19,6
-28,19,7
-29,18,1
-33,18,-1
-36,17,-2
-35,13,0
-35,12,-2
-37,6,3
-40,3,2
-39,1,3
-37,-4,4
-37,-8,9
-35,-8,12
-34,-10,11
-37,-5,16
-36,0,16
-36,1,17
-31,8,16
-29,13,14
-29,20,12
-27,24,11
-27,26,11
-28,25,9
-30,21,6
-30,21,5
-31,25,9
-27,18,9
-29,15,6
-27,13,7
-23,10,8
-25,9,9
-24,6,13
-21,3,13
-19,0,12
-15,-1,16
-11,-4,16
-14,-7,15
-11,-3,12
-10,-3,12
-12,-5,14
-5,-4,14
0,-3,10
0,-1,9
-1,4,5
3,7,3
2,10,0
4,13,1
8,18,-3
7,16,-3
8,16,-3
9,18,-3
12,13,-6
15,12,-5
13,6,-2
9,3,0
7,3,2
9,3,2
12,-1,1
17,1,2
15,2,2
15,3,6
21,3,3
24,3,6
21,7,7
21,13,6
25,19,5
25,23,1
21,29,2
21,30,3
14,27,-2
14,30,-4
12,27,-4
11,26,-5
12,24,-4
12,21,-2
12,19,-3
15,17,-4
15,17,-2
18,12,-2
20,10,1
17,7,5
18,2,6
13,1,11
17,0,16
16,2,17
13,4,15
11,7,13
13,12,15
15,17,12
17,22,5
14,23,6
17,27,4
21,29,0
18,36,-2
17,37,-6
17,34,-7
12,34,-6
15,33,-7
15,36,-9
14,34,-9
10,28,-9
9,24,-8
8,20,-4
7,21,-8
12,21,-8
16,24,-7
15,31,-8
14,36,-7
8,38,-5
3,44,-4
-2,48,-6
-5,50,-6
-7,53,-5
-5,53,-7
-7,54,-9
-5,55,-8
-5,53,-8
-6,50,-9
-7,47,-7
-13,46,-6
-12,42,-5
-13,42,-4
-10,38,-6
-9,37,-7
-13,34,-7
-19,31,-6
-19,27,-3
-19,24,-2
-21,23,-1
-24,22,-2
-22,20,-3
-18,21,-1
-14,25,-1
-14,31,-2
-9,36,0
-10,43,-2
-10,44,0
-13,49,-3
-8,52,-7
-7,53,-7
-8,49,-9
-7,49,-10
-8,43,-11
-8,35,-13
-10,33,-12
-7,27,-10
-8,25,-7
-5,27,-7
-2,27,-7
3,28,-8
2,33,-4
2,35,-4
5,35,-2
-1,38,-1
-2,42,0
-5,44,-1
-7,46,0
-5,53,0
-4,53,1
-1,56,0
0,62,1
-1,63,-2
-1,61,-4
-5,60,-3
-8,59,-1
-10,53,0
-11,47,-1
-9,44,-1
-9,39,2
-15,31,4
-13,26,3
-11,21,7
-12,16,9
-15,11,9
-18,12,11
-19,13,10
-21,15,10
-23,22,7
-22,25,5
-20,30,8
-23,35,4
-20,35,4
-19,35,4
-23,34,3
-21,32,1
-18,31,0
-19,27,1
-17,26,6
-17,24,5
-17,18,3
-17,18,8
-19,15,8
-19,10,6
-20,5,6
-18,4,11
-15,4,9
-14,11,9
-12,17,8
-13,22,6
-17,30,5
-21,38,4
-21,40,1
-27,43,1
-24,47,-1
-19,42,-2
-19,38,-3
-14,32,0
-11,32,3
-7,30,0
-4,26,0
-1,27,3
0,27,5
1,27,4
-7,27,9
-7,26,9
-13,29,8
-11,29,6
-15,34,7
-17,31,10
-13,35,6
-15,34,5
-20,33,4
-23,32,6
-23,34,6
-22,32,5
-21,26,7
-20,24,3
-18,21,2
-15,16,0
-14,18,0
-16,13,2
-13,12,2
-8,12,3
-5,9,3
-7,7,6
-12,13,6
-7,8,4
-7,11,7
-8,13,7
-2,14,7
2,18,10
3,19,7
6,24,4
8,24,2
6,21,1
7,23,3
8,24,3
2,20,4
0,16,2
2,15,3
5,14,3
3,15,6
3,16,7
4,19,8
2,16,7
1,20,6
-3,22,7
-4,23,5
-1,27,3
-1,25,4
0,33,3
0,36,3
1,39,3
4,43,2
9,45,0
5,44,-1
5,43,-4
8,39,1
5,38,0
4,37,0
3,28,1
-3,26,5
-7,26,6
-12,20,5
-12,19,8
-12,20,8
-14,18,7
-11,18,7
-9,20,6
-12,18,5
-9,20,5
-7,21,7
-8,20,5
-5,22,3
2,24,1
2,23,-2
5,23,0
5,23,0
6,21,2
8,19,-1
6,17,2
3,13,5
5,16,5
9,19,10
1,21,10
1,20,9
0,18,12
-3,21,10
-6,19,9
-6,18,9
1,19,7
2,19,9
2,23,6
0,26,4
-6,26,6
-11,24,1
-16,25,0
-15,30,1
-14,22,5
-12,21,2
-11,21,0
-3,20,4
-3,18,5
-2,19,7
-1,16,7
-5,12,8
-1,12,9
-2,13,9
1,10,11
4,11,7
1,10,5
2,16,7
2,20,5
-1,21,2
-5,20,4
-7,20,5
-7,21,4
-8,21,4
-3,24,1
0,23,6
1,22,7
3,20,7
1,17,8
-2,11,8
-1,11,6
-5,12,5
-7,9,6
-6,8,7
-6,10,12
-7,14,11
-2,15,9
-4,17,6
-5,20,8
-4,26,8
-6,26,7
-7,23,4
-2,24,5
1,19,5
0,19,5
6,16,6
8,13,6
9,11,8
5,9,9
3,3,13
0,6,11
0,3,13
-4,2,15
-4,4,15
-3,-1,11
-2,4,10
-3,5,11
-5,9,13
-5,10,10
-7,15,8
-8,20,7
-6,23,10
-9,24,8
-5,24,7
-6,26,4
-8,29,3
-8,29,8
-11,24,9
-14,19,12
-21,17,10
-25,12,14
-20,7,16
-15,7,16
-11,5,16
-11,5,16
-12,2,18
-16,4,20
-22,10,20
-31,18,19
-31,24,18
-32,27,18
-34,28,19
-37,35,19
-39,35,18
-37,37,15
-35,38,13
-33,37,11
-34,38,14
-39,32,17
-44,24,17
-50,19,22
-49,12,28
-51,7,24
-49,9,23
-54,12,21
-60,13,22
-61,21,22
-67,25,23
-72,28,18
-75,32,17
-77,35,21
-83,38,25
-91,40,26
-98,44,30
-96,50,28
-95,53,30
-105,57,35
-116,61,35
-120,65,33
-121,68,34
-121,68,30
-114,68,28
-113,62,29
-119,49,25
-126,37,23
-133,31,22
-140,23,20
-142,19,23
-145,16,27
-154,16,26
-157,19,26
-153,19,26
-161,25,25
-165,32,23
-172,38,24
-178,44,23
-183,53,22
-191,52,19
-203,51,16
-211,51,13
-216,50,12
-224,44,13
-228,43,13
-237,37,14
-241,32,18
-237,34,18
-242,35,16
-249,33,15
-249,34,22
-255,33,25
-262,31,30
-260,33,28
-261,35,30
-262,36,29
-265,34,27
-275,34,24
-281,33,27
-288,35,24
-289,33,21
-294,31,20
-299,32,16
-303,32,18
-307,29,12
-306,34,7
-306,35,8
-309,33,10
-305,33,6
-307,36,9
-307,31,10
-308,28,8
-310,27,10
-311,20,14
-315,14,14
-316,10,17
-319,8,17
-326,6,17
-333,6,19
-341,9,22
-348,10,20
-350,13,18
-351,21,14
-352,27,13
-347,30,12
-352,31,9
-352,34,8
-356,37,6
-358,38,4
-354,39,3
-359,39,4
-364,35,1
-363,28,3
-366,19,8
-366,16,11
-363,14,12
-363,10,13
-367,6,17
-374,2,18
-380,-7,20
-389,-10,22
-388,-13,25
-388,-15,22
-392,-14,18
-392,-15,14
-397,-20,13
-399,-26,13
-400,-21,6
-394,-20,-2
-405,-19,-5
-414,-19,-8
-424,-21,-9
-432,-23,-11
-439,-28,-16
-443,-30,-19
-445,-36,-22
-444,-38,-26
-443,-34,-27
-446,-31,-27
-454,-37,-27
-468,-43,-27
-487,-53,-24
-501,-60,-23
-506,-67,-23
-513,-68,-16
-524,-75,-11
-534,-88,-13
-544,-95,-8
-554,-101,-6
-561,-107,-8
-568,-107,-7
-572,-113,-4
-573,-116,0
-570,-113,-2
-564,-106,-8
-557,-99,-14
-550,-91,-22
-546,-84,-29
-549,-84,-34
-553,-83,-38
-561,-83,-42
-570,-86,-46
-581,-90,-46
-586,-94,-48
-601,-98,-46
-617,-100,-46
-629,-96,-46
-635,-94,-46
-637,-93,-45
-643,-92,-45
-646,-89,-44
-650,-88,-41
-661,-86,-40
-672,-80,-39
-684,-71,-37
-692,-62,-38
-698,-47,-39
-705,-36,-45
-711,-22,-47
-717,-11,-50
-727,-3,-54
-742,11,-56
-752,18,-57
-763,22,-56
-770,28,-56
-774,38,-53
-772,48,-53
-771,60,-54
-772,74,-52
-766,89,-51
-766,105,-50
-762,114,-47
-762,123,-44
-767,131,-42
-767,139,-38
-758,143,-41
-752,143,-41
-743,139,-43
-739,131,-47
-733,115,-49
-727,99,-49
-727,85,-49
-732,64,-49
-735,40,-48
-736,22,-46
-740,10,-44
-744,6,-42
-747,9,-42
-755,14,-41
-754,25,-41
-748,43,-45
-736,67,-46
-725,88,-48
-713,108,-51
-705,118,-53
-700,130,-57
-690,141,-61
-680,149,-67
-670,156,-73
-657,160,-76
-648,168,-81
-641,172,-85
-634,176,-89
-627,179,-94
-617,178,-96
-608,170,-95
-598,168,-98
-584,168,-99
-576,169,-99
-564,170,-99
-558,176,-102
-550,182,-104
-533,185,-105
-525,190,-106
-513,187,-108
-503,185,-108
-493,173,-113
-485,163,-117
-477,156,-120
-470,145,-122
-467,134,-123
-464,126,-124
-456,122,-124
-448,120,-122
-448,130,-125
-447,139,-124
-440,151,-124
-440,157,-119
-433,166,-119
-429,169,-120
-423,169,-121
-418,164,-123
-410,160,-123
-398,159,-124
-392,158,-121
-386,162,-119
-376,167,-121
-366,172,-123
-357,181,-124
-350,184,-124
-355,184,-125
-357,186,-124
-359,184,-124
-353,182,-125
-351,177,-127
-343,167,-127
-339,166,-126
-337,162,-129
-334,156,-129
-337,154,-128
-330,150,-124
-320,149,-119
-318,145,-112
-312,144,-108
-310,142,-108
-307,135,-106
-309,137,-99
-307,140,-93
-303,146,-89
-300,152,-83
-295,155,-81
-292,159,-77
-291,159,-74
-286,158,-69
-288,160,-62
-287,158,-55
-283,165,-50
-289,170,-45
-294,173,-39
-293,181,-32
-291,187,-21
-287,188,-13
-285,186,-5
-283,186,4
-285,190,14
-280,191,24
-282,192,33
-273,190,40
-263,198,49
-260,203,60
-262,209,70
-264,218,79
-263,227,84
-261,232,91
-264,233,93
-260,237,98
-255,242,104
-260,247,108
-255,252,112
-253,254,117
-250,253,121
-250,254,128
-248,257,132
-245,249,139
-240,247,146
-242,246,154
-235,246,165
-226,246,173
-219,244,186
-216,244,197
-216,246,210
-211,247,224
-205,243,232
-198,240,240
-190,238,244
-185,233,253
-183,230,257
-184,226,259
-183,225,257
-181,227,254
-189,227,252
-196,227,255
-205,227,251
-211,224,245
-221,223,246
-220,225,245
-219,225,250
-220,222,250
-221,220,245
-225,216,236
-228,207,228
-227,193,222
-226,175,209
-221,162,190
-208,144,167
-198,119,143
-190,89,117
-178,48,84
-168,-1,50
-160,-47,12
-149,-92,-26
-135,-138,-57
-129,-185,-91
-126,-225,-134
-135,-263,-180
-157,-296,-225
-189,-328,-274
-224,-351,-327
-262,-365,-376
-291,-374,-427
-328,-387,-472
-385,-399,-507
-458,-413,-524
-546,-436,-526
-634,-463,-523
-708,-498,-516
-757,-537,-507
-785,-571,-495
-805,-592,-474
-804,-602,-446
-800,-607,-411
-793,-613,-371
-789,-627,-325
-796,-631,-269
-808,-631,-204
-816,-620,-134
-826,-597,-61
-824,-553,9
-807,-485,83
-781,-394,151
-752,-284,209
-708,-164,257
-656,-39,307
-626,89,359
-619,209,409
-624,306,455
-644,381,495
-682,437,526
-720,480,546
-755,516,557
-786,545,567
-805,564,571
-815,577,570
-828,584,573
-842,571,576
-854,549,584
-855,524,593
-847,494,607
-836,449,624
-828,401,641
-822,352,658
-823,301,675
-833,250,693
-846,202,703
-861,164,714
-875,139,728
-899,122,739
-917,111,751
-925,113,763
-940,117,775
-950,123,782
-953,125,788
-959,127,792
-959,127,791
-963,127,787
-966,135,782
-960,150,775
-955,167,773
-958,177,760
-972,183,748
-987,194,731
-1000,205,714
-1018,214,692
-1038,232,672
-1059,249,652
-1075,268,634
-1088,286,616
-1092,293,598
-1099,303,579
-1100,306,562
-1104,307,547
-1111,312,534
-1119,316,526
-1126,315,516
-1133,318,514
-1135,317,505
-1144,320,500
-1148,327,497
-1150,328,495
-1158,329,492
-1167,328,492
-1176,326,493
-1191,315,491
-1210,307,488
-1232,303,482
-1239,301,475
-1252,298,465
-1257,296,452
-1260,294,436
-1258,293,419
-1255,288,401
-1253,289,381
-1247,288,367
-1241,289,349
-1239,290,330
-1238,285,313
-1235,282,297
-1227,275,283
-1218,271,264
-1207,263,251
-1208,254,233
-1208,247,213
-1206,240,199
-1215,238,185
-1219,244,173
-1222,251,164
-1228,260,151
-1234,269,144
-1237,278,137
-1246,286,125
-1255,291,116
-1255,299,106
-1251,302,91
-1242,315,80
-1234,324,69
-1218,329,53
-1200,341,34
-1179,347,15
-1153,351,-4
-1131,353,-22
-1112,352,-41
-1088,352,-58
-1071,355,-83
-1054,357,-105
-1036,360,-126
-1020,357,-147
-1009,358,-165
-1003,357,-183
-1000,358,-197
-993,359,-204
-980,354,-208
-967,345,-216
-953,337,-220
-937,326,-218
-930,316,-218
-923,308,-216
-917,305,-213
-905,304,-209
-893,303,-210
-881,305,-206
-864,310,-202
-850,321,-200
-839,330,-202
-834,342,-203
-823,362,-203
-804,379,-204
-781,391,-203
-759,389,-199
-746,378,-195
-737,354,-187
-732,324,-181
-723,295,-178
-708,263,-173
-692,235,-154
-674,214,-144
-660,206,-125
-648,198,-102
-645,196,-75
-659,201,-52
-681,202,-29
-713,199,-1
-757,191,28
-817,175,63
-876,158,96
-903,138,127
-895,126,147
-872,111,164
-839,76,178
-823,38,184
-822,5,188
-824,-16,192
-817,-12,203
-789,9,229
-738,26,256
-664,32,287
-573,32,326
-475,24,371
-379,11,424
-301,6,481
-249,11,549
-228,28,634
-240,68,727
-291,126,824
-354,190,925
-420,247,1033
-459,298,1137
-444,344,1234
-375,377,1321
-266,403,1384
-148,416,1425
-58,416,1441
0,391,1433
33,352,1400
48,285,1346
62,196,1277
73,88,1190
97,-20,1090
126,-111,979
153,-195,848
175,-262,714
188,-313,585
185,-340,460
163,-339,351
126,-325,244
64,-319,145
-5,-334,58
-66,-365,-20
-117,-412,-93
-170,-478,-175
-217,-564,-252
-248,-676,-319
-272,-807,-369
-291,-952,-406
-299,-1098,-432
-298,-1228,-439
-281,-1331,-441
-253,-1395,-436
-207,-1420,-426
-141,-1395,-421
-76,-1326,-417
-17,-1220,-401
41,-1087,-381
79,-931,-347
99,-752,-319
102,-561,-301
104,-370,-281
93,-191,-266
79,-42,-255
66,69,-254
60,151,-255
60,189,-259
63,194,-262
59,176,-271
50,141,-277
49,88,-282
52,25,-282
64,-35,-278
73,-85,-276
85,-129,-278
105,-163,-281
129,-188,-284
162,-199,-291
199,-199,-297
237,-191,-313
268,-181,-328
293,-165,-349
309,-156,-369
321,-152,-388
326,-149,-412
316,-145,-438
299,-138,-464
281,-131,-485
273,-128,-496
263,-125,-498
257,-126,-495
249,-131,-487
238,-136,-474
226,-145,-457
218,-161,-435
214,-183,-415
211,-198,-389
206,-217,-364
212,-231,-338
218,-243,-310
225,-250,-283
235,-252,-253
255,-251,-226
277,-246,-195
291,-229,-166
303,-213,-136
320,-190,-109
340,-159,-89
357,-120,-70
373,-81,-56
395,-41,-47
411,0,-41
416,40,-36
420,81,-27
418,118,-25
412,151,-17
401,187,-13
397,225,-15
406,256,-16
418,289,-20
426,305,-24
431,307,-33
436,296,-37
430,275,-32
420,240,-36
402,205,-36
384,170,-36
374,140,-36
363,114,-36
352,92,-34
338,65,-36
314,45,-38
292,25,-43
261,9,-49
227,-4,-57
186,-13,-65
149,-19,-75
114,-19,-85
74,-19,-91
37,-16,-97
8,-13,-97
-17,-12,-87
-38,-10,-81
-46,4,-76
-43,26,-72
-36,44,-72
-31,64,-75
-30,74,-72
-28,77,-69
-21,66,-68
-19,45,-61
-20,16,-57
-19,-23,-52
-11,-56,-46
-6,-88,-43
14,-119,-37
43,-151,-25
62,-192,-10
83,-235,4
106,-268,14
129,-283,21
147,-279,27
161,-249,22
173,-193,4
185,-123,-21
184,-52,-51
157,22,-86
104,93,-132
33,152,-185
-63,198,-238
-168,224,-296
-270,222,-355
-353,191,-412
-424,112,-446
-488,-2,-451
-550,-137,-436
-597,-286,-404
-621,-403,-361
-625,-484,-309
-607,-517,-253
-579,-512,-213
-551,-489,-171
-510,-454,-126
-466,-416,-79
-435,-390,-41
-422,-372,-3
-422,-366,40
-433,-364,83
-455,-364,129
-472,-359,171
-466,-346,213
-441,-330,257
-401,-304,299
-344,-279,341
-296,-248,379
-256,-209,410
-218,-163,433
-186,-108,444
-173,-45,447
-166,25,443
-167,107,432
-169,195,413
-176,286,390
-182,372,356
-198,460,313
-218,535,267
-246,583,219
-290,598,171
-346,573,131
-399,515,101
-455,436,79
-506,344,71
-549,246,76
-580,163,80
-608,107,90
-637,74,103
-667,54,115
-697,34,123
-737,17,141
-768,11,157
-796,21,171
-818,36,187
-825,57,202
-843,81,217
-864,99,236
-891,109,258
-913,110,279
-934,102,310
-952,90,339
-963,85,365
-971,91,394
-973,102,419
-980,132,441
-995,172,458
-1013,215,475
-1028,258,491
-1041,298,503
-1044,329,509
-1044,349,516
-1049,366,517
-1048,369,519
-1046,365,511
-1055,346,497
-1065,327,484
-1088,302,467
-1114,278,447
-1135,258,430
-1155,246,407
-1172,237,380
-1188,230,350
-1203,225,319
-1226,219,286
-1251,214,253
-1281,204,219
-1319,206,186
-1356,204,162
-1388,199,140
-1416,197,125
-1448,190,107
-1475,184,90
-1499,174,76
-1521,173,62
-1537,173,48
-1550,175,32
-1550,179,18
-1542,188,12
-1534,198,2
-1526,203,-9
-1518,209,-21
-1501,217,-32
-1483,213,-37
-1478,194,-45
-1473,175,-52
-1472,157,-61
-1477,142,-72
-1481,119,-85
-1483,93,-96
-1485,72,-104
-1489,58,-113
-1490,47,-113
-1493,40,-112
-1496,41,-111
-1497,49,-103
-1505,62,-94
-1511,84,-82
-1517,102,-74
-1511,122,-70
-1504,148,-67
-1504,165,-68
-1501,182,-69
-1511,194,-73
-1524,198,-79
-1533,200,-82
-1531,198,-81
-1520,187,-75
-1501,179,-70
-1481,161,-62
-1450,148,-54
-1428,123,-39
-1421,88,-20
-1408,55,-1
-1386,32,13
-1370,11,27
-1356,-4,42
-1335,-12,51
-1332,-27,59
-1344,-36,61
-1354,-50,54
-1359,-67,50
-1352,-84,37
-1341,-102,21
-1329,-116,3
-1315,-128,-19
-1303,-136,-39
-1279,-142,-55
-1242,-140,-72
-1197,-128,-83
-1147,-114,-87
-1074,-102,-86
-991,-95,-83
-910,-92,-78
-853,-92,-69
-821,-94,-58
-825,-94,-44
-855,-80,-16
-897,-60,29
-954,-39,95
-1029,-25,176
-1124,-36,261
-1228,-65,332
-1329,-98,380
-1420,-119,406
-1482,-118,422
-1525,-98,434
-1545,-73,457
-1547,-39,478
-1541,-4,491
-1530,19,502
-1526,31,510
-1525,25,509
-1519,0,501
-1513,-25,482
-1495,-63,464
-1471,-105,436
-1434,-145,400
-1385,-180,362
-1323,-200,316
-1256,-203,278
-1186,-192,241
-1117,-165,200
-1055,-130,158
-1010,-94,122
-991,-59,93
-988,-32,68
-1002,-17,39
-1020,-10,9
-1038,-5,-20
-1077,-1,-43
-1125,-7,-54
-1177,-13,-68
-1234,-13,-80
-1277,0,-80
-1311,32,-82
-1338,80,-83
-1356,133,-82
-1384,188,-70
-1407,237,-56
-1432,281,-44
-1444,328,-32
-1449,367,-23
-1448,398,-17
-1453,425,-16
-1454,453,-18
-1446,469,-21
-1424,493,-28
-1399,515,-35
-1368,527,-39
-1327,532,-40
-1293,533,-35
-1265,531,-26
-1238,530,-8
-1213,525,10
-1190,522,25
-1171,513,41
-1151,505,47
-1140,506,48
-1141,508,43
-1135,514,38
-1128,520,24
-1124,525,12
-1124,526,1
-1129,516,-12
-1142,492,-19
-1153,452,-24
-1169,400,-29
-1177,338,-36
-1192,269,-41
-1206,200,-45
-1217,134,-47
-1220,70,-50
-1218,14,-52
-1212,-31,-55
-1201,-68,-57
-1195,-99,-56
-1188,-124,-53
-1172,-142,-49
-1167,-154,-36
-1171,-159,-24
-1180,-154,-18
-1183,-133,-18
-1174,-99,-20
-1153,-63,-24
-1123,-22,-24
-1095,17,-27
-1082,51,-28
-1081,83,-29
-1086,102,-26
-1091,119,-26
-1091,141,-22
-1086,163,-18
-1074,187,-21
-1061,209,-25
-1043,237,-28
-1020,271,-28
-998,304,-31
-974,330,-40
-963,352,-42
-952,365,-41
-951,368,-37
-947,357,-34
-944,343,-29
-941,333,-28
-933,320,-25
-924,300,-18
-916,286,-9
-909,270,6
-898,256,21
-888,248,34
-868,248,49
-852,250,64
-838,252,75
-825,254,84
-818,256,92
-800,255,97
-771,252,96
-738,247,94
-706,233,84
-675,207,74
-653,174,65
-634,137,63
-622,99,59
-621,64,63
-615,40,69
-607,22,82
-598,16,95
-588,16,105
-566,24,120
-545,42,140
-526,63,158
-519,91,174
-521,124,186
-522,158,198
-528,192,211
-541,224,219
-556,258,224
-566,287,224
-570,313,226
-565,333,221
-554,346,216
-542,348,207
-523,350,197
-496,344,183
-476,330,172
-457,303,161
-445,273,144
-443,238,138
-447,198,130
-440,167,119
-438,135,110
-433,109,105
-423,87,99
-411,63,93
-406,43,87
-396,26,80
-390,9,79
-384,2,85
-381,-8,87
-381,-11,92
-378,-18,100
-376,-23,106
-374,-27,115
-366,-28,121
-364,-24,127
-362,-21,134
-363,-14,134
-359,-4,132
-357,10,129
-353,23,128
-340,30,125
-334,34,124
-330,28,120
-328,22,114
-325,8,109
-321,-6,105
-316,-19,100
-307,-28,93
-306,-38,91
-304,-43,87
-306,-44,80
-309,-44,75
-313,-44,69
-320,-36,67
-313,-27,60
-299,-19,53
-282,-9,44
-265,8,43
-252,25,39
-235,36,34
-224,47,27
-216,56,23
-213,52,19
-207,46,19
-204,37,14
-202,24,10
-196,9,12
-191,-2,12
-183,-14,17
-173,-22,18
-161,-26,16
-152,-29,19
-142,-31,17
-129,-28,19
-119,-26,16
-107,-22,13
-97,-22,14
-85,-21,12
-78,-20,14
-72,-20,13
-61,-18,16
-46,-13,20
-30,-4,22
-19,6,20
-13,14,24
-6,24,24
1,36,21
12,49,21
22,54,21
31,57,17
42,55,16
50,50,18
56,41,19
66,31,17
75,17,15
87,8,17
101,-6,16
113,-12,14
126,-18,14
133,-17,11
136,-12,7
146,-11,5
146,-2,0
136,3,-4
129,15,-11
119,26,-14
118,34,-16
115,41,-17
116,46,-17
118,50,-17
121,58,-16
127,63,-13
137,66,-8
140,64,-8
140,61,-8
138,55,-10
136,42,-10
133,25,-9
135,5,-9
130,-5,-9
128,-15,-7
124,-18,-10
119,-6,-9
110,6,-11
104,24,-13
104,43,-11
93,61,-9
82,74,-8
81,81,-11
78,82,-8
76,80,-8
79,69,-8
74,63,-5
74,55,0
75,46,1
70,36,2
62,31,5
63,25,9
53,19,8
45,9,10
39,2,8
37,-3,9
35,-5,11
27,-5,13
26,-3,15
28,3,16
26,16,16
20,28,17
20,46,21
17,59,18
16,67,16
14,74,12
12,73,8
13,72,6
12,64,4
18,57,3
21,50,-1
26,44,0
24,40,0
22,37,3
25,31,2
28,28,4
31,26,6
28,24,9
28,17,11
31,14,14
35,13,20
47,15,23
58,24,26
65,34,22
77,44,19
91,58,15
96,75,11
104,82,5
106,88,-4
101,86,-6
104,77,-8
99,69,-11
103,54,-8
103,44,-5
104,28,-4
106,9,1
107,-6,2
114,-11,7
123,-17,12
130,-15,15
141,-6,18
146,5,16
146,20,20
150,35,19
156,48,18
164,65,14
174,74,10
185,87,9
196,92,4
207,88,-1
210,84,-6
210,78,-11
209,69,-17
210,55,-17
208,36,-17
209,17,-21
208,1,-16
208,-14,-14
212,-23,-11
218,-30,-5
221,-31,0
225,-32,1
231,-19,8
235,-7,14
243,12,18
246,31,21
243,47,24
244,61,26
235,75,27
229,85,27
234,86,18
238,88,14
243,87,8
246,80,-2
245,75,-5
237,69,-8
229,59,-12
221,49,-12
213,35,-14
203,17,-11
196,2,-5
190,-15,0
186,-32,5
185,-43,13
187,-55,19
182,-57,28
177,-52,31
168,-43,37
160,-33,39
153,-20,39
149,-8,38
148,7,37
144,23,34
146,37,33
141,47,32
137,56,21
139,64,14
142,63,11
138,62,4
132,59,1
120,49,-2
106,33,-6
94,18,-5
86,0,1
75,-18,5
68,-37,9
62,-51,10
55,-64,15
58,-70,22
60,-66,24
55,-53,28
48,-33,30
44,-15,31
31,4,29
19,28,24
18,43,21
11,55,15
9,62,11
7,70,12
3,71,8
4,71,4
3,66,3
3,58,2
0,53,0
-5,47,-1
-16,38,-4
-24,27,-3
-23,17,-3
-28,7,-4
-28,-8,-5
-29,-25,1
-31,-38,8
-34,-49,15
-31,-53,20
-28,-50,24
-28,-45,26
-27,-32,26
-34,-17,29
-41,3,29
-50,20,25
-52,33,21
-51,42,18
-51,42,16
-51,41,13
-48,35,11
-44,29,7
-42,22,4
-36,13,2
-37,7,3
-37,6,2
-37,-1,6
-39,-7,11
-43,-8,9
-48,-14,14
-46,-22,14
-41,-25,20
-39,-30,22
-37,-33,23
-35,-29,25
-36,-22,26
-32,-14,24
-29,-1,21
-27,12,21
-26,26,18
-20,42,15
-18,50,9
-14,55,11
-12,55,11
-5,53,9
-1,48,5
5,39,-1
8,33,-3
6,28,-4
6,23,-4
7,16,-7
7,7,-5
2,-2,-4
3,-10,-3
3,-15,-3
6,-20,2
8,-25,3
11,-28,6
16,-27,8
22,-20,6
19,-14,8
20,-3,6
27,4,8
28,11,4
29,16,3
35,20,0
39,23,1
41,21,3
46,18,-1
54,16,-5
57,8,-5
61,6,-8
57,-3,-12
54,-13,-13
48,-20,-8
42,-27,-9
39,-32,-8
40,-42,-3
39,-47,3
41,-51,5
44,-51,9
52,-46,13
58,-40,17
60,-34,21
54,-24,21
55,-17,19
52,-9,23
53,-6,24
55,0,19
53,2,20
52,2,15
53,-3,15
55,-8,10
60,-8,9
63,-8,8
63,-5,4
63,-1,5
60,2,2
58,2,-5
66,3,-4
70,2,-2
71,-2,2
69,-9,4
68,-13,9
64,-22,16
62,-30,19
58,-38,22
59,-41,25
61,-41,29
63,-43,30
62,-45,31
67,-45,31
69,-44,36
76,-40,34
81,-36,33
81,-33,32
81,-27,30
77,-23,28
75,-17,24
73,-14,25
71,-10,26
64,-6,22
58,-5,22
55,-9,17
52,-7,21
51,-11,23
52,-17,24
48,-25,26
49,-30,32
55,-31,36
62,-33,41
75,-33,47
88,-35,53
99,-31,60
110,-30,65
116,-25,67
124,-22,70
131,-20,73
143,-15,76
150,-15,78
156,-15,76
164,-18,74
174,-22,71
179,-29,71
181,-41,64
186,-49,60
188,-54,55
185,-50,54
189,-45,50
190,-38,44
192,-29,40
183,-20,40
177,-11,35
173,-5,28
166,-4,23
163,-1,20
163,3,16
160,5,8
153,7,4
147,10,2
141,16,-8
132,22,-10
122,29,-11
113,33,-14
102,40,-19
91,42,-24
81,43,-27
74,48,-23
64,49,-24
59,54,-26
51,56,-26
44,56,-28
46,58,-25
46,54,-26
43,52,-24
43,45,-20
41,39,-19
40,34,-15
40,29,-9
45,27,-4
46,24,1
41,25,8
43,22,7
38,20,10
29,19,10
22,18,11
14,17,9
9,13,9
1,13,13
-5,14,13
-4,13,8
-7,18,6
-6,15,4
-10,17,1
-12,21,-1
-14,21,-5
-15,22,-4
-17,26,-7
-17,27,-10
-8,24,-14
-6,27,-16
-5,27,-16
-10,26,-15
-12,24,-15
-13,22,-14
-13,23,-11
-16,18,-8
-17,18,-7
-15,16,-3
-14,20,-3
-15,20,0
-15,19,0
-12,20,2
-10,28,1
-18,28,1
-17,28,0
-15,25,0
-16,22,1
-16,20,-1
-17,17,-5
-15,16,-6
-14,10,-4
-14,8,-6
-5,10,-6
-5,10,-3
-2,11,-6
-5,9,-8
-4,9,-7
-3,16,-5
-1,20,-4
-5,20,-2
-6,18,-1
-6,22,3
-6,24,2
-6,24,6
-8,24,7
-6,24,5
-8,20,8
-9,20,8
-10,17,11
-12,14,12
-8,14,14
-4,14,15
3,15,14
5,16,16
8,14,13
9,13,9
8,10,10
11,14,10
12,17,11
10,20,11
14,19,10
12,22,9
9,22,7
9,20,7
10,22,4
11,22,5
12,21,4
10,22,6
7,21,7
12,22,4
11,23,2
13,20,6
15,19,6
15,21,6
19,18,7
20,13,4
22,15,5
22,18,5
18,23,6
24,21,8
26,22,7
21,19,11
21,22,12
25,20,9
27,23,8
29,25,9
36,25,8
37,24,9
32,26,11
35,21,6
38,21,11
40,16,14
42,18,13
44,19,11
40,23,12
41,20,13
46,15,13
43,15,13
39,18,14
37,21,10
39,24,11
37,23,11
37,23,9
36,27,8
35,26,6
36,26,4
37,28,2
35,31,1
32,34,-1
33,38,-7
35,41,-8
40,41,-9
36,39,-7
31,39,-6
33,40,-7
36,36,-10
37,34,-11
34,32,-6
34,29,-5
31,28,-6
28,29,-5
28,33,-3
28,35,-3
25,35,1
23,39,2
25,42,-3
31,46,-2
26,51,-3
27,48,-6
26,46,-4
21,45,-4
14,41,-5
12,40,-4
8,44,-3
10,49,-5
13,48,-4
19,47,0
27,44,-4
28,41,-3
30,39,-5
35,39,-8
32,40,-7
32,42,-7
33,48,-8
27,48,-7
30,49,-10
31,46,-12
23,47,-10
19,45,-10
18,42,-13
18,39,-11
19,40,-13
19,37,-13
16,40,-11
14,43,-7
11,45,-8
11,50,-4
8,49,-3
7,49,-3
9,50,-2
11,53,-3
13,55,-3
11,61,-4
13,63,-5
14,65,-5
14,67,-11
13,69,-11
10,66,-13
4,60,-10
2,53,-9
5,45,-5
0,45,-5
-2,42,-5
-1,44,-5
-6,51,-5
-2,52,-1
-3,49,0
-5,48,-2
-6,48,-4
-6,49,-3
-9,52,-7
-8,55,-8
-14,60,-9
-17,59,-9
-21,58,-10
-17,58,-11
-20,60,-11
-22,60,-11
-24,63,-8
-28,61,-10
-25,62,-8
-26,65,-10
-24,64,-13
-27,63,-13
-22,67,-14
-17,67,-14
-18,59,-15
-14,55,-16
-16,54,-13
-19,50,-11
-26,55,-10
-29,59,-8
-28,54,-4
-29,53,-3
-32,51,-1
-29,49,-2
-29,50,2
-28,49,0
-25,51,0
-23,49,4
-17,50,5
-12,46,5
-11,43,9
-16,40,15
-20,36,15
-21,37,12
-20,37,16
-20,35,16
-20,34,18
-21,37,22
-23,38,24
-22,39,25
-24,38,25
-23,35,24
-23,36,21
-25,36,23
-26,29,25
-29,22,28
-30,19,29
-32,19,33
-27,19,33
-26,22,30
-19,23,29
-11,25,29
-13,29,30
-17,29,29
-16,29,27
-18,27,23
-18,26,23
-22,27,24
-24,23,22
-25,22,23
-28,18,22
-25,19,21
-23,16,23
-19,14,23
-14,14,24
-13,13,26
-14,16,25
-18,23,18
-13,28,18
-15,35,19
-12,40,16
-10,49,10
-14,56,5
-18,57,5
-16,59,1
-9,60,0
-5,60,-2
-4,54,-5
0,51,-2
3,50,-1
5,51,0
9,48,0
9,48,5
6,48,8
2,47,6
-4,40,4
-6,36,3
-9,35,5
-7,31,6
-6,33,4
-7,33,9
-5,39,8
-2,45,8
-2,43,6
0,45,2
3,46,-1
3,47,-1
7,46,1
10,47,-3
12,45,-4
17,45,-6
17,45,-9
19,46,-10
19,42,-9
21,35,-6
22,32,-4
21,27,-1
19,23,3
17,22,7
17,20,10
20,16,11
17,20,12
12,21,10
12,25,10
11,30,11
14,33,11
18,35,8
17,35,6
22,39,3
21,46,-2
20,49,-4
22,51,-6
24,47,-8
23,45,-6
19,40,-7
20,34,-7
22,23,-8
20,21,-5
20,21,-3
18,20,-2
16,23,0
18,26,4
20,29,6
17,33,8
19,36,4
18,36,-1
16,36,1
14,36,2
16,37,2
12,41,-1
13,42,-3
10,46,-2
10,47,-2
9,48,-3
9,48,-4
7,47,-5
7,45,-6
6,40,-8
5,38,-4
7,35,-3
5,35,0
2,33,3
1,33,4
3,32,4
-4,37,7
-5,40,8
-2,44,9
1,52,7
-3,55,8
-6,64,7
-7,65,7
-2,62,2
-6,60,1
-13,54,-1
-17,48,-5
-18,47,-7
-22,43,-5
-22,38,-5
-21,33,-5
-16,29,-3
-17,24,0
-12,23,0
-12,21,-3
-9,16,-1
-10,20,1
-11,23,-1
-8,26,0
-10,30,3
-14,31,0
-19,38,0
-22,42,1
-22,42,-2
-24,45,-6
-23,47,-6
-22,46,-4
-26,42,-1
-28,37,1
-29,35,1
-29,32,-2
-26,33,2
-25,28,1
-27,23,0
-33,20,1
-31,18,4
-30,23,5
-25,28,0
-25,28,1
-24,26,2
-23,27,0
-27,30,4
-29,32,7
-25,34,3
-22,36,1
-13,38,0
-15,39,2
-17,42,2
-14,40,-1
-13,38,-2
-12,36,-1
-12,29,0
-11,21,0
-15,14,1
-18,9,1
-15,10,1
-15,10,3
-16,7,2
-13,10,4
-13,16,8
-11,21,5
-14,25,3
-10,33,3
-7,38,2
-5,41,2
-7,44,0
-6,42,-1
-5,37,-3
-5,35,-5
-8,31,-4
-9,26,-4
-7,17,-1
-8,11,-1
-1,7,1
3,3,2
4,-5,3
3,-5,6
0,-5,9
1,-3,8
2,2,9
5,8,8
2,15,12
-3,19,11
0,25,9
4,29,6
6,31,6
8,32,7
9,33,8
7,31,5
7,27,5
4,21,3
7,13,3
7,8,4
6,3,4
9,-4,7
11,-7,6
8,-11,9
12,-14,9
18,-13,8
21,-7,11
19,2,12
10,7,13
9,13,15
9,23,11
9,30,9
7,43,10
6,49,13
13,46,4
14,41,1
15,36,2
10,31,4
6,22,5
4,12,6
0,8,7
3,5,6
6,2,4
9,-3,4
13,-12,5
17,-14,6
20,-12,8
22,-9,10
22,-2,11
23,11,11
27,21,9
26,28,9
29,35,4
27,38,5
24,38,7
24,39,6
26,37,5
26,31,3
23,25,-2
20,18,-2
24,7,0
25,-2,2
21,-3,6
20,-10,7
21,-11,7
22,-9,11
21,-6,11
25,-1,11
22,9,13
21,15,13
19,23,15
13,35,16
14,43,13
17,45,10
