904,546,3742
913,544,3745
913,540,3747
915,533,3747
909,533,3746
904,530,3733
901,522,3715
898,510,3685
900,493,3664
901,484,3667
912,486,3705
918,506,3765
912,530,3806
897,546,3816
879,556,3805
862,567,3797
856,576,3793
854,582,3778
855,584,3758
870,578,3737
884,561,3727
895,546,3724
907,530,3730
912,514,3730
906,505,3736
893,505,3743
878,506,3753
867,514,3762
855,530,3769
856,547,3772
860,563,3771
873,574,3771
888,582,3768
909,588,3766
925,596,3761
932,599,3757
927,600,3752
924,602,3752
919,601,3738
915,593,3732
906,582,3725
903,570,3724
909,557,3725
915,543,3727
917,531,3734
925,522,3745
925,512,3749
921,507,3752
917,500,3752
909,500,3751
902,503,3755
893,511,3758
886,522,3759
881,534,3760
876,547,3763
876,560,3762
874,572,3765
873,578,3768
872,577,3768
874,581,3766
876,579,3760
872,578,3760
870,572,3755
869,565,3751
867,559,3743
868,557,3741
868,553,3739
867,551,3745
868,546,3740
869,542,3741
872,540,3741
872,542,3745
874,548,3751
874,554,3757
878,557,3763
881,559,3769
883,565,3771
887,565,3775
890,559,3774
892,554,3762
895,553,3742
902,551,3733
911,548,3736
911,547,3750
909,550,3768
907,548,3772
902,547,3769
893,539,3762
889,539,3759
885,540,3751
878,542,3743
875,539,3736
877,536,3731
878,533,3727
880,532,3730
887,531,3732
894,533,3736
898,536,3740
898,540,3746
896,545,3751
893,553,3748
895,564,3749
895,563,3746
894,569,3749
894,571,3747
898,566,3745
900,564,3747
904,561,3744
901,559,3748
906,551,3754
907,544,3757
907,541,3760
907,540,3762
903,543,3764
901,543,3769
904,538,3771
906,540,3770
906,543,3766
904,542,3766
903,540,3761
902,534,3761
900,534,3756
901,535,3755
903,534,3749
903,532,3748
901,527,3746
898,528,3744
889,528,3744
894,525,3742
896,523,3744
892,522,3746
888,520,3744
886,525,3747
881,529,3747
878,527,3746
878,530,3743
874,533,3743
874,536,3738
879,538,3735
885,541,3739
884,542,3735
883,542,3737
885,543,3743
889,544,3744
893,542,3744
890,540,3748
888,537,3749
886,534,3754
887,534,3756
884,532,3760
882,529,3757
881,529,3759
881,528,3757
883,525,3758
886,524,3754
888,527,3753
893,529,3755
892,531,3753
890,535,3754
887,539,3753
889,541,3751
887,543,3750
889,543,3749
893,545,3750
895,548,3745
896,548,3744
897,549,3742
896,548,3745
896,546,3749
895,543,3745
895,545,3751
895,544,3753
893,545,3751
889,548,3754
890,546,3757
891,550,3761
891,551,3760
892,550,3758
895,545,3760
895,545,3757
898,545,3754
901,543,3751
899,538,3748
897,538,3744
896,535,3740
896,534,3738
897,533,3741
898,535,3746
902,533,3752
900,534,3760
901,540,3770
897,548,3778
896,549,3778
897,551,3774
897,551,3766
899,550,3756
902,544,3747
906,538,3737
912,542,3739
921,539,3745
922,538,3751
922,539,3753
916,540,3752
909,531,3750
906,523,3729
901,507,3699
901,490,3673
910,468,3657
922,451,3661
928,460,3704
926,486,3765
913,504,3798
888,517,3793
865,532,3791
848,552,3802
841,570,3812
844,579,3806
847,575,3784
862,567,3764
880,552,3748
900,535,3748
914,517,3746
919,500,3740
917,489,3739
913,487,3738
905,490,3746
901,499,3751
895,513,3752
896,530,3753
905,538,3752
912,550,3749
925,557,3746
934,564,3744
939,565,3738
944,562,3735
939,559,3727
935,550,3721
933,542,3715
933,530,3711
932,516,3716
932,508,3723
935,497,3731
938,495,3744
934,490,3751
930,487,3761
929,488,3770
919,491,3774
913,499,3771
912,504,3772
909,512,3770
904,519,3768
902,525,3764
899,538,3767
901,545,3765
900,550,3761
901,552,3758
901,548,3755
896,550,3754
889,548,3747
889,548,3748
884,547,3743
881,539,3742
881,533,3743
881,533,3739
882,533,3740
885,529,3736
887,525,3735
893,522,3734
895,523,3739
901,520,3739
906,518,3740
910,519,3739
909,521,3743
910,524,3750
914,528,3764
913,526,3776
910,524,3767
906,523,3756
907,522,3751
912,526,3759
917,537,3769
916,539,3764
914,526,3746
911,508,3727
910,493,3718
913,485,3724
911,491,3733
901,501,3740
888,509,3741
878,515,3740
879,516,3736
883,521,3734
889,524,3732
896,524,3736
909,525,3738
915,529,3747
913,525,3752
911,524,3751
909,525,3752
903,524,3749
896,526,3751
892,529,3758
892,532,3755
898,538,3752
903,534,3747
910,533,3750
916,531,3750
922,533,3750
932,535,3753
934,530,3755
927,531,3760
923,531,3764
921,529,3763
913,525,3762
912,521,3760
911,518,3752
908,519,3752
916,517,3748
914,516,3753
915,509,3754
920,504,3756
922,504,3753
924,499,3750
919,495,3748
919,499,3743
913,496,3743
909,495,3742
912,497,3744
909,500,3747
907,504,3751
901,511,3752
899,512,3748
893,513,3746
894,516,3742
894,524,3738
898,526,3741
898,525,3744
899,526,3746
900,530,3745
899,534,3750
901,535,3752
901,535,3749
904,536,3750
905,535,3749
903,527,3750
902,526,3748
903,522,3750
903,527,3750
901,523,3750
901,518,3753
903,516,3753
899,515,3754
900,518,3752
898,519,3753
899,519,3752
902,520,3754
905,521,3754
909,518,3752
911,517,3751
910,518,3751
905,519,3746
904,519,3749
902,521,3745
900,521,3743
904,522,3747
902,525,3749
903,529,3750
900,531,3754
900,533,3755
899,535,3754
900,534,3753
902,533,3751
906,530,3746
906,528,3742
907,528,3740
909,524,3739
913,522,3741
912,521,3744
914,518,3747
915,518,3754
909,524,3766
904,528,3776
899,536,3782
897,545,3783
897,550,3780
898,550,3767
903,550,3755
913,547,3747
919,536,3743
924,529,3744
929,524,3746
932,521,3749
930,519,3747
927,517,3742
918,510,3720
910,493,3690
905,479,3666
907,465,3661
912,461,3698
916,480,3758
912,505,3805
896,522,3815
874,536,3797
856,553,3790
847,563,3791
843,577,3781
851,576,3766
867,571,3747
883,561,3733
904,545,3731
915,527,3729
916,506,3731
913,486,3730
902,477,3728
887,473,3737
871,483,3747
859,500,3757
851,518,3765
860,536,3768
867,555,3771
882,566,3765
900,576,3764
917,581,3759
930,585,3760
936,585,3757
939,581,3746
936,575,3744
926,570,3743
921,562,3740
920,554,3735
912,545,3741
915,535,3742
921,527,3748
927,517,3749
931,510,3747
931,504,3751
928,500,3748
922,500,3750
914,501,3750
909,509,3751
901,518,3748
896,529,3750
892,536,3753
895,543,3754
892,553,3760
889,556,3765
887,560,3762
884,562,3759
881,558,3763
882,559,3760
879,552,3761
872,546,3760
868,547,3755
871,542,3750
873,537,3745
869,535,3747
869,534,3744
872,535,3743
875,536,3746
879,534,3744
883,535,3746
887,538,3747
888,541,3751
888,543,3752
892,545,3758
891,548,3768
899,546,3771
900,544,3765
897,536,3748
901,532,3734
907,530,3729
911,524,3736
914,525,3750
916,532,3756
914,534,3760
908,533,3763
899,533,3753
893,533,3747
886,536,3748
880,536,3748
878,536,3747
880,536,3743
882,533,3744
884,526,3737
888,524,3735
893,524,3745
895,526,3746
892,530,3750
892,529,3753
891,535,3753
888,542,3753
886,547,3755
885,557,3750
888,565,3752
890,564,3751
894,564,3753
895,559,3750
902,555,3753
906,549,3754
907,546,3759
904,544,3763
903,542,3765
902,536,3762
901,538,3763
901,538,3768
898,542,3765
899,540,3763
903,542,3764
904,542,3764
901,541,3761
902,536,3753
905,529,3752
907,530,3749
906,525,3744
905,518,3741
899,516,3740
896,511,3745
895,512,3745
896,515,3751
893,516,3753
890,520,3756
884,523,3752
880,526,3751
874,529,3747
875,531,3743
876,533,3747
878,533,3748
877,535,3747
882,543,3745
886,544,3749
889,545,3751
890,544,3749
891,544,3749
890,543,3752
888,539,3755
888,534,3753
887,534,3755
886,532,3754
889,530,3756
889,525,3758
885,525,3757
882,526,3757
882,529,3756
882,533,3753
882,533,3752
882,533,3750
883,534,3748
886,536,3749
889,538,3752
885,540,3748
885,543,3752
885,539,3749
883,539,3749
888,541,3747
888,542,3747
883,544,3747
885,541,3753
882,539,3754
885,542,3754
888,544,3753
887,545,3752
888,545,3757
891,545,3759
893,545,3758
892,546,3755
891,547,3751
891,547,3748
892,545,3744
896,540,3742
895,537,3740
897,536,3743
897,532,3744
898,528,3746
898,525,3748
895,524,3753
894,529,3762
894,536,3769
890,545,3775
892,552,3775
891,556,3772
890,555,3765
892,552,3755
897,551,3747
904,543,3743
906,539,3743
910,534,3745
909,529,3751
906,525,3751
903,524,3742
893,516,3720
887,496,3691
889,480,3669
897,475,3672
904,481,3709
904,501,3767
898,521,3807
882,536,3818
864,547,3804
846,560,3796
841,571,3796
842,580,3787
850,582,3769
856,573,3747
868,562,3731
890,543,3728
901,527,3731
905,506,3730
900,494,3741
887,490,3745
873,492,3750
859,501,3766
845,514,3774
843,533,3781
849,548,3780
864,562,3780
885,571,3774
902,580,3762
910,584,3757
923,586,3754
923,585,3745
919,584,3739
908,582,3739
900,579,3736
893,572,3731
890,563,3732
896,552,3730
904,539,3737
910,528,3744
915,516,3745
923,512,3751
918,507,3756
917,507,3756
913,510,3754
903,513,3756
894,517,3757
888,523,3756
879,531,3758
874,544,3759
874,551,3756
875,557,3760
871,560,3761
874,561,3763
872,562,3764
870,561,3760
867,561,3758
863,554,3756
860,551,3754
860,546,3749
859,543,3749
861,542,3750
862,537,3747
864,535,3749
864,534,3751
872,535,3754
877,537,3752
877,543,3752
876,545,3753
878,546,3759
884,547,3763
885,549,3765
888,545,3769
890,543,3771
887,539,3762
891,537,3747
896,532,3735
904,526,3732
906,528,3738
900,530,3748
900,531,3759
895,533,3760
892,532,3757
886,528,3754
880,528,3751
873,532,3746
870,531,3746
869,532,3744
870,533,3742
876,532,3739
884,533,3738
895,531,3739
898,528,3744
898,532,3746
895,537,3751
892,542,3750
886,551,3747
881,562,3754
880,568,3756
885,572,3755
891,570,3754
892,569,3751
896,569,3750
897,561,3752
900,556,3749
903,551,3750
902,548,3750
903,543,3752
900,539,3757
902,541,3761
896,539,3763
892,543,3764
895,546,3768
895,545,3766
894,547,3768
897,545,3765
895,547,3762
892,543,3761
890,539,3758
887,537,3756
886,538,3755
885,535,3751
886,532,3749
886,527,3745
888,529,3748
887,524,3750
883,523,3748
879,526,3750
878,530,3751
878,535,3755
873,538,3752
873,539,3750
870,545,3750
871,548,3747
871,552,3743
873,555,3744
882,557,3746
885,555,3748
885,554,3751
885,555,3753
886,552,3752
889,549,3751
887,549,3750
885,545,3754
886,543,3754
883,535,3755
883,530,3750
884,527,3756
886,530,3753
878,531,3753
879,531,3753
877,530,3754
875,531,3754
875,529,3753
872,534,3750
874,537,3750
873,540,3754
871,540,3754
878,544,3750
878,546,3749
880,546,3749
877,546,3745
875,547,3748
879,545,3751
878,546,3753
880,544,3757
881,546,3757
883,548,3759
885,551,3760
884,551,3757
884,552,3756
885,551,3752
883,549,3746
887,545,3747
884,544,3745
888,546,3746
894,546,3749
896,539,3746
897,538,3746
897,543,3759
895,545,3766
893,549,3771
892,553,3780
886,561,3785
888,565,3779
887,568,3769
891,563,3760
895,558,3745
902,557,3735
909,551,3733
918,548,3739
920,548,3742
922,545,3747
923,541,3749
914,535,3745
907,525,3729
900,512,3706
898,499,3681
902,480,3666
911,467,3672
914,477,3712
914,503,3773
903,524,3799
878,540,3798
857,558,3792
838,573,3796
833,587,3804
834,593,3796
842,590,3774
853,577,3751
873,561,3739
893,541,3740
903,521,3738
903,504,3734
899,497,3732
889,497,3736
873,505,3745
864,520,3753
858,540,3758
858,560,3758
870,577,3758
886,591,3755
903,603,3754
919,606,3754
932,607,3755
935,602,3746
933,597,3734
927,584,3725
924,568,3716
919,553,3715
915,537,3718
913,521,3726
911,507,3740
912,502,3749
913,495,3759
909,494,3770
902,494,3774
897,495,3776
892,500,3778
890,510,3780
886,524,3777
885,539,3774
880,552,3775
881,563,3770
884,568,3768
884,573,3762
884,580,3757
882,585,3758
878,586,3755
877,582,3751
870,578,3749
865,574,3745
862,566,3744
862,560,3746
862,554,3745
862,551,3739
867,542,3744
873,539,3742
877,541,3740
881,537,3743
884,537,3747
885,539,3745
883,539,3746
884,538,3751
885,543,3755
888,548,3765
887,552,3774
891,552,3780
892,548,3770
894,549,3763
898,555,3767
906,558,3775
907,561,3772
902,555,3757
903,536,3740
901,520,3735
903,514,3737
897,508,3744
892,517,3747
882,526,3748
878,532,3749
873,537,3741
873,539,3738
877,539,3734
882,539,3733
892,540,3736
899,536,3742
906,537,3747
908,539,3747
901,543,3745
898,544,3749
897,542,3752
896,542,3751
892,545,3749
894,544,3750
898,543,3752
906,544,3749
911,539,3751
913,534,3754
917,528,3754
914,524,3757
914,523,3759
915,528,3763
913,533,3764
909,532,3768
911,530,3768
911,525,3764
913,521,3763
913,515,3757
914,514,3752
921,513,3747
921,509,3746
918,501,3745
917,503,3744
917,498,3738
909,493,3734
909,494,3730
913,493,3726
912,493,3727
905,499,3732
901,500,3735
905,505,3739
904,512,3744
897,516,3744
900,518,3742
897,522,3742
895,524,3739
899,521,3741
899,521,3741
899,518,3741
899,514,3743
901,515,3747
901,517,3749
898,517,3749
896,519,3751
897,515,3751
900,515,3750
899,515,3754
898,514,3754
899,511,3754
898,515,3753
900,513,3754
898,513,3753
899,511,3754
895,511,3752
897,511,3748
896,512,3742
896,514,3743
895,514,3745
898,513,3748
897,514,3749
901,518,3748
901,520,3750
902,522,3755
902,523,3754
900,524,3753
901,527,3751
898,523,3744
900,524,3740
906,522,3733
909,522,3733
909,521,3735
910,517,3736
912,518,3737
914,513,3739
915,514,3747
909,518,3755
908,525,3770
902,532,3779
899,535,3782
899,544,3782
897,551,3779
897,551,3768
897,547,3760
910,542,3754
919,533,3746
926,527,3747
929,522,3751
932,519,3753
928,518,3748
922,512,3736
916,505,3710
906,486,3682
906,467,3656
914,453,3657
918,455,3699
923,477,3761
921,501,3806
898,519,3810
876,533,3793
854,548,3788
845,562,3788
845,573,3783
853,573,3773
865,564,3756
887,551,3742
901,530,3736
917,514,3735
922,496,3736
922,479,3731
906,471,3727
891,469,3730
881,481,3736
873,495,3746
868,514,3756
869,534,3761
880,549,3756
897,563,3757
915,570,3756
928,575,3755
939,576,3756
946,576,3754
946,573,3748
939,568,3741
929,559,3738
925,548,3737
921,535,3739
918,522,3744
921,516,3749
922,502,3756
928,496,3754
932,491,3757
929,488,3758
925,487,3755
917,488,3754
908,494,3762
903,503,3760
896,510,3758
891,519,3756
892,524,3754
890,534,3758
893,543,3763
894,554,3766
896,560,3768
894,567,3773
891,568,3776
886,572,3774
884,578,3769
890,582,3766
887,580,3761
885,582,3752
885,577,3741
886,571,3733
889,568,3721
886,570,3711
881,572,3702
873,581,3693
867,594,3694
855,618,3691
844,641,3694
828,668,3695
816,695,3704
800,724,3716
788,744,3720
777,754,3718
772,766,3701
767,772,3693
769,771,3686
776,760,3677
783,740,3666
787,709,3658
791,665,3663
801,616,3673
808,564,3693
809,511,3715
808,462,3745
806,414,3778
803,368,3807
804,328,3831
807,288,3856
814,253,3876
820,225,3895
831,199,3910
845,182,3919
860,178,3928
875,182,3937
893,191,3937
907,210,3930
921,238,3914
933,262,3896
947,288,3878
960,320,3851
973,345,3828
984,369,3802
995,390,3777
1008,408,3756
1019,427,3733
1026,446,3710
1030,456,3692
1035,461,3674
1036,464,3660
1035,469,3654
1033,472,3649
1030,472,3645
1029,467,3649
1028,460,3661
1023,446,3673
1018,432,3683
1016,415,3697
1012,397,3710
1006,374,3719
999,357,3727
991,341,3743
982,327,3755
970,311,3766
958,304,3777
953,297,3787
946,293,3787
934,298,3790
924,299,3786
919,305,3787
922,313,3782
925,324,3780
923,343,3776
921,361,3771
922,377,3768
930,397,3768
929,416,3768
930,436,3771
934,453,3774
937,465,3775
938,475,3769
940,485,3769
943,495,3769
945,499,3773
944,504,3776
939,504,3779
937,506,3779
930,506,3782
919,494,3787
917,486,3786
911,480,3788
912,475,3782
906,475,3781
900,476,3778
896,480,3772
895,485,3770
886,488,3767
886,499,3766
885,512,3760
888,524,3755
897,543,3749
897,555,3749
899,576,3744
904,590,3744
906,601,3738
910,610,3727
918,615,3714
926,621,3702
935,624,3693
944,627,3683
952,631,3675
964,637,3667
976,639,3665
980,642,3669
987,645,3674
986,653,3683
984,663,3697
983,674,3713
980,683,3723
970,689,3728
964,690,3723
961,678,3712
964,662,3696
974,651,3693
984,636,3699
977,623,3702
973,614,3709
966,609,3718
950,606,3715
929,600,3705
905,593,3691
882,588,3666
860,584,3657
850,592,3678
836,616,3731
826,646,3783
812,669,3817
788,690,3828
763,711,3828
739,730,3832
718,737,3830
710,739,3818
706,734,3802
705,717,3787
706,698,3772
708,675,3769
712,648,3760
721,623,3759
736,601,3762
749,590,3767
754,585,3776
767,589,3783
778,594,3784
791,611,3780
802,626,3773
815,636,3760
827,644,3746
841,650,3736
863,653,3732
879,648,3723
900,641,3715
917,629,3711
928,616,3708
944,598,3709
960,575,3705
974,557,3700
986,537,3700
986,513,3702
990,497,3702
997,479,3709
999,465,3713
998,457,3721
995,454,3731
997,451,3742
997,450,3758
998,453,3768
995,454,3779
993,456,3784
986,462,3787
984,462,3788
985,463,3790
987,464,3788
991,467,3786
988,473,3787
983,474,3791
982,478,3789
973,479,3789
960,486,3787
955,489,3787
950,495,3783
942,503,3775
929,505,3779
913,508,3772
900,519,3764
894,525,3766
886,527,3768
877,533,3772
865,539,3771
859,549,3771
857,550,3773
873,552,3773
891,555,3773
897,554,3775
890,549,3771
888,547,3755
890,544,3742
893,543,3745
901,546,3745
896,546,3751
875,556,3758
852,559,3758
832,564,3753
817,562,3748
806,563,3749
798,566,3748
797,570,3747
790,577,3747
786,578,3742
784,583,3738
793,589,3738
798,592,3742
806,596,3750
804,603,3759
797,610,3760
798,622,3770
791,636,3774
785,649,3777
781,665,3779
786,677,3778
794,681,3779
797,686,3777
803,691,3770
806,697,3760
812,703,3754
814,710,3752
812,717,3744
804,729,3738
798,743,3728
795,750,3714
787,760,3708
781,766,3704
771,771,3697
768,774,3693
764,776,3692
747,781,3693
745,780,3695
745,780,3700
745,775,3701
742,763,3708
744,754,3718
748,743,3728
748,734,3740
750,720,3748
748,712,3753
743,707,3756
744,699,3762
750,689,3766
750,680,3770
751,675,3773
750,667,3774
753,662,3777
752,658,3783
756,657,3784
757,649,3785
765,643,3783
771,637,3780
774,634,3784
781,632,3782
790,629,3777
796,633,3772
805,631,3764
812,638,3756
811,643,3752
816,651,3743
824,658,3739
828,665,3738
833,676,3741
835,680,3739
832,687,3736
837,688,3734
838,683,3733
835,682,3733
832,678,3731
836,674,3736
835,665,3741
830,660,3738
824,654,3742
816,648,3744
808,650,3748
800,648,3751
790,645,3746
782,639,3743
776,637,3744
770,636,3751
764,635,3752
761,632,3756
759,625,3763
760,621,3774
761,612,3785
763,606,3795
761,602,3815
765,597,3835
760,599,3859
751,601,3882
740,614,3898
727,618,3907
727,622,3906
725,626,3897
727,630,3878
733,640,3855
744,650,3829
753,662,3808
774,678,3785
800,698,3771
822,718,3758
843,737,3745
862,753,3718
880,750,3684
905,742,3653
922,744,3628
924,752,3624
927,767,3653
921,789,3688
897,802,3709
865,808,3709
835,813,3712
804,816,3725
779,819,3726
755,816,3721
739,807,3710
731,784,3690
731,761,3681
734,735,3678
735,715,3684
748,696,3690
762,681,3704
776,672,3719
776,680,3740
775,695,3759
768,714,3774
769,730,3780
766,739,3783
756,755,3785
756,772,3776
756,784,3764
755,791,3754
756,802,3747
747,806,3736
747,808,3723
747,806,3714
749,803,3707
745,796,3707
740,795,3709
736,787,3712
732,782,3711
722,775,3724
714,770,3729
704,774,3735
696,771,3742
693,771,3749
688,768,3755
686,774,3762
684,783,3762
679,790,3760
679,796,3765
681,800,3766
679,801,3763
681,799,3764
681,799,3764
685,796,3762
686,792,3758
689,789,3755
689,781,3757
687,779,3754
683,777,3749
680,773,3751
682,777,3746
684,777,3749
682,782,3755
688,781,3757
693,780,3756
704,775,3757
712,775,3759
718,772,3764
724,758,3763
723,755,3763
727,753,3760
731,751,3757
728,749,3758
725,742,3754
722,748,3744
721,760,3745
720,774,3751
724,788,3751
721,796,3741
716,802,3731
713,804,3721
713,807,3716
710,811,3716
701,808,3721
690,813,3724
680,813,3726
673,818,3727
672,813,3726
672,810,3725
672,809,3725
675,800,3727
681,791,3735
682,787,3743
684,782,3749
680,784,3752
678,784,3761
678,787,3761
673,796,3764
665,801,3764
662,806,3761
658,812,3759
656,815,3753
653,821,3749
651,825,3749
652,832,3742
655,837,3741
657,842,3738
660,850,3739
668,852,3743
669,856,3745
675,849,3751
671,844,3753
673,838,3755
672,831,3756
674,824,3750
675,814,3749
673,812,3743
678,807,3739
679,801,3734
674,807,3727
674,812,3722
675,815,3723
676,817,3724
679,820,3726
679,823,3728
680,829,3727
682,832,3733
682,833,3738
680,834,3740
675,831,3745
674,826,3747
672,821,3748
674,817,3749
669,814,3750
674,806,3749
678,796,3744
680,790,3741
684,792,3740
692,793,3744
701,793,3741
707,793,3742
713,792,3743
720,788,3748
726,785,3747
734,783,3753
735,783,3755
741,781,3759
743,775,3759
747,768,3753
750,757,3756
751,751,3752
749,749,3743
754,747,3735
763,744,3730
773,748,3728
780,747,3728
783,751,3725
785,759,3724
785,769,3724
785,778,3724
777,783,3722
789,784,3722
796,787,3732
803,788,3750
801,787,3762
806,784,3778
807,782,3799
803,774,3818
813,760,3819
814,749,3838
804,743,3845
797,735,3850
795,721,3847
800,704,3836
812,680,3826
830,659,3813
850,645,3810
872,641,3809
896,642,3803
910,647,3789
920,653,3768
928,650,3734
934,647,3706
942,650,3689
945,655,3688
954,675,3708
956,704,3739
954,720,3764
950,721,3784
945,731,3801
928,742,3820
905,755,3825
868,763,3812
832,760,3786
801,749,3753
770,745,3730
741,741,3712
722,744,3696
700,752,3694
666,765,3695
639,780,3703
615,799,3724
601,815,3742
595,825,3769
591,835,3785
581,854,3788
566,870,3784
557,881,3771
553,893,3759
543,896,3746
533,906,3738
524,922,3727
521,927,3721
510,939,3716
497,943,3707
485,953,3699
476,956,3696
468,961,3695
455,967,3699
440,967,3701
422,967,3698
416,966,3695
412,967,3696
404,967,3696
396,965,3696
393,968,3700
385,973,3704
383,968,3708
382,969,3714
378,974,3713
377,974,3711
371,978,3706
366,987,3696
351,991,3691
337,1000,3680
321,1016,3680
303,1034,3677
286,1059,3670
277,1085,3667
265,1108,3663
258,1131,3661
255,1158,3658
257,1188,3657
258,1217,3657
263,1241,3655
277,1257,3654
292,1267,3652
307,1281,3650
327,1284,3647
356,1283,3643
382,1273,3644
413,1262,3640
445,1242,3644
478,1214,3641
501,1184,3625
535,1171,3629
564,1161,3643
597,1145,3658
620,1126,3657
639,1103,3641
653,1083,3630
673,1057,3624
685,1032,3623
696,1010,3629
701,986,3640
706,966,3650
711,943,3661
711,916,3678
707,892,3685
706,861,3688
700,834,3687
697,808,3689
698,791,3695
693,782,3704
688,773,3724
675,767,3741
664,763,3758
654,762,3777
647,760,3793
639,760,3796
629,760,3801
624,756,3800
616,752,3798
615,748,3789
617,743,3789
625,736,3792
631,726,3795
639,716,3794
645,714,3800
659,710,3804
665,706,3811
664,707,3813
659,703,3811
655,706,3805
650,709,3796
633,711,3780
617,720,3759
603,728,3740
586,737,3729
576,746,3714
562,753,3706
559,761,3696
559,766,3687
567,785,3683
575,806,3686
580,822,3699
595,839,3715
622,852,3733
645,858,3748
673,857,3760
697,851,3769
723,838,3779
743,828,3788
751,827,3796
761,827,3802
760,827,3811
763,822,3816
771,821,3823
779,820,3821
785,817,3819
789,813,3810
797,809,3798
807,802,3792
819,789,3781
831,786,3764
840,791,3750
849,792,3738
850,791,3738
850,790,3726
851,790,3715
854,801,3703
859,811,3698
865,818,3692
869,825,3689
883,833,3683
893,840,3673
905,847,3671
916,847,3672
928,858,3672
941,869,3668
952,874,3667
956,868,3666
967,850,3656
981,830,3639
1000,803,3623
1018,772,3603
1037,740,3586
1052,713,3578
1077,686,3586
1096,665,3599
1128,639,3617
1155,614,3638
1184,597,3662
1210,585,3690
1229,571,3722
1251,567,3739
1269,559,3751
1284,547,3750
1299,529,3741
1317,511,3737
1335,502,3736
1347,494,3736
1352,487,3742
1359,486,3745
1366,483,3740
1372,487,3736
1384,487,3728
1390,493,3691
1386,497,3658
1375,506,3642
1360,531,3655
1337,565,3701
1310,603,3731
1277,621,3727
1252,632,3689
1234,638,3645
1209,656,3617
1185,678,3596
1158,701,3573
1126,720,3539
1105,739,3516
1088,756,3504
1080,774,3502
1070,793,3511
1052,822,3534
1040,849,3559
1036,871,3581
1030,889,3592
1037,901,3601
1041,905,3605
1048,907,3604
1057,913,3600
1064,924,3593
1066,937,3598
1068,956,3601
1072,979,3607
1074,1003,3616
1080,1030,3625
1086,1056,3629
1094,1073,3629
1105,1076,3625
1125,1070,3611
1154,1061,3591
1190,1048,3572
1220,1038,3552
1252,1031,3546
1291,1030,3539
1318,1030,3539
1339,1041,3546
1350,1050,3551
1360,1067,3561
1383,1077,3561
1396,1085,3558
1405,1095,3558
1416,1108,3556
1424,1116,3556
1431,1123,3555
1433,1126,3554
1431,1126,3559
1433,1119,3568
1435,1103,3583
1441,1081,3595
1440,1054,3603
1428,1022,3607
1413,989,3622
1395,951,3649
1377,907,3681
1355,858,3716
1335,813,3743
1319,771,3757
1305,729,3761
1284,684,3752
1267,644,3733
1240,604,3710
1216,563,3682
1181,532,3652
1147,509,3613
1114,502,3565
1077,512,3509
1059,540,3446
1049,583,3391
1030,639,3350
1029,699,3320
1040,763,3302
1050,827,3286
1067,899,3283
1089,979,3276
1109,1063,3258
1138,1146,3246
1170,1226,3228
1202,1310,3218
1249,1390,3213
1280,1471,3216
1318,1540,3216
1351,1601,3219
1378,1652,3228
1415,1694,3239
1454,1732,3258
1485,1763,3280
1525,1782,3312
1564,1792,3354
1612,1787,3411
1652,1764,3479
1687,1721,3552
1721,1669,3616
1737,1604,3669
1736,1535,3716
1722,1466,3737
1688,1397,3739
1642,1323,3719
1625,1243,3692
1605,1173,3676
1586,1127,3669
1566,1092,3656
1538,1076,3640
1518,1061,3620
1490,1056,3602
1460,1049,3579
1445,1051,3557
1418,1056,3541
1397,1067,3532
1369,1089,3534
1336,1122,3544
1305,1156,3566
1268,1202,3580
1239,1242,3593
1209,1282,3595
1171,1313,3576
1137,1335,3533
1107,1353,3485
1076,1370,3443
1048,1389,3408
1028,1423,3380
1010,1458,3372
1003,1489,3373
1002,1518,3379
1003,1541,3385
1004,1558,3384
1004,1571,3378
995,1584,3384
991,1606,3402
994,1623,3428
1004,1639,3454
1006,1655,3489
1000,1666,3521
1001,1680,3555
1010,1694,3587
1015,1711,3606
1017,1729,3623
1014,1750,3638
1024,1776,3648
1033,1800,3649
1035,1824,3631
1034,1842,3599
1032,1852,3555
1030,1868,3518
1035,1882,3483
1042,1892,3438
1050,1897,3399
1055,1905,3358
1053,1924,3329
1034,1952,3318
1020,1986,3319
1002,2016,3331
989,2050,3340
968,2080,3354
951,2113,3361
932,2139,3358
907,2163,3347
882,2184,3334
859,2200,3313
842,2207,3293
826,2209,3273
800,2207,3250
777,2204,3227
744,2191,3195
707,2168,3163
664,2141,3127
615,2120,3109
555,2107,3105
495,2095,3112
437,2079,3120
377,2060,3126
314,2052,3131
263,2050,3143
218,2052,3145
163,2066,3140
99,2085,3132
54,2096,3113
33,2111,3098
33,2133,3084
55,2169,3080
77,2219,3082
122,2274,3085
148,2333,3113
165,2389,3139
186,2443,3145
218,2497,3138
239,2552,3126
231,2613,3101
231,2658,3061
237,2696,2999
253,2723,2931
276,2746,2847
261,2781,2771
251,2817,2705
254,2836,2623
245,2861,2522
229,2872,2421
199,2883,2328
156,2908,2233
103,2941,2148
51,2981,2081
7,3023,2042
-52,3069,2018
-114,3133,2002
-187,3218,2002
-273,3298,2015
-356,3369,2026
-429,3435,2037
-503,3490,2025
-577,3528,1987
-652,3555,1946
-720,3561,1901
-787,3557,1859
-838,3545,1816
-888,3527,1789
-938,3500,1755
-989,3474,1727
-1040,3448,1700
-1101,3429,1674
-1158,3419,1663
-1218,3410,1665
-1244,3393,1660
-1268,3370,1662
-1289,3353,1684
-1305,3329,1709
-1324,3310,1726
-1338,3293,1739
-1355,3278,1754
-1368,3264,1771
-1387,3251,1785
-1416,3237,1796
-1439,3213,1807
-1456,3186,1811
-1475,3156,1804
-1499,3126,1790
-1526,3102,1770
-1557,3085,1746
-1586,3068,1714
-1608,3056,1682
-1625,3051,1643
-1645,3068,1593
-1653,3079,1540
-1658,3093,1490
-1666,3123,1440
-1667,3156,1397
-1666,3193,1344
-1646,3212,1295
-1613,3227,1236
-1573,3238,1186
-1533,3249,1130
-1495,3253,1073
-1462,3258,1012
-1447,3270,957
-1437,3275,895
-1429,3274,836
-1433,3272,792
-1443,3278,755
-1452,3286,722
-1465,3291,679
-1474,3291,638
-1495,3293,597
-1507,3294,555
-1510,3286,501
-1507,3274,419
-1542,3270,344
-1569,3260,272
-1588,3235,192
-1596,3206,115
-1619,3175,28
-1634,3143,-63
-1651,3113,-161
-1692,3117,-253
-1753,3147,-327
-1825,3197,-406
-1919,3272,-483
-1987,3333,-574
-2063,3399,-661
-2130,3468,-769
-2196,3536,-891
-2265,3601,-1026
-2363,3676,-1162
-2533,3823,-1343
-2784,3966,-1535
-2976,3982,-1740
-3055,3859,-1943
-3004,3637,-2085
-2889,3340,-2178
-2734,3021,-2233
-2576,2711,-2258
-2418,2429,-2275
-2296,2202,-2269
-2225,2011,-2277
-2197,1865,-2328
-2206,1762,-2410
-2253,1699,-2511
-2339,1678,-2618
-2395,1688,-2725
-2405,1725,-2836
-2374,1754,-2934
-2356,1776,-3022
-2377,1792,-3110
-2417,1818,-3180
-2442,1836,-3222
-2443,1845,-3246
-2467,1853,-3274
-2513,1836,-3300
-2530,1822,-3306
-2559,1775,-3321
-2533,1695,-3323
-2483,1610,-3301
-2443,1462,-3280
-2344,1266,-3278
-2247,1114,-3266
-2150,958,-3227
-2036,755,-3184
-1971,714,-3152
-1840,707,-3038
-1700,640,-2963
-1617,552,-2926
-1516,464,-2875
-1434,372,-2827
-1347,289,-2766
-1250,207,-2696
-1139,128,-2629
-1021,39,-2580
-911,-48,-2512
-814,-145,-2465
-733,-239,-2420
-657,-320,-2367
-617,-384,-2307
-606,-456,-2247
-591,-509,-2166
-569,-561,-2092
-529,-614,-2012
-509,-696,-1942
-779,-904,-1827
-1053,-1195,-1750
-1256,-1556,-1756
-1382,-1905,-1821
-1413,-2220,-1938
-1334,-2479,-2104
-1115,-2690,-2305
-735,-2850,-2577
-270,-2974,-2872
265,-3067,-3219
830,-3150,-3604
1392,-3214,-4001
1735,-3168,-4214
1888,-3023,-4234
2041,-2862,-4249
2470,-2819,-4556
2817,-2764,-4840
3027,-2675,-4999
3077,-2535,-4999
3007,-2382,-4914
2895,-2222,-4801
2703,-2054,-4615
2484,-1888,-4411
2260,-1725,-4224
2054,-1549,-4037
1887,-1354,-3868
1755,-1152,-3684
1659,-911,-3502
1578,-624,-3346
1549,-329,-3260
1577,-39,-3222
1649,232,-3224
1734,487,-3242
1819,728,-3259
1924,945,-3299
1998,1138,-3320
2033,1295,-3350
2090,1406,-3433
2171,1473,-3573
2256,1517,-3726
2371,1539,-3901
2456,1567,-4025
2532,1576,-4116
2670,1434,-4154
4051,-733,-3579
6027,-3628,-2610
8069,-6318,-1482
9539,-8076,-486
9916,-8549,-48
9113,-7859,-213
7515,-6334,-900
5595,-4285,-1903
3944,-2195,-2863
3024,-874,-3416
2718,-127,-3797
3122,679,-4050
4066,1979,-4330
5107,3478,-4639
6267,4880,-4796
7775,5458,-4673
10675,4375,-3894
14039,2317,-3410
15842,1189,-3997
15341,1512,-5104
13195,2218,-5765
10389,2541,-5376
7650,2337,-4459
5397,1831,-3473
3735,1328,-2661
2549,994,-2106
1807,831,-1714
1417,747,-1477
1210,698,-1340
1094,668,-1255
1025,635,-1216
992,597,-1208
991,545,-1257
990,474,-1331
982,423,-1374
972,383,-1383
964,338,-1424
956,298,-1518
952,238,-1679
975,145,-1872
991,3,-2190
951,-159,-2686
874,-260,-3405
763,-162,-4192
758,-51,-4683
926,16,-4747
1150,-103,-5020
1301,-259,-5480
1394,-372,-5960
1383,-504,-6511
1298,-584,-6997
1080,-660,-7276
749,-712,-7334
309,-751,-7174
-105,-757,-6873
-423,-796,-6492
-557,-948,-6112
-533,-1069,-5688
-392,-1143,-5247
-246,-1210,-4841
-96,-1207,-4453
60,-1175,-4105
216,-1033,-3767
429,-908,-3480
674,-788,-3271
945,-735,-3153
1179,-719,-3082
1396,-819,-3101
1545,-951,-3180
1660,-1044,-3254
1652,-1150,-3363
1642,-1227,-3453
1605,-1286,-3558
1543,-1286,-3657
1528,-1175,-3704
1526,-982,-3730
1529,-740,-3777
1526,-470,-3832
1503,-242,-3928
1459,-85,-4032
1410,-15,-4145
1366,-6,-4271
1344,-7,-4384
1337,-47,-4492
1329,-92,-4588
1315,-136,-4645
1302,-179,-4673
1291,-214,-4674
1293,-250,-4668
1307,-316,-4654
1360,-365,-4600
1396,-430,-4532
1434,-401,-4395
1462,-355,-4282
1490,-312,-4170
1492,-262,-4051
1525,-234,-3936
1556,-254,-3846
1614,-294,-3769
1678,-323,-3703
1730,-366,-3658
1799,-408,-3621
1862,-430,-3602
1896,-465,-3612
1917,-524,-3646
1946,-575,-3682
1969,-645,-3727
1981,-705,-3765
1979,-770,-3809
1965,-839,-3852
1919,-889,-3872
1885,-929,-3868
1855,-953,-3843
1822,-960,-3789
1770,-944,-3714
1710,-913,-3627
1676,-924,-3557
1648,-951,-3483
1601,-944,-3398
1577,-961,-3346
1574,-999,-3302
1575,-1019,-3262
1580,-1035,-3251
1590,-1110,-3277
1596,-1160,-3291
1577,-1165,-3316
1550,-1171,-3357
1522,-1196,-3387
1509,-1194,-3368
1487,-1208,-3328
1454,-1178,-3261
1442,-1167,-3158
1434,-1117,-3046
1461,-1091,-2945
1522,-1110,-2849
1679,-1141,-2739
1888,-1143,-2611
1988,-1131,-2523
1983,-1205,-2531
2012,-1319,-2602
2020,-1478,-2715
2059,-1567,-2806
2105,-1679,-2858
1897,-1849,-2959
1679,-1948,-2975
1564,-1963,-2918
1446,-1932,-2873
1279,-1758,-2797
1154,-1582,-2685
1081,-1447,-2587
1080,-1351,-2509
1169,-1285,-2424
1268,-1198,-2298
1253,-1101,-2171
1186,-1022,-2077
1091,-978,-2040
1039,-970,-2042
1062,-1060,-2113
1121,-1162,-2173
1165,-1229,-2182
1193,-1271,-2163
1168,-1263,-2078
1168,-1259,-1989
1124,-1239,-1868
1104,-1286,-1812
1135,-1381,-1820
1183,-1485,-1874
1246,-1602,-1922
1340,-1789,-2033
1408,-1939,-2167
1448,-1962,-2262
1465,-1864,-2347
1442,-1778,-2393
1432,-1754,-2456
1432,-1757,-2547
1413,-1733,-2596
1380,-1644,-2533
1362,-1563,-2456
1374,-1538,-2466
1434,-1551,-2554
1576,-1337,-2473
1781,-954,-2205
2033,-511,-1818
2333,-81,-1382
2645,273,-993
2967,436,-870
3260,401,-1038
3525,237,-1420
3804,-36,-1988
4123,-387,-2761
4410,-745,-3554
4684,-1116,-4335
5009,-1550,-5178
5331,-1940,-5939
5511,-2137,-6309
5661,-2284,-6564
5719,-2357,-6672
5551,-2192,-6368
5180,-1899,-5772
4704,-1573,-5057
4223,-1278,-4340
3715,-1014,-3637
3177,-774,-2955
2657,-570,-2341
2200,-409,-1822
1820,-286,-1399
1517,-190,-1067
1293,-122,-823
1136,-77,-639
1022,-56,-515
942,-57,-429
883,-74,-367
843,-106,-319
812,-151,-285
782,-195,-266
751,-251,-258
736,-322,-278
742,-418,-316
744,-513,-370
731,-621,-422
714,-742,-521
690,-878,-648
653,-1005,-776
607,-1105,-908
567,-1195,-1053
550,-1277,-1217
550,-1362,-1400
572,-1466,-1635
631,-1589,-1909
712,-1706,-2207
793,-1767,-2486
869,-1715,-2715
964,-1616,-2902
1057,-1437,-3014
1134,-1210,-3047
1215,-983,-3060
1302,-801,-3095
1422,-702,-3229
1610,-705,-3532
1887,-803,-4048
2270,-974,-4795
5782,-1807,-9175
2620,5856,-14501
-159,8711,-8904
-1374,9572,-13698
7736,7026,-6798
-4570,-2745,-6276
-2072,-1811,6339
-569,-1229,3428
-51,-393,167
71,234,65
261,432,-675
410,458,-1556
408,527,-1257
372,609,-753
379,629,-826
392,612,-1024
375,617,-950
345,626,-775
332,615,-763
345,607,-860
341,621,-900
109,-1156,-10160
-87,-446,-3931
-74,-23,-836
188,-37,-1796
251,1,-1701
153,142,-266
130,194,236
183,155,-241
197,140,-444
155,166,-117
120,180,111
122,163,6
130,135,-126
2370,1411,-1346
1597,1350,-2039
1137,1652,-1933
893,1688,-2556
-3438,1555,-13006
-2325,1851,-11319
-7555,-8997,-18136
-4010,-11855,-19621
-1913,-6608,-10728
-836,-3035,-3878
84,-1511,-3534
509,-757,-3180
534,-233,-1139
523,38,-36
561,90,-382
2017,2971,324
1059,1973,-451
323,1193,279
76,673,39
21,342,-814
-56,219,-619
-145,203,20
-179,174,161
426,-1871,-4085
269,-889,-2671
147,-306,-1392
177,-94,-1601
189,9,-1585
133,111,-964
-1124,1891,-8098
-23,1030,-8328
303,855,-5417
-6693,2055,-8651
-1210,5466,-6550
-893,3223,-1393
-842,2163,-455
-2953,6809,-2076
-5312,10472,-1881
-13368,13554,-9076
-7670,7665,-7046
-3997,3752,-5597
-2403,1893,-2245
-1710,960,-100
-151,3347,285
-727,1574,-1021
-709,641,-1212
-2719,708,-3633
-3762,-4512,-8297
-3234,-3717,-4718
257,-1673,-6391
309,-973,-5434
-251,-557,-2124
-597,-312,-129
-651,-268,-114
-1414,-447,-6111
-1002,-482,-4932
-1081,1757,-6543
-801,756,-3959
-502,62,-4269
-280,-318,-4903
-333,-198,-4607
-453,119,-4597
-533,1020,-4131
158,939,-4317
200,716,-4300
113,381,-4361
139,190,-4381
189,121,-4356
173,86,-4347
42,8,-4341
-28,-53,-4343
-67,-81,-4349
-84,-98,-4346
-91,-112,-4344
-98,-115,-4346
-109,-105,-4346
-119,-101,-4343
-119,-100,-4342
-119,-103,-4343
-121,-100,-4338
-119,-99,-4339
-118,-103,-4341
-120,-104,-4344
-119,-98,-4343
-117,-99,-4344
-118,-97,-4346
-120,-99,-4346
-122,-98,-4341
-121,-102,-4343
-121,-101,-4343
-118,-103,-4340
-118,-95,-4342
-118,-98,-4343
-121,-98,-4340
-118,-97,-4343
-120,-96,-4340
-120,-97,-4343
-119,-97,-4340
-121,-97,-4347
-126,-99,-4350
-121,-97,-4353
-116,-96,-4346
-117,-101,-4344
-117,-99,-4346
-122,-98,-4348
-123,-100,-4348
-127,-101,-4346
-124,-98,-4341
-121,-96,-4340
-120,-96,-4340
-120,-99,-4346
-118,-96,-4347
-119,-98,-4343
-119,-94,-4339
-121,-97,-4341
-121,-98,-4343
-120,-101,-4346
-121,-101,-4343
-118,-103,-4345
-120,-99,-4346
-117,-102,-4344
-117,-102,-4346
-117,-100,-4341
-118,-100,-4344
-125,-96,-4345
-123,-97,-4344
-122,-99,-4346
-120,-97,-4347
-120,-97,-4340
-122,-97,-4340
-121,-97,-4343
-122,-94,-4341
-120,-95,-4336
-120,-94,-4339
-119,-96,-4344
-120,-95,-4346
-116,-95,-4342
-118,-96,-4340
-121,-95,-4338
-120,-99,-4340
-122,-99,-4338
-121,-95,-4342
-124,-95,-4345
-124,-96,-4341
-121,-96,-4342
-120,-98,-4346
-121,-99,-4346
-120,-99,-4346
-118,-96,-4347
-119,-97,-4345
-119,-95,-4346
-122,-97,-4346
-121,-97,-4342
-118,-94,-4341
-122,-93,-4341
-125,-96,-4342
-121,-100,-4343
-123,-98,-4343
-123,-95,-4340
-118,-96,-4343
-121,-96,-4345
-122,-96,-4343
-122,-97,-4344
-124,-96,-4341
-123,-95,-4343
-122,-97,-4344
-121,-96,-4346
-120,-98,-4342
-120,-100,-4340
-119,-102,-4338
-118,-103,-4339
-120,-99,-4347
-118,-96,-4347
-121,-95,-4343
-121,-97,-4341
-121,-97,-4334
-118,-97,-4341
-117,-97,-4347
-120,-97,-4343
-119,-94,-4338
-117,-95,-4339
-118,-95,-4340
-119,-92,-4344
-121,-92,-4343
-122,-88,-4344
-123,-93,-4344
-121,-95,-4344
-120,-98,-4344
-118,-96,-4344
-121,-95,-4343
-120,-95,-4346
-120,-95,-4346
-121,-99,-4346
-117,-100,-4349
-121,-98,-4345
-120,-94,-4346
-119,-94,-4343
-116,-96,-4338
-123,-97,-4335
-121,-99,-4336
-124,-95,-4339
-120,-96,-4343
-121,-98,-4341
-118,-100,-4343
-120,-97,-4344
-122,-98,-4346
-117,-96,-4345
-121,-95,-4342
-125,-91,-4339
-121,-93,-4343
-120,-96,-4345
-119,-99,-4340
-113,-95,-4344
-114,-98,-4342
-110,-94,-4342
-113,-92,-4343
-115,-92,-4346
-116,-91,-4346
-114,-95,-4345
-111,-95,-4344
-120,-94,-4346
-122,-95,-4342
-118,-97,-4340
-116,-96,-4338
-104,-97,-4342
-110,-97,-4349
-112,-93,-4351
-111,-96,-4343
-118,-95,-4342
-117,-95,-4339
-121,-95,-4342
-120,-97,-4346
-122,-97,-4345
-122,-97,-4346
-114,-100,-4345
-116,-94,-4350
-117,-95,-4347
-117,-98,-4341
-118,-99,-4339
-121,-101,-4341
-119,-102,-4341
-123,-96,-4343
-122,-94,-4342
-124,-96,-4343
-125,-97,-4348
-121,-97,-4344
-121,-98,-4343
-121,-97,-4344
-117,-93,-4342
-123,-92,-4346
-119,-96,-4344
-119,-99,-4345
-121,-97,-4341
-120,-98,-4341
-122,-99,-4341
-121,-97,-4339
-119,-96,-4343
-117,-97,-4343
-121,-95,-4342
-122,-95,-4343
-122,-93,-4346
-119,-96,-4344
-122,-96,-4345
-121,-100,-4346
-121,-98,-4343
-120,-101,-4341
-119,-100,-4342
-122,-99,-4345
-121,-97,-4346
-123,-97,-4347
-120,-97,-4348
-123,-93,-4343
-120,-92,-4343
-121,-95,-4344
-121,-97,-4344
-119,-94,-4345
-116,-91,-4343
-118,-96,-4347
-116,-98,-4345
-118,-100,-4343
-120,-98,-4343
-122,-97,-4340
-123,-97,-4341
-122,-97,-4342
-123,-98,-4341
-121,-96,-4343
-118,-95,-4342
-121,-94,-4343
-121,-96,-4349
-124,-95,-4347
-119,-96,-4347
-120,-99,-4348
-119,-99,-4348
-116,-97,-4344
-117,-96,-4343
-119,-93,-4344
-123,-93,-4345
-122,-97,-4342
-121,-94,-4340
-119,-94,-4339
-122,-95,-4344
-117,-95,-4343
-118,-98,-4342
-122,-96,-4345
-122,-98,-4346
-121,-97,-4344
-121,-99,-4344
-121,-97,-4339
-124,-97,-4340
-117,-96,-4338
-117,-96,-4345
-120,-97,-4345
-120,-94,-4344
-121,-97,-4343
-115,-97,-4344
-119,-95,-4349
-120,-94,-4341
-119,-96,-4342
-120,-99,-4339
-118,-99,-4337
-118,-95,-4337
-118,-96,-4339
-119,-95,-4343
-118,-95,-4342
-120,-95,-4340
-118,-93,-4340
-118,-99,-4343
-116,-99,-4344
-122,-98,-4345
-118,-94,-4346
-120,-95,-4347
-120,-94,-4344
-122,-96,-4343
-118,-99,-4344
-116,-101,-4344
-116,-101,-4342
-116,-99,-4343
-118,-98,-4341
-118,-96,-4339
-122,-96,-4339
-122,-99,-4338
-123,-98,-4342
-122,-96,-4344
-120,-99,-4343
-123,-96,-4345
-139,-98,-4345
-162,-82,-4346
-250,-144,-4356
-353,-225,-4373
-532,-292,-4403
-751,-357,-4408
-1136,-421,-4410
-1349,-524,-4503
-1509,-494,-4533
-1491,-404,-4574
-1414,-438,-4581
-1339,-230,-4395
-1210,62,-4460
-1113,109,-4432
-982,111,-4391
-866,-4,-4392
-671,600,-4221
-524,413,-4655
-496,640,-4383
-467,128,-4668
-415,650,-4619
-351,993,-4738
-545,576,-4542
-552,521,-4794
-554,384,-4863
-515,230,-4645
-413,290,-4782
-646,447,-6358
-574,-64,-5392
-661,-107,-4490
-718,70,-4580
-681,100,-5111
-621,48,-5613
-549,-150,-5923
-568,-57,-6244
-566,-116,-6387
-588,-151,-6434
-571,-193,-6444
-542,-338,-6382
-547,-389,-6218
-547,-356,-6255
-555,-609,-5456
-548,-649,-5394
-557,-631,-5410
-568,-769,-5043
-587,-901,-4943
-595,-1083,-5046
-581,-1297,-5403
-539,-1508,-5811
-485,-1677,-6044
-431,-1783,-6000
-391,-1862,-5784
-349,-1943,-5517
-289,-2034,-5296
-221,-2149,-5180
-139,-2302,-5199
-54,-2474,-5329
36,-2651,-5554
128,-2814,-5796
217,-2940,-5966
292,-3037,-6096
350,-3096,-6172
395,-3098,-6139
434,-3072,-6033
478,-3052,-5912
529,-3049,-5790
575,-3072,-5670
621,-3097,-5541
645,-3098,-5378
647,-3069,-5186
626,-3012,-4965
580,-2941,-4724
512,-2850,-4459
428,-2746,-4200
351,-2660,-3983
278,-2585,-3790
207,-2515,-3626
147,-2454,-3488
94,-2391,-3349
49,-2317,-3220
12,-2247,-3111
-26,-2181,-3027
-65,-2136,-2975
-97,-2085,-2945
-120,-2039,-2942
-137,-2000,-2962
-153,-1970,-3004
-172,-1924,-3058
-190,-1861,-3093
-200,-1784,-3131
-214,-1707,-3176
-220,-1625,-3222
-237,-1552,-3293
-266,-1480,-3395
-304,-1433,-3556
-334,-1378,-3744
-359,-1318,-3924
-374,-1270,-4108
-375,-1218,-4302
-374,-1159,-4498
-378,-1098,-4688
-382,-1032,-4873
-380,-956,-5032
-376,-881,-5160
-363,-805,-5250
-346,-753,-5334
-327,-701,-5385
-297,-652,-5408
-262,-599,-5380
-226,-534,-5258
-194,-472,-5098
-155,-410,-4899
-128,-348,-4699
-102,-281,-4493
-82,-204,-4307
-62,-115,-4147
-52,-39,-3997
-44,45,-3851
-46,122,-3685
-55,198,-3512
-114,257,-3328
-193,318,-3158
-252,388,-3036
-285,453,-2958
-316,496,-2894
-440,452,-2804
-1960,-1246,-2011
-3536,-2820,-1526
-4663,-3964,-1595
-5176,-4441,-2076
-5246,-4478,-2801
-5128,-4401,-3668
-4953,-4312,-4596
-4746,-4132,-5444
-4495,-3820,-6103
-4237,-3373,-6571
-3999,-2861,-6844
-3768,-2305,-6882
-3537,-1768,-6677
-3284,-1278,-6359
-2991,-817,-5990
-2683,-372,-5667
-2354,75,-5382
-1994,529,-5095
-1627,973,-4823
-1292,1387,-4549
-1019,1678,-4267
-856,1772,-3990
-759,1752,-3735
-697,1688,-3496
-656,1603,-3296
-620,1525,-3120
-596,1464,-2961
-581,1416,-2834
-562,1364,-2737
-541,1309,-2676
-526,1273,-2618
-518,1252,-2638
-514,1254,-2706
-510,1269,-2806
-516,1300,-2913
-525,1328,-3035
-524,1356,-3172
-538,1412,-3355
-552,1517,-3639
-552,1641,-3936
-553,1748,-4183
-544,1869,-4467
-532,1986,-4693
-525,2087,-4915
-504,2173,-5073
-493,2257,-5184
-473,2347,-5301
-448,2424,-5388
-426,2478,-5428
-403,2511,-5439
-390,2550,-5428
-374,2597,-5461
-353,2622,-5479
-345,2653,-5510
-336,2691,-5561
-322,2701,-5597
-306,2704,-5606
-287,2718,-5640
-269,2711,-5677
-255,2709,-5714
-234,2685,-5763
-203,2672,-5844
-176,2639,-5883
-144,2592,-5918
-110,2537,-5946
-84,2509,-6021
-55,2493,-6124
-29,2438,-6157
2,2377,-6150
25,2346,-6129
53,2287,-6056
77,2241,-5943
96,2184,-5800
113,2127,-5676
115,2052,-5531
116,1975,-5390
103,1930,-5273
82,1902,-5166
61,1867,-5088
38,1840,-5037
15,1820,-4951
-5,1809,-4890
-35,1812,-4843
-59,1817,-4817
-85,1822,-4810
-109,1835,-4832
-131,1869,-4918
-156,1903,-5016
-186,1941,-5139
-198,1958,-5205
-207,1992,-5278
-211,2009,-5336
-209,2032,-5352
-192,2032,-5330
-177,2054,-5276
-157,2047,-5215
-132,2053,-5143
-107,2049,-5087
-71,2047,-5014
-42,2052,-4952
-11,2045,-4877
18,2043,-4795
46,2046,-4717
74,2036,-4617
100,2009,-4512
116,1989,-4430
131,1988,-4376
138,1992,-4354
144,2007,-4376
144,2020,-4392
143,2028,-4405
136,2038,-4408
132,2043,-4404
122,2039,-4378
112,2012,-4320
104,1977,-4258
102,1952,-4214
94,1939,-4191
89,1927,-4197
80,1914,-4217
71,1908,-4264
58,1902,-4336
41,1901,-4430
27,1899,-4542
15,1902,-4660
8,1899,-4774
3,1896,-4872
1,1890,-4957
-10,1871,-5021
-22,1849,-5062
-32,1822,-5086
-40,1801,-5103
-48,1779,-5110
-57,1751,-5109
-68,1718,-5104
-78,1686,-5103
-86,1652,-5119
-95,1622,-5154
-100,1594,-5206
-105,1570,-5270
-110,1554,-5349
-114,1536,-5432
-110,1534,-5520
-104,1541,-5615
-96,1550,-5713
-90,1560,-5809
-82,1564,-5889
-76,1559,-5958
-72,1548,-6025
-68,1532,-6074
-60,1507,-6093
-60,1473,-6092
-59,1439,-6084
-54,1401,-6110
-50,1361,-6173
-46,1317,-6274
-44,1279,-6382
-48,1236,-6494
-46,1183,-6600
-46,1126,-6689
-39,1077,-6776
-28,1003,-6799
-24,929,-6816
-38,836,-6799
-57,694,-6683
-74,538,-6552
-97,399,-6451
-116,286,-6385
-134,193,-6354
-147,121,-6333
-151,65,-6343
-149,31,-6365
-149,-4,-6376
-140,-48,-6385
-133,-102,-6372
-120,-160,-6339
-197,-216,-6266
-328,-274,-6123
-435,-298,-5893
-535,-295,-5615
-705,-258,-5383
-983,-197,-5174
-1325,-126,-4957
-1750,-106,-4715
-2128,-203,-4663
-2345,-341,-4704
-2430,-469,-4817
-2415,-584,-4902
-2326,-662,-4923
-2210,-707,-4971
-2183,-655,-4940
-2640,-235,-4595
-3250,321,-4070
-3313,524,-3840
-3187,516,-3778
-3223,430,-3693
-3339,278,-3605
-3414,43,-3545
-3386,-314,-3536
-3373,-798,-3541
-3623,-1558,-3692
-3292,-1947,-3931
-2400,-1904,-4109
-1596,-1775,-4289
-1007,-1648,-4425
-601,-1503,-4458
-345,-1319,-4320
-174,-1153,-4182
-60,-1003,-4052
21,-874,-3948
77,-751,-3856
110,-612,-3744
124,-464,-3627
134,-327,-3519
136,-214,-3440
123,-116,-3390
113,-24,-3370
98,69,-3349
78,179,-3349
53,304,-3362
32,419,-3359
21,520,-3347
13,616,-3361
3,706,-3407
-4,796,-3438
-5,883,-3474
-12,960,-3523
-7,1030,-3580
-5,1089,-3623
-2,1146,-3688
-1,1201,-3720
-2,1253,-3750
0,1301,-3746
2,1339,-3727
3,1372,-3693
-7,1399,-3630
-25,1411,-3565
-49,1426,-3492
-73,1431,-3414
-96,1429,-3330
-122,1416,-3235
-138,1409,-3210
-164,1405,-3231
-182,1404,-3174
-198,1391,-3113
-199,1391,-3055
-190,1395,-2973
-180,1405,-2934
-177,1426,-2929
-166,1440,-2946
-152,1460,-2957
-144,1479,-2972
-134,1501,-3010
-120,1521,-3045
-99,1538,-3064
-86,1554,-3081
-77,1557,-3072
-62,1549,-3043
-51,1535,-3001
-46,1524,-2945
-39,1494,-2867
-34,1456,-2780
-31,1418,-2699
-29,1380,-2607
-28,1337,-2516
-29,1284,-2426
-23,1237,-2337
-22,1199,-2273
-20,1187,-2243
-23,1174,-2235
-31,1160,-2224
-40,1144,-2222
-41,1134,-2207
-46,1117,-2180
-54,1112,-2180
-59,1114,-2211
-67,1113,-2247
-73,1118,-2284
-76,1135,-2329
-79,1135,-2357
-83,1127,-2374
-88,1125,-2390
-94,1118,-2413
-101,1133,-2459
-107,1145,-2508
-118,1153,-2577
-139,1174,-2669
-189,1216,-2792
-266,1267,-2954
-458,1299,-3104
-1307,1387,-3036
-2361,1565,-3033
-3365,1792,-3300
-4305,2059,-3847
-5303,2363,-4561
-6332,2667,-5313
-7312,2968,-6183
-8261,3196,-7011
-9120,3226,-7569
-9702,3062,-7891
-9887,2776,-8082
-9605,2445,-8124
-8885,2091,-8033
-7829,1741,-7883
-6658,1414,-7652
-5514,1128,-7320
-4442,871,-6941
-3499,648,-6501
-2705,445,-6012
-2069,258,-5521
-1579,81,-5007
-1211,-66,-4493
-934,-175,-4027
-731,-269,-3618
-581,-340,-3287
-476,-386,-3029
-410,-412,-2828
-356,-432,-2676
-324,-435,-2590
-291,-433,-2534
-262,-426,-2507
-236,-415,-2512
-212,-412,-2550
-191,-421,-2619
-165,-455,-2731
-135,-512,-2885
-94,-590,-3085
-53,-686,-3326
-13,-798,-3613
33,-922,-3917
80,-1065,-4225
125,-1187,-4487
157,-1303,-4709
187,-1409,-4868
210,-1508,-4967
231,-1577,-4981
246,-1633,-4938
260,-1670,-4889
273,-1704,-4844
270,-1709,-4772
261,-1709,-4666
243,-1701,-4530
221,-1704,-4395
36,-1654,-4178
-428,-1523,-3830
-954,-1392,-3519
-1441,-1328,-3362
-1847,-1361,-3414
-2135,-1486,-3663
-2282,-1687,-4069
-2289,-1962,-4658
-2233,-2283,-5269
-2210,-2556,-5750
-2248,-2733,-6025
-2350,-2863,-6168
-2512,-2975,-6203
-2749,-3055,-6072
-3004,-3148,-5891
-3223,-3284,-5768
-3325,-3465,-5766
-3347,-3606,-5788
-3278,-3751,-5896
-3166,-3882,-6079
-3020,-4027,-6324
-2891,-4153,-6559
-2791,-4254,-6748
-2729,-4269,-6803
-2664,-4224,-6733
-2582,-4112,-6547
-2435,-3937,-6264
-2246,-3725,-5894
-2019,-3493,-5490
-1763,-3257,-5082
-1506,-3021,-4662
-1245,-2784,-4259
-994,-2547,-3871
-763,-2312,-3494
-560,-2107,-3155
-398,-1938,-2888
-254,-1805,-2692
-152,-1718,-2574
-83,-1661,-2520
-40,-1628,-2508
7,-1628,-2551
46,-1639,-2615
81,-1654,-2695
114,-1688,-2808
149,-1748,-2945
190,-1803,-3093
230,-1870,-3248
269,-1954,-3443
313,-2039,-3638
348,-2124,-3851
401,-2227,-4082
435,-2303,-4283
468,-2369,-4468
507,-2427,-4640
532,-2471,-4772
553,-2496,-4849
557,-2485,-4846
558,-2449,-4781
555,-2405,-4664
546,-2339,-4501
542,-2278,-4349
543,-2214,-4201
543,-2158,-4049
544,-2121,-3923
547,-2099,-3825
545,-2085,-3734
541,-2072,-3639
533,-2072,-3557
522,-2079,-3499
511,-2086,-3448
494,-2087,-3387
485,-2091,-3336
462,-2093,-3282
443,-2088,-3224
425,-2086,-3170
412,-2083,-3120
403,-2076,-3073
390,-2058,-3008
376,-2032,-2938
359,-2002,-2874
348,-1965,-2803
334,-1918,-2718
318,-1870,-2642
309,-1831,-2587
298,-1801,-2543
289,-1761,-2488
273,-1700,-2413
260,-1645,-2344
258,-1628,-2331
286,-1697,-2439
323,-1771,-2577
368,-1841,-2704
410,-1906,-2818
446,-1957,-2889
458,-1992,-2906
448,-2005,-2874
428,-1999,-2823
401,-1976,-2745
360,-1934,-2633
315,-1871,-2492
266,-1791,-2321
192,-1718,-2156
127,-1658,-1994
47,-1611,-1836
-51,-1581,-1690
-146,-1529,-1539
-228,-1482,-1409
-309,-1441,-1291
-398,-1405,-1168
-493,-1375,-1050
-598,-1368,-940
-710,-1394,-871
-815,-1449,-852
-914,-1544,-857
-985,-1648,-897
-1024,-1746,-964
-1061,-1865,-1049
-1115,-2011,-1150
-1318,-2301,-1286
-1744,-2846,-1531
-2210,-3417,-1761
-2614,-3841,-1847
-2904,-4203,-1793
-3009,-4529,-1633
-2935,-4696,-1489
-2686,-4663,-1504
-2317,-4398,-1701
-1930,-4036,-2043
-1558,-3681,-2445
-1183,-3361,-2841
-817,-3090,-3193
-493,-2864,-3485
-234,-2670,-3695
-42,-2502,-3815
41,-2352,-3795
45,-2206,-3644
-20,-2006,-3296
-80,-1887,-3070
-102,-1861,-3033
-121,-1875,-3059
-171,-1906,-3077
-232,-1963,-3146
-269,-2038,-3288
-291,-2127,-3508
-314,-2218,-3739
-344,-2295,-3948
-377,-2386,-4181
-437,-2463,-4375
-517,-2515,-4519
-616,-2549,-4657
-710,-2561,-4763
-803,-2539,-4861
-910,-2490,-4936
-1018,-2414,-4992
-1172,-2382,-5008
-1389,-2390,-4971
-1659,-2424,-4875
-1920,-2459,-4709
-2160,-2468,-4468
-2351,-2441,-4229
-2471,-2390,-3991
-2540,-2324,-3754
-2561,-2246,-3557
-2545,-2141,-3404
-2486,-1990,-3271
-2387,-1811,-3142
-2268,-1630,-3053
-2149,-1455,-3065
-2012,-1296,-3147
-1868,-1134,-3273
-1707,-980,-3454
-1548,-823,-3641
-1398,-664,-3866
-1261,-505,-4051
-1160,-343,-4166
-1076,-206,-4225
-1016,-102,-4302
-983,-28,-4323
-970,35,-4327
-974,85,-4309
-980,125,-4297
-1021,161,-4299
-1093,208,-4313
-1206,262,-4299
-1297,278,-4210
-1410,269,-4079
-1542,239,-3944
-1690,198,-3842
-1869,141,-3741
-2069,73,-3673
-2278,13,-3631
-2477,-53,-3579
-2657,-103,-3532
-2821,-127,-3558
-2945,-119,-3613
-3017,-94,-3651
-3009,-57,-3602
-2949,-4,-3479
-2856,97,-3483
-2739,226,-3515
-2603,377,-3570
-2453,510,-3593
-2266,619,-3572
-2090,699,-3545
-1945,789,-3649
-1793,811,-3617
-1679,836,-3650
-1585,833,-3660
-1507,808,-3683
-1457,740,-3742
-1427,638,-3820
-1414,507,-3873
-1418,383,-3854
-1432,260,-3793
-1456,140,-3741
-1492,29,-3705
-1548,-103,-3756
-1617,-245,-3846
-1696,-371,-3936
-1776,-474,-4046
-1857,-579,-4169
-1937,-677,-4300
-1992,-744,-4457
-2021,-801,-4597
-2024,-850,-4717
-2002,-880,-4802
-1955,-897,-4845
-1894,-907,-4819
-1803,-883,-4755
-1692,-865,-4654
-1568,-850,-4557
-1454,-832,-4456
-1347,-797,-4302
-1240,-758,-4156
-1145,-720,-4022
-1060,-686,-3903
-988,-644,-3799
-930,-601,-3722
-884,-564,-3684
-849,-525,-3661
-834,-497,-3666
-848,-476,-3696
-882,-454,-3736
-942,-436,-3768
-1020,-426,-3814
-1117,-425,-3874
-1228,-442,-3936
-1361,-466,-3991
-1502,-500,-4044
-1638,-538,-4087
-1770,-576,-4121
-1883,-605,-4161
-1987,-623,-4181
-2071,-633,-4206
-2131,-631,-4229
-2172,-625,-4233
-2198,-616,-4241
-2199,-596,-4238
-2177,-573,-4228
-2140,-544,-4212
-2095,-509,-4186
-2034,-484,-4149
-1963,-470,-4113
-1888,-468,-4077
-1802,-483,-4039
-1708,-510,-3998
-1618,-545,-3969
-1537,-575,-3934
-1472,-598,-3906
-1417,-620,-3890
-1374,-633,-3870
-1332,-645,-3843
-1305,-650,-3822
-1279,-661,-3792
-1269,-667,-3764
-1264,-679,-3739
-1267,-687,-3716
-1282,-695,-3700
-1303,-703,-3688
-1329,-711,-3694
-1356,-719,-3709
-1391,-724,-3741
-1439,-730,-3779
-1489,-736,-3815
-1551,-738,-3840
-1619,-731,-3863
-1692,-717,-3871
-1758,-697,-3884
-1825,-680,-3907
-1884,-659,-3931
-1934,-640,-3955
-1971,-616,-3994
-1999,-585,-4032
-2017,-558,-4054
-2029,-534,-4069
-2034,-502,-4077
-2028,-473,-4070
-2018,-445,-4057
-2001,-420,-4029
-1990,-394,-4009
-1967,-377,-3992
-1940,-349,-3959
-1915,-333,-3938
-1890,-318,-3907
-1868,-305,-3876
-1851,-295,-3861
-1836,-296,-3848
-1823,-306,-3835
-1819,-320,-3832
-1817,-339,-3834
-1817,-365,-3833
-1820,-398,-3836
-1818,-435,-3842
-1816,-477,-3847
-1815,-516,-3850
-1815,-553,-3853
-1801,-585,-3860
-1791,-610,-3863
-1778,-635,-3864
-1765,-656,-3865
-1749,-663,-3866
-1731,-664,-3867
-1712,-663,-3863
-1693,-657,-3867
-1673,-655,-3883
-1655,-647,-3908
-1636,-638,-3940
-1623,-634,-3983
-1608,-630,-4049
-1594,-628,-4137
-1589,-632,-4268
-1582,-637,-4426
-1578,-646,-4615
-1579,-659,-4825
-1584,-676,-5026
-1602,-708,-5214
-1630,-751,-5359
-1665,-803,-5454
-1720,-865,-5469
-1773,-933,-5417
-1826,-999,-5301
-1856,-1067,-5169
-1863,-1122,-5043
-1845,-1153,-4939
-1793,-1169,-4889
-1717,-1177,-4899
-1625,-1174,-4959
-1515,-1167,-5034
-1387,-1163,-5126
-1258,-1163,-5204
-1132,-1173,-5252
-1010,-1190,-5263
-897,-1196,-5222
-810,-1196,-5130
-741,-1194,-5016
-689,-1193,-4858
-643,-1207,-4658
-621,-1213,-4432
-610,-1214,-4231
-604,-1219,-4028
-611,-1217,-3835
-625,-1216,-3663
-640,-1215,-3505
-654,-1221,-3377
-674,-1228,-3261
-688,-1237,-3169
-692,-1244,-3100
-681,-1257,-3050
-664,-1261,-3016
-635,-1256,-2996
-601,-1251,-2977
-557,-1239,-2974
-500,-1229,-2990
-434,-1213,-3009
-365,-1216,-3047
-297,-1209,-3078
-236,-1212,-3118
-182,-1216,-3146
-134,-1225,-3166
-96,-1233,-3185
-72,-1247,-3197
-49,-1260,-3215
-36,-1277,-3251
-25,-1309,-3304
-17,-1368,-3406
-5,-1432,-3527
8,-1488,-3641
19,-1535,-3746
14,-1595,-3857
6,-1668,-3963
-11,-1761,-4066
-34,-1861,-4162
-72,-1957,-4245
-116,-2039,-4291
-164,-2124,-4311
-220,-2188,-4279
-284,-2266,-4223
-364,-2358,-4154
-456,-2482,-4120
-564,-2627,-4121
-653,-2747,-4118
-698,-2836,-4155
-686,-2896,-4190
-651,-2900,-4207
-583,-2891,-4233
-515,-2856,-4236
-458,-2784,-4191
-399,-2693,-4121
-344,-2603,-4036
-294,-2531,-3954
-251,-2466,-3877
-222,-2417,-3810
-192,-2379,-3746
-176,-2353,-3680
-171,-2331,-3614
-186,-2316,-3540
-211,-2319,-3485
-235,-2318,-3418
-269,-2312,-3343
-308,-2298,-3263
-339,-2291,-3197
-368,-2290,-3152
-391,-2292,-3109
-418,-2288,-3068
-433,-2288,-3034
-443,-2290,-3010
-451,-2293,-2988
-470,-2294,-2958
-489,-2295,-2929
-502,-2293,-2906
-521,-2303,-2882
-543,-2312,-2869
-568,-2332,-2866
-596,-2364,-2874
-621,-2402,-2900
-645,-2438,-2935
-659,-2475,-2976
-663,-2509,-3025
-663,-2543,-3084
-659,-2572,-3150
-653,-2596,-3222
-642,-2623,-3289
-634,-2643,-3349
-629,-2654,-3390
-624,-2657,-3420
-616,-2652,-3438
-610,-2646,-3448
-599,-2638,-3456
-590,-2633,-3461
-585,-2623,-3468
-580,-2619,-3472
-580,-2614,-3483
-581,-2611,-3489
-582,-2615,-3497
-591,-2622,-3514
-601,-2630,-3531
-608,-2640,-3544
-618,-2655,-3557
-627,-2678,-3581
-629,-2702,-3605
-635,-2722,-3627
-633,-2734,-3632
-626,-2739,-3624
-619,-2740,-3608
-607,-2736,-3590
-594,-2732,-3581
-562,-2719,-3574
-531,-2701,-3559
-498,-2682,-3534
-463,-2657,-3509
-427,-2631,-3488
-394,-2604,-3477
-360,-2579,-3477
-317,-2555,-3490
-279,-2528,-3503
-235,-2502,-3528
-199,-2488,-3564
-168,-2494,-3609
-146,-2519,-3675
-142,-2564,-3746
-162,-2629,-3829
-200,-2716,-3912
-265,-2825,-3993
-346,-2960,-4078
-447,-3121,-4181
-563,-3307,-4313
-692,-3522,-4474
-844,-3765,-4663
-1009,-3960,-4798
-1147,-4190,-4988
-1232,-4423,-5241
-1293,-4596,-5476
-1311,-4697,-5653
-1287,-4691,-5733
-1226,-4581,-5685
-1129,-4382,-5544
-1003,-4142,-5342
-861,-3880,-5116
-703,-3588,-4878
-529,-3294,-4645
-365,-3015,-4440
-213,-2763,-4264
-98,-2548,-4108
-11,-2360,-3953
44,-2200,-3803
69,-2071,-3654
65,-1969,-3508
37,-1892,-3366
-3,-1834,-3238
-63,-1783,-3111
-115,-1744,-2991
-166,-1699,-2899
-222,-1662,-2823
-288,-1634,-2736
-355,-1608,-2668
-415,-1583,-2610
-465,-1559,-2567
-507,-1535,-2531
-544,-1501,-2499
-563,-1455,-2474
-575,-1416,-2454
-578,-1368,-2442
-574,-1317,-2441
-559,-1263,-2449
-535,-1197,-2478
-498,-1134,-2531
-451,-1075,-2619
-399,-1016,-2742
-345,-963,-2895
-293,-905,-3064
-252,-847,-3264
-211,-794,-3481
-191,-736,-3693
-179,-658,-3894
-173,-592,-4078
-178,-525,-4244
-205,-470,-4400
-245,-418,-4507
-309,-360,-4576
-375,-300,-4627
-448,-255,-4668
-533,-208,-4704
-626,-160,-4689
-725,-124,-4657
-841,-96,-4647
-967,-82,-4658
-1092,-95,-4610
-1235,-113,-4563
-1411,-140,-4545
-1579,-195,-4526
-1761,-252,-4531
-1931,-314,-4575
-2105,-353,-4658
-2257,-403,-4716
-2401,-432,-4819
-2511,-457,-4927
-2581,-464,-4982
-2599,-480,-4929
-2583,-495,-4820
-2540,-519,-4700
-2478,-546,-4560
-2399,-577,-4410
-2322,-609,-4248
-2246,-647,-4083
-2166,-685,-3942
-2096,-727,-3824
-2021,-769,-3701
-1945,-808,-3619
-1863,-856,-3562
-1776,-892,-3522
-1678,-921,-3501
-1573,-949,-3501
-1467,-985,-3469
-1351,-995,-3462
-1239,-979,-3455
-1144,-961,-3420
-1062,-952,-3401
-990,-949,-3399
-927,-952,-3401
-867,-969,-3408
-827,-993,-3422
-796,-1021,-3436
-778,-1056,-3443
-773,-1099,-3441
-794,-1144,-3433
-822,-1196,-3413
-871,-1242,-3404
-931,-1298,-3402
-1003,-1365,-3409
-1088,-1433,-3437
-1176,-1510,-3470
-1262,-1598,-3511
-1352,-1679,-3565
-1441,-1758,-3620
-1519,-1823,-3667
-1583,-1882,-3710
-1631,-1934,-3757
-1668,-1971,-3789
-1690,-1993,-3809
-1693,-1987,-3819
-1670,-1976,-3830
-1636,-1946,-3834
-1593,-1911,-3850
-1543,-1872,-3858
-1488,-1825,-3869
-1431,-1771,-3880
-1379,-1715,-3902
-1333,-1666,-3922
-1297,-1613,-3937
-1270,-1565,-3944
-1261,-1525,-3940
-1255,-1497,-3924
-1264,-1474,-3898
-1288,-1467,-3859
-1321,-1468,-3818
-1364,-1475,-3783
-1409,-1484,-3760
-1456,-1492,-3750
-1500,-1502,-3750
-1547,-1511,-3759
-1589,-1519,-3770
-1630,-1522,-3791
-1658,-1517,-3817
-1676,-1508,-3838
-1677,-1499,-3855
-1678,-1474,-3864
-1673,-1448,-3870
-1660,-1424,-3867
-1648,-1394,-3875
-1636,-1365,-3877
-1631,-1333,-3882
-1623,-1300,-3887
-1623,-1273,-3895
-1632,-1246,-3894
-1647,-1222,-3904
-1678,-1207,-3924
-1711,-1198,-3936
-1763,-1202,-3958
-1824,-1211,-3993
-1899,-1232,-4038
-1980,-1265,-4115
-2061,-1305,-4250
-2136,-1357,-4471
-2200,-1431,-4794
-2269,-1517,-5180
-2343,-1610,-5590
-2409,-1711,-5973
-2454,-1813,-6300
-2475,-1908,-6547
-2476,-1972,-6630
-2456,-1972,-6513
-2405,-1927,-6229
-2329,-1850,-5834
-2223,-1756,-5417
-2092,-1674,-5056
-1950,-1589,-4755
-1790,-1519,-4555
-1621,-1469,-4447
-1455,-1442,-4453
-1300,-1426,-4553
-1160,-1402,-4661
-1045,-1364,-4714
-944,-1335,-4683
-856,-1312,-4587
-775,-1290,-4445
-690,-1284,-4296
-608,-1272,-4149
-532,-1266,-4014
-466,-1264,-3895
-405,-1268,-3785
-351,-1262,-3673
-305,-1252,-3544
-260,-1239,-3415
-223,-1218,-3288
-190,-1189,-3156
-157,-1164,-3020
-134,-1141,-2887
-107,-1114,-2776
-87,-1091,-2687
-66,-1071,-2612
-46,-1053,-2551
-30,-1041,-2510
-13,-1035,-2495
14,-1033,-2494
45,-1033,-2518
81,-1046,-2556
119,-1065,-2612
155,-1094,-2699
200,-1136,-2800
242,-1197,-2911
279,-1267,-3023
314,-1326,-3119
344,-1380,-3204
364,-1439,-3278
371,-1512,-3350
385,-1593,-3426
385,-1661,-3483
368,-1719,-3536
346,-1774,-3564
311,-1828,-3586
259,-1878,-3584
183,-1920,-3551
83,-2003,-3521
-33,-2125,-3534
-153,-2267,-3565
-271,-2409,-3613
-371,-2536,-3670
-437,-2661,-3743
-477,-2777,-3819
-495,-2880,-3901
-505,-2950,-3954
-514,-3006,-4007
-528,-3035,-4051
-534,-3042,-4097
-533,-3054,-4169
-533,-3064,-4280
-528,-3065,-4398
-526,-3054,-4486
-504,-3043,-4578
-475,-3003,-4610
-452,-2938,-4580
-430,-2851,-4498
-406,-2765,-4388
-385,-2668,-4248
-361,-2569,-4120
-334,-2487,-4003
-304,-2414,-3909
-262,-2346,-3830
-231,-2279,-3737
-207,-2207,-3634
-187,-2136,-3529
-163,-2082,-3447
-134,-2034,-3388
-103,-1995,-3325
-78,-1963,-3269
-58,-1936,-3223
-44,-1910,-3169
-25,-1883,-3119
-17,-1863,-3078
-12,-1842,-3033
-12,-1827,-2978
-25,-1821,-2916
-38,-1817,-2853
-54,-1812,-2795
-67,-1814,-2742
-82,-1822,-2698
-103,-1842,-2668
-122,-1867,-2649
-143,-1911,-2651
-169,-1976,-2682
-198,-2052,-2720
-231,-2157,-2781
-269,-2288,-2865
-309,-2469,-2981
-345,-2688,-3113
-369,-2941,-3251
-368,-3213,-3389
-346,-3485,-3534
-300,-3738,-3667
-222,-3964,-3786
-122,-4146,-3877
-6,-4258,-3944
122,-4298,-3969
251,-4280,-3964
380,-4219,-3939
503,-4120,-3901
609,-3991,-3851
695,-3843,-3788
767,-3683,-3720
827,-3533,-3654
877,-3386,-3583
911,-3249,-3514
937,-3121,-3455
955,-3006,-3396
963,-2913,-3344
962,-2839,-3298
957,-2778,-3258
946,-2727,-3218
928,-2679,-3173
900,-2634,-3122
868,-2590,-3066
837,-2544,-3015
807,-2504,-2976
776,-2471,-2945
741,-2449,-2915
709,-2433,-2893
680,-2437,-2892
651,-2460,-2900
620,-2513,-2927
591,-2588,-2958
556,-2691,-2997
513,-2809,-3031
455,-2950,-3064
386,-3107,-3087
306,-3281,-3117
209,-3461,-3132
96,-3648,-3154
-40,-3832,-3187
-193,-3985,-3213
-343,-4115,-3237
-482,-4200,-3284
-578,-4243,-3365
-627,-4231,-3501
-648,-4206,-3694
-634,-4157,-3911
-596,-4106,-4168
-528,-4044,-4443
-453,-3977,-4727
-386,-3915,-4993
-344,-3857,-5234
-315,-3790,-5409
-318,-3729,-5490
-344,-3650,-5473
-374,-3547,-5375
-410,-3417,-5197
-441,-3280,-4999
-462,-3143,-4797
-478,-3009,-4615
-468,-2863,-4456
-393,-2649,-4291
-304,-2430,-4161
-225,-2265,-4101
-182,-2182,-4095
-134,-2136,-4108
-95,-2096,-4111
-65,-2043,-4082
-44,-1974,-4009
-32,-1890,-3883
-25,-1800,-3734
-21,-1709,-3581
-21,-1618,-3418
-20,-1528,-3265
-15,-1448,-3117
-14,-1371,-2983
-14,-1304,-2863
-15,-1240,-2753
-12,-1187,-2663
-4,-1140,-2583
3,-1101,-2516
5,-1069,-2474
3,-1044,-2452
4,-1032,-2455
-3,-1031,-2492
-17,-1043,-2557
-29,-1063,-2643
-43,-1085,-2757
-56,-1111,-2894
-65,-1145,-3049
-72,-1176,-3209
-84,-1208,-3377
-88,-1236,-3548
-95,-1259,-3705
-109,-1271,-3848
-130,-1275,-3948
-157,-1273,-4020
-181,-1267,-4067
-204,-1261,-4098
-234,-1258,-4116
-278,-1259,-4121
-341,-1271,-4129
-435,-1296,-4128
-549,-1330,-4133
-678,-1375,-4150
-809,-1437,-4187
-942,-1501,-4243
-1067,-1569,-4287
-1184,-1658,-4367
-1296,-1764,-4446
-1392,-1872,-4542
-1458,-1955,-4639
-1488,-2012,-4737
-1492,-2033,-4838
-1459,-2015,-4922
-1396,-1960,-4946
-1296,-1883,-4891
-1181,-1795,-4759
-1051,-1706,-4592
-924,-1637,-4422
-808,-1585,-4252
-720,-1544,-4092
-642,-1512,-3944
-580,-1494,-3804
-534,-1491,-3701
-512,-1508,-3615
-511,-1530,-3544
-524,-1566,-3474
-549,-1604,-3425
-591,-1645,-3387
-636,-1681,-3328
-679,-1723,-3297
-727,-1773,-3287
-774,-1820,-3288
-805,-1869,-3292
-831,-1914,-3298
-842,-1948,-3309
-849,-1971,-3322
-849,-1987,-3323
-846,-1992,-3307
-840,-1990,-3287
-840,-1985,-3251
-847,-1964,-3182
-845,-1923,-3090
-831,-1892,-3031
-818,-1870,-2997
-812,-1823,-2931
-816,-1778,-2871
-803,-1760,-2893
-788,-1765,-2959
-762,-1799,-3070
-736,-1835,-3182
-713,-1877,-3312
-696,-1914,-3417
-688,-1939,-3486
-684,-1961,-3545
-682,-1989,-3587
-688,-2005,-3603
-698,-2012,-3602
-706,-2018,-3597
-707,-2016,-3589
-713,-2011,-3569
-718,-1999,-3553
-716,-2000,-3555
-715,-1997,-3552
-714,-2004,-3567
-711,-2015,-3593
-706,-2026,-3637
-696,-2048,-3695
-687,-2072,-3753
-677,-2095,-3808
-668,-2119,-3849
-663,-2144,-3885
-654,-2154,-3908
-644,-2164,-3921
-627,-2167,-3932
-608,-2175,-3945
-585,-2173,-3950
-565,-2171,-3951
-537,-2164,-3949
-515,-2170,-3947
-487,-2165,-3940
-458,-2164,-3926
-432,-2165,-3915
-408,-2163,-3898
-393,-2170,-3886
-383,-2190,-3875
-376,-2213,-3859
-377,-2255,-3857
-391,-2309,-3865
-410,-2374,-3881
-442,-2464,-3915
-490,-2567,-3947
-529,-2678,-3991
-568,-2803,-4041
-599,-2942,-4103
-614,-3100,-4160
-598,-3267,-4221
-550,-3431,-4301
-474,-3571,-4424
-373,-3685,-4598
-236,-3773,-4818
-81,-3817,-5065
73,-3815,-5296
222,-3755,-5475
350,-3643,-5571
431,-3487,-5554
462,-3293,-5413
455,-3078,-5160
421,-2845,-4828
371,-2611,-4471
327,-2401,-4149
308,-2226,-3920
307,-2101,-3808
324,-2006,-3784
343,-1933,-3819
355,-1883,-3889
358,-1837,-3968
352,-1804,-4044
330,-1774,-4109
289,-1754,-4157
244,-1729,-4177
192,-1703,-4176
151,-1669,-4145
116,-1622,-4095
94,-1564,-4038
94,-1500,-3965
105,-1433,-3888
108,-1366,-3802
110,-1300,-3711
109,-1248,-3620
108,-1198,-3522
107,-1144,-3434
110,-1099,-3354
120,-1062,-3297
138,-1036,-3262
157,-1014,-3250
184,-1002,-3258
217,-996,-3277
256,-998,-3325
297,-1011,-3390
336,-1037,-3465
379,-1067,-3554
423,-1100,-3641
465,-1136,-3726
503,-1170,-3806
540,-1203,-3891
573,-1226,-3964
602,-1240,-4018
618,-1254,-4061
626,-1271,-4101
627,-1293,-4138
626,-1323,-4176
630,-1349,-4217
641,-1371,-4249
636,-1398,-4274
637,-1417,-4293
647,-1434,-4313
634,-1471,-4313
607,-1530,-4314
567,-1605,-4318
528,-1683,-4321
506,-1747,-4320
483,-1783,-4285
460,-1792,-4217
433,-1804,-4154
375,-1811,-4063
321,-1818,-3969
251,-1849,-3895
168,-1887,-3826
77,-1933,-3758
-4,-1979,-3723
-90,-2016,-3689
-165,-2029,-3617
-210,-2042,-3594
-224,-2050,-3607
-220,-2051,-3640
-203,-2048,-3672
-176,-2040,-3699
-146,-2025,-3726
-107,-2010,-3758
-79,-1990,-3760
-50,-1964,-3751
-34,-1933,-3712
-27,-1899,-3655
-21,-1870,-3598
-17,-1838,-3527
-19,-1811,-3471
-25,-1786,-3429
-35,-1778,-3413
-42,-1785,-3416
-46,-1803,-3433
-47,-1816,-3455
-30,-1801,-3470
-14,-1783,-3473
-5,-1775,-3472
-6,-1785,-3483
-13,-1811,-3493
-16,-1831,-3497
-7,-1843,-3509
-4,-1838,-3521
0,-1820,-3541
7,-1803,-3562
13,-1801,-3581
16,-1804,-3591
33,-1806,-3603
55,-1814,-3610
77,-1817,-3619
104,-1827,-3622
135,-1838,-3630
161,-1858,-3648
185,-1882,-3691
210,-1914,-3734
239,-1947,-3777
267,-1979,-3819
275,-2014,-3860
272,-2058,-3912
270,-2095,-3958
271,-2125,-3987
270,-2161,-4035
306,-2215,-4070
358,-2281,-4084
392,-2349,-4074
396,-2400,-4041
365,-2443,-3993
312,-2468,-3937
246,-2489,-3908
176,-2494,-3910
95,-2439,-3953
22,-2240,-4080
21,-2160,-4169
-56,-2213,-4183
-205,-2245,-4167
-324,-2211,-4164
-380,-2125,-4181
-301,-2040,-4194
-273,-1936,-4222
-262,-1860,-4240
-205,-1850,-4191
153,-1949,-3897
682,-2166,-3331
1029,-2483,-3116
1033,-2753,-3411
896,-2979,-3782
722,-3175,-4018
572,-3325,-4133
418,-3398,-4233
277,-3388,-4397
153,-3329,-4600
41,-3232,-4790
-77,-3152,-4884
-168,-3096,-4865
-227,-3034,-4814
-234,-2960,-4781
-92,-2857,-4802
-37,-2794,-4880
-7,-2774,-4931
-22,-2761,-4963
-44,-2730,-4951
-69,-2688,-4888
-93,-2612,-4796
-148,-2515,-4673
-147,-2385,-4540
-151,-2283,-4441
-152,-2183,-4354
-107,-2071,-4248
-19,-1981,-4252
48,-1826,-4150
138,-1725,-4054
183,-1645,-4008
192,-1560,-3951
175,-1461,-3888
145,-1416,-3876
55,-1333,-3747
-45,-1188,-3503
-96,-1041,-3280
-90,-913,-3148
-76,-848,-3107
-69,-819,-3129
-80,-829,-3181
-90,-905,-3283
-157,-961,-3510
-332,-945,-3805
-755,-950,-4473
-1252,-916,-5296
-1448,-713,-5497
-1171,-487,-4960
-900,-493,-4401
-840,-584,-4033
-709,-666,-3765
-435,-762,-3424
-150,-856,-3207
52,-913,-3157
187,-938,-3083
335,-945,-3104
512,-904,-3204
675,-794,-3270
853,-676,-3293
996,-540,-3330
1011,-405,-3426
958,-217,-3554
916,-24,-3787
1166,-15,-3872
1379,0,-3925
1610,-39,-4135
1912,-101,-4430
2246,-207,-4655
2512,-257,-4822
2737,-290,-4941
2846,-269,-5063
2813,-220,-5101
2635,-130,-5041
2413,-27,-4928
2208,90,-4751
2041,221,-4588
1874,302,-4419
1760,333,-4274
1674,325,-4143
1673,264,-4123
1673,164,-4101
1706,29,-4044
1729,-163,-3886
1719,-389,-3681
1740,-664,-3478
1804,-915,-3274
1877,-1108,-3060
1922,-1294,-2869
1892,-1439,-2674
1840,-1542,-2500
1806,-1611,-2380
1757,-1675,-2289
1699,-1772,-2235
1623,-1856,-2231
1545,-1886,-2242
1482,-1849,-2259
1408,-1763,-2250
1342,-1652,-2246
1289,-1525,-2246
1238,-1407,-2263
1193,-1319,-2298
1163,-1250,-2365
1146,-1201,-2448
1143,-1161,-2564
1151,-1138,-2704
1169,-1125,-2828
1203,-1107,-2921
1229,-1069,-2949
1280,-1025,-2971
1365,-964,-2997
1426,-866,-2955
1484,-776,-2848
1561,-712,-2681
1560,-779,-2565
1687,-853,-2577
2084,-829,-2580
2295,-930,-2686
2237,-1179,-2956
2015,-1449,-3361
1729,-1658,-3812
1297,-1741,-4155
796,-1759,-4518
443,-1733,-4865
346,-1694,-5228
365,-1669,-5486
493,-1639,-5575
784,-1596,-5584
1136,-1556,-5548
1445,-1503,-5397
1632,-1426,-5280
1715,-1267,-5143
1848,-1064,-5066
1952,-894,-4923
1976,-793,-4700
2059,-697,-4509
2141,-671,-4333
2186,-663,-4121
2106,-682,-3882
2038,-652,-3860
1961,-680,-3988
1836,-756,-4176
1621,-884,-4339
1416,-986,-4473
1320,-1065,-4551
1304,-1104,-4604
1395,-1100,-4600
1512,-1067,-4644
1643,-977,-4632
1862,-861,-4533
2139,-705,-4342
2393,-574,-4132
2584,-450,-3990
2796,-358,-3889
2920,-278,-3703
2969,-233,-3537
3031,-285,-3462
3135,-396,-3381
3239,-458,-3254
3252,-508,-3144
3264,-591,-3067
3196,-715,-3008
3296,-897,-3018
3369,-1039,-2938
3411,-1065,-2802
3393,-1024,-2684
3405,-942,-2632
3454,-851,-2677
3615,-829,-2834
3832,-836,-3028
4016,-919,-3246
4144,-1048,-3515
4221,-1102,-3668
4242,-1125,-3724
4231,-1158,-3744
4164,-1169,-3668
4064,-1163,-3505
3794,-1142,-3465
3588,-1102,-3436
3506,-1024,-3364
3468,-970,-3318
3422,-959,-3259
3369,-964,-3187
3323,-939,-3118
3271,-877,-2969
3284,-787,-2804
3257,-770,-2715
3157,-761,-2636
3085,-701,-2555
3004,-629,-2449
2903,-579,-2367
2825,-556,-2296
2770,-548,-2192
2741,-534,-2088
2662,-543,-2004
2543,-544,-1927
2438,-558,-1865
2350,-551,-1811
2274,-521,-1753
2204,-502,-1720
2139,-507,-1698
2103,-525,-1695
2084,-561,-1685
2094,-630,-1674
2139,-708,-1650
2200,-784,-1606
2312,-836,-1540
2541,-825,-1472
2963,-704,-1350
2944,-624,-1425
2749,-687,-1615
2540,-770,-1839
2444,-818,-1987
2501,-824,-2095
2650,-821,-2192
2940,-784,-2158
3352,-819,-1997
3640,-931,-1939
3657,-979,-2021
3523,-943,-2201
3447,-828,-2371
3463,-774,-2467
3544,-847,-2545
3686,-951,-2635
3762,-1163,-3041
3842,-1324,-3397
3950,-1411,-3603
4018,-1484,-3744
4043,-1513,-3821
4008,-1485,-3826
3933,-1408,-3761
3813,-1287,-3650
3712,-1107,-3486
3660,-896,-3308
3646,-692,-3113
3637,-523,-2910
3619,-378,-2715
3575,-259,-2528
3529,-174,-2359
3479,-138,-2211
3430,-143,-2088
3367,-184,-2009
3310,-239,-1988
3245,-403,-2173
3197,-630,-2493
3198,-889,-2797
3167,-1120,-3026
3084,-1287,-3195
2986,-1415,-3298
2891,-1470,-3301
2770,-1451,-3218
2645,-1348,-3058
2540,-1196,-2858
2496,-1031,-2592
2532,-875,-2317
2600,-744,-2131
2669,-634,-2009
2759,-515,-1895
2996,-458,-1666
3174,-393,-1503
3298,-297,-1344
3370,-181,-1160
3292,-77,-1053
3137,28,-990
2970,145,-1003
2873,160,-1220
2836,90,-1548
2821,-43,-1888
2823,-220,-2170
2852,-410,-2373
2911,-592,-2551
2898,-741,-2769
2856,-884,-3010
2907,-1110,-3109
2990,-1269,-3169
3152,-1359,-3160
3352,-1407,-3090
3518,-1413,-3003
3597,-1372,-2908
3587,-1274,-2794
3529,-1152,-2668
3442,-1006,-2535
3332,-848,-2425
3226,-734,-2367
3165,-639,-2402
3136,-570,-2468
3093,-529,-2494
3075,-540,-2504
3063,-598,-2545
3054,-685,-2577
3070,-740,-2650
3092,-745,-2732
3121,-709,-2796
3157,-676,-2856
3146,-642,-2901
3143,-667,-2977
3173,-752,-3062
3194,-851,-3117
3198,-911,-3133
3199,-936,-3126
3187,-924,-3091
3169,-876,-3062
3146,-808,-3017
3112,-754,-2969
3099,-703,-2962
3082,-650,-2948
3058,-612,-2943
3068,-596,-2955
3055,-568,-2983
3047,-540,-3015
3047,-535,-3057
3146,-655,-3107
3113,-600,-3158
3116,-594,-3205
3192,-639,-3283
3401,-736,-3346
3467,-833,-3374
3447,-910,-3396
3452,-973,-3408
3427,-1004,-3369
3486,-955,-3257
3531,-862,-3110
3577,-774,-2976
3668,-683,-2885
3769,-618,-2825
3828,-590,-2787
3854,-583,-2786
3876,-575,-2836
3917,-569,-2962
3969,-546,-3136
4007,-543,-3339
3997,-589,-3506
3963,-640,-3665
3893,-637,-3819
3782,-609,-3919
3705,-591,-3922
3701,-591,-3856
3707,-603,-3739
3641,-561,-3557
3543,-505,-3337
3467,-492,-3085
3418,-493,-2827
3393,-514,-2595
3391,-554,-2404
3374,-612,-2255
3341,-687,-2154
3302,-750,-2094
3237,-792,-2064
3155,-816,-2069
3045,-822,-2086
2940,-814,-2099
2841,-801,-2105
2741,-790,-2115
2645,-778,-2118
2539,-769,-2106
2441,-752,-2099
2360,-720,-2079
2299,-665,-2079
2258,-593,-2086
2245,-512,-2078
2268,-428,-2054
2325,-388,-2000
2383,-438,-1935
2450,-529,-1867
2533,-632,-1807
2625,-729,-1777
2709,-804,-1752
2772,-890,-1765
2810,-967,-1812
2841,-1026,-1900
2861,-1059,-1990
2887,-1100,-2105
2911,-1146,-2226
2946,-1175,-2354
2973,-1144,-2542
2978,-1103,-2761
2978,-1142,-2935
2983,-1208,-3063
3026,-1287,-3159
3098,-1358,-3238
3165,-1409,-3290
3216,-1410,-3288
3257,-1371,-3226
3285,-1320,-3113
3311,-1245,-2983
3370,-1158,-2843
3453,-1086,-2732
3523,-1030,-2637
3570,-977,-2578
3578,-930,-2538
3562,-908,-2511
3506,-884,-2490
3430,-860,-2475
3362,-844,-2485
3313,-823,-2529
3260,-801,-2577
3178,-779,-2632
3066,-739,-2684
2950,-708,-2746
2836,-716,-2821
2722,-773,-2924
2617,-805,-3016
2531,-809,-3089
2428,-761,-3136
2339,-684,-3161
2273,-595,-3171
2226,-507,-3178
2221,-441,-3175
2228,-377,-3151
2234,-318,-3121
2282,-308,-3074
2324,-311,-3035
2449,-436,-2987
2525,-514,-2966
2575,-548,-2967
2634,-569,-2969
2663,-555,-2964
2700,-504,-2970
2754,-460,-2968
2804,-396,-2971
2863,-335,-2985
2936,-301,-2995
2986,-268,-3008
3036,-248,-3016
3085,-248,-3033
3132,-265,-3046
3178,-295,-3047
3227,-327,-3043
3251,-337,-3024
3252,-342,-3010
3243,-333,-2998
3251,-316,-2988
3248,-300,-2979
3220,-270,-2960
3157,-225,-2946
3087,-162,-2939
3023,-94,-2948
2958,-30,-2977
2905,25,-3032
2855,58,-3121
2801,75,-3224
2747,89,-3330
2702,97,-3436
2658,109,-3516
2617,143,-3583
2582,193,-3629
2543,259,-3655
2505,339,-3656
2470,424,-3639
2436,500,-3607
2395,556,-3572
2371,596,-3532
2353,624,-3478
2348,648,-3417
2359,642,-3369
2378,620,-3346
2408,588,-3333
2442,570,-3324
2478,552,-3319
2510,542,-3307
2529,529,-3292
2543,519,-3283
2546,515,-3267
2531,513,-3259
2504,521,-3259
2481,527,-3268
2494,521,-3288
2516,527,-3315
2536,527,-3342
2538,517,-3383
2553,491,-3435
2590,485,-3497
2628,468,-3573
2674,437,-3667
2734,408,-3768
2794,376,-3877
2834,336,-3989
2855,303,-4081
2864,280,-4161
