189,7,186
370,-71,79
508,-170,-3
611,-291,-57
686,-409,-88
726,-525,-105
725,-633,-112
688,-726,-110
616,-827,-103
504,-952,-88
360,-1102,-69
201,-1267,-47
56,-1430,-21
-71,-1595,14
-170,-1748,53
-244,-1877,102
-301,-1978,145
-342,-2045,184
-363,-2064,199
-394,-2023,208
-441,-1922,223
-498,-1771,251
-562,-1584,285
-607,-1367,316
-617,-1136,341
-586,-913,348
-521,-707,334
-411,-516,290
-247,-315,217
-72,-94,137
98,177,68
247,498,18
356,838,-23
412,1171,-46
378,1483,-61
231,1786,-72
-12,2086,-75
-345,2361,-81
-931,2505,-91
-1848,2392,-95
-2809,2085,-60
-3620,1666,28
-4147,1159,111
-3989,888,79
-3136,1080,174
-1798,1578,496
-335,2130,853
843,2512,1011
1468,2553,836
1476,2229,350
1040,1611,-294
447,734,-907
-8,-346,-1306
-162,-1578,-1402
76,-2844,-1230
787,-3892,-832
1667,-4413,-341
2147,-4598,35
2192,-4518,239
1926,-4164,304
1480,-3589,314
947,-2829,343
405,-1955,401
-84,-1013,477
-504,-66,544
-865,828,588
-1188,1612,620
-1479,2233,649
-1737,2654,688
-1911,2842,726
-1430,2606,733
-486,1942,752
-369,1376,849
-528,924,913
-573,546,898
-411,180,834
-167,-171,737
80,-508,623
306,-805,498
495,-1037,369
629,-1189,251
701,-1267,140
718,-1274,29
695,-1218,-72
655,-1116,-164
609,-980,-227
559,-831,-258
491,-685,-261
400,-555,-243
308,-446,-223
227,-355,-210
173,-296,-198
141,-263,-192
130,-254,-192
132,-266,-205
149,-302,-230
176,-357,-256
213,-416,-271
267,-453,-285
334,-461,-290
385,-436,-293
411,-387,-295
381,-338,-301
268,-312,-301
49,-317,-299
-276,-332,-297
-688,-327,-293
-1136,-283,-277
-1546,-186,-276
-1885,-52,-294
-2126,117,-342
-2259,326,-417
-2305,572,-496
-2295,864,-573
-2282,1196,-639
-2312,1549,-689
-2383,1902,-718
-2532,2173,-698
-2765,2280,-602
-2852,2266,-502
-2588,2268,-497
-2019,2356,-581
-1318,2544,-630
-484,2752,-608
624,2933,-520
2025,3025,-334
3457,2940,-86
4544,2547,187
5083,1797,404
5031,709,471
4500,-530,373
3644,-1740,180
2581,-2795,-48
1509,-3620,-266
564,-4149,-447
-185,-4341,-523
-694,-4196,-449
-949,-3666,-250
-1082,-2800,-18
-1236,-1824,165
-1432,-900,240
-1601,-145,207
-1653,415,113
-1552,819,-6
-1315,1084,-110
-993,1244,-195
-655,1340,-234
-352,1391,-219
-122,1425,-157
4,1443,-70
37,1448,18
-29,1425,99
-169,1385,141
-361,1328,144
-559,1250,118
-717,1146,80
-803,1020,58
-815,885,66
-763,750,107
-667,612,182
-551,471,283
-428,322,385
-314,158,477
-211,29,518
-104,-54,489
-2,-116,403
117,-153,280
219,-197,146
308,-269,29
382,-371,-55
425,-509,-112
425,-663,-156
392,-833,-181
340,-1010,-186
275,-1185,-178
202,-1341,-166
134,-1481,-146
71,-1599,-112
36,-1685,-74
6,-1755,-36
-7,-1817,5
-7,-1866,42
23,-1888,57
77,-1869,68
124,-1813,72
158,-1720,87
162,-1587,109
137,-1420,124
82,-1234,128
22,-1030,118
-14,-823,108
-8,-597,82
25,-328,35
64,-9,-14
92,365,-54
115,765,-89
123,1162,-119
109,1546,-132
72,1938,-118
-3,2346,-92
-138,2774,-74
-505,3129,-63
-1391,3217,-10
-2516,3049,129
-3547,2749,362
-4388,2287,570
-4473,1990,495
-3588,2220,494
-2090,2684,665
-427,2996,780
1032,2864,613
2081,2259,118
2636,1342,-570
2766,252,-1230
2606,-981,-1669
2364,-2327,-1842
2201,-3693,-1758
2212,-4977,-1465
2480,-6013,-1026
2962,-6258,-520
3127,-5893,-84
2727,-5328,180
2023,-4509,302
1261,-3489,380
588,-2358,475
62,-1197,584
-344,-71,654
-695,987,657
-1027,1945,596
-1397,2739,504
-1793,3341,424
-2166,3674,378
-2460,3705,373
-2577,3448,398
-2427,2942,438
-2012,2266,488
-1431,1516,522
-782,756,528
-128,53,491
501,-582,412
1088,-1142,283
1570,-1595,122
1930,-1921,-34
2172,-2104,-164
2324,-2154,-273
2393,-2107,-338
2362,-1974,-346
2243,-1774,-290
2048,-1537,-185
1790,-1285,-64
1469,-1036,46
1125,-797,141
786,-582,209
477,-381,242
206,-212,235
-26,-80,188
-217,23,102
-365,112,-2
-465,182,-111
-500,243,-218
-455,290,-296
-350,328,-361
-227,357,-419
-140,370,-486
-123,352,-552
-188,292,-595
-376,207,-588
-651,167,-535
-938,221,-471
-1194,372,-439
-1413,608,-452
-1597,891,-508
-1752,1196,-575
-1901,1497,-637
-2091,1758,-673
-2399,1934,-675
-2897,1991,-616
-3570,1931,-475
-4244,1810,-263
-4653,1661,-78
-4656,1461,-32
-4158,1248,-188
-3179,1179,-444
-1915,1324,-539
-569,1593,-477
794,1865,-359
2247,2052,-214
3644,2069,-33
4676,1807,205
5156,1214,454
5056,332,615
4456,-717,640
3537,-1812,563
2490,-2760,452
1478,-3460,357
529,-3855,288
-261,-3907,253
-820,-3497,274
-1203,-2706,314
-1526,-1764,335
-1819,-820,306
-2037,33,216
-2105,755,85
-2016,1320,-48
-1772,1712,-153
-1422,1947,-230
-1026,2037,-260
-640,2020,-241
-293,1919,-181
-19,1747,-99
215,1546,-35
422,1332,6
609,1117,6
760,919,-32
862,751,-103
912,623,-197
908,516,-278
866,448,-327
812,411,-340
742,370,-310
675,314,-250
606,238,-170
545,140,-94
484,26,-35
424,-77,9
376,-175,37
351,-258,45
344,-327,52
359,-385,54
378,-441,44
392,-505,29
397,-567,5
387,-625,-22
367,-682,-40
355,-731,-52
347,-768,-67
354,-805,-74
367,-856,-71
387,-928,-52
419,-1005,-13
448,-1104,44
474,-1213,107
507,-1310,161
548,-1391,214
589,-1462,259
616,-1507,302
631,-1517,339
630,-1483,369
592,-1399,381
524,-1271,368
452,-1113,329
387,-935,261
370,-743,164
396,-530,56
426,-289,-36
421,-16,-94
364,297,-135
272,628,-156
159,958,-167
28,1292,-163
-100,1648,-148
-242,2021,-144
-539,2321,-154
-1163,2376,-148
-1971,2202,-84
-2802,1874,55
-3496,1460,185
-3608,1343,237
-3108,1681,470
-1925,2250,899
-303,2756,1290
1190,2915,1376
2172,2595,1013
2604,1893,247
2594,946,-696
2367,-166,-1552
2178,-1428,-2077
2180,-2758,-2220
2457,-3964,-2019
3000,-4725,-1562
3456,-5064,-1027
3585,-5079,-571
3303,-4789,-275
2729,-4206,-119
2036,-3379,-34
1338,-2402,46
703,-1362,129
148,-318,194
-329,662,209
-779,1538,178
-1216,2249,122
-1630,2773,71
-1972,3086,45
-2170,3162,42
-2163,2992,66
-1914,2612,110
-1450,2096,168
-861,1517,233
-202,880,287
616,133,311
1164,-458,336
1438,-876,340
1655,-1212,289
1813,-1458,204
1889,-1613,117
1894,-1675,33
1825,-1646,-35
1682,-1536,-81
1464,-1355,-99
1201,-1125,-87
906,-876,-57
608,-629,-16
347,-397,26
137,-196,57
-11,-43,75
-85,79,73
-119,172,45
-114,234,-9
-69,252,-60
23,230,-112
140,179,-160
263,105,-205
370,21,-246
433,-51,-282
424,-119,-319
320,-179,-352
106,-225,-377
-198,-234,-389
-581,-177,-390
-979,-43,-405
-1339,163,-443
-1631,426,-497
-1871,703,-552
-2096,969,-575
-2356,1197,-553
-2681,1365,-476
-2976,1430,-362
-3111,1380,-247
-3060,1246,-183
-2890,1077,-220
-2459,1051,-448
-1776,1331,-728
-1085,1844,-815
-321,2425,-746
868,3066,-562
2562,3655,-297
4408,3988,-3
5827,3823,308
6410,3036,536
6171,1728,562
5349,136,355
4226,-1492,22
3029,-2974,-319
1918,-4185,-591
1004,-5045,-722
276,-5476,-664
-288,-5361,-404
-644,-4639,-37
-827,-3393,324
-994,-1962,575
-1219,-629,666
-1384,514,632
-1420,1447,511
-1355,2114,317
-1230,2520,92
-1045,2687,-114
-789,2685,-284
-473,2583,-389
-150,2426,-407
125,2215,-359
337,1974,-276
483,1711,-183
584,1440,-114
663,1172,-71
722,909,-53
783,668,-65
841,454,-103
922,280,-158
1040,143,-203
1171,33,-219
1326,-47,-212
1486,-95,-190
1622,-118,-157
1715,-140,-114
1766,-146,-78
1760,-144,-54
1684,-131,-53
1557,-119,-80
1396,-111,-138
1222,-112,-201
1061,-126,-261
923,-148,-301
814,-174,-321
721,-209,-326
647,-263,-316
577,-333,-305
504,-424,-291
424,-540,-273
339,-680,-247
266,-828,-209
238,-964,-154
257,-1076,-87
319,-1159,-23
422,-1212,50
553,-1230,117
721,-1223,171
879,-1182,214
1009,-1126,250
1120,-1054,273
1200,-973,278
1254,-883,261
1282,-783,220
1274,-680,164
1237,-577,85
1181,-463,8
1096,-336,-52
981,-198,-94
838,-58,-123
660,102,-130
443,294,-108
196,505,-65
-82,727,-27
-378,951,8
-668,1179,30
-956,1387,38
-1268,1535,49
-1573,1589,69
-1812,1558,97
-1882,1543,95
-1672,1700,99
-1126,2103,332
-122,2619,834
1149,2988,1403
2271,3007,1724
2933,2614,1566
2994,1879,937
2563,955,48
1915,-15,-829
1364,-995,-1448
1101,-1959,-1665
1177,-2750,-1512
1488,-3242,-1106
1854,-3398,-664
2073,-3257,-336
2029,-2908,-150
1800,-2402,-69
1508,-1770,-33
1217,-1066,15
932,-362,83
631,272,164
298,811,235
-45,1241,266
-348,1558,245
-556,1757,203
-609,1821,155
-479,1752,104
-179,1562,54
232,1277,6
709,917,-34
1192,527,-58
1679,62,-73
2520,-944,-86
3290,-1713,-135
3576,-2025,-190
3536,-2081,-214
3296,-1956,-214
3017,-1707,-207
2739,-1373,-204
2462,-985,-194
2149,-588,-178
1847,-221,-174
1606,92,-207
1409,355,-261
1259,545,-349
1135,672,-438
1020,778,-489
914,879,-495
834,958,-462
779,1007,-412
769,1028,-353
787,1033,-297
821,1025,-259
862,1003,-231
913,971,-214
975,928,-198
1039,897,-178
1095,883,-156
1144,888,-139
1174,911,-132
1184,927,-144
1122,905,-181
945,832,-241
619,711,-309
164,587,-365
-362,513,-399
-898,540,-419
-1379,657,-460
-1761,839,-533
-2033,1056,-623
-2185,1271,-714
-2214,1482,-769
-2156,1667,-757
-2115,1799,-663
-2161,1855,-467
-2293,1834,-192
-2160,1773,8
-1628,1812,-15
-901,2040,-234
-78,2409,-475
994,2807,-594
2444,3111,-667
4164,3217,-755
5796,2982,-828
6995,2293,-881
7635,1117,-970
7702,-446,-1144
7290,-2150,-1377
6556,-3728,-1566
5712,-4979,-1617
4858,-5808,-1476
4003,-6160,-1132
3106,-6010,-628
2201,-5379,-56
1279,-4315,497
337,-2979,965
-495,-1624,1272
-1167,-376,1381
-1659,719,1300
-1958,1632,1032
-2057,2327,637
-1981,2833,212
-1807,3155,-134
-1568,3309,-339
-1233,3338,-390
-811,3264,-331
-353,3092,-226
80,2838,-135
468,2529,-79
774,2186,-73
998,1823,-113
1144,1455,-188
1252,1098,-289
1364,778,-392
1485,516,-477
1622,321,-523
1767,173,-520
1894,64,-468
2004,-16,-372
2120,-70,-259
2253,-107,-167
2403,-141,-114
2537,-164,-96
2622,-194,-105
2638,-244,-146
2595,-300,-200
2534,-356,-251
2475,-413,-284
2421,-460,-303
2373,-492,-309
2338,-507,-312
2310,-508,-320
2273,-500,-332
2235,-480,-344
2203,-456,-357
2159,-440,-369
2116,-441,-373
2071,-462,-368
2023,-501,-356
1977,-569,-343
1951,-655,-315
1952,-749,-285
1978,-845,-255
2021,-930,-239
2073,-1002,-227
2144,-1057,-216
2218,-1086,-203
2292,-1087,-187
2346,-1066,-172
2360,-1018,-156
2324,-952,-145
2233,-873,-135
2095,-784,-127
1911,-673,-111
1675,-536,-81
1387,-382,-51
1049,-211,-18
676,-34,29
303,171,86
-45,397,138
-353,626,181
-636,861,193
-878,1097,185
-1120,1310,178
-1390,1462,189
-1681,1531,224
-1874,1615,264
-1777,1848,297
-1166,2330,495
-134,2933,1054
986,3395,1752
1888,3528,2231
2424,3258,2186
2526,2622,1568
2251,1736,573
1821,735,-493
1541,-298,-1355
1603,-1320,-1799
2034,-2165,-1845
2724,-2695,-1639
3293,-2917,-1349
3509,-2928,-1089
3414,-2754,-891
3114,-2402,-759
2696,-1925,-656
2240,-1351,-555
1794,-726,-443
1366,-118,-318
975,437,-207
647,915,-133
433,1287,-95
345,1560,-103
398,1733,-145
566,1794,-199
836,1734,-252
1184,1560,-285
1557,1288,-297
1917,946,-290
2233,570,-275
2495,197,-266
2693,-139,-260
2844,-428,-251
2955,-649,-229
3025,-786,-192
3042,-836,-138
3016,-800,-73
2930,-689,4
2807,-523,81
2652,-329,138
2471,-139,182
2289,37,192
2119,207,165
1960,352,108
1815,473,29
1705,575,-51
1623,653,-134
1567,701,-219
1554,731,-290
1572,751,-339
1613,747,-375
1682,722,-395
1768,677,-394
1883,624,-379
1998,571,-355
2110,526,-322
2203,495,-282
2272,488,-252
2302,495,-229
2263,506,-218
2144,500,-219
1936,485,-248
1644,480,-292
1288,501,-340
881,545,-392
433,617,-438
-12,715,-471
-421,847,-498
-785,1003,-526
-1074,1187,-560
-1283,1390,-609
-1404,1586,-660
-1464,1755,-686
-1557,1865,-654
-1648,1923,-564
-1459,2028,-493
-867,2255,-489
-118,2592,-515
615,2978,-427
1426,3272,-237
2484,3346,-88
3750,3141,-29
4985,2616,-64
5992,1784,-227
6676,684,-538
6991,-596,-970
6848,-1974,-1442
6316,-3280,-1847
5599,-4343,-2101
4858,-5004,-2132
4177,-5194,-1910
3542,-4960,-1456
2897,-4361,-836
2210,-3463,-161
1446,-2379,460
623,-1252,916
-123,-180,1140
-677,759,1149
-1014,1527,964
-1167,2074,627
-1191,2429,226
-1134,2638,-115
-1023,2739,-315
-837,2749,-348
-557,2692,-262
-197,2578,-130
200,2409,-13
615,2193,67
990,1926,87
1275,1612,60
1477,1273,-14
1627,931,-97
1753,616,-187
1862,345,-260
1952,137,-295
2009,-6,-290
2030,-78,-246
2043,-92,-174
2035,-65,-90
1999,-9,-26
1939,58,24
1839,113,30
1712,155,-19
1585,174,-110
1481,163,-238
1424,116,-361
1416,36,-450
1453,-66,-506
1516,-181,-525
1583,-304,-517
1653,-414,-494
1713,-511,-460
1758,-586,-426
1776,-655,-395
1769,-728,-366
1746,-802,-331
1725,-877,-283
1716,-944,-227
1721,-1009,-179
1737,-1066,-136
1764,-1124,-95
1794,-1167,-63
1819,-1195,-41
1841,-1208,-15
1863,-1197,13
1893,-1173,25
1907,-1139,27
1895,-1086,24
1860,-1031,28
1806,-953,33
1715,-858,28
1604,-737,20
1501,-585,15
1405,-387,17
1315,-157,26
1235,92,43
1149,365,66
1060,638,88
965,921,103
857,1210,103
725,1498,85
521,1770,54
189,1988,6
-300,2107,-46
-988,2091,-94
-1769,1964,-129
-2450,1763,-136
-2751,1602,-152
-2424,1593,-148
-1523,1809,54
-408,2189,535
570,2551,1081
1252,2695,1441
1575,2510,1409
1577,2022,959
1309,1304,279
958,407,-340
791,-577,-731
898,-1587,-859
1300,-2452,-766
1893,-3025,-539
2372,-3345,-314
2572,-3421,-154
2476,-3260,-57
2182,-2879,10
1808,-2331,80
1400,-1679,162
957,-967,246
468,-267,305
-17,391,311
-456,999,296
-822,1500,283
-1079,1838,280
-1212,1984,284
-1190,1937,287
-1007,1704,294
-681,1323,300
-276,846,301
145,326,291
553,-179,273
915,-640,240
1207,-1026,185
1410,-1311,120
1529,-1480,50
1578,-1539,-13
1563,-1492,-59
1503,-1353,-94
1394,-1148,-115
1251,-905,-124
1073,-652,-130
873,-412,-139
692,-202,-154
535,-31,-178
413,108,-197
329,208,-211
271,275,-229
249,305,-251
261,291,-276
315,235,-274
418,136,-252
551,12,-226
712,-114,-188
908,-234,-145
1126,-337,-96
1336,-407,-57
1520,-431,-34
1648,-410,-19
1689,-360,-18
1632,-276,-28
1452,-162,-43
1154,-23,-62
774,169,-106
372,403,-150
-15,675,-185
-383,967,-206
-753,1235,-204
-1168,1432,-172
-1645,1542,-104
-2159,1593,-14
-2606,1614,75
-2786,1614,99
-2620,1566,16
-2184,1451,-199
-1520,1360,-542
-725,1372,-924
70,1504,-1239
808,1728,-1358
1570,1967,-1280
2475,2159,-1064
3525,2229,-738
4618,2095,-375
5577,1708,-67
6198,1062,97
6275,156,88
5725,-924,-65
4627,-2068,-287
3247,-3119,-506
1919,-3907,-654
774,-4339,-683
-105,-4374,-560
-707,-3953,-296
-1114,-3125,25
-1427,-2080,324
-1693,-1011,513
-1901,-74,567
-1985,687,531
-1905,1274,433
-1686,1677,298
-1368,1912,159
-1003,2017,55
-675,2014,6
-460,1912,30
-343,1757,113
-288,1606,216
-280,1481,295
-315,1381,326
-393,1294,298
-501,1213,210
-624,1141,94
-727,1074,-20
-784,1012,-101
-773,953,-156
-715,889,-161
-633,827,-123
-531,763,-62
-424,689,14
-317,604,95
-209,508,155
-125,398,176
-76,274,146
-60,130,82
-44,-4,-4
-3,-121,-81
50,-253,-159
113,-385,-223
181,-513,-266
260,-631,-286
339,-749,-279
411,-876,-244
463,-1029,-183
497,-1206,-109
539,-1387,-26
597,-1553,60
668,-1694,148
750,-1812,229
835,-1900,298
926,-1958,351
1016,-1983,375
1104,-1977,368
1180,-1947,336
1196,-1900,291
1151,-1839,255
1065,-1754,232
934,-1644,222
770,-1522,218
602,-1395,213
444,-1257,189
329,-1093,151
272,-891,94
251,-629,29
214,-304,-27
130,59,-57
1,457,-66
-144,886,-57
-304,1346,-44
-465,1831,-40
-656,2327,-51
-935,2807,-82
-1499,3140,-115
-2440,3185,-96
-3496,2981,25
-4408,2587,208
-4684,2282,276
-4114,2350,473
-2875,2663,952
-1307,2949,1474
70,2941,1804
979,2563,1719
1391,1907,1181
1368,1063,334
1127,93,-580
937,-999,-1298
971,-2178,-1647
1306,-3349,-1631
1969,-4302,-1325
2645,-4773,-880
2880,-4855,-488
2624,-4628,-244
2058,-4078,-126
1362,-3285,-67
663,-2353,-7
70,-1352,108
-380,-349,226
-746,589,301
-1079,1422,316
-1303,1810,285
-820,1503,197
-283,1297,115
-312,1264,166
-272,1185,267
-236,1080,361
-134,944,402
119,763,386
471,520,321
863,207,226
1180,-136,142
1359,-471,85
1280,-733,-49
924,-836,-268
937,-912,-387
1076,-922,-397
868,-778,-344
574,-553,-274
378,-332,-193
235,-147,-105
110,-10,-50
-17,88,-18
-105,142,-14
-162,152,-29
-182,137,-59
-177,117,-105
-136,98,-165
-65,74,-222
29,45,-276
161,24,-319
315,9,-353
483,-1,-346
651,-2,-315
777,15,-283
829,44,-257
825,76,-236
735,92,-211
534,83,-194
229,50,-175
-151,23,-165
-559,67,-166
-925,215,-188
-1241,437,-236
-1512,689,-316
-1774,923,-407
-2035,1098,-475
-2310,1208,-493
-2621,1260,-450
-2955,1274,-353
-3286,1268,-230
-3483,1283,-119
-3325,1335,-107
-2744,1426,-228
-1964,1551,-443
-1133,1746,-643
-308,1985,-694
608,2197,-612
1756,2345,-445
3047,2347,-208
4248,2123,43
5112,1643,274
5504,911,412
5434,-17,404
4959,-1065,252
4123,-2145,17
3024,-3137,-230
1854,-3901,-451
785,-4329,-581
-80,-4367,-582
-715,-3972,-433
-1146,-3169,-179
-1448,-2130,78
-1694,-1082,258
-1874,-155,308
-1925,589,263
-1798,1170,149
-1503,1598,3
-1099,1890,-125
-662,2069,-225
-255,2172,-262
30,2180,-215
173,2099,-92
206,1979,67
177,1865,228
108,1746,341
12,1627,370
-86,1498,313
-179,1349,192
-246,1195,48
-270,1033,-72
-268,876,-145
-255,728,-151
-230,579,-98
-202,425,-8
-164,263,119
-126,83,257
-83,-62,360
-14,-144,394
68,-189,360
137,-213,272
198,-234,165
264,-274,72
341,-338,6
420,-412,-39
496,-506,-68
564,-605,-96
631,-703,-117
688,-799,-128
727,-894,-140
753,-993,-139
776,-1103,-126
802,-1222,-104
829,-1340,-73
872,-1446,-39
914,-1539,1
943,-1616,42
963,-1684,69
976,-1732,93
988,-1763,109
1000,-1773,117
998,-1751,112
962,-1690,97
862,-1600,63
700,-1481,25
504,-1344,-13
299,-1189,-52
117,-1006,-102
-27,-786,-161
-157,-517,-212
-325,-195,-248
-527,171,-257
-734,573,-248
-936,1002,-228
-1101,1472,-212
-1242,1977,-214
-1392,2499,-230
-1625,2990,-259
-2143,3287,-260
-2930,3321,-166
-3666,3169,-8
-4122,2881,102
-3980,2693,125
-3303,2739,383
-2149,2897,873
-749,2952,1342
465,2694,1543
1322,2127,1297
1792,1352,609
1917,474,-301
1853,-457,-1174
1779,-1491,-1771
1857,-2603,-2001
2124,-3723,-1887
2625,-4590,-1489
3101,-4960,-915
3235,-4958,-380
2959,-4639,-14
2312,-4009,183
1482,-3146,257
637,-2143,285
-79,-1087,330
-640,-50,381
-1128,924,430
-1587,1772,483
-2037,2439,544
-2439,2873,605
-2703,3036,657
-2718,2925,688
-2431,2571,703
-1887,2037,712
-1182,1391,717
-427,692,728
286,-11,721
918,-671,673
1408,-1252,566
1740,-1704,424
1939,-2013,274
2040,-2167,137
2054,-2184,31
1987,-2091,-38
1864,-1900,-62
1684,-1631,-54
1460,-1331,-28
1208,-1021,1
943,-728,27
694,-472,41
484,-250,37
325,-85,24
189,35,-20
92,118,-75
41,139,-137
25,117,-197
30,54,-255
52,-34,-311
78,-124,-362
123,-205,-396
196,-244,-408
292,-244,-396
386,-201,-374
453,-129,-349
484,-47,-323
461,44,-311
364,135,-316
175,198,-341
-121,234,-381
-538,265,-412
-1013,338,-429
-1454,478,-447
-1805,673,-474
-2081,901,-520
-2297,1127,-563
-2470,1329,-591
-2621,1495,-604
-2749,1606,-590
-2814,1649,-528
-2792,1607,-432
-2647,1487,-341
-2360,1343,-319
-1864,1255,-417
-1173,1278,-609
-408,1436,-763
353,1719,-778
1299,2080,-655
2543,2436,-398
3955,2636,-69
5133,2539,276
5735,2053,559
5635,1172,674
4899,-1,581
3755,-1266,333
2453,-2427,22
1221,-3362,-284
150,-3988,-529
-691,-4251,-629
-1287,-4127,-555
-1637,-3636,-342
-1823,-2847,-86
-1948,-1905,124
-2042,-930,248
-2077,-64,268
-1995,633,223
-1760,1156,143
-1418,1505,62
-1017,1704,-9
-614,1810,-44
-254,1852,-47
2,1844,-19
126,1785,38
142,1690,100
94,1589,144
21,1476,143
-60,1352,93
-154,1213,4
-256,1063,-97
-357,905,-186
-445,734,-231
-509,572,-223
-537,414,-159
-521,256,-49
-462,106,87
-370,-24,227
-272,-126,329
-190,-227,373
-113,-298,349
-35,-330,266
62,-353,156
172,-384,39
285,-440,-55
394,-513,-127
490,-609,-188
554,-714,-214
583,-838,-220
579,-965,-208
561,-1091,-188
535,-1222,-163
504,-1345,-128
473,-1463,-84
437,-1574,-38
397,-1670,16
348,-1749,73
312,-1802,129
268,-1847,175
232,-1860,208
204,-1830,230
192,-1760,239
181,-1657,242
135,-1534,236
71,-1390,207
23,-1224,151
23,-1036,66
64,-811,-37
86,-519,-134
54,-176,-219
-31,212,-283
-152,635,-323
-292,1068,-344
-414,1511,-358
-515,1970,-378
-595,2441,-405
-681,2917,-451
-819,3364,-506
-1123,3700,-544
-1882,3733,-468
-2817,3503,-265
-3550,3168,-91
-3801,2962,4
-3593,3017,300
-2947,3216,793
-2012,3350,1239
-1060,3224,1428
-252,2754,1219
356,1988,630
769,1014,-173
1099,-78,-991
1520,-1279,-1579
2133,-2555,-1842
2885,-3820,-1804
3645,-4885,-1533
4249,-5421,-1112
4466,-5534,-692
4322,-5309,-354
3841,-4797,-111
3065,-4059,52
2122,-3153,189
1172,-2151,317
323,-1108,444
-364,-96,547
-917,838,609
-1355,1665,619
-1711,2331,578
-2003,2816,512
-2205,3102,464
-2266,3175,454
-2154,3035,463
-1865,2687,496
-1448,2185,552
-944,1594,602
-399,952,642
141,304,649
671,-297,628
1145,-837,570
1525,-1287,473
1807,-1629,351
1989,-1851,217
2089,-1953,87
2103,-1938,-24
2048,-1831,-111
1929,-1660,-172
1754,-1437,-178
1525,-1190,-148
1258,-934,-100
974,-689,-56
705,-453,-25
457,-246,-8
235,-83,-19
55,33,-48
-71,123,-92
-138,183,-154
-153,220,-213
-117,230,-265
-77,214,-312
-29,172,-341
21,128,-360
76,85,-364
117,52,-355
105,28,-338
19,-3,-317
-163,-34,-301
-465,-58,-280
-856,-42,-261
-1246,69,-254
-1566,273,-267
-1802,535,-298
-1955,813,-350
-2059,1089,-397
-2130,1342,-424
-2209,1551,-411
-2349,1683,-343
-2554,1718,-216
-2750,1661,-54
-2848,1519,80
-2746,1319,121
-2370,1171,-18
-1727,1181,-282
-944,1358,-524
-114,1680,-574
806,2045,-456
1933,2374,-241
3158,2566,34
4212,2514,334
4842,2130,557
4917,1392,596
4474,393,420
3709,-670,98
2812,-1690,-251
1970,-2579,-581
1230,-3327,-807
563,-3846,-849
75,-4007,-679
-182,-3747,-351
-309,-3100,17
-454,-2235,320
-657,-1319,492
-857,-461,534
-953,258,501
-895,858,430
-707,1310,347
-467,1606,267
-239,1768,209
-59,1841,176
67,1851,172
123,1809,175
108,1732,172
42,1618,156
-63,1478,115
-185,1333,53
-305,1192,-12
-369,1086,-69
-384,1003,-114
-354,935,-135
-287,865,-121
-190,786,-72
-64,682,-6
108,556,90
335,405,180
606,244,248
897,82,277
1177,-65,258
1413,-194,199
1584,-315,127
1692,-427,53
1764,-520,-2
1793,-593,-33
1787,-652,-48
1745,-694,-49
1683,-721,-50
1608,-734,-49
1514,-739,-49
1406,-760,-54
1282,-820,-52
1142,-909,-46
995,-1027,-33
867,-1170,-5
774,-1316,28
708,-1430,57
668,-1513,74
642,-1556,81
630,-1556,69
629,-1502,45
636,-1394,12
644,-1239,-26
634,-1050,-63
592,-837,-106
524,-610,-139
451,-369,-160
379,-121,-177
286,132,-192
164,389,-192
17,628,-176
-156,847,-141
-340,1054,-86
-515,1269,-29
-716,1478,40
-1050,1632,100
-1579,1683,150
-2212,1650,204
-2838,1573,248
-3243,1556,181
-3174,1807,6
-2722,2298,52
-1731,2858,376
-257,3250,742
1253,3226,898
2403,2701,671
3075,1803,72
3285,703,-711
3120,-455,-1424
2829,-1642,-1872
2652,-2795,-2006
2695,-3804,-1849
3010,-4405,-1458
3317,-4578,-970
3409,-4444,-534
3217,-4073,-218
2787,-3493,-29
2245,-2740,83
1679,-1907,156
1127,-1052,192
629,-247,196
197,464,166
-180,1076,100
-532,1562,13
-863,1917,-47
-1140,2156,-64
-1296,2282,-66
-1293,2281,-65
-1108,2156,-70
-755,1914,-78
-286,1582,-77
244,1200,-63
795,798,-50
1315,402,-39
1760,38,-40
2115,-275,-57
2392,-540,-83
2583,-737,-117
2677,-861,-157
2686,-918,-193
2611,-907,-218
2466,-839,-226
2265,-727,-215
2022,-592,-204
1761,-444,-173
1494,-282,-151
1245,-130,-138
1033,3,-143
867,122,-167
757,220,-208
714,300,-277
752,371,-358
845,431,-434
987,473,-509
1142,481,-573
1286,460,-624
1406,418,-663
1484,370,-694
1499,326,-710
1445,290,-719
1302,272,-726
1061,254,-728
712,228,-720
252,197,-702
-281,178,-674
-830,215,-652
-1294,342,-665
-1605,549,-711
-1783,802,-769
-1853,1048,-786
-1898,1224,-712
-1998,1293,-517
-2014,1304,-269
-1587,1400,-142
-820,1637,-169
-78,2015,-287
628,2548,-399
1439,3106,-409
2462,3502,-373
3696,3621,-324
4877,3375,-257
5767,2688,-212
6253,1582,-252
6375,165,-392
6204,-1365,-560
5845,-2822,-678
5334,-4071,-704
4717,-5007,-609
4052,-5557,-393
3343,-5628,-85
2653,-5191,271
2032,-4336,631
1419,-3140,925
796,-1815,1108
187,-544,1164
-367,579,1085
-891,1518,865
-1385,2195,553
-1808,2610,225
-2061,2793,-39
-2058,2824,-209
-1812,2772,-304
-1350,2668,-347
-743,2516,-361
-99,2330,-363
491,2114,-349
978,1872,-315
1333,1607,-267
1562,1319,-205
1702,1013,-130
1785,704,-62
1833,417,-20
1863,169,3
1885,-20,5
1913,-144,-13
1942,-221,-40
1992,-237,-59
2078,-198,-83
2194,-110,-104
2316,10,-123
2422,137,-144
2466,237,-181
2461,290,-227
2429,295,-272
2400,272,-315
2389,223,-348
2396,161,-367
2419,87,-369
2456,9,-359
2506,-63,-341
2570,-130,-313
2640,-194,-284
2716,-248,-255
2794,-294,-230
2879,-323,-202
2975,-333,-169
3071,-329,-133
3161,-315,-101
3253,-301,-72
3336,-288,-50
3415,-268,-30
3491,-248,-12
3562,-227,4
3627,-210,21
3691,-201,27
3739,-196,32
3773,-196,37
3784,-201,38
3758,-212,41
3668,-228,38
3497,-242,22
3235,-237,4
2887,-206,-5
2501,-143,1
2113,-60,25
1746,47,54
1395,180,79
1060,326,106
727,479,139
422,650,167
143,838,196
-101,1032,212
-342,1220,205
-633,1401,148
-899,1622,37
-969,1987,-82
-653,2523,-57
14,3108,355
904,3498,1127
1861,3540,1913
2568,3131,2363
2829,2359,2271
2608,1464,1716
2127,603,864
1747,-157,-60
1724,-804,-812
2050,-1272,-1289
2547,-1523,-1564
3007,-1581,-1716
3299,-1492,-1758
3373,-1304,-1701
3229,-1076,-1560
2938,-819,-1338
2579,-534,-1038
2182,-229,-678
1744,69,-320
1274,374,-67
855,677,39
568,949,38
427,1165,-11
438,1294,-54
598,1320,-72
888,1236,-71
1276,1051,-57
1695,796,-51
2096,506,-46
2453,217,-42
2742,-49,-37
2941,-272,-34
3062,-455,-21
3110,-567,0
3092,-606,25
3000,-587,56
2855,-500,101
2669,-360,150
2460,-182,193
2257,0,213
2063,190,205
1891,360,180
1747,491,136
1648,587,85
1583,635,26
1558,639,-30
1572,615,-69
1619,558,-103
1696,475,-128
1799,380,-135
1925,281,-126
2053,192,-111
2170,129,-88
2275,92,-71
2360,75,-58
2408,74,-45
2420,83,-32
2398,102,-24
2356,123,-24
2283,161,-35
2193,214,-46
2065,282,-61
1898,353,-90
1669,423,-128
1379,490,-169
1042,548,-207
678,617,-242
331,712,-261
47,827,-283
-150,951,-301
-283,1081,-318
-329,1206,-310
-292,1331,-260
-193,1438,-185
-92,1496,-102
-28,1514,-39
101,1545,0
422,1621,-22
869,1741,-91
1391,1931,-173
2057,2196,-238
2923,2453,-311
3886,2575,-412
4729,2461,-524
5302,2055,-645
5558,1380,-805
5566,483,-1017
5450,-496,-1237
5241,-1434,-1422
4921,-2211,-1535
4498,-2774,-1555
4002,-3086,-1461
3424,-3140,-1251
2697,-2896,-928
1847,-2350,-524
945,-1593,-95
105,-732,279
-562,92,532
-1001,821,617
-1223,1427,555
-1264,1885,404
-1188,2196,240
-1033,2359,129
-791,2388,93
-455,2322,119
-45,2188,168
410,2012,215
839,1805,229
1197,1575,195
1453,1344,116
1599,1117,2
1653,907,-126
1630,728,-264
1554,593,-379
1446,501,-456
1312,451,-493
1161,429,-488
1010,441,-450
863,481,-379
737,542,-286
632,617,-194
550,704,-132
492,794,-120
465,871,-162
472,917,-247
536,926,-355
642,891,-458
797,819,-539
993,722,-595
1208,598,-628
1419,448,-642
1614,290,-641
1784,120,-631
1933,-40,-611
2048,-182,-583
2139,-324,-546
2194,-450,-501
2221,-574,-450
2224,-703,-396
2210,-832,-336
2180,-951,-273
2141,-1063,-212
2097,-1170,-158
2049,-1244,-112
1988,-1292,-76
1926,-1329,-56
1851,-1349,-47
1756,-1353,-44
1627,-1343,-46
1466,-1301,-50
1280,-1230,-57
1104,-1122,-59
970,-953,-52
895,-730,-49
876,-458,-46
891,-152,-43
929,166,-28
973,502,-10
1000,835,5
993,1157,20
933,1474,29
789,1781,34
478,2018,37
-65,2115,52
-803,2072,89
-1620,1926,142
-2270,1744,179
-2347,1696,190
-1703,1903,359
-585,2307,787
553,2699,1280
1374,2866,1584
1790,2719,1470
1836,2243,879
1584,1482,7
1208,492,-834
920,-644,-1391
860,-1849,-1563
1059,-3008,-1417
1518,-3966,-1078
2131,-4442,-668
2499,-4517,-320
2463,-4316,-92
2119,-3879,20
1658,-3221,69
1201,-2410,89
747,-1540,112
313,-672,127
-91,118,110
-461,816,70
-762,1384,24
-963,1795,-13
-1048,2031,-39
-1000,2092,-54
-817,1972,-70
-510,1681,-68
-124,1265,-59
297,780,-50
719,278,-43
1105,-188,-47
1430,-607,-68
1695,-956,-110
1896,-1207,-156
2005,-1353,-197
2032,-1400,-231
1995,-1353,-240
1905,-1231,-219
1769,-1049,-169
1594,-834,-94
1382,-608,-16
1151,-384,60
910,-174,114
693,23,122
519,217,81
394,392,16
298,533,-65
239,624,-159
222,671,-243
239,687,-311
287,677,-362
347,652,-389
407,617,-402
451,577,-408
468,541,-408
442,501,-408
339,445,-406
117,371,-391
-189,290,-361
-564,244,-321
-931,280,-292
-1239,415,-286
-1464,635,-325
-1647,900,-386
-1813,1149,-448
-1992,1337,-484
-2199,1456,-477
-2434,1500,-427
-2691,1492,-342
-2908,1467,-230
-2963,1441,-139
-2760,1389,-121
-2314,1323,-261
-1637,1338,-552
-761,1496,-847
229,1796,-930
1421,2145,-782
2837,2426,-519
4292,2535,-218
5519,2374,51
6271,1890,231
6360,1070,235
5799,26,75
4846,-1035,-153
3781,-1980,-382
2726,-2754,-558
1744,-3379,-656
873,-3818,-669
114,-3971,-585
-474,-3737,-395
-846,-3126,-138
-1099,-2241,93
-1371,-1242,230
-1646,-285,245
-1813,549,176
-1770,1252,72
-1554,1778,-29
-1255,2109,-103
-931,2254,-157
-621,2246,-174
-340,2123,-159
-111,1926,-115
59,1677,-65
188,1407,-27
279,1148,8
318,913,27
306,709,32
254,548,26
163,429,26
30,357,42
-108,337,74
-253,357,124
-385,402,187
-483,457,253
-549,508,298
-585,543,303
-596,555,260
-560,547,173
-478,506,65
-350,428,-43
-178,309,-140
12,150,-222
237,-38,-277
470,-233,-308
694,-437,-315
894,-637,-301
1074,-843,-270
1216,-1054,-220
1311,-1269,-153
1362,-1486,-81
1380,-1690,-14
1364,-1868,62
1300,-2014,128
1197,-2126,181
1058,-2199,216
896,-2241,225
741,-2248,213
563,-2217,191
381,-2153,166
216,-2043,158
85,-1882,154
-5,-1692,158
-52,-1489,160
-65,-1270,148
-25,-1033,126
61,-780,84
172,-501,25
279,-181,-32
361,183,-72
404,579,-110
381,1008,-147
275,1469,-181
90,1956,-200
-165,2456,-204
-582,2922,-189
-1390,3200,-140
-2541,3236,1
-3737,3072,262
-4763,2688,587
-5080,2267,766
-4186,2255,940
-2548,2520,1320
-668,2787,1674
945,2817,1801
1985,2493,1513
2383,1888,783
2254,1077,-169
1902,77,-1057
1653,-1088,-1656
1674,-2331,-1888
1991,-3545,-1821
2551,-4591,-1569
3214,-5206,-1215
3517,-5305,-856
3347,-5071,-577
2872,-4557,-389
2236,-3821,-254
1549,-2945,-124
868,-2000,-2
253,-1025,118
-264,-86,204
-706,778,246
-1090,1515,251
-1419,2060,234
-1679,2393,212
-1838,2472,205
-1855,2311,217
-1674,1949,245
-1289,1437,289
-748,844,342
-157,245,390
428,-304,428
964,-786,433
1392,-1182,406
1677,-1474,368
1827,-1659,320
1853,-1752,269
1785,-1763,217
1637,-1689,173
1407,-1548,150
1124,-1352,160
819,-1119,179
517,-874,193
238,-628,198
16,-382,183
-113,-152,144
-179,52,73
-186,236,-23
-128,366,-116
-49,437,-225
46,429,-334
168,358,-431
305,249,-512
460,132,-566
597,29,-599
660,-64,-625
611,-148,-647
430,-209,-666
117,-223,-688
-269,-162,-725
-681,-15,-767
-1057,219,-816
-1382,520,-876
-1652,844,-932
-1880,1158,-969
-2087,1436,-978
-2301,1672,-965
-2540,1878,-938
-2750,2029,-888
-2905,2084,-823
-3023,2032,-734
-3083,1900,-649
-2949,1761,-652
-2423,1745,-772
-1563,1942,-864
-552,2322,-711
542,2714,-329
1734,2945,117
2880,2877,554
3797,2426,900
4348,1604,1040
4421,484,915
3987,-758,595
3182,-1949,191
2239,-2975,-203
1369,-3790,-515
691,-4254,-647
254,-4306,-568
-30,-4009,-351
-275,-3427,-92
-598,-2651,146
-1025,-1790,343
-1469,-906,460
-1789,-86,482
-1923,628,422
-1868,1218,302
-1647,1668,153
-1324,1996,10
-975,2212,-98
-665,2342,-181
-442,2401,-230
-362,2364,-233
-437,2217,-180
-570,1994,-107
-679,1727,-45
-720,1435,-8
-704,1121,-6
-654,794,-31
-599,474,-48
-546,173,-50
-479,-88,-34
-395,-301,7
-310,-454,57
-235,-538,85
-175,-556,82
-138,-521,52
-111,-463,8
-85,-399,-33
-59,-359,-61
-22,-341,-88
35,-345,-109
110,-373,-133
200,-425,-148
274,-510,-154
321,-625,-150
349,-769,-131
377,-932,-94
400,-1104,-53
416,-1287,-5
441,-1448,48
475,-1594,102
505,-1722,153
537,-1832,210
562,-1911,264
571,-1958,304
575,-1969,324
579,-1944,319
550,-1880,303
489,-1794,284
393,-1681,262
279,-1528,226
190,-1358,168
153,-1168,83
164,-956,-25
180,-704,-146
159,-394,-265
81,-35,-351
-47,355,-403
-189,771,-435
-345,1210,-455
-499,1694,-469
-625,2244,-495
-761,2832,-532
-1002,3389,-570
-1604,3721,-569
-2511,3730,-463
-3375,3495,-287
-3855,3175,-196
-3680,3078,-92
-2961,3189,263
-1796,3276,704
-456,3114,965
790,2551,847
1768,1656,297
2352,562,-514
2667,-621,-1305
2977,-1894,-1827
3388,-3181,-2037
3848,-4370,-1977
4343,-5215,-1696
4708,-5559,-1284
4739,-5525,-852
4437,-5164,-474
3796,-4539,-162
2864,-3714,83
1819,-2731,309
820,-1688,516
-27,-648,704
-703,344,830
-1235,1271,870
-1673,2070,826
-2101,2681,736
-2543,3053,657
-2899,3186,614
-3065,3097,598
-3002,2820,588
-2708,2400,586
-2230,1881,602
-1629,1304,635
-961,689,690
-315,81,758
260,-475,815
756,-965,833
1156,-1363,801
1433,-1644,738
1577,-1813,660
1605,-1878,595
1535,-1863,564
1398,-1773,558
1201,-1626,569
955,-1435,580
676,-1209,584
393,-950,574
132,-679,545
-96,-422,498
-299,-194,434
-477,-1,355
-626,158,266
-758,270,170
-877,337,73
-974,366,-5
-1041,373,-47
-1091,372,-61
-1118,373,-70
-1116,387,-73
-1084,418,-93
-1027,460,-136
-953,509,-185
-864,563,-229
-773,610,-272
-680,646,-305
-575,667,-341
-444,678,-381
-308,683,-429
-190,667,-477
-144,615,-497
-266,484,-468
-589,274,-375
-952,76,-254
-1147,8,-178
-1137,103,-160
-1031,318,-175
-946,607,-168
-931,943,-12
-851,1334,417
-382,1754,1029
646,2029,1538
2076,2025,1685
3431,1703,1398
4261,1041,784
4518,117,41
4477,-883,-620
4393,-1794,-1047
4252,-2527,-1194
3989,-3077,-1121
3557,-3433,-911
2974,-3578,-621
2340,-3498,-312
1747,-3204,-41
1253,-2730,166
888,-2143,287
640,-1489,309
475,-796,229
346,-137,86
204,465,-50
17,1010,-122
-201,1490,-101
-437,1905,9
-633,2259,197
-757,2552,413
-825,2782,624
-866,2931,805
-919,2979,933
-950,2900,990
-913,2706,974
-762,2414,899
-486,2058,789
-129,1670,662
242,1267,521
569,881,356
802,536,160
935,263,-66
997,69,-319
1001,-40,-590
976,-77,-834
944,-72,-1017
957,-41,-1122
1028,-4,-1140
1171,27,-1085
1355,42,-986
1571,29,-870
1788,-13,-758
1990,-71,-674
2176,-148,-626
2351,-239,-597
2508,-330,-577
2637,-415,-559
2730,-478,-535
2777,-510,-507
2776,-515,-470
2723,-488,-426
2635,-434,-377
2495,-357,-321
2318,-262,-261
2106,-152,-208
1875,-54,-153
1624,42,-101
1365,137,-58
1098,223,-30
833,313,0
562,420,41
303,556,102
84,704,169
-75,840,221
-177,942,247
-228,990,264
-214,970,281
-134,892,294
-2,763,311
189,599,330
421,410,350
675,206,382
929,3,421
1175,-171,457
1411,-330,495
1625,-444,538
1799,-511,580
1934,-542,618
2010,-534,644
2048,-496,661
2026,-437,670
1949,-361,681
1833,-274,694
1682,-187,696
1520,-115,698
1362,-61,689
1228,-22,664
1145,2,625
1130,7,563
1177,-7,476
1282,-46,371
1439,-110,259
1643,-199,151
1854,-297,52
2017,-399,-28
2097,-483,-86
2073,-539,-144
1956,-551,-190
1745,-518,-225
1449,-435,-244
1081,-314,-254
627,-171,-267
27,-32,-289
-824,108,-296
-1797,248,-234
-2610,432,-103
-3176,683,36
-3537,973,150
-3764,1247,228
-3868,1468,261
-3828,1633,260
-3620,1770,231
-3263,1890,168
-2796,1964,66
-2286,1975,-48
-1750,1934,-153
-1187,1838,-243
-645,1697,-315
-156,1524,-366
251,1334,-401
583,1131,-437
821,931,-480
975,740,-535
1070,585,-592
1139,459,-633
1212,347,-658
1335,217,-675
1527,68,-689
1788,-86,-701
2091,-255,-689
2386,-432,-653
2635,-606,-600
2803,-795,-547
2878,-998,-491
2872,-1202,-434
2782,-1385,-361
2634,-1533,-276
2435,-1633,-179
2191,-1674,-75
1922,-1657,27
1642,-1588,128
1354,-1480,202
1061,-1337,240
794,-1174,240
576,-992,199
412,-811,133
301,-630,59
238,-439,6
205,-243,-6
201,-58,25
223,116,85
258,259,144
312,365,184
384,427,209
474,451,223
593,448,241
740,427,267
913,400,306
1105,384,357
1292,376,414
1457,383,471
1597,400,527
1702,434,587
1777,478,632
1805,528,662
1773,568,674
1686,586,657
1545,577,611
1377,562,528
1189,542,416
988,527,292
780,500,170
577,455,90
403,377,49
276,278,31
219,182,13
240,92,-8
319,14,-31
432,-52,-51
547,-106,-64
646,-152,-76
716,-195,-84
751,-223,-89
747,-237,-100
703,-240,-113
630,-220,-129
537,-182,-148
439,-127,-166
339,-54,-180
252,30,-193
176,125,-202
124,215,-207
88,294,-208
73,365,-203
76,423,-198
87,469,-191
119,500,-184
156,518,-170
180,520,-174
193,518,-199
190,512,-236
181,493,-278
169,474,-313
145,457,-338
120,439,-361
104,424,-380
107,423,-404
133,423,-428
180,425,-452
250,434,-475
321,441,-494
388,442,-506
439,437,-505
466,420,-495
472,408,-482
465,405,-461
451,411,-437
443,430,-418
439,464,-395
429,510,-360
405,561,-308
371,616,-238
343,670,-165
329,716,-98
334,744,-59
377,750,-48
457,733,-56
579,681,-75
734,592,-96
916,457,-111
1096,272,-103
1254,52,-93
1398,-189,-84
1527,-462,-86
1646,-726,-97
1756,-964,-117
1847,-1157,-127
1890,-1285,-122
1879,-1347,-97
1805,-1350,-68
1677,-1306,-43
1512,-1217,-33
1311,-1089,-35
1089,-952,-53
853,-811,-83
614,-667,-116
374,-532,-147
151,-410,-169
-41,-297,-186
-201,-199,-191
-341,-115,-184
-449,-47,-170
-512,9,-150
-538,52,-129
-526,87,-111
-480,109,-98
-397,120,-91
-292,122,-96
-180,114,-99
-78,97,-100
-5,80,-95
44,60,-74
65,37,-49
70,14,-23
62,-2,-8
61,-11,-6
57,-16,-17
48,-10,-40
47,5,-52
45,24,-56
33,40,-56
20,55,-54
13,67,-51
10,66,-52
26,56,-59
49,35,-62
89,14,-65
121,-8,-66
136,-27,-62
137,-42,-53
126,-54,-43
106,-63,-35
76,-68,-29
50,-65,-27
23,-54,-27
-5,-36,-25
-20,-9,-10
-28,18,20
-53,46,40
-81,73,41
-98,101,32
-113,124,17
-113,146,5
-94,157,5
-72,161,23
-57,153,38
-44,151,45
-32,146,33
5,136,19
40,130,10
75,119,10
104,107,21
124,98,31
130,93,36
129,86,35
115,86,33
91,90,38
70,92,42
47,93,46
23,89,44
8,85,42
-2,79,38
-6,70,34
-5,56,31
6,37,28
23,16,24
48,-5,19
82,-20,17
116,-39,12
150,-53,17
181,-60,14
214,-64,6
238,-64,-3
251,-59,-8
257,-46,-16
251,-32,-26
232,-14,-31
212,9,-33
185,35,-32
162,64,-28
136,90,-26
108,110,-24
87,126,-17
74,146,-11
78,164,-2
94,168,8
116,168,16
138,164,25
165,156,38
192,146,51
214,135,61
226,124,74
231,122,84
226,118,97
210,123,108
187,135,116
158,153,122
111,172,122
54,195,125
-7,218,132
-62,244,140
-103,264,146
-146,281,151
-185,300,155
-210,311,161
-223,313,161
-224,312,161
-219,299,163
-211,286,160
-197,268,155
-185,250,149
-173,229,150
-166,218,155
-162,207,164
-164,205,161
-154,211,150
-148,216,141
-156,215,145
-183,206,155
-209,183,155
-223,155,144
-230,121,133
-230,86,121
-222,55,104
-213,30,95
-200,17,88
-193,15,89
-200,26,90
-219,39,93
-235,59,96
-260,82,100
-279,107,105
-282,123,106
-276,141,100
-260,155,97
-237,160,94
-213,164,92
-179,163,96
-150,161,96
-122,158,93
-107,153,94
-96,147,94
-87,141,94
-82,135,97
-79,124,98
-82,114,97
-90,106,102
-105,103,109
-124,99,110
-141,93,109
-156,91,100
-172,94,96
-176,96,89
-179,98,86
-167,102,83
-151,104,81
-136,105,81
-112,103,78
-90,98,76
-74,86,73
-59,79,69
-42,70,64
-22,62,56
-5,58,48
7,55,41
17,53,38
24,52,38
27,55,35
27,57,32
28,61,32
23,66,33
19,67,33
15,66,32
10,60,33
7,55,31
8,47,34
10,33,36
12,22,35
13,12,34
21,1,30
36,-4,31
40,-10,30
39,-14,32
38,-12,33
26,-4,34
20,0,34
5,11,36
-6,19,34
-18,27,32
-24,36,33
-29,42,30
-33,54,29
-27,60,31
-23,69,31
-21,72,34
-18,74,31
-15,77,30
-15,83,28
-12,88,28
-15,90,24
-15,90,23
-14,84,19
-9,86,20
-4,87,18
-5,79,17
-9,75,18
-16,66,12
-15,69,16
-15,67,18
-19,64,16
-21,61,16
-17,61,14
-13,57,10
-4,56,5
1,52,6
4,49,3
8,49,3
9,48,1
8,44,0
7,44,0
10,45,0
12,43,0
10,45,-1
10,45,2
10,51,3
8,51,3
2,54,2
-2,59,5
-7,63,5
-13,69,9
-21,71,12
-28,77,11
-31,83,12
-32,82,14
-37,81,20
-35,77,22
-27,68,17
-20,61,16
-11,56,18
3,54,15
21,49,8
39,41,8
53,37,6
63,39,5
73,36,2
78,38,1
74,42,1
68,47,0
59,55,0
52,59,0
45,63,-3
35,64,-5
32,71,-6
25,73,-7
21,72,-12
20,72,-10
21,71,-7
25,69,-9
31,66,-2
33,68,5
41,67,6
48,65,11
55,62,14
64,61,16
72,57,20
82,55,24
92,52,23
109,50,23
117,52,22
126,50,25
134,49,25
136,52,22
137,59,28
135,58,26
127,56,23
121,60,26
113,64,26
104,66,27
95,71,28
91,71,31
86,73,39
80,73,44
74,72,49
69,71,51
68,68,53
73,66,52
81,63,45
87,64,37
82,65,38
82,65,41
85,64,46
87,59,47
85,56,47
90,53,45
88,49,45
89,45,46
82,39,47
77,36,50
73,37,50
68,37,47
56,44,49
49,53,46
43,60,46
36,65,46
31,69,39
31,75,28
19,75,26
5,73,32
-3,73,42
-5,72,42
-1,71,37
6,71,32
11,62,28
13,58,18
16,58,12
19,54,5
14,55,3
4,54,7
0,53,8
-4,51,11
-5,54,12
-8,57,10
-7,64,13
-8,68,13
-8,75,13
-4,82,12
-9,84,7
-8,83,3
-13,84,2
-14,81,2
-15,71,1
-17,62,-2
-15,59,-1
-10,57,-1
-8,53,-1
-9,51,1
-4,50,1
-2,51,5
-2,52,7
0,55,6
3,56,6
8,58,7
11,58,8
17,57,8
20,59,10
20,60,10
22,60,10
22,56,10
19,55,10
16,53,7
9,49,7
8,46,7
5,47,5
-6,45,4
-6,46,2
-8,44,2
-11,39,0
-7,38,-1
-9,34,2
-4,34,1
-2,33,2
-2,33,3
0,34,5
4,32,3
5,30,3
11,34,5
14,33,5
14,30,1
14,34,1
12,31,2
11,29,1
7,31,-3
10,30,-2
13,26,-6
17,27,-8
19,22,-6
27,21,-7
31,24,-7
34,22,-8
36,25,-6
39,27,-10
43,29,-12
38,29,-14
35,26,-13
40,24,-15
35,22,-18
36,22,-17
37,15,-17
34,14,-18
34,11,-15
34,6,-16
30,9,-18
26,8,-19
23,1,-13
21,-6,-11
20,-8,-8
15,-12,-9
12,-12,-6
12,-9,-4
13,-3,-3
7,3,0
2,9,2
-3,12,3
-7,17,4
-9,23,4
-16,24,7
-18,21,8
-14,12,7
-12,6,5
-16,-2,4
-22,-14,8
-20,-22,6
-21,-26,7
-17,-29,6
-10,-32,0
-9,-36,-1
-4,-35,-5
-1,-37,-8
1,-36,-8
-1,-34,-8
-4,-36,-12
-6,-38,-12
-9,-37,-10
-14,-40,-8
-13,-40,-7
-15,-43,-6
-7,-44,-6
2,-47,-3
11,-51,-3
19,-53,-3
24,-53,-2
28,-50,1
34,-44,4
36,-43,8
30,-39,8
21,-32,15
4,-24,21
-8,-13,24
-18,0,30
-26,12,36
-30,23,35
-38,26,38
-39,25,42
-36,27,41
-29,25,48
-26,20,49
-21,13,46
-8,8,48
-2,3,50
3,2,57
4,-3,58
5,-7,56
6,-9,57
9,-4,58
14,7,57
21,13,55
27,17,53
29,13,51
25,6,50
26,-1,52
32,-7,50
36,-10,48
38,-13,40
30,-20,37
19,-24,34
8,-22,37
-5,-21,36
-21,-20,40
-25,-10,36
-28,2,31
-32,12,25
-36,21,22
-45,26,20
-53,32,22
-55,28,19
-56,28,19
-67,27,21
-68,29,21
-63,30,16
-61,30,11
-58,26,11
-57,23,15
-55,16,17
-56,13,20
-56,5,25
-53,3,30
-49,0,37
-40,-2,37
-28,5,32
-24,7,32
-26,9,31
-39,11,32
-48,12,33
-59,14,31
-70,17,35
-77,18,35
-84,22,33
-98,20,32
-106,21,32
-107,26,29
-99,28,24
-88,28,22
-81,27,19
-81,19,19
-76,16,22
-64,16,20
-54,15,15
-49,15,11
-42,20,8
-36,21,5
-37,19,2
-37,19,3
-36,15,-1
-36,11,-2
-46,7,0
-50,6,-1
-57,-1,3
-67,-5,6
-72,-3,7
-67,-1,2
-65,3,2
-64,13,-1
-70,16,4
-73,21,6
-74,25,5
-77,27,7
-78,27,8
-81,26,8
-81,25,5
-85,23,7
-89,19,7
-89,17,8
-86,14,10
-80,10,11
-75,4,12
-73,-4,9
-69,-7,5
-59,-6,7
-57,-5,4
-52,-5,1
-49,-5,1
-51,-5,0
-54,-1,-2
-54,-4,-1
-54,-6,-1
-54,-6,-4
-52,-11,-2
-56,-12,-3
-57,-17,-4
-54,-18,-5
-57,-21,-7
-57,-20,-6
-54,-21,-6
-54,-20,-6
-54,-18,-6
-53,-18,-10
-53,-11,-5
-57,-6,-4
-59,-4,-7
-62,2,-6
-65,11,-2
-68,15,-5
-67,18,-6
-64,18,-5
-59,20,-4
-56,19,-4
-57,15,-1
-52,12,1
-45,4,1
-44,6,4
-46,7,6
-46,4,6
-48,-1,6
-53,-4,7
-58,-4,8
-63,-4,8
-69,-5,9
-74,2,9
-75,1,12
-75,3,8
-79,6,7
-81,5,7
-81,3,6
-82,10,5
-80,11,4
-77,11,1
-77,12,2
-77,13,2
-75,14,3
-74,12,-2
-74,9,-5
-75,6,-6
-75,4,-8
-74,-1,-7
-70,-2,-10
-65,-1,-8
-58,-4,-12
-50,-6,-17
-37,-10,-20
-25,-16,-24
-11,-21,-27
-3,-24,-28
9,-26,-32
17,-32,-33
27,-33,-33
40,-37,-36
65,-32,-27
69,-31,-22
57,-34,-39
56,-36,-45
61,-34,-42
61,-30,-37
64,-28,-32
76,-25,-31
72,-23,-32
71,-23,-29
73,-23,-28
65,-24,-22
60,-21,-17
59,-23,-13
64,-25,-11
66,-22,-7
72,-19,-7
81,-17,-3
91,-14,0
101,-11,1
107,-4,1
110,1,1
109,5,3
101,8,1
100,9,1
99,9,1
92,8,0
91,7,3
96,5,0
100,0,-2
104,-3,-4
103,0,-2
104,-2,-3
101,-3,-7
101,-3,-6
101,-2,-5
102,2,-6
103,4,-5
105,4,-4
102,8,-2
101,10,0
97,8,-3
96,7,-2
92,5,-4
90,4,-6
89,3,-5
84,3,-7
72,3,-8
67,7,-9
60,7,-10
52,5,-11
45,9,-13
44,11,-16
41,9,-15
36,4,-16
34,0,-19
37,-7,-22
38,-10,-20
34,-13,-21
39,-17,-23
37,-23,-25
33,-22,-26
33,-23,-26
25,-22,-27
21,-21,-27
14,-22,-27
5,-19,-25
-2,-18,-25
-9,-20,-23
-15,-19,-22
-23,-20,-18
-22,-19,-17
-28,-19,-17
-34,-22,-19
-40,-22,-14
-45,-24,-11
-46,-24,-10
-49,-24,-7
-53,-24,-11
-55,-23,-10
-58,-20,-11
-64,-18,-13
-66,-22,-14
-70,-22,-14
-74,-21,-13
-76,-22,-14
-76,-23,-12
-80,-25,-13
-89,-26,-12
-94,-21,-13
-103,-20,-17
-108,-20,-14
-113,-17,-14
-120,-14,-14
-121,-14,-11
-124,-9,-9
-124,-4,-10
-117,-1,-8
-119,2,-6
-118,5,-5
-113,8,-6
-113,8,-6
-114,8,-8
-111,10,-7
-111,10,-7
-107,10,-3
-102,7,-1
-100,0,0
-98,-4,1
-91,-10,0
-84,-21,-3
-84,-28,-4
-88,-31,-5
-89,-33,-5
-93,-36,-1
-100,-36,-1
-104,-35,-4
-104,-31,-4
-105,-27,-6
-103,-22,-6
-102,-17,-4
-108,-6,-6
-111,1,-6
-108,3,-6
-109,7,-2
-107,7,-4
-101,13,-1
-95,15,-2
-89,12,-1
-83,4,1
-74,5,1
-66,3,3
-55,0,4
-51,-3,6
-50,-7,3
-52,-8,2
-56,-8,-1
-60,-8,1
-69,-1,2
-75,6,3
-79,8,0
-82,10,4
-80,13,4
-79,18,3
-76,21,-1
-71,18,0
-63,20,-1
-53,18,-2
-43,20,-4
-33,18,-4
-21,17,-3
-13,19,-8
-7,18,-9
-3,22,-6
3,24,-6
3,28,-7
7,25,-5
10,29,-8
10,30,-9
9,31,-10
4,29,-11
8,30,-10
7,30,-8
7,30,-8
9,27,-5
10,29,1
5,31,2
5,32,5
5,30,7
7,30,10
9,27,11
10,29,15
13,29,15
17,28,12
25,24,11
33,24,12
32,23,14
30,22,15
29,26,11
29,27,11
28,33,13
26,37,11
27,40,9
28,44,12
26,46,11
24,45,9
25,46,6
32,48,9
35,43,11
33,41,11
35,33,10
39,28,7
39,24,8
36,24,10
36,23,9
40,16,7
41,15,6
46,13,5
48,11,5
47,12,2
44,13,3
38,15,3
35,15,3
27,17,1
28,22,3
24,23,2
20,23,5
23,27,5
23,28,5
26,25,4
29,19,7
29,12,4
26,5,4
26,1,8
25,-1,12
22,-4,11
21,-6,9
26,-9,6
29,-4,5
28,1,8
27,3,4
31,9,2
29,10,3
27,10,-1
21,14,-6
17,13,-2
12,13,1
6,18,0
6,19,1
9,21,1
12,21,0
17,19,1
27,13,6
35,7,5
41,2,5
37,-4,8
35,-8,10
35,-13,12
36,-13,15
33,-11,13
32,-8,13
32,-4,14
35,-1,13
37,1,10
48,0,7
52,5,11
52,11,12
55,7,10
57,7,9
56,6,13
55,6,12
57,3,9
59,2,11
58,3,6
60,6,5
60,6,3
61,6,0
62,7,2
62,8,2
58,13,4
52,13,1
47,12,3
41,15,5
35,20,2
33,17,1
31,23,4
33,22,5
36,21,8
33,24,9
35,26,9
32,24,13
37,22,12
41,22,18
43,20,16
38,18,17
36,17,19
35,15,15
36,20,18
35,21,18
36,20,16
31,22,17
29,25,13
28,27,12
24,24,14
23,25,13
20,22,9
18,20,11
13,22,11
10,19,9
11,18,7
10,20,8
6,19,8
5,19,5
8,16,1
13,17,3
17,17,5
19,17,6
21,13,5
24,9,3
21,10,7
16,11,7
13,11,7
8,13,8
5,13,7
0,13,5
0,13,4
-3,18,2
0,18,4
3,20,5
3,24,3
9,25,3
13,23,2
13,21,2
16,19,3
13,15,2
11,8,4
11,5,4
13,4,4
17,3,2
27,1,1
30,-3,3
31,-5,2
34,-7,-1
33,-5,0
31,-8,-1
33,-9,-4
34,-4,-1
23,2,-3
11,8,-6
5,11,-3
4,12,-1
8,11,-3
7,14,-3
10,13,-2
13,11,4
12,8,4
16,5,4
18,2,8
19,0,7
23,1,8
22,2,6
18,0,8
17,4,7
18,4,4
16,3,4
17,2,1
14,2,3
8,0,5
10,4,1
10,6,0
10,5,-1
13,4,-1
8,5,0
9,7,1
10,11,1
9,17,0
11,15,2
10,15,1
14,16,0
13,14,2
12,15,5
12,14,2
15,15,1
10,15,2
4,13,2
3,17,4
1,17,8
-2,17,8
-12,22,5
-17,24,3
-14,22,2
-13,23,2
-18,25,8
-22,22,7
-25,21,7
-25,18,7
-25,15,6
-25,14,6
-27,15,5
-24,10,3
-24,7,7
-28,7,7
-24,9,5
-22,12,2
-20,14,4
-21,14,4
-23,16,5
-20,19,7
-21,23,8
-23,23,6
-23,24,6
-23,24,8
-26,21,9
-30,19,8
-33,18,7
-34,18,6
-37,18,6
-36,12,5
-36,11,2
-39,14,2
-43,14,6
-45,20,6
-46,21,6
-43,25,6
-42,31,8
-40,30,11
-36,30,13
-35,33,15
-33,32,18
-30,27,22
-29,21,25
-23,19,26
-17,17,29
-13,12,29
-16,13,30
-17,15,32
-24,17,33
-26,23,38
-25,31,42
-25,34,42
-19,40,41
-18,47,42
-14,52,44
-8,57,43
-7,59,44
-8,62,45
-8,64,45
-7,67,44
-10,74,42
-10,72,42
-10,72,39
-9,69,38
-7,63,35
-5,63,32
-5,60,34
-2,50,33
5,45,33
3,39,33
7,36,36
5,33,35
3,32,32
2,33,29
2,32,27
-3,33,23
-5,35,20
-1,37,17
-1,39,14
-2,41,12
1,42,13
1,43,12
-2,45,10
-5,44,9
-7,44,7
-8,47,7
-9,46,8
-12,44,6
-14,45,7
-16,45,8
-16,44,7
-14,42,4
-18,45,8
-19,44,11
-18,45,8
-20,42,11
-17,42,14
-13,36,12
-15,39,12
-15,41,14
-9,36,12
-12,37,16
-15,35,17
-21,36,16
-23,37,15
-23,39,15
-26,41,14
-24,42,14
-24,47,14
-25,48,16
-20,52,15
-20,55,14
-21,55,17
-15,55,16
-10,57,17
-5,55,12
-1,49,12
7,44,13
11,39,8
17,35,8
20,33,9
23,31,7
26,28,6
29,33,9
29,37,9
26,40,7
24,39,7
21,40,11
23,42,10
22,48,6
21,43,6
23,43,9
26,42,10
30,42,10
34,36,8
36,39,12
42,42,12
45,42,13
47,48,12
51,47,7
48,44,9
48,45,11
49,44,13
51,41,15
52,38,15
52,36,13
47,33,13
41,31,14
33,32,15
30,39,16
30,44,17
31,46,18
34,47,13
35,46,13
40,43,10
42,40,6
39,37,5
39,32,4
38,24,3
36,15,3
32,9,2
26,4,-2
27,1,1
22,0,1
19,3,0
20,2,-2
16,6,-3
11,8,-2
10,11,-4
7,16,-1
2,20,0
0,25,1
-2,27,4
0,27,5
1,30,6
4,28,10
1,24,13
-3,24,13
-1,19,13
-1,20,14
0,18,11
-1,17,9
-5,20,8
-4,19,10
-10,20,9
-15,26,8
-16,28,6
-18,25,7
-25,28,2
-31,29,-1
-31,24,1
-27,25,2
-28,23,2
-25,15,1
-23,11,2
-24,11,-1
-19,3,2
-18,4,1
-21,3,-1
-16,1,2
-14,6,1
-11,7,2
-8,12,2
-7,12,5
-2,13,2
1,15,3
-4,17,5
-5,17,2
-10,20,0
-14,17,3
-11,21,5
-12,22,4
-16,24,3
-19,23,5
-24,23,6
-22,25,6
-25,25,4
-28,26,4
-26,27,5
-26,27,4
-23,23,4
-24,18,3
-23,17,3
-19,14,3
-16,13,-1
-9,7,-5
-5,6,-5
-2,0,-1
5,-6,-5
9,-8,-8
14,-7,-8
20,-9,-8
23,-9,-9
26,-8,-10
27,-7,-9
27,-3,-9
22,0,-6
19,10,-7
17,18,-8
15,25,-4
8,25,-4
4,26,-3
2,23,-3
0,21,1
1,12,4
4,-2,4
8,-7,3
13,-13,4
16,-14,4
13,-9,3
8,-11,3
6,-7,0
3,2,-1
-8,8,0
-10,9,-3
-12,11,-8
-13,12,-9
-13,16,-12
-11,15,-12
-4,15,-12
-1,17,-15
3,14,-15
5,12,-14
8,10,-13
9,10,-12
9,9,-10
12,8,-9
14,5,-7
13,2,-7
8,3,-8
6,9,-7
5,7,-3
-1,5,-2
-7,9,-1
-5,8,1
-7,8,3
-8,14,4
-8,13,1
-8,11,1
-2,7,1
-3,11,2
-1,9,4
0,11,3
-8,11,3
-13,10,5
-15,11,2
-19,9,0
-19,13,-1
-22,14,-1
-25,13,0
-26,15,-4
-28,11,-2
-30,13,0
-28,10,-2
-28,9,-5
-22,11,-7
-22,13,-8
-20,15,-7
-19,15,-5
-18,16,-8
-16,19,-8
-20,20,-2
-18,24,-6
-20,23,-7
-26,22,-7
-25,22,-6
-24,18,-7
-26,19,-5
-21,17,-6
-23,17,-5
-24,16,-4
-21,15,-2
-20,15,-3
-21,11,-3
-19,12,-3
-18,15,-4
-22,16,-1
-19,15,-4
-18,12,-5
-20,10,-5
-18,12,-6
-17,14,-8
-15,13,-7
-18,10,-9
-17,9,-6
-19,7,-9
-23,6,-10
-23,9,-11
-15,5,-8
-11,3,-8
-11,4,-8
-5,2,-8
-1,-2,-8
6,-3,-10
1,-4,-4
3,-2,-1
11,-1,-1
10,-1,1
7,1,2
8,7,0
7,13,2
9,11,2
9,14,-2
11,13,-1
13,5,-1
10,0,-3
1,-4,2
-3,-4,5
-8,-4,4
-15,-6,5
-18,-6,1
-15,-2,1
-13,2,3
-7,2,2
-7,7,-3
-6,6,-2
0,8,-2
-3,8,-2
-5,10,-3
-1,9,-6
4,7,-10
7,11,-9
13,5,-9
13,9,-9
16,10,-13
18,6,-12
17,0,-10
18,-3,-10
11,-4,-11
11,-4,-6
10,-4,-3
6,-1,-8
8,0,-5
7,4,-3
7,7,0
12,7,4
11,12,6
17,15,6
16,13,7
17,12,9
16,9,6
14,7,3
9,7,2
5,7,5
4,7,3
3,9,4
0,9,0
2,9,-3
-2,12,-2
-3,14,-4
-5,17,-5
-1,16,-2
1,13,-5
2,11,-4
6,7,-9
7,2,-14
12,1,-15
16,-4,-13
15,-5,-10
16,-4,-12
16,-5,-14
11,-3,-11
6,2,-13
8,4,-10
6,9,-8
6,11,-7
10,14,-6
13,16,-4
14,14,-4
13,13,-2
9,14,-2
6,16,-2
6,14,-2
4,12,-5
0,17,-5
-8,18,-3
-15,19,-4
-16,19,-1
-20,22,-3
-23,22,-4
-20,26,-4
-15,25,-7
-14,21,-8
-11,23,-6
-7,19,-5
-3,15,-9
3,9,-6
4,2,-7
7,-5,-8
16,-8,-10
24,-11,-9
22,-11,-5
24,-13,-10
25,-10,-10
26,-11,-5
20,-5,0
17,-1,-3
11,7,-3
5,13,-1
7,17,1
5,20,-1
5,20,0
6,21,3
9,21,7
7,12,3
2,6,4
-4,3,4
-8,3,2
-13,0,2
-14,-2,1
-11,0,4
-7,4,4
-3,6,3
3,8,2
8,12,-1
12,16,0
15,20,-3
19,22,-3
14,25,-4
12,30,1
13,31,-4
15,31,-4
16,28,-4
18,25,-6
19,21,-7
24,18,-8
27,14,-7
35,12,-6
36,14,-2
34,13,-3
28,8,-1
22,7,2
21,11,3
12,13,2
6,16,2
5,22,0
6,24,1
5,24,2
4,27,3
8,28,4
9,25,6
9,25,8
8,26,6
12,24,4
17,24,5
18,23,3
18,20,2
20,20,2
21,21,2
19,20,-1
15,22,-5
15,22,-7
16,21,-6
14,23,-9
17,24,-10
16,23,-6
15,23,-5
15,23,-5
16,23,-8
20,24,-7
20,21,-9
18,19,-6
17,16,-4
23,16,1
33,22,12
21,15,6
10,7,-10
4,0,-4
-3,2,1
-7,5,0
-15,2,2
-16,5,-1
-16,6,-1
-10,9,-1
-5,11,0
-5,8,4
-5,5,1
-3,3,3
-6,1,3
-9,-2,1
-15,-7,-1
-15,-6,-3
-22,-5,-2
-22,-3,-1
-26,-4,-4
-28,-4,-4
-27,-1,-3
-25,0,-3
-26,2,-8
-26,2,-11
-31,-2,-12
-36,0,-12
-36,-5,-13
-39,-3,-14
-39,3,-10
-41,4,-9
-45,7,-11
-49,8,-9
-45,8,-5
-41,14,-6
-44,17,-6
-42,17,-5
-36,16,-5
-27,13,-2
-22,11,-2
-21,8,0
-20,5,1
-22,7,0
-31,9,0
-37,8,-1
-35,5,0
-32,9,1
-29,13,3
-27,13,1
-23,17,1
-26,24,1
-31,28,0
-33,30,2
-35,37,4
-38,42,1
-42,42,5
-50,40,5
-48,35,3
-45,29,4
-39,20,7
-37,15,8
-30,11,6
-29,9,4
-26,4,8
-20,4,9
-16,5,9
-13,6,8
-9,10,9
-10,16,9
-8,22,9
0,22,11
-4,26,15
-4,29,16
-5,26,15
-7,28,19
-9,32,22
-8,30,21
-9,29,18
-10,29,20
-10,28,23
-10,27,23
-10,28,25
-11,30,30
-9,34,33
-13,35,32
-18,35,31
-21,40,36
-25,39,40
-25,41,40
-28,44,40
-31,44,40
-38,44,41
-39,44,43
-42,43,44
-44,46,45
-44,47,41
-40,46,41
-40,52,43
-43,59,41
-40,62,39
-30,65,41
-19,68,40
-9,69,41
0,67,44
7,69,52
19,69,51
40,72,39
53,71,29
61,72,23
61,70,21
59,70,19
55,67,19
49,64,16
46,66,15
38,68,10
28,67,8
22,68,9
19,72,9
12,76,12
2,74,7
-2,73,10
-3,75,9
-3,72,13
-4,68,11
-2,63,8
-2,58,11
-5,54,7
-7,50,9
-14,48,9
-20,49,6
-23,47,6
-27,53,6
-32,54,5
-28,54,4
-26,56,5
-20,53,4
-12,51,5
-4,46,6
1,41,5
7,35,5
6,32,7
10,30,9
14,30,10
11,30,9
14,33,11
17,40,12
16,43,10
11,48,14
7,51,13
5,53,11
5,56,11
-1,56,15
-9,50,16
-17,46,12
-21,44,16
-24,44,19
-25,42,20
-26,39,17
-23,32,21
-19,29,21
-13,27,22
-9,24,21
-2,28,19
-3,33,20
-1,36,16
6,35,16
5,34,16
3,40,13
1,42,10
10,41,6
13,38,7
16,38,7
21,42,5
23,42,4
34,40,3
40,38,3
40,37,5
42,36,1
44,38,2
38,37,0
36,39,1
33,42,5
24,47,3
15,52,7
10,54,7
5,54,4
8,56,6
0,56,7
-1,57,10
-4,55,10
-2,54,10
0,49,11
2,47,11
4,44,13
4,38,14
6,36,16
8,33,17
12,26,16
15,22,15
18,22,11
17,18,14
18,14,12
21,18,11
23,16,8
28,11,5
25,12,5
23,13,7
26,11,9
26,8,8
26,6,10
23,4,9
18,6,9
17,5,12
15,6,10
13,7,12
5,8,11
1,7,10
-5,8,10
-9,6,10
-12,8,8
-12,7,10
-13,5,13
-16,7,12
-12,4,11
-7,1,12
-7,6,11
-7,9,10
-9,8,7
-11,12,10
-14,17,11
-15,20,11
-12,21,9
-12,24,10
-10,24,9
-8,25,9
-3,18,9
-5,13,5
-8,9,5
-13,7,7
-13,3,8
-13,4,9
-11,7,8
-17,11,6
-15,11,5
-12,16,3
-13,16,4
-10,17,4
-10,13,0
-13,11,0
-17,11,2
-22,10,4
-18,6,5
-18,4,2
-17,6,1
-16,4,1
-18,4,0
-11,-1,-3
-12,-2,-2
-8,-3,-5
-11,-4,0
-6,-5,1
-5,-2,-1
0,-4,-3
3,-3,-2
3,-2,2
7,-3,0
8,-3,-1
11,-7,-1
16,-5,1
18,1,1
18,-1,-3
20,-1,0
24,1,4
21,3,3
21,8,4
18,11,3
16,14,3
16,18,4
18,21,5
18,25,5
16,28,5
13,28,6
10,26,9
6,22,9
4,25,7
3,23,10
4,19,10
1,14,11
-4,14,9
-5,15,8
-9,13,11
-13,13,12
-14,16,11
-13,20,13
-14,21,13
-18,24,13
-19,22,13
-18,23,15
-12,21,15
-8,24,12
-3,18,15
-6,16,12
-4,15,11
-3,13,9
-2,10,8
1,8,10
3,8,8
-3,7,8
-6,5,6
-8,5,3
-14,12,3
-19,11,1
-26,15,-2
-33,19,-4
-38,23,-2
-42,24,1
-43,26,0
-43,26,0
-41,25,1
-43,25,0
-38,20,4
-32,17,3
-28,17,7
-26,16,7
-21,16,6
-20,15,10
-23,17,9
-29,19,9
-29,21,8
-35,27,8
-43,30,10
-41,27,9
-38,25,12
-36,21,11
-39,10,14
-42,4,12
-44,-1,14
-40,-2,15
-39,-6,14
-43,-5,18
-45,0,15
-43,5,13
-42,7,15
-38,10,13
-36,12,11
-38,13,12
-38,12,11
-35,15,7
-36,13,8
-34,11,10
-37,12,9
-36,12,2
-37,13,2
-32,6,2
-28,4,1
-27,2,1
-25,-2,0
-23,-3,-2
-22,-2,-3
-18,-2,-1
-12,-1,-3
-16,1,-2
-9,5,2
-8,3,0
-2,5,-2
5,5,-3
10,8,-2
13,11,0
17,11,0
21,10,-1
22,11,0
27,9,2
31,11,1
35,11,2
35,7,0
36,9,-2
34,11,-1
39,11,-1
40,11,-5
38,12,-5
38,16,-6
37,12,-5
36,12,-3
35,10,-3
30,12,-3
24,10,-2
20,9,-3
21,10,-3
16,13,0
13,14,1
10,18,4
8,24,4
11,21,5
8,24,8
7,23,10
8,23,7
7,23,8
8,19,11
5,20,12
6,15,9
8,11,7
10,14,3
11,12,1
13,12,1
11,12,0
10,13,-2
7,15,-2
5,18,-1
2,19,-1
2,18,-3
-5,15,-4
-7,16,-3
-9,15,-2
-9,9,0
-13,9,-3
-16,7,-3
-17,-1,0
-23,-4,0
-27,-7,-2
-33,-7,-3
-40,-7,-1
-44,-8,0
-50,-4,-2
-57,3,2
-67,11,1
-71,15,1
-73,22,0
-73,28,0
-70,27,-1
-60,21,-2
-52,19,-3
-46,14,-5
-40,8,-4
-37,0,-7
-35,-2,-10
-29,-8,-9
-29,-11,-10
-25,-12,-15
-15,-10,-17
-5,-7,-17
3,-8,-14
11,-8,-16
15,-6,-15
14,-1,-12
17,0,-12
26,-4,-8
39,-2,18
26,7,17
8,8,-4
5,3,-12
5,-1,-5
7,-2,-3
8,-2,0
11,-5,1
17,-9,4
20,-9,6
23,-5,10
26,-2,8
30,-4,11
35,-3,14
41,-3,12
46,1,14
48,7,15
50,8,16
53,9,12
57,10,11
61,14,11
62,17,14
57,19,14
51,22,10
45,23,7
35,26,7
31,28,8
17,28,8
8,32,13
-2,35,12
-11,36,13
-20,37,11
-28,41,10
-33,38,10
-38,35,13
-40,37,15
-44,34,18
-45,30,21
-44,29,22
-44,27,24
-47,23,23
-48,21,24
-47,21,21
-47,22,22
-49,21,23
-52,20,21
-52,20,18
-54,23,19
-58,27,19
-64,27,18
-69,27,16
-72,29,14
-73,30,11
-73,26,11
-75,28,13
-75,28,10
-78,25,6
-82,25,8
-85,23,5
-89,16,5
-90,8,2
-92,3,1
-97,-1,1
-98,-4,-1
-106,-6,-6
-115,-8,-9
-119,-14,-10
-118,-16,-7
-118,-18,-8
-120,-17,-4
-129,-12,2
-135,-5,5
-145,-2,8
-152,8,7
-163,11,6
-167,17,10
-172,22,10
-177,25,10
-173,34,9
-174,33,10
-168,39,10
-156,48,8
-138,53,9
-126,60,9
-114,66,9
-107,67,11
-93,68,11
-86,70,9
-78,67,8
-62,67,4
-36,63,-5
-5,64,-18
14,66,-25
28,70,-27
27,78,-21
17,84,-17
5,89,-16
-12,88,-15
-30,79,-13
-43,70,-15
-53,53,-12
-59,40,-7
-57,24,-2
-56,8,3
-46,-8,7
-33,-18,10
-17,-24,12
9,-27,11
29,-31,14
45,-32,19
64,-34,17
79,-34,16
87,-29,10
103,-30,4
110,-35,0
117,-43,-4
129,-45,-11
140,-51,-18
153,-54,-25
162,-57,-29
168,-50,-31
169,-41,-31
169,-25,-31
167,-11,-29
170,8,-23
172,25,-22
170,42,-18
170,52,-16
168,58,-9
169,58,-3
167,56,2
166,54,5
160,47,10
156,36,11
154,30,10
145,26,12
133,21,12
127,22,8
120,21,6
106,20,3
93,19,-2
84,20,-5
81,18,-11
78,13,-15
73,12,-17
65,11,-23
65,8,-23
66,2,-24
69,-2,-24
78,-6,-27
82,-11,-29
81,-10,-32
83,-11,-31
83,-12,-33
80,-13,-35
81,-16,-36
75,-14,-38
65,-12,-38
58,-11,-38
50,-12,-36
45,-13,-36
35,-13,-37
32,-12,-33
28,-13,-32
16,-14,-32
5,-17,-29
-3,-21,-25
-17,-24,-24
-29,-25,-23
-46,-23,-22
-61,-18,-19
-72,-11,-15
-80,-5,-13
-86,7,-11
-94,17,-8
-99,22,-7
-98,32,-7
-94,34,-8
-89,29,-8
-81,20,-3
-78,8,-2
-77,1,-3
-75,-7,-7
-75,-15,-4
-75,-20,-3
-74,-21,-3
-73,-26,-3
-68,-27,-6
-68,-23,-6
-71,-24,-6
-73,-21,-6
-75,-15,-8
-80,-7,-9
-85,-1,-11
-91,4,-13
-96,9,-13
-106,11,-16
-112,11,-16
-108,10,-19
-105,5,-19
-104,6,-20
-100,0,-17
-96,-2,-15
-92,-9,-15
-86,-15,-17
-83,-11,-14
-78,-14,-11
-77,-12,-7
-75,-9,-3
-70,-5,-1
-63,-2,1
-51,2,4
-42,6,7
-32,8,9
-21,12,10
-15,17,15
-13,19,19
-10,22,23
-13,23,25
-20,27,26
-28,28,28
-36,29,32
-47,33,31
-56,35,30
-63,37,28
-66,41,25
-68,47,26
-63,53,31
-60,56,30
-56,58,31
-43,60,29
-35,69,30
-23,71,30
-11,78,31
2,86,34
14,92,35
18,96,38
24,103,42
26,111,42
26,110,41
29,114,42
35,116,41
37,116,40
37,116,38
39,110,38
37,100,37
33,92,34
28,83,31
25,76,26
24,67,27
17,60,24
12,55,19
12,51,16
12,50,13
7,47,13
5,44,12
3,45,10
-2,44,4
-7,40,3
-10,38,4
-17,38,2
-21,36,-1
-18,36,-4
-18,35,-5
-11,35,-7
-8,31,-6
-4,33,-5
0,29,-6
-2,30,-8
-7,34,-7
-8,35,-7
-12,38,-7
-19,40,-7
-20,38,-3
-24,42,-1
-23,38,0
-24,34,2
-20,26,2
-19,22,7
-18,21,12
-13,18,11
-14,18,10
-16,19,10
-14,20,11
-14,28,8
-15,29,10
-20,31,11
-27,36,10
-35,38,7
-36,40,9
-40,47,9
-45,48,9
-51,51,10
-57,51,8
-56,55,6
-52,54,5
-51,52,7
-53,50,3
-57,52,7
-58,49,9
-67,47,6
-71,45,8
-71,45,7
-73,40,4
-73,42,4
-73,47,2
-72,46,6
-73,48,3
-72,49,3
-65,46,4
-62,44,6
-57,46,6
-47,43,4
-41,44,5
-36,41,3
-34,44,3
-34,46,3
-33,47,1
-32,48,0
-33,51,1
-39,57,1
-40,58,1
-41,61,0
-41,69,2
-45,71,4
-46,76,7
-48,78,7
-49,79,8
