3981,-226,-819
3977,-227,-825
3980,-225,-820
3984,-227,-819
3990,-223,-814
3998,-222,-807
4004,-223,-803
4007,-220,-797
4011,-215,-796
4010,-215,-796
4010,-213,-799
4009,-205,-799
4008,-199,-795
4003,-194,-793
3998,-189,-792
3987,-183,-795
3980,-178,-800
3975,-172,-801
3973,-168,-802
3973,-171,-802
3979,-172,-801
3982,-173,-793
3991,-179,-793
3999,-181,-788
4004,-183,-789
4010,-181,-783
4011,-177,-778
4012,-175,-777
4012,-170,-779
4012,-170,-788
4010,-174,-797
4002,-168,-802
4003,-162,-804
3999,-156,-804
4002,-157,-801
4006,-155,-801
4009,-155,-799
4016,-157,-799
4015,-158,-801
4021,-161,-799
4023,-156,-799
4017,-154,-799
4015,-156,-795
4015,-159,-792
4015,-162,-790
4017,-165,-794
4012,-163,-792
4004,-167,-788
4002,-173,-783
4003,-182,-778
4005,-194,-772
4010,-201,-774
4016,-209,-781
4018,-214,-789
4014,-210,-795
4008,-210,-804
4001,-208,-812
3987,-200,-817
3971,-184,-812
3960,-166,-796
3951,-158,-782
3959,-159,-774
3971,-162,-794
3977,-171,-790
3979,-175,-770
3976,-178,-753
3974,-180,-738
3973,-179,-730
3973,-187,-731
3968,-191,-728
3963,-196,-719
3964,-197,-717
3965,-199,-724
3971,-198,-734
3976,-197,-743
3984,-198,-742
3985,-193,-743
3989,-199,-751
3984,-200,-752
3979,-197,-743
3970,-193,-735
3969,-196,-730
3967,-197,-735
3962,-197,-737
3966,-196,-739
3969,-192,-741
3973,-191,-744
3972,-188,-748
3972,-185,-748
3976,-181,-750
3980,-173,-749
3982,-171,-753
3983,-167,-759
3985,-165,-768
3989,-168,-775
3992,-174,-780
3997,-178,-782
4003,-190,-788
4011,-198,-782
4013,-206,-779
4017,-214,-776
4023,-216,-774
4024,-217,-770
4027,-215,-772
4028,-211,-768
4030,-205,-768
4029,-198,-765
4027,-195,-764
4027,-190,-762
4021,-179,-758
4015,-176,-753
4008,-172,-748
3996,-171,-747
3990,-170,-747
3986,-173,-748
3980,-166,-751
3977,-167,-743
3974,-172,-746
3972,-173,-750
3971,-174,-745
3968,-177,-740
3968,-180,-734
3969,-185,-727
3977,-185,-725
3981,-187,-727
3985,-191,-725
3988,-191,-727
3995,-188,-736
3996,-181,-740
4000,-172,-749
4004,-169,-757
4005,-160,-764
4004,-151,-765
4000,-143,-765
4007,-134,-764
4014,-128,-771
4016,-130,-773
4026,-129,-773
4034,-129,-772
4036,-133,-762
4039,-144,-745
4041,-147,-734
4042,-152,-724
4048,-148,-715
4054,-155,-727
4055,-154,-754
4056,-153,-742
4051,-151,-729
4043,-150,-724
4041,-149,-725
4038,-150,-730
4035,-151,-738
4027,-154,-745
4027,-156,-736
4032,-159,-731
4031,-173,-729
4033,-188,-731
4034,-196,-735
4027,-201,-740
4022,-207,-744
4019,-217,-736
4016,-225,-724
4011,-229,-715
3999,-234,-715
3991,-247,-723
3969,-236,-722
3954,-233,-724
3942,-230,-727
3942,-224,-729
3941,-221,-732
3944,-215,-728
3950,-211,-730
3957,-199,-728
3963,-190,-728
3970,-177,-730
3976,-169,-735
3984,-162,-739
3987,-157,-740
3992,-155,-741
3988,-147,-740
3988,-142,-740
3989,-146,-740
3990,-143,-745
3984,-140,-754
3980,-143,-757
3978,-146,-759
3970,-150,-768
3966,-147,-779
3962,-139,-787
3958,-129,-798
3955,-126,-804
3959,-124,-810
3963,-124,-809
3966,-121,-811
3973,-128,-811
3985,-133,-807
3994,-142,-803
4002,-152,-794
4011,-161,-783
4019,-178,-777
4024,-189,-775
4029,-194,-771
4030,-200,-764
4035,-204,-756
4034,-207,-751
4030,-211,-747
4029,-211,-744
4024,-210,-742
4019,-204,-739
4016,-204,-740
4009,-200,-747
4002,-200,-752
3994,-197,-761
3980,-188,-765
3971,-186,-767
3966,-180,-763
3961,-173,-766
3966,-174,-766
3972,-182,-767
3981,-193,-770
3992,-200,-769
3997,-202,-764
3997,-202,-758
3999,-199,-752
3998,-195,-747
4000,-185,-743
4008,-171,-740
4014,-163,-763
4020,-154,-769
4028,-146,-762
4024,-145,-764
4023,-149,-758
4023,-150,-760
4020,-154,-761
4013,-154,-756
4006,-152,-747
3998,-152,-742
3989,-157,-749
3985,-164,-760
3982,-164,-765
3981,-153,-767
3989,-164,-762
4002,-169,-761
4016,-176,-756
4023,-185,-751
4030,-184,-746
4034,-178,-743
4037,-173,-744
4037,-167,-749
4033,-158,-756
4025,-153,-759
4017,-144,-764
4008,-140,-763
3997,-134,-767
3989,-132,-767
3983,-136,-770
3980,-137,-769
3980,-142,-766
3984,-143,-768
3996,-158,-765
3993,-150,-765
3999,-154,-767
4000,-156,-768
4002,-157,-771
4013,-158,-769
4023,-159,-762
4032,-157,-757
4042,-154,-757
4048,-151,-753
4054,-147,-751
4054,-141,-748
4051,-135,-748
4046,-141,-750
4032,-131,-762
4010,-127,-774
3995,-120,-781
3980,-114,-777
3964,-108,-771
3959,-110,-767
3957,-118,-761
3955,-130,-751
3962,-139,-743
3976,-148,-729
3992,-152,-725
4004,-152,-716
4019,-149,-705
4025,-149,-702
4030,-147,-695
4027,-144,-691
4023,-143,-691
4016,-134,-691
4011,-125,-692
3997,-121,-695
3992,-121,-704
3984,-117,-708
3982,-119,-714
3977,-121,-720
3974,-118,-722
3975,-120,-723
3977,-125,-727
3985,-135,-732
3993,-145,-736
4003,-156,-738
4018,-160,-734
4027,-160,-723
4038,-159,-722
4044,-156,-722
4046,-145,-714
4040,-137,-709
4040,-127,-708
4044,-120,-736
4053,-113,-742
4052,-107,-731
4047,-102,-721
4052,-99,-716
4051,-95,-714
4048,-104,-717
4038,-107,-715
4028,-113,-703
4018,-118,-692
4001,-117,-694
3993,-112,-685
3983,-112,-685
3974,-112,-681
3972,-119,-673
3975,-127,-668
3979,-126,-664
3990,-123,-654
3995,-124,-650
3991,-117,-644
3990,-121,-652
3981,-119,-663
3980,-120,-673
3982,-122,-683
3986,-114,-688
3999,-112,-687
3998,-103,-679
3996,-101,-681
4002,-97,-688
4004,-96,-691
4004,-95,-690
4004,-95,-662
4006,-98,-659
4003,-101,-653
4004,-100,-644
3993,-99,-629
3984,-100,-623
3977,-97,-625
3983,-108,-620
3978,-112,-617
3982,-113,-613
3995,-105,-607
4005,-104,-609
4014,-104,-610
4019,-100,-616
4020,-99,-625
4025,-94,-637
4026,-92,-647
4026,-91,-660
4020,-92,-667
4019,-95,-676
4016,-99,-687
4019,-99,-694
4020,-103,-696
4018,-104,-696
4016,-109,-691
4015,-107,-684
4022,-107,-673
4026,-108,-664
4024,-103,-643
4027,-110,-637
4025,-106,-637
4033,-115,-620
4023,-105,-609
4018,-104,-605
4014,-97,-601
4018,-93,-604
4024,-94,-608
4028,-91,-603
4035,-82,-602
4036,-82,-607
4032,-84,-614
4029,-83,-625
4026,-87,-641
4028,-90,-650
4024,-93,-657
4019,-95,-668
4015,-98,-674
4010,-101,-676
4010,-94,-669
4005,-90,-662
4009,-86,-650
4016,-88,-653
4021,-91,-666
4028,-92,-647
4031,-90,-628
4034,-87,-603
4041,-93,-598
4039,-95,-599
4036,-95,-596
4028,-94,-592
4020,-95,-591
4013,-92,-596
4005,-89,-606
3996,-78,-611
3995,-71,-615
3992,-69,-617
3992,-73,-627
3996,-77,-627
4001,-78,-627
4006,-81,-628
4011,-80,-630
4015,-80,-637
4014,-83,-641
4017,-85,-649
4021,-82,-655
4026,-81,-656
4029,-77,-661
4033,-74,-657
4037,-72,-654
4037,-74,-651
4038,-77,-649
4035,-82,-645
4037,-91,-642
4034,-97,-641
4029,-105,-638
4026,-109,-637
4019,-110,-639
4013,-113,-642
4007,-116,-650
4007,-113,-655
4001,-111,-656
4003,-115,-653
4004,-113,-654
4010,-110,-653
4015,-109,-651
4021,-108,-653
4028,-108,-654
4030,-109,-655
4033,-108,-656
4035,-106,-660
4033,-106,-655
4030,-112,-654
4020,-115,-651
4016,-120,-648
4009,-122,-641
4001,-124,-636
3995,-130,-634
3987,-139,-638
3988,-145,-644
3985,-154,-651
3992,-156,-656
3994,-155,-657
4000,-156,-655
4002,-151,-655
4005,-149,-654
4009,-149,-658
4014,-151,-656
4019,-147,-651
4024,-145,-648
4034,-143,-648
4040,-137,-648
4043,-128,-650
4044,-124,-653
4040,-116,-659
4033,-114,-663
4028,-119,-673
4025,-126,-681
4023,-133,-683
4018,-139,-685
4013,-145,-683
4010,-145,-675
4006,-141,-668
4008,-137,-652
4012,-137,-640
4017,-137,-652
4025,-141,-665
4029,-143,-654
4030,-143,-654
4030,-144,-651
4029,-141,-652
4024,-141,-664
4018,-135,-667
4012,-129,-667
4007,-123,-668
3999,-126,-673
3991,-125,-675
3985,-124,-673
3978,-125,-669
3978,-127,-667
3976,-131,-664
3976,-133,-655
3981,-135,-650
3985,-136,-642
3995,-132,-637
4000,-138,-634
4003,-144,-641
4003,-148,-650
4004,-146,-657
4003,-144,-665
4004,-142,-668
4006,-137,-676
4013,-135,-682
4014,-135,-681
4014,-137,-682
4016,-137,-681
4020,-133,-678
4018,-130,-677
4016,-135,-681
4012,-134,-681
4012,-135,-676
4006,-138,-667
4004,-138,-665
4007,-145,-665
4008,-155,-670
4007,-164,-676
4009,-170,-683
4011,-166,-686
4013,-163,-684
4013,-161,-677
4016,-160,-685
4020,-155,-684
4019,-153,-677
4015,-156,-683
4013,-154,-691
4008,-154,-696
4002,-150,-701
3996,-145,-704
3995,-145,-702
3996,-149,-701
3993,-154,-702
4000,-162,-699
4008,-161,-699
4013,-164,-696
4019,-165,-694
4023,-165,-693
4023,-172,-701
4019,-172,-704
4017,-164,-696
4024,-164,-698
4022,-160,-693
4015,-161,-692
4013,-159,-691
4012,-159,-692
4010,-152,-696
4008,-144,-698
4006,-140,-694
4004,-131,-694
4005,-126,-689
4009,-129,-688
4016,-128,-690
4025,-133,-687
4035,-145,-692
4031,-149,-688
4024,-147,-679
4019,-138,-665
4014,-130,-652
4012,-126,-647
4009,-123,-666
4006,-117,-672
4005,-109,-662
3998,-101,-661
3991,-92,-659
3993,-85,-654
3996,-82,-654
3994,-82,-654
3987,-85,-650
3985,-92,-647
3982,-99,-644
3983,-104,-646
3988,-110,-642
3997,-112,-647
4004,-122,-651
4006,-130,-660
4013,-141,-668
4022,-147,-669
4025,-153,-673
4025,-153,-679
4023,-153,-684
4016,-154,-691
4011,-149,-693
4011,-146,-697
4012,-145,-693
4012,-146,-696
4014,-145,-697
4021,-144,-698
4028,-143,-697
4035,-144,-703
4034,-146,-706
4025,-148,-699
4022,-147,-701
4024,-148,-700
4024,-148,-697
4030,-149,-698
4031,-147,-695
4030,-150,-698
4026,-151,-699
4023,-150,-698
4020,-150,-698
4015,-152,-695
4011,-156,-689
4010,-158,-683
4009,-162,-681
4008,-167,-678
4007,-168,-675
4007,-170,-669
4008,-169,-667
4007,-165,-664
4007,-168,-666
3998,-167,-675
3996,-165,-684
3991,-160,-692
3982,-158,-696
3986,-159,-700
3990,-160,-704
3995,-161,-705
4000,-162,-701
4000,-166,-699
4004,-171,-698
4008,-173,-694
4010,-176,-693
4017,-184,-698
4020,-183,-697
4019,-184,-694
4015,-178,-693
4019,-176,-689
4018,-173,-691
4016,-166,-691
4010,-162,-693
4006,-155,-693
4000,-151,-694
4000,-150,-699
4002,-151,-705
4001,-154,-718
4005,-162,-724
4006,-166,-727
4008,-163,-729
4004,-158,-722
4006,-156,-714
4009,-157,-702
4019,-160,-712
4025,-162,-728
4022,-163,-716
4016,-166,-712
4015,-167,-702
4012,-163,-693
4009,-162,-688
4004,-169,-690
3998,-177,-688
3997,-182,-688
3993,-187,-690
3995,-186,-693
3998,-178,-696
3998,-173,-702
4001,-168,-708
4004,-168,-718
4004,-171,-726
4005,-171,-727
4003,-168,-727
4001,-167,-723
3994,-171,-722
3989,-169,-714
3986,-169,-709
3987,-169,-708
3992,-168,-704
4002,-173,-705
4010,-171,-700
4009,-172,-699
4012,-170,-702
4014,-167,-703
4013,-165,-708
4012,-166,-712
4009,-163,-710
4007,-165,-714
4007,-161,-717
4010,-159,-716
4016,-158,-717
4018,-153,-718
4018,-152,-721
4018,-152,-723
4016,-147,-726
4014,-146,-728
4013,-145,-723
4008,-147,-721
4000,-151,-718
3992,-150,-716
3988,-159,-714
3986,-164,-710
3984,-172,-705
3983,-177,-701
3982,-177,-698
3978,-182,-696
3979,-183,-694
3994,-186,-692
4002,-187,-691
3995,-185,-690
4000,-182,-687
4001,-175,-686
4003,-170,-693
4001,-165,-698
4001,-161,-700
4006,-162,-703
4003,-161,-709
4001,-159,-712
3999,-159,-713
3995,-160,-712
3990,-162,-715
3985,-167,-715
3982,-174,-715
3982,-174,-717
3979,-174,-719
3980,-176,-722
3982,-180,-721
3985,-184,-718
3987,-189,-718
3993,-194,-722
3997,-196,-727
4001,-200,-726
4005,-204,-724
4007,-201,-715
4005,-195,-709
4009,-191,-699
4011,-190,-694
4016,-191,-718
4023,-191,-718
4023,-190,-708
4018,-190,-703
4018,-186,-694
4019,-176,-690
4019,-188,-686
4009,-188,-685
4004,-187,-680
3994,-196,-685
3984,-196,-692
3986,-199,-699
3990,-193,-708
3993,-188,-715
3996,-188,-723
4001,-185,-726
4007,-191,-728
4012,-189,-732
4015,-187,-730
4018,-190,-727
4018,-189,-726
4017,-188,-729
4014,-184,-723
4005,-181,-721
3994,-180,-719
3992,-183,-717
3990,-183,-716
3987,-183,-716
3986,-184,-713
3987,-184,-718
3989,-182,-725
3990,-183,-734
3994,-183,-738
4002,-187,-745
4008,-190,-747
4010,-191,-755
4018,-192,-762
4021,-192,-759
4028,-192,-760
4034,-189,-758
4038,-192,-757
4036,-191,-758
4032,-192,-761
4029,-194,-762
4025,-193,-762
4018,-189,-757
4015,-186,-755
4006,-183,-753
3995,-181,-751
3988,-174,-749
3979,-170,-753
3974,-169,-758
3971,-170,-763
3963,-169,-763
3960,-166,-765
3956,-165,-766
3955,-165,-770
3951,-164,-770
3958,-171,-773
3962,-174,-776
3967,-174,-778
3973,-175,-785
3977,-178,-785
3982,-186,-784
3987,-186,-785
3991,-188,-791
3993,-192,-796
3998,-193,-801
4000,-194,-806
4003,-196,-814
4005,-199,-815
4002,-198,-814
4005,-200,-810
4011,-208,-807
4018,-212,-809
4028,-216,-808
4035,-212,-808
4040,-213,-808
4038,-208,-796
4034,-201,-788
4024,-192,-775
4016,-188,-762
4015,-186,-775
4011,-187,-813
4006,-186,-808
3997,-184,-806
3990,-185,-794
3986,-185,-787
3982,-185,-790
3977,-192,-794
3974,-193,-790
3969,-196,-788
3968,-201,-792
3970,-208,-791
3969,-208,-792
3975,-201,-793
3983,-197,-790
3992,-198,-789
4002,-197,-790
4007,-197,-791
4007,-195,-792
4006,-192,-791
4002,-189,-791
3996,-188,-794
3988,-186,-798
3983,-184,-800
3975,-182,-804
3969,-184,-806
3965,-183,-804
3967,-184,-804
3965,-182,-806
3970,-184,-809
3973,-183,-811
3978,-183,-811
3979,-182,-817
3981,-183,-820
3986,-181,-821
3989,-185,-822
3996,-187,-821
4002,-196,-818
4005,-199,-815
4007,-203,-816
4008,-207,-818
4005,-214,-820
4003,-214,-821
3996,-217,-826
3988,-216,-828
3987,-214,-827
3985,-210,-830
3984,-210,-829
3987,-207,-831
3986,-204,-830
3987,-199,-832
3983,-196,-836
3987,-196,-839
3985,-188,-841
3982,-189,-838
3983,-188,-837
3984,-190,-833
3986,-196,-827
3995,-197,-821
4005,-198,-813
4006,-200,-805
3997,-201,-803
3986,-204,-806
3975,-207,-815
3962,-207,-829
3951,-204,-837
3945,-195,-846
3943,-189,-856
3942,-184,-864
3946,-188,-868
3952,-182,-867
3961,-180,-864
3972,-177,-861
3985,-175,-856
3994,-183,-852
3997,-191,-844
3999,-200,-847
4003,-208,-849
4001,-214,-842
4000,-217,-840
3992,-217,-835
3984,-216,-827
3981,-215,-824
3978,-215,-847
3982,-218,-867
3982,-217,-863
3983,-211,-862
3992,-208,-862
3996,-203,-859
3999,-201,-865
3996,-199,-871
3996,-202,-872
3992,-201,-871
3993,-201,-871
3993,-195,-872
3992,-189,-874
3994,-186,-869
3989,-188,-863
3992,-190,-856
3996,-189,-852
4000,-194,-852
4001,-199,-851
4000,-202,-845
3998,-206,-843
3995,-206,-843
3991,-206,-840
3988,-204,-839
3987,-206,-843
3988,-204,-844
3988,-201,-850
3990,-195,-859
3987,-194,-862
3983,-189,-866
3979,-192,-872
3978,-196,-876
3970,-196,-880
3969,-198,-880
3973,-202,-881
3974,-203,-880
3977,-207,-876
3982,-205,-874
3986,-207,-872
3992,-208,-871
3991,-201,-872
3996,-197,-873
3996,-196,-872
3998,-195,-869
3995,-188,-869
3989,-184,-868
3984,-185,-869
3986,-184,-867
3985,-186,-868
3982,-187,-876
3977,-188,-879
3970,-181,-882
3963,-179,-886
3957,-179,-894
3953,-177,-902
3955,-177,-906
3960,-177,-903
3959,-176,-898
3961,-174,-890
3963,-171,-886
3966,-174,-889
3971,-174,-889
3976,-177,-886
3982,-177,-880
3986,-177,-875
3990,-179,-873
3987,-182,-871
3985,-182,-873
3981,-178,-880
3979,-176,-885
3968,-174,-887
3959,-174,-888
3953,-174,-894
3949,-180,-900
3953,-190,-909
3957,-201,-912
3965,-207,-916
3975,-212,-921
3983,-212,-916
3992,-207,-906
3994,-201,-894
3997,-196,-883
4004,-191,-878
4009,-193,-901
4012,-193,-902
4010,-192,-892
4004,-192,-882
4001,-192,-867
3996,-195,-857
3987,-199,-858
3973,-201,-862
3962,-204,-863
3955,-208,-870
3950,-212,-878
3951,-211,-883
3954,-201,-892
3956,-200,-899
3967,-196,-909
3981,-194,-907
3991,-189,-905
4000,-187,-900
4012,-190,-899
4013,-196,-898
4013,-194,-901
4010,-193,-908
4002,-192,-913
3997,-192,-921
3997,-189,-917
3991,-189,-918
3987,-189,-913
3990,-182,-907
3989,-178,-903
3994,-177,-903
3995,-176,-898
3992,-179,-897
3988,-176,-899
3983,-170,-899
3981,-169,-899
3976,-167,-903
3978,-165,-903
3985,-170,-913
3988,-160,-900
3989,-157,-890
3990,-150,-882
3994,-153,-882
3991,-153,-881
3991,-155,-880
3986,-154,-877
3984,-154,-875
3980,-154,-871
3975,-152,-867
3968,-150,-864
3961,-151,-861
3951,-154,-861
3949,-158,-860
3946,-159,-855
3946,-163,-846
3949,-168,-843
3947,-169,-842
3949,-169,-842
3951,-174,-839
3951,-173,-837
3952,-170,-839
3954,-172,-841
3955,-172,-844
3958,-173,-839
3963,-168,-840
3971,-161,-842
3973,-158,-843
3974,-156,-848
3977,-155,-857
3984,-158,-864
3990,-159,-874
3995,-160,-882
3998,-159,-886
4003,-158,-876
4010,-156,-873
4020,-166,-877
4029,-171,-875
4032,-175,-875
4037,-175,-872
4037,-171,-857
4039,-158,-844
4035,-148,-832
4025,-141,-818
4019,-133,-813
4014,-129,-831
4006,-128,-830
3996,-131,-815
3990,-135,-804
3988,-136,-794
3985,-137,-802
3977,-137,-800
3974,-142,-797
3971,-145,-800
3960,-146,-806
3952,-146,-813
3948,-151,-818
3945,-150,-825
3947,-149,-828
3953,-145,-834
3964,-146,-838
3978,-146,-836
3991,-146,-833
3999,-151,-831
4002,-155,-831
4002,-157,-831
3994,-153,-829
3991,-150,-825
3988,-150,-819
3987,-151,-818
3992,-152,-816
3988,-155,-815
3990,-150,-811
3995,-153,-814
3997,-155,-813
3997,-160,-821
3998,-165,-833
3994,-169,-840
3992,-179,-848
3991,-181,-854
3991,-183,-852
3993,-182,-847
3999,-179,-840
4005,-184,-833
4005,-187,-829
4004,-191,-822
4006,-197,-814
4000,-197,-812
3996,-203,-810
3990,-199,-809
3983,-197,-805
3978,-191,-806
3975,-182,-805
3969,-171,-809
3968,-167,-811
3968,-162,-811
3969,-155,-810
3970,-152,-808
3970,-156,-807
3971,-158,-809
3974,-163,-809
3985,-168,-806
3994,-171,-805
4000,-172,-802
4008,-171,-798
4012,-175,-800
4014,-178,-800
4020,-177,-795
4017,-176,-791
4020,-173,-784
4023,-172,-777
4022,-172,-776
4018,-171,-775
4012,-166,-780
4002,-155,-785
3991,-146,-786
3979,-141,-791
3968,-140,-788
3960,-142,-788
3962,-148,-788
3970,-153,-795
3976,-160,-799
3988,-165,-796
3996,-165,-788
4002,-165,-783
4008,-162,-775
4007,-154,-766
4015,-149,-763
4016,-150,-785
4015,-144,-793
4014,-139,-781
4003,-145,-775
4000,-147,-763
3996,-144,-756
3995,-151,-764
3989,-149,-763
3985,-147,-746
3988,-159,-739
3992,-167,-747
3997,-170,-753
4001,-172,-752
4003,-171,-756
4005,-169,-756
4007,-165,-754
4012,-160,-747
4014,-150,-742
4014,-142,-741
4010,-132,-738
4001,-126,-736
3994,-120,-738
3983,-116,-738
3972,-112,-742
3964,-113,-752
3957,-118,-755
3955,-117,-763
3959,-118,-765
3959,-121,-763
3970,-127,-763
3982,-133,-758
3992,-137,-756
4004,-144,-757
4020,-149,-757
4034,-156,-755
4046,-160,-750
4056,-160,-746
4060,-163,-743
4058,-171,-737
4052,-173,-736
4046,-178,-735
4033,-178,-735
4022,-176,-743
4008,-171,-744
3993,-175,-762
3974,-168,-755
3960,-159,-751
3953,-159,-752
3947,-161,-758
3943,-159,-756
3943,-155,-758
3945,-157,-763
3954,-160,-768
3968,-161,-774
3980,-158,-783
3998,-154,-779
4015,-152,-779
4026,-151,-784
4032,-151,-782
4029,-153,-782
4024,-154,-783
4017,-153,-781
4010,-155,-775
4002,-156,-769
3993,-160,-761
3986,-166,-752
3981,-169,-745
3981,-173,-740
3980,-173,-744
3978,-177,-750
3976,-178,-757
3973,-174,-755
3972,-170,-751
3977,-167,-748
3986,-172,-751
3992,-178,-759
4002,-187,-763
4006,-190,-763
4009,-186,-761
4010,-174,-753
4011,-162,-741
4015,-151,-733
4021,-148,-750
4024,-146,-763
4020,-144,-754
4013,-146,-756
4000,-148,-750
3990,-138,-746
3984,-135,-748
3981,-142,-749
3976,-144,-745
3980,-144,-739
3984,-151,-736
3987,-158,-739
4000,-162,-739
4004,-166,-741
4008,-170,-738
4013,-174,-736
4014,-173,-731
4018,-175,-730
4018,-172,-726
4019,-168,-728
4013,-164,-725
4009,-155,-723
4004,-150,-720
4001,-145,-721
3999,-141,-722
3990,-136,-726
3981,-141,-732
3967,-145,-748
3955,-154,-774
3944,-158,-793
3938,-156,-801
3940,-160,-801
3945,-160,-793
3960,-165,-778
3976,-171,-760
3994,-181,-746
4003,-193,-738
4013,-199,-737
4014,-203,-735
4013,-211,-733
4005,-211,-737
3997,-212,-741
3987,-215,-753
3971,-209,-760
3962,-203,-761
3955,-195,-753
3952,-197,-750
3953,-202,-749
3960,-208,-751
3967,-208,-747
3975,-205,-748
3982,-205,-754
3988,-206,-761
3999,-207,-768
4014,-207,-774
4022,-210,-778
4032,-208,-781
4039,-206,-777
4044,-204,-772
4041,-207,-767
4038,-207,-765
4032,-205,-763
4027,-205,-760
4022,-207,-756
4017,-205,-756
4007,-201,-753
3994,-202,-756
3987,-198,-764
3974,-199,-776
3962,-191,-788
3955,-186,-797
3953,-181,-801
3962,-169,-793
3971,-164,-781
3977,-171,-778
3993,-183,-776
4010,-201,-781
4022,-207,-782
4030,-211,-772
4037,-213,-763
4043,-208,-745
4043,-205,-731
4054,-200,-720
4055,-198,-735
4051,-198,-754
4044,-198,-748
4028,-201,-754
4017,-200,-754
4005,-192,-747
3987,-181,-749
3973,-179,-749
3963,-175,-741
3957,-175,-729
3959,-176,-719
3956,-173,-712
3959,-175,-708
3970,-174,-704
3983,-172,-702
3998,-175,-704
4015,-177,-704
4028,-183,-720
4038,-180,-723
4044,-172,-721
4045,-165,-722
4042,-160,-729
4038,-150,-738
4028,-143,-745
4020,-136,-749
4009,-131,-749
3999,-130,-746
3991,-132,-746
3986,-138,-739
3984,-141,-734
3981,-143,-727
3984,-147,-717
3989,-150,-713
3995,-154,-705
4000,-159,-701
4003,-163,-697
4005,-171,-696
4006,-177,-702
4008,-182,-704
4006,-183,-703
4005,-182,-703
4006,-178,-704
4009,-176,-703
4012,-178,-704
4017,-177,-708
4021,-177,-708
4021,-171,-706
4025,-172,-707
4022,-173,-708
4016,-170,-712
4005,-169,-714
3998,-162,-719
3991,-160,-723
3984,-159,-728
3981,-159,-732
3980,-161,-740
3985,-165,-742
3996,-173,-747
3998,-179,-758
3995,-186,-769
3993,-206,-798
3987,-214,-820
3978,-217,-827
3978,-213,-826
3992,-207,-811
4001,-196,-779
4020,-192,-749
4043,-196,-733
4057,-206,-727
4065,-206,-726
4069,-201,-720
4068,-189,-712
4061,-180,-697
4047,-170,-678
4034,-167,-673
4023,-169,-673
4015,-172,-671
4006,-180,-669
3999,-186,-663
3999,-184,-659
3996,-179,-650
3995,-174,-647
4001,-170,-638
4012,-173,-664
4018,-178,-687
4019,-187,-690
4013,-193,-696
4016,-195,-697
4021,-194,-693
4018,-195,-692
4012,-196,-685
4009,-196,-675
4003,-198,-669
3995,-196,-669
3984,-192,-667
3972,-185,-671
3967,-178,-677
3967,-173,-680
3971,-175,-686
3978,-173,-686
3985,-174,-686
3995,-171,-677
4000,-175,-672
4005,-176,-669
4008,-180,-663
4007,-181,-667
4001,-189,-669
3995,-197,-676
3994,-202,-684
3988,-206,-694
3985,-206,-699
3985,-206,-701
3984,-208,-703
3983,-208,-707
3987,-210,-711
3990,-208,-712
3990,-205,-710
3993,-204,-712
3999,-202,-718
4003,-200,-724
4009,-197,-727
4009,-194,-729
4013,-187,-725
4016,-186,-727
4016,-181,-724
4017,-178,-720
4019,-178,-717
4020,-179,-715
4014,-182,-713
4010,-185,-711
4004,-184,-706
4006,-181,-702
4002,-177,-695
4003,-177,-690
4003,-173,-685
4007,-169,-682
4009,-164,-682
4005,-158,-680
4004,-150,-677
3999,-138,-677
3997,-132,-677
3993,-130,-681
3989,-132,-688
3985,-136,-693
3985,-138,-694
3986,-142,-690
3991,-145,-682
3996,-150,-681
4001,-152,-678
4003,-152,-680
4005,-154,-681
4004,-152,-693
4006,-149,-692
4006,-146,-692
4010,-150,-695
4010,-159,-704
4016,-165,-711
4016,-174,-718
4015,-179,-719
4013,-182,-725
4015,-185,-727
4014,-187,-715
4012,-188,-706
4000,-189,-702
3993,-189,-696
3994,-195,-689
4002,-202,-708
4004,-208,-720
4006,-211,-705
4000,-215,-704
4000,-220,-700
4003,-223,-691
4003,-227,-692
4001,-230,-695
3996,-228,-694
3992,-232,-695
3991,-229,-696
3988,-228,-696
3990,-226,-696
3993,-231,-694
3999,-227,-694
4003,-225,-694
4005,-225,-688
4004,-223,-688
4001,-225,-686
3998,-227,-691
3992,-228,-697
3984,-229,-707
3977,-234,-722
3971,-240,-734
3968,-241,-744
3968,-243,-751
3970,-243,-756
3976,-244,-756
3986,-244,-753
3997,-240,-751
4009,-236,-744
4016,-231,-739
4027,-226,-735
4032,-221,-731
4035,-216,-730
4034,-214,-727
4030,-211,-723
4026,-209,-722
4021,-209,-725
4018,-212,-723
4013,-209,-722
4012,-206,-723
4005,-205,-722
4001,-209,-716
4000,-209,-714
3993,-212,-712
3992,-211,-716
3989,-207,-717
3992,-204,-717
3994,-197,-713
3998,-191,-707
4000,-193,-702
3999,-194,-698
3998,-193,-698
3991,-190,-697
3992,-185,-696
3988,-181,-696
3984,-182,-697
3987,-185,-698
3985,-189,-700
3988,-192,-711
3990,-194,-721
3990,-196,-731
3987,-202,-740
3983,-202,-747
3977,-206,-754
3972,-209,-763
3966,-214,-776
3962,-215,-785
3957,-218,-787
3953,-219,-791
3949,-222,-789
3951,-221,-794
3952,-231,-800
3961,-244,-806
3964,-249,-807
3970,-253,-803
3976,-255,-804
3980,-250,-804
3980,-245,-802
3981,-234,-797
3978,-221,-795
3989,-208,-786
4002,-201,-803
4021,-198,-819
4031,-198,-807
4036,-194,-798
4047,-190,-786
4058,-179,-772
4062,-174,-768
4065,-176,-760
4064,-173,-755
4055,-173,-746
4048,-171,-738
4040,-172,-741
4030,-170,-748
4026,-170,-752
4018,-170,-752
4016,-171,-746
4016,-173,-739
4021,-179,-736
4027,-181,-733
4028,-187,-731
4033,-189,-726
4033,-196,-729
4031,-196,-722
4024,-196,-721
4016,-196,-719
4011,-200,-719
4000,-204,-728
3990,-209,-726
3986,-209,-720
3988,-211,-720
3984,-212,-723
3981,-211,-725
3980,-205,-728
3975,-205,-731
3971,-202,-733
3968,-204,-742
3962,-204,-749
3958,-206,-759
3961,-207,-770
3969,-212,-778
3975,-217,-779
3986,-214,-779
3994,-215,-777
4001,-213,-772
4012,-216,-771
4017,-211,-774
4023,-208,-782
4026,-205,-785
4028,-197,-782
4022,-194,-783
4018,-192,-775
4021,-192,-765
4021,-191,-755
4017,-185,-751
4023,-184,-746
4023,-188,-745
4023,-194,-743
4018,-199,-750
4013,-206,-759
4004,-209,-765
3996,-211,-766
3985,-214,-769
3967,-220,-770
3959,-227,-774
3952,-236,-776
3949,-243,-778
3946,-250,-778
3948,-257,-790
3948,-257,-795
3952,-255,-787
3962,-253,-787
3976,-249,-785
3988,-246,-782
3994,-244,-784
3997,-246,-793
4001,-253,-802
4005,-257,-809
4009,-258,-812
4008,-255,-812
4010,-251,-811
4013,-245,-816
4015,-242,-816
4015,-231,-814
4023,-227,-816
4023,-224,-840
4020,-222,-836
4014,-222,-821
4009,-226,-810
4007,-226,-798
4009,-223,-790
4007,-224,-787
4001,-227,-802
4001,-230,-787
4002,-233,-788
4003,-242,-796
4000,-249,-810
4000,-248,-813
4001,-245,-817
4000,-242,-820
3997,-239,-821
3999,-238,-818
4000,-235,-815
4003,-232,-809
4002,-228,-797
4004,-228,-788
4003,-232,-782
3999,-233,-782
3993,-234,-783
3994,-231,-781
3995,-226,-775
3996,-227,-771
3996,-227,-770
3997,-221,-766
4001,-216,-765
4001,-208,-766
3996,-202,-766
3993,-201,-769
3988,-201,-770
3985,-203,-774
3985,-204,-778
3986,-203,-785
3983,-202,-789
3985,-201,-808
3985,-190,-794
3994,-192,-795
3997,-191,-800
3993,-194,-802
3983,-199,-806
3972,-208,-813
3961,-215,-820
3955,-216,-825
3947,-208,-828
3945,-205,-828
3944,-198,-820
3948,-198,-807
3956,-198,-796
3968,-198,-788
3981,-198,-786
3992,-198,-782
4002,-200,-784
4006,-195,-789
4007,-191,-785
4007,-191,-782
4006,-192,-781
4000,-192,-784
3989,-191,-784
3983,-187,-782
3978,-183,-780
3974,-184,-780
3975,-184,-779
3976,-182,-782
3979,-183,-787
3981,-180,-796
3982,-177,-803
3978,-176,-808
3981,-177,-808
3979,-181,-809
3977,-186,-809
3979,-196,-809
3982,-203,-807
3992,-214,-805
3999,-218,-800
4004,-224,-794
4007,-225,-784
4009,-221,-776
4010,-215,-766
4013,-215,-765
4011,-221,-801
4001,-221,-805
3990,-219,-794
3976,-213,-793
3973,-207,-784
3972,-198,-779
3971,-195,-775
3970,-191,-763
3969,-189,-755
3971,-198,-756
3973,-207,-767
3978,-213,-778
3989,-214,-789
3997,-219,-792
4009,-226,-796
4013,-231,-802
4019,-239,-807
4016,-237,-812
4009,-232,-815
4003,-224,-815
3993,-214,-818
3984,-203,-820
3975,-197,-823
3975,-192,-821
3975,-187,-823
3979,-185,-819
3982,-186,-812
3992,-187,-801
3999,-187,-790
4006,-188,-788
4010,-194,-788
4016,-207,-789
4023,-213,-794
4026,-220,-797
4026,-227,-797
4024,-234,-798
4021,-241,-803
4012,-244,-806
4001,-245,-811
3985,-241,-816
3970,-234,-818
3956,-228,-817
3949,-223,-811
3947,-216,-810
3948,-212,-810
3951,-209,-808
3958,-210,-807
3962,-202,-800
3961,-196,-798
3964,-193,-793
3965,-197,-792
3969,-201,-795
3977,-205,-796
3989,-203,-798
3999,-210,-803
4013,-217,-802
4024,-221,-801
4034,-226,-800
4036,-227,-801
4029,-227,-808
4020,-224,-817
4004,-222,-826
3987,-217,-830
3972,-210,-830
3965,-204,-823
3958,-199,-817
3958,-195,-813
3958,-190,-811
3964,-187,-812
3968,-184,-808
3973,-186,-810
3978,-189,-813
3979,-193,-817
3987,-203,-819
3991,-208,-822
3997,-213,-825
4003,-218,-825
4010,-222,-821
4010,-221,-823
4007,-222,-817
4004,-217,-814
4004,-209,-810
4008,-211,-817
4009,-215,-849
4008,-219,-844
4004,-215,-839
3995,-218,-834
3993,-210,-828
3992,-207,-824
3989,-206,-825
3985,-204,-823
3982,-204,-817
3982,-202,-813
3980,-199,-812
3981,-190,-815
3982,-187,-817
3981,-187,-813
3981,-193,-808
3983,-198,-803
3983,-201,-802
3981,-206,-801
3976,-210,-803
3969,-210,-809
3959,-209,-815
3955,-212,-817
3949,-211,-815
3945,-213,-814
3950,-214,-817
3961,-217,-817
3973,-215,-822
3980,-211,-827
3989,-206,-824
3996,-201,-825
4003,-199,-825
4006,-202,-828
4006,-205,-831
4006,-206,-835
4001,-209,-839
4000,-210,-840
3998,-215,-838
3999,-214,-836
3999,-214,-832
4001,-214,-830
4001,-214,-822
4002,-216,-817
4004,-220,-814
4004,-220,-811
4004,-218,-811
4004,-212,-812
4002,-208,-814
3995,-207,-817
3993,-204,-813
3996,-204,-815
3990,-202,-819
3988,-202,-818
3983,-203,-819
3981,-200,-820
3979,-199,-815
3981,-197,-816
3981,-199,-819
3980,-199,-823
3976,-202,-827
3973,-203,-830
3973,-202,-828
3977,-204,-827
3982,-204,-823
3982,-205,-824
3983,-209,-823
3982,-207,-823
3986,-209,-823
3986,-206,-821
3989,-199,-818
3988,-196,-820
3985,-196,-817
3984,-193,-818
3981,-196,-821
3979,-197,-826
3982,-208,-830
3990,-214,-834
3997,-215,-837
4001,-216,-841
4003,-214,-840
3996,-211,-837
3987,-203,-832
3984,-200,-825
3987,-198,-817
3988,-203,-851
3993,-209,-854
3989,-210,-846
3986,-208,-840
3988,-206,-830
3988,-205,-822
3985,-209,-818
3983,-216,-811
3978,-218,-803
3971,-219,-802
3969,-224,-807
3971,-217,-816
3977,-214,-824
3986,-211,-830
3993,-210,-833
4000,-205,-838
4004,-205,-835
4006,-209,-835
4005,-209,-837
3996,-210,-838
3990,-209,-839
3983,-210,-850
3975,-211,-852
3970,-215,-856
3972,-215,-864
3967,-213,-865
3966,-215,-866
3970,-217,-866
3976,-219,-870
3979,-227,-876
3986,-226,-876
3991,-214,-869
3995,-208,-864
3994,-210,-864
3989,-216,-865
3983,-220,-858
3981,-217,-851
3980,-211,-839
3988,-215,-826
3997,-223,-817
4004,-231,-815
4006,-233,-821
4000,-233,-832
3984,-234,-841
3966,-234,-846
3950,-236,-845
3942,-237,-856
3936,-236,-856
3934,-236,-854
3935,-231,-852
3939,-230,-858
3947,-235,-864
3962,-232,-866
3970,-226,-866
3973,-217,-864
3975,-214,-862
3976,-212,-860
3979,-216,-859
3982,-217,-859
3986,-206,-862
3988,-200,-865
3987,-194,-866
3982,-187,-870
3972,-184,-876
3958,-180,-887
3943,-176,-884
3939,-168,-885
3936,-166,-887
3937,-172,-893
3941,-177,-897
3945,-183,-900
3950,-188,-909
3958,-191,-916
3967,-192,-914
3977,-193,-913
3990,-195,-903
4005,-202,-893
4016,-200,-885
4024,-204,-876
4032,-201,-873
4034,-195,-868
4036,-183,-868
4033,-177,-879
4022,-173,-913
4003,-171,-942
3990,-160,-933
3980,-149,-924
3969,-147,-918
3960,-149,-912
3960,-153,-909
3960,-158,-918
3958,-163,-917
3958,-165,-913
3967,-172,-913
3968,-169,-913
3970,-171,-907
3977,-172,-907
3982,-174,-905
3989,-182,-910
3997,-184,-909
4000,-175,-910
4001,-169,-907
4004,-167,-904
3997,-165,-910
3986,-170,-915
3974,-173,-918
3966,-175,-926
3955,-181,-936
3952,-184,-944
3947,-188,-957
3947,-193,-968
3948,-198,-983
3948,-199,-999
3946,-199,-1012
3944,-195,-1026
3933,-199,-1038
3927,-206,-1051
3917,-211,-1065
3909,-219,-1076
3902,-225,-1084
3898,-237,-1089
3898,-251,-1091
3904,-267,-1090
3914,-278,-1083
3931,-291,-1070
3950,-302,-1060
3973,-312,-1044
3995,-317,-1029
4011,-328,-1013
4025,-346,-1001
4038,-360,-1000
4046,-374,-994
4040,-381,-968
4037,-386,-963
4037,-404,-972
4034,-416,-974
4026,-433,-978
4022,-454,-977
4019,-472,-984
4015,-497,-996
4015,-516,-1012
4017,-534,-1023
4028,-558,-1027
4039,-578,-1027
4050,-603,-1030
4058,-615,-1017
4065,-635,-1013
4073,-654,-1006
4085,-671,-1003
4088,-686,-1004
4084,-711,-1006
4079,-732,-1017
4080,-754,-1026
4073,-780,-1066
4041,-777,-1068
4005,-783,-1081
3988,-787,-1094
3976,-789,-1111
3970,-796,-1125
3962,-802,-1127
3962,-811,-1111
3966,-812,-1105
3970,-805,-1098
3973,-793,-1076
3979,-773,-1055
3984,-744,-1043
3994,-733,-1030
3998,-720,-1045
3997,-715,-1068
3997,-722,-1084
3989,-732,-1095
3977,-736,-1098
3959,-721,-1103
3936,-707,-1105
3913,-693,-1091
3899,-680,-1069
3883,-659,-1042
3869,-629,-997
3863,-613,-953
3864,-603,-907
3875,-604,-862
3884,-603,-825
3900,-608,-801
3916,-605,-787
3931,-604,-785
3945,-604,-791
3960,-605,-806
3960,-578,-786
3958,-545,-767
3965,-510,-746
3980,-480,-715
3983,-454,-688
3987,-438,-659
3986,-427,-639
3979,-407,-617
3967,-392,-603
3952,-379,-595
3927,-358,-593
3899,-337,-589
3863,-304,-591
3827,-256,-591
3797,-209,-581
3775,-156,-566
3772,-113,-543
3783,-71,-521
3808,-41,-496
3844,-17,-465
3884,2,-442
3922,13,-412
3960,21,-396
3996,23,-381
4030,21,-368
4060,23,-351
4078,15,-337
4087,3,-334
4083,-20,-344
4061,-45,-360
4030,-65,-375
3984,-83,-386
3933,-106,-395
3884,-131,-400
3834,-156,-398
3792,-185,-386
3763,-207,-369
3749,-238,-346
3746,-275,-328
3754,-313,-314
3764,-354,-312
3768,-394,-322
3778,-434,-340
3783,-471,-357
3795,-500,-366
3804,-532,-368
3830,-563,-364
3857,-587,-357
3885,-604,-354
3917,-619,-351
3951,-628,-346
3980,-626,-350
4000,-619,-358
4018,-610,-373
4022,-601,-392
4018,-595,-408
4014,-589,-424
4002,-577,-430
3990,-560,-422
3978,-537,-411
3972,-509,-392
3973,-480,-378
3990,-456,-363
4019,-436,-357
4050,-419,-370
4073,-405,-376
4086,-389,-360
4092,-369,-340
4096,-349,-321
4087,-333,-301
4069,-315,-286
4046,-301,-264
4020,-292,-235
3993,-287,-200
3959,-286,-177
3923,-284,-155
3898,-276,-135
3883,-265,-124
3870,-253,-125
3872,-247,-134
3879,-250,-151
3890,-252,-168
3908,-251,-178
3927,-255,-182
3955,-264,-183
3986,-284,-183
4026,-307,-187
4061,-336,-182
4096,-367,-180
4127,-400,-174
4166,-433,-160
4202,-464,-147
4235,-488,-135
4262,-515,-131
4286,-543,-136
4308,-566,-140
4329,-591,-152
4352,-620,-167
4380,-653,-187
4418,-694,-211
4459,-729,-229
4498,-764,-246
4531,-781,-263
4559,-782,-275
4577,-772,-287
4584,-754,-297
4590,-730,-312
4583,-698,-339
4572,-664,-380
4557,-632,-433
4544,-597,-477
4536,-556,-512
4525,-512,-542
4504,-473,-576
4472,-447,-616
4429,-430,-649
4383,-425,-671
4336,-425,-692
4290,-434,-690
4248,-468,-678
4198,-503,-665
4156,-566,-655
4128,-635,-628
4097,-704,-598
4051,-771,-567
3981,-833,-556
3913,-905,-549
3829,-966,-542
3744,-1011,-529
3656,-1030,-522
3577,-1044,-527
3519,-1072,-535
3480,-1100,-557
3446,-1123,-589
3423,-1138,-616
3407,-1132,-636
3403,-1122,-657
3414,-1112,-667
3449,-1099,-671
3499,-1090,-672
3559,-1088,-673
3622,-1087,-682
3672,-1071,-706
3714,-1050,-745
3732,-1026,-802
3725,-982,-875
3714,-933,-941
3688,-875,-1030
3656,-827,-1096
3632,-787,-1128
3616,-746,-1160
3609,-702,-1195
3601,-655,-1231
3611,-617,-1244
3636,-583,-1240
3668,-533,-1232
3709,-463,-1235
3755,-402,-1238
3806,-349,-1241
3854,-287,-1244
3896,-222,-1251
3944,-173,-1251
3987,-131,-1261
4020,-92,-1252
4062,-79,-1229
4103,-69,-1211
4143,-64,-1193
4180,-62,-1168
4210,-61,-1145
4240,-71,-1120
4267,-84,-1099
4291,-96,-1085
4309,-110,-1065
4329,-125,-1040
4334,-140,-1034
4328,-148,-1029
4320,-158,-1029
4306,-159,-1033
4288,-162,-1045
4262,-167,-1061
4224,-168,-1074
4186,-176,-1070
4155,-186,-1062
4128,-196,-1051
4098,-208,-1034
4067,-235,-1007
4033,-269,-984
3993,-308,-959
3949,-346,-936
3904,-371,-911
3859,-384,-891
3814,-395,-869
3767,-395,-841
3726,-382,-803
3694,-360,-764
3667,-333,-734
3655,-314,-701
3653,-296,-674
3658,-285,-658
3675,-272,-652
3698,-262,-663
3734,-242,-682
3772,-217,-685
3821,-201,-694
3868,-172,-703
3924,-141,-714
3976,-117,-725
4027,-104,-748
4055,-76,-749
4078,-67,-718
4090,-49,-694
4095,-24,-678
4092,10,-668
4078,58,-653
4051,113,-648
4030,174,-635
4010,229,-625
3991,294,-616
3977,346,-607
3951,413,-583
3949,449,-532
3954,483,-493
3962,520,-459
3956,549,-440
3948,576,-421
3930,606,-398
3911,639,-377
3892,661,-355
3869,675,-342
3857,674,-337
3851,669,-351
3849,670,-354
3853,670,-330
3862,668,-311
3881,662,-290
3899,656,-272
3912,650,-254
3920,644,-236
3937,650,-205
3950,652,-180
3957,645,-160
3956,633,-147
3949,626,-128
3936,626,-102
3922,626,-77
3908,622,-55
3895,619,-42
3883,604,-40
3873,591,-43
3869,576,-47
3870,564,-48
3878,559,-41
3894,553,-50
3915,548,-65
3939,542,-88
3967,542,-104
3993,537,-123
4013,549,-140
4036,548,-158
4057,547,-175
4076,540,-185
4078,540,-177
4086,530,-157
4093,514,-130
4097,486,-105
4091,452,-83
4093,391,-78
4096,332,-87
4096,280,-102
4092,241,-115
4086,227,-122
4094,220,-136
4110,222,-161
4124,221,-190
4144,212,-221
4169,188,-256
4192,168,-293
4222,145,-327
4252,117,-350
4277,94,-353
4296,61,-331
4312,26,-286
4330,-17,-234
4347,-67,-178
4358,-121,-148
4361,-173,-147
4363,-217,-168
4360,-237,-205
4348,-229,-263
4352,-206,-322
4359,-155,-389
4385,-102,-459
4426,-53,-521
4484,-3,-595
4547,58,-688
4619,129,-786
4698,206,-900
4783,267,-1040
4866,305,-1188
4951,300,-1319
5043,257,-1407
5127,174,-1449
5201,82,-1450
5255,-10,-1411
5298,-89,-1346
5304,-148,-1273
5273,-196,-1224
5200,-235,-1206
5094,-252,-1219
4960,-266,-1259
4805,-261,-1306
4632,-260,-1354
4448,-265,-1407
4271,-284,-1459
4085,-300,-1507
3896,-320,-1526
3706,-329,-1481
3527,-327,-1407
3359,-328,-1315
3209,-324,-1219
3078,-322,-1128
2970,-324,-1030
2878,-330,-939
2815,-346,-858
2787,-359,-796
2784,-372,-759
2804,-390,-747
2855,-418,-773
2929,-441,-828
3024,-464,-898
3135,-475,-953
3269,-475,-990
3419,-478,-1028
3575,-481,-1073
3743,-476,-1100
3911,-459,-1096
4095,-434,-1054
4296,-408,-990
4506,-402,-914
4704,-417,-848
4880,-449,-811
5017,-483,-787
5101,-494,-760
5116,-478,-735
5063,-452,-724
4966,-421,-744
4836,-371,-784
4692,-324,-827
4546,-285,-872
4409,-267,-909
4291,-276,-921
4204,-298,-901
4149,-326,-857
4125,-348,-811
4112,-357,-778
4103,-355,-752
4089,-330,-727
4069,-290,-699
4042,-239,-668
4011,-181,-645
3968,-140,-629
3918,-105,-626
3863,-72,-624
3800,-45,-618
3735,-24,-618
3669,-3,-605
3599,6,-597
3530,13,-607
3464,23,-614
3409,30,-622
3363,34,-630
3342,36,-643
3346,34,-650
3369,25,-628
3399,15,-595
3449,-10,-564
3496,-40,-519
3540,-56,-469
3580,-72,-434
3616,-95,-414
3635,-129,-403
3640,-164,-386
3634,-192,-359
3625,-212,-330
3614,-228,-301
3595,-222,-262
3569,-204,-226
3537,-177,-195
3505,-150,-176
3467,-111,-162
3419,-69,-154
3374,-39,-153
3318,-1,-150
3263,43,-143
3208,92,-142
3155,143,-137
3116,183,-130
3082,223,-144
3063,238,-162
3055,237,-168
3063,231,-161
3089,216,-161
3132,197,-169
3186,166,-187
3243,142,-191
3301,115,-177
3356,75,-156
3406,27,-141
3453,-18,-116
3496,-60,-77
3533,-109,-47
3565,-169,-20
3585,-250,-5
3583,-350,8
3563,-444,33
3515,-526,74
3441,-578,104
3342,-608,125
3211,-597,141
3053,-537,129
2875,-440,88
2677,-305,42
2472,-148,-10
2274,40,-85
2108,226,-172
1992,396,-261
1963,538,-333
2012,650,-373
2143,731,-364
2333,767,-307
2560,782,-213
2794,779,-100
3022,768,38
3229,747,181
3412,722,312
3569,677,421
3698,618,499
3804,547,549
3890,484,580
3962,431,601
4025,402,607
4071,397,602
4107,409,587
4138,430,564
4174,444,524
4207,448,481
4251,434,444
4307,406,424
4368,365,421
4437,311,436
4503,269,433
4552,242,440
4584,231,469
4606,229,502
4624,221,527
4634,202,542
4628,176,544
4604,155,538
4556,135,534
4481,128,525
4384,126,507
4267,123,476
4161,126,451
4049,144,425
3940,173,414
3845,207,414
3768,241,421
3706,273,436
3666,284,458
3651,251,451
3658,151,384
3670,33,277
3686,-111,140
3717,-261,-13
3779,-379,-143
3890,-475,-247
4051,-574,-333
4266,-697,-441
4521,-847,-532
4805,-964,-545
5114,-1022,-501
5400,-1043,-506
5653,-1042,-583
5864,-1022,-701
6035,-940,-802
6136,-771,-875
6128,-533,-966
5994,-271,-1063
5728,29,-1139
5347,370,-1160
4889,713,-1129
4427,1014,-1075
3996,1237,-1011
3631,1349,-974
3363,1344,-960
3216,1239,-956
3189,1080,-925
3274,923,-851
3449,790,-726
3705,686,-540
4013,616,-305
4363,563,-76
4742,497,85
5114,439,171
5458,411,175
5760,414,107
5975,474,-54
6103,582,-283
6145,763,-539
6116,1005,-800
6028,1304,-1045
5905,1598,-1233
5766,1850,-1344
5627,2004,-1393
5510,2045,-1380
5415,1968,-1298
5343,1798,-1145
5273,1575,-980
5201,1334,-825
5130,1087,-693
5048,856,-590
4955,638,-526
4857,430,-492
4760,243,-485
4665,82,-491
4574,-56,-507
4494,-177,-529
4419,-269,-548
4347,-337,-554
4275,-368,-534
4215,-377,-496
4156,-366,-462
4102,-342,-429
4041,-310,-403
3987,-280,-391
3920,-250,-400
3846,-219,-417
3768,-186,-434
3687,-166,-473
3590,-148,-498
3499,-142,-514
3408,-143,-526
3324,-143,-544
3244,-156,-550
3178,-170,-549
3120,-186,-553
3081,-205,-566
3060,-217,-567
3054,-214,-557
3079,-201,-553
3120,-179,-543
3176,-143,-524
3244,-102,-505
3319,-55,-511
3397,-17,-516
3457,21,-521
3494,62,-528
3510,99,-529
3495,139,-525
3463,166,-503
3420,179,-475
3373,192,-442
3329,211,-400
3300,236,-348
3297,266,-305
3311,296,-270
3349,336,-197
3399,388,-105
3449,452,-35
3497,523,24
3537,593,69
3570,660,87
3582,719,90
3591,775,82
3602,819,65
3607,864,37
3618,898,9
3630,930,-20
3646,959,-49
3663,979,-79
3677,977,-103
3687,965,-116
3702,939,-126
3722,903,-121
3741,857,-110
3768,812,-94
3802,752,-85
3838,687,-87
3865,634,-97
3890,601,-116
3894,590,-137
3884,581,-166
3858,572,-188
3822,551,-194
3802,532,-155
3794,511,-84
3803,468,-13
3818,412,52
3833,342,92
3853,265,109
3873,201,121
3890,141,120
3901,86,103
3905,39,74
3900,6,39
3886,-19,-2
3857,-42,-55
3814,-54,-121
3750,-60,-186
3656,-56,-248
3548,-62,-321
3439,-77,-399
3329,-88,-460
3231,-85,-468
3148,-64,-408
3087,-32,-284
3053,-9,-136
3033,-16,-5
3031,-43,99
3034,-96,172
3037,-125,199
3050,-145,204
3072,-153,179
3095,-153,144
3132,-143,103
3170,-119,64
3197,-84,38
3220,-55,21
3226,-29,4
3222,-4,-22
3204,24,-54
3177,63,-86
3155,127,-81
3136,213,-46
3129,295,-12
3125,391,17
3121,493,8
3116,585,-28
3118,691,-77
3136,773,-159
3161,825,-309
3196,861,-534
3266,841,-807
3390,764,-1091
3567,643,-1370
3798,526,-1552
4073,423,-1603
4414,283,-1590
4823,101,-1565
5264,-88,-1534
5702,-263,-1459
6091,-387,-1317
6400,-450,-1152
6595,-441,-1008
6656,-382,-882
6595,-331,-816
6449,-326,-816
6267,-387,-834
6068,-505,-820
5884,-686,-773
5726,-914,-724
5589,-1159,-671
5484,-1386,-605
5432,-1570,-512
5466,-1667,-396
5607,-1659,-247
5839,-1561,-109
6119,-1387,2
6387,-1139,95
6585,-862,187
6675,-621,228
6649,-445,190
6515,-313,99
6296,-229,-13
6024,-197,-126
5735,-209,-228
5474,-248,-290
5255,-274,-317
5089,-277,-317
4964,-288,-300
4888,-311,-285
4850,-329,-240
4871,-358,-176
4950,-390,-92
5058,-426,-15
5184,-481,65
5312,-545,137
5426,-611,203
5503,-680,247
5534,-751,249
5511,-816,199
5434,-858,117
5319,-875,22
5179,-875,-72
5011,-874,-174
4825,-876,-268
4631,-876,-347
4432,-864,-399
4240,-834,-417
4040,-791,-410
3836,-735,-383
3638,-667,-349
3448,-597,-313
3265,-526,-277
3098,-445,-237
2943,-361,-202
2808,-269,-158
2689,-184,-116
2590,-119,-97
2497,-52,-82
2431,8,-72
2389,52,-69
2367,97,-52
2361,135,-30
2361,153,-10
2361,156,16
2364,146,40
2364,122,49
2361,84,49
2356,41,44
2346,-1,39
2337,-50,26
2323,-90,24
2306,-126,31
2297,-155,54
2293,-176,87
2303,-195,128
2316,-214,176
2341,-229,229
2377,-243,278
2420,-255,318
2482,-265,346
2551,-282,346
2621,-306,338
2685,-329,334
2751,-340,334
2801,-343,336
2847,-343,331
2891,-354,311
2941,-371,281
2983,-389,248
3020,-410,209
3050,-422,186
3085,-428,163
3120,-433,144
3154,-421,135
3183,-399,155
3197,-365,182
3204,-332,205
3205,-306,214
3209,-286,202
3229,-278,171
3266,-281,124
3333,-277,65
3443,-255,16
3599,-214,-11
3784,-147,-24
3961,-45,-21
4128,75,29
4271,201,136
4384,313,277
4468,404,414
4513,478,531
4525,539,638
4496,591,715
4429,625,767
4333,631,796
4219,618,801
4108,596,780
4000,567,750
3900,548,729
3817,534,718
3749,530,712
3706,528,694
3683,513,690
3681,493,700
3687,474,727
3698,453,754
3701,407,782
3696,348,778
3692,240,744
3700,83,641
3710,-103,504
3726,-273,377
3761,-438,240
3821,-613,107
3922,-804,-35
4067,-1027,-198
4252,-1289,-421
4444,-1540,-624
4663,-1704,-705
4924,-1749,-737
5251,-1667,-740
5664,-1448,-660
6107,-1103,-512
6525,-727,-400
6841,-375,-366
7003,-73,-371
6969,182,-402
6726,425,-445
6292,673,-515
5720,907,-617
5099,1110,-735
4507,1243,-866
3999,1239,-968
3633,1054,-1061
3454,695,-1152
3485,191,-1208
3712,-335,-1191
4072,-751,-1081
4527,-983,-895
5031,-1029,-679
5546,-918,-473
6008,-678,-282
6313,-366,-139
6406,-94,-143
6287,92,-341
6018,272,-615
5689,542,-870
5370,907,-1036
5108,1293,-1076
4915,1564,-999
4780,1634,-877
4716,1512,-751
4694,1313,-637
4691,1125,-527
4687,978,-428
4689,866,-328
4684,752,-237
4669,623,-167
4645,478,-139
4620,328,-150
4594,194,-194
4564,90,-242
4530,19,-294
4507,-25,-341
4485,-44,-393
4459,-47,-443
4436,-40,-487
4416,-28,-521
4392,-16,-538
4369,-6,-530
4340,7,-502
4308,11,-473
4264,9,-447
4209,9,-438
4148,12,-445
4076,21,-457
3997,25,-482
3913,31,-505
3829,35,-528
3739,29,-549
3653,11,-560
3572,0,-561
3505,-14,-562
3449,-32,-554
3407,-43,-549
3375,-54,-544
3358,-60,-543
3344,-69,-548
3342,-78,-552
3347,-82,-559
3354,-74,-569
3366,-71,-581
3371,-66,-591
3373,-57,-599
3370,-50,-597
3356,-45,-598
3334,-33,-589
3308,-23,-586
3280,-13,-581
3248,-7,-571
3220,2,-550
3204,12,-518
3199,29,-478
3211,53,-439
3243,79,-397
3292,108,-351
3364,129,-286
3446,156,-205
3530,189,-120
3611,217,-46
3678,245,10
3717,276,36
3728,305,29
3703,350,14
3643,422,3
3550,505,-7
3437,588,-21
3318,658,-26
3203,694,-23
3108,693,-18
3044,661,-15
3017,619,-2
3030,584,22
3078,568,60
3162,566,86
3270,572,105
3394,586,123
3505,613,101
3601,632,57
3666,653,30
3689,669,-8
3681,681,-66
3629,691,-128
3542,701,-177
3430,717,-188
3304,740,-151
3184,759,-67
3079,753,29
2997,722,126
2943,668,201
2899,612,258
2870,556,295
2871,485,305
2899,397,294
2950,307,278
3020,213,261
3117,128,255
3221,59,244
3327,18,246
3411,11,274
3498,23,314
3568,47,353
3626,64,378
3666,73,369
3695,75,323
3711,82,248
3720,109,152
3738,157,80
3766,222,43
3802,285,44
3845,334,67
3885,349,94
3903,401,122
3919,471,148
3913,565,144
3887,682,139
3851,847,141
3819,988,71
3818,1053,-68
3862,1029,-289
3951,913,-582
4085,738,-893
4285,565,-1161
4563,406,-1365
4913,217,-1544
5327,-5,-1695
5770,-247,-1794
6215,-495,-1824
6608,-709,-1776
6944,-901,-1665
7175,-1084,-1529
7290,-1239,-1395
7275,-1357,-1257
7121,-1434,-1115
6839,-1479,-955
6457,-1497,-767
6005,-1468,-542
5509,-1357,-308
4981,-1126,-125
4457,-792,-40
3961,-399,-56
3540,-47,-186
3232,193,-425
3073,272,-729
3073,187,-1053
3229,-23,-1355
3547,-285,-1592
3994,-462,-1693
4568,-480,-1570
5240,-420,-1245
5953,-434,-823
6637,-614,-432
7210,-896,-100
7599,-1155,180
7762,-1279,396
7679,-1268,503
7382,-1177,467
6933,-1056,335
6429,-953,164
5915,-879,-5
5450,-831,-159
5058,-807,-314
4738,-769,-486
4508,-714,-611
4371,-631,-669
4316,-531,-662
4330,-446,-603
4398,-398,-508
4517,-372,-388
4653,-360,-265
4785,-361,-166
4879,-367,-107
4926,-378,-103
4925,-379,-129
4871,-373,-180
4767,-356,-233
4610,-341,-271
4405,-321,-310
4168,-303,-343
3899,-282,-381
3611,-246,-408
3313,-204,-436
3030,-147,-474
2777,-99,-509
2553,-63,-547
2357,-37,-593
2194,-18,-637
2073,-10,-661
1986,-7,-663
1934,-8,-633
1929,-12,-553
1950,-22,-413
1990,-38,-248
2037,-60,-85
2085,-94,73
2129,-133,219
2178,-174,334
2235,-228,415
2285,-286,454
2340,-337,459
2397,-376,436
2455,-396,400
2518,-405,344
2587,-401,269
2659,-395,181
2723,-390,92
2779,-392,0
2825,-391,-82
2863,-371,-126
2883,-338,-142
2896,-299,-144
2895,-260,-130
2897,-235,-105
2905,-251,-81
2919,-300,-68
2946,-367,-62
2976,-436,-61
3018,-502,-41
3076,-557,-16
3138,-597,34
3202,-626,86
3266,-643,111
3332,-647,127
3404,-643,137
3480,-623,130
3576,-586,114
3695,-533,85
3834,-463,54
3974,-354,43
4117,-232,99
4241,-121,206
4349,-32,347
4430,5,478
4485,22,556
4515,8,575
4515,-4,551
4487,-5,499
4442,-14,450
4372,0,394
4304,-17,365
4236,-36,349
4183,-47,353
4148,-51,392
4123,-35,443
4106,-8,511
4103,31,567
4101,87,608
4087,155,668
4042,235,717
3989,279,758
3931,307,782
3864,325,796
3788,326,784
3695,306,756
3606,260,718
3518,225,674
3439,190,638
3371,169,605
3323,152,579
3290,142,585
3290,79,615
3328,-22,614
3392,-173,567
3459,-349,491
3526,-545,377
3632,-759,266
3796,-975,126
3996,-1188,-69
4257,-1341,-188
4527,-1391,-240
4789,-1357,-289
5051,-1304,-383
5340,-1229,-484
5640,-1065,-497
5885,-836,-505
6055,-622,-578
6119,-436,-721
6075,-270,-904
5956,-111,-1117
5774,96,-1324
5553,391,-1422
5295,747,-1381
5014,1054,-1210
4726,1240,-938
4441,1272,-624
4207,1126,-337
4050,815,-152
3943,418,-75
3908,-32,-88
3939,-478,-173
4033,-870,-315
4202,-1147,-447
4437,-1291,-567
4751,-1306,-652
5164,-1208,-688
5648,-1010,-643
6118,-750,-528
6494,-521,-472
6726,-361,-543
6779,-204,-708
6676,34,-867
6454,425,-948
6152,918,-951
5809,1395,-908
5446,1748,-854
5121,1906,-813
4853,1899,-784
4673,1743,-730
4565,1544,-639
4511,1338,-526
4509,1139,-417
4521,956,-331
4533,791,-263
4546,631,-235
4540,488,-224
4518,371,-224
4478,279,-218
4422,207,-222
4352,161,-246
4279,131,-283
4195,123,-335
4118,136,-387
4028,152,-439
3941,172,-495
3856,183,-552
3777,198,-591
3702,220,-604
3623,246,-597
3548,263,-568
3470,273,-531
3386,269,-524
3296,255,-511
3204,228,-477
3111,185,-446
3035,138,-418
2974,81,-407
2931,21,-416
2909,-42,-428
2904,-93,-438
2920,-137,-444
2956,-173,-454
3012,-197,-460
3085,-212,-460
3167,-213,-447
3257,-198,-424
3337,-173,-388
3404,-135,-350
3452,-91,-300
3485,-46,-259
3491,-12,-235
3475,13,-230
3446,30,-232
3417,54,-236
3389,84,-233
3375,125,-216
3383,171,-195
3398,227,-163
3417,293,-121
3437,364,-79
3456,433,-37
3474,499,-4
3486,565,19
3492,627,23
3487,687,16
3473,742,5
3451,792,-3
3429,837,11
3412,861,43
3393,857,73
3371,826,104
3358,781,138
3353,722,166
3354,650,191
3355,585,203
3354,530,210
3347,492,211
3337,471,204
3320,464,193
3304,464,192
3291,464,201
3282,457,217
3290,460,228
3297,473,244
3303,500,264
3301,530,283
3292,549,277
3278,554,225
3262,567,165
3247,578,128
3240,598,115
3256,607,99
3290,600,70
3332,573,26
3372,538,-38
3398,505,-100
3410,469,-142
3406,433,-156
3396,405,-106
3382,379,13
3381,354,172
3391,309,328
3416,257,456
3445,212,564
3470,234,648
3498,293,665
3518,384,611
3555,498,526
3581,636,366
3612,726,94
3677,711,-206
3752,655,-450
3854,543,-618
3993,377,-702
4221,172,-708
4564,-95,-708
4987,-418,-779
5460,-758,-876
5943,-1038,-921
6403,-1245,-963
6796,-1362,-1013
7066,-1341,-1027
7194,-1204,-1001
7175,-982,-946
7018,-708,-875
6721,-423,-801
6315,-190,-729
5833,-27,-670
5335,61,-627
4847,103,-609
4411,150,-618
4037,256,-617
3753,363,-605
3599,390,-620
3614,243,-672
3804,-94,-741
4167,-587,-786
4701,-1099,-747
5365,-1489,-577
6116,-1693,-272
6876,-1761,96
7543,-1771,431
8035,-1798,647
8300,-1810,738
8289,-1753,725
8047,-1607,630
7620,-1401,477
7095,-1173,281
6570,-980,65
6094,-832,-169
5691,-723,-378
5373,-612,-529
5110,-471,-613
4883,-306,-642
4673,-132,-641
4479,36,-609
4316,173,-544
4208,265,-464
4150,300,-383
4126,282,-299
4117,225,-222
4123,128,-151
4114,22,-100
4093,-91,-60
4033,-194,-40
3946,-294,-41
3820,-390,-60
3674,-470,-83
3514,-532,-125
3335,-567,-167
3147,-580,-221
2953,-577,-276
2758,-560,-338
2579,-536,-399
2415,-514,-448
2269,-496,-478
2151,-476,-482
2058,-460,-461
1988,-431,-428
1953,-390,-386
1944,-355,-327
1950,-322,-257
1959,-291,-175
1964,-252,-92
1956,-212,-22
1928,-155,37
1906,-97,81
1893,-50,98
1885,-19,100
1880,-9,101
1883,-23,107
1905,-66,122
1943,-134,124
1996,-213,120
2065,-313,87
2147,-415,44
2236,-513,-4
2324,-605,-57
2417,-689,-98
2512,-757,-127
2599,-807,-171
2678,-854,-228
2748,-886,-259
2796,-907,-256
2840,-915,-237
2880,-910,-221
2926,-902,-208
2985,-907,-174
3070,-932,-147
3203,-957,-136
3401,-978,-130
3652,-977,-139
3940,-937,-160
4246,-846,-165
4539,-730,-138
4796,-606,-77
4995,-483,-1
5122,-352,89
5165,-205,172
5123,-42,244
4997,147,298
4802,350,349
4551,537,391
4273,687,425
3996,784,437
3741,819,419
3526,811,388
3362,784,363
3247,750,361
3190,716,385
3181,691,443
3220,667,532
3318,619,646
3436,565,765
3571,488,867
3696,389,922
3798,293,921
3871,214,878
3907,165,803
3911,150,719
3887,164,645
3861,184,605
3832,199,587
3802,188,580
3796,116,562
3810,-11,511
3848,-171,453
3899,-338,403
3967,-502,343
4053,-667,283
4198,-842,184
4374,-989,23
4574,-1141,-128
4835,-1316,-280
5139,-1433,-420
5483,-1436,-531
5880,-1374,-638
6291,-1284,-724
6686,-1167,-776
7017,-1010,-780
7202,-805,-775
7220,-587,-802
7075,-381,-871
6785,-137,-956
6378,181,-1014
5870,527,-1030
5314,829,-1030
4771,1062,-961
4287,1227,-816
3881,1287,-631
3586,1224,-466
3410,1051,-358
3361,803,-309
3430,511,-303
3613,217,-325
3903,-18,-311
4300,-146,-209
4776,-165,-41
5283,-107,125
5777,3,231
6197,127,256
6502,246,146
6642,406,-61
6622,623,-305
6470,888,-574
6194,1206,-792
5849,1560,-947
5492,1900,-1043
5149,2187,-1059
4856,2334,-1019
4663,2277,-924
4558,2068,-778
4515,1761,-624
4500,1407,-488
4491,1039,-366
4482,705,-249
4462,421,-147
4427,181,-54
4375,-31,10
4297,-228,37
4207,-403,35
4118,-551,21
4029,-673,-3
3943,-770,-37
3865,-838,-65
3800,-885,-91
3750,-905,-123
3715,-900,-155
3694,-867,-195
3687,-820,-247
3683,-760,-309
3670,-682,-368
3646,-598,-430
3610,-503,-480
3556,-410,-519
3503,-328,-545
3453,-259,-558
3397,-203,-557
3339,-168,-562
3287,-140,-559
3243,-121,-567
3203,-103,-577
3181,-90,-594
3178,-90,-612
3188,-84,-633
3213,-80,-669
3249,-75,-686
3298,-71,-691
3352,-54,-679
3396,-35,-657
3449,-22,-632
3499,-7,-614
3544,24,-605
3574,67,-582
3588,123,-534
3594,178,-485
3594,231,-442
3590,287,-387
3596,349,-317
3612,414,-225
3633,488,-119
3650,553,-35
3665,602,25
3668,643,56
3648,694,71
3603,742,74
3543,785,83
3466,806,92
3390,802,93
3317,785,88
3250,761,88
3191,728,77
3146,693,69
3111,664,69
3089,633,74
3078,606,83
3073,574,104
3087,549,153
3116,505,211
3170,440,278
3233,360,323
3309,278,329
3378,226,313
3437,212,298
3475,229,285
3486,259,269
3474,295,254
3441,328,235
3400,354,225
3357,356,193
3310,341,145
3263,317,135
3220,292,145
3195,270,164
3182,262,194
3168,279,235
3175,308,300
3186,344,388
3219,368,478
3262,372,553
3303,384,618
3350,383,650
3386,379,646
3420,361,602
3442,343,511
3439,337,416
3434,347,350
3426,369,306
3422,434,263
3413,487,195
3394,539,81
3376,595,-76
3343,704,-275
3317,848,-496
3322,960,-740
3369,993,-980
3462,948,-1182
3612,811,-1340
3866,582,-1466
4226,258,-1600
4690,-171,-1766
5206,-637,-1913
5737,-1045,-1934
6259,-1335,-1757
6701,-1491,-1429
7024,-1531,-1004
7202,-1459,-564
7217,-1331,-195
7100,-1158,65
6866,-999,196
6542,-894,219
6173,-834,165
5785,-802,66
5402,-744,-42
5047,-629,-141
4731,-463,-223
4483,-275,-303
4346,-119,-383
4340,-29,-460
4475,-35,-544
4771,-153,-646
5222,-351,-723
5786,-516,-710
6420,-588,-565
7055,-615,-296
7616,-706,-20
8010,-921,124
8192,-1188,130
8141,-1369,70
7869,-1377,6
7444,-1236,-42
6936,-1058,-88
6414,-921,-137
5920,-831,-166
5488,-796,-202
5101,-762,-245
4761,-693,-286
4457,-577,-305
4208,-423,-322
3989,-245,-323
3803,-74,-319
3665,84,-309
3581,223,-281
3547,341,-238
3533,414,-195
3532,450,-149
3531,461,-103
3532,446,-61
3529,407,-13
3513,346,36
3477,257,87
3415,154,129
3328,40,157
3220,-80,150
3098,-203,95
2969,-327,6
2839,-453,-96
2717,-565,-192
2604,-655,-264
2505,-730,-309
2418,-773,-316
2347,-779,-293
2293,-751,-239
2256,-692,-156
2233,-613,-55
2215,-532,48
2197,-447,139
2174,-360,216
2140,-267,278
2101,-165,319
2067,-66,348
2031,24,354
2011,90,344
2011,129,319
2045,120,265
2103,73,209
2173,-11,177
2253,-96,159
2363,-189,158
2488,-291,169
2619,-382,170
2746,-457,148
2861,-498,107
2952,-500,58
3012,-468,25
3039,-413,14
3037,-341,11
3013,-290,9
2988,-280,5
2972,-320,-19
2977,-407,-73
3018,-521,-134
3108,-628,-203
3256,-712,-267
3476,-748,-308
3746,-728,-315
4057,-662,-260
4384,-584,-164
4686,-519,-59
4934,-495,31
5089,-480,111
5156,-418,197
5113,-298,304
4971,-138,414
4742,48,506
4473,218,570
4194,345,612
3922,431,627
3681,468,610
3483,468,564
3341,440,503
3258,397,442
3221,344,402
3243,282,362
3316,228,362
3426,192,411
3566,174,512
3728,166,640
3889,147,760
4025,121,844
4129,88,897
4196,63,923
4206,44,931
4179,22,920
4128,-9,885
4058,-38,830
3986,-63,777
3917,-74,749
3853,-80,755
3804,-101,794
3787,-172,819
3813,-293,809
3877,-452,792
3975,-609,753
4109,-772,659
4284,-951,508
4511,-1159,253
4748,-1323,-19
5002,-1387,-196
5279,-1351,-298
5574,-1205,-397
5877,-994,-453
6165,-746,-458
6422,-500,-418
6600,-279,-394
6689,-96,-423
6678,55,-489
6559,234,-628
6343,423,-793
6042,629,-1016
5692,823,-1302
5336,998,-1572
4998,1169,-1725
4739,1285,-1712
4600,1311,-1582
4591,1218,-1370
4696,1024,-1144
4869,781,-919
5054,557,-718
5228,380,-568
5351,259,-495
5398,195,-492
5350,174,-525
5237,169,-535
5084,175,-508
4937,176,-457
4834,155,-399
4783,105,-360
4768,54,-333
4774,30,-299
4781,40,-264
4780,65,-239
4770,86,-257
4745,111,-303
4722,150,-363
4698,205,-429
4687,266,-503
4667,322,-580
4651,360,-651
4629,384,-708
4584,401,-746
4527,411,-771
4459,414,-788
4377,409,-809
4286,390,-830
4198,357,-840
4126,322,-841
4054,283,-821
3998,236,-781
3954,175,-725
3923,104,-670
3903,39,-623
3893,-23,-575
3896,-74,-518
3901,-116,-469
3908,-152,-430
3912,-183,-405
3900,-199,-384
3875,-213,-368
3844,-218,-362
3800,-216,-369
3744,-210,-390
3677,-200,-419
3592,-183,-448
3505,-162,-489
3410,-126,-523
3305,-91,-549
3212,-58,-558
3128,-29,-554
3058,-1,-534
3002,6,-515
2960,8,-479
2938,6,-440
2932,3,-404
2941,2,-379
2970,5,-369
3027,15,-378
3110,40,-389
3201,82,-379
3293,136,-346
3390,197,-305
3480,262,-260
3558,330,-221
3604,396,-195
3617,466,-204
3579,553,-226
3505,655,-229
3390,768,-207
3252,865,-172
3106,924,-128
2966,944,-56
2859,911,52
2795,830,193
2789,712,331
2838,584,438
2938,466,507
3094,376,536
3281,328,533
3474,314,488
3652,322,398
3788,372,292
3860,464,186
3856,574,85
3765,697,-24
3610,804,-122
3398,891,-198
3166,949,-246
2946,956,-268
2757,916,-263
2613,842,-215
2536,737,-107
2551,568,-14
2665,359,23
2870,173,23
3140,36,25
3436,-28,77
3731,-40,183
3984,-30,271
4191,-18,310
4343,-1,326
4424,16,332
4439,43,357
4390,85,395
4280,130,431
4131,167,452
3950,191,459
3755,214,446
3574,243,430
3423,277,419
3320,314,402
3266,339,388
3260,368,393
3289,396,408
3333,413,432
3385,407,465
3445,380,515
3503,350,598
3540,365,701
3549,384,766
3536,397,774
3498,415,725
3438,466,576
3359,531,322
3298,600,36
3301,633,-275
3370,628,-641
3513,583,-1021
3743,515,-1385
4051,406,-1729
4437,234,-2029
4868,8,-2209
5321,-263,-2224
5760,-544,-2057
6173,-813,-1730
6525,-1037,-1310
6800,-1208,-893
6975,-1324,-528
7030,-1352,-236
6952,-1285,-5
6741,-1165,148
6433,-1062,215
6053,-991,181
5623,-907,86
5176,-769,-37
4743,-571,-175
4360,-349,-332
4049,-186,-514
3847,-132,-754
3797,-215,-1026
3942,-410,-1292
4293,-656,-1473
4834,-862,-1465
5525,-1005,-1261
6295,-1112,-922
7064,-1217,-532
7744,-1334,-170
8257,-1452,112
8526,-1547,235
8503,-1585,211
8205,-1535,100
7661,-1414,-54
6979,-1271,-219
6258,-1130,-379
5578,-1015,-520
4990,-909,-622
4529,-791,-690
4178,-648,-700
3945,-493,-674
3802,-331,-601
3742,-179,-504
3741,-52,-392
3793,44,-289
3876,116,-204
3968,160,-140
4039,182,-108
4090,190,-94
4115,194,-101
4109,197,-115
4079,197,-127
4018,183,-143
3921,155,-158
3787,112,-181
3644,51,-211
3484,-18,-251
3322,-82,-291
3160,-130,-325
3004,-156,-357
2850,-182,-391
2710,-192,-429
2579,-199,-458
2457,-194,-460
2345,-181,-435
2248,-160,-373
2173,-132,-269
2124,-102,-145
2103,-72,-5
2098,-41,131
2108,-10,250
2134,19,329
2169,54,377
2214,90,398
2269,116,403
2337,133,388
2408,136,368
2511,144,343
2638,123,297
2767,88,246
2884,38,201
2985,-23,155
3069,-87,115
3131,-136,87
3169,-158,75
3178,-149,85
3163,-123,118
3130,-98,153
3089,-98,177
3049,-121,187
3015,-170,176
3001,-244,130
3021,-342,60
3071,-442,-21
3151,-539,-96
3249,-609,-149
3362,-647,-172
3486,-662,-167
3618,-669,-136
3756,-670,-97
3890,-669,-53
3999,-666,-16
4088,-637,9
4131,-587,49
4120,-503,141
4067,-415,255
3982,-342,366
3880,-287,452
3774,-239,506
3682,-192,519
3596,-151,531
3535,-115,561
3490,-81,582
3476,-69,590
3492,-72,589
3532,-83,586
3590,-87,590
3662,-78,604
3739,-54,619
3807,-6,648
3856,54,656
3883,115,668
3888,156,661
3868,164,622
3826,141,568
3759,89,501
3656,40,427
3539,-10,364
3420,-48,319
3309,-78,298
3219,-104,302
3163,-141,315
3141,-188,341
3148,-252,363
3199,-333,385
3280,-411,418
3406,-506,455
3564,-620,439
3752,-789,397
3924,-954,344
4091,-1145,245
4283,-1360,88
4524,-1562,-132
4736,-1704,-440
4893,-1805,-826
5072,-1867,-1221
5290,-1791,-1563
5536,-1517,-1792
5773,-1067,-1795
5964,-550,-1529
6070,-109,-1204
6082,240,-910
6002,488,-711
5869,597,-683
5710,610,-836
5578,578,-1028
5506,564,-1112
5498,559,-1068
5586,500,-920
5813,360,-726
6142,183,-535
6533,37,-374
6930,-28,-281
7291,10,-268
7578,136,-353
7705,311,-558
7628,521,-806
7355,747,-999
6943,976,-1061
6468,1135,-1012
5998,1159,-899
5581,1024,-795
5225,787,-708
4933,521,-609
4686,300,-495
4470,160,-362
4285,83,-232
4121,50,-130
3973,30,-76
3836,19,-74
3715,20,-127
3605,30,-210
3518,43,-321
3451,67,-450
3400,99,-581
3375,133,-698
3366,165,-794
3377,198,-862
3395,235,-901
3432,266,-911
3475,296,-898
3510,309,-881
3541,308,-855
3567,289,-817
3592,261,-774
3599,226,-749
3598,196,-732
3595,169,-692
3575,142,-638
3549,116,-589
3517,87,-552
3473,59,-534
3419,29,-545
3362,6,-561
3302,-1,-585
3235,-4,-611
3166,-1,-643
3094,15,-664
3017,31,-673
2940,42,-660
2868,45,-624
2811,34,-571
2764,20,-512
2735,6,-435
2722,2,-337
2739,9,-237
2786,20,-156
2855,35,-90
2933,46,-40
3027,56,13
3131,71,70
3245,114,125
3348,181,151
3437,257,152
3494,359,118
3511,483,60
3455,639,-39
3339,794,-149
3172,956,-246
2962,1135,-298
2734,1303,-283
2506,1422,-235
2301,1472,-178
2142,1439,-135
2050,1347,-101
2041,1242,-52
2135,1148,1
2343,1068,55
2646,1033,109
3010,1028,165
3394,1030,230
3758,1029,287
4089,1028,307
4351,1025,294
4540,1024,265
4653,1035,226
4692,1053,166
4664,1073,90
4577,1094,29
4438,1109,16
4273,1113,59
4096,1064,139
3912,955,232
3726,784,315
3563,575,365
3432,364,384
3340,192,404
3282,88,450
3267,33,513
3294,9,600
3366,-2,698
3480,-14,790
3615,-30,858
3758,-51,893
3903,-73,910
4017,-75,923
4092,-40,926
4133,32,916
4121,140,875
4065,255,798
3957,368,709
3832,474,633
3694,583,563
3553,732,538
3409,888,495
3271,1043,374
3162,1181,173
3100,1283,-133
3079,1353,-528
3111,1394,-974
3219,1430,-1455
3443,1433,-2000
3769,1425,-2513
4174,1412,-2837
4648,1340,-2869
5156,1171,-2642
5673,848,-2322
6157,388,-2056
6570,-162,-1911
6889,-709,-1835
7123,-1184,-1769
7280,-1566,-1731
7371,-1892,-1762
7391,-2180,-1866
7354,-2403,-1987
7280,-2530,-2071
7186,-2554,-2135
7082,-2501,-2179
6979,-2392,-2152
6861,-2208,-2029
6731,-1953,-1814
6600,-1637,-1589
6474,-1295,-1426
6368,-945,-1339
6297,-621,-1318
6275,-328,-1328
6286,-73,-1352
6320,164,-1383
6371,366,-1409
6422,537,-1423
6468,667,-1408
6499,750,-1364
6507,779,-1311
6482,772,-1257
6421,729,-1194
6316,656,-1119
6189,554,-1040
6033,429,-972
5852,287,-902
5644,140,-854
5421,-10,-839
5182,-156,-860
4929,-292,-884
4672,-401,-905
4412,-479,-921
4171,-521,-921
3938,-526,-892
3725,-501,-846
3535,-461,-776
3361,-413,-703
3203,-362,-634
3061,-302,-562
2936,-233,-495
2834,-173,-449
2747,-113,-428
2677,-59,-413
2629,-14,-405
2588,29,-394
2559,62,-396
2541,86,-404
2534,95,-408
2536,92,-404
2546,82,-400
2557,62,-385
2568,34,-358
2568,-3,-333
2560,-51,-313
2544,-111,-298
2516,-168,-282
2477,-216,-252
2433,-255,-210
2388,-297,-169
2344,-336,-130
2302,-376,-105
2264,-409,-81
2236,-442,-62
2217,-474,-52
2203,-491,-53
2204,-502,-62
2213,-515,-70
2227,-527,-66
2251,-548,-46
2283,-581,-7
2328,-617,59
2394,-650,134
2475,-672,209
2575,-684,280
2692,-690,328
2812,-692,347
2938,-695,360
3057,-693,367
3182,-689,353
3321,-673,322
3472,-646,279
3634,-608,233
3813,-561,183
4009,-498,137
4232,-422,112
4463,-325,89
4691,-231,56
4896,-124,30
5065,-6,26
5194,120,59
5276,259,154
5318,399,295
5325,526,471
5308,628,668
5265,700,864
5202,741,1034
5150,712,1128
5122,653,1151
5109,583,1151
5116,529,1148
5127,462,1088
5164,337,919
5258,201,681
5406,103,455
5576,38,257
5748,-39,64
5924,-140,-124
6111,-248,-303
6323,-342,-441
6542,-419,-540
6758,-460,-649
6956,-483,-766
7092,-490,-905
7157,-464,-1047
7128,-372,-1174
6992,-251,-1281
6744,-135,-1363
6410,-41,-1415
6021,13,-1428
5620,2,-1402
5250,-77,-1340
4914,-200,-1261
4632,-352,-1172
4395,-503,-1076
4206,-638,-998
4036,-749,-945
3859,-823,-934
3663,-847,-968
3446,-825,-1016
3208,-778,-1085
2947,-692,-1176
2680,-584,-1283
2410,-447,-1398
2159,-283,-1506
1940,-85,-1568
1761,123,-1582
1628,323,-1561
1563,487,-1520
1566,605,-1470
1640,662,-1417
1767,674,-1371
1924,631,-1343
2124,555,-1319
2372,469,-1280
2651,389,-1241
2955,306,-1195
3264,217,-1141
3562,110,-1100
3838,15,-1081
4101,-64,-1064
4343,-123,-1040
4546,-143,-993
4692,-154,-927
4769,-152,-847
4778,-153,-776
4718,-153,-730
4595,-148,-715
4420,-149,-714
4224,-139,-724
4032,-125,-762
3871,-114,-816
3732,-82,-888
3645,-36,-906
3607,19,-880
3618,67,-864
3668,106,-851
3754,148,-834
3852,201,-805
3955,241,-782
4047,277,-762
4125,293,-750
4183,277,-755
4213,242,-780
4208,202,-798
4177,160,-815
4133,114,-831
4062,78,-839
3979,49,-840
3896,23,-850
3813,3,-870
3733,-13,-886
3659,-25,-891
3596,-40,-882
3546,-57,-874
3500,-75,-849
3463,-93,-815
3428,-117,-787
3401,-140,-770
3384,-155,-756
3376,-166,-746
3373,-166,-736
3380,-165,-724
3397,-166,-715
3424,-166,-707
3461,-155,-695
3508,-133,-668
3564,-106,-631
3625,-82,-582
3687,-60,-520
3745,-48,-452
3796,-50,-390
3835,-69,-353
3843,-84,-336
3840,-88,-317
3834,-72,-307
3822,-42,-299
3804,-11,-300
3792,25,-314
3773,69,-323
3757,112,-329
3753,158,-320
3753,214,-320
3753,286,-324
3767,360,-340
3788,438,-380
3804,520,-441
3822,607,-526
3827,686,-627
3819,756,-747
3802,807,-859
3775,849,-945
3749,865,-992
3732,865,-994
3746,846,-961
3780,820,-893
3838,779,-810
3915,729,-742
4016,671,-685
4151,608,-637
4300,552,-614
4442,508,-609
4571,489,-605
4674,489,-590
4755,507,-538
4810,524,-474
4849,541,-322
4888,512,-241
4918,502,-106
4933,479,-24
4944,421,27
4944,384,54
4947,337,50
4952,308,39
4949,321,2
4957,373,-59
4980,466,-183
5016,596,-372
5062,751,-630
5111,934,-856
5167,1119,-1031
5221,1299,-1174
5283,1450,-1292
5333,1586,-1392
5375,1691,-1486
5397,1753,-1589
5380,1760,-1714
5314,1722,-1854
5194,1644,-1985
5033,1544,-2098
4844,1404,-2210
4643,1234,-2325
4448,1017,-2434
4270,742,-2516
4122,427,-2560
3994,113,-2576
3879,-167,-2550
3787,-399,-2490
3692,-563,-2379
3592,-673,-2240
3497,-732,-2077
3423,-746,-1882
3365,-707,-1663
3346,-663,-1421
3354,-628,-1172
3396,-624,-956
3470,-655,-790
3568,-706,-681
3690,-755,-617
3828,-788,-573
3975,-795,-539
4127,-772,-523
4263,-732,-535
4371,-665,-585
4459,-588,-680
4510,-496,-818
4544,-400,-980
4558,-300,-1149
4557,-196,-1311
4539,-93,-1454
4506,-5,-1561
4453,58,-1623
4390,81,-1634
4309,67,-1607
4221,17,-1563
4132,-73,-1512
4035,-179,-1452
3925,-268,-1384
3816,-333,-1306
3719,-360,-1219
3632,-354,-1114
3571,-334,-983
3536,-308,-855
3519,-287,-742
3507,-267,-657
3502,-249,-605
3505,-213,-571
3519,-164,-545
3541,-117,-528
3567,-71,-515
3588,-37,-528
3608,-14,-544
3627,-1,-558
3643,8,-563
3658,9,-564
3664,4,-552
3674,-4,-541
3681,-24,-521
3673,-35,-501
3653,-53,-484
3616,-66,-454
3574,-72,-420
3516,-72,-379
3457,-85,-337
3402,-109,-294
3354,-138,-250
3308,-161,-195
3272,-188,-137
3247,-204,-89
3229,-206,-47
3223,-190,-2
3230,-174,23
3252,-160,28
3274,-147,6
3293,-140,-32
3309,-134,-58
3318,-115,-57
3318,-88,-29
3314,-60,18
3308,-44,72
3301,-55,108
3298,-86,134
3304,-131,165
3318,-178,192
3336,-225,222
3356,-271,249
3389,-320,271
3425,-371,279
3465,-431,271
3504,-488,260
3547,-551,231
3595,-614,195
3635,-659,144
3671,-698,98
3699,-711,62
3715,-703,30
3742,-693,-2
3782,-693,-36
3840,-689,-62
3930,-699,-91
4036,-712,-116
4184,-731,-128
4369,-758,-120
4572,-791,-80
4784,-840,-37
4990,-903,-11
5175,-956,19
5302,-958,52
5361,-909,75
5359,-818,98
5304,-698,111
5219,-552,113
5111,-374,107
5001,-198,92
4899,-43,77
4825,61,39
4770,130,-28
4736,174,-99
4710,196,-172
4692,191,-260
4673,163,-366
4653,124,-496
4623,84,-635
4605,42,-750
4598,3,-850
4627,-45,-919
4700,-99,-930
4825,-152,-912
4962,-184,-908
5143,-207,-913
5381,-213,-939
5655,-209,-1009
5945,-190,-1105
6187,-144,-1191
6321,-74,-1252
6314,0,-1294
6155,64,-1294
5849,149,-1241
5476,234,-1158
5091,283,-1070
4733,270,-1013
4419,187,-1004
4150,69,-1031
3893,-50,-1083
3643,-159,-1146
3385,-226,-1218
3124,-234,-1251
2864,-198,-1276
2611,-145,-1297
2380,-81,-1305
2179,-23,-1297
2006,39,-1254
1865,89,-1201
1767,117,-1145
1697,115,-1112
1658,90,-1106
1658,52,-1104
1705,29,-1113
1806,42,-1135
1969,72,-1195
2191,95,-1270
2463,111,-1284
2761,119,-1263
3089,98,-1243
3433,79,-1202
3773,68,-1123
4096,58,-1040
4389,54,-939
4651,63,-822
4866,84,-696
5029,124,-572
5126,179,-481
5161,242,-435
5139,304,-422
5073,362,-438
4980,411,-482
4875,445,-542
4764,466,-597
4655,473,-647
4536,504,-671
4433,523,-680
4337,539,-679
4243,557,-666
4163,586,-641
4088,602,-630
3992,619,-633
3895,636,-638
3787,645,-650
3685,639,-680
3595,629,-716
3515,614,-755
3459,603,-775
3426,591,-788
3410,586,-796
3404,587,-795
3411,587,-775
3427,594,-747
3444,600,-708
3463,599,-664
3474,590,-619
3487,576,-591
3492,549,-569
3492,523,-554
3492,493,-549
3496,458,-548
3505,423,-544
3522,377,-541
3548,328,-535
3587,275,-520
3628,222,-512
3675,167,-503
3728,123,-499
3786,85,-510
3839,60,-521
3885,60,-534
3929,77,-536
3968,114,-527
3998,152,-514
4019,191,-495
4031,222,-466
4041,238,-432
4048,245,-396
4046,249,-354
4037,253,-314
4028,251,-270
4006,245,-249
3984,237,-247
3952,239,-257
3916,258,-273
3882,287,-293
3845,315,-318
3815,344,-354
3793,375,-402
3783,410,-457
3779,457,-505
3793,510,-544
3803,576,-586
3815,644,-654
3831,708,-711
3847,760,-758
3853,796,-818
3856,816,-887
3841,821,-937
3836,810,-957
3849,788,-944
3874,757,-916
3919,722,-845
3979,679,-755
4048,623,-679
4131,557,-630
4212,483,-600
4288,404,-596
4354,324,-594
4406,261,-582
4431,200,-560
4436,138,-523
4433,75,-475
4425,19,-412
4410,-55,-357
4388,-123,-288
4364,-184,-224
4316,-240,-190
4296,-253,-136
4287,-243,-100
4270,-216,-95
4238,-183,-106
4219,-148,-160
4195,-94,-243
4183,-46,-325
4196,13,-405
4243,88,-482
4330,190,-543
4437,318,-599
4568,463,-654
4702,626,-711
4837,791,-776
4960,956,-865
5073,1101,-990
5168,1258,-1163
5244,1420,-1369
5295,1570,-1603
5303,1711,-1863
5280,1803,-2117
5228,1835,-2323
5142,1790,-2457
5036,1661,-2512
4910,1470,-2498
4784,1219,-2442
4663,927,-2376
4553,621,-2312
4447,335,-2261
4347,108,-2227
4238,-50,-2198
4146,-164,-2152
4044,-251,-2099
3927,-326,-2046
3811,-404,-1994
3701,-491,-1924
3605,-556,-1840
3534,-606,-1738
3487,-614,-1553
3472,-607,-1316
3489,-608,-1089
3532,-624,-907
3596,-656,-767
3675,-701,-664
3762,-744,-589
3846,-769,-553
3932,-765,-549
4003,-730,-574
4052,-682,-625
4081,-627,-692
4106,-556,-763
4122,-481,-833
4147,-403,-892
4177,-327,-932
4211,-258,-959
4244,-210,-974
4272,-186,-985
4284,-193,-1011
4277,-218,-1024
4256,-251,-1017
4222,-279,-1001
4166,-289,-984
4103,-288,-955
4034,-264,-925
3957,-223,-906
3887,-177,-888
3824,-132,-872
