-1882,-376,385
-2065,-273,266
-2235,-158,124
-2396,-39,-39
-2518,70,-221
-2590,165,-434
-2624,243,-646
-2645,303,-833
-2682,347,-956
-2724,408,-1003
-2736,539,-963
-2702,784,-868
-2639,1108,-771
-2588,1419,-732
-2562,1602,-783
-2548,1633,-924
-2515,1550,-1131
-2428,1438,-1366
-2268,1367,-1595
-2044,1365,-1789
-1776,1406,-1938
-1476,1453,-2034
-1173,1485,-2080
-900,1503,-2082
-675,1503,-2064
-505,1492,-2028
-381,1466,-1978
-302,1420,-1910
-270,1353,-1828
-273,1266,-1729
-303,1165,-1622
-350,1056,-1515
-397,942,-1407
-442,835,-1300
-474,748,-1204
-504,685,-1132
-523,646,-1073
-532,628,-1029
-526,627,-1006
-517,633,-992
-497,645,-977
-467,662,-972
-433,669,-968
-396,672,-967
-355,677,-967
-310,681,-972
-267,689,-976
-219,691,-980
-173,695,-985
-136,692,-987
-104,692,-983
-71,692,-978
-42,686,-973
-21,677,-962
-11,663,-959
-12,644,-960
-23,622,-966
-38,594,-978
-48,564,-1004
-56,535,-1037
-63,507,-1077
-55,477,-1126
-44,445,-1182
-27,418,-1245
11,387,-1309
57,363,-1374
110,346,-1440
169,332,-1507
227,320,-1581
280,313,-1657
329,304,-1740
381,295,-1822
418,280,-1904
448,264,-1987
472,242,-2075
476,211,-2166
461,168,-2261
436,113,-2355
410,58,-2456
378,-11,-2563
343,-92,-2672
322,-175,-2778
312,-261,-2873
320,-344,-2957
338,-415,-3021
362,-475,-3060
382,-526,-3071
389,-570,-3055
367,-607,-3005
311,-639,-2937
208,-664,-2860
67,-680,-2781
-117,-689,-2704
-339,-698,-2626
-575,-706,-2545
-785,-729,-2446
-927,-774,-2321
-992,-852,-2173
-976,-962,-2018
-904,-1075,-1845
-785,-1162,-1659
-641,-1203,-1474
-491,-1198,-1304
-350,-1159,-1152
-214,-1108,-1021
-105,-1050,-912
-24,-985,-817
12,-909,-727
6,-821,-630
-33,-732,-527
-93,-660,-415
-160,-616,-287
-226,-604,-148
-293,-621,-9
-356,-664,136
-416,-733,279
-458,-821,413
-497,-918,535
-522,-1026,643
-531,-1124,741
-537,-1207,831
-533,-1277,912
-524,-1326,990
-514,-1353,1063
-500,-1366,1127
-490,-1359,1182
-483,-1338,1235
-482,-1302,1289
-484,-1252,1335
-487,-1194,1377
-492,-1128,1413
-494,-1054,1451
-488,-973,1483
-475,-888,1513
-453,-804,1545
-423,-723,1583
-385,-648,1627
-346,-570,1673
-299,-496,1720
-252,-425,1774
-202,-350,1835
-155,-274,1905
-109,-194,1978
-65,-104,2054
-28,-6,2136
3,86,2224
16,176,2307
6,274,2386
-29,360,2451
-98,428,2499
-197,479,2527
-310,515,2531
-438,535,2511
-571,552,2469
-710,575,2410
-836,606,2344
-946,654,2277
-1038,720,2227
-1110,803,2192
-1159,897,2174
-1183,997,2171
-1190,1102,2182
-1184,1206,2203
-1169,1308,2228
-1142,1410,2249
-1104,1514,2267
-1069,1625,2284
-1033,1744,2298
-1000,1870,2315
-974,2002,2336
-969,2132,2373
-997,2247,2426
-1061,2340,2487
-1177,2399,2555
-1343,2413,2628
-1546,2374,2695
-1778,2280,2754
-2015,2138,2813
-2239,1969,2889
-2420,1810,2993
-2528,1718,3121
-2562,1777,3272
-2562,2046,3460
-2565,2502,3660
-2589,3043,3859
-2626,3524,4041
-2635,3852,4178
-2603,4029,4250
-2580,4086,4238
-2601,4046,4160
-2666,3932,4063
-2746,3765,3995
-2824,3588,3981
-2892,3444,4026
-2951,3356,4116
-3000,3322,4238
-3034,3323,4354
-3049,3329,4455
-3026,3311,4530
-2964,3252,4582
-2874,3173,4612
-2752,3084,4623
-2607,3017,4613
-2435,2973,4583
-2235,2942,4525
-1996,2926,4440
-1723,2921,4319
-1413,2917,4160
-1089,2917,3991
-767,2921,3798
-477,2912,3607
-231,2877,3439
-24,2812,3290
126,2711,3172
253,2583,3082
349,2442,3018
409,2288,2965
446,2137,2921
456,1994,2869
438,1855,2800
400,1725,2712
346,1601,2595
286,1484,2460
212,1367,2302
129,1251,2128
46,1148,1944
-52,1050,1758
-160,973,1575
-275,907,1393
-402,861,1224
-530,823,1066
-658,789,915
-774,754,771
-895,725,640
-1009,693,516
-1105,661,391
-1182,624,269
-1242,582,159
-1274,529,53
-1272,477,-40
-1236,419,-129
-1167,351,-223
-1067,274,-316
-937,189,-409
-785,98,-504
-627,4,-598
-454,-104,-691
-286,-214,-784
-123,-330,-872
25,-450,-952
154,-577,-1025
279,-722,-1097
389,-885,-1165
478,-1078,-1234
544,-1301,-1315
582,-1568,-1423
593,-1892,-1568
608,-2274,-1764
668,-2702,-2008
827,-3096,-2280
1087,-3319,-2554
1411,-3219,-2764
1706,-2742,-2853
1933,-1999,-2794
2031,-1296,-2632
1978,-973,-2436
1949,-973,-2259
1981,-1077,-2200
2017,-1185,-2284
2042,-1288,-2480
2055,-1435,-2724
2047,-1655,-2959
2000,-1942,-3150
1907,-2255,-3273
1774,-2526,-3350
1606,-2688,-3400
1417,-2733,-3453
1220,-2695,-3515
1014,-2635,-3571
798,-2607,-3619
569,-2633,-3658
331,-2705,-3689
93,-2815,-3710
-138,-2940,-3724
-366,-3070,-3729
-578,-3199,-3725
-764,-3314,-3707
-919,-3409,-3672
-1026,-3482,-3619
-1084,-3532,-3558
-1078,-3557,-3483
-1019,-3568,-3389
-902,-3564,-3286
-725,-3556,-3173
-496,-3547,-3047
-218,-3548,-2911
97,-3547,-2766
449,-3552,-2610
830,-3557,-2453
1227,-3571,-2295
1630,-3577,-2141
2028,-3586,-2000
2413,-3593,-1865
2783,-3597,-1746
3136,-3594,-1645
3460,-3580,-1566
3750,-3565,-1504
4010,-3542,-1464
4227,-3510,-1443
4418,-3467,-1430
4585,-3417,-1430
4724,-3361,-1438
4828,-3295,-1451
4913,-3217,-1460
4984,-3133,-1471
5035,-3037,-1484
5078,-2934,-1501
5116,-2836,-1524
5137,-2741,-1548
5145,-2650,-1579
5145,-2567,-1619
5130,-2497,-1666
5098,-2433,-1724
5041,-2379,-1791
4969,-2324,-1861
4877,-2269,-1940
4767,-2206,-2017
4635,-2140,-2089
4480,-2062,-2154
4300,-1983,-2217
4099,-1893,-2267
3874,-1795,-2307
3636,-1692,-2334
3376,-1595,-2344
3101,-1507,-2338
2814,-1421,-2316
2524,-1342,-2275
2219,-1272,-2219
1907,-1206,-2145
1581,-1131,-2053
1241,-1046,-1943
892,-938,-1828
529,-806,-1699
170,-648,-1577
-177,-463,-1465
-524,-248,-1367
-847,-16,-1286
-1131,210,-1231
-1369,433,-1193
-1576,628,-1158
-1755,779,-1110
-1913,880,-1041
-2036,953,-945
-2131,1019,-830
-2198,1087,-710
-2260,1156,-605
-2319,1205,-529
-2381,1229,-500
-2446,1228,-517
-2505,1215,-569
-2551,1191,-640
-2584,1182,-703
-2599,1189,-744
-2612,1215,-755
-2624,1255,-735
-2635,1300,-702
-2644,1346,-657
-2639,1385,-608
-2613,1421,-562
-2570,1452,-519
-2506,1473,-485
-2423,1502,-452
-2328,1530,-418
-2224,1558,-384
-2113,1589,-350
-1999,1624,-310
-1889,1652,-267
-1777,1678,-220
-1661,1696,-168
-1547,1705,-116
-1440,1709,-69
-1322,1709,-29
-1203,1701,22
-1083,1687,78
-964,1667,138
-837,1643,203
-720,1614,274
-614,1579,348
-515,1542,413
-415,1501,477
-317,1460,538
-223,1412,599
-132,1364,658
-45,1319,713
32,1276,760
101,1237,811
168,1200,856
238,1169,894
301,1133,933
358,1092,978
403,1047,1021
448,1003,1060
486,957,1093
515,909,1126
539,849,1159
551,777,1189
561,700,1220
564,615,1251
560,525,1280
550,436,1307
538,344,1336
524,251,1363
508,160,1389
491,78,1414
466,-0,1435
438,-83,1447
411,-166,1459
383,-245,1466
348,-319,1472
307,-390,1475
257,-458,1469
189,-528,1461
107,-600,1457
8,-670,1450
-117,-738,1456
-276,-798,1468
-477,-860,1492
-718,-924,1528
-1004,-1002,1574
-1314,-1082,1640
-1628,-1165,1712
-1926,-1245,1792
-2237,-1329,1872
-2587,-1422,1948
-2890,-1561,2021
-3017,-1777,2095
-2859,-2022,2161
-2327,-2181,2200
-1449,-2127,2193
-731,-1907,2129
-352,-1640,2044
-113,-1420,1974
126,-1277,1942
517,-1189,1942
988,-1129,1916
1349,-1080,1831
1544,-1057,1671
1634,-1067,1446
1671,-1120,1193
1660,-1215,934
1609,-1323,692
1516,-1414,472
1396,-1470,294
1254,-1486,151
1104,-1478,38
977,-1461,-43
874,-1434,-95
786,-1406,-135
720,-1375,-159
670,-1341,-172
642,-1315,-171
630,-1298,-161
634,-1289,-149
646,-1287,-137
673,-1286,-128
704,-1286,-115
749,-1288,-102
799,-1287,-92
854,-1287,-80
909,-1277,-67
964,-1269,-56
1013,-1255,-52
1061,-1243,-48
1113,-1228,-39
1166,-1208,-31
1216,-1182,-24
1277,-1160,-17
1337,-1134,-7
1400,-1111,9
1458,-1088,29
1514,-1065,55
1566,-1041,81
1617,-1015,106
1661,-996,128
1694,-983,144
1718,-971,160
1734,-967,172
1741,-958,182
1739,-951,194
1725,-945,204
1700,-935,207
1671,-924,210
1625,-911,211
1574,-897,215
1520,-880,217
1466,-860,223
1408,-837,227
1348,-813,240
1289,-789,250
1229,-764,259
1164,-739,271
1108,-711,280
1049,-686,289
998,-661,298
952,-637,310
913,-611,327
872,-578,355
829,-544,391
780,-505,437
718,-465,484
638,-434,534
522,-406,587
372,-391,638
180,-389,684
-48,-405,722
-335,-434,744
-656,-476,751
-1026,-519,743
-1427,-563,724
-1867,-619,690
-2322,-688,628
-2739,-769,545
-3011,-864,454
-3017,-920,377
-2733,-892,324
-2280,-762,285
-1792,-547,242
-1315,-295,177
-855,-57,78
-435,103,-63
-75,178,-241
220,177,-455
458,107,-671
622,2,-875
728,-140,-1058
781,-296,-1209
795,-440,-1318
774,-557,-1391
740,-639,-1429
686,-687,-1444
627,-703,-1443
558,-697,-1432
482,-683,-1411
415,-675,-1389
371,-679,-1361
338,-693,-1327
324,-727,-1287
325,-763,-1242
330,-801,-1193
344,-845,-1130
363,-888,-1054
383,-935,-972
403,-981,-882
424,-1025,-782
444,-1058,-682
464,-1095,-573
488,-1125,-463
516,-1151,-355
548,-1166,-248
589,-1174,-142
630,-1173,-44
672,-1160,54
719,-1138,148
768,-1113,232
814,-1086,311
853,-1057,382
894,-1030,447
943,-1001,512
999,-969,577
1077,-938,649
1164,-908,728
1258,-879,819
1349,-851,917
1437,-829,1026
1508,-809,1135
1556,-794,1246
1586,-788,1350
1595,-787,1456
1583,-793,1553
1548,-804,1634
1501,-818,1709
1427,-837,1772
1337,-853,1806
1241,-867,1840
1141,-886,1877
1026,-906,1919
907,-931,1965
764,-962,2013
614,-997,2071
453,-1029,2131
284,-1058,2199
115,-1086,2272
-59,-1117,2345
-251,-1153,2419
-458,-1193,2487
-678,-1234,2541
-924,-1281,2582
-1184,-1333,2603
-1443,-1394,2610
-1704,-1453,2603
-1960,-1515,2581
-2213,-1579,2542
-2453,-1645,2494
-2668,-1707,2440
-2846,-1760,2375
-2970,-1799,2307
-3033,-1817,2238
-3040,-1802,2175
-2991,-1751,2110
-2882,-1676,2045
-2692,-1600,1989
-2386,-1541,1951
-1954,-1519,1937
-1420,-1530,1954
-829,-1538,1986
-231,-1504,2007
315,-1420,1995
811,-1317,1924
1247,-1240,1793
1610,-1223,1609
1895,-1263,1404
2102,-1333,1200
2241,-1414,1014
2330,-1487,861
2377,-1549,740
2393,-1605,649
2373,-1659,582
2322,-1707,532
2245,-1748,479
2146,-1789,424
2032,-1832,366
1906,-1872,306
1782,-1923,251
1670,-1981,198
1573,-2042,156
1495,-2107,130
1445,-2175,114
1414,-2236,111
1406,-2285,116
1424,-2327,131
1457,-2355,151
1500,-2372,172
1555,-2388,194
1626,-2401,218
1716,-2407,241
1813,-2416,266
1921,-2423,289
2033,-2424,314
2154,-2428,336
2287,-2432,360
2420,-2440,379
2554,-2449,395
2687,-2455,410
2818,-2464,426
2945,-2464,437
3076,-2459,449
3192,-2453,462
3302,-2440,470
3401,-2419,481
3483,-2396,492
3558,-2362,503
3619,-2323,516
3667,-2276,527
3703,-2225,538
3721,-2168,547
3726,-2101,558
3717,-2029,568
3693,-1961,575
3648,-1889,576
3593,-1811,579
3531,-1736,576
3467,-1652,573
3396,-1572,564
3318,-1498,560
3237,-1424,559
3138,-1360,543
3034,-1299,516
2937,-1249,494
2839,-1207,489
2733,-1180,495
2625,-1171,512
2504,-1168,540
2375,-1170,574
2233,-1171,619
2075,-1167,676
1895,-1160,737
1694,-1153,805
1472,-1145,876
1215,-1142,953
915,-1134,1028
565,-1133,1094
150,-1141,1148
-321,-1157,1177
-858,-1190,1182
-1425,-1247,1158
-2003,-1333,1099
-2591,-1451,1000
-3185,-1603,870
-3771,-1790,729
-4253,-1977,594
-4427,-2089,496
-4125,-2015,467
-3489,-1648,487
-2696,-910,495
-2054,-50,398
-1761,521,235
-1460,765,111
-1053,783,30
-623,663,-30
-234,456,-82
121,189,-143
465,-101,-210
797,-410,-270
1094,-695,-324
1347,-948,-366
1538,-1142,-384
1673,-1263,-376
1751,-1311,-342
1776,-1287,-289
1749,-1223,-216
1686,-1140,-142
1592,-1055,-68
1475,-986,-8
1341,-942,51
1208,-922,99
1071,-928,141
935,-954,178
814,-990,216
701,-1027,258
591,-1064,298
487,-1098,347
380,-1117,399
276,-1124,454
167,-1120,501
65,-1102,547
-33,-1068,589
-130,-1020,623
-217,-961,648
-301,-898,672
-369,-833,685
-429,-775,694
-476,-719,698
-516,-668,708
-549,-629,714
-571,-598,720
-580,-569,729
-578,-544,740
-563,-533,754
-537,-527,773
-498,-519,795
-451,-520,819
-393,-528,839
-328,-544,862
-261,-562,883
-180,-584,904
-86,-611,926
11,-644,949
109,-678,977
210,-718,997
309,-768,1003
408,-819,1001
498,-868,992
581,-912,972
651,-953,944
719,-987,911
777,-1014,877
828,-1033,841
874,-1048,809
916,-1066,777
953,-1077,746
982,-1092,713
1009,-1110,675
1032,-1121,642
1050,-1144,601
1069,-1170,561
1077,-1195,520
1073,-1223,477
1055,-1255,424
1011,-1291,362
940,-1329,295
831,-1370,218
689,-1421,140
507,-1486,56
285,-1559,-20
42,-1641,-88
-216,-1741,-150
-460,-1842,-194
-652,-1938,-214
-755,-2014,-207
-738,-2059,-175
-591,-2074,-118
-345,-2069,-38
-52,-2033,61
239,-1940,159
548,-1754,219
863,-1471,218
1175,-1151,150
1460,-894,37
1690,-765,-84
1861,-767,-213
1967,-854,-331
2024,-1003,-416
2033,-1177,-463
1999,-1345,-464
1921,-1496,-431
1806,-1624,-368
1675,-1729,-291
1538,-1807,-216
1406,-1860,-153
1283,-1884,-106
1167,-1884,-71
1062,-1857,-54
967,-1812,-47
887,-1758,-45
827,-1707,-48
792,-1665,-52
778,-1644,-52
788,-1634,-53
821,-1635,-51
880,-1637,-41
954,-1639,-23
1043,-1630,4
1141,-1609,34
1247,-1583,70
1355,-1547,115
1468,-1512,165
1577,-1471,220
1681,-1424,275
1782,-1380,330
1876,-1333,391
1958,-1291,453
2040,-1246,512
2121,-1204,576
2191,-1161,638
2256,-1115,702
2312,-1074,764
2355,-1031,812
2386,-988,857
2402,-937,895
2408,-890,925
2400,-842,944
2371,-785,938
2335,-720,919
2306,-655,906
2271,-585,902
2219,-519,907
2149,-456,909
2058,-398,916
1943,-345,924
1805,-296,932
1655,-255,940
1488,-224,941
1313,-200,939
1117,-179,930
897,-162,912
664,-149,879
410,-143,837
141,-136,784
-144,-130,717
-453,-127,636
-789,-129,548
-1156,-126,452
-1549,-130,343
-1978,-145,217
-2429,-170,69
-2906,-212,-88
-3389,-268,-273
-3864,-334,-481
-4302,-409,-701
-4691,-472,-917
-4993,-487,-1102
-5155,-390,-1225
-5140,-103,-1258
-4987,391,-1196
-4766,1020,-1056
-4536,1598,-865
-4307,1962,-648
-4062,2082,-453
-3782,2016,-344
-3446,1852,-349
-3052,1642,-450
-2602,1419,-609
-2110,1191,-776
-1602,971,-896
-1094,771,-952
-631,595,-943
-243,436,-877
53,298,-765
262,182,-614
395,94,-437
456,49,-249
449,25,-73
396,24,82
319,34,221
233,43,326
146,39,400
69,29,438
-4,17,447
-71,12,441
-125,7,417
-176,6,388
-220,24,352
-247,51,309
-262,90,263
-253,142,211
-232,205,151
-192,271,86
-135,340,16
-64,406,-46
19,474,-94
104,537,-138
191,590,-172
288,641,-190
386,688,-198
471,725,-190
550,758,-179
626,778,-155
693,791,-124
749,788,-98
813,775,-68
871,752,-38
914,712,-11
954,654,-12
999,586,-21
1048,512,-43
1107,429,-67
1174,348,-102
1242,253,-145
1309,161,-191
1374,81,-237
1428,5,-277
1474,-77,-316
1499,-147,-351
1512,-215,-385
1515,-273,-416
1498,-329,-449
1468,-378,-482
1419,-423,-514
1354,-470,-547
1276,-516,-580
1185,-562,-612
1075,-611,-649
953,-667,-688
817,-725,-727
662,-789,-775
490,-855,-823
299,-930,-874
106,-1010,-921
-103,-1097,-953
-343,-1185,-977
-594,-1266,-990
-867,-1340,-985
-1149,-1409,-968
-1410,-1465,-937
-1615,-1512,-887
-1723,-1543,-808
-1710,-1539,-708
-1578,-1515,-594
-1333,-1464,-458
-1012,-1378,-305
-650,-1262,-169
-273,-1124,-75
83,-969,-54
415,-830,-96
721,-736,-208
995,-698,-334
1224,-716,-437
1376,-781,-506
1464,-877,-536
1511,-991,-540
1527,-1102,-512
1512,-1194,-452
1464,-1264,-375
1382,-1316,-293
1279,-1345,-211
1177,-1353,-140
1098,-1339,-81
1033,-1311,-41
969,-1282,1
908,-1270,51
848,-1272,105
792,-1289,161
740,-1313,215
700,-1342,265
682,-1371,314
680,-1404,357
695,-1430,398
734,-1444,432
795,-1444,470
879,-1427,509
975,-1396,544
1072,-1358,577
1176,-1317,606
1290,-1266,633
1419,-1208,667
1555,-1151,700
1689,-1096,734
1830,-1037,771
1971,-965,813
2111,-885,865
2250,-796,931
2370,-706,1007
2475,-617,1091
2554,-528,1177
2608,-442,1264
2624,-360,1349
2600,-279,1426
2541,-202,1487
2438,-130,1528
2285,-64,1528
2118,3,1517
1937,61,1505
1741,115,1492
1534,166,1477
1309,213,1470
1079,258,1464
841,298,1466
602,335,1474
378,375,1494
169,415,1509
-20,461,1524
-214,515,1531
-400,580,1529
-583,648,1519
-775,717,1498
-980,784,1466
-1212,850,1413
-1481,906,1345
-1789,947,1264
-2140,972,1160
-2543,975,1034
-2985,949,880
-3457,885,702
-3956,773,497
-4474,610,275
-5005,411,47
-5503,244,-161
-5868,260,-348
-6032,643,-492
-6007,1421,-598
-5890,2303,-659
-5768,2944,-659
-5681,3217,-611
-5611,3201,-545
-5516,3049,-496
-5380,2894,-521
-5197,2774,-636
-4953,2656,-810
-4642,2512,-1001
-4280,2337,-1161
-3884,2152,-1253
-3473,1982,-1277
-3072,1827,-1227
-2702,1694,-1106
-2372,1585,-929
-2087,1496,-710
-1852,1427,-470
-1658,1386,-230
-1509,1356,-25
-1398,1330,149
-1320,1296,290
-1254,1252,393
-1195,1197,461
-1139,1131,498
-1083,1062,514
-1025,996,510
-971,942,494
-924,897,469
-877,861,434
-834,830,390
-799,810,346
-773,787,301
-754,768,261
-733,750,223
-717,736,184
-705,721,149
-697,705,117
-690,688,84
-686,666,57
-666,643,42
-651,614,38
-650,577,11
-646,540,-36
-630,506,-90
-603,469,-161
-563,432,-242
-512,393,-328
-445,349,-413
-373,303,-496
-294,253,-577
-210,198,-654
-126,141,-722
-34,82,-779
56,29,-831
145,-33,-877
235,-95,-919
329,-149,-952
424,-207,-983
507,-267,-1007
587,-321,-1026
664,-375,-1043
735,-428,-1061
799,-475,-1083
848,-519,-1107
893,-561,-1129
926,-599,-1155
951,-636,-1182
971,-677,-1216
976,-715,-1252
975,-751,-1291
957,-788,-1326
920,-823,-1358
850,-859,-1379
744,-883,-1388
612,-912,-1377
457,-936,-1341
256,-951,-1299
64,-966,-1241
-113,-1004,-1150
-282,-1076,-1026
-444,-1189,-879
-604,-1338,-719
-742,-1523,-556
-829,-1723,-391
-825,-1880,-209
-708,-1903,-29
-499,-1720,129
-218,-1360,238
91,-899,269
394,-498,211
694,-259,94
964,-200,-47
1205,-285,-163
1406,-467,-242
1560,-710,-265
1686,-981,-223
1794,-1239,-118
1889,-1453,23
1957,-1618,190
1993,-1732,349
1992,-1794,469
1989,-1782,553
1987,-1711,609
1962,-1600,642
1924,-1478,659
1859,-1367,666
1777,-1279,666
1689,-1228,667
1606,-1212,682
1536,-1225,716
1490,-1251,761
1465,-1293,819
1447,-1338,889
1450,-1374,969
1467,-1396,1046
1496,-1396,1119
1529,-1374,1180
1569,-1329,1232
1609,-1254,1274
1657,-1160,1308
1705,-1060,1336
1746,-956,1357
1778,-855,1371
1800,-773,1383
1807,-702,1397
1810,-646,1401
1810,-608,1394
1810,-572,1392
1822,-541,1404
1833,-512,1422
1836,-476,1451
1828,-444,1485
1806,-409,1512
1763,-372,1528
1704,-332,1538
1640,-287,1549
1560,-241,1556
1460,-196,1555
1347,-145,1547
1219,-99,1532
1069,-55,1509
912,-9,1469
737,39,1420
557,83,1360
368,130,1293
182,181,1224
3,236,1156
-180,290,1091
-363,349,1030
-538,412,974
-719,474,921
-910,535,863
-1121,593,804
-1352,643,731
-1611,691,644
-1897,728,541
-2208,746,421
-2550,730,284
-2926,670,125
-3329,555,-40
-3740,363,-203
-4142,98,-353
-4519,-183,-464
-4773,-317,-543
-4866,-62,-600
-4811,660,-664
-4663,1608,-733
-4518,2369,-755
-4429,2751,-698
-4338,2824,-602
-4205,2760,-544
-4043,2672,-570
-3862,2571,-682
-3631,2431,-856
-3342,2238,-1035
-2994,2007,-1187
-2604,1767,-1287
-2204,1538,-1313
-1839,1338,-1258
-1518,1173,-1130
-1243,1035,-934
-1018,945,-691
-830,903,-425
-694,912,-157
-615,966,87
-587,1040,308
-602,1117,474
-647,1175,578
-703,1198,627
-765,1191,627
-817,1164,589
-851,1123,532
-875,1078,473
-882,1049,420
-872,1028,377
-846,1013,344
-803,1002,318
-745,994,304
-682,985,297
-619,975,292
-560,959,287
-507,941,284
-455,915,276
-407,888,273
-368,851,269
-326,813,264
-284,771,251
-247,731,230
-208,705,201
-159,676,162
-101,648,122
-34,621,92
27,587,50
87,552,-12
153,517,-76
238,472,-153
324,426,-236
421,376,-322
525,320,-414
627,256,-497
731,189,-571
841,120,-644
948,55,-709
1046,-14,-771
1144,-89,-823
1223,-164,-866
1295,-234,-909
1357,-300,-947
1411,-360,-982
1452,-409,-1012
1481,-459,-1038
1497,-499,-1064
1503,-538,-1098
1496,-574,-1126
1476,-603,-1156
1442,-632,-1189
1391,-660,-1225
1320,-692,-1258
1236,-718,-1281
1127,-751,-1293
992,-795,-1288
839,-848,-1254
679,-915,-1186
495,-998,-1096
289,-1082,-991
88,-1170,-863
-94,-1277,-720
-265,-1397,-573
-390,-1530,-428
-427,-1654,-274
-365,-1735,-85
-229,-1690,143
-35,-1422,363
191,-904,482
440,-296,444
668,182,258
859,435,28
998,466,-174
1095,334,-332
1156,104,-434
1201,-171,-469
1229,-483,-431
1243,-784,-338
1266,-1057,-210
1292,-1249,-70
1309,-1352,68
1315,-1375,203
1307,-1316,317
1288,-1193,398
1257,-1026,451
1209,-854,468
1132,-713,456
1026,-620,427
901,-585,402
777,-600,381
657,-652,380
554,-726,394
478,-806,430
428,-878,477
398,-937,523
392,-980,566
399,-1005,604
425,-1007,634
473,-993,661
530,-958,684
584,-913,701
642,-868,717
710,-808,738
782,-735,767
854,-656,804
917,-580,846
963,-505,890
994,-433,931
1022,-369,971
1037,-316,1009
1042,-272,1050
1042,-232,1092
1022,-202,1132
989,-181,1166
943,-171,1191
871,-164,1206
780,-160,1200
689,-156,1179
597,-159,1157
496,-169,1131
389,-181,1101
273,-193,1062
163,-203,1026
61,-205,985
-33,-198,940
-111,-180,899
-175,-144,861
-224,-95,822
-263,-34,786
-291,37,746
-316,115,702
-343,203,661
-372,299,611
-415,392,549
-473,484,480
-555,570,402
-658,648,315
-798,718,229
-963,769,143
-1159,793,67
-1392,781,3
-1657,720,-48
-1968,599,-82
-2332,409,-111
-2728,147,-124
-3129,-168,-106
-3499,-469,-69
-3795,-596,-53
-3969,-410,-56
-4014,106,-96
-3983,788,-159
-3974,1413,-207
-4030,1835,-212
-4118,2065,-211
-4177,2176,-264
-4188,2200,-400
-4175,2123,-597
-4132,1944,-815
-4044,1676,-1022
-3894,1379,-1188
-3659,1100,-1298
-3372,868,-1338
-3069,693,-1302
-2765,559,-1188
-2488,457,-1006
-2226,382,-782
-1977,338,-538
-1754,313,-304
-1575,307,-95
-1440,326,53
-1334,356,151
-1238,383,189
-1120,378,176
-964,336,134
-789,274,81
-605,211,27
-416,162,-15
-236,133,-41
-70,121,-50
70,126,-52
196,138,-53
308,152,-55
405,168,-68
483,184,-88
545,201,-112
593,220,-144
628,239,-170
648,261,-200
653,282,-244
651,307,-291
645,331,-336
635,354,-383
623,376,-437
610,393,-490
593,405,-533
566,407,-564
531,402,-604
502,395,-658
480,384,-717
469,376,-775
473,367,-836
483,355,-899
509,333,-959
545,305,-1013
593,270,-1070
648,219,-1123
708,160,-1166
774,97,-1207
838,31,-1246
903,-48,-1285
966,-131,-1323
1028,-214,-1359
1084,-293,-1395
1135,-370,-1436
1181,-440,-1470
1217,-499,-1503
1245,-554,-1539
1265,-603,-1575
1276,-649,-1609
1278,-694,-1641
1268,-737,-1669
1238,-779,-1695
1189,-820,-1707
1111,-862,-1697
1015,-903,-1671
905,-941,-1623
777,-967,-1549
633,-976,-1451
483,-967,-1336
328,-953,-1201
178,-958,-1048
17,-1001,-894
-152,-1079,-754
-293,-1178,-645
-398,-1284,-568
-430,-1356,-502
-384,-1354,-444
-268,-1261,-393
-99,-1079,-359
70,-827,-362
220,-551,-416
361,-309,-517
490,-166,-630
577,-141,-722
618,-215,-794
640,-356,-824
657,-542,-805
670,-758,-741
677,-973,-634
676,-1162,-500
678,-1289,-355
693,-1352,-218
722,-1369,-100
749,-1349,-8
771,-1314,77
789,-1280,156
801,-1247,237
807,-1232,322
805,-1238,411
806,-1266,504
816,-1317,601
838,-1377,701
877,-1443,798
929,-1509,891
996,-1561,988
1079,-1591,1076
1163,-1602,1146
1252,-1603,1203
1344,-1585,1259
1435,-1558,1307
1523,-1523,1343
1609,-1486,1378
1688,-1444,1411
1752,-1401,1431
1817,-1358,1451
1874,-1312,1476
1924,-1255,1495
1965,-1194,1508
2006,-1131,1517
2049,-1059,1536
2080,-987,1560
2097,-907,1595
2097,-833,1626
2082,-764,1659
2042,-698,1689
1982,-635,1717
1905,-574,1735
1808,-518,1742
1698,-463,1744
1575,-408,1736
1435,-353,1713
1283,-300,1674
1135,-242,1632
991,-188,1598
839,-137,1569
686,-89,1542
531,-43,1514
378,3,1490
232,51,1462
101,105,1437
-15,172,1410
-127,245,1383
-232,329,1352
-334,414,1319
-433,508,1284
-545,600,1247
-668,684,1209
-816,750,1168
-991,804,1127
-1193,828,1090
-1413,819,1060
-1665,774,1030
-1942,690,1007
-2254,557,991
-2596,384,983
-2959,177,994
-3320,-21,1041
-3624,-145,1125
-3813,-84,1231
-3861,228,1342
-3815,802,1430
-3747,1478,1467
-3697,2060,1465
-3675,2450,1414
-3671,2653,1324
-3688,2720,1190
-3720,2685,1031
-3771,2572,865
-3817,2398,713
-3856,2192,593
-3872,1984,504
-3873,1801,448
-3868,1664,415
-3870,1585,394
-3873,1548,391
-3884,1539,398
-3900,1544,409
-3909,1548,420
-3907,1550,428
-3888,1540,421
-3854,1526,408
-3807,1510,388
-3732,1483,371
-3634,1455,360
-3503,1426,356
-3349,1393,362
-3174,1368,382
-2976,1349,403
-2770,1338,425
-2553,1328,445
-2330,1323,456
-2104,1317,462
-1875,1312,461
-1643,1311,455
-1409,1309,442
-1180,1310,431
-955,1315,424
-745,1311,428
-548,1306,437
-359,1298,454
-187,1284,476
-27,1266,505
102,1246,535
211,1223,566
301,1197,586
362,1167,595
403,1141,590
421,1118,568
415,1098,529
392,1079,468
357,1067,399
302,1059,318
235,1052,232
158,1041,148
75,1032,65
-23,1011,-20
-139,981,-104
-266,939,-203
-392,874,-310
-516,791,-419
-633,686,-538
-740,556,-650
-834,409,-761
-901,235,-871
-938,62,-970
-946,-114,-1065
-920,-288,-1157
-863,-445,-1234
-786,-578,-1307
-697,-703,-1369
-602,-817,-1427
-505,-923,-1482
-408,-1024,-1525
-312,-1124,-1552
-228,-1233,-1561
-151,-1350,-1550
-83,-1482,-1520
-13,-1629,-1460
72,-1789,-1363
193,-1968,-1220
364,-2141,-1018
558,-2271,-768
786,-2279,-492
1071,-2100,-248
1409,-1702,-86
1763,-1134,-40
2056,-572,-77
2268,-213,-181
2407,-91,-318
2494,-145,-456
2531,-312,-588
2537,-539,-700
2526,-796,-797
2510,-1057,-868
2484,-1306,-910
2435,-1518,-913
2355,-1675,-879
2239,-1772,-820
2101,-1812,-752
1956,-1808,-695
1799,-1778,-665
1649,-1731,-669
1505,-1695,-705
1371,-1682,-762
1240,-1691,-820
1120,-1722,-872
1014,-1778,-904
929,-1857,-904
870,-1939,-889
846,-2006,-858
855,-2054,-812
899,-2077,-769
976,-2074,-720
1076,-2063,-672
1201,-2045,-627
1341,-2027,-583
1491,-2010,-532
1656,-1993,-464
1836,-1981,-387
2026,-1964,-305
2226,-1942,-208
2434,-1911,-102
2639,-1875,-3
2841,-1827,108
3033,-1774,210
3216,-1713,310
3376,-1646,397
3515,-1578,470
3626,-1508,529
3711,-1432,568
3768,-1358,589
3810,-1289,598
3823,-1223,594
3821,-1166,578
3796,-1112,551
3755,-1056,521
3711,-999,497
3647,-935,482
3564,-875,469
3466,-812,463
3348,-752,462
3217,-691,461
3065,-629,458
2897,-572,451
2702,-521,426
2498,-474,394
2292,-426,368
2089,-387,337
1871,-356,306
1646,-331,274
1418,-302,228
1176,-274,183
929,-243,131
687,-208,68
445,-172,-3
210,-131,-67
-10,-90,-139
-238,-55,-211
-470,-24,-272
-704,-11,-317
-934,-29,-340
-1166,-71,-340
-1392,-152,-324
-1624,-265,-282
-1862,-396,-219
-2101,-532,-145
-2339,-663,-67
-2551,-742,6
-2728,-737,76
-2849,-616,128
-2878,-402,180
-2825,-126,237
-2709,157,306
-2568,437,369
-2441,692,413
-2346,910,430
-2288,1082,418
-2262,1172,382
-2259,1181,324
-2271,1109,255
-2287,980,186
-2306,821,126
-2318,653,88
-2324,496,68
-2318,374,74
-2305,293,104
-2286,254,153
-2255,246,219
-2219,256,297
-2178,271,382
-2128,279,468
-2068,284,548
-2001,284,614
-1933,286,673
-1861,293,722
-1781,303,764
-1708,318,804
-1634,337,842
-1556,362,877
-1475,386,910
-1378,416,936
-1270,449,960
-1155,482,982
-1034,513,1002
-901,539,1027
-764,557,1059
-629,571,1095
-485,574,1139
-338,574,1192
-193,569,1248
-53,557,1304
76,536,1354
191,513,1393
299,488,1417
393,462,1429
469,433,1422
537,404,1401
588,378,1364
626,351,1317
661,326,1259
686,313,1198
702,307,1130
715,307,1066
721,309,1003
720,323,936
712,329,884
700,334,836
685,335,792
671,327,743
660,312,701
654,280,662
649,234,624
657,172,594
659,92,564
661,5,524
679,-95,475
707,-199,418
746,-302,360
791,-396,305
849,-480,251
915,-552,202
987,-615,165
1071,-666,133
1165,-708,111
1262,-740,91
1366,-767,68
1475,-788,46
1578,-809,28
1676,-833,6
1774,-863,-22
1865,-897,-44
1939,-936,-60
1998,-992,-81
2037,-1051,-98
2062,-1122,-107
2072,-1198,-106
2064,-1284,-95
2049,-1372,-62
2034,-1465,-4
2034,-1566,96
2046,-1678,236
2082,-1816,425
2145,-1985,677
2258,-2143,993
2445,-2159,1313
2688,-1833,1543
2939,-1126,1613
3140,-286,1516
3271,329,1318
3360,597,1109
3419,590,920
3451,421,766
3467,166,637
3480,-128,534
3509,-455,464
3552,-773,438
3596,-1069,453
3626,-1315,490
3636,-1496,544
3620,-1599,595
3587,-1629,621
3543,-1604,614
3481,-1544,564
3396,-1489,476
3294,-1455,362
3178,-1450,238
3055,-1476,122
2949,-1516,30
2841,-1577,-35
2742,-1640,-71
2657,-1710,-90
2583,-1774,-96
2528,-1838,-89
2484,-1896,-71
2456,-1939,-56
2446,-1974,-48
2442,-1997,-29
2448,-2009,-15
2459,-2016,2
2470,-2017,14
2480,-2006,20
2492,-1987,21
2500,-1967,18
2509,-1935,9
2518,-1887,-11
2527,-1836,-38
2532,-1779,-55
2535,-1713,-77
2538,-1635,-111
2537,-1551,-140
2533,-1470,-170
2512,-1392,-200
2480,-1313,-236
2434,-1239,-268
2371,-1178,-304
2287,-1118,-347
2190,-1069,-396
2081,-1027,-452
1943,-991,-515
1795,-960,-586
1633,-936,-652
1467,-916,-717
1291,-908,-778
1107,-905,-836
921,-902,-888
738,-908,-939
557,-917,-985
386,-926,-1025
225,-934,-1067
81,-938,-1109
-50,-936,-1147
-173,-935,-1183
-280,-928,-1219
-367,-917,-1248
-438,-905,-1268
-488,-885,-1292
-530,-857,-1314
-557,-831,-1332
-570,-808,-1349
-576,-783,-1365
-578,-766,-1374
-574,-752,-1377
-576,-748,-1375
-583,-746,-1373
-592,-751,-1358
-613,-756,-1342
-642,-764,-1317
-671,-771,-1289
-697,-779,-1250
-726,-786,-1209
-741,-791,-1155
-749,-788,-1096
-740,-779,-1031
-721,-766,-958
-682,-749,-879
-631,-723,-804
-570,-695,-740
-501,-668,-677
-423,-644,-628
-348,-640,-589
-275,-653,-561
-201,-679,-538
-123,-723,-516
-54,-786,-496
13,-855,-460
74,-928,-407
130,-1004,-338
195,-1070,-252
252,-1129,-155
305,-1174,-58
345,-1217,45
375,-1252,150
401,-1280,254
416,-1306,347
425,-1325,434
427,-1341,511
418,-1346,576
417,-1359,636
409,-1376,688
406,-1390,735
409,-1407,772
415,-1424,805
427,-1432,830
444,-1429,848
472,-1425,861
511,-1411,869
556,-1396,875
603,-1375,886
660,-1350,896
717,-1332,905
777,-1317,918
833,-1304,929
886,-1298,944
940,-1292,955
989,-1289,972
1034,-1294,982
1084,-1302,993
1128,-1311,1000
1175,-1321,999
1214,-1335,997
1250,-1354,990
1291,-1381,983
1330,-1407,973
1364,-1432,963
1406,-1455,952
1436,-1484,947
1468,-1511,940
1497,-1527,928
1519,-1542,908
1540,-1550,885
1559,-1555,855
1580,-1556,821
1593,-1554,785
1606,-1553,746
1621,-1548,705
1631,-1545,671
1644,-1542,634
1660,-1534,604
1670,-1527,573
1689,-1523,543
1706,-1520,520
1721,-1520,500
1740,-1523,485
1760,-1524,466
1781,-1530,449
1800,-1546,429
1817,-1571,408
1834,-1599,392
1855,-1629,375
1879,-1658,353
1902,-1680,340
1919,-1693,323
1922,-1700,306
1908,-1708,288
1868,-1707,270
1800,-1701,256
1708,-1698,254
1590,-1681,253
1446,-1662,269
1282,-1640,292
1104,-1629,336
911,-1630,405
713,-1655,494
517,-1725,601
320,-1852,724
157,-2031,867
84,-2255,1047
102,-2450,1268
207,-2461,1490
404,-2118,1645
665,-1412,1670
971,-544,1562
1281,123,1386
1563,443,1211
1796,480,1079
1985,332,982
2133,90,918
2265,-195,889
2383,-507,895
2478,-810,933
2537,-1093,997
2546,-1325,1067
2498,-1497,1129
2409,-1595,1175
2287,-1619,1200
2144,-1591,1196
1987,-1535,1167
1808,-1464,1116
1609,-1407,1051
1409,-1375,992
1213,-1376,935
1027,-1410,899
865,-1464,889
726,-1536,895
606,-1613,923
510,-1689,958
437,-1748,1004
384,-1787,1045
361,-1799,1076
362,-1787,1101
395,-1748,1118
453,-1679,1130
536,-1591,1142
641,-1490,1150
766,-1380,1160
905,-1265,1175
1055,-1149,1194
1213,-1039,1217
1372,-934,1243
1528,-837,1265
1683,-744,1282
1830,-648,1292
1968,-554,1295
2095,-464,1287
2202,-388,1275
2290,-327,1250
2361,-285,1213
2417,-259,1156
2459,-249,1087
2484,-263,1017
2494,-303,946
2490,-363,878
2465,-438,807
2421,-512,733
2356,-585,666
2275,-651,596
2175,-700,527
2056,-730,465
1915,-746,403
1758,-747,341
1580,-735,291
1386,-706,234
1172,-668,178
947,-617,120
706,-558,57
457,-506,-9
200,-455,-62
-57,-414,-118
-342,-390,-172
-644,-399,-213
-968,-438,-251
-1312,-514,-272
-1665,-643,-278
-2004,-813,-270
-2305,-999,-234
-2550,-1138,-168
-2708,-1166,-77
-2736,-1010,28
-2650,-583,123
-2513,81,149
-2403,811,94
-2338,1391,-10
-2264,1693,-128
-2164,1748,-257
-2047,1632,-379
-1918,1394,-493
-1765,1069,-593
-1570,703,-672
-1325,341,-727
-1018,23,-748
-680,-237,-708
-338,-427,-611
-10,-528,-453
283,-554,-243
544,-508,-12
760,-407,237
929,-268,487
1046,-104,702
1100,46,880
1097,163,1007
1054,246,1083
979,283,1117
870,285,1118
737,268,1108
597,249,1096
448,235,1091
313,226,1103
192,228,1128
94,232,1171
16,245,1220
-50,263,1272
-98,282,1323
-128,311,1365
-145,343,1393
-149,378,1411
-146,414,1415
-134,453,1414
-123,489,1404
-122,523,1395
-126,551,1376
-143,573,1355
-167,584,1329
-196,592,1303
-231,600,1270
-276,604,1231
-326,604,1194
-378,597,1153
-421,592,1110
-457,578,1068
-485,554,1030
-494,514,998
-473,465,968
-435,407,935
-380,350,903
-292,287,863
-186,232,816
-55,176,764
93,122,697
262,68,626
456,5,550
655,-84,469
855,-186,382
1043,-309,298
1207,-443,213
1332,-581,134
1413,-705,64
1456,-819,-3
1450,-911,-58
1416,-969,-114
1354,-995,-176
1270,-996,-243
1171,-981,-309
1052,-951,-375
934,-910,-440
810,-860,-502
681,-804,-563
552,-753,-618
426,-692,-671
311,-623,-715
187,-580,-752
82,-534,-782
-14,-496,-793
-116,-458,-800
-217,-403,-827
-301,-339,-857
-388,-291,-882
-480,-267,-905
-589,-263,-940
-718,-270,-986
-856,-294,-1045
-991,-333,-1107
-1107,-380,-1159
-1202,-441,-1192
-1291,-504,-1199
-1386,-568,-1180
-1486,-623,-1138
-1605,-676,-1089
-1750,-726,-1040
-1927,-774,-989
-2125,-828,-943
-2338,-872,-904
-2549,-904,-881
-2745,-915,-872
-2914,-906,-870
-3037,-875,-871
-3094,-834,-873
-3075,-789,-864
-2981,-733,-848
-2812,-671,-804
-2582,-604,-735
-2309,-531,-634
-2021,-440,-508
-1742,-340,-361
-1490,-227,-212
-1280,-119,-91
-1122,-2,-5
-1010,118,59
-928,232,91
-863,310,97
-804,332,99
-742,297,113
-676,231,136
-611,157,170
-524,96,215
-413,52,263
-268,4,326
-93,-52,396
103,-122,467
318,-221,532
552,-345,599
788,-475,668
1003,-582,723
1175,-645,742
1280,-668,719
1322,-660,664
1321,-639,597
1300,-612,537
1264,-579,489
1234,-569,460
1227,-578,459
1247,-608,473
1299,-670,494
1387,-762,516
1519,-889,529
1693,-1058,539
1906,-1253,546
2170,-1462,556
2506,-1661,585
2913,-1833,645
3390,-1959,744
3920,-2018,887
4505,-2001,1072
5144,-1883,1280
5865,-1647,1495
6710,-1281,1699
7686,-813,1885
8726,-313,2056
9795,122,2206
10842,447,2320
11796,640,2392
12591,705,2426
13197,677,2436
13602,584,2437
13849,452,2439
14025,307,2454
14192,161,2481
14350,55,2518
14484,7,2538
14610,34,2520
14748,117,2465
14914,204,2408
15054,227,2375
15124,150,2392
15059,8,2475
14821,-157,2625
14412,-277,2820
13816,-333,3035
13058,-335,3220
12146,-310,3327
11092,-290,3317
10024,-289,3159
8990,-298,2860
8045,-322,2489
7168,-397,2141
6283,-548,1871
5320,-763,1692
4294,-1027,1614
3330,-1303,1590
2559,-1520,1589
1986,-1659,1601
1515,-1747,1638
1143,-1848,1707
904,-2107,1847
543,-2342,1911
-474,-1911,1464
-2155,-918,113
-3302,-624,-1723
-3525,-1013,-3130
-3725,-1352,-3863
-4016,-1358,-4075
-3907,-910,-4145
-3559,-124,-4279
-3210,682,-4022
-2405,850,-2932
-1149,254,-1823
-49,-434,-1395
628,-816,-1427
857,-911,-1595
806,-876,-1774
760,-937,-1934
827,-1136,-2030
839,-1279,-2087
615,-1263,-2167
179,-1185,-2268
-238,-1195,-2347
-450,-1280,-2409
-455,-1329,-2415
-415,-1300,-2363
-473,-1227,-2283
-588,-1149,-2179
-665,-1081,-2063
-687,-1019,-1958
-645,-958,-1835
-540,-875,-1672
-402,-768,-1497
-245,-667,-1352
-70,-615,-1240
70,-612,-1160
136,-586,-1119
128,-488,-1118
54,-360,-1167
-63,-291,-1293
-148,-323,-1449
-194,-428,-1579
-200,-517,-1663
-168,-556,-1717
-139,-600,-1757
-148,-675,-1797
-157,-772,-1834
-123,-874,-1872
-11,-976,-1928
135,-1094,-1992
267,-1215,-2024
352,-1278,-2022
372,-1282,-2013
316,-1320,-2034
237,-1408,-2099
210,-1536,-2171
254,-1678,-2245
297,-1836,-2355
268,-2020,-2483
206,-2189,-2551
118,-2325,-2540
-4,-2431,-2540
-106,-2519,-2592
-119,-2632,-2635
-64,-2786,-2643
-14,-2975,-2627
5,-3173,-2586
8,-3333,-2511
4,-3469,-2406
-11,-3590,-2295
-54,-3700,-2203
-147,-3808,-2130
-304,-3892,-2114
-472,-3927,-2171
-610,-3918,-2309
-707,-3871,-2474
-830,-3649,-2691
-932,-3319,-2944
-996,-3222,-3077
-1160,-3199,-3030
-1521,-3053,-2866
-2007,-2894,-2671
-2575,-2808,-2518
-3177,-2768,-2431
-3673,-2707,-2414
-3934,-2589,-2441
-3913,-2411,-2491
-3705,-2201,-2548
-3406,-1989,-2597
-3090,-1780,-2614
-2801,-1595,-2594
-2538,-1424,-2545
-2252,-1242,-2478
-1857,-1035,-2399
-1383,-792,-2309
-922,-506,-2188
-543,-188,-2051
-288,93,-1898
-183,281,-1741
-216,358,-1605
-318,334,-1493
-442,236,-1410
-550,108,-1354
-636,-16,-1312
-742,-137,-1294
-954,-233,-1326
-1349,-297,-1433
-1895,-347,-1610
-2698,-620,-1893
-6063,-5371,-5618
-5076,-6634,-7505
-3312,-6034,-8535
-1637,-4038,-9520
-198,-1711,-10244
-95,355,-10175
-4314,2590,-8054
-7905,4331,-3801
-3996,1341,-1889
-1926,-522,-1
-449,-1231,1218
538,-1440,1465
956,-1249,1223
1453,-875,811
2313,-604,312
3362,-467,-86
4296,-233,-245
5223,42,-220
6127,242,-144
6858,375,-120
7557,518,-161
8230,701,-199
8762,843,-157
8927,790,-86
8622,642,-45
7923,560,-46
6850,495,-139
5297,392,-328
3527,308,-484
2278,270,-569
1896,284,-604
2090,350,-428
2207,271,-71
2125,68,-47
1887,-6,-67
1492,-79,-98
1027,-196,-104
567,-224,-115
143,67,-220
-257,663,-429
-696,1202,-581
-1044,1504,-551
-1231,1587,-320
-1192,1373,14
-883,854,224
-310,299,107
268,255,-91
515,961,-216
347,2173,-491
36,3440,-811
-255,4346,-1012
-427,4766,-1050
-528,4811,-1004
-580,4630,-934
-609,4288,-859
-643,3855,-761
-675,3334,-626
-710,2776,-487
-725,2248,-350
-713,1774,-243
-662,1383,-190
-594,1126,-162
-561,1029,-155
-552,1084,-164
-553,1198,-194
-547,1286,-224
-516,1303,-238
-500,1303,-228
-465,1291,-239
-436,1295,-251
-422,1316,-266
-450,1336,-267
-504,1335,-266
-498,1261,-250
-512,1203,-237
-486,1161,-232
-485,1147,-223
-523,1160,-235
-548,1187,-237
-552,1204,-251
-539,1212,-264
-542,1301,-286
-465,1429,-338
-363,1500,-360
-309,1535,-373
-250,1551,-376
-177,1523,-374
-127,1460,-358
-161,1409,-366
-293,1415,-356
-395,1372,-343
-373,1226,-305
-329,1057,-250
-363,914,-215
-477,802,-172
-655,690,-150
-800,576,-118
-962,480,-89
-1120,391,-74
-1222,301,-56
-1240,220,-37
-1267,179,-28
-1300,210,-40
-1321,266,-57
-1298,338,-84
-1233,405,-107
-1144,404,-109
-1067,423,-118
-949,427,-115
-926,443,-128
-835,418,-118
-712,373,-97
-620,322,-80
-549,288,-64
-459,266,-54
-382,218,-46
-414,206,-45
-434,192,-46
-324,132,-15
-177,79,19
-60,67,30
15,95,15
83,132,1
150,145,-1
199,133,4
208,117,14
210,134,7
206,151,3
203,160,0
224,169,-11
272,186,-18
320,195,-20
350,212,-29
367,226,-36
385,235,-39
364,234,-40
340,221,-34
332,207,-29
308,192,-27
299,179,-24
304,168,-19
319,160,-12
342,156,-12
352,152,-12
354,159,-16
368,179,-20
381,188,-21
382,178,-21
369,158,-12
361,141,-10
361,131,-8
364,124,-4
369,119,-2
376,115,0
378,121,-4
389,127,-9
414,145,-13
446,165,-17
476,191,-23
502,203,-24
518,202,-26
536,194,-24
556,198,-28
574,203,-23
578,213,-26
573,222,-29
569,211,-29
561,194,-22
547,166,-15
537,128,-6
535,88,5
523,61,10
505,47,14
490,41,14
477,40,16
461,42,15
452,43,13
443,48,11
428,54,14
420,62,10
415,66,9
414,75,9
420,87,3
416,94,1
407,82,5
409,75,9
412,76,8
415,78,7
414,75,5
410,73,3
405,71,5
402,72,6
391,74,6
380,72,7
371,72,7
353,67,10
327,64,13
294,59,14
260,56,20
229,53,17
186,44,22
148,35,23
117,28,24
92,21,24
74,18,23
59,15,24
44,15,21
27,17,24
15,23,24
9,32,27
-0,41,25
-8,58,20
-25,78,16
-41,92,13
-40,96,15
-26,100,9
-18,108,8
-11,108,6
-5,111,7
-7,114,6
-4,110,8
-6,106,5
3,103,4
15,103,2
21,104,3
21,104,8
26,106,16
27,106,26
24,98,37
16,85,49
11,76,60
-5,64,66
-20,50,68
-34,41,76
-43,41,86
-49,34,87
-55,28,91
-67,29,94
-77,27,97
-83,24,101
-78,22,111
-73,25,114
-72,30,117
-78,34,124
-86,25,114
-96,23,96
-97,22,112
-97,12,113
-80,9,98
-56,17,99
-49,20,100
-51,21,81
-54,30,67
-50,29,75
-55,27,75
-51,28,68
-43,29,58
-32,28,48
-20,21,41
-9,26,38
12,29,33
24,26,31
32,23,27
34,15,20
33,6,18
33,-1,10
28,-9,-4
25,-9,-12
21,-11,-1
15,-6,0
11,-4,-5
9,-1,-7
9,6,-11
5,12,-11
3,18,-13
2,26,-19
1,38,-22
3,51,-25
11,65,-25
21,76,-26
30,91,-23
35,120,-8
36,168,2
39,195,-5
34,184,-20
21,136,-37
18,83,-32
22,50,-31
23,22,-27
16,-3,-24
14,-21,-23
16,-27,-24
14,-30,-22
16,-39,-21
15,-42,-22
20,-44,-19
30,-42,-19
37,-38,-16
40,-33,-15
45,-29,-10
49,-24,-4
50,-24,-5
46,-22,-2
43,-24,-4
39,-28,-10
34,-27,-15
32,-27,-20
38,-28,-16
35,-32,-13
29,-34,-7
24,-38,-2
11,-40,1
-3,-44,2
-8,-45,7
-9,-44,13
-10,-41,17
-11,-41,22
-10,-41,26
-7,-37,29
-0,-35,24
9,-38,19
16,-38,10
24,-39,5
28,-40,-2
35,-39,-10
46,-37,-21
49,-43,-32
50,-43,-38
54,-42,-37
54,-30,1
48,-30,17
39,-32,17
30,-32,18
29,-32,19
30,-34,20
32,-35,23
31,-30,22
29,-27,22
24,-25,26
24,-27,26
25,-26,23
19,-19,23
15,-20,23
14,-20,24
10,-20,22
17,-21,21
12,-24,19
7,-28,22
6,-30,22
-7,-32,22
-17,-30,26
-21,-31,30
-25,-30,29
-27,-30,30
-31,-26,30
-32,-24,31
-28,-23,31
-26,-22,32
-27,-20,33
-21,-16,31
-13,-13,30
-11,-13,29
-10,-16,27
-11,-18,28
-10,-16,30
-11,-14,30
-13,-12,29
-13,-12,31
-15,-15,30
-15,-14,31
-19,-15,32
-25,-14,33
-35,-12,29
-37,-10,29
-39,-10,31
-38,-4,27
-35,2,25
-33,12,22
-14,15,24
-3,14,23
6,15,20
25,14,18
42,12,15
56,9,16
61,3,20
70,-2,21
80,-7,20
94,-6,14
115,-6,15
136,-6,17
154,-9,16
178,-11,10
205,-16,-1
237,-18,-13
268,-17,-28
269,52,-48
218,288,-99
263,291,-121
298,212,-130
310,169,-149
285,187,-174
244,260,-203
203,337,-227
160,373,-236
101,421,-239
62,447,-222
10,436,-188
-101,443,-156
-337,471,-109
-580,523,-83
-618,502,-79
-621,387,-69
-638,243,-47
-653,111,-23
-692,22,-8
-749,-34,28
-860,-48,49
-970,-33,62
-1016,-28,70
-1030,-34,68
-1017,-38,59
-983,-61,44
-919,-75,33
-893,-185,47
-936,-560,121
-915,-764,172
-800,-698,174
-633,-524,142
-509,-367,84
-448,-260,35
-451,-203,13
-497,-174,14
-491,-205,33
-496,-248,57
-513,-250,76
-480,-216,71
-402,-184,66
-331,-163,63
-256,-147,56
-167,-151,49
-54,-173,49
25,-196,50
58,-233,57
64,-303,66
56,-387,71
53,-465,75
51,-542,78
60,-597,79
74,-634,74
87,-655,71
87,-651,92
81,-609,125
69,-534,137
57,-443,122
37,-352,83
23,-284,46
25,-247,9
26,-215,-16
30,-175,-20
39,-130,-8
59,-98,0
77,-65,-6
119,-44,-3
156,-31,-17
169,-7,-39
169,18,-58
181,18,-77
195,3,-93
193,-9,-88
174,-26,-70
158,-65,-55
115,-77,-51
78,-66,-26
62,-76,-8
39,-77,-14
31,-64,-20
35,-56,-29
52,-59,-43
83,-65,-52
138,-76,-59
208,-87,-68
296,-101,-73
386,-120,-72
460,-138,-85
505,-138,-106
520,-108,-128
505,-48,-159
467,35,-197
411,133,-235
372,235,-269
358,310,-296
341,356,-314
291,380,-310
235,391,-283
189,379,-234
145,347,-179
100,297,-112
73,234,-51
76,154,-5
110,74,16
184,6,-3
282,-44,-45
370,-41,-104
420,24,-172
439,117,-232
454,217,-283
481,299,-327
527,349,-363
584,357,-394
596,328,-437
549,289,-475
484,254,-486
434,206,-470
374,165,-419
275,139,-337
155,95,-218
15,14,-93
-133,-79,-11
-276,-143,43
-357,-180,115
-278,-250,329
-304,-285,397
-293,-317,422
-264,-346,395
-202,-374,324
-117,-394,206
8,-402,72
131,-401,-61
265,-370,-206
393,-327,-325
515,-277,-408
681,-214,-423
850,-193,-373
996,-189,-280
1080,-168,-173
1125,-130,-66
1159,-94,22
1204,-59,102
1253,-37,163
1298,-44,215
1323,-70,248
1331,-92,260
1320,-101,258
1270,-104,241
1195,-97,221
1102,-94,200
983,-111,188
859,-121,184
765,-112,179
715,-102,193
681,-94,210
654,-53,204
626,12,154
605,77,81
601,129,18
623,156,-13
650,153,-16
676,145,2
701,150,29
722,163,68
765,155,144
831,116,254
875,73,366
875,54,445
829,46,480
745,40,463
630,15,413
489,-24,342
340,-94,273
192,-167,221
72,-212,185
-9,-213,168
-50,-167,159
-32,-98,158
40,-16,174
157,52,196
306,99,234
445,138,273
561,177,295
648,208,305
722,233,318
789,250,345
849,256,385
901,246,441
933,213,491
935,171,526
907,117,535
859,81,503
784,70,428
686,70,307
596,67,160
563,47,28
615,20,-46
756,-5,-68
913,-13,-66
1044,-23,-42
1137,-45,19
1213,-75,111
1271,-94,214
1318,-92,323
1324,-73,420
1287,-47,490
1207,-14,526
1097,22,523
975,49,494
867,60,454
780,58,411
707,53,362
642,42,309
595,27,259
571,19,209
566,21,168
576,23,151
585,29,156
585,34,175
563,36,202
528,38,229
483,38,249
434,40,258
378,41,251
317,51,226
261,63,185
223,72,142
208,73,95
193,13,36
151,-60,-33
197,-51,-88
329,-0,-82
445,39,0
494,67,123
494,93,226
456,102,298
392,88,339
309,57,351
231,8,347
187,-52,334
177,-94,308
207,-107,283
255,-90,258
328,-61,245
415,-37,238
516,-19,232
617,-6,233
717,-2,240
812,1,259
896,3,284
969,5,320
1019,7,358
1059,-2,393
1093,-20,429
1109,-10,376
1196,97,-105
1168,93,-33
1222,13,207
1242,-39,358
1256,-61,481
1303,-104,609
1349,-153,722
1380,-172,786
1401,-152,616
1343,-57,588
1281,-18,660
1217,-17,694
1162,-16,692
1127,-5,653
1101,26,592
1062,60,524
1005,89,475
956,127,446
902,179,408
845,235,358
789,286,329
732,327,343
658,372,399
566,418,479
484,459,566
428,490,648
399,520,724
390,552,790
402,591,848
426,633,902
452,682,941
485,732,960
530,784,945
601,820,907
720,835,877
886,882,870
1058,971,890
1206,1063,938
1322,1131,1004
1425,1166,1062
1535,1172,1104
1656,1173,1134
1782,1175,1151
1903,1185,1166
2001,1191,1189
2101,1200,1219
2194,1206,1255
2279,1215,1291
2346,1220,1322
2414,1224,1348
2470,1214,1380
2518,1197,1425
2566,1178,1486
2578,1145,1552
2581,1092,1601
2591,1044,1638
2616,1014,1686
2636,986,1728
2629,951,1756
2604,897,1775
2559,818,1777
2489,717,1762
2394,598,1732
2286,468,1693
2168,338,1661
2030,201,1641
1860,66,1636
1683,-57,1650
1546,-151,1721
1339,-250,1799
1018,-366,1833
672,-489,1824
342,-600,1773
38,-682,1692
-254,-725,1581
-534,-737,1460
-796,-719,1342
-1036,-688,1233
-1261,-646,1138
-1482,-600,1067
-1688,-566,1020
-1870,-548,989
-2019,-553,978
-2130,-573,977
-2205,-602,990
-2260,-632,1017
-2301,-653,1049
-2320,-668,1088
-2322,-680,1148
-2304,-691,1229
-2247,-698,1328
-2154,-695,1447
-2033,-683,1568
-1896,-663,1691
-1777,-652,1810
-1745,-674,1902
-1804,-707,1937
-1893,-746,1920
-1970,-795,1881
-2028,-855,1843
-2083,-930,1804
-2155,-1019,1779
-2234,-1111,1768
-2303,-1194,1768
-2361,-1258,1780
-2407,-1306,1799
-2444,-1339,1822
-2471,-1361,1854
-2475,-1369,1885
-2453,-1364,1924
-2406,-1351,1961
-2348,-1338,1994
-2272,-1328,2021
-2174,-1311,2034
-2047,-1285,2038
-1890,-1239,2034
-1701,-1189,2028
-1499,-1145,2033
-1300,-1116,2043
-1114,-1098,2055
-933,-1083,2060
-764,-1064,2054
-597,-1046,2040
-432,-1018,2018
-278,-997,1997
-148,-998,1974
-59,-1035,1934
-4,-1093,1877
40,-1128,1823
73,-1139,1774
93,-1157,1728
102,-1187,1678
94,-1225,1626
65,-1273,1562
29,-1326,1490
-10,-1372,1407
-49,-1410,1317
-84,-1451,1231
-126,-1486,1153
-175,-1514,1084
-226,-1533,1024
-275,-1548,965
-313,-1556,916
-332,-1565,876
-336,-1565,843
-333,-1558,818
-331,-1551,802
-323,-1543,791
-308,-1537,790
-286,-1535,794
-257,-1531,802
-221,-1530,817
-183,-1531,835
-137,-1528,861
-97,-1532,891
-54,-1537,930
-15,-1549,973
28,-1565,1026
62,-1580,1078
93,-1601,1133
123,-1627,1186
155,-1657,1246
191,-1690,1307
230,-1719,1362
261,-1749,1420
288,-1783,1475
314,-1814,1531
340,-1841,1583
361,-1872,1637
380,-1899,1686
389,-1920,1731
387,-1936,1771
380,-1949,1808
366,-1962,1838
341,-1972,1866
306,-1978,1885
264,-1988,1898
220,-2004,1906
175,-2013,1915
128,-2022,1932
83,-2031,1949
42,-2032,1972
-4,-2029,1994
-49,-2015,2013
-78,-1989,2038
-106,-1960,2057
-119,-1919,2075
-120,-1878,2088
-115,-1834,2101
-99,-1792,2112
-77,-1752,2121
-50,-1714,2128
-15,-1682,2135
24,-1661,2145
63,-1640,2154
98,-1623,2166
132,-1606,2183
173,-1592,2201
223,-1576,2215
264,-1563,2223
307,-1550,2233
348,-1535,2243
380,-1519,2245
409,-1497,2245
438,-1466,2236
457,-1427,2221
469,-1377,2196
475,-1319,2170
479,-1247,2133
477,-1177,2093
467,-1105,2049
450,-1034,2008
430,-963,1966
402,-899,1918
370,-848,1871
333,-799,1825
296,-750,1779
255,-708,1735
212,-662,1689
163,-615,1641
115,-569,1591
71,-521,1537
19,-472,1483
-43,-423,1429
-111,-375,1368
-176,-324,1309
-248,-275,1245
-324,-228,1178
-405,-178,1106
-491,-123,1036
-585,-70,959
-679,-18,883
-777,32,809
-884,71,728
-999,106,651
-1110,143,571
-1224,179,494
-1341,210,416
-1453,239,342
-1566,261,267
-1673,276,190
-1784,292,119
-1888,307,50
-1986,321,-18
-2084,334,-74
-2177,350,-134
-2263,373,-197
-2341,400,-264
-2415,432,-325
-2488,467,-387
-2553,514,-451
-2612,563,-518
-2664,610,-584
-2710,661,-647
-2748,712,-714
-2781,756,-774
-2805,791,-832
-2823,825,-887
-2829,855,-934
-2828,878,-974
-2823,899,-1012
-2809,918,-1044
-2793,929,-1067
-2768,945,-1090
-2743,958,-1109
-2713,980,-1125
-2680,998,-1142
-2644,1018,-1162
-2606,1042,-1185
-2569,1066,-1213
-2526,1096,-1242
-2483,1125,-1278
-2442,1152,-1313
-2398,1175,-1347
-2353,1200,-1379
-2303,1219,-1404
-2259,1229,-1421
-2211,1232,-1434
-2157,1232,-1438
-2100,1226,-1432
-2039,1217,-1417
-1975,1211,-1394
-1910,1203,-1369
-1842,1194,-1341
-1782,1180,-1308
-1719,1163,-1279
-1661,1148,-1251
-1602,1128,-1228
-1541,1109,-1204
-1490,1089,-1180
-1439,1070,-1161
-1389,1059,-1131
-1339,1041,-1100
-1291,1025,-1065
-1250,1011,-1029
-1202,994,-991
-1156,970,-952
-1105,948,-911
-1057,917,-869
-1005,881,-829
-947,840,-792
-885,800,-755
-826,766,-716
-760,730,-672
-691,714,-628
-620,705,-583
-552,701,-542
-482,701,-501
-418,707,-458
-355,707,-410
-294,710,-356
-242,704,-306
-202,691,-252
-169,672,-202
-147,646,-156
-127,616,-111
-115,583,-70
-110,550,-46
-116,517,-14
-123,491,14
-140,463,41
-163,438,65
-192,421,83
-222,412,101
-256,403,111
-290,399,121
-323,394,131
-355,397,137
-381,404,147
-407,407,159
-429,408,179
-450,409,194
-472,408,214
-496,404,228
-530,397,243
-564,384,254
-603,362,262
-646,336,267
-693,304,271
-743,272,271
-797,235,271
-850,204,267
-901,178,266
-958,165,264
-1010,157,258
-1059,152,252
-1107,151,242
-1157,151,228
-1205,147,213
-1255,145,196
-1307,137,178
-1361,134,162
-1419,120,142
-1477,100,121
-1540,75,104
-1608,52,92
-1677,17,82
-1755,-21,74
-1833,-54,66
-1902,-81,55
-1970,-107,49
-2030,-120,42
-2087,-125,30
-2142,-116,12
-2192,-101,-16
-2235,-79,-46
-2276,-49,-74
-2307,-15,-118
-2323,27,-167
-2335,68,-216
-2338,106,-266
-2333,151,-313
-2320,185,-354
-2296,211,-390
-2263,225,-421
-2223,229,-447
-2171,222,-472
-2108,209,-497
-2038,189,-519
-1962,171,-544
-1872,155,-577
-1768,143,-619
-1650,142,-670
-1523,149,-726
-1381,158,-786
-1232,168,-844
-1077,176,-895
-908,184,-945
-737,198,-986
-554,211,-1019
-366,224,-1040
-178,241,-1055
5,255,-1068
169,264,-1075
327,262,-1084
477,252,-1092
620,233,-1096
751,206,-1101
867,169,-1096
973,118,-1088
1061,71,-1075
1137,22,-1053
1204,-29,-1028
1255,-63,-996
1300,-70,-949
1328,-48,-897
1344,5,-852
1349,68,-823
1332,140,-816
1300,215,-836
1254,279,-870
1200,320,-915
1145,346,-969
1100,360,-1021
1059,362,-1068
1026,349,-1110
1002,326,-1136
993,290,-1148
995,246,-1149
1007,196,-1147
1022,126,-1133
1040,61,-1111
1061,-28,-1087
1080,-129,-1054
1086,-232,-1018
1076,-338,-982
1054,-437,-949
1013,-530,-914
957,-609,-887
877,-671,-861
786,-713,-841
680,-737,-831
567,-736,-825
457,-718,-821
358,-694,-811
274,-665,-793
221,-640,-759
191,-623,-706
183,-616,-632
201,-614,-546
238,-610,-446
297,-610,-339
370,-617,-231
456,-627,-121
549,-643,-23
647,-663,74
741,-686,171
832,-715,257
908,-752,338
977,-794,418
1044,-843,494
1099,-895,564
1149,-949,631
1197,-1004,696
1243,-1050,761
1292,-1086,819
1339,-1109,871
1387,-1123,923
1433,-1128,970
1472,-1124,1012
1508,-1119,1056
1537,-1112,1093
1557,-1116,1134
1563,-1123,1168
1553,-1146,1212
1527,-1179,1254
1491,-1216,1291
1439,-1261,1329
1374,-1310,1369
1294,-1362,1408
1198,-1409,1437
1093,-1459,1470
980,-1507,1500
855,-1545,1531
727,-1578,1556
602,-1606,1583
476,-1624,1606
354,-1630,1625
233,-1627,1646
122,-1617,1668
26,-1595,1687
-74,-1571,1706
-155,-1542,1724
-229,-1519,1735
-296,-1491,1743
-353,-1460,1754
-404,-1436,1759
-444,-1409,1760
-483,-1386,1755
-521,-1367,1749
-556,-1355,1740
-597,-1339,1735
-638,-1327,1734
-682,-1312,1728
-731,-1300,1720
-784,-1286,1715
-838,-1278,1709
-902,-1271,1705
-965,-1268,1703
-1037,-1267,1707
-1105,-1268,1713
-1175,-1272,1726
-1246,-1281,1739
-1308,-1292,1764
-1367,-1305,1790
-1419,-1318,1818
-1455,-1336,1852
-1488,-1348,1883
-1506,-1358,1913
-1507,-1359,1938
-1492,-1348,1955
-1458,-1319,1964
-1412,-1271,1960
-1355,-1201,1941
-1285,-1108,1914
-1207,-996,1869
-1119,-874,1811
-1026,-747,1747
-929,-633,1675
-831,-531,1600
-728,-447,1528
-628,-388,1458
-524,-347,1390
-427,-324,1323
-327,-315,1259
-231,-321,1195
-127,-334,1131
-27,-351,1069
65,-377,1004
146,-404,933
243,-430,864
339,-455,800
431,-475,733
522,-488,665
605,-495,595
691,-494,526
778,-484,456
864,-469,383
951,-445,315
1034,-422,243
1127,-395,170
1220,-364,103
1316,-334,38
1418,-306,-23
1519,-279,-64
1635,-251,-110
1757,-229,-156
1881,-212,-201
2007,-196,-241
2131,-179,-282
2260,-166,-320
2388,-152,-356
2514,-136,-389
2636,-115,-419
2754,-94,-444
2867,-69,-469
2983,-38,-494
3091,-7,-515
3195,32,-533
3296,67,-550
3394,102,-572
3483,151,-592
3561,199,-608
3635,246,-620
3700,297,-634
3760,350,-649
3810,395,-659
3849,445,-669
3883,491,-676
3904,538,-679
3920,580,-684
3917,622,-679
3903,661,-673
3881,701,-668
3852,739,-655
3816,778,-640
3764,815,-623
3708,849,-603
3642,884,-578
3570,921,-550
3490,957,-523
3404,999,-489
3319,1038,-456
3228,1085,-416
3130,1137,-373
3024,1192,-332
2918,1247,-286
2805,1303,-237
2685,1364,-187
2554,1425,-128
2418,1485,-80
2273,1543,-34
2122,1612,22
1963,1683,78
1789,1763,130
1604,1842,176
1411,1930,213
1200,2015,235
974,2097,243
738,2184,241
487,2271,216
224,2357,176
-35,2433,119
-321,2490,48
-624,2534,-27
-935,2554,-103
-1260,2552,-191
-1593,2524,-284
-1934,2489,-384
-2285,2451,-492
-2646,2413,-615
-3007,2382,-760
-3365,2355,-926
-3714,2325,-1117
-4048,2281,-1327
-4378,2218,-1540
-4698,2135,-1757
-4995,2030,-1963
-5276,1904,-2142
-5536,1757,-2303
-5776,1604,-2435
-5991,1442,-2546
-6181,1275,-2648
-6351,1108,-2730
-6493,951,-2808
-6603,798,-2878
-6664,661,-2944
-6679,542,-2996
-6641,440,-3030
-6543,361,-3049
-6385,296,-3046
-6159,254,-3015
-5867,225,-2957
-5496,207,-2873
-5056,192,-2762
-4554,186,-2631
-4007,182,-2475
-3396,186,-2296
-2722,200,-2101
-2018,222,-1889
-1296,246,-1652
-557,270,-1409
173,294,-1158
887,311,-910
1584,321,-670
2232,326,-443
2823,325,-232
3368,315,-42
3853,302,138
4275,290,310
4645,276,472
4974,261,622
5240,245,767
5460,228,901
5624,211,1033
5738,200,1156
5807,187,1268
5826,179,1368
5796,173,1455
5720,163,1526
5600,150,1578
5438,134,1613
5232,109,1627
4990,76,1627
4712,36,1615
4404,-19,1588
4071,-87,1541
3702,-161,1489
3311,-243,1427
2897,-328,1361
2477,-417,1300
2049,-511,1240
1616,-602,1176
1181,-694,1122
744,-789,1077
317,-884,1038
-77,-978,1001
-470,-1072,973
-850,-1156,950
-1220,-1238,937
-1563,-1316,933
-1881,-1388,930
-2179,-1449,932
-2462,-1506,938
-2720,-1551,945
-2966,-1595,954
-3195,-1633,965
-3400,-1664,986
-3587,-1690,1000
-3761,-1706,1015
-3921,-1711,1033
-4048,-1709,1054
-4171,-1700,1077
-4275,-1679,1103
-4357,-1645,1132
-4413,-1606,1163
-4446,-1552,1196
-4449,-1492,1227
-4423,-1423,1269
-4359,-1341,1313
-4261,-1255,1363
-4132,-1165,1416
-3977,-1074,1478
-3779,-980,1539
-3541,-884,1601
-3279,-803,1667
-2988,-730,1734
-2682,-660,1801
-2357,-603,1866
-2023,-565,1929
-1687,-537,1989
-1347,-522,2040
-1006,-517,2099
-674,-520,2148
-358,-528,2196
-55,-544,2238
228,-563,2279
499,-594,2321
705,-639,2347
831,-688,2329
863,-725,2256
807,-759,2133
690,-800,1973
529,-842,1800
343,-868,1632
164,-877,1490
6,-865,1379
-154,-846,1293
-308,-801,1228
-461,-749,1180
-596,-696,1128
-711,-644,1073
-804,-615,1018
-862,-592,954
-895,-580,893
-898,-571,841
-875,-565,803
-832,-561,773
-772,-551,757
-689,-534,745
-593,-517,744
-479,-499,747
-358,-477,742
-218,-466,730
-69,-453,711
75,-437,687
227,-427,661
385,-424,632
537,-423,603
679,-423,574
814,-428,555
926,-436,537
1023,-446,523
1099,-454,506
1148,-461,482
1170,-460,451
1169,-456,410
1144,-446,360
1105,-425,301
1048,-402,231
977,-368,158
901,-330,81
820,-295,-4
742,-262,-73
668,-232,-149
598,-211,-222
534,-204,-284
495,-209,-334
469,-226,-368
457,-250,-392
459,-268,-403
474,-280,-404
503,-276,-400
536,-245,-394
571,-195,-383
606,-126,-375
635,-29,-368
655,79,-364
664,207,-368
658,360,-380
635,515,-398
600,666,-431
556,802,-469
493,919,-512
418,1015,-565
342,1095,-622
253,1154,-679
160,1193,-743
75,1221,-816
-12,1243,-890
-107,1253,-970
-198,1252,-1061
-285,1251,-1157
-351,1249,-1241
-384,1248,-1320
-386,1245,-1375
-355,1227,-1404
-283,1199,-1406
-174,1165,-1388
-45,1127,-1357
94,1089,-1311
252,1052,-1262
441,1016,-1199
645,980,-1123
859,950,-1032
1069,923,-931
1262,909,-832
1423,903,-740
1551,895,-659
1624,882,-588
1653,875,-537
1644,866,-505
1601,858,-483
1515,841,-466
1400,818,-463
1249,795,-466
1058,772,-477
834,745,-496
573,721,-525
274,698,-569
-35,679,-617
-357,663,-662
-675,654,-698
-980,649,-715
-1265,647,-724
-1531,647,-733
-1785,652,-749
-1999,659,-776
-2185,669,-806
-2342,681,-838
-2461,689,-870
-2536,701,-895
-2579,710,-905
-2586,724,-913
-2564,736,-912
-2517,749,-901
-2446,764,-894
-2355,773,-886
-2248,776,-881
-2128,764,-879
-2003,752,-877
-1875,729,-875
-1741,704,-878
-1605,679,-880
-1473,646,-883
-1343,617,-890
-1217,589,-901
-1097,563,-915
-982,540,-930
-874,519,-946
-767,497,-966
-674,483,-987
-585,478,-1013
-501,474,-1037
-427,465,-1061
-356,465,-1092
-292,458,-1120
-239,452,-1147
-184,453,-1177
-132,448,-1204
-92,435,-1238
-59,426,-1268
-31,419,-1294
-8,408,-1324
12,396,-1356
30,383,-1387
42,370,-1418
52,354,-1443
55,342,-1467
55,326,-1490
58,319,-1513
57,307,-1533
55,296,-1546
53,286,-1553
51,278,-1561
45,270,-1568
38,263,-1569
27,263,-1565
16,263,-1556
4,265,-1549
-11,261,-1540
-26,258,-1527
-45,255,-1512
-68,248,-1495
-91,242,-1473
-111,230,-1454
-136,215,-1428
-161,202,-1403
-191,188,-1374
-217,171,-1337
-239,150,-1301
-264,130,-1262
-287,112,-1218
-306,95,-1168
-328,81,-1111
-348,69,-1047
-361,57,-987
-371,43,-926
-379,31,-865
-386,19,-797
-387,5,-728
-393,-11,-655
-396,-23,-579
-402,-37,-500
-404,-56,-413
-407,-75,-322
-414,-94,-232
-418,-107,-137
-430,-126,-50
-439,-146,35
-448,-167,132
-456,-188,225
-467,-217,317
-476,-245,410
-483,-278,498
-494,-320,594
-507,-373,695
-516,-447,806
-523,-537,936
-531,-635,1083
-536,-741,1245
-532,-847,1414
-517,-943,1585
-496,-1026,1754
-468,-1087,1916
-435,-1130,2065
-394,-1156,2203
-348,-1148,2325
-289,-1119,2428
-221,-1069,2510
-152,-1000,2577
-75,-914,2627
13,-827,2668
101,-747,2709
197,-675,2750
315,-618,2788
441,-578,2817
571,-544,2838
707,-516,2853
847,-489,2848
990,-459,2830
1136,-428,2791
1279,-390,2740
1409,-343,2674
1526,-299,2602
1636,-258,2519
1732,-221,2434
1817,-194,2350
1888,-182,2268
1951,-175,2186
2003,-182,2103
2045,-192,2023
2074,-205,1949
2091,-217,1871
2096,-231,1801
2092,-241,1731
2076,-249,1665
2052,-254,1600
2013,-256,1537
1964,-262,1477
1902,-269,1420
1831,-274,1365
1752,-280,1312
1669,-294,1268
1575,-320,1235
1456,-347,1205
1310,-372,1174
1134,-393,1134
930,-413,1089
705,-429,1035
459,-446,974
208,-466,909
-46,-482,841
-319,-498,772
-594,-501,704
-865,-502,632
-1127,-486,562
-1381,-462,497
-1623,-430,438
-1854,-404,385
-2076,-378,333
-2289,-347,284
-2495,-322,236
-2689,-301,184
-2876,-284,132
-3061,-271,73
-3232,-259,7
-3401,-254,-54
-3564,-254,-123
-3717,-257,-197
-3864,-258,-269
-4000,-263,-336
-4121,-267,-404
-4238,-271,-463
-4348,-274,-514
-4449,-276,-560
-4536,-276,-598
-4610,-276,-628
-4674,-271,-648
-4731,-266,-667
-4774,-258,-679
-4808,-254,-679
-4835,-255,-671
-4851,-252,-663
-4859,-245,-653
-4855,-239,-639
-4837,-231,-622
-4803,-226,-602
-4756,-216,-581
-4690,-208,-559
-4603,-201,-526
-4501,-196,-485
-4370,-193,-439
-4223,-186,-386
-4059,-181,-327
-3878,-179,-262
-3665,-177,-195
-3436,-173,-123
-3194,-168,-56
-2931,-164,11
-2654,-159,88
-2364,-155,167
-2064,-143,247
-1757,-129,328
-1443,-119,410
-1129,-104,492
-816,-92,571
-510,-79,651
-216,-64,731
61,-52,805
328,-38,872
596,-25,932
849,-14,985
1092,-2,1030
1323,4,1067
1533,11,1094
1730,13,1111
1916,10,1123
2079,-3,1133
2224,-17,1133
2358,-35,1129
2472,-58,1118
2573,-78,1098
2653,-103,1074
2718,-125,1045
2768,-149,1008
2804,-172,965
2828,-189,912
2835,-202,863
2830,-205,805
2811,-202,739
2781,-194,668
2734,-177,590
2677,-156,506
2599,-136,420
2498,-123,337
2383,-119,252
2264,-120,166
2136,-144,90
2011,-189,27
1886,-255,-25
1761,-332,-52
1643,-398,-68
1528,-446,-76
1427,-461,-75
1333,-436,-74
1257,-370,-76
1180,-277,-83
1107,-161,-104
1040,-37,-136
987,81,-169
949,179,-205
931,259,-234
924,319,-251
934,369,-259
950,410,-256
979,446,-249
1018,471,-241
1065,491,-230
1122,509,-225
1193,526,-229
1277,540,-240
1368,555,-249
1467,561,-258
1580,572,-266
1698,578,-264
1818,579,-256
1933,575,-238
2036,573,-226
2124,571,-206
2193,563,-186
2241,558,-170
2263,548,-165
2252,538,-170
2214,530,-184
2150,519,-212
2055,505,-252
1929,498,-307
1781,491,-367
1619,481,-432
1433,468,-500
1231,454,-562
1032,440,-612
843,426,-655
657,421,-685
482,425,-706
318,433,-724
167,453,-739
41,477,-754
-81,501,-762
-191,526,-769
-285,553,-771
-358,582,-772
-423,610,-767
-476,640,-762
-519,666,-752
-555,681,-741
-588,693,-732
-608,696,-722
-620,688,-708
-625,671,-689
-622,651,-671
-611,629,-649
-599,610,-625
-583,599,-606
-566,593,-593
-550,582,-583
-533,574,-577
-518,566,-578
-501,566,-583
-487,568,-593
-476,571,-611
-468,577,-635
-460,577,-661
-451,573,-691
-445,561,-721
-441,544,-751
-435,520,-782
-427,490,-813
-420,455,-849
-411,419,-887
-401,381,-921
-392,341,-958
-376,295,-993
-360,253,-1025
-341,203,-1059
-315,155,-1091
-288,108,-1117
-257,74,-1140
-225,38,-1160
-189,-0,-1178
-148,-42,-1190
-107,-76,-1199
-63,-108,-1205
-11,-140,-1206
40,-167,-1204
90,-189,-1202
145,-211,-1198
209,-228,-1192
276,-239,-1183
345,-245,-1166
417,-250,-1148
487,-248,-1125
559,-246,-1098
628,-244,-1064
700,-236,-1037
764,-228,-1007
826,-213,-970
888,-207,-933
939,-198,-893
989,-190,-852
1029,-175,-808
1071,-163,-763
1109,-151,-722
1138,-135,-676
1168,-125,-626
1190,-118,-581
1208,-113,-531
1223,-106,-483
1231,-100,-435
1238,-97,-383
1243,-97,-333
1243,-92,-279
1238,-89,-227
1234,-87,-176
1223,-90,-127
1211,-90,-78
1199,-93,-39
1184,-92,8
1159,-96,61
1132,-101,112
1098,-104,161
1063,-113,211
1023,-126,263
980,-141,312
928,-160,361
866,-183,411
801,-209,456
731,-233,498
654,-261,539
578,-287,574
494,-308,603
408,-326,631
321,-341,655
235,-349,673
150,-352,685
70,-353,695
-1,-353,697
-81,-353,695
-156,-352,691
-230,-352,685
-307,-367,679
-379,-394,678
-449,-449,684
-515,-531,701
-579,-633,730
-635,-740,773
-674,-843,810
-703,-933,840
-715,-1002,862
-713,-1040,872
-695,-1050,865
-658,-1037,851
-605,-1002,835
-528,-954,816
-434,-904,799
-316,-851,784
-175,-793,773
-15,-741,767
159,-693,765
359,-653,763
579,-617,760
812,-577,751
1051,-531,729
1290,-492,701
1525,-442,663
1746,-393,616
1951,-338,559
2134,-285,501
2295,-238,445
2431,-198,390
2544,-161,344
2633,-132,301
2688,-114,262
2725,-100,224
2742,-87,182
2741,-76,142
2724,-63,107
2694,-50,73
2652,-35,41
2604,-24,15
2553,-17,-6
2499,-16,-15
2435,-20,-12
2363,-33,3
2282,-46,22
2195,-65,54
2109,-81,96
2017,-102,146
1910,-124,208
1792,-144,270
1650,-168,330
1479,-190,387
1285,-208,440
1061,-224,485
812,-246,513
548,-274,529
276,-302,534
7,-327,530
-265,-347,525
-534,-365,531
-795,-380,548
-1043,-388,578
-1273,-389,611
-1488,-387,644
-1687,-391,669
-1864,-386,683
-2014,-379,692
-2140,-369,690
-2238,-352,685
-2317,-325,672
-2376,-291,655
-2419,-249,635
-2447,-204,607
-2464,-159,579
-2478,-121,544
-2484,-88,508
-2490,-64,469
-2492,-55,424
-2485,-50,377
-2475,-52,325
-2461,-67,268
-2446,-78,208
-2417,-91,152
-2373,-103,95
-2316,-114,40
-2243,-123,-7
-2160,-133,-42
-2057,-142,-62
-1935,-150,-80
-1794,-161,-92
-1628,-172,-99
-1445,-178,-101
-1248,-185,-98
-1031,-197,-89
-806,-204,-78
-571,-211,-66
-336,-222,-56
-99,-231,-51
127,-246,-40
347,-259,-31
567,-273,-19
773,-287,-1
967,-301,17
1146,-312,37
1313,-320,53
1463,-325,69
1581,-322,83
1680,-317,93
1764,-311,96
1830,-306,98
1881,-296,103
1924,-282,111
1957,-272,123
1977,-260,134
1989,-245,148
1996,-235,162
2000,-221,172
1998,-216,181
1990,-217,190
1985,-219,202
1972,-227,209
1957,-245,215
1938,-258,224
1918,-280,227
1885,-304,224
1840,-328,221
1799,-349,212
1752,-372,201
1696,-394,182
1638,-412,163
1579,-429,143
1521,-443,119
1466,-453,99
1410,-455,74
1360,-458,51
1312,-461,22
1278,-459,-8
1246,-455,-36
1232,-446,-56
1230,-438,-84
1246,-432,-109
1285,-433,-131
1349,-440,-142
1435,-457,-140
1550,-487,-124
1693,-534,-89
1864,-590,-46
2059,-641,16
2267,-674,99
2490,-678,185
2717,-640,263
2937,-557,323
3134,-428,364
3307,-268,375
3465,-92,360
3603,61,331
3735,175,294
3851,251,256
3960,285,228
4055,291,199
4134,279,174
4197,260,140
4252,239,109
4290,215,67
4317,190,19
4333,168,-34
4343,144,-75
4335,112,-123
4302,74,-162
4257,33,-196
4194,-13,-232
4111,-61,-261
4001,-104,-289
3863,-137,-315
3703,-161,-347
3524,-175,-383
3329,-174,-421
3113,-158,-462
2893,-138,-502
2668,-116,-543
2446,-88,-574
2230,-65,-605
2030,-43,-626
1832,-27,-642
1644,-15,-651
1469,-8,-657
1312,-7,-654
1164,-14,-640
1028,-25,-622
912,-42,-597
809,-62,-564
725,-89,-523
661,-117,-470
610,-150,-406
571,-187,-333
548,-222,-248
539,-258,-159
544,-292,-71
556,-321,14
577,-346,112
602,-367,209
634,-377,306
670,-380,395
710,-373,484
753,-359,564
795,-342,638
838,-321,712
882,-300,777
932,-273,841
987,-245,900
1045,-211,952
1105,-183,998
1172,-154,1031
1238,-128,1062
1311,-106,1090
1387,-88,1109
1458,-70,1123
1533,-44,1127
1614,-24,1122
1692,-1,1104
1765,16,1082
1830,23,1056
1894,24,1021
1961,21,983
2020,9,943
2076,-5,903
2131,-22,861
2183,-44,816
2231,-65,765
2280,-84,708
2324,-103,649
2362,-118,579
2396,-136,511
2427,-153,442
2449,-169,369
2464,-179,297
2474,-191,226
2478,-200,157
2478,-208,84
2472,-211,15
2457,-215,-47
2441,-221,-105
2418,-225,-169
2392,-228,-227
2358,-230,-286
2325,-231,-343
2295,-234,-397
2261,-232,-441
2224,-235,-473
2198,-229,-500
2169,-223,-522
2148,-217,-536
2128,-207,-544
2111,-197,-546
2095,-181,-544
2081,-167,-544
2067,-154,-538
2056,-140,-528
2048,-125,-514
2039,-110,-501
2033,-95,-486
2025,-76,-466
2022,-59,-445
2020,-44,-428
2025,-21,-410
2028,-0,-386
2030,25,-366
2035,45,-350
2042,62,-332
2047,77,-310
2060,93,-288
2075,110,-265
2085,127,-247
2092,147,-223
2096,172,-197
2095,195,-176
2097,218,-158
2094,245,-140
2090,270,-125
2080,292,-115
2061,315,-108
2033,340,-101
2002,360,-97
1966,377,-100
1927,393,-98
1880,408,-102
1832,418,-107
1779,430,-112
1724,441,-116
1667,450,-124
1605,457,-133
1540,469,-146
1476,477,-158
1409,482,-175
1339,483,-191
1272,485,-209
1203,484,-224
1134,485,-242
1066,482,-263
995,478,-282
925,475,-308
850,473,-326
778,469,-352
706,463,-378
636,457,-402
566,456,-427
499,448,-455
435,432,-480
373,418,-503
318,407,-530
263,392,-555
212,376,-574
164,363,-592
124,347,-608
89,326,-620
60,307,-638
33,290,-650
10,274,-661
-19,256,-671
-42,241,-682
-56,221,-689
-73,198,-693
-89,171,-691
-101,137,-685
-112,99,-673
-124,58,-657
-138,14,-634
-150,-27,-607
-163,-59,-576
-175,-88,-544
-184,-107,-520
-195,-120,-495
-201,-127,-471
-203,-139,-447
-207,-149,-426
-210,-157,-405
-213,-166,-382
-208,-184,-357
-205,-206,-337
-192,-228,-311
-174,-256,-290
-150,-282,-267
-119,-312,-241
-82,-343,-220
-38,-370,-202
16,-396,-180
72,-418,-158
135,-440,-139
215,-456,-123
301,-475,-107
397,-492,-91
493,-506,-72
595,-517,-60
700,-534,-52
809,-545,-42
917,-557,-27
1018,-567,-9
1123,-575,5
1223,-577,19
1321,-578,31
1416,-575,44
1503,-575,58
1585,-573,72
1663,-575,89
1736,-575,111
1805,-578,138
1869,-579,165
1928,-583,199
1987,-583,231
2040,-579,261
2092,-568,299
2142,-555,331
2187,-537,360
2233,-521,388
2279,-499,417
2323,-477,441
2365,-459,467
2404,-446,488
2445,-431,507
2486,-414,530
2521,-396,549
2552,-380,566
2579,-367,577
2597,-351,584
2621,-336,585
2639,-320,581
2652,-303,567
2659,-286,556
2661,-269,533
2659,-251,505
2644,-230,467
2618,-212,425
2585,-193,371
2545,-175,312
2490,-156,245
2426,-142,177
2356,-133,103
2278,-126,26
2195,-123,-46
2112,-129,-118
2026,-138,-202
1939,-140,-285
1854,-144,-362
1764,-145,-445
1681,-142,-527
1601,-142,-609
1533,-132,-688
1475,-116,-761
1419,-100,-828
1365,-85,-876
1313,-70,-911
1262,-49,-937
1212,-28,-953
1164,-9,-958
1112,6,-955
1060,18,-950
1001,20,-945
936,18,-937
867,11,-927
798,-5,-920
723,-17,-910
643,-35,-898
567,-59,-883
490,-82,-872
411,-98,-855
338,-111,-834
260,-118,-816
189,-125,-791
125,-133,-762
71,-147,-733
17,-152,-694
-37,-152,-656
-87,-155,-617
-136,-152,-574
-184,-153,-531
-219,-154,-492
-254,-156,-451
-285,-164,-409
-310,-166,-371
-329,-174,-332
-347,-181,-295
-356,-193,-261
-363,-202,-228
-367,-206,-192
-364,-214,-160
-356,-225,-125
-341,-231,-95
-322,-237,-68
-301,-235,-51
-272,-235,-27
-247,-237,-2
-210,-236,22
-167,-236,45
-122,-238,69
-76,-241,91
-30,-244,115
22,-251,141
68,-262,164
114,-273,184
173,-284,210
230,-300,237
285,-315,267
341,-326,293
393,-341,319
448,-352,345
494,-359,376
541,-365,404
581,-373,433
628,-377,458
675,-381,488
717,-382,517
758,-376,541
802,-366,562
850,-352,588
897,-339,606
950,-325,622
1005,-311,634
1055,-298,642
1112,-289,654
1164,-279,662
1212,-268,664
1261,-259,670
1306,-251,670
1337,-250,669
1362,-253,665
1377,-265,664
1380,-284,672
1369,-304,683
1355,-315,697
1325,-325,718
1280,-334,744
1223,-330,769
1147,-320,792
1040,-294,818
918,-249,837
789,-179,843
640,-82,827
466,31,784
263,130,708
55,214,606
-162,270,488
-372,302,367
-556,323,257
-714,340,164
-851,356,95
-961,359,43
-1048,354,4
-1106,342,-25
-1140,328,-48
-1156,314,-60
-1147,303,-76
-1118,287,-93
-1068,272,-107
-1013,253,-120
-951,233,-137
-884,213,-154
-814,192,-170
-745,174,-187
-673,160,-205
-600,143,-217
-526,130,-223
-462,117,-223
