1012.120271097677,25.81805139541626
1012.163691574847,25.81993147850037
1012.174100109195,25.81892429113388
1012.122129454107,25.8199986243248
1012.15037313659,25.81959574937821
1012.140407426739,25.81899143695831
1012.084072190921,25.81805139541626
1012.173544711915,25.81939431190491
1012.05786525453,25.81939431190491
1012.165285654676,25.8224830198288
1012.172222623908,25.82241587400436
1012.099500064509,25.82335591554642
1012.191433042422,25.82147583246231
1012.152483189719,25.8245645403862
1012.127948977825,25.82268445730209
1012.160875115679,25.82516885280609
1012.16309686967,25.82328876972198
1012.111019809668,25.82140868663788
1012.114749509829,25.82167726993561
1012.110689188744,25.8241616654396
1012.122407360789,25.82375879049301
1012.145089666125,25.82187870740891
1012.144845234049,25.82503456115723
1012.1223743181,25.82483312368393
1012.175642236606,25.82798897743225
1012.05691244641,25.8247659778595
1012.12546258629,25.82516885280609
1012.122109806188,25.82543743610382
1012.112983869615,25.82631033182144
1012.097535892853,25.82644462347031
1012.143496298004,25.82731751918793
1012.10910198663,25.82778753995896
1012.17051701775,25.82671320676804
1012.117414581247,25.82617604017258
1012.088846322638,25.82751895666122
1012.112084519632,25.82516885280609
1012.1662583259,25.82765324831009
1012.154685567547,25.82812326908111
1012.115218998582,25.82879472732544
1012.090532544366,25.82866043567658
1012.112884562011,25.8295333313942
1012.172778966345,25.82993620634079
1012.057328194609,25.83040622711182
1012.172884964091,25.83289062261581
1012.194026707182,25.82993620634079
1012.132637696723,25.83174914360047
1012.146392902801,25.83228631019592
1012.126633014558,25.83188343524933
1012.111971801955,25.83201772689819
1012.134581860216,25.8340992474556
1012.130772812412,25.8316148519516
1012.170729082169,25.83262203931809
1012.115000545601,25.83268918514252
1012.114907845637,25.8340992474556
1012.129926326936,25.83195058107376
1012.121349013738,25.83416639328003
1012.156193441528,25.83027193546295
1012.092297877611,25.83201772689819
1012.15782030498,25.83174914360047
1012.085446658507,25.83248774766922
1012.138430707034,25.833696372509
1012.158911501223,25.83624791383743
1012.045788527381,25.82980191469192
1012.125052388996,25.833696372509
1012.132809611482,25.83255489349365
1012.139217666918,25.833696372509
1012.168917144801,25.83396495580673
1012.081604651264,25.83107768535614
1012.101853665235,25.83315920591354
1012.140236070529,25.83416639328003
1012.091596841224,25.83242060184479
1012.164863319579,25.83463641405105
1012.08535386947,25.8338978099823
1012.110040600332,25.83403210163117
1012.091530419821,25.83456926822662
1012.189133619076,25.83712080955505
1012.094413654765,25.83517358064652
1012.101264917183,25.83470355987549
1012.106244453618,25.83591218471527
1012.138099920424,25.83644935131073
1012.123088041525,25.83678508043289
1012.167654081255,25.83665078878403
1012.155823168413,25.83591218471527
1012.113102508339,25.83362922668457
1012.089460492717,25.83470355987549
1012.200091644926,25.83745653867722
1012.084903595752,25.83732224702835
1012.100947593623,25.83383066415787
1012.113458918755,25.83960520505905
1012.116851874649,25.83644935131073
1012.102924761264,25.83510643482208
1012.191137486652,25.83913518428803
1012.143952467154,25.83806085109711
1012.057869850331,25.83356208086014
1012.108136436118,25.82879472732544
1012.095598445632,25.8222815823555
1012.138813413976,25.81643989562988
1012.124138978343,25.81220970869065
1012.11013896742,25.80683804273605
1012.134777225683,25.80368218898773
1012.175034308238,25.80119779348373
1012.049453682548,25.80025775194168
1012.113278792503,25.80066062688827
1012.095643088533,25.80160066843033
1012.102315345238,25.80213783502579
1012.121604726932,25.80341360569
1012.149404709921,25.80462223052978
1012.092866158019,25.80395077228546
1012.127285190773,25.80421935558319
1012.044646274526,25.79985487699509
1012.099583867437,25.79978773117065
1012.107452878293,25.79978773117065
1012.115473546743,25.79804193973541
1012.070269921539,25.79824337720871
1012.145838853593,25.79898198127746
1012.097944348518,25.80193639755249
1012.135180904243,25.80495795965195
1012.143533552346,25.80844954252243
1012.053441595131,25.80972531318665
1012.090354294057,25.81368691682816
1012.112619694028,25.81415693759918
1012.122928241665,25.808382396698
1012.079766836597,25.80771093845367
1012.150185480046,25.80643516778946
1012.082867852701,25.80442079305649
1012.10076181269,25.80468937635422
1012.15343143491,25.80321216821671
1012.085505680956,25.80019060611725
1012.117364970661,25.79891483545303
1012.067485382457,25.79441606521607
1012.137949230915,25.79643043994904
1012.149387444719,25.79226739883423
1012.105604128103,25.78622427463532
1012.147697367229,25.78313556671143
1012.106173642644,25.77232508897781
1012.025231885228,25.76728915214538
1012.138192716262,25.76567765235901
1012.108610580745,25.76655054807663
1012.105403876726,25.76688627719879
1012.119059978841,25.770646443367
1012.159484972383,25.77877108812332
1012.112472121198,25.78031544208527
1012.123212331891,25.78454562902451
1012.134792915029,25.79025302410126
1012.108825724809,25.79025302410126
1012.067708994644,25.78870867013931
1012.132013453999,25.78461277484894
1012.101224360925,25.77984542131424
1012.099828757583,25.77883823394775
1012.127983589431,25.77803248405457
1012.114045855838,25.78031544208527
1012.164060652698,25.77870394229889
1012.077472871397,25.77977827548981
1012.060672184476,25.78400846242905
1012.099282409153,25.78548567056656
1012.137575105813,25.78608998298645
1012.10774179156,25.79193166971207
1012.106485670167,25.79280456542969
1012.102432384149,25.79347602367401
1012.111676228875,25.79193166971207
1012.164623454118,25.79421462774277
1012.093385108662,25.78857437849045
1012.0957929864,25.79186452388764
1012.058854568608,25.78716431617737
1012.061194724547,25.78461277484894
1012.13678822848,25.78608998298645
1012.070604461005,25.78568710803986
1012.113850006391,25.78676144123077
1012.151738897812,25.78608998298645
1011.982031363077,25.78729860782623
1012.069301130317,25.78326985836029
1012.104199577091,25.77903967142105
1012.099424883415,25.77756246328354
1012.124033923053,25.77366800546646
1012.095109854011,25.76903494358063
1012.105888363587,25.77037786006927
1012.134845067335,25.77393658876419
1012.153896385905,25.77655527591706
1012.132004060156,25.77843535900116
1012.118998693852,25.78078546285629
1012.067323651565,25.78199408769608
1012.139294361963,25.78615712881088
1012.09516377653,25.78830579519272
1012.048063540258,25.78944727420807
1012.09118436714,25.79300600290299
1012.136081597658,25.78830579519272
1012.069508113772,25.79099162817001
1012.111379165624,25.79361031532288
1012.116914068485,25.79434891939163
1012.090047064294,25.79320744037628
1012.082165709547,25.79683331489563
1012.117682592407,25.79978773117065
1012.089890566705,25.80475652217865
1012.148406727182,25.80670375108719
1012.157902969653,25.8081809592247
1012.078291884563,25.80448793888092
1012.122530897709,25.80529368877411
1012.112762435555,25.79824337720871
1012.125623229981,25.79582612752914
1012.135799468194,25.79434891939163
