-14,33,2
-15,34,3
-13,32,0
-14,31,0
-15,30,-1
-13,30,0
-11,27,1
-11,24,1
-14,21,0
-18,23,2
-18,24,0
-16,27,4
-18,30,3
-20,32,1
-23,32,2
-26,32,2
-25,35,5
-27,35,2
-27,34,3
-25,35,6
-23,29,6
-28,29,7
-26,30,12
-20,27,9
-16,28,7
-22,28,7
-22,29,6
-21,33,6
-19,30,5
-18,31,5
-19,26,5
-18,26,6
-22,28,5
-22,29,6
-19,30,9
-22,32,13
-24,30,12
-19,30,9
-17,31,7
-11,33,7
-13,35,3
-14,39,3
-15,36,5
-15,35,3
-13,32,3
-18,34,4
-23,34,5
-21,36,5
-14,32,7
-17,34,4
-16,33,2
-14,33,4
-10,35,-1
-6,35,-3
-7,38,-2
-9,36,0
-6,39,-3
-8,40,-6
-7,40,-9
-10,40,-9
-14,37,-12
-13,37,-8
-15,38,-9
-17,33,-9
-19,32,-10
-21,30,-11
-18,29,-10
-19,31,-9
-21,28,-11
-20,27,-12
-21,28,-11
-26,26,-10
-23,28,-9
-23,29,-10
-25,29,-9
-22,31,-9
-18,30,-11
-15,28,-13
-15,34,-13
-14,34,-13
-15,34,-12
-13,31,-13
-15,27,-10
-20,27,-8
-20,24,-11
-24,19,-11
-26,17,-9
-26,22,-7
-25,23,-2
-21,23,-4
-22,24,-4
-21,25,-9
-18,25,-11
-21,22,-10
-26,21,-10
-28,19,-8
-23,17,-10
-19,18,-11
-21,18,-8
-27,14,-11
-26,7,-11
-26,12,-7
-24,15,-8
-28,20,-9
-30,21,-10
-31,19,-11
-31,20,-5
-32,23,-4
-34,25,-2
-31,23,3
-30,24,2
-27,25,3
-24,22,6
-26,24,7
-23,23,9
-24,22,7
-25,23,8
-26,23,8
-28,24,8
-24,23,9
-21,25,8
-25,25,7
-26,22,10
-25,21,8
-29,24,4
-30,24,5
-27,18,6
-29,20,3
-28,22,1
-28,22,-4
-31,21,-4
-27,19,-4
-27,20,-7
-22,18,-9
-25,17,-7
-28,18,-6
-27,17,-9
-27,12,-6
-31,12,-8
-35,12,-7
-37,12,-7
-38,12,-4
-41,10,-4
-35,12,-3
-33,12,-3
-37,11,-5
-38,12,-8
-37,12,-5
-36,10,-5
-33,13,-5
-30,14,-9
-28,14,-10
-30,12,-11
-33,13,-12
-37,10,-11
-37,12,-10
-37,7,-10
-40,7,-10
-41,2,-10
-39,6,-10
-38,5,-6
-36,5,-5
-35,7,-6
-36,8,-5
-39,8,-3
-38,11,-6
-31,15,-7
-29,16,-8
-25,17,-13
-19,18,-12
-20,19,-12
-19,19,-12
-17,19,-11
-16,17,-13
-21,17,-13
-25,12,-12
-27,9,-13
-28,6,-11
-24,10,-10
-22,11,-11
-21,11,-11
-21,14,-12
-17,18,-12
-17,20,-10
-17,20,-12
-13,16,-10
-12,18,-13
-10,20,-13
-7,17,-15
-6,18,-14
-12,14,-12
-20,12,-10
-19,6,-6
-24,6,-3
-27,11,-3
-27,12,3
-30,14,4
-31,17,3
-32,21,2
-27,18,0
-23,19,-2
-27,20,-3
-23,20,-4
-19,17,-3
-18,16,-5
-17,13,-7
-16,15,-8
-17,17,-14
-17,16,-14
-16,10,-14
-16,12,-14
-21,10,-15
-23,12,-19
-28,13,-21
-28,12,-18
-26,13,-18
-27,10,-21
-28,9,-21
-32,12,-22
-32,14,-25
-31,10,-22
-29,8,-23
-31,10,-20
-28,10,-22
-25,10,-26
-28,11,-26
-28,8,-23
-29,8,-24
-27,9,-22
-23,13,-20
-22,12,-16
-24,11,-12
-21,16,-12
-21,14,-8
-21,12,-6
-23,18,-5
-23,16,-6
-21,21,-7
-20,19,-8
-24,15,-9
-29,12,-9
-28,15,-4
-24,16,-6
-29,20,-5
-27,19,-3
-22,22,-2
-18,21,-5
-21,24,-5
-20,25,-7
-17,26,-8
-13,27,-6
-10,29,-8
-11,26,-6
-12,27,-8
-13,30,-6
-12,32,-6
-10,35,-3
-6,35,-5
-11,35,-4
-12,33,-2
-10,34,0
-8,33,0
-8,29,0
-10,27,3
-10,28,0
-16,27,-2
-18,26,0
-14,28,-3
-11,28,-3
-13,27,-3
-15,24,-4
-14,28,-6
-14,28,-7
-9,29,-7
-9,30,-5
-9,26,-5
-8,26,-9
-6,26,-10
-1,26,-8
1,29,-8
-5,25,-8
-11,22,-10
-15,25,-8
-20,29,-8
-19,28,-3
-25,30,-1
-24,33,2
-23,34,1
-24,32,2
-19,34,5
-15,32,4
-12,31,6
-10,33,4
-14,35,5
-16,34,6
-11,32,5
-11,35,5
-9,38,7
-7,34,7
-5,37,8
-6,38,7
-5,38,7
-8,38,6
-12,39,7
-14,37,10
-16,41,12
-18,39,13
-15,37,13
-13,34,13
-13,34,13
-15,32,12
-13,32,8
-11,35,7
-10,36,4
-13,33,4
-12,33,4
-12,33,0
-14,30,-2
-18,32,-6
-16,33,-6
-21,32,-7
-24,29,-7
-28,29,-6
-30,29,-10
-32,28,-14
-30,29,-14
-28,25,-18
-29,29,-21
-30,26,-23
-34,23,-23
-33,25,-22
-32,26,-24
-30,23,-27
-30,25,-22
-31,27,-20
-33,26,-20
-34,25,-18
-36,24,-19
-37,20,-20
-39,23,-18
-37,21,-17
-36,14,-13
-39,17,-9
-37,17,-9
-41,17,-8
-40,20,-7
-36,21,-5
-32,25,-4
-32,29,-1
-28,29,0
-26,29,0
-24,28,0
-22,27,1
-21,23,2
-24,20,2
-27,20,7
-32,21,7
-31,21,6
-31,22,10
-32,24,6
-31,22,6
-34,23,7
-33,25,8
-28,23,8
-27,23,6
-25,22,3
-25,23,3
-27,19,3
-23,17,3
-18,20,5
-23,20,6
-31,20,6
-31,22,7
-31,24,7
-33,26,6
-34,27,4
-37,28,11
-38,33,9
-33,34,8
-29,31,8
-23,32,11
-25,29,10
-28,26,12
-28,21,14
-26,21,13
-25,20,9
-27,19,6
-24,19,10
-25,22,13
-26,25,10
-24,23,10
-23,22,11
-28,23,14
-29,22,12
-26,19,14
-27,21,15
-31,23,14
-31,23,15
-30,20,15
-30,20,13
-29,27,11
-26,26,9
-28,23,9
-28,22,7
-28,23,8
-28,22,10
-27,24,10
-27,25,12
-26,26,12
-26,26,11
-29,25,14
-28,24,15
-25,23,15
-27,25,17
-27,23,17
-28,22,15
-28,22,18
-27,23,19
-28,18,19
-30,20,21
-30,20,17
-33,17,18
-34,17,18
-31,17,18
-28,19,18
-31,21,18
-35,19,16
-35,21,13
-36,21,10
-34,20,9
-32,23,7
-32,20,7
-33,19,5
-36,19,4
-37,17,5
-37,18,3
-36,17,3
-38,19,1
-33,14,1
-25,17,4
-32,19,2
-29,21,4
-27,21,5
-30,22,6
-27,20,7
-28,23,6
-30,26,7
-30,27,5
-30,28,5
-26,35,2
-24,39,-1
-26,39,-2
-23,39,0
-23,40,3
-19,38,4
-14,37,3
-11,32,4
-12,29,6
-9,28,4
-9,27,5
-18,26,8
-22,22,13
-24,23,14
-29,25,14
-35,24,15
-35,26,18
-36,26,17
-37,27,18
-37,34,16
-34,36,18
-30,31,15
-28,33,14
-26,33,13
-24,31,13
-25,30,11
-22,31,8
-15,32,7
-19,32,7
-18,32,9
-19,33,7
-20,35,6
-17,36,6
-19,38,7
-16,38,6
-15,38,8
-13,35,4
-16,35,5
-15,35,4
-16,33,5
-14,35,3
-18,37,5
-17,34,5
-17,32,5
-14,33,5
-13,31,3
-15,30,3
-15,30,2
-16,29,0
-22,28,0
-21,28,2
-19,27,0
-17,32,1
-17,32,2
-19,28,1
-22,28,-1
-26,27,1
-28,29,6
-27,29,7
-24,28,7
-26,30,5
-23,29,4
-24,25,6
-21,26,6
-20,27,6
-24,25,2
-23,25,3
-22,25,3
-22,24,5
-25,25,6
-29,22,8
-29,22,7
-29,21,8
-29,18,6
-28,17,6
-33,19,4
-29,21,3
-31,25,3
-30,28,1
-27,27,1
-23,26,0
-23,26,0
-24,26,-4
-24,24,-1
-23,21,-3
-23,16,-4
-28,15,-2
-27,14,-1
-26,16,-4
-30,17,-2
-26,16,0
-21,16,-1
-20,19,3
-18,17,1
-17,17,0
-23,19,1
-25,21,3
-28,20,3
-28,16,1
-23,17,1
-21,16,-2
-22,16,-2
-29,12,-2
-31,12,0
-33,17,1
-32,18,-1
-34,16,-1
-36,19,5
-36,19,6
-36,21,7
-36,22,6
-36,24,8
-31,22,7
-31,22,7
-27,25,5
-29,27,2
-30,26,7
-24,23,3
-23,25,6
-25,27,7
-24,25,13
-23,25,14
-23,27,14
-17,28,14
-16,27,14
-16,28,13
-15,30,12
-12,32,12
-16,35,13
-13,36,12
-15,33,12
-20,27,14
-18,27,16
-21,29,14
-22,30,10
-22,33,13
-20,30,11
-19,30,11
-15,25,8
-14,28,13
-18,27,13
-19,30,10
-19,28,13
-18,26,15
-15,29,15
-16,29,15
-17,26,17
-13,27,21
-17,24,18
-14,23,18
-15,25,18
-17,28,14
-17,27,16
-15,28,16
-18,26,16
-22,24,16
-19,23,17
-20,27,16
-21,25,14
-17,27,13
-21,25,14
-20,24,10
-22,24,16
-22,22,18
-22,19,16
-20,20,18
-18,20,19
-14,23,17
-10,26,13
-10,26,13
-9,28,15
-5,28,16
-6,27,13
-7,29,13
-8,30,12
-10,21,11
-12,19,12
-14,19,14
-13,17,15
-16,15,12
-18,14,9
-16,19,12
-11,20,11
-16,22,8
-16,22,5
-17,22,6
-17,23,5
-14,20,5
-16,21,2
-13,21,4
-9,19,3
-12,15,1
-20,9,3
-23,11,4
-24,15,3
-26,18,4
-29,17,3
-33,23,4
-30,21,4
-26,20,6
-29,20,7
-31,19,9
-30,18,9
-28,20,9
-28,19,10
-26,20,8
-22,21,7
-18,19,5
-18,20,8
-20,21,6
-16,22,6
-18,23,8
-20,21,11
-19,24,10
-16,20,10
-16,22,13
-17,22,12
-18,22,12
-23,21,13
-24,20,16
-28,19,15
-28,19,14
-24,21,14
-20,21,10
-20,23,11
-20,21,9
-22,22,6
-22,26,5
-18,25,5
-15,24,5
-10,25,5
-15,25,2
-12,26,3
-12,27,5
-16,26,5
-14,27,5
-11,26,7
-18,25,9
-20,24,12
-21,25,15
-19,24,15
-20,21,14
-19,19,11
-19,18,9
-20,21,14
-18,20,14
-19,20,13
-23,20,12
-27,19,13
-24,21,13
-23,19,12
-22,20,12
-18,21,11
-17,22,10
-18,22,9
-22,20,12
-23,21,11
-24,21,9
-24,23,9
-22,27,7
-21,26,9
-17,27,9
-17,30,9
-17,28,9
-17,23,11
-16,18,10
-18,15,7
-18,17,11
-17,15,13
-18,15,13
-15,17,13
-16,18,11
-19,21,10
-17,23,8
-18,20,9
-20,20,6
-21,21,6
-18,22,8
-16,20,7
-18,13,9
-15,12,8
-18,13,4
-26,10,6
-30,12,7
-31,10,8
-34,14,7
-27,11,11
-32,14,11
-34,21,9
-32,23,6
-24,25,5
-21,28,10
-23,30,13
-25,31,10
-23,30,11
-18,31,11
-18,29,14
-16,27,16
-18,30,14
-16,26,14
-14,24,17
-21,21,17
-25,24,18
-22,25,21
-22,24,16
-18,23,16
-21,21,17
-23,17,14
-28,21,13
-22,22,13
-24,23,16
-26,25,13
-22,25,12
-23,26,11
-22,26,6
-19,27,5
-16,28,5
-13,27,7
-16,28,3
-16,29,3
-19,31,4
-21,30,4
-22,25,7
-22,27,7
-20,31,6
-21,31,7
-20,25,10
-19,22,12
-20,25,13
-19,25,11
-19,26,9
-13,27,8
-17,27,9
-19,27,10
-19,27,16
-20,23,12
-20,22,11
-20,21,10
-18,27,13
-19,28,14
-19,28,14
-19,28,10
-20,27,8
-23,25,11
-24,24,11
-22,24,12
-22,27,15
-18,28,15
-14,30,12
-13,32,16
-11,36,16
-12,37,16
-11,38,14
-7,37,18
-10,36,18
-11,32,17
-12,32,17
-14,31,17
-13,31,16
-17,33,18
-17,32,19
-16,30,21
-17,31,22
-21,30,18
-20,29,17
-17,26,17
-14,28,16
-17,26,16
-12,25,20
-8,23,17
-12,21,15
-21,22,15
-23,25,17
-21,27,17
-21,26,16
-24,28,15
-29,32,16
-25,32,18
-24,34,21
-20,32,21
-14,34,21
-19,37,21
-18,36,20
-19,32,19
-16,33,22
-16,33,23
-15,31,23
-14,31,21
-15,32,22
-13,28,21
-12,29,20
-14,29,21
-15,28,21
-14,27,19
-11,30,19
-12,29,18
-16,32,19
-16,33,22
-17,33,21
-13,32,18
-10,32,14
-10,32,13
-16,32,12
-20,32,14
-14,30,13
-16,29,12
-17,26,15
-18,25,14
-15,25,9
-15,26,10
-16,26,12
-14,30,10
-15,30,13
-14,32,12
-11,33,14
-12,35,17
-12,34,15
-11,36,13
-10,37,16
-9,36,17
-11,37,18
-12,33,20
-15,31,18
-14,31,22
-13,31,21
-15,29,17
-11,31,19
-11,29,22
-14,26,22
-16,25,20
-19,25,22
-21,28,22
-21,27,22
-19,31,22
-16,28,24
-18,31,23
-17,30,21
-14,35,20
-8,35,19
-10,33,19
-9,33,18
-4,36,14
-2,36,18
-1,34,18
-3,32,16
-5,29,14
-8,27,17
-9,26,18
-11,30,18
-14,28,21
-17,28,17
-18,29,16
-21,31,18
-19,32,16
-15,29,14
-17,30,17
-16,33,19
-11,28,20
-9,28,17
-15,26,18
-16,23,16
-19,22,19
-22,20,20
-22,21,21
-23,23,21
-22,24,24
-25,24,22
-22,26,25
-26,23,25
-28,24,26
-27,25,27
-24,24,27
-23,25,26
-18,25,27
-18,25,23
-22,24,26
-20,23,27
-18,25,27
-17,24,23
-14,28,22
-14,29,25
-13,29,25
-12,29,26
-17,28,26
-18,26,28
-18,26,27
-16,27,27
-15,26,30
-15,24,30
-14,25,26
-15,26,28
-13,28,26
-14,30,25
-18,27,31
-19,25,30
-19,26,27
-17,28,23
-18,28,22
-18,29,17
-20,29,18
-15,26,20
-16,23,18
-17,25,16
-24,22,19
-23,23,19
-20,24,19
-20,26,19
-22,23,21
-25,25,22
-23,26,22
-20,22,23
-19,26,20
-20,32,16
-25,27,15
-24,27,13
-15,28,17
-15,26,15
-18,26,16
-19,25,16
-16,22,17
-20,21,19
-20,24,20
-22,22,16
-24,21,19
-28,21,21
-32,22,21
-29,25,21
-25,30,21
-21,27,24
-16,29,21
-20,30,18
-17,27,18
-15,25,18
-13,28,17
-16,26,17
-16,23,17
-15,21,15
-18,18,16
-20,13,15
-26,12,19
-26,17,19
-21,22,16
-24,24,18
-19,21,18
-23,21,16
-22,23,15
-22,19,12
-22,19,12
-23,20,11
-23,20,13
-23,13,12
-28,17,11
-28,19,11
-29,19,13
-33,15,14
-33,13,16
-37,15,21
-33,18,21
-37,21,19
-34,23,20
-35,23,20
-34,26,19
-34,26,20
-35,25,19
-27,27,19
-25,26,19
-28,27,17
-29,29,17
-29,27,15
-25,29,13
-24,29,15
-21,32,17
-14,31,17
-15,29,17
-16,27,17
-17,28,20
-17,27,21
-16,27,20
-18,29,17
-21,28,18
-22,22,18
-19,21,19
-17,22,17
-20,25,17
-20,25,17
-22,23,16
-20,24,15
-18,25,15
-17,24,14
-19,25,14
-24,26,14
-17,21,14
-17,23,13
-17,28,12
-16,26,14
-15,24,14
-16,24,11
-16,23,7
-17,23,9
-20,22,13
-20,21,12
-16,20,11
-18,23,14
-17,23,16
-18,19,13
-16,21,14
-13,25,12
-11,24,10
-9,22,13
-12,24,14
-11,28,15
-12,27,12
-17,25,12
-21,27,12
-23,28,14
-26,25,17
-23,23,15
-24,26,14
-26,24,14
-20,28,13
-19,26,12
-19,27,14
-20,28,12
-21,21,12
-24,18,10
-23,19,8
-23,18,11
-22,13,12
-29,13,12
-29,16,15
-30,13,15
-33,14,17
-33,17,18
-32,15,16
-34,19,15
-31,21,13
-27,18,13
-29,20,12
-29,19,10
-26,16,10
-30,15,10
-35,14,10
-34,14,9
-34,12,9
-34,12,10
-36,16,11
-36,18,12
-37,16,13
-40,16,13
-40,18,16
-39,20,18
-34,17,16
-30,18,15
-34,23,16
-33,20,15
-30,18,16
-31,17,16
-27,15,15
-21,17,15
-24,20,16
-27,19,17
-25,18,15
-26,20,14
-25,21,13
-27,24,14
-27,23,12
-24,22,12
-23,25,12
-20,25,12
-24,28,10
-22,27,10
-23,26,10
-27,24,11
-25,21,13
-26,19,15
-28,20,13
-28,19,12
-30,24,13
-32,20,13
-32,20,12
-29,17,13
-33,19,16
-30,21,16
-26,20,15
-29,20,18
-29,20,15
-26,19,16
-23,20,17
-22,24,12
-23,22,13
-22,21,14
-26,25,12
-25,25,11
-25,24,11
-23,20,12
-26,20,10
-25,21,12
-26,20,11
-30,17,9
-32,18,8
-32,18,6
-30,18,3
-25,17,2
-23,16,3
-26,14,1
-27,13,0
-26,22,0
-23,26,-2
-24,26,-3
-20,27,-4
-13,29,-3
-12,29,-6
-12,30,-6
-14,28,-6
-11,28,-4
-12,28,-6
-11,21,-6
-20,20,-5
-23,20,-4
-22,22,-4
-21,22,-5
-25,19,-5
-25,18,-10
-23,20,-9
-17,18,-10
-17,19,-9
-19,18,-12
-16,15,-12
-15,15,-13
-13,12,-15
-17,10,-15
-20,8,-14
-24,9,-13
-26,10,-11
-31,10,-11
-34,10,-7
-33,9,-5
-33,10,-5
-34,14,-5
-34,18,-5
-37,22,-4
-33,20,-3
-27,19,-2
-29,22,-4
-27,20,-2
-27,20,-1
-26,20,-3
-26,18,-4
-20,18,-6
-21,17,-7
-22,17,-8
-22,16,-5
-21,15,-8
-20,18,-9
-22,19,-9
-25,20,-9
-25,22,-6
-26,20,-9
-31,18,-10
-27,16,-10
-25,23,-10
-22,22,-11
-21,18,-9
-22,14,-12
-22,16,-11
-25,17,-9
-21,16,-11
-29,14,-12
-30,13,-12
-25,12,-12
-23,14,-10
-23,13,-9
-21,16,-10
-20,20,-12
-25,15,-13
-27,17,-9
-25,17,-10
-24,17,-11
-26,18,-11
-33,20,-11
-34,20,-13
-34,17,-13
-31,17,-13
-32,14,-8
-35,14,-7
-34,10,-9
-35,9,-8
-32,12,-8
-30,14,-8
-30,15,-6
-29,14,-8
-31,19,-8
-30,19,-6
-27,24,-7
-28,23,-7
-29,23,-6
-27,23,-7
-26,23,-7
-28,24,-5
-24,26,-3
-19,28,-2
-17,28,-1
-18,26,-2
-18,29,-1
-22,21,-2
-24,17,-1
-31,15,-1
-28,18,0
-30,18,-1
-29,16,-2
-31,22,-2
-28,24,-3
-24,26,-4
-20,27,-6
-20,25,-8
-21,26,-9
-26,24,-7
-26,21,-5
-26,20,-6
-27,21,-6
-26,22,-5
-29,24,-5
-29,24,-3
-29,26,-4
-26,27,-6
-28,30,-4
-29,32,1
-30,32,0
-27,33,-1
-27,33,3
-29,34,1
-29,32,1
-28,28,6
-30,29,7
-28,26,5
-26,24,4
-27,26,3
-25,25,4
-25,26,5
-28,23,4
-27,24,3
-25,25,3
-26,24,4
-22,25,4
-27,25,4
-31,26,5
-29,24,4
-32,19,-1
-33,17,0
-34,20,-1
-32,20,-2
-33,20,-3
-33,22,-5
-32,25,-3
-31,26,-5
-32,23,-6
-33,22,-9
-33,22,-8
-35,24,-10
-32,24,-9
-34,25,-5
-37,25,-4
-39,25,-2
-40,23,-1
-39,23,1
-42,22,2
-37,22,-1
-35,23,0
-36,24,-2
-36,21,-4
-36,22,-3
-35,23,-4
-33,23,-5
-34,23,-4
-35,22,-4
-31,26,-7
-27,24,-6
-27,26,-3
-32,23,-6
-29,20,-3
-30,16,-3
-31,18,-2
-32,21,-2
-33,23,-1
-30,23,-3
-28,26,-1
-28,26,-2
-29,25,-4
-26,27,-3
-24,30,-2
-17,28,-2
-20,30,-2
-16,32,1
-15,27,1
-15,27,-1
-19,23,1
-19,22,2
-18,22,3
-18,23,0
-20,28,-1
-22,30,1
-24,31,-2
-22,30,0
-18,30,-2
-15,27,-2
-14,29,0
-16,28,-4
-14,27,-4
-13,27,-2
-17,22,-3
-20,21,-3
-20,23,-2
-21,25,-1
-21,29,-1
-20,26,-1
-18,30,3
-15,30,5
-17,32,4
-17,36,3
-13,40,5
-12,42,7
-16,40,11
-12,40,10
-8,40,10
-3,38,8
-2,39,9
0,39,9
-2,39,10
-6,34,11
-8,32,12
-7,33,11
-8,34,10
-7,30,8
-8,34,7
-9,32,5
-13,31,5
-11,33,5
-15,35,3
-12,35,-1
-11,35,-1
-11,34,-2
-10,34,-1
-11,37,-5
-10,34,-8
-8,32,-8
-7,31,-9
-6,34,-10
-8,34,-10
-11,30,-10
-10,30,-9
-5,33,-8
-7,35,-5
-4,31,-9
-5,31,-9
-9,33,-7
-15,33,-5
-13,30,-5
-15,33,-4
-12,34,-4
-8,34,-3
-8,33,-4
-8,34,-3
-7,34,-3
-11,32,-2
-11,31,-3
-10,33,-1
-13,32,-4
-13,32,-2
-14,34,-1
-14,33,-6
-15,33,-2
-17,32,-1
-21,32,-1
-17,32,2
-12,33,2
-10,32,0
-12,37,0
-16,39,3
-15,39,5
-14,34,4
-15,35,5
-11,36,9
-10,35,3
-6,31,7
-11,25,7
-15,25,6
-14,26,5
-17,23,4
-20,23,6
-19,24,5
-24,23,4
-25,23,6
-24,27,5
-20,26,4
-20,27,4
-21,29,2
-23,29,2
-21,29,2
-20,27,3
-25,23,2
-26,19,-1
-32,20,0
-34,20,-2
-29,22,-2
-31,26,0
-34,23,2
-34,23,2
-32,24,0
-29,27,1
-28,30,3
-25,32,3
-28,32,4
-26,30,6
-23,32,8
-18,30,6
-22,30,6
-21,29,8
-20,26,10
-22,25,8
-20,24,10
-15,25,8
-20,30,7
-19,30,10
-17,30,8
-16,30,5
-16,34,6
-15,34,3
-15,37,3
-14,39,1
-16,37,4
-19,34,3
-21,32,3
-15,36,4
-14,35,3
-13,34,5
-16,33,1
-17,36,1
-17,35,3
-18,32,5
-20,26,4
-23,28,3
-18,29,6
-18,28,8
-17,32,5
-22,31,7
-23,31,4
-22,33,3
-20,36,5
-20,33,5
-20,34,3
-24,32,3
-27,29,6
-30,30,7
-28,29,8
-26,31,5
-30,30,7
-32,30,9
-32,27,13
-31,26,15
-30,26,14
-32,25,12
-34,27,13
-31,25,11
-28,25,14
-24,22,13
-29,23,14
-28,24,14
-24,27,11
-28,32,8
-21,33,12
-20,32,13
-21,35,9
-17,37,7
-15,40,8
-16,38,12
-21,31,13
-22,28,17
-25,27,18
-24,26,15
-23,28,14
-20,28,14
-23,27,11
-23,29,10
-22,34,8
-20,36,10
-20,35,8
-16,35,7
-14,33,5
-16,32,4
-13,31,2
-13,30,1
-16,28,3
-17,27,5
-19,26,6
-19,29,7
-23,30,9
-24,30,10
-26,29,14
-28,29,14
-27,34,13
-28,33,14
-25,30,16
-25,30,16
-25,29,13
-23,27,17
-19,23,16
-18,23,12
-16,26,13
-16,26,12
-18,29,10
-15,31,11
-13,29,8
-13,31,9
-15,29,7
-17,31,7
-17,33,9
-14,34,9
-11,34,11
-12,34,11
-10,35,11
-6,36,8
-5,37,7
-7,34,2
-8,32,3
-8,33,-2
-9,32,-1
-7,30,1
-10,28,3
-12,28,4
-9,31,4
-10,28,3
-14,28,3
-14,28,4
-11,29,4
-12,28,3
-12,31,2
-14,32,6
-10,32,8
-5,31,5
-5,35,5
-8,37,3
-10,36,2
-10,32,6
-5,29,7
-9,27,6
-6,30,5
-4,32,6
-7,32,3
-8,30,1
-13,29,1
-6,34,4
-7,34,4
-5,35,5
-2,35,2
-2,35,2
-5,34,2
-5,33,4
-5,36,4
-6,37,4
-4,36,6
-2,37,7
-1,36,9
-2,34,10
-1,36,7
0,38,6
-3,32,8
-4,28,10
-1,26,6
1,30,7
0,31,8
-2,29,8
-7,29,6
-3,30,7
-2,32,6
-3,34,5
-3,32,5
-2,31,5
-3,34,7
-3,32,5
-3,27,7
1,25,8
2,23,5
0,23,5
-3,24,6
-2,24,5
-5,25,7
-11,29,9
-10,28,10
-12,31,9
-13,32,11
-13,33,12
-11,33,10
-14,30,12
-15,28,14
-12,29,18
-14,27,17
-14,26,15
-11,24,15
-9,23,17
-7,25,16
-8,27,15
-8,29,17
-2,29,17
-4,29,16
-4,29,18
-8,30,18
-4,27,15
-2,28,15
-6,29,17
-7,28,15
-9,29,17
-10,31,17
-12,32,19
-13,29,25
-13,29,25
-9,25,22
-8,25,21
-9,26,19
-8,28,17
-8,26,18
-1,24,20
-1,26,17
1,28,17
-3,27,19
-3,29,18
-3,31,19
-3,29,20
-6,30,22
-8,29,27
-13,25,30
-15,27,30
-14,27,33
-13,24,34
-8,29,35
-6,26,33
-6,27,32
-5,26,36
-5,24,37
-3,28,37
-2,30,37
1,29,39
2,30,43
1,32,40
1,31,42
0,30,44
-3,29,46
-4,29,46
-8,25,49
-10,24,51
-5,26,53
-1,28,56
2,32,55
5,36,55
8,40,57
16,40,57
19,38,61
19,37,62
15,34,63
20,39,65
22,40,63
20,40,63
21,39,66
26,40,65
29,43,65
27,43,65
33,44,66
35,46,66
39,46,63
45,48,61
47,52,60
52,52,64
56,51,66
59,51,63
64,49,62
64,50,62
65,53,62
74,51,61
81,55,66
87,58,68
93,60,66
96,66,68
89,66,68
79,62,69
71,56,71
68,51,77
67,47,80
64,44,78
63,44,76
64,44,76
69,43,71
73,45,65
75,50,59
80,56,50
87,60,42
91,64,35
93,70,24
102,75,17
102,74,12
94,72,8
76,68,12
55,59,22
32,43,32
19,34,42
13,26,54
13,23,64
9,22,63
9,23,59
3,22,61
0,19,55
-3,17,47
0,15,39
4,15,30
4,15,25
8,17,20
13,20,18
25,28,13
40,35,6
48,38,-1
52,41,-9
45,38,-11
24,28,-6
2,17,4
-11,2,16
-21,-12,30
-28,-22,42
-25,-22,49
-27,-23,50
-32,-20,46
-35,-18,45
-32,-20,37
-29,-19,30
-26,-15,22
-21,-11,14
-18,-1,4
-15,9,-4
-9,15,-9
-4,17,-17
16,18,-28
31,25,-34
33,34,-41
30,35,-51
31,38,-53
28,39,-58
20,31,-66
12,18,-73
15,10,-67
24,8,-58
18,-2,-60
16,-8,-66
32,3,-70
44,6,-76
55,5,-81
63,4,-86
63,3,-86
64,2,-88
57,-3,-91
49,-6,-90
37,-14,-86
30,-17,-80
18,-21,-80
-3,-37,-84
-14,-54,-89
-12,-69,-91
-7,-77,-93
-4,-76,-98
7,-74,-103
19,-67,-113
35,-62,-127
53,-49,-142
63,-35,-160
73,-28,-179
94,-20,-194
122,-17,-205
144,-16,-217
156,-12,-229
167,-2,-241
168,1,-252
170,-1,-251
162,-6,-248
162,-9,-235
173,-7,-227
187,-9,-228
198,-4,-241
228,5,-256
267,21,-267
293,29,-275
313,31,-280
331,19,-278
322,9,-276
290,-11,-272
243,-32,-263
204,-46,-249
180,-49,-240
159,-45,-238
143,-44,-237
128,-49,-238
113,-52,-243
106,-61,-247
109,-69,-249
120,-78,-251
123,-90,-257
114,-104,-274
110,-114,-289
118,-110,-296
120,-105,-301
110,-98,-308
92,-100,-305
66,-113,-295
49,-133,-278
21,-150,-267
-5,-157,-257
-28,-159,-247
-37,-153,-235
-51,-149,-237
-62,-138,-241
-59,-133,-239
-67,-130,-246
-79,-135,-260
-88,-140,-261
-84,-142,-262
-89,-146,-276
-86,-143,-283
-76,-134,-289
-69,-119,-303
-52,-105,-299
-39,-100,-298
-34,-99,-300
-20,-104,-306
-12,-113,-316
-3,-122,-306
-5,-131,-307
-16,-139,-301
-36,-148,-301
-44,-144,-298
-39,-137,-300
-24,-127,-308
-9,-106,-309
8,-86,-308
15,-74,-309
4,-76,-318
-20,-77,-321
-44,-83,-318
-66,-90,-305
-83,-86,-297
-81,-77,-299
-73,-64,-305
-63,-53,-304
5,-14,-234
6,7,-236
-64,-38,-289
-97,-66,-319
-86,-69,-326
-70,-62,-332
-59,-61,-331
-12,-48,-311
13,-32,-279
-45,-79,-306
-70,-108,-311
-62,-116,-313
-51,-114,-339
-17,-72,-255
-1,-37,-201
-47,-62,-223
-73,-84,-238
-73,-79,-232
12,-22,-148
28,2,-144
-67,-57,-201
-107,-91,-233
-60,-61,-204
47,16,-129
-10,-10,-175
-91,-69,-211
-42,-54,-172
54,10,-105
-1,-25,-138
-69,-76,-174
-57,-78,-150
18,-17,-103
-15,-22,-122
-22,-30,-104
-25,-44,-104
-46,-70,-124
-63,-95,-156
-82,-120,-198
-90,-132,-212
-78,-129,-219
-49,-116,-203
-48,-113,-215
-94,-149,-237
-112,-161,-232
-106,-159,-233
-68,-138,-197
-42,-127,-186
-87,-162,-215
-99,-173,-228
-87,-178,-345
-144,-189,-382
-141,-170,-247
-17,-85,-123
34,-45,-132
-22,-78,-174
-58,-109,-199
-40,-119,-204
28,-81,-147
21,-83,-142
-58,-143,-158
-53,-149,-119
-87,-180,-149
-111,-202,-146
-59,-163,-94
-50,-159,-86
-110,-207,-117
-110,-211,-88
-104,-174,-127
-123,-184,-548
-62,-133,-760
-11,-68,-644
-50,-73,-543
-106,-122,-518
-124,-159,-503
-103,-171,-486
-76,-164,-490
-56,-149,-499
-53,-146,-501
-60,-152,-488
-73,-165,-462
-89,-180,-459
-89,-200,-470
-83,-207,-478
-83,-215,-481
-87,-231,-478
-94,-246,-474
-105,-250,-466
-107,-244,-442
-105,-236,-429
-96,-231,-432
-91,-228,-427
-86,-227,-424
-87,-234,-420
-97,-239,-428
-88,-239,-439
-76,-236,-452
-69,-234,-456
-64,-243,-457
-66,-266,-477
-60,-292,-493
-51,-306,-508
3,-285,-459
115,-231,-222
-27,-303,-118
-129,-373,-69
-128,-393,-59
-95,-370,-45
-91,-355,-34
-107,-347,-20
-125,-340,-7
-136,-354,-10
-137,-363,-10
-133,-362,-13
-134,-362,-20
-128,-369,-22
-109,-368,1
-65,-348,70
69,-320,246
46,-527,229
-294,-716,53
-279,-633,-5
-111,-491,-55
-54,-399,-79
-63,-361,-62
-39,-340,5
66,-315,168
122,-441,250
-86,-702,119
-208,-694,75
-80,-539,64
34,-429,42
14,-394,17
-37,-389,5
-56,-378,-11
-36,-350,-26
-15,-336,-41
-26,-341,-50
-38,-352,-50
-38,-348,-38
-28,-341,-28
-14,-322,-23
5,-296,-8
4,-283,11
-3,-280,22
-30,-280,-64
-28,-307,-78
42,-280,54
-3,-270,77
-23,-251,93
-8,-227,108
16,-204,122
27,-188,136
19,-179,156
1,-186,178
-20,-199,212
-40,-209,246
-63,-221,276
-78,-231,297
-86,-235,320
-87,-235,352
-103,-226,378
-107,-210,396
-102,-184,399
-81,-164,399
-56,-157,410
-44,-166,429
-60,-171,359
-68,-200,304
-40,-200,424
-46,-177,472
-47,-159,495
-49,-145,501
-43,-135,523
-48,-138,545
-70,-143,573
-108,-156,601
-135,-169,599
-127,-185,494
-89,-199,604
-100,-195,712
-153,-188,756
-178,-170,792
-159,-137,822
-124,-101,842
-100,-74,872
-88,-71,898
-82,-83,927
-81,-97,954
-91,-125,986
-106,-160,1017
-125,-197,1050
-136,-238,1082
-131,-275,1111
-111,-307,1143
-140,-339,1143
-226,-340,1102
-275,-303,1069
-286,-247,1037
-276,-198,1001
-255,-170,980
-251,-152,995
-273,-154,1000
-296,-148,1017
-317,-146,1019
-319,-133,1029
-326,-105,1046
-338,-90,1048
-347,-86,1043
-354,-80,1036
-359,-68,1037
-390,-56,1028
-415,-49,1013
-429,-49,985
-430,-38,974
-445,-26,958
-446,-21,934
-443,-12,929
-442,-7,930
-445,-22,933
-445,-36,942
-428,-51,950
-391,-58,960
-371,-59,971
-379,-71,980
-399,-84,992
-422,-94,998
-431,-97,998
-428,-115,988
-437,-141,982
-453,-162,980
-467,-173,976
-473,-167,957
-466,-162,936
-461,-157,925
-462,-159,911
-457,-159,894
-435,-146,867
-405,-148,830
-383,-163,817
-383,-167,810
-379,-153,789
-368,-130,755
-351,-107,715
-340,-98,701
-347,-96,750
-387,-104,761
-406,-86,731
-398,-33,711
-405,10,683
-405,21,658
-417,3,671
-443,-26,683
-453,-41,670
-438,-23,631
-414,-2,574
-397,12,532
-396,-4,498
-419,-32,491
-454,-42,475
-531,-70,273
-380,-25,96
-206,93,211
-240,98,290
-352,-6,215
-387,-124,119
-340,-202,43
-302,-322,-291
-60,-330,-433
26,-297,-446
-19,-294,-414
-58,-267,-333
-82,-240,-241
-85,-240,-229
-187,-268,-219
-241,-287,-273
-243,-273,-375
-214,-235,-472
-214,-208,-601
-248,-193,-766
-176,-122,-723
-193,-73,-672
-235,-49,-672
-229,-33,-702
-176,-21,-730
-134,-15,-775
-117,-10,-839
-111,21,-838
-108,56,-760
-93,67,-831
-101,72,-916
-148,40,-981
-377,-61,-1011
-820,-187,-973
-1370,-261,-861
-1883,-266,-683
-2084,-165,-521
-1775,79,-433
-1210,314,-404
-709,475,-398
-247,645,-466
168,930,-703
592,1375,-1131
1039,1868,-1639
1472,2177,-2102
1606,2247,-2435
1440,2084,-2718
1028,1620,-2949
393,793,-2999
-304,-213,-2815
-824,-1133,-2361
-1026,-1785,-1789
-993,-2161,-1256
-889,-2320,-830
-830,-2356,-587
-802,-2282,-558
-676,-2007,-533
-481,-1566,-611
-280,-1063,-824
-116,-592,-926
-51,-219,-969
-106,1,-1067
-48,119,-1240
196,232,-1479
498,335,-1784
718,383,-2085
788,315,-2318
707,104,-2484
495,-174,-2760
383,-493,-2942
498,-770,-2740
612,-957,-2544
731,-1018,-2460
829,-986,-2412
836,-910,-2368
768,-816,-2327
652,-722,-2278
515,-628,-2316
461,-502,-2475
488,-326,-2693
590,-155,-2834
699,-60,-2907
795,-66,-2836
908,-236,-2779
1023,-455,-2927
1252,-660,-2982
1596,-943,-3005
2115,-1331,-2962
2426,-1620,-2984
2294,-1641,-3034
1982,-1439,-3093
1709,-1074,-3169
1558,-659,-3224
1485,-286,-3255
1400,2,-3282
1266,207,-3298
1111,345,-3298
970,466,-3276
872,591,-3241
826,720,-3206
806,847,-3157
796,953,-3105
814,1037,-3060
834,1096,-3013
848,1127,-2978
854,1147,-2946
853,1151,-2905
842,1131,-2852
824,1071,-2781
787,996,-2709
752,913,-2639
738,847,-2583
765,794,-2556
811,744,-2545
840,695,-2548
859,653,-2551
878,623,-2565
898,616,-2581
915,624,-2601
916,636,-2638
883,652,-2680
824,677,-2729
773,714,-2780
732,762,-2824
707,813,-2856
693,871,-2879
698,925,-2885
720,960,-2880
771,976,-2861
864,984,-2817
950,955,-2802
972,877,-2798
952,780,-2774
927,690,-2738
895,628,-2702
864,618,-2645
853,676,-2561
857,749,-2494
815,813,-2465
734,870,-2435
643,920,-2396
554,951,-2344
473,988,-2278
422,1032,-2191
405,1073,-2097
409,1102,-1995
418,1102,-1899
431,1076,-1808
453,1015,-1730
482,920,-1659
502,823,-1587
533,757,-1514
582,734,-1437
607,723,-1361
602,721,-1276
571,703,-1177
488,657,-1076
345,597,-966
174,533,-847
19,484,-723
-93,461,-598
-164,448,-480
-190,437,-383
-148,433,-299
-63,413,-247
45,375,-232
143,336,-245
218,309,-268
292,306,-296
372,300,-336
448,271,-405
526,229,-511
628,216,-645
756,271,-773
881,404,-866
977,586,-909
1014,765,-918
963,875,-904
862,873,-896
729,770,-913
587,630,-930
485,517,-925
418,448,-890
338,388,-844
207,306,-792
18,226,-732
-171,136,-696
-336,45,-673
-478,-25,-641
-604,-91,-590
-703,-174,-547
-762,-265,-528
-778,-363,-528
-785,-396,-464
-854,-312,-346
-978,-182,-255
-1112,-84,-224
-1201,-54,-213
-1225,-74,-209
-1230,-129,-160
-1257,-178,-99
-1291,-214,-63
-1284,-221,-33
-1243,-209,1
-1176,-199,19
-1103,-197,21
-1019,-215,18
-973,-236,3
-970,-235,-16
-932,-186,-21
-831,-88,20
-687,46,83
-543,171,126
-428,265,154
-339,303,159
-282,318,146
-76,339,76
116,171,-90
-272,-174,-193
-748,-311,-269
-733,-168,-389
-397,294,-442
210,722,-541
484,803,-602
247,564,-605
-229,260,-575
-568,138,-533
-579,118,-506
-485,66,-473
-468,-73,-426
-496,-234,-356
-509,-328,-275
-435,-369,-188
-301,-396,-130
-208,-382,-77
-176,-348,-49
-177,-311,-26
-216,-247,-17
-275,-157,-15
-341,-55,-19
-390,47,-31
-427,135,-45
-469,195,-52
-509,194,-61
-552,142,-95
-606,97,-138
-632,74,-171
-639,72,-175
-622,62,-164
-599,45,-138
-595,30,-101
-593,7,-62
-570,-18,-43
-544,-45,-39
-530,-76,-50
-505,-95,-62
-425,-81,-61
-311,-41,-44
-221,-15,-52
-190,-28,-79
-261,-36,-76
-334,-5,-24
-374,59,66
-388,142,166
-387,209,244
-384,234,301
-377,222,341
-355,196,371
-336,150,393
-324,89,398
-310,20,395
-296,-49,378
-289,-110,348
-293,-168,312
-305,-214,265
-298,-240,217
-271,-236,168
-236,-208,112
-203,-177,54
-177,-132,2
-156,-77,-46
-132,-31,-81
-107,11,-120
-78,43,-147
-44,66,-164
-20,83,-168
2,86,-167
21,74,-167
33,66,-162
32,57,-145
19,40,-127
-3,24,-110
-29,13,-92
-56,8,-77
-85,-7,-68
-115,-19,-58
-143,-36,-51
-162,-56,-46
-165,-76,-40
-176,-83,-26
-186,-82,-4
-181,-86,10
-181,-88,21
-188,-92,28
-186,-97,34
-179,-96,32
-168,-92,32
-149,-82,33
-134,-74,33
-128,-71,26
-130,-71,17
-132,-67,11
-141,-55,12
-134,-38,10
-129,-34,-14
-139,-44,-35
-159,-56,-50
-182,-65,-66
-179,-52,-55
-179,-46,-61
-178,-38,-60
-170,-26,-53
-160,-21,-51
-149,-16,-51
-140,-9,-52
-132,4,-55
-130,6,-81
-124,1,-98
-79,21,-68
-48,42,-48
-32,45,-40
-41,25,-46
-32,9,-45
-18,-1,-43
17,9,-22
41,16,-18
49,16,-18
56,21,-13
53,25,-13
51,33,-5
43,40,7
41,43,19
44,48,20
47,56,18
42,63,18
42,69,21
44,71,21
45,72,19
55,77,13
21,72,-30
19,64,-43
46,72,-34
70,77,-29
76,71,-21
67,53,-14
57,40,-13
70,30,-8
92,31,-3
95,26,-7
81,22,-6
81,21,1
92,29,3
92,34,7
82,35,5
74,34,1
75,37,7
80,45,14
77,53,24
62,48,15
52,40,7
57,36,6
56,38,2
53,33,-4
44,20,-12
38,5,-13
48,4,-3
55,7,5
39,-7,-9
22,-12,-15
9,-11,-18
-4,-3,-22
-13,3,-24
-16,6,-24
-19,16,-28
-30,15,-32
-40,17,-29
-42,27,-33
-37,33,-36
-32,39,-32
-33,43,-28
-36,41,-24
-41,41,-22
-42,41,-21
-42,38,-16
-56,30,-27
-85,14,-55
-96,-6,-63
-61,5,-33
-30,15,3
-34,12,21
-57,-8,22
-69,-13,20
-62,-8,19
-49,6,19
-39,16,15
-36,19,13
-37,23,10
-37,21,10
-37,18,9
-36,18,11
-31,19,9
-31,21,9
-29,19,3
-25,22,-1
-26,26,-5
-26,26,-7
-25,30,-9
-24,34,-12
-22,39,-11
-24,40,-14
-22,44,-15
-26,42,-13
-31,40,-13
-34,41,-11
-33,39,-6
-33,38,-6
-33,36,-8
-30,29,-6
-31,26,-5
-36,25,-1
-36,27,2
-38,27,2
-35,26,2
-36,29,1
-37,31,1
-38,35,4
-38,36,4
-38,39,3
-34,42,0
-28,41,-2
-25,43,-1
-24,41,-3
-30,39,-3
-31,41,-2
-23,36,-1
-25,32,2
-28,27,7
-27,22,9
-21,22,11
-18,18,11
-17,14,11
-15,19,9
-11,17,4
-8,17,4
-10,15,4
-6,14,0
-3,13,-2
-8,16,-4
-11,21,-6
-14,22,-10
-19,20,-6
-20,16,-6
-20,16,-11
-23,16,-11
-29,19,-11
-30,19,-13
-29,21,-10
-33,25,-9
-37,31,-8
-40,31,-9
-30,30,-11
-21,32,-10
-25,26,-11
-33,24,-9
-37,23,-6
-41,24,0
-41,22,7
-34,23,7
-32,27,3
-28,23,1
-27,21,3
-25,22,1
-22,24,-1
-31,26,-1
-32,29,-1
-30,27,1
-29,26,1
-31,31,4
-27,37,7
-24,41,9
-25,40,5
-24,39,3
-23,37,8
-17,36,9
-12,37,8
-8,29,5
-9,24,7
-11,21,5
-10,21,2
-7,21,0
-8,21,-3
-10,20,0
-14,26,-1
-11,29,-5
-9,28,-8
-11,27,-6
-11,31,-6
-16,32,-7
-21,29,-10
-23,29,-12
-24,31,-7
-24,33,-5
-22,30,-1
-21,30,2
-20,29,1
-20,26,1
-16,24,-1
-17,27,0
-18,31,0
-15,33,-3
-13,29,-10
-13,30,-11
-15,28,-9
-14,22,-10
-8,18,-13
-8,17,-14
-10,18,-12
-15,12,-14
-14,4,-16
-8,-2,-12
-2,-9,-14
-6,-15,-9
-9,-13,1
-20,-5,4
-32,-3,4
-44,2,-1
-52,8,-7
-49,12,-11
-43,16,-14
-46,21,-16
-58,24,-18
-66,30,-21
-70,34,-25
-72,39,-24
-76,43,-23
-76,41,-24
-76,35,-23
-73,30,-20
-69,30,-21
-63,22,-20
-57,20,-22
-53,20,-26
-57,17,-29
-57,12,-28
-58,6,-27
-57,5,-30
-55,5,-33
-53,3,-31
-52,9,-30
-50,13,-31
-55,15,-31
-56,18,-30
-56,22,-31
-55,22,-34
-53,22,-31
-52,25,-31
-53,27,-32
-50,27,-30
-50,31,-33
-49,28,-36
-50,32,-37
-53,30,-39
-53,30,-39
-54,25,-41
-54,24,-41
-52,26,-34
-53,28,-31
-54,28,-29
-55,28,-26
-56,33,-23
-56,36,-22
-51,37,-22
-46,39,-18
-37,37,-16
-37,38,-13
-32,30,-12
-31,27,-8
-26,23,-3
-19,16,-3
-16,9,-2
-15,4,0
-13,0,-1
-13,-3,-2
-13,2,-4
-21,5,-7
-29,10,-6
-33,15,-6
-39,24,-8
-43,29,-8
-47,40,-8
-45,47,-11
-50,48,-13
-51,48,-10
-50,49,-10
-50,49,-12
-50,48,-12
-42,46,-12
-41,43,-14
-38,35,-14
-33,27,-11
-32,25,-9
-35,18,-5
-28,13,-5
-25,13,0
-24,12,4
-23,9,7
-24,7,8
-27,5,12
-26,4,9
-26,4,12
-27,7,9
-25,4,7
-26,7,7
-24,10,1
-28,6,1
-32,6,3
-35,9,0
-41,12,-1
-44,17,1
-48,18,-3
-47,21,-5
-47,25,-2
-46,26,-5
-44,28,-7
-44,32,-9
-42,34,-7
-41,33,-10
-37,32,-11
-32,30,-12
-27,25,-9
-24,21,-9
-24,16,-8
-25,12,-6
-25,5,-5
-25,5,-4
-18,5,-1
-16,8,2
-16,10,1
-17,14,0
-17,17,-1
-19,18,1
-20,20,1
-21,21,1
-25,22,0
-25,21,4
-22,21,2
-29,21,3
-32,21,4
-28,22,3
-27,23,5
-31,24,6
-30,25,7
-26,25,4
-24,24,0
-23,21,-1
-22,21,-1
-19,21,0
-17,20,1
-17,19,1
-13,17,4
-15,17,4
-11,21,3
-8,23,4
-12,25,4
-7,24,4
-5,22,3
-5,23,5
-4,24,5
-10,23,5
-11,24,7
-11,21,10
-13,18,9
-13,19,8
-16,20,4
-15,18,2
-12,21,3
-14,25,3
-13,29,1
-9,29,-2
-8,29,0
-8,26,0
-10,28,1
-16,26,2
-21,23,2
-19,23,4
-16,23,4
-19,28,4
-16,28,5
-17,30,3
-19,29,2
-18,30,4
-15,33,5
-15,33,5
-17,30,2
-15,29,5
-15,30,6
-11,29,4
-10,30,4
-10,30,5
-7,27,6
-10,26,7
-12,27,6
-11,27,10
-7,27,11
-6,28,13
-7,31,14
-7,33,13
-11,35,11
-9,32,14
-7,32,13
-6,32,11
-7,28,14
-7,26,11
-9,26,11
-10,25,12
-5,24,10
-4,22,11
-10,19,11
-9,18,11
-9,14,12
-8,14,13
-9,13,15
-5,11,15
0,14,15
2,20,14
1,22,14
-6,19,13
-14,17,15
-16,16,15
-14,18,18
-12,19,18
-9,22,15
-7,20,15
-11,18,17
-9,16,16
-3,19,18
5,19,17
3,21,16
3,24,14
2,24,17
2,23,18
2,24,17
1,21,16
0,22,16
-2,24,17
-1,20,14
-4,19,13
-6,23,17
-6,23,18
-6,21,16
-3,24,18
-3,23,19
-1,26,18
-1,27,19
-3,26,25
-3,27,24
6,26,21
16,31,19
18,25,16
15,25,19
11,26,18
12,23,19
12,23,19
11,22,20
11,22,24
11,23,23
11,26,20
9,26,19
8,27,20
8,27,18
8,20,14
7,18,14
5,24,13
11,21,11
14,21,10
13,21,9
12,21,12
14,22,11
17,27,14
17,23,13
17,22,11
15,23,11
16,20,10
18,19,17
19,15,18
15,18,15
14,23,14
15,27,15
10,27,20
6,31,23
6,29,25
10,28,25
11,31,29
14,32,30
15,33,28
15,35,26
14,36,25
10,31,23
10,26,22
7,26,23
10,25,24
18,26,22
14,26,25
8,25,22
3,27,22
-3,25,19
-2,28,16
0,30,16
-2,32,12
0,33,12
-3,34,13
-4,32,13
-4,30,15
-5,30,13
-2,28,15
-6,25,14
-8,27,13
-5,24,12
-12,19,14
-18,16,16
-17,16,20
-16,12,17
-16,13,16
-16,15,18
-21,13,16
-20,9,15
-23,5,13
-25,10,15
-24,9,9
-22,9,7
-23,7,5
-25,7,1
-28,8,1
-28,10,-4
-32,12,-6
-32,11,-7
-35,11,-7
-36,9,-8
-36,13,-8
-37,10,-7
-41,14,-6
-46,10,-9
-47,9,-9
-46,6,-5
-48,2,-6
-47,4,-7
-42,5,-11
-41,8,-11
-41,7,-11
-41,9,-12
-40,13,-12
-38,13,-10
-37,15,-17
-37,13,-16
-37,11,-11
-39,6,-10
-38,11,-9
-37,14,-12
-39,14,-11
-39,13,-6
-38,12,-6
-39,18,-4
-38,20,-3
-38,19,-3
-33,18,-2
-34,14,-2
-32,14,-3
-29,15,-2
-26,13,-2
-28,12,-4
-23,11,-6
-26,12,-8
-27,16,-11
-20,18,-12
-24,19,-10
-29,19,-13
-30,22,-10
-34,23,-10
-35,26,-12
-37,28,-10
-37,25,-3
-34,23,-4
-35,19,0
-33,20,-1
-30,21,-1
-28,16,1
-24,18,-2
-22,19,-5
-22,22,-6
-25,16,-3
-24,17,-1
-25,19,-1
-30,21,-1
-28,26,-2
-27,28,-2
-26,35,2
-27,38,3
-30,35,6
-30,35,3
-33,33,2
-32,30,4
-32,33,5
-37,30,2
-38,24,1
-40,17,3
-40,18,2
-38,20,2
-33,22,1
-34,21,-1
-36,19,1
-33,18,1
-32,20,-3
-33,20,-6
-34,21,-10
-31,19,-12
-30,20,-9
-26,23,-10
-29,20,-14
-28,21,-11
-29,22,-11
-30,20,-9
-27,18,-9
-31,20,-9
-29,20,-8
-30,21,-4
-30,16,-4
-30,12,-4
-30,10,-4
-34,10,-2
-37,9,-1
-34,14,-2
-31,14,0
-36,17,1
-35,16,2
-32,19,0
-31,20,-3
-33,21,-3
-31,21,-1
-29,19,-4
-34,23,-4
-35,24,-6
-33,27,-5
-27,26,-5
-25,24,-6
-27,19,-5
-28,21,-4
-31,18,-2
-31,20,-1
-26,21,-3
-27,22,-1
-28,22,-2
-29,23,0
-28,21,-2
-27,24,-5
-22,27,-6
-18,28,-6
-19,27,-5
-23,28,-6
-21,30,-7
-23,28,-7
-21,27,-6
-25,27,-6
-23,26,-2
-24,26,-1
-24,26,-1
-25,24,1
-27,20,4
-29,23,4
-25,24,1
-23,24,0
-21,29,0
-22,30,0
-24,29,1
-28,27,-3
-28,30,-2
-24,25,-1
-25,24,-3
-27,20,-3
-24,21,-4
-19,21,-4
-22,23,-4
-23,24,-8
-20,24,-7
-26,23,-3
-27,23,-2
-29,23,3
-30,19,5
-35,21,6
-35,21,4
-35,26,3
-32,26,1
-34,24,2
-39,31,1
-39,32,-5
-39,26,-4
-38,28,-6
-36,27,-7
-34,29,-7
-35,30,-3
-32,30,-3
-33,28,-2
-33,28,-2
-37,27,0
-38,27,2
-38,28,0
-40,28,3
-45,29,0
-42,32,-3
-39,32,-1
-40,33,-2
-42,36,-2
-40,36,-1
-36,36,1
-34,40,-2
-33,38,-5
-30,40,-3
-32,41,-2
-35,38,-4
-32,39,-1
-31,39,0
-28,39,-2
-31,37,-3
-31,36,3
-30,35,1
-28,33,-1
-33,30,-2
-33,30,-3
-31,26,-2
-28,26,-1
-25,29,-2
-18,28,-4
-16,29,-4
-21,27,0
-21,28,2
-16,27,0
-16,26,-1
-16,25,-1
-23,22,0
-26,18,-2
-28,21,-3
-23,22,0
-21,19,-3
-24,18,-2
-24,15,0
-26,15,-1
-27,17,-3
-25,19,-1
-22,21,-1
-23,19,1
-25,22,1
-25,24,1
-24,27,3
-21,25,1
-19,26,1
-22,27,-3
-23,25,-3
-26,24,-1
-29,23,-1
-27,21,0
-28,23,1
-28,19,0
-27,20,-2
-28,19,2
-27,26,-1
-29,28,2
-31,29,4
-30,32,3
-22,31,2
-22,31,-1
-15,29,-3
-17,29,1
-16,31,2
-17,31,0
-19,34,-1
-19,32,2
-15,33,3
-16,31,1
-21,28,1
-25,26,1
-24,29,-1
-28,27,-1
-28,26,-3
-28,27,-2
-29,26,-4
-27,25,-2
-29,27,-3
-28,25,-4
-28,26,-2
-23,26,0
-27,25,1
-30,23,2
-29,23,5
-30,24,6
-29,28,2
-28,27,0
-26,29,-4
-24,34,-5
-25,36,-5
-27,37,-4
-30,34,-5
-29,30,-4
-28,29,-6
-32,30,-4
-25,29,-1
-19,27,-4
-16,26,-5
-21,25,-1
-20,22,3
-21,24,3
-21,25,0
-22,25,3
-21,30,3
-19,29,4
-18,30,4
-20,34,3
-25,33,4
-28,29,3
-26,29,5
-23,28,4
-23,30,2
-22,33,2
-26,34,2
-29,29,1
-27,27,0
-23,25,3
-25,21,1
-23,20,-1
-22,21,0
-25,23,3
-21,25,3
-18,28,0
-17,29,2
-20,25,3
-23,24,4
-25,25,3
-25,28,1
-20,29,-1
-17,30,1
-16,27,0
-16,25,-2
-15,24,-1
-11,24,-2
-13,23,0
-12,24,1
-14,22,0
-14,17,0
-13,17,2
-12,15,5
-13,14,6
-11,16,4
-12,21,5
-15,22,3
-13,20,3
-12,21,5
-10,23,4
-10,24,5
-12,24,6
-9,25,7
-7,25,7
-10,21,7
-12,21,11
-10,21,13
-10,21,11
-13,20,11
-14,22,11
-14,23,10
-16,21,9
-15,26,11
-14,29,15
-16,29,13
-16,30,10
-16,33,11
-16,36,10
-13,36,8
-11,38,8
-9,37,10
-6,35,8
-5,31,8
-4,26,10
1,24,14
3,23,13
4,22,10
5,19,9
7,20,7
9,21,9
6,20,9
6,24,6
1,27,6
-4,33,4
-4,34,3
-5,35,5
-4,37,4
-4,34,2
-5,35,3
-8,30,3
-8,27,7
-7,26,6
-8,22,7
-5,19,7
-3,16,3
-6,16,1
-9,17,1
-11,16,0
-12,22,1
-12,23,2
-16,23,4
-17,25,6
-17,25,7
-16,28,11
-15,25,13
-16,25,14
-16,24,15
-15,27,15
-13,31,16
-13,33,16
-15,32,16
-16,31,14
-13,29,12
-12,26,15
-8,30,17
-12,27,17
-14,26,18
-12,27,19
-17,27,13
-18,28,12
-18,26,12
-18,28,12
-13,30,11
-12,27,11
-16,28,8
-16,28,9
-13,25,11
-13,22,8
-9,24,9
-8,26,9
-8,26,5
-4,25,6
-4,25,3
-3,22,6
-4,25,6
-8,28,9
-9,26,9
-7,24,8
-6,24,7
-8,25,10
-9,19,11
-12,17,9
-14,18,11
-12,16,10
-11,17,11
-11,17,13
-10,17,15
-8,18,13
-6,22,13
-10,25,9
-6,28,11
-8,27,11
-5,29,5
-2,30,8
-3,28,8
-6,29,5
-7,28,9
-7,27,8
-5,28,8
-8,26,12
-11,27,14
-12,25,12
-13,23,13
-10,25,15
-12,27,14
-14,26,15
-14,28,16
-13,22,12
-10,24,9
-8,32,10
-9,34,12
-9,35,12
-7,33,13
-6,32,10
-3,33,11
-7,34,11
-7,32,11
-6,29,10
-1,28,9
-3,28,9
-6,24,11
-5,21,10
-8,21,8
-8,19,7
-12,21,8
-8,22,8
-7,24,6
-8,24,5
-15,25,6
-19,25,6
-17,26,6
-13,30,7
-12,29,4
-12,27,3
-15,25,4
-22,22,3
-22,19,6
-17,17,7
-13,18,6
-15,17,5
-17,16,6
-16,16,3
-13,17,-2
-13,20,-2
-15,20,-2
-18,21,0
-16,23,3
-18,23,5
-16,23,7
-18,24,7
-13,27,10
-14,28,12
-16,29,10
-21,25,9
-25,25,9
-21,28,6
-25,29,5
-24,29,4
-23,30,6
-27,29,8
-28,25,10
-32,22,10
-35,24,7
-32,23,5
-28,24,3
-25,24,5
-20,25,4
-20,27,-1
-20,29,-1
-18,30,0
-18,29,-1
-20,25,-3
-23,23,-1
-19,24,-4
-18,23,-4
-17,24,-4
-16,22,-4
-18,21,1
-24,17,3
-25,13,-2
-26,8,-2
-25,10,-4
-29,11,-1
-30,9,-4
-32,5,-6
-31,7,-4
-28,7,-3
-21,11,-1
-24,16,-1
-26,19,-1
-27,17,-2
-26,20,-1
-27,20,-3
-26,27,-2
-27,28,-1
-23,24,-2
-25,27,-2
-28,27,-5
-32,27,-4
-32,25,-1
-31,24,2
-34,22,7
-37,19,4
-31,20,0
-23,15,-1
-27,14,2
-30,15,3
-27,14,2
-30,17,3
-30,21,2
-29,21,2
-30,26,0
-27,29,1
-24,31,0
-26,30,-1
-31,26,-1
-31,23,1
-30,23,-1
-30,26,-1
-24,27,0
-24,25,2
-29,24,-2
-31,22,-2
-29,19,2
-27,17,0
-26,15,2
-25,17,1
-24,16,-1
-21,19,-2
-18,20,-1
-16,25,-2
-17,25,-2
-16,25,-7
-21,25,-8
-21,26,-11
-21,28,-10
-20,28,-12
-19,28,-12
-19,25,-14
-23,19,-10
-32,16,-9
-37,9,-6
-39,9,-5
-40,9,-4
-37,8,-3
-37,11,-3
-38,11,-1
-35,12,-2
-31,13,1
-29,19,-2
-28,20,-1
-28,23,1
-27,23,3
-27,21,3
-27,25,0
-26,27,2
-26,27,0
-23,27,-2
-20,29,0
-19,30,1
-15,30,3
-19,29,3
-24,28,7
-24,27,6
-22,24,4
-17,23,6
-16,21,4
-18,21,4
-17,20,7
-15,23,7
-12,23,8
-15,24,5
-11,23,5
-10,25,7
-8,26,8
-9,28,11
-7,27,9
-5,32,6
-5,35,6
-3,35,5
-6,34,7
-5,35,5
-3,35,5
-5,31,0
-4,27,0
-4,25,-1
-10,27,-3
-9,26,-1
-8,24,-1
-10,24,-3
-16,21,-2
-18,20,-4
-20,17,-2
-23,15,-1
-25,19,-1
-30,20,0
-28,21,-3
-28,16,-3
-29,18,-1
-26,23,0
-28,22,-1
-34,20,0
-33,21,-1
-31,22,-3
-30,19,-1
-33,17,-1
-35,18,-4
-38,22,-7
-38,22,-6
-34,20,-2
-32,20,-2
-29,20,-1
-33,19,0
-38,17,1
-38,17,1
-40,19,1
-39,22,1
-38,19,1
-37,22,-3
-37,24,0
-38,21,0
-39,18,-2
-39,19,-2
-41,19,-4
-38,17,-3
-35,17,0
-32,19,-3
-33,21,-4
-29,19,-3
-29,23,-1
-29,25,-2
-26,27,-4
-24,27,-1
-25,28,-2
-26,29,-1
-25,25,0
-25,23,2
-23,20,0
-23,20,-2
-25,22,-3
-23,21,-1
-22,19,-1
-22,18,-2
-20,23,-5
-23,21,-2
-22,23,-3
-24,21,-4
-22,22,0
-26,21,-2
-27,18,-1
-23,22,0
-19,26,1
-17,29,-2
-17,33,-5
-13,31,-7
-13,33,-7
-13,34,-6
-16,30,-6
-17,28,-5
-16,32,-3
-14,35,-4
-17,33,-8
-14,35,-5
-11,36,-1
-11,32,-2
-13,30,-3
-16,32,0
-18,33,-1
-17,31,-4
-19,31,-4
-26,33,-1
-30,27,1
-33,25,3
-31,26,3
-29,26,0
-30,27,-2
-30,23,5
-36,17,7
-34,13,5
-36,16,7
-31,16,10
-27,14,7
-27,17,6
-28,20,4
-23,23,5
-24,27,4
-20,29,4
-19,30,2
-19,33,2
-24,32,-2
-20,30,-2
-17,31,0
-15,30,0
-21,28,2
-19,25,3
-17,26,0
-19,26,0
-23,26,-1
-26,22,-1
-27,23,1
-23,22,0
-23,22,0
-24,18,2
-26,18,3
-28,20,1
-27,26,-1
-24,27,3
-17,28,3
-21,27,2
-24,27,2
-24,22,3
-23,18,3
-24,15,2
-27,17,2
-21,16,1
-19,20,3
-13,23,5
-8,26,3
-15,24,2
-14,23,5
-16,25,5
-11,28,7
-12,26,7
-16,27,5
-15,28,5
-17,29,7
-15,30,3
-16,32,1
-18,27,5
-20,23,2
-18,22,0
-16,25,2
-15,23,4
-15,23,7
-15,19,4
-12,25,5
-13,22,8
-12,19,9
-14,17,10
-16,19,10
-12,20,11
-13,26,9
-16,24,9
-16,25,6
-18,21,8
-19,19,5
-21,18,3
-14,17,3
-15,16,5
-14,17,5
-9,13,2
-6,12,2
-5,13,4
-7,17,3
-9,20,1
-3,21,1
2,24,5
4,22,7
3,20,5
-1,20,8
4,19,8
5,19,6
8,26,10
12,24,8
15,23,3
16,23,3
18,21,2
26,20,1
30,21,1
30,18,4
32,20,2
33,19,2
36,22,6
34,25,5
33,26,6
31,26,11
26,28,13
22,26,12
22,26,13
22,26,12
17,26,14
15,28,15
12,27,14
11,29,13
10,32,16
3,28,17
0,24,16
0,25,17
-1,28,17
1,29,18
3,29,17
-4,29,12
-8,27,13
-14,29,17
-12,33,14
-9,34,12
-8,33,14
-7,33,13
-4,25,13
1,26,12
-1,28,8
0,25,12
-4,25,9
0,24,5
1,25,3
0,21,3
3,20,2
2,22,4
-4,18,4
-4,11,5
-5,11,7
-8,14,10
-7,14,12
-7,11,11
-6,11,9
-8,18,7
-9,19,10
-10,19,11
-6,24,12
-13,25,10
-11,26,7
-11,27,5
-8,29,4
-11,29,6
-9,24,7
-7,26,11
-5,24,9
-4,23,10
-6,22,11
-7,21,13
-11,23,11
-15,21,11
-16,22,12
-15,23,10
-12,23,12
-12,25,10
-16,28,12
-14,28,14
-12,24,13
-12,25,11
-10,25,12
-13,24,11
-12,25,9
-11,27,7
-8,28,6
-10,28,8
-11,29,9
-10,31,10
-8,32,13
-11,26,11
-12,27,7
-9,25,8
-7,25,7
-7,28,8
-5,27,10
-6,25,10
-4,23,8
-9,23,10
-12,21,11
-11,20,11
-10,21,11
-8,22,6
-7,22,4
-12,23,0
-12,24,2
-16,24,2
-16,27,3
-12,28,2
-9,28,5
-9,27,9
-16,23,8
-21,21,12
-14,23,14
-12,24,11
-12,23,7
-16,23,7
-17,17,9
-19,15,7
-20,18,6
-19,20,5
-15,19,4
-19,20,5
-19,22,7
-17,27,8
-17,30,8
-14,32,9
-14,32,8
-9,32,10
-4,36,11
-1,37,11
-3,36,9
-7,34,10
-9,29,12
-10,30,8
-14,32,4
-16,28,4
-11,28,7
-9,28,6
-10,30,4
-13,29,7
-14,28,6
-14,23,4
-12,25,5
-9,28,0
-8,25,5
-2,29,8
1,30,1
-3,32,3
-4,24,6
-12,22,6
-19,20,7
-18,19,6
-12,21,4
-17,23,2
-19,21,2
-19,17,3
-22,14,1
-20,18,3
-20,18,0
-20,21,0
-19,19,0
-21,21,0
-20,22,0
-24,21,-5
-28,19,-7
-32,18,-2
-26,23,-4
-24,18,-5
-27,15,-5
-26,20,-5
-29,22,-4
-28,21,-2
-28,20,-3
-26,20,-3
-29,17,-2
-30,16,-1
-32,14,0
-35,14,2
-33,12,-1
-31,18,1
-27,23,-2
-29,21,2
-30,19,2
-29,22,4
-24,26,3
-21,26,3
-26,26,0
-28,24,1
-27,22,-3
-30,19,-3
-24,20,-3
-26,22,-2
-28,25,-1
-30,24,2
-32,21,1
-33,21,-2
-32,20,0
-34,19,-1
-31,22,2
-27,23,3
-23,24,3
-24,25,4
-24,27,6
-22,28,4
-23,25,5
-24,26,5
-23,30,6
-21,31,1
-19,31,2
-17,28,3
-19,26,1
-17,29,1
-18,27,-1
-17,24,-2
-17,23,-1
-18,25,-1
-22,24,-3
-27,25,-4
-28,24,-2
-23,25,-4
-22,26,-6
-30,24,-3
-35,17,1
-34,11,2
-31,11,-1
-25,14,2
-25,18,-1
-30,19,-1
-28,19,-2
-26,20,-1
-23,23,-1
-28,24,-4
-30,21,-4
-30,24,-1
-31,25,0
-33,23,0
-36,24,0
-33,23,3
-32,22,7
-32,26,5
-35,26,3
-36,24,5
-36,25,5
-37,26,6
-33,26,3
-32,26,1
-33,29,2
-36,33,1
-35,31,1
-34,27,-1
-34,25,-1
-34,26,0
-33,20,-1
-33,18,0
-37,16,1
-40,13,5
-37,10,7
-33,14,7
-35,12,4
-34,17,3
-32,17,2
-32,17,3
-32,19,6
-30,23,4
-32,23,6
-30,17,4
-32,20,2
-33,18,1
-34,19,2
-37,15,3
-38,10,5
-38,5,4
-39,2,4
-39,-2,6
-43,-3,8
-49,-1,7
-45,4,10
-49,8,9
-54,13,7
-55,13,10
-55,12,9
-59,17,11
-62,16,11
-62,15,11
-61,18,11
-67,20,9
-68,21,8
-66,23,7
-61,22,7
-58,21,9
-52,21,10
-47,17,9
-43,15,8
-41,12,8
-34,18,8
-30,17,6
-25,20,7
-23,19,9
-16,20,6
-9,22,5
-8,23,3
-5,28,3
-4,30,2
-4,27,1
-5,28,2
-5,26,3
-6,27,1
-8,24,2
-8,24,2
-14,26,2
-13,27,1
-10,30,0
-12,29,1
-9,29,2
-10,26,2
-6,27,5
-4,26,6
-4,30,4
-3,30,2
-5,28,6
-4,26,6
-1,23,5
-6,21,7
-11,19,5
-12,18,4
-15,20,3
-15,22,5
-12,23,5
-14,24,5
-15,26,1
-22,29,-1
-26,33,-1
-26,35,-7
-26,33,-8
-27,33,-6
-34,30,-1
-42,23,0
-40,20,-1
-31,20,1
-27,20,3
-24,18,0
-26,20,-4
-28,21,-1
-29,24,0
-29,21,-1
-29,21,1
-32,22,2
-31,21,4
-36,20,4
-34,21,4
-39,21,3
-40,22,5
-38,25,4
-34,26,4
-32,29,5
-31,30,4
-38,26,4
-37,28,4
-40,26,4
-39,24,4
-33,25,3
-27,26,6
-32,25,4
-30,28,3
-25,28,0
-21,26,4
-19,26,3
-20,28,3
-25,27,4
-32,29,4
-28,29,2
-26,34,-1
-18,34,-3
-22,31,-3
-25,29,-2
-22,28,1
-23,23,0
-19,24,1
-18,23,0
-18,20,-4
-17,20,-5
-17,22,-4
-15,26,-6
-20,25,-3
-23,25,-1
-24,22,-4
-21,18,-5
-25,18,-6
-21,20,-3
-23,21,-4
-28,27,-1
-31,29,2
-33,27,2
-35,28,1
-38,30,3
-39,29,1
-41,25,3
-37,22,4
-36,22,5
-34,24,1
-33,25,1
-31,23,-1
-29,22,-1
-27,23,1
-24,26,1
-24,27,-2
-17,25,0
-14,25,-2
-14,24,-2
-15,26,-1
-19,28,2
-18,32,1
-22,33,1
-29,30,3
-35,28,4
-34,26,0
-33,24,1
-35,22,0
-33,25,-2
-34,26,-4
-32,27,-3
-29,27,-3
-28,28,-4
-27,28,-4
-28,25,-4
-30,24,-5
-24,23,-5
-23,23,-3
-26,24,-5
-26,25,-5
-25,28,-5
-29,27,-2
-34,28,0
-31,27,1
-28,24,3
-30,24,1
-31,20,-1
-33,21,1
-33,21,3
-34,22,2
-34,24,-2
-32,24,-1
-33,24,-3
-34,26,-3
-32,26,1
-25,24,1
-12,24,0
-10,21,-5
-12,23,-3
-12,25,-2
-7,24,-3
-4,26,-3
-1,29,0
-9,29,0
-10,25,5
-19,25,7
-23,24,8
-25,23,7
-28,22,6
-34,24,3
-31,27,4
-26,33,0
-27,31,-1
-32,28,2
-32,26,2
-34,26,2
-34,22,3
-26,19,2
-18,19,0
-12,22,4
-10,24,4
-12,24,7
-9,24,8
-8,27,8
-4,27,7
-2,27,6
-8,28,4
-9,27,4
-8,28,8
-10,29,8
-11,27,7
-14,28,9
-15,29,9
-15,30,13
-13,32,13
-17,36,13
-19,34,11
-18,35,12
-17,37,12
-13,35,13
-16,31,14
-21,31,13
-20,29,15
-16,27,12
-7,28,9
-1,24,7
-6,22,10
-2,22,13
1,21,10
-1,19,7
-1,14,9
0,18,10
-5,17,10
-9,19,6
-15,20,7
-14,20,8
-12,19,8
-10,15,7
-11,19,7
-13,19,8
-13,14,10
-15,13,14
-15,8,13
-16,12,13
-14,14,13
-10,17,10
-13,21,11
-13,23,12
-12,24,8
-16,25,9
-15,26,10
-19,23,13
-21,23,11
-22,25,13
-23,24,14
-22,23,15
-26,24,15
-22,22,14
-25,19,13
-27,17,16
-25,19,15
-28,19,16
-29,21,16
-27,25,14
-26,26,15
-26,24,16
-26,25,14
-26,20,13
-27,18,16
-22,17,14
-24,16,11
-23,13,12
-24,15,10
-22,18,9
-22,19,9
-27,22,8
-27,26,8
-26,28,11
-23,30,11
-24,28,15
-20,27,15
-22,25,14
-22,21,14
-26,23,14
-26,25,15
-21,21,15
-18,18,13
-15,18,13
-9,19,12
-9,22,11
-4,24,10
-2,25,13
-2,26,12
0,26,11
3,24,9
6,27,10
2,32,5
5,32,5
-2,35,6
-2,33,6
-3,34,4
-7,36,1
-8,35,0
-10,37,4
-11,37,5
-11,34,4
-13,31,8
-20,23,11
-21,18,12
-17,16,12
-16,13,9
-17,12,7
-15,11,8
-15,15,10
-11,20,8
-11,21,6
-7,25,6
-5,27,2
-4,32,4
-7,35,6
-7,34,9
-5,33,14
-6,32,15
-9,31,14
-11,33,15
-7,31,18
-10,29,20
-12,26,21
-16,23,19
-18,20,17
-21,20,17
-19,25,15
-15,25,14
-10,24,11
-9,31,10
-9,32,12
-9,31,11
-10,34,10
-12,30,7
-11,29,9
-11,28,12
-11,27,13
-13,29,12
-16,33,13
-13,30,10
-12,25,11
-12,26,12
-17,25,11
-23,25,8
-25,25,8
-18,24,9
-17,19,6
-16,17,5
-18,14,7
-18,15,5
-14,16,2
-16,18,4
-18,16,6
-19,17,6
-19,18,9
-17,18,8
-16,19,7
-11,23,7
-11,25,8
-14,22,11
-13,28,11
-14,27,10
-20,25,9
-20,26,9
-19,25,12
-16,23,13
-18,21,9
-18,21,9
-13,24,8
-13,23,6
-16,20,6
-23,20,5
-21,20,5
-22,23,7
-26,24,6
-19,25,10
-13,25,8
-12,25,8
-11,24,7
-11,23,9
-15,23,9
-12,25,7
-13,24,2
-12,24,3
-18,23,4
-18,24,2
-21,27,-2
-22,23,-3
-24,18,-2
-28,17,-1
-30,17,1
-27,15,-1
-27,16,-4
-29,20,-1
-31,25,1
-37,26,-2
-38,25,1
-35,28,0
-33,27,-4
-34,25,-4
-34,23,-1
-29,22,-1
-28,21,1
-27,22,2
-26,20,-2
-19,20,-3
-16,22,-1
-23,21,3
-25,21,1
-24,19,-2
-20,18,-3
-18,17,0
-22,19,1
-24,18,2
-23,15,2
-24,13,0
-22,17,3
-21,20,2
-19,24,1
-24,23,2
-29,25,1
-31,24,1
-27,26,2
-27,27,1
-29,26,2
-34,21,4
-36,17,7
-32,15,5
-29,15,4
-26,16,4
-20,15,5
-22,18,4
-17,23,0
-14,27,2
-19,24,1
-22,24,1
-20,26,1
-19,29,7
-19,31,8
-21,28,6
-19,30,8
-23,30,7
-22,31,7
-20,31,9
-20,30,9
-22,29,11
-28,27,7
-26,27,10
-27,27,9
-28,27,5
-26,24,4
-26,21,2
-27,21,1
-25,23,0
-24,25,1
-22,25,1
-25,24,0
-29,25,0
-32,25,2
-30,24,-3
-30,26,-4
-33,28,-5
-32,28,-2
-33,28,-1
-35,29,2
-38,29,2
-40,26,1
-38,21,-2
-41,19,-3
-37,18,-2
-36,18,-7
-34,18,-6
-32,18,-8
-36,17,-9
-40,15,-11
-42,15,-9
-38,16,-8
-37,18,-7
-33,19,-11
-35,19,-12
-39,21,-9
-40,21,-12
-41,22,-11
-39,19,-8
-36,17,-10
-36,22,-11
-34,23,-10
-32,22,-6
-30,22,-5
-33,20,-2
-35,21,-2
-34,23,1
-35,23,0
-33,24,-2
-30,26,-2
-27,26,0
-29,28,1
-29,27,0
-31,28,1
-26,24,2
-26,26,2
-30,25,2
-29,24,0
-25,25,-2
-19,18,0
-20,18,2
-20,25,0
-19,29,-2
-17,27,1
-18,26,3
-17,28,2
-15,30,3
-18,29,2
-22,28,0
-26,25,-1
-27,26,-2
-28,24,-4
-27,23,-2
-31,23,-4
-32,23,-4
-33,25,-4
-33,24,-4
-32,26,-5
-40,24,-3
-41,23,-3
-39,23,-6
-35,22,-6
-38,22,-3
-36,19,-2
-33,20,-3
-34,22,-1
-40,23,1
-40,24,-1
-38,26,-4
-39,26,-6
-37,25,-3
-37,21,-5
-38,23,-6
-38,19,-2
-37,16,-2
-38,18,-3
-33,19,-5
-27,21,-3
-27,23,-3
-23,24,-7
-27,21,-4
-29,19,-4
-26,21,-7
-23,25,-6
-23,29,-6
-19,27,-8
-17,24,-8
-19,24,-4
-26,24,-3
-31,20,0
-35,19,2
-35,21,1
-33,25,1
-30,27,-2
-29,25,-1
-27,26,-1
-25,26,0
-27,25,-1
-30,24,-4
-29,21,0
-30,23,-2
-32,27,-5
-27,26,-2
-27,27,3
-29,27,1
-30,28,0
-28,29,3
-22,30,2
-28,30,3
-32,29,6
-32,27,6
-31,24,6
-34,25,5
-30,26,4
-27,28,4
-27,26,3
-29,25,5
-31,26,3
-34,28,3
-35,28,3
-31,27,4
-33,26,4
-35,23,1
-33,22,2
-32,20,3
-32,23,2
-31,23,2
-32,25,3
-34,29,0
-31,29,-4
-32,27,-2
-26,25,2
-17,28,1
-21,29,-1
-25,28,0
-24,26,-1
-20,26,1
-24,24,0
-25,21,1
-29,20,1
-31,14,0
-32,17,1
-31,17,1
-31,17,-2
-33,18,0
-33,17,0
-35,14,0
-33,13,2
-33,15,3
-28,16,3
-24,17,2
-20,24,3
-23,32,-1
-27,32,1
-28,35,1
-28,34,0
-25,35,-1
-27,38,0
-25,37,1
-23,33,-1
-24,31,1
-27,33,2
-27,27,1
-25,24,-1
-25,21,-2
-25,17,1
-26,12,2
-27,14,1
-23,16,1
-19,18,3
-15,21,-1
-18,25,4
-21,27,5
-20,29,7
-20,28,4
-20,24,1
-18,24,2
-19,27,3
-21,28,5
-21,30,4
-28,30,2
-32,33,-1
-29,32,1
-30,27,2
-28,24,-1
-25,21,-1
-26,18,2
-27,16,1
-24,15,2
-17,17,3
-15,13,2
-13,14,2
-14,22,5
-15,25,3
-12,27,5
-18,29,6
-22,29,6
-21,27,5
-19,28,6
-19,29,8
-20,29,8
-22,26,5
-26,21,5
-26,17,6
-22,18,9
-23,15,9
-23,14,7
-22,11,7
-21,9,5
-19,11,8
-16,17,7
-11,20,10
-12,22,12
-11,28,14
-13,26,11
-12,28,8
-11,30,9
-12,30,12
-9,30,10
-5,29,8
-7,26,9
-7,27,11
-8,25,8
-9,24,7
-10,23,9
-9,25,11
-9,25,7
-6,23,9
-2,23,11
-6,28,11
