1012.172191978163,25.78790292024613
1012.113057149694,25.78857437849045
1012.191142095387,25.78575425386429
1012.109069340453,25.78709717035294
1012.184102432161,25.79085733652115
1012.074883135703,25.78729860782623
1012.107370768198,25.78958156585694
1012.163676000513,25.78978300333023
1012.19165345532,25.78998444080353
1012.163610801429,25.79193166971207
1012.131770074134,25.78776862859726
1012.12025189745,25.7897158575058
1012.160786870386,25.79099162817001
1012.145981540462,25.79105877399445
1012.095799090581,25.79005158662796
1012.130217106521,25.79032016992569
1012.110512264517,25.79139450311661
1012.127942557882,25.79072304487228
1012.159364437868,25.78924583673477
1012.129456935526,25.79105877399445
1012.139012400629,25.7922002530098
1012.178151929969,25.79246883630752
1012.071253989052,25.7917973780632
1012.133530892282,25.79293885707855
1012.146946563763,25.79005158662796
1012.138403680442,25.79119306564331
1012.104217172266,25.79139450311661
1012.150298976983,25.78978300333023
1012.160840385292,25.79246883630752
1012.158684598846,25.7922002530098
1012.140731676223,25.79226739883423
1012.180480013308,25.79354316949845
1012.164053147268,25.79032016992569
1012.153149639049,25.79146164894104
1012.147819571962,25.79045446157456
1012.160516752279,25.79340887784958
1012.174885644703,25.79314029455185
1012.136446845065,25.79246883630752
1012.148529265751,25.79622900247574
1012.125489808317,25.79213310718536
1012.160258374703,25.7922002530098
1012.150260450821,25.79267027378082
1012.210521645229,25.79542325258255
1012.183072331914,25.79401319026947
1012.150723684313,25.79361031532288
1012.122832120635,25.79381175279617
1012.130231821996,25.79468464851379
1012.099563477071,25.79723618984222
1012.130576179655,25.79629614830017
1012.174416530118,25.79401319026947
1012.204954037686,25.79575898170471
1012.113184521551,25.7940803360939
1012.17003378716,25.79743762731552
1012.18641895707,25.79555754423141
1012.178787499708,25.79421462774277
1012.156279430582,25.79690046072006
1012.053704652656,25.79314029455185
1012.181287843148,25.79609471082688
1012.161933204502,25.7969676065445
1012.139986202772,25.79737048149109
1012.206619717104,25.79434891939163
1012.11964572536,25.79669902324677
1012.119315824344,25.79945200204849
1012.159976340017,25.79824337720871
1012.100694587945,25.7988476896286
1012.130959309034,25.79502037763596
1012.13812141347,25.79723618984222
1012.10734638035,25.79683331489563
1012.161437310806,25.79710189819336
1012.135264821408,25.79737048149109
1012.130008667509,25.80039204359055
1012.144609398834,25.80059348106384
1012.230818300463,25.80079491853714
1012.099821637731,25.79844481468201
1012.146494768754,25.80327931404114
1012.184622653953,25.80126493930817
1012.14970789703,25.8011306476593
1012.170847415426,25.79817623138428
1012.149482354193,25.7988476896286
1012.131092674227,25.79871339797974
1012.15254385445,25.79844481468201
1012.178208639295,25.80193639755249
1012.104999893999,25.80119779348373
1012.146361437909,25.79958629369736
1012.123633517951,25.79817623138428
1012.124719529488,25.80448793888092
1012.158654833595,25.80126493930817
1012.117412036393,25.80220498085022
1012.167456274498,25.8013320851326
1012.160605734201,25.80180210590363
1012.080777930408,25.80200354337692
1012.165386564077,25.80146637678146
1012.143406563788,25.80294358491898
1012.179874507684,25.80052633523941
1012.164210490559,25.80455508470535
1012.154482669881,25.80260785579682
1012.122682621203,25.80354789733887
1012.171841946057,25.805898001194
1012.188836290478,25.80502510547638
1012.14170155703,25.80724091768265
1012.108485417539,25.80462223052978
1012.086742927898,25.80475652217865
1012.094399392301,25.7988476896286
1012.134086179882,25.79246883630752
1012.122645227611,25.78864152431488
1012.158298130553,25.78548567056656
1012.167865031248,25.78300127506256
1012.026908503395,25.78004685878754
1012.1374144591,25.78165835857391
1012.140535140188,25.78091975450516
1012.143590710449,25.78232981681824
1012.101634109085,25.77930825471878
1012.117668222994,25.77762960910797
1012.137690140089,25.77742817163468
1012.187978945399,25.78138977527619
1012.203829428818,25.78253125429153
1012.10972262089,25.78340415000915
1012.0930201046,25.78441133737564
1012.117261793372,25.78615712881088
1012.191486800018,25.78736575365067
1012.131618653948,25.7895144200325
1012.157817439606,25.78998444080353
1012.140969224362,25.79092448234558
1012.139600338303,25.79065589904785
1011.989695193517,25.78756719112396
1012.1567511699,25.78622427463532
1012.147929020069,25.78360558748245
1012.141235855452,25.78051687955856
1012.143590710449,25.78232981681824
1012.122787533743,25.78071831703186
1012.115215688599,25.77903967142105
1012.15164882351,25.7776967549324
1012.201054165254,25.77507806777954
1012.131400953382,25.775615234375
1012.124470432742,25.77386944293976
1012.124033923053,25.77366800546646
1012.138472673338,25.76943781852722
1012.183958976823,25.77118360996246
1012.104827496783,25.76480475664139
1012.162762664454,25.76467046499252
1012.187440440726,25.76661769390106
1012.078618620921,25.76796061038971
1012.184799698336,25.77266081809998
1012.110113618389,25.77051215171814
1012.117382989929,25.77568238019943
1012.079845356171,25.77615240097046
1012.145305885421,25.77440660953522
1012.075771471139,25.77427231788635
1012.134101912629,25.76923638105393
1012.183705666588,25.76816204786301
1012.080446805535,25.76117888212204
1012.114388214122,25.76413329839706
1012.162185980154,25.76258894443512
1012.150232511095,25.76433473587036
1012.151153952421,25.76802775621414
1012.082659994785,25.77091502666474
1012.127682853568,25.77172077655792
1012.220865792093,25.77695815086365
1012.131578970226,25.77460804700851
1012.179679310489,25.77937540054321
1012.095615161344,25.77507806777954
1012.104760653686,25.77675671339035
1012.142428223022,25.77198935985565
1012.146647911216,25.77393658876419
1012.124437910395,25.77494377613068
1012.139738554874,25.77474233865738
1012.196160567801,25.77427231788635
1012.04682995058,25.77507806777954
1012.098854537676,25.77366800546646
1012.151562649448,25.77729387998581
1012.152058499015,25.77715958833694
1012.093248731733,25.77689100503921
1012.136552926897,25.77762960910797
1012.160374798118,25.77373515129089
1012.141409677596,25.77151933908463
1012.118014613437,25.76943781852722
1012.106675213675,25.77037786006927
1012.113067487805,25.76715486049652
1012.143867523842,25.76829633951187
1012.138327166615,25.76937067270279
1012.098284056875,25.76977354764938
1012.114068991793,25.77306369304657
1012.181964754353,25.77534665107727
1012.113125124989,25.77662242174149
1012.042227608753,25.77440660953522
1012.161280276501,25.77306369304657
1012.174160974018,25.77319798469544
1012.092473554995,25.77326513051987
1012.135340913875,25.77380229711532
1012.082939306819,25.77467519283295
1012.176106415718,25.77554808855057
1012.109223396198,25.77554808855057
1012.106328544258,25.77856965065002
1012.082128691569,25.78192694187164
1012.149793773742,25.78373987913132
1012.111124130127,25.78259840011597
1012.104036346514,25.78441133737564
1012.1037186336,25.78353844165802
1012.134094690831,25.78085260868073
1012.163532321885,25.77991256713867
