-194,255,193
-192,255,198
-184,255,204
-175,246,213
-164,232,222
-151,224,235
-142,215,247
-135,205,252
-130,196,259
-122,186,266
-109,176,275
-99,166,281
-90,156,285
-80,151,286
-75,152,293
-70,155,299
-66,157,304
-62,167,305
-56,168,303
-48,175,311
-48,187,322
-52,199,324
-52,211,326
-49,223,328
-43,233,325
-29,236,325
-18,235,322
-8,230,321
10,216,316
29,200,311
52,171,310
83,133,305
113,87,300
140,37,302
168,-6,302
195,-26,296
215,-13,290
225,28,281
239,97,264
227,177,237
213,245,212
209,288,205
206,294,210
212,246,219
231,166,233
242,78,252
227,14,275
213,-30,296
200,-43,306
201,-49,311
208,-65,305
209,-94,294
225,-123,280
248,-145,263
283,-151,245
320,-136,228
354,-109,207
388,-79,188
420,-36,172
466,10,159
499,57,153
522,114,148
537,177,143
548,227,144
557,258,147
569,275,147
578,277,147
590,259,142
598,232,136
610,195,137
619,155,133
620,123,130
620,90,129
616,72,127
603,65,123
580,56,121
561,50,113
543,57,103
528,57,93
517,49,85
505,43,77
489,35,70
467,25,64
446,14,58
435,1,56
421,-16,59
411,-27,58
408,-38,50
402,-50,37
400,-64,21
396,-75,-1
392,-89,-26
396,-91,-36
392,-91,-46
387,-91,-47
381,-83,-50
376,-69,-54
368,-51,-63
365,-38,-71
362,-26,-80
359,-11,-87
357,-1,-87
353,7,-83
362,13,-76
369,18,-70
362,23,-65
334,23,-57
286,18,-52
255,27,-53
252,46,-56
247,67,-59
228,91,-55
193,106,-50
161,125,-47
164,152,-52
168,165,-56
154,176,-62
133,182,-71
127,180,-77
118,182,-78
84,182,-67
40,181,-57
22,192,-61
27,208,-71
23,213,-77
20,211,-85
20,200,-90
13,191,-94
4,184,-101
-11,176,-107
-25,178,-108
-39,179,-116
-47,183,-121
-57,187,-124
-72,189,-127
-81,192,-136
-92,189,-140
-105,184,-141
-122,182,-145
-148,177,-149
-158,164,-150
-164,147,-151
-159,131,-156
-165,126,-159
-183,137,-163
-208,157,-164
-227,177,-165
-248,183,-174
-266,169,-174
-286,146,-175
-295,119,-181
-301,97,-186
-298,88,-193
-292,77,-196
-288,72,-200
-282,71,-206
-276,65,-214
-271,64,-229
-266,63,-238
-257,70,-248
-253,69,-260
-250,70,-270
-244,73,-282
-239,72,-295
-237,74,-307
-231,75,-318
-221,78,-327
-208,92,-339
-203,96,-344
-196,105,-350
-187,111,-356
-180,114,-359
-173,109,-357
-182,101,-356
-195,94,-358
-207,85,-351
-223,70,-346
-247,49,-347
-267,16,-345
-284,-23,-340
-303,-62,-334
-319,-81,-334
-342,-77,-337
-365,-47,-346
-374,-1,-349
-377,46,-354
-367,83,-359
-355,85,-361
-342,66,-362
-317,28,-358
-280,-17,-351
-249,-63,-347
-212,-96,-342
-166,-117,-330
-124,-133,-319
-92,-151,-298
-86,-166,-278
-94,-169,-260
-100,-154,-242
-106,-125,-222
-109,-89,-202
-110,-48,-181
-123,-10,-162
-152,34,-142
-187,67,-127
-220,83,-112
-244,85,-102
-260,71,-88
-280,54,-75
-299,38,-58
-315,22,-44
-322,12,-29
-322,6,-21
-326,4,-16
-323,0,-7
-319,-7,3
-307,-16,13
-296,-22,23
-286,-30,32
-273,-39,42
-260,-47,53
-248,-52,59
-244,-51,74
-236,-54,86
-222,-55,95
-207,-55,101
-190,-63,109
-177,-72,112
-166,-78,119
-149,-83,122
-130,-93,121
-118,-102,123
-107,-111,128
-88,-124,134
-73,-133,138
-65,-140,141
-52,-144,143
-26,-153,142
-4,-165,144
14,-181,150
22,-175,149
30,-153,146
40,-127,146
49,-97,149
62,-78,153
65,-67,153
71,-62,156
89,-66,157
106,-69,161
125,-60,160
144,-49,156
170,-34,151
205,-24,153
234,-11,150
260,-3,150
287,1,152
307,9,150
323,18,149
345,25,148
363,36,143
387,34,145
404,36,145
416,41,147
434,43,147
451,41,143
470,32,142
490,28,141
510,23,141
534,16,141
552,16,141
575,12,136
598,7,137
618,8,139
633,15,139
652,23,138
677,33,144
706,38,150
730,37,151
753,39,151
785,32,151
811,16,156
833,4,165
857,-12,167
880,-29,174
903,-51,180
920,-70,182
943,-92,183
966,-111,188
978,-122,196
993,-128,200
1014,-131,203
1026,-135,204
1038,-133,208
1053,-134,211
1074,-140,215
1091,-143,219
1099,-144,220
1114,-145,222
1130,-140,225
1145,-131,221
1165,-131,224
1179,-126,226
1188,-118,222
1202,-112,219
1220,-107,219
1240,-102,211
1255,-100,203
1271,-98,193
1298,-81,186
1322,-57,180
1330,-15,177
1336,42,172
1346,106,163
1356,163,154
1374,209,151
1395,248,148
1407,275,145
1422,298,138
1450,317,129
1474,337,121
1492,356,111
1506,373,108
1518,391,110
1525,406,116
1529,411,126
1539,407,143
1548,396,158
1564,373,178
1580,345,200
1597,329,215
1611,313,219
1635,307,226
1658,299,227
1671,287,226
1690,273,229
1720,252,229
1756,219,234
1793,191,244
1821,170,254
1842,160,263
1856,154,274
1861,163,282
1864,175,289
1859,184,296
1860,190,305
1861,194,309
1854,201,310
1837,206,309
1838,209,309
1844,219,312
1847,220,315
1848,224,317
1845,235,311
1841,252,297
1843,271,276
1846,287,252
1854,296,223
1870,307,193
1888,309,176
1903,310,157
1921,303,138
1932,290,125
1947,269,107
1957,250,96
1962,238,87
1964,221,77
1971,203,70
1973,184,67
1970,167,67
1957,160,68
1943,152,69
1929,145,66
1918,136,67
1912,125,66
1902,119,68
1886,108,70
1876,98,69
1875,90,73
1875,84,77
1875,78,70
1868,80,55
1861,86,45
1858,86,31
1862,86,19
1857,81,4
1861,80,-11
1858,78,-24
1859,82,-42
1847,85,-59
1845,86,-70
1836,89,-77
1823,94,-83
1809,99,-90
1791,101,-99
1774,98,-117
1763,91,-129
1744,92,-147
1720,97,-159
1697,97,-174
1674,89,-188
1649,90,-203
1624,97,-214
1602,96,-225
1580,99,-239
1556,106,-259
1533,114,-277
1504,115,-290
1484,107,-305
1463,99,-318
1435,91,-332
1408,78,-346
1384,67,-357
1354,54,-362
1335,42,-368
1308,26,-381
1284,19,-395
1270,21,-402
1254,17,-418
1241,17,-428
1224,10,-428
1174,-4,-418
1122,-2,-404
1107,19,-399
1107,41,-406
1098,55,-411
1073,51,-418
1053,41,-427
1034,29,-436
1016,12,-444
997,7,-456
984,-3,-462
974,-25,-472
962,-47,-476
966,-75,-481
981,-99,-488
985,-102,-493
979,-95,-495
970,-89,-499
958,-97,-505
949,-113,-508
939,-135,-514
927,-167,-516
920,-198,-518
919,-223,-511
919,-245,-508
917,-261,-513
922,-262,-511
927,-233,-497
928,-185,-477
931,-131,-448
938,-66,-411
953,0,-387
968,52,-373
995,87,-360
1022,104,-356
1049,100,-361
1086,71,-370
1128,22,-374
1184,-43,-371
1228,-121,-367
1258,-197,-368
1281,-257,-373
1292,-303,-370
1286,-337,-354
1290,-350,-328
1291,-360,-283
1297,-368,-238
1329,-353,-204
1400,-307,-176
1477,-249,-140
1527,-210,-107
1555,-187,-84
1574,-178,-68
1589,-183,-52
1607,-192,-41
1621,-198,-34
1640,-206,-28
1653,-210,-20
1662,-212,-15
1679,-212,-16
1697,-208,-23
1713,-203,-26
1730,-204,-28
1756,-211,-33
1780,-212,-39
1803,-208,-50
1828,-202,-57
1853,-200,-59
1871,-198,-66
1894,-193,-69
1911,-192,-72
1927,-191,-73
1945,-188,-71
1958,-187,-69
1975,-183,-64
1988,-182,-60
2001,-183,-59
2015,-178,-64
2026,-171,-67
2036,-161,-62
2040,-156,-61
2044,-150,-62
2040,-139,-67
2041,-135,-70
2052,-133,-67
2059,-124,-64
2070,-115,-59
2081,-103,-57
2082,-91,-57
2090,-85,-54
2101,-73,-52
2104,-60,-52
2109,-51,-51
2116,-45,-49
2117,-38,-49
2121,-25,-48
2121,-21,-48
2124,-19,-50
2123,-14,-52
2117,-5,-55
2111,8,-60
2108,20,-62
2099,28,-64
2089,47,-66
2079,59,-70
2069,75,-71
2062,89,-74
2048,101,-76
2032,114,-81
2025,110,-85
2040,90,-85
2034,80,-85
2014,94,-89
1992,122,-98
1971,151,-108
1948,165,-112
1932,168,-111
1922,166,-104
1913,158,-99
1897,144,-97
1888,145,-96
1873,154,-100
1857,160,-101
1833,168,-106
1804,177,-108
1777,187,-110
1741,197,-110
1717,205,-117
1709,213,-129
1691,212,-132
1658,200,-127
1630,187,-121
1607,174,-120
1592,157,-116
1575,137,-110
1556,112,-106
1545,81,-103
1533,47,-95
1513,21,-84
1493,1,-76
1478,-25,-69
1460,-38,-56
1443,-50,-39
1424,-62,-20
1402,-69,-2
1375,-83,20
1357,-101,38
1339,-119,54
1309,-129,69
1285,-143,82
1263,-150,92
1236,-156,103
1209,-146,111
1183,-132,122
1150,-118,129
1129,-111,136
1111,-116,143
1091,-122,154
1070,-134,163
1055,-155,173
1053,-181,196
1040,-196,209
1021,-204,211
1006,-211,213
1005,-229,217
994,-240,223
984,-251,229
978,-265,239
971,-288,241
971,-305,247
974,-325,256
977,-340,258
977,-349,262
976,-344,258
978,-329,261
990,-304,266
993,-275,275
993,-256,280
974,-241,277
974,-234,273
983,-246,279
988,-265,285
997,-288,294
1006,-316,307
1004,-342,311
1005,-360,314
1011,-373,317
1017,-372,323
1026,-365,322
1043,-350,323
1054,-323,320
1069,-289,313
1082,-238,308
1087,-183,304
1092,-123,295
1103,-65,285
1114,-10,281
1122,42,282
1121,86,283
1115,126,281
1113,148,279
1115,154,280
1115,156,278
1111,146,281
1102,140,282
1103,127,271
1113,101,265
1120,76,261
1128,68,257
1121,89,242
1106,117,224
1103,136,213
1103,141,205
1106,128,195
1119,109,188
1136,91,177
1154,83,163
1168,86,145
1180,89,132
1189,94,123
1195,95,115
1200,91,104
1202,86,95
1197,78,85
1194,68,76
1187,58,66
1173,51,57
1164,40,50
1148,31,37
1137,24,24
1124,19,14
1108,19,2
1089,18,-12
1081,16,-19
1067,18,-26
1046,21,-31
1037,25,-43
1038,24,-48
1036,31,-54
1027,41,-59
1014,51,-57
1008,60,-61
1000,76,-64
986,85,-62
968,91,-64
950,99,-65
933,107,-66
918,112,-68
902,111,-67
884,109,-69
863,108,-73
838,107,-75
806,108,-74
773,111,-75
745,117,-77
721,119,-77
699,119,-79
672,124,-78
642,141,-81
616,151,-85
584,164,-89
561,177,-93
534,193,-103
507,204,-111
484,208,-116
461,206,-122
435,203,-128
414,203,-136
392,196,-143
367,190,-147
340,181,-156
325,170,-159
293,170,-163
267,177,-166
234,176,-168
202,169,-171
174,163,-179
140,158,-183
110,153,-186
87,146,-197
59,142,-200
38,138,-208
23,134,-213
11,130,-221
4,125,-232
1,129,-242
-3,132,-253
-9,131,-271
-11,131,-280
-13,128,-290
-19,132,-302
-21,133,-314
-25,134,-324
-28,141,-333
-27,149,-344
-29,156,-359
-23,161,-368
-18,159,-376
-2,155,-385
9,149,-384
15,152,-382
26,146,-387
32,141,-390
40,134,-389
40,131,-387
25,140,-387
13,141,-388
4,138,-387
-12,123,-381
-25,100,-375
-44,77,-376
-55,52,-378
-56,41,-377
-57,37,-379
-53,35,-383
-41,28,-387
-21,17,-393
0,-2,-395
25,-28,-392
40,-42,-392
59,-54,-395
77,-68,-393
105,-75,-378
112,-71,-365
109,-72,-350
110,-77,-325
103,-82,-303
81,-94,-278
49,-117,-243
28,-147,-210
11,-160,-180
-14,-162,-153
-39,-155,-127
-55,-138,-106
-63,-121,-89
-67,-96,-78
-72,-63,-72
-86,-28,-67
-102,10,-62
-116,51,-53
-125,91,-47
-130,123,-45
-134,145,-43
-139,160,-36
-146,161,-30
-154,151,-23
-157,142,-19
-158,121,-11
-155,93,1
-152,68,9
-144,45,10
-134,13,14
-123,-16,20
-116,-35,25
-104,-47,28
-94,-53,31
-87,-59,41
-85,-58,53
-80,-57,63
-73,-55,77
-71,-60,89
-71,-69,103
-68,-79,121
-74,-93,141
-70,-113,164
-70,-126,175
-77,-142,186
-84,-154,199
-99,-155,210
-110,-152,222
-133,-136,229
-146,-119,230
-142,-102,219
-125,-87,212
-134,-79,206
-144,-75,208
-147,-70,210
-150,-66,211
-152,-56,215
-159,-51,219
-155,-46,224
-154,-41,228
-149,-36,227
-143,-26,224
-127,-21,220
-111,-10,205
-101,8,186
-91,24,174
-79,42,166
-71,52,163
-66,70,163
-62,83,165
-55,95,160
-42,105,160
-31,107,160
-27,108,160
-22,107,158
-26,101,160
-15,90,162
2,84,160
33,71,162
62,54,159
71,55,155
74,72,157
79,89,159
90,111,160
98,129,163
90,140,165
83,148,166
83,144,166
91,135,172
100,129,177
111,121,185
128,109,193
144,99,198
162,88,201
179,81,206
194,81,207
197,84,206
208,89,214
219,95,216
223,101,214
230,91,221
229,82,227
222,68,228
215,48,228
203,30,230
190,13,234
186,5,238
186,0,247
192,-6,253
196,-12,259
198,-18,265
205,-27,273
196,-26,283
192,-20,293
188,-20,306
181,-17,310
179,-19,324
176,-18,333
177,-17,341
176,-17,346
178,-17,355
172,-17,358
170,-11,362
171,-1,367
173,9,366
168,16,367
171,26,368
168,34,365
168,41,359
168,54,355
173,63,350
179,74,342
191,94,335
195,131,325
205,184,317
205,242,311
207,305,305
203,345,306
197,352,307
193,315,312
191,241,317
190,143,321
202,38,326
219,-54,328
227,-133,322
237,-194,317
247,-243,319
253,-281,322
259,-309,327
259,-322,326
255,-325,322
260,-319,309
272,-306,291
293,-278,267
318,-237,244
337,-186,218
364,-128,192
394,-69,178
419,-15,171
442,25,167
461,46,161
476,52,152
498,46,144
519,44,132
543,39,118
566,33,103
577,47,91
589,71,89
597,90,87
604,105,84
602,118,79
607,128,76
596,125,79
583,118,79
571,102,77
564,75,78
558,40,77
543,21,80
527,21,81
514,27,82
506,28,82
491,34,85
473,37,81
450,38,75
433,33,70
427,14,69
431,-10,71
437,-30,66
449,-49,56
470,-69,46
494,-86,31
513,-96,11
534,-97,-10
548,-86,-23
554,-64,-35
561,-39,-47
566,-13,-57
568,13,-68
569,29,-74
569,39,-79
564,41,-81
560,43,-86
552,42,-90
536,35,-93
520,35,-97
505,32,-101
488,38,-103
470,48,-108
452,56,-114
434,70,-118
422,87,-120
409,98,-126
395,114,-133
377,126,-140
366,133,-145
353,140,-150
339,137,-153
326,133,-155
312,128,-159
310,124,-163
300,127,-164
284,132,-169
271,144,-170
254,154,-174
238,165,-175
224,175,-178
205,177,-179
180,169,-180
166,170,-180
151,169,-178
131,159,-183
118,154,-184
100,147,-185
79,142,-188
63,134,-188
45,126,-190
23,125,-194
3,122,-194
-12,115,-195
-21,110,-195
-33,111,-197
-48,108,-196
-62,104,-189
-76,103,-188
-89,103,-189
-100,98,-193
-103,86,-192
-111,75,-196
-118,60,-199
-127,55,-205
-139,43,-207
-140,29,-209
-146,19,-216
-163,20,-221
-171,16,-225
-176,20,-234
-182,22,-240
-195,25,-248
-207,31,-260
-216,37,-271
-214,47,-276
-216,62,-285
-220,75,-292
-216,82,-299
-214,93,-309
-208,102,-319
-206,112,-325
-198,120,-326
-189,126,-326
-186,130,-330
-194,126,-325
-195,129,-320
-194,113,-318
-201,84,-312
-217,53,-308
-246,34,-303
-278,21,-299
-301,6,-298
-326,0,-299
-356,3,-297
-389,8,-301
-426,15,-303
-454,21,-307
-470,23,-312
-488,19,-320
-499,13,-333
-499,12,-349
-488,17,-367
-476,35,-388
-458,56,-414
-431,94,-439
-408,136,-462
-383,175,-482
-339,209,-486
-303,224,-486
-300,219,-490
-296,203,-478
-277,178,-457
-256,145,-444
-256,103,-446
-264,71,-446
-281,56,-442
-296,60,-430
-305,62,-412
-323,71,-395
-340,86,-375
-354,86,-345
-366,93,-318
-382,107,-296
-396,131,-277
-412,161,-261
-427,187,-249
-438,210,-237
-443,235,-229
-444,251,-223
-439,260,-231
-436,269,-243
-429,278,-259
-424,290,-274
-420,294,-278
-420,296,-281
-422,294,-284
-426,286,-274
-439,278,-263
-428,282,-257
-395,298,-256
-365,317,-256
-353,316,-241
-364,304,-211
-384,288,-177
-392,257,-140
-397,223,-106
-404,192,-83
-406,163,-69
-410,135,-48
-425,112,-31
-437,89,-17
-449,77,3
-452,64,24
-461,55,47
-474,57,68
-487,59,85
-495,76,107
-492,93,126
-491,114,133
-482,136,143
-481,152,150
-480,164,157
-472,174,167
-468,178,175
-459,185,183
-454,189,195
-449,193,201
-440,195,207
-434,206,210
-440,221,221
-427,226,222
-414,227,216
-398,225,221
-398,221,222
-400,217,222
-397,213,223
-388,208,221
-375,204,217
-357,202,208
-343,200,199
-327,202,192
-303,201,189
-288,198,185
-283,193,188
-270,185,192
-249,164,198
-225,148,211
-222,152,218
-238,177,215
-252,215,209
-259,244,205
-265,262,210
-274,265,217
-271,261,227
-270,249,233
-262,240,241
-238,233,247
-210,222,256
-192,205,261
-175,197,262
-156,183,264
-138,172,270
-135,177,268
-134,182,269
-130,185,267
-117,188,269
-115,189,272
-119,182,277
-121,179,285
-121,172,289
-119,151,292
-119,135,296
-116,112,303
-111,87,314
-109,67,323
-104,45,326
-99,30,329
-98,25,334
-91,15,338
-81,9,345
-77,7,351
-76,9,357
-74,12,368
-75,12,377
-79,14,388
-82,18,398
-86,27,405
-92,45,412
-95,62,422
-96,82,430
-99,98,439
-95,117,449
-97,128,458
-96,127,468
-94,127,476
-90,127,480
-78,119,482
-66,106,483
-42,95,486
-22,75,487
0,51,491
27,20,491
56,-18,493
82,-55,494
105,-90,494
127,-122,496
147,-144,501
157,-161,506
165,-153,509
168,-125,510
169,-90,511
168,-48,508
164,4,506
164,56,513
170,90,518
169,92,522
164,63,526
151,18,520
144,-35,511
144,-87,513
145,-125,512
139,-161,501
135,-189,497
137,-215,483
143,-240,468
145,-247,442
149,-237,412
159,-216,377
166,-182,339
176,-142,300
185,-97,264
201,-53,238
214,-7,213
220,39,199
215,81,186
209,119,180
183,148,178
154,174,179
131,181,183
114,179,183
96,166,180
86,142,174
70,120,163
46,103,156
25,94,153
-7,86,153
-37,78,152
-79,66,145
-120,59,139
-157,45,132
-188,32,122
-212,15,112
-222,-4,105
-221,-21,96
-213,-32,79
-204,-52,54
-201,-72,31
-206,-88,4
-211,-101,-22
-207,-111,-38
-207,-114,-54
-212,-112,-65
-220,-108,-72
-229,-102,-78
-239,-96,-85
-251,-99,-90
-264,-101,-93
-283,-97,-93
-295,-99,-94
-313,-103,-96
-334,-111,-93
-359,-106,-87
-378,-102,-87
-403,-97,-89
-429,-90,-85
-457,-84,-81
-479,-73,-75
-495,-61,-68
-511,-48,-59
-525,-31,-49
-538,-20,-44
-546,-9,-45
-550,0,-47
-549,7,-52
-547,24,-60
-546,53,-68
-542,78,-71
-537,98,-78
-536,110,-84
-533,117,-91
-535,121,-95
-534,129,-101
-533,131,-110
-532,140,-120
-524,143,-127
-514,149,-137
-508,154,-143
-515,153,-151
-525,148,-157
-540,147,-158
-552,159,-157
-564,179,-164
-567,203,-172
-567,216,-179
-572,224,-182
-578,225,-184
-586,221,-184
-597,215,-183
-607,208,-182
-614,207,-179
-623,200,-176
-634,197,-175
-648,191,-172
-662,191,-170
-677,188,-166
-690,175,-166
-699,162,-165
-710,153,-168
-719,146,-167
-728,131,-169
-733,109,-169
-742,90,-172
-748,71,-177
-750,59,-182
-748,42,-187
-751,25,-193
-757,15,-198
-763,14,-209
-771,14,-220
-776,16,-228
-776,20,-239
-778,27,-248
-780,35,-259
-781,44,-265
-787,51,-269
-787,61,-273
-785,69,-278
-779,81,-285
-761,90,-291
-756,103,-292
-755,127,-300
-740,140,-313
-737,149,-326
-719,158,-342
-703,161,-340
-716,160,-332
-736,149,-325
-766,137,-331
-789,118,-334
-808,102,-326
-834,94,-321
-875,111,-330
-912,148,-342
-950,201,-358
-983,258,-370
-1012,313,-378
-1023,363,-381
-1029,396,-379
-1026,412,-378
-1014,416,-384
-1002,407,-393
-986,387,-409
-964,352,-430
-933,327,-450
-898,320,-494
-847,320,-543
-791,332,-598
-741,354,-645
-715,376,-673
-705,403,-678
-726,420,-665
-774,440,-652
-817,458,-640
-855,435,-625
-901,394,-601
-952,360,-577
-1021,319,-547
-1092,276,-515
-1162,228,-485
-1213,160,-450
-1255,98,-401
-1269,72,-329
-1270,79,-263
-1299,111,-219
-1351,158,-193
-1391,211,-181
-1422,263,-171
-1440,318,-165
-1445,383,-170
-1446,441,-179
-1436,489,-190
-1422,535,-207
-1389,562,-217
-1353,574,-220
-1309,577,-215
-1272,577,-212
-1242,577,-216
-1211,574,-212
-1181,572,-203
-1153,577,-196
-1134,586,-192
-1123,593,-189
-1113,598,-178
-1106,603,-159
-1097,609,-131
-1076,617,-104
-1061,613,-81
-1055,591,-51
-1075,555,-14
-1114,512,17
-1151,471,47
-1187,436,67
-1218,401,92
-1244,374,115
-1262,347,136
-1279,322,158
-1293,301,177
-1312,287,195
-1339,271,202
-1347,269,202
-1351,273,200
-1349,279,190
-1340,284,180
-1333,292,168
-1323,303,156
-1311,318,154
-1299,330,157
-1292,342,164
-1285,347,173
-1271,345,184
-1254,344,192
-1259,348,198
-1264,353,199
-1249,352,197
-1214,336,190
-1170,312,186
-1142,293,187
-1134,292,187
-1131,296,190
-1128,298,195
-1126,304,200
-1129,317,209
-1138,329,219
-1146,341,228
-1143,350,238
-1135,359,242
-1120,362,247
-1102,359,252
-1090,352,256
-1071,345,262
-1058,337,262
-1043,332,262
-1038,331,266
-1045,331,272
-1042,331,276
-1038,340,280
-1037,344,282
-1034,349,282
-1032,352,289
-1027,356,293
-1030,359,295
-1029,362,299
-1024,355,302
-1022,349,302
-1022,348,308
-1020,336,313
-1021,326,315
-1021,314,316
-1019,300,320
-1018,288,320
-1018,279,325
-1015,267,323
-1021,254,326
-1022,245,327
-1013,233,330
-1011,225,333
-1001,217,335
-987,207,336
-975,198,335
-967,190,338
-960,183,341
-952,178,345
-948,176,345
-940,175,345
-927,177,350
-920,184,356
-921,184,363
-917,189,369
-910,200,373
-906,217,375
-904,235,379
-897,248,379
-896,273,382
-899,301,384
-898,329,385
-899,365,389
-897,407,391
-895,448,395
-894,484,403
-886,497,412
-881,493,418
-884,451,425
-898,379,426
-904,295,429
-902,208,437
-901,119,442
-909,35,446
-912,-33,449
-917,-88,444
-920,-131,432
-920,-160,408
-925,-171,378
-928,-171,359
-925,-158,349
-907,-145,340
-892,-130,322
-884,-125,292
-871,-131,266
-859,-135,250
-848,-124,238
-841,-102,231
-843,-75,222
-840,-53,217
-830,-34,211
-826,-9,208
-823,15,203
-826,46,199
-837,82,196
-848,117,197
-859,158,189
-858,199,177
-853,230,164
-844,237,155
-843,248,158
-857,274,161
-877,298,169
-888,322,182
-888,338,193
-897,343,213
-895,352,237
-905,345,256
-914,328,275
-932,298,294
-956,277,300
-969,262,298
-982,251,293
-992,244,293
-1005,239,290
-1023,238,292
-1033,238,298
-1041,236,304
-1037,229,309
-1034,217,309
-1030,203,299
-1029,183,290
-1020,161,272
-1015,134,252
-1006,112,232
-997,85,209
-986,69,189
-977,64,166
-973,61,141
-971,60,118
-967,64,103
-974,74,87
-984,86,73
-1001,100,68
-1023,118,62
-1054,130,56
-1080,148,54
-1108,165,54
-1134,176,60
-1155,189,67
-1180,199,71
-1205,209,76
-1223,213,80
-1236,220,87
-1250,225,87
-1262,229,84
-1270,229,82
-1290,226,87
-1304,223,98
-1316,221,103
-1323,214,102
-1326,208,101
-1326,203,95
-1330,200,86
-1332,193,82
-1335,191,73
-1332,179,68
-1330,168,63
-1325,155,63
-1325,141,66
-1330,128,70
-1333,114,67
-1338,101,61
-1341,91,59
-1343,87,61
-1350,84,56
-1353,81,51
-1363,78,47
-1378,68,46
-1392,59,46
-1406,49,50
-1423,41,45
-1433,30,38
-1451,19,31
-1470,17,22
-1488,19,16
-1501,23,11
-1515,34,6
-1521,45,2
-1528,50,-1
-1530,67,-5
-1529,87,-7
-1531,102,-10
-1525,118,-15
-1521,126,-19
-1517,129,-24
-1517,128,-24
-1520,125,-25
-1528,116,-28
-1537,108,-31
-1545,93,-28
-1560,74,-27
-1576,57,-27
-1595,35,-29
-1614,6,-32
-1630,-19,-35
-1647,-40,-35
-1671,-44,-31
-1719,-10,-26
-1777,58,-22
-1815,142,-17
-1838,232,-1
-1869,326,2
-1908,404,2
-1933,456,2
-1937,473,1
-1910,468,-9
-1866,443,-13
-1819,398,-16
-1774,349,-27
-1721,316,-50
-1661,293,-70
-1619,278,-87
-1591,279,-99
-1572,284,-101
-1553,281,-94
-1546,289,-86
-1552,297,-76
-1575,303,-69
-1603,297,-66
-1625,283,-57
-1638,269,-47
-1654,260,-38
-1670,255,-23
-1680,256,-4
-1689,263,14
-1699,281,30
-1711,301,44
-1722,321,56
-1735,341,72
-1744,367,91
-1755,395,110
-1760,417,123
-1770,436,133
-1787,449,142
-1798,456,151
-1800,454,158
-1795,443,167
-1788,431,178
-1783,423,182
-1774,413,184
-1771,399,190
-1763,389,200
-1747,369,205
-1734,354,210
-1716,334,216
-1704,319,217
-1699,308,217
-1693,301,216
-1688,294,218
-1682,291,217
-1683,289,216
-1679,289,219
-1683,286,226
-1686,282,229
-1684,275,235
-1685,273,239
-1684,276,246
-1687,277,252
-1682,280,258
-1673,284,260
-1671,286,269
-1670,288,278
-1668,293,286
-1660,290,292
-1644,286,295
-1626,280,297
-1607,271,303
-1586,254,303
-1566,239,310
-1549,222,313
-1529,200,312
-1517,188,310
-1503,172,305
-1487,158,305
-1474,162,316
-1455,172,318
-1444,174,313
-1421,177,314
-1402,181,310
-1379,185,310
-1350,191,314
-1322,194,318
-1294,197,319
-1275,204,315
-1256,208,316
-1237,212,318
-1215,211,320
-1206,210,326
-1192,207,331
-1179,209,336
-1161,215,335
-1130,222,336
-1091,217,337
-1051,207,334
-1012,200,337
-985,203,343
-974,215,342
-969,235,346
-956,246,352
-934,247,358
-901,235,362
-862,228,361
-817,222,363
-765,222,356
-717,222,354
-679,216,354
-656,218,359
-655,219,370
-674,223,379
-688,235,391
-693,248,396
-694,254,402
-698,251,409
-704,241,416
-712,236,421
-707,230,429
-694,226,434
-687,221,438
-674,217,442
-657,217,442
-639,217,439
-627,212,443
-618,209,440
-617,196,439
-615,183,436
-607,171,430
-608,162,423
-616,156,416
-628,160,408
-637,176,399
-649,201,388
-652,231,388
-659,259,393
-671,278,403
-678,274,407
-695,256,402
-704,221,392
-706,174,382
-702,118,373
-703,57,359
-685,-7,351
-678,-60,345
-682,-103,332
-681,-145,315
-670,-171,298
-659,-191,269
-645,-202,237
-626,-205,206
-590,-197,180
-556,-189,155
-528,-166,137
-503,-136,126
-491,-109,115
-489,-83,103
-497,-57,84
-494,-35,76
-488,-10,78
-475,8,86
-468,24,94
-464,39,107
-465,54,117
-463,70,127
-459,82,137
-456,93,145
-453,105,154
-453,111,164
-456,114,170
-461,113,176
-470,106,179
-489,98,189
-511,88,197
-521,72,203
-529,56,207
-542,39,204
-557,22,206
-567,4,209
-581,-9,209
-585,-25,207
-585,-38,208
-588,-49,207
-592,-57,200
-587,-65,187
-583,-72,171
-580,-75,160
-576,-82,152
-581,-89,137
-575,-96,117
-574,-105,98
-569,-111,86
-556,-118,81
-539,-126,71
-527,-134,59
-520,-139,57
-517,-136,50
-508,-125,46
-516,-106,43
-529,-84,40
-538,-71,40
-551,-58,39
-554,-48,38
-550,-34,37
-544,-26,40
-533,-20,44
-526,-19,47
-519,-14,43
-512,-14,43
-506,-13,45
-503,-3,49
-510,12,47
-513,26,47
-515,47,49
-514,65,51
-511,75,48
-504,78,47
-500,84,47
-499,87,43
-500,85,40
-486,80,38
-482,74,35
-474,66,33
-478,56,15
-451,45,-13
-429,43,-23
-455,35,0
-486,47,19
-480,71,25
-468,87,19
-458,92,7
-453,86,-5
-455,77,-10
-458,67,-16
-461,59,-22
-462,57,-27
-470,65,-33
-479,72,-39
-486,86,-48
-490,92,-55
-492,95,-62
-495,101,-68
-495,99,-73
-491,93,-79
-492,87,-83
-487,81,-84
-483,70,-88
-487,65,-95
-482,54,-105
-480,42,-118
-482,29,-128
-477,14,-134
-474,0,-141
-475,-18,-147
-467,-40,-157
-466,-67,-167
-467,-91,-175
-464,-114,-186
-468,-126,-194
-475,-130,-203
-475,-134,-212
-476,-134,-221
-480,-125,-229
-483,-122,-237
-481,-117,-245
-473,-117,-255
-470,-119,-262
-467,-116,-270
-459,-113,-279
-457,-108,-287
-451,-107,-293
-447,-103,-295
-451,-96,-300
-449,-95,-305
-440,-93,-307
-434,-94,-309
-422,-95,-313
-401,-97,-312
-386,-101,-311
-379,-104,-306
-374,-106,-300
-372,-106,-296
-376,-112,-292
-378,-124,-289
-384,-137,-283
-399,-140,-282
-416,-130,-278
-431,-97,-269
-448,-52,-262
-463,8,-260
-458,62,-254
-442,97,-249
-406,102,-245
-356,70,-242
-308,16,-239
-271,-35,-241
-238,-71,-244
-213,-82,-247
-195,-85,-237
-193,-87,-224
-192,-90,-210
-191,-91,-196
-190,-86,-179
-178,-85,-161
-165,-84,-146
-165,-89,-135
-174,-84,-119
-186,-71,-100
-204,-55,-87
-232,-34,-76
-261,-10,-70
-275,15,-65
-289,35,-58
-308,65,-59
-322,96,-63
-337,120,-60
-347,130,-58
-361,130,-59
-381,128,-65
-384,125,-67
-384,118,-64
-382,113,-60
-373,108,-53
-364,96,-47
-350,91,-45
-335,91,-40
-325,93,-36
-316,91,-39
-308,92,-41
-301,88,-41
-293,84,-39
-290,78,-36
-278,66,-29
-268,60,-24
-258,55,-19
-247,44,-16
-235,45,-13
-225,43,-4
-213,36,-3
-205,34,4
-199,34,10
-194,37,16
-189,41,18
-189,55,20
-190,75,25
-187,94,36
-189,112,41
-190,128,46
-192,138,52
-191,149,56
-189,159,60
-188,164,62
-185,175,63
-182,182,67
-177,193,68
-172,201,69
-168,209,71
-154,217,74
-145,220,78
-142,223,82
-129,225,88
-121,221,95
-118,219,102
-111,216,106
-103,212,104
-93,206,110
-83,204,115
-76,202,116
-69,200,118
-66,195,124
-54,188,129
-39,183,130
-33,179,129
-30,179,131
-20,169,134
-8,165,138
3,153,140
14,143,143
23,135,142
34,127,143
39,125,144
44,123,141
53,128,135
59,135,133
69,145,128
72,159,122
74,168,118
74,179,111
75,183,107
78,182,104
83,179,99
94,166,94
99,150,89
98,142,85
83,144,83
74,145,83
62,148,92
55,139,98
38,124,104
26,111,108
17,101,109
23,92,123
27,82,127
32,81,133
37,82,139
42,82,146
46,80,151
45,81,163
45,79,170
40,81,178
35,75,186
34,69,196
27,65,197
15,55,201
1,45,212
-14,31,220
-26,14,227
-39,-5,232
-55,-16,233
-65,-28,232
-74,-36,233
-75,-45,232
-73,-50,229
-69,-56,224
-61,-62,219
-46,-63,213
-31,-72,209
-18,-80,203
-2,-99,200
18,-122,191
35,-152,181
65,-190,171
95,-234,162
137,-276,155
177,-307,154
209,-332,157
234,-334,161
249,-321,154
253,-300,143
247,-273,131
242,-225,128
237,-166,136
225,-106,155
194,-45,171
165,5,193
142,37,210
122,48,224
101,42,237
89,33,248
79,32,257
67,48,262
70,65,258
94,84,249
120,95,237
137,86,221
153,66,205
170,36,186
196,10,176
234,-17,154
274,-36,133
311,-42,117
327,-35,97
331,-22,85
328,5,80
308,37,84
287,75,91
274,112,110
243,153,145
220,187,178
212,215,204
207,228,220
202,240,221
199,238,208
195,227,190
196,207,160
188,184,126
195,167,96
218,158,74
240,153,57
267,153,37
298,150,14
335,144,-9
365,139,-29
385,137,-48
394,131,-62
405,119,-74
406,105,-79
399,95,-82
400,86,-82
406,82,-79
403,82,-77
406,73,-73
416,64,-70
414,69,-68
404,97,-71
394,128,-71
391,155,-71
388,173,-66
381,192,-66
376,200,-61
369,202,-60
375,202,-60
387,202,-63
403,202,-64
421,192,-67
448,186,-73
471,188,-79
481,188,-85
473,190,-93
462,196,-97
456,208,-108
454,226,-109
445,243,-108
438,248,-108
438,248,-116
432,242,-120
413,233,-127
398,225,-135
387,217,-135
372,207,-135
356,196,-136
332,195,-132
317,199,-137
313,203,-145
306,217,-155
301,237,-170
291,248,-183
281,255,-193
265,261,-205
248,261,-220
233,263,-238
219,265,-248
206,257,-260
196,249,-280
190,244,-296
184,240,-313
183,247,-332
175,258,-346
168,266,-362
158,277,-380
151,287,-393
154,292,-406
155,293,-421
155,291,-430
151,287,-442
147,281,-453
145,276,-461
139,273,-468
134,272,-475
120,279,-482
106,282,-491
90,286,-497
77,290,-507
60,291,-519
42,288,-527
27,286,-537
6,290,-550
-19,293,-565
-40,300,-577
-63,315,-590
-90,330,-602
-116,347,-617
-147,367,-629
-160,381,-639
-164,396,-653
-176,414,-669
-193,428,-681
-195,444,-695
-190,467,-706
-195,489,-717
-201,504,-720
-203,517,-722
-202,529,-725
-197,531,-725
-196,534,-725
-192,558,-724
-172,610,-723
-153,690,-723
-123,781,-728
-89,863,-737
-54,925,-742
-11,969,-737
37,1006,-738
94,1035,-740
143,1068,-743
163,1096,-754
186,1110,-774
225,1111,-784
258,1102,-795
259,1090,-794
243,1098,-762
218,1110,-714
200,1119,-663
197,1133,-617
186,1148,-569
165,1162,-515
135,1180,-459
88,1197,-394
33,1212,-328
-9,1209,-274
-26,1196,-222
-19,1152,-163
-25,1106,-96
-34,1070,-39
-33,1059,15
-4,1066,48
65,1098,56
150,1150,37
223,1190,-16
281,1212,-80
329,1229,-151
358,1232,-229
378,1226,-306
389,1228,-392
379,1240,-478
333,1253,-570
271,1263,-658
197,1268,-731
144,1278,-780
138,1295,-805
153,1293,-827
195,1281,-835
261,1280,-826
294,1288,-826
270,1314,-843
210,1356,-868
167,1403,-865
158,1444,-852
172,1467,-824
200,1479,-783
212,1467,-736
223,1435,-681
237,1406,-616
261,1386,-546
310,1378,-474
380,1367,-413
448,1364,-374
512,1368,-357
582,1360,-351
649,1358,-361
717,1365,-372
785,1363,-383
829,1359,-387
852,1357,-385
857,1346,-373
839,1321,-361
804,1293,-348
775,1261,-334
747,1208,-320
720,1151,-308
719,1108,-280
746,1074,-243
795,1057,-201
849,1036,-169
901,1008,-142
975,975,-123
1058,951,-97
1129,950,-74
1168,967,-59
1189,978,-46
1169,964,-40
1101,935,-33
999,888,-25
882,839,-16
776,758,-9
677,654,-4
589,563,16
503,500,40
417,466,59
341,450,81
274,439,96
226,399,99
208,336,92
207,277,86
232,229,85
267,205,88
320,200,86
408,212,74
522,242,51
644,269,32
736,286,23
786,307,19
793,351,20
743,421,22
638,477,26
529,421,26
421,267,22
290,110,26
123,2,32
-15,-80,44
-79,-197,49
-84,-327,45
-47,-445,37
4,-485,56
65,-438,100
86,-369,132
104,-359,123
178,-400,115
248,-424,128
292,-422,144
270,-430,160
174,-461,175
55,-500,192
-47,-551,208
-143,-619,227
-241,-699,271
-319,-764,309
-432,-763,343
-556,-769,373
-619,-807,404
-569,-873,421
-552,-866,429
-615,-807,447
-673,-793,487
-554,-867,468
-345,-934,376
-208,-916,289
-133,-849,236
-68,-761,214
3,-675,195
40,-576,180
12,-493,171
-41,-448,164
-137,-428,145
-244,-465,130
-341,-527,136
-369,-598,148
-351,-691,162
-305,-837,162
-301,-975,152
-301,-1078,161
-310,-1157,156
-289,-1249,111
-288,-1323,60
-296,-1378,21
-322,-1383,-7
-377,-1354,-9
-474,-1287,15
-569,-1202,58
-558,-1153,75
-473,-1154,37
-393,-1149,-9
-274,-1127,-44
-223,-1159,-79
-294,-1149,-67
-252,-1151,-84
-251,-1094,-108
-230,-1190,-145
-176,-1394,-205
44,-1490,-454
73,-1391,-755
-87,-1364,-994
-288,-1412,-1126
-580,-1473,-1151
-858,-1623,-1216
-1026,-1806,-1343
-1202,-1961,-1462
-1551,-2115,-1557
-1911,-2354,-1679
-2124,-2666,-1766
-2249,-2973,-1747
-2319,-3222,-1618
-2271,-3365,-1382
-2098,-3402,-1139
-1957,-3325,-1012
-1864,-3135,-1007
-1726,-2897,-1059
-1587,-2742,-1098
-1589,-2681,-1122
-1745,-2622,-1102
-2036,-2558,-1040
-2418,-2540,-1012
-2841,-2559,-1074
-3279,-2629,-1204
-3615,-2717,-1337
-3704,-2826,-1448
-3415,-3061,-1567
-2948,-3347,-1662
-2532,-3557,-1686
-2150,-3625,-1599
-1930,-3609,-1400
-1826,-3587,-1145
-1767,-3709,-898
-1676,-4112,-705
-1721,-4771,-610
-1761,-5390,-544
-1838,-5798,-502
-1920,-5885,-597
-1997,-5583,-813
-2019,-5111,-1046
-1980,-4666,-1213
-1894,-4300,-1282
-1751,-3939,-1298
-1611,-3607,-1304
-1428,-3262,-1332
-1182,-2888,-1413
-859,-2482,-1531
-562,-2105,-1676
-269,-1811,-1785
135,-1727,-1827
851,-1963,-1816
1886,-2516,-1794
2921,-3233,-1834
3602,-3892,-1951
3759,-4469,-2131
3237,-4871,-2390
1962,-4991,-2700
219,-4865,-3014
-1679,-4597,-3390
-3440,-4343,-3813
-4908,-4147,-4235
-5990,-4019,-4616
-6632,-3967,-4883
-6970,-3911,-4859
-7018,-3764,-4485
-6809,-3435,-3812
-6263,-2975,-2991
-5335,-2437,-2115
-4134,-1894,-1323
-2990,-1334,-693
-1859,-954,-178
-784,-728,255
4,-583,678
463,-490,1105
758,-395,1276
1020,-400,1160
1083,-495,948
912,-644,656
561,-886,303
113,-1240,-58
-361,-1656,-374
-812,-2067,-642
-1152,-2434,-835
-1353,-2662,-988
-1427,-2798,-1130
-1414,-2888,-1263
-1381,-2959,-1374
-1341,-2977,-1435
-1303,-2949,-1459
-1304,-2905,-1447
-1335,-2820,-1420
-1394,-2653,-1362
-1494,-2456,-1270
-1631,-2284,-1142
-1766,-2171,-1000
-1926,-2136,-838
-2104,-2128,-686
-2248,-1988,-581
-2319,-1691,-443
-2302,-1422,-352
-2252,-1332,-348
-2121,-1370,-421
-1974,-1376,-509
-1840,-1240,-566
-1686,-950,-672
-1503,-570,-849
-1341,-159,-1050
-1187,163,-1171
-1030,383,-1202
-951,494,-1185
-935,519,-1119
-917,555,-1006
-926,605,-874
-995,643,-736
-1125,653,-602
-1270,619,-447
-1387,558,-252
-1432,417,-167
-1420,253,-174
-1428,97,-157
-1436,-20,-101
-1455,-114,-77
-1463,-212,-70
-1409,-295,-96
-1293,-360,-142
-1226,-414,-148
-1155,-459,-154
-1105,-503,-164
-1081,-526,-186
-1062,-525,-197
-1046,-501,-207
-1028,-473,-219
-999,-451,-214
-973,-428,-198
-956,-398,-181
-941,-357,-171
-928,-310,-170
-914,-274,-172
-907,-253,-178
-896,-244,-180
-882,-242,-183
-886,-233,-188
-904,-224,-203
-932,-209,-218
-959,-213,-222
-966,-231,-222
-974,-241,-224
-984,-251,-227
-985,-247,-221
-966,-232,-213
-931,-205,-210
-886,-181,-210
-834,-173,-207
-784,-169,-205
-732,-154,-196
-706,-132,-190
-677,-119,-181
-655,-116,-175
-650,-112,-166
-643,-106,-153
-646,-103,-140
-650,-107,-131
-643,-102,-123
-646,-91,-116
-638,-65,-104
-633,-46,-98
-625,-27,-96
-614,3,-91
-599,22,-90
-578,32,-91
-567,47,-93
-551,50,-93
-539,55,-97
-533,67,-105
-528,74,-115
-507,87,-120
-503,96,-127
-492,100,-132
-482,102,-133
-476,104,-131
-457,104,-129
-459,103,-120
-469,87,-113
-467,70,-106
-447,47,-98
-413,33,-90
-371,20,-84
-335,15,-85
-308,15,-89
-286,22,-93
-262,19,-91
-238,14,-89
-219,11,-87
-202,11,-79
-184,10,-67
-174,11,-53
-167,7,-34
-160,4,-17
-147,-3,-1
-136,-5,16
-126,-14,33
-113,-27,50
-110,-39,63
-114,-47,76
-122,-53,87
-131,-62,96
-135,-70,109
-146,-79,115
-156,-84,119
-160,-76,125
-167,-69,126
-168,-61,121
-163,-51,116
-163,-45,110
-169,-26,102
-168,-3,95
-170,8,86
-168,15,76
-170,17,69
-170,22,62
-178,27,52
-181,32,45
-188,26,40
-198,19,34
-199,16,31
-207,15,26
-218,10,25
-218,1,21
-209,0,21
-201,1,24
-192,1,23
-176,2,25
-155,-7,24
-133,-14,26
-113,-9,27
-106,8,29
-102,15,33
-102,13,32
-110,7,34
-114,4,37
-118,4,43
-130,8,46
-135,0,51
-131,-9,55
-112,-18,54
-93,-12,55
-84,-3,50
-85,-3,46
-80,-20,49
-62,-43,48
-50,-55,44
-45,-52,37
-49,-41,28
-50,-29,20
-41,-19,12
-25,-12,4
-16,6,-1
-11,21,-1
-15,27,-7
-11,31,-6
-11,28,-4
-16,33,1
-17,38,6
-17,39,9
-19,40,10
-21,44,13
-33,46,20
-48,49,23
-60,43,21
-66,32,21
-57,21,22
-50,13,22
-40,14,17
-27,22,12
-12,31,7
-1,39,7
9,52,3
18,69,3
28,73,4
32,74,6
29,79,9
22,77,19
24,73,27
15,72,31
10,69,45
5,60,52
5,49,62
12,43,68
14,34,71
16,21,74
27,16,77
36,15,74
40,22,70
45,38,70
53,48,69
64,59,69
73,69,70
78,74,71
68,77,74
53,77,77
41,64,87
28,45,93
8,30,103
-8,19,107
-20,8,111
-29,-4,108
-29,-19,109
-33,-32,112
-28,-43,110
-20,-47,108
-21,-55,107
-24,-55,106
-22,-38,105
-26,-31,100
-36,-33,104
-38,-20,106
-48,18,105
-60,67,112
-61,96,116
-52,91,122
-49,83,128
-50,78,128
-60,77,131
-56,72,137
-44,58,146
-39,50,151
-54,43,154
-90,31,159
-122,21,160
-165,15,151
-199,17,143
-221,27,137
-224,37,124
-216,53,106
-203,69,90
-199,75,77
-193,76,67
-179,78,55
-171,83,51
-166,88,39
-136,88,26
-114,94,12
-107,86,-3
-100,61,-16
-102,31,-27
-104,5,-34
-105,-17,-46
-100,-36,-57
-99,-40,-66
-95,-39,-75
-94,-35,-77
-91,-14,-81
-90,-5,-83
-95,-9,-85
-103,-3,-84
-110,9,-82
-116,26,-80
-115,45,-77
-108,55,-76
-105,68,-73
-101,72,-69
-97,74,-62
-94,79,-52
-86,87,-43
-89,92,-38
-97,91,-30
-92,78,-22
-89,66,-13
-87,64,-6
-89,66,-3
-85,65,1
-81,65,4
-87,64,6
-95,64,6
-99,64,6
-102,73,7
-104,76,3
-105,79,3
-104,84,8
-102,85,5
-97,89,7
-94,88,11
-96,84,10
-90,85,11
-92,84,9
-93,81,12
-91,80,11
-89,79,13
-88,80,14
-92,80,16
-91,79,15
-88,78,16
-88,82,11
-80,84,12
-74,75,11
-67,67,12
-54,64,11
-38,63,10
-27,63,10
-17,57,7
-3,54,9
3,52,9
16,48,10
25,43,13
23,41,11
20,33,13
18,31,17
9,29,18
5,31,19
-8,35,18
-19,40,20
-34,42,18
-41,49,17
-56,60,18
-70,64,17
-82,66,17
-90,69,10
-94,70,9
-101,77,10
-108,81,12
-108,84,12
-113,85,11
-113,85,16
-114,87,13
-115,89,13
-112,95,15
-111,97,16
-105,98,20
-105,102,21
-104,108,23
-101,109,27
-94,105,29
-88,105,32
-84,104,33
-83,100,36
-77,97,37
-71,97,40
-70,98,39
-70,99,43
-66,99,44
-66,96,45
-64,95,43
-60,93,45
-61,92,43
-54,85,41
-52,84,38
-50,87,39
-50,89,41
-49,87,39
-47,85,38
-45,84,39
-42,82,40
-34,86,35
-32,90,34
-39,85,34
-52,84,35
-63,80,35
-70,70,37
-79,73,33
-77,73,27
-71,72,26
-70,74,25
-65,74,21
-56,74,19
-48,73,19
-47,73,16
-41,71,15
-45,68,14
-47,66,14
-51,61,12
-53,54,12
-55,54,12
-60,54,10
-63,50,10
-63,46,8
-63,44,11
-58,42,12
-65,41,11
-69,42,10
-68,44,10
-73,43,10
-74,46,15
-75,44,16
-77,46,16
-74,47,18
-72,48,18
-69,55,20
-67,57,21
-66,61,21
-65,59,24
-63,59,26
-60,60,27
-63,58,20
-66,60,22
-68,59,25
-66,62,24
-68,67,22
-62,66,22
-56,64,25
-59,64,27
-58,62,25
-56,61,24
-53,63,27
-52,61,25
-54,64,26
-54,62,24
-54,60,26
-51,60,26
-55,65,21
-56,68,22
-54,69,23
-63,71,20
-67,69,20
-70,72,19
-70,73,19
-70,73,19
-71,69,18
-71,73,17
-68,69,19
-68,66,22
-70,66,20
-73,65,21
-69,63,21
-66,61,22
-67,56,18
-68,55,19
-64,55,26
-67,58,25
-64,58,23
-62,57,18
-65,56,19
-64,56,19
-60,54,18
-61,61,19
-68,64,21
-65,65,21
-60,62,21
-59,65,21
-62,69,19
-61,68,22
-59,65,23
-61,65,23
-59,64,21
-53,62,23
-57,58,22
-54,60,21
-54,59,18
-55,60,20
-51,59,20
-51,57,20
-51,55,18
-49,51,19
-51,57,20
-61,62,21
-61,60,24
-54,63,24
-54,69,24
-56,78,23
-63,78,23
-72,72,21
-79,69,20
-88,64,24
-100,61,31
-106,62,29
-100,63,27
-92,68,23
-79,75,20
-74,78,19
-63,82,18
-53,84,15
-47,82,15
-45,77,15
-45,74,19
-45,69,18
-52,64,20
-53,52,20
-46,44,24
-50,38,22
-49,37,24
-52,42,27
-59,43,28
-65,49,26
-71,52,24
-70,56,29
-74,59,29
-75,57,27
-76,60,26
-70,62,25
-72,62,23
-68,65,22
-63,68,22
-60,69,23
-63,71,17
-65,68,22
-63,69,21
-64,72,19
-69,71,17
-68,71,19
-72,70,18
-72,69,16
-68,70,19
-66,72,18
-65,70,16
-66,66,19
-66,62,21
-61,59,19
-62,57,17
-66,61,19
-65,65,22
-69,71,20
-69,68,20
-72,71,17
-73,74,19
-70,74,21
-67,73,21
-68,76,23
-73,85,19
-74,84,20
-72,81,20
-70,78,19
-67,79,21
-68,76,20
-72,74,17
-71,68,17
-69,70,19
-68,68,18
-68,67,17
-67,64,20
-67,69,20
-67,62,20
-69,63,22
-67,62,23
-68,60,21
-69,62,20
-74,66,20
-74,68,21
-68,65,21
-68,66,19
-69,68,26
-69,71,22
-68,71,18
-67,71,22
-72,72,20
-72,74,19
-69,74,20
-69,73,18
-67,71,22
-70,73,19
-67,79,17
-63,79,17
-64,75,15
-63,73,18
-62,76,19
-60,76,16
-62,74,17
-61,75,17
-64,76,16
-64,74,20
-62,73,20
-55,75,19
-62,87,16
-66,94,18
-70,94,20
-71,82,24
-82,71,25
-93,66,23
-104,63,20
-103,66,23
-100,72,21
-89,77,19
-79,82,17
-66,90,15
-55,92,12
-45,92,12
-40,90,10
-42,88,13
-45,84,15
-46,78,13
-41,70,16
-43,63,19
-46,56,19
-48,54,17
-45,56,17
-52,55,17
-62,56,16
-66,53,16
-68,56,12
-72,61,13
-76,69,15
-76,75,16
-76,80,11
-75,82,11
-72,82,11
-73,81,11
-72,87,10
-70,87,12
-69,86,12
-67,85,13
-72,85,12
-70,82,13
-69,79,17
-68,82,13
-70,81,13
-68,84,15
-65,82,13
-67,79,14
-64,75,14
-62,73,14
-61,70,13
-66,72,15
-68,74,14
-71,75,14
-67,76,15
-62,78,15
-64,83,12
-68,89,14
-73,88,15
-71,92,17
-69,92,18
-72,91,15
-74,92,19
-75,91,18
-77,87,17
-75,86,16
-73,86,15
-73,82,17
-71,77,20
-68,75,20
-66,72,20
-68,72,19
-69,73,19
-73,68,19
-72,69,17
-71,68,18
-74,69,17
-73,70,17
-70,71,21
-71,72,20
-70,74,19
-69,74,18
-70,75,15
-69,72,14
-72,77,14
-72,79,16
-71,77,15
-73,76,16
-72,76,18
-70,74,17
-67,78,16
-69,81,17
-68,80,19
-72,76,18
-69,80,19
-67,83,20
-73,81,16
-69,82,13
-67,79,14
-67,75,20
-69,78,17
-67,79,19
-64,75,19
-67,75,22
-59,80,18
-57,85,16
-55,88,14
-58,90,16
-73,84,16
-77,76,19
-85,77,19
-95,71,24
-109,73,23
-109,72,22
-104,75,20
-94,79,19
-81,87,16
-77,96,13
-64,98,15
-58,100,13
-52,98,16
-52,94,14
-52,88,18
-49,78,18
-50,72,17
-49,65,20
-51,58,19
-53,55,19
-52,53,21
-54,48,20
-61,49,19
-66,49,19
-71,50,19
-74,54,18
-76,55,20
-74,58,19
-70,61,15
-74,67,17
-76,72,16
-73,72,15
-73,72,17
-71,71,17
-75,73,13
-75,69,12
-72,67,15
-73,68,14
-78,65,16
-77,66,19
-80,65,16
-76,64,13
-73,60,15
-73,60,18
-73,54,19
-71,49,25
-72,46,26
-76,50,22
-74,56,21
-75,60,19
-74,63,20
-75,67,19
-71,66,21
-74,65,20
-74,68,16
-74,66,17
-76,69,18
-81,76,18
-83,77,19
-78,75,19
-76,80,19
-77,81,16
-77,77,14
-81,77,15
-80,76,16
-81,75,17
-82,74,17
-80,72,19
-79,70,19
-82,67,19
-77,68,22
-78,65,22
-77,64,22
-74,67,23
-72,67,19
-75,64,19
-76,64,18
-75,67,17
-76,69,17
-73,73,16
-74,75,17
-75,74,16
-72,73,15
-71,71,17
-72,75,19
-69,77,19
-65,74,19
-62,72,16
-68,74,18
-67,73,19
-69,74,23
-74,76,20
-69,77,15
-67,77,16
-66,76,15
-59,77,16
-61,79,14
-61,78,18
-64,78,14
-69,79,18
-64,80,17
-56,83,17
-50,88,18
-52,89,13
-62,85,14
-67,85,19
-75,81,18
-87,77,22
-102,70,20
-104,63,20
-107,60,22
-102,70,19
-91,76,20
-75,80,18
-62,88,16
-54,91,11
-55,89,12
-52,85,15
-49,81,18
-47,76,19
-46,69,18
-49,64,20
-46,62,19
-45,61,21
-47,59,20
-51,56,17
-55,53,15
-55,53,17
-63,56,18
-64,57,18
-67,57,18
-71,61,17
-70,64,16
-73,66,16
-72,66,17
-67,70,16
-65,73,15
-66,75,15
-69,76,14
-70,78,12
-72,77,12
-72,75,14
-70,74,17
-69,71,16
-73,71,11
-74,71,14
-73,68,13
-74,71,12
-73,71,15
-71,66,16
-71,62,16
-72,61,16
-73,63,19
-72,65,18
-68,68,15
-71,74,14
-72,79,14
-72,81,12
-68,88,13
-70,112,11
-66,129,12
-71,108,14
-70,90,12
-73,86,14
-74,90,15
-75,86,15
-72,83,16
-70,80,17
-71,75,18
-69,77,19
-70,74,20
-69,71,19
-69,73,17
-72,74,20
-71,72,18
-69,70,18
-71,70,18
-74,73,19
-73,67,20
-70,63,19
-72,72,17
-72,72,20
-72,76,19
-70,75,20
-72,75,20
-72,78,19
-72,79,19
-69,80,20
-69,78,15
-69,74,14
-67,74,21
-68,75,18
-69,78,18
-70,81,18
-68,81,20
-68,79,20
-68,76,20
-68,75,18
-68,76,14
-68,77,15
-62,80,19
-63,77,16
-63,74,17
-61,76,21
-66,76,21
-67,78,19
-62,83,19
-52,88,20
-54,90,17
-58,91,16
-65,91,17
-72,91,19
-81,91,18
-94,86,17
-104,81,18
-106,70,20
-104,67,20
-98,74,17
-84,88,19
-77,95,17
-67,96,13
-58,94,13
-52,90,16
-47,87,15
-45,83,16
-43,79,18
-44,77,17
-47,76,16
-50,70,15
-50,65,17
-48,61,16
-49,61,14
-50,60,15
-51,59,16
-54,59,18
-59,60,17
-67,66,16
-67,68,16
-66,71,16
-65,74,18
-63,74,16
-64,75,15
-65,76,13
-64,76,12
-67,78,14
-70,79,15
-70,80,12
-69,80,15
-69,80,18
-69,79,18
-71,75,17
-71,77,16
-74,79,16
-72,77,15
-70,78,13
-67,75,15
-66,72,21
-62,71,20
-61,72,17
-67,69,15
-63,71,14
-65,70,16
-67,69,17
-62,68,18
-62,70,16
-63,73,18
-63,70,21
-66,75,18
-70,79,18
-71,78,15
-69,76,16
-69,76,17
-75,82,18
-76,80,17
-78,81,18
-76,82,19
-72,82,18
-71,80,18
-74,77,20
-75,75,19
-70,73,20
-70,75,22
-73,81,20
-73,87,21
-73,103,22
-66,118,18
-68,108,17
-70,90,13
-70,80,17
-70,76,19
-71,73,20
-72,77,20
-70,75,22
-68,74,22
-68,74,19
-70,75,16
-71,74,20
-68,72,22
-69,75,20
-73,79,20
-71,76,21
-67,79,18
-68,76,18
-65,75,20
-66,78,18
-65,78,18
-67,77,17
-69,78,16
-69,78,17
-66,74,16
-65,75,17
-68,76,18
-69,74,15
-69,76,18
-65,79,17
-54,86,17
-50,89,17
-57,92,21
-69,90,16
-77,90,16
-92,89,20
-98,81,23
-104,72,18
-103,67,16
-93,65,20
-90,74,23
-86,86,20
-75,91,21
-65,92,19
-55,90,18
-52,93,19
-52,94,21
-52,111,13
-52,123,13
-59,101,16
-58,81,14
-55,73,16
-51,67,15
-54,61,18
-54,59,14
-56,61,16
-60,63,17
-59,63,16
-65,65,13
-68,69,14
-70,72,14
-71,73,16
-71,74,18
-70,78,17
-66,80,17
-63,80,14
-64,76,17
-67,74,17
-69,78,19
-69,79,19
-68,74,20
-76,77,18
-78,76,15
-77,75,17
-75,75,15
-79,76,15
-73,72,19
-70,71,17
-69,71,17
-66,67,19
-67,69,19
-68,64,17
-72,64,17
-72,65,16
-67,65,18
-65,62,17
-71,63,13
-69,63,16
-68,67,16
-70,68,19
-73,70,20
-71,69,18
-70,67,17
-71,65,16
-73,68,17
-72,70,20
-73,72,22
-71,73,20
-74,75,21
-77,72,20
-71,71,20
-70,78,24
-75,95,22
-78,113,22
-78,104,23
-77,82,24
-76,65,20
-76,63,21
-70,66,24
-72,66,24
-71,66,24
-69,67,22
-68,69,23
-70,72,25
-73,72,23
-72,70,23
-68,71,22
-70,74,20
-72,74,20
-73,73,21
-72,70,21
-74,73,20
-73,79,19
-72,77,16
-73,74,19
-71,75,19
-70,72,20
-67,73,18
-67,71,21
-69,73,21
-69,75,20
-66,73,20
-61,74,21
-64,70,18
-63,72,19
-64,74,18
-65,74,19
-68,75,24
-63,76,22
-56,76,21
-55,80,22
-60,82,22
-68,80,24
-79,82,25
-93,79,24
-103,73,24
-107,68,24
-108,63,21
-105,70,23
-96,78,23
-88,86,22
-72,85,20
-62,93,20
-54,97,21
-51,91,20
-44,91,17
-46,85,16
-46,79,14
-48,75,13
-53,66,13
-48,56,17
-47,57,17
-51,52,18
-50,51,17
-52,51,17
-56,52,18
-62,53,18
-61,51,19
-65,58,17
-68,62,19
-71,64,21
-70,64,21
-68,66,17
-67,70,17
-57,67,18
-61,73,15
-63,74,17
-68,78,17
-67,81,19
-69,78,18
-72,80,21
-75,80,22
-78,76,20
-76,76,17
-71,78,17
-70,75,15
-69,75,14
-72,73,15
-71,70,18
-72,69,18
-74,70,17
-73,69,16
-73,70,16
-66,71,17
-63,69,16
-68,77,13
-66,80,18
-63,79,19
-67,79,16
-66,81,16
-65,83,14
-64,80,16
-66,82,19
-73,83,19
-77,82,19
-73,80,20
-70,83,20
-71,82,22
-72,78,21
-74,76,22
-68,74,23
-68,76,21
-67,76,21
-69,77,22
-67,76,20
-69,80,23
-70,75,22
-66,71,24
-66,74,23
-69,75,23
-70,75,23
-69,76,25
-68,76,22
-70,73,24
-76,78,21
-77,79,24
-75,81,20
-74,78,22
-69,74,23
-74,75,19
-78,80,20
-82,80,21
-80,81,21
-75,81,21
-74,80,23
-73,81,23
-73,77,23
-75,81,19
-73,82,19
-73,80,21
-72,80,18
-67,83,20
-68,80,21
-63,75,21
-64,78,20
-64,75,21
-66,74,21
-69,73,19
-70,70,23
-63,70,25
-58,79,21
-66,89,25
-69,94,22
-76,95,24
-84,86,25
-91,71,24
-103,65,25
-110,66,23
-111,69,23
-101,76,25
-97,86,21
-84,111,17
-72,127,17
-62,112,18
-51,106,15
-44,102,15
-42,93,14
-49,90,16
-49,82,16
-50,71,20
-49,63,18
-52,57,18
-49,51,18
-48,47,20
-52,46,21
-58,47,17
-58,50,19
-61,49,19
-63,49,21
-68,50,18
-70,56,14
-66,56,15
-66,59,17
-66,66,18
-69,74,16
-65,74,14
-67,75,15
-71,77,15
-72,80,17
-72,76,17
-74,75,17
-71,73,19
-72,71,19
-76,71,18
-75,71,18
-74,74,18
-75,69,19
-74,64,18
-74,61,16
-69,61,17
-68,63,19
-69,63,20
-76,62,19
-70,65,21
-73,67,20
-72,68,19
-67,73,19
-70,82,18
-68,82,16
-68,80,20
-75,85,18
-74,90,18
-71,85,17
-72,80,17
-76,80,18
-73,78,19
-75,78,19
-75,79,19
-78,76,21
-77,72,23
-77,70,26
-76,69,25
-79,65,22
-77,64,21
-80,65,23
-77,65,21
-75,67,22
-70,67,24
-68,66,25
-74,69,22
-77,72,23
-72,71,23
-74,72,20
-73,73,20
-73,71,18
-71,70,20
-71,72,23
-72,69,24
-75,75,20
-75,76,19
-72,71,21
-70,71,21
-64,71,22
-66,72,23
-69,76,21
-73,79,18
-72,74,21
-73,76,21
-74,76,18
-70,73,20
-67,73,21
-69,74,19
-63,73,17
-61,71,17
-64,69,18
-68,70,19
-66,70,20
-68,71,20
-69,66,22
-69,65,23
-69,70,20
-64,76,20
-61,88,17
-66,97,16
-71,93,20
-80,83,21
-89,69,24
-97,58,24
-105,61,21
-105,72,20
-97,76,20
-91,86,19
-82,96,17
-71,102,17
-59,105,17
-51,110,17
-41,110,14
-49,99,13
-51,88,15
-48,74,15
-47,64,12
-48,57,15
-52,50,17
-46,49,17
-50,49,20
-52,47,17
-54,49,18
-57,55,19
-64,57,17
-64,57,17
-66,64,20
-69,73,21
-69,73,20
-68,79,17
-65,84,18
-62,84,20
-63,81,20
-65,79,18
-65,78,16
-66,79,17
-66,78,16
-69,74,14
-68,71,16
-70,70,16
-73,72,17
-69,74,17
-64,77,19
-67,74,18
-66,73,16
-66,72,18
-72,68,20
-72,66,15
-67,67,16
-66,73,15
-62,78,15
-60,80,17
-59,80,15
-62,83,19
-66,87,18
-63,83,18
-66,82,19
-69,84,20
-69,87,20
-72,87,20
-71,83,19
-70,82,17
-67,86,17
-69,82,19
-71,75,16
-66,72,20
-67,73,18
-69,77,17
-67,77,19
-67,76,20
-71,76,19
-70,75,20
-64,75,20
-67,74,20
-66,75,21
-62,75,22
-61,80,22
-65,78,20
-64,78,20
-64,74,20
-63,73,20
-63,75,22
-65,78,20
-67,79,19
-66,77,20
-65,75,20
-66,74,17
-64,73,17
-65,79,19
-65,80,18
-67,78,17
-68,78,17
-68,78,17
-66,77,20
-72,77,16
-69,78,13
-66,79,17
-65,82,17
-60,82,16
-59,79,14
-59,80,15
-61,79,13
-63,77,14
-64,80,18
-66,78,19
-69,76,17
-60,71,17
-61,78,12
-60,95,14
-57,102,15
-64,100,16
-71,95,15
-80,88,17
-95,79,21
-103,80,20
-104,79,22
-103,84,18
-96,91,18
-81,94,16
-71,98,14
-68,102,14
-60,108,14
-53,107,10
-45,102,12
-46,96,14
-45,91,13
-44,85,12
-40,73,15
-41,62,16
-41,62,15
-42,58,15
-47,53,18
-52,52,15
-57,54,14
-57,53,16
-64,61,20
-71,68,18
-70,68,20
-73,69,15
-75,76,13
-68,78,15
-63,81,16
-63,79,18
-67,80,16
-69,83,18
-70,84,19
-68,79,17
-68,78,14
-70,77,17
-73,73,19
-72,72,19
-72,73,14
-70,74,12
-69,70,17
-71,64,18
-73,62,20
-68,62,20
-69,63,19
-69,63,17
-68,66,13
-64,65,15
-63,65,18
-69,73,19
-70,81,15
-67,81,18
-68,82,20
-68,79,20
-67,77,19
-70,80,18
-70,83,18
-72,83,18
-70,78,22
-73,79,21
-73,78,18
-73,78,20
-69,79,21
-67,78,24
-72,76,22
-71,73,21
-69,73,21
-67,73,20
-69,73,18
-70,72,15
-71,71,19
-66,72,18
-66,74,17
-67,73,17
-67,74,16
-69,74,19
-69,76,21
-73,79,21
-73,76,17
-72,75,18
-71,77,19
-65,73,20
-69,77,21
-71,76,21
-68,75,22
-69,74,21
-71,76,20
-69,77,19
-72,72,16
-69,72,16
-71,74,14
-70,74,19
-69,74,17
-65,79,18
-68,79,18
-66,77,16
-61,79,16
-58,76,17
-61,74,18
-64,74,18
-65,74,16
-62,70,13
-62,71,17
-63,75,16
-58,79,17
-54,89,15
-50,94,12
-55,94,15
-59,91,15
-68,89,19
-82,89,19
-94,78,20
-100,72,21
-102,72,21
-98,75,21
-91,80,20
-81,87,18
-74,97,12
-69,103,12
-60,104,10
-52,99,13
-57,98,16
-54,89,12
-47,84,15
-45,81,16
-44,76,12
-43,70,13
-45,73,13
-41,59,15
-48,49,13
-49,51,13
-52,55,17
-55,55,14
-59,59,17
-64,62,17
-66,62,18
-73,66,15
-70,70,17
-67,70,18
-64,72,18
-69,77,14
-70,80,10
-70,79,14
-70,76,18
-71,77,15
-73,81,13
-74,80,14
-76,78,15
-76,73,13
-76,76,14
-75,78,15
-72,76,15
-70,72,17
-72,70,15
-72,68,14
-67,62,13
-68,65,13
-71,72,16
-69,70,16
-66,71,17
-64,74,17
-67,78,15
-68,81,16
-66,82,17
-70,83,16
-73,81,13
-71,83,18
-70,83,19
-73,80,18
-71,83,19
-67,80,19
-69,78,21
-70,77,20
-69,77,23
-72,79,20
-73,76,16
-72,76,19
-71,76,19
-70,71,21
-73,71,20
-72,71,21
-73,70,18
-74,66,17
-72,68,19
-71,66,22
-72,70,22
-70,71,20
-63,67,23
-65,73,19
-67,77,19
-71,76,22
-72,75,20
-67,76,22
-66,75,22
-71,76,22
-70,78,21
-75,77,21
-72,73,20
-68,74,20
-69,78,17
-72,78,15
-69,76,18
-69,75,20
-71,75,21
-71,72,21
-71,72,21
-73,74,18
-71,68,22
-70,68,18
-64,66,16
-66,68,18
-73,73,15
-70,69,19
-69,72,13
-74,78,19
-76,75,23
-69,72,22
-58,73,20
-56,81,19
-63,89,17
-67,91,20
-77,92,17
-86,89,18
-94,76,22
-105,69,22
-107,63,22
-106,62,23
-101,68,21
-89,95,20
-75,163,16
-69,169,14
-64,129,7
-59,106,10
-55,96,14
-50,87,15
-48,79,14
-47,76,12
-53,72,12
-53,69,15
-49,64,18
-45,57,21
-49,58,18
-50,56,19
-52,56,19
-56,54,15
-61,57,15
-64,57,16
-62,59,15
-62,62,18
-66,65,17
-66,65,18
-66,72,15
-68,74,18
-62,72,18
-63,75,17
-63,76,17
-68,75,16
-66,76,18
-72,75,16
-74,75,15
-74,73,15
-73,73,14
-72,68,15
-75,68,13
-73,69,17
-73,73,16
-73,69,15
-70,66,16
-68,65,15
-65,68,16
-63,70,17
-65,70,14
-66,71,12
-63,69,13
-61,69,17
-65,69,17
-66,72,17
-65,76,18
-61,79,16
-66,77,17
-67,83,18
-69,81,18
-67,78,18
-69,79,19
-73,79,18
-69,76,17
-70,77,21
-71,76,20
-73,76,19
-70,74,19
-71,75,20
-74,78,21
-74,76,21
-76,74,22
-73,76,22
-67,76,21
-70,75,19
-72,76,17
-75,76,18
-73,76,20
-73,75,22
-71,75,19
-71,75,20
-68,76,22
-67,76,20
-71,76,17
-71,77,17
-70,74,20
-71,73,20
-76,76,19
-72,74,21
-71,71,22
-71,74,21
-76,80,20
-74,77,18
-72,74,21
-69,71,22
-71,69,20
-72,72,16
-69,74,17
-68,75,19
-65,70,20
-64,73,19
-65,73,18
-66,72,16
-67,74,17
-69,75,19
-72,76,17
-75,75,15
-71,77,17
-63,78,18
-57,83,18
-55,86,14
-59,92,17
-68,93,19
-72,88,21
-90,82,22
-102,71,22
-110,63,20
-111,62,21
-107,71,27
-94,125,21
-77,164,12
-67,143,11
-63,119,13
-64,102,15
-62,93,19
-59,88,15
-57,87,13
-58,80,13
-58,74,13
-58,69,12
-58,67,15
-57,61,16
-52,56,17
-54,54,16
-58,56,14
-59,57,13
-62,59,13
-65,63,16
-65,67,17
-70,68,17
-72,72,16
-70,74,15
-66,77,16
-64,79,19
-66,84,16
-68,83,15
-68,81,16
-65,82,15
-63,78,16
-65,77,17
-65,79,20
-70,81,19
-68,75,17
-69,69,17
-70,75,17
-68,75,20
-67,73,17
-63,66,17
-64,66,18
-66,65,17
-67,66,19
-68,64,17
-70,64,18
-70,66,16
-69,65,16
-73,66,13
-69,66,17
-69,67,19
-69,68,20
-70,68,21
-71,70,19
-68,69,16
-68,67,19
-71,70,23
-73,69,21
-75,71,20
-71,72,22
-72,76,22
-73,74,19
-76,71,20
-75,71,22
-70,66,23
-73,68,22
-73,68,24
-72,70,24
-74,70,23
-74,67,23
-70,69,23
-68,68,22
-66,70,21
-67,69,23
-65,64,23
-69,68,22
-65,67,23
-65,65,21
-67,68,22
-67,67,23
-69,65,24
-68,71,22
-65,71,23
-66,72,20
-68,71,20
-66,68,21
-68,67,20
-70,68,21
-69,72,24
-70,71,21
-71,72,21
-73,74,22
-72,75,22
-73,74,20
-70,74,21
-68,72,17
-65,71,19
-62,75,22
-62,75,22
-60,76,17
-63,77,19
-63,76,18
-60,74,18
-64,73,21
-67,75,19
-71,72,19
-69,69,22
-62,70,20
-55,72,20
-55,79,21
-63,84,19
-70,79,21
-78,75,19
-90,73,22
-102,66,23
-105,65,21
-103,68,20
-95,71,20
-86,76,22
-78,83,21
-70,86,22
-60,91,21
-47,96,19
-45,95,15
-44,94,16
-50,87,16
-52,80,16
-51,73,18
-57,67,17
-57,61,17
-53,59,14
-52,54,19
-49,48,19
-49,46,21
-51,43,19
-54,47,17
-58,51,19
-63,55,21
-64,58,19
-64,57,17
-61,63,18
-64,68,17
-65,70,19
-64,70,17
-61,71,19
-65,74,17
-65,76,16
-65,75,19
-68,77,18
-71,77,18
-70,71,16
-73,72,17
-72,76,20
-73,75,20
-74,77,19
-72,74,20
-72,69,17
-68,62,21
-68,59,19
-69,60,19
-68,59,18
-67,58,20
-70,65,19
-67,68,19
-65,69,18
-65,69,21
-66,72,18
-66,76,19
-65,78,20
-67,78,20
-70,79,20
-69,80,21
-72,81,20
-70,81,19
-70,79,21
-72,77,22
-68,76,20
-66,74,23
-69,68,23
-69,70,21
-70,72,20
-71,74,22
-70,72,21
-70,71,22
-70,74,21
-67,71,23
-68,70,21
-69,74,21
-70,73,21
-71,73,20
-68,73,22
-68,73,21
-64,72,23
-65,69,22
-68,70,21
-68,71,22
-69,71,22
-70,72,23
-74,73,24
-74,74,24
-71,75,24
-68,75,23
-68,72,23
-68,71,24
-67,70,23
-72,72,23
-72,71,23
-71,69,23
-74,72,22
-73,69,22
-71,72,22
-68,71,24
-68,73,21
-68,77,21
-68,77,21
-64,76,21
-67,75,20
-64,70,20
-66,71,18
-65,71,19
-62,68,19
-66,70,19
-70,71,22
-71,68,20
-63,71,19
-54,81,17
-61,95,16
-66,95,18
-75,89,17
-80,81,20
-92,69,21
-104,60,20
-107,63,20
-103,67,20
-93,77,21
-80,86,21
-72,94,19
-67,99,15
-55,98,14
-51,104,15
-44,105,17
-43,97,14
-41,91,15
-47,83,17
-54,70,15
-49,59,18
-53,52,17
-51,47,17
-53,45,17
-55,47,20
-55,51,15
-59,55,16
-64,56,16
-67,58,17
-67,59,17
-67,61,18
-65,66,15
-68,68,15
-64,71,19
-66,71,18
-64,75,18
-64,73,17
-62,71,21
-66,75,17
-70,74,19
-72,73,19
-74,74,16
-74,75,17
-73,73,16
-71,73,17
-71,70,15
-69,71,17
-67,61,17
-67,60,15
-69,59,11
-67,59,18
-67,62,17
-69,64,15
-63,71,17
-65,75,17
-66,80,17
-62,80,18
-61,80,20
-63,86,19
-60,81,21
-65,81,19
-70,83,19
-67,84,20
-69,84,19
-68,81,15
-71,81,16
-73,78,16
-69,79,19
-69,79,19
-68,76,17
-69,76,18
-64,75,20
-64,75,19
-66,74,18
-68,73,17
-71,73,14
-64,71,15
-65,74,19
-68,77,21
-67,75,20
-69,76,20
-71,73,21
-67,75,19
-67,71,20
-66,74,21
-68,75,20
-63,76,20
-66,75,17
-63,73,20
-63,71,19
-67,73,13
-66,76,15
-67,77,16
-66,75,18
-66,76,19
-68,73,20
-69,73,17
-75,78,14
-76,77,16
-71,76,20
-70,76,18
-65,73,14
-61,72,16
-64,72,19
-69,74,18
-67,79,18
-65,79,17
-63,77,17
-62,80,14
-62,75,18
-66,74,16
-69,72,16
-65,73,14
-68,74,15
-68,73,16
-64,70,14
-55,71,14
-51,84,14
-52,94,13
-62,95,12
-71,90,12
-79,83,16
-90,73,18
-96,70,18
-101,70,18
-100,72,17
-93,76,19
-84,87,15
-74,93,15
-62,95,15
-53,98,16
-49,101,12
-45,102,12
-46,95,13
-48,88,13
-41,78,16
-46,73,16
-44,67,16
-43,60,16
-45,58,16
-46,54,17
-47,52,15
-52,52,16
-59,49,17
-65,55,15
-67,56,16
-67,60,11
-66,65,11
-66,68,14
-68,74,18
-70,79,16
-71,80,16
-67,75,15
-68,81,14
-68,80,15
-66,78,15
-62,75,15
-69,77,13
-75,82,16
-74,82,17
-74,77,17
-72,75,17
-71,74,13
-72,72,12
-72,63,13
-71,63,15
-70,63,15
-67,62,16
-67,65,20
-66,67,18
-67,68,14
-68,70,17
-66,69,17
-65,75,15
-67,82,18
-67,81,18
-65,81,17
-66,85,18
-69,84,17
-69,86,16
-71,84,15
-69,84,14
-70,83,15
-63,79,16
-64,77,21
-71,79,20
-69,80,18
-69,79,19
-72,76,19
-71,72,17
-69,72,18
-69,68,20
-70,72,22
-73,75,21
-69,73,19
-68,74,20
-68,71,19
-69,72,18
-65,71,22
-67,76,18
-69,76,19
-69,75,20
-69,73,19
-65,75,18
-67,76,19
-66,75,16
-62,75,17
-66,74,16
-68,73,14
-66,73,17
-66,74,16
-64,72,18
-72,75,18
-72,76,16
-69,73,18
-73,74,12
-73,75,13
-72,74,14
-70,73,17
-72,72,17
-68,74,19
-66,74,17
-66,71,16
-67,71,16
-67,76,18
-64,75,18
-66,78,17
-66,75,17
-67,77,17
-65,79,16
-64,78,13
-69,76,17
-70,74,18
-67,72,17
-62,77,16
-57,85,16
-52,89,17
-59,87,17
-67,91,15
-79,89,15
-91,83,19
-97,78,18
-104,75,16
-102,72,18
-94,77,17
-88,83,16
-77,91,17
-70,98,17
-61,104,20
-58,99,12
-50,96,13
-47,94,15
-50,90,12
-49,81,17
-47,78,17
-48,72,15
-47,66,18
-47,63,20
-45,60,15
-48,55,14
-51,55,18
-49,53,20
-57,57,16
-61,60,13
-62,58,16
-68,61,16
-70,68,15
-67,72,16
-64,72,16
-65,76,15
-63,78,13
-62,76,13
-64,76,13
-63,79,17
-67,82,16
-67,78,16
-68,75,13
-71,75,10
-76,77,10
-77,75,13
-74,74,14
-74,73,15
-73,71,16
-72,71,15
-67,66,15
-68,61,15
-68,62,14
-67,67,16
-69,69,16
-69,66,18
-66,67,16
-60,68,15
-62,70,15
-64,77,12
-66,79,15
-65,80,17
-68,83,18
-71,85,15
-71,84,15
-67,83,17
-69,81,19
-70,84,19
-69,82,19
-69,78,19
-67,78,19
-71,80,17
-67,79,20
-70,79,21
-72,79,19
-70,77,18
-72,76,19
-74,75,18
-74,73,18
-72,72,18
-71,74,18
-69,72,20
-71,74,18
-73,76,17
-69,74,18
