4289,-703,530
4454,-723,379
4600,-695,230
4722,-639,91
4854,-527,-8
4966,-385,-63
5062,-262,-91
5145,-177,-81
5179,-131,-68
5155,-130,-104
5112,-189,-158
5055,-267,-185
4994,-359,-191
4953,-473,-158
4922,-593,-92
4884,-715,-31
4861,-847,48
4856,-984,188
4880,-1104,334
4914,-1238,422
4944,-1385,442
4971,-1548,436
4983,-1715,419
4982,-1863,406
4971,-1969,408
4960,-2044,375
4947,-2107,317
4934,-2149,317
4929,-2157,386
4920,-2129,436
4916,-2082,441
4894,-2011,408
4861,-1925,349
4823,-1825,275
4792,-1689,262
4761,-1497,302
4725,-1298,327
4677,-1138,289
4603,-992,184
4506,-854,73
4403,-707,20
4303,-568,10
4216,-446,7
4147,-331,16
4079,-225,42
4016,-142,59
3951,-93,29
3853,-51,-13
3735,-17,-58
3602,6,-91
3495,-2,-113
3430,-18,-128
3385,-12,-118
3363,5,-93
3356,3,-67
3349,-15,-19
3339,-26,50
3330,-44,112
3307,-65,157
3296,-51,189
3332,-35,221
3391,-69,227
3438,-144,207
3458,-181,199
3462,-183,211
3448,-181,219
3439,-173,220
3427,-139,223
3398,-46,241
3385,43,292
3407,66,382
3431,84,449
3445,108,458
3459,129,426
3447,159,385
3418,215,338
3368,256,294
3322,287,296
3299,271,325
3293,261,371
3305,257,423
3324,266,447
3333,302,474
3333,356,503
3328,394,512
3324,402,515
3329,380,502
3331,370,485
3326,406,473
3315,469,489
3313,513,510
3398,566,602
3344,639,669
3353,670,709
3346,733,744
3457,837,826
3357,953,784
3380,919,783
3517,1012,917
3379,1276,935
3417,1229,915
3476,1152,891
3513,1136,921
3551,1163,959
3599,1190,983
3644,1218,968
3673,1212,929
3707,1180,868
3678,1181,783
3608,1190,684
3524,1197,581
3485,1136,482
3421,1088,456
3414,1001,448
3462,958,484
3523,969,571
3650,908,636
3821,809,691
3962,743,783
4094,714,906
4216,606,940
4298,573,1000
4416,515,1043
4500,459,1071
4542,454,1106
4580,470,1149
4614,506,1220
4663,563,1365
4751,633,1521
4857,700,1615
4955,743,1634
5024,772,1608
5113,728,1536
5158,761,1425
5087,643,1267
5080,309,975
5031,-17,669
5067,-291,459
4867,-472,213
4746,-828,-55
4569,-1117,-158
4349,-1303,-129
4133,-1423,-52
3956,-1504,16
3788,-1504,111
3647,-1425,255
3547,-1308,416
3496,-1189,525
3496,-1075,544
3544,-965,499
3603,-870,403
3667,-805,267
3740,-747,120
3820,-683,-49
3897,-620,-243
3976,-571,-454
4052,-541,-626
4162,-525,-730
4288,-502,-775
4405,-477,-794
4492,-464,-803
4544,-471,-795
4553,-500,-758
4531,-528,-704
4512,-590,-657
4480,-634,-588
4454,-659,-502
4428,-657,-425
4409,-640,-352
4384,-619,-298
4351,-605,-263
4310,-569,-259
4275,-516,-270
4253,-459,-280
4253,-401,-282
4264,-358,-293
4276,-327,-321
4291,-297,-369
4288,-269,-415
4274,-249,-449
4290,-239,-470
4327,-243,-483
4359,-255,-519
4373,-268,-576
4373,-286,-621
4359,-303,-643
4329,-308,-654
4297,-304,-670
4276,-328,-684
4260,-369,-685
4248,-405,-681
4228,-441,-697
4197,-445,-678
4159,-443,-664
4129,-465,-670
4090,-489,-681
4042,-507,-674
4009,-510,-646
3974,-518,-613
3944,-527,-595
3912,-545,-601
3867,-553,-617
3814,-563,-644
3750,-581,-666
3669,-572,-692
3614,-548,-710
3603,-545,-743
3605,-549,-803
3592,-534,-881
3489,-466,-950
3607,-558,-994
3665,-449,-945
3746,-378,-939
3828,-327,-969
3842,-216,-1014
3900,-155,-1025
3897,-70,-1004
3896,12,-979
3935,70,-954
3987,102,-940
3989,174,-959
3976,243,-979
3986,260,-962
4047,297,-869
4045,442,-840
4043,514,-839
4034,545,-847
3979,603,-809
4031,588,-742
4023,667,-689
4062,702,-607
4051,793,-590
3997,880,-587
4017,847,-591
3962,867,-593
3987,837,-575
3998,802,-562
3961,809,-548
3977,809,-513
3998,837,-468
4038,796,-461
4027,777,-469
4029,755,-465
4014,777,-468
3998,721,-488
3956,689,-486
3919,711,-424
3895,716,-359
3897,685,-303
3879,665,-271
3858,659,-283
3837,660,-310
3805,668,-324
3790,664,-292
3783,678,-236
3800,712,-174
3832,765,-124
3871,825,-74
3894,891,-25
3905,911,21
3931,886,43
3963,848,79
3987,834,141
4000,805,201
4011,753,253
4024,688,289
4029,633,317
3987,606,316
3948,572,245
3896,551,135
3861,542,73
3859,515,85
3876,506,141
3931,478,199
3975,455,197
4009,428,178
4028,405,179
4058,349,150
4056,342,134
4042,417,160
4006,572,207
3988,688,252
4000,688,302
3978,713,403
3945,746,504
3897,805,562
3877,777,601
3881,636,598
3881,503,572
3854,397,533
3780,313,348
3760,144,153
3800,-59,57
3928,-295,117
4131,-518,321
4409,-766,474
4665,-991,507
4855,-1176,445
4974,-1276,326
4974,-1228,174
4970,-1168,-22
4966,-1084,-209
4963,-993,-471
4884,-847,-759
4763,-647,-1052
4641,-473,-1268
4624,-396,-1356
4735,-352,-1287
4866,-227,-1093
4966,-35,-802
5014,138,-480
5020,202,-225
5007,147,-55
4965,2,87
4856,-152,217
4730,-323,279
4649,-423,285
4644,-484,297
4690,-583,328
4738,-737,362
4783,-899,400
4859,-1047,448
4948,-1168,474
5019,-1254,459
5059,-1305,412
5041,-1317,343
4973,-1267,295
4878,-1150,245
4798,-1008,156
4750,-868,71
4731,-712,42
4740,-537,53
4761,-385,51
4783,-297,29
4786,-219,23
4788,-127,71
4804,-68,104
4793,-54,70
4729,-67,22
4643,-79,11
4552,-99,34
4434,-128,61
4304,-157,128
4208,-192,212
4141,-250,265
4074,-313,256
3988,-379,215
3874,-431,166
3740,-469,136
3593,-483,147
3422,-498,190
3263,-505,181
3100,-494,127
2976,-474,84
2881,-445,72
2830,-429,88
2799,-402,118
2784,-351,152
2786,-289,193
2797,-246,230
2829,-229,245
2854,-211,271
2880,-182,308
2915,-144,325
2969,-82,332
3034,8,350
3071,133,362
3066,201,348
3055,232,350
3056,245,371
3069,286,427
3084,330,494
3128,348,553
3076,397,603
3036,436,648
3019,466,714
3007,479,767
3022,458,811
2980,431,815
2933,416,792
2907,409,754
2893,429,729
2894,433,700
2899,450,686
2907,477,681
2910,513,689
2917,548,692
2944,568,708
2980,586,724
3011,599,745
3030,638,781
3039,659,792
3027,677,804
3039,666,806
3060,673,814
3083,701,830
3096,724,842
3140,741,882
3240,749,940
3331,770,1023
3440,796,1119
3552,836,1222
3692,842,1302
3859,841,1386
3958,885,1448
4079,900,1491
4165,880,1516
4292,829,1527
4384,821,1554
4457,827,1554
4548,759,1505
4570,743,1440
4599,720,1382
4636,638,1297
4636,612,1242
4649,579,1166
4604,533,1068
4546,429,960
4498,284,851
4425,221,779
4345,110,723
4303,52,716
4261,39,761
4200,102,862
4150,216,1040
4125,341,1232
4133,490,1452
4171,647,1721
4326,750,2025
4649,785,2319
5150,803,2520
5753,632,2501
6177,497,2217
6509,131,1572
6656,-211,762
6721,-392,56
6434,-687,-603
6108,-1096,-1077
5669,-1434,-1255
5231,-1671,-1107
4853,-1829,-775
4523,-1904,-429
4168,-1901,-193
3713,-1754,-69
3247,-1456,-11
2888,-1114,55
2752,-829,121
2775,-598,122
2892,-443,64
3081,-347,-39
3299,-241,-140
3535,-127,-217
3758,-40,-323
3947,16,-474
4095,77,-602
4198,145,-704
4258,182,-790
4288,181,-862
4303,143,-910
4310,66,-938
4307,-21,-935
4305,-121,-926
4291,-228,-910
4274,-338,-860
4289,-433,-778
4325,-473,-679
4383,-476,-574
4485,-488,-480
4581,-476,-385
4662,-440,-295
4729,-419,-237
4759,-404,-173
4753,-355,-99
4693,-287,-40
4593,-207,-34
4477,-114,-73
4359,-46,-117
4227,20,-178
4108,82,-235
4011,137,-272
3926,191,-276
3860,241,-276
3806,306,-282
3764,373,-298
3725,427,-294
3689,469,-270
3651,492,-264
3619,481,-258
3590,485,-231
3578,465,-207
3559,417,-206
3537,347,-221
3521,265,-231
3516,193,-221
3516,109,-212
3502,42,-224
3482,-19,-247
3458,-78,-271
3431,-124,-286
3403,-162,-289
3376,-176,-292
3364,-179,-287
3356,-178,-287
3382,-198,-281
3406,-191,-270
3413,-174,-262
3418,-142,-274
3425,-124,-291
3427,-87,-307
3422,-41,-351
3406,41,-369
3400,122,-349
3414,154,-332
3434,163,-332
3460,174,-323
3499,207,-300
3532,244,-274
3623,276,-246
3696,295,-227
3759,337,-204
3808,385,-174
3856,400,-172
3871,384,-177
3863,361,-191
3845,346,-225
3838,313,-270
3832,284,-329
3828,251,-388
3816,268,-406
3815,297,-399
3840,325,-356
3866,367,-318
3913,314,-320
3906,425,-280
3967,455,-240
3970,458,-257
3959,417,-290
3944,361,-316
3924,324,-321
3871,264,-372
3930,286,-294
3974,301,-282
4016,301,-296
4048,331,-298
4078,363,-300
4058,410,-297
4133,404,-318
4168,488,-283
4213,512,-246
4242,495,-205
4238,467,-184
4247,408,-133
4233,345,-129
4214,292,-132
4205,251,-115
4219,210,-76
4240,167,-7
4265,103,41
4275,42,61
4187,-3,13
4265,-73,75
4254,-55,83
4262,-145,29
4182,-119,-49
4174,-84,-128
4162,-17,-178
4148,85,-222
4176,186,-237
4178,300,-215
4226,389,-171
4250,502,-106
4253,601,-49
4231,675,7
4202,704,33
4167,706,45
4134,708,66
4094,723,110
4048,706,132
3988,663,115
3918,607,94
3856,517,70
3772,378,24
3677,190,-49
3615,-62,-85
3615,-334,-58
3666,-584,-17
3739,-797,-8
3824,-951,-44
3921,-1078,-115
4040,-1198,-212
4201,-1243,-188
4405,-1223,-124
4646,-1155,-67
4883,-1011,-28
5104,-781,-1
5186,-439,20
5486,-268,50
5558,5,56
5557,229,32
5487,358,-9
5339,363,-111
5161,287,-234
4974,193,-333
4818,66,-406
4715,-85,-433
4663,-231,-410
4643,-399,-336
4645,-591,-237
4650,-756,-112
4653,-910,44
4644,-1052,196
4608,-1181,318
4547,-1262,395
4507,-1312,465
4502,-1345,572
4519,-1341,698
4552,-1308,795
4598,-1259,835
4641,-1191,796
4662,-1088,706
4668,-943,609
4629,-774,513
4562,-598,444
4469,-415,395
4377,-252,374
4267,-124,323
4162,-49,265
4053,11,221
3943,67,211
3861,124,186
3792,144,168
3726,144,145
3668,139,150
3613,137,175
3569,123,213
3539,90,254
3502,41,291
3469,6,335
3444,-28,348
3405,-35,363
3359,-45,388
3325,-54,411
3309,-61,424
3309,-78,450
3294,-89,473
3296,-99,489
3277,-95,488
3260,-96,450
3231,-91,405
3204,-105,355
3174,-110,300
3140,-97,270
3100,-79,257
3074,-62,250
3080,-60,256
3087,-62,263
3090,-75,287
3080,-77,318
3070,-92,342
3050,-100,367
3024,-97,400
3013,-95,405
3016,-90,401
3036,-67,390
3064,-36,406
3090,-57,399
3112,-41,386
3143,-3,412
3165,1,420
3191,4,450
3220,15,515
3254,39,586
3288,83,644
3302,124,685
3338,131,661
3353,150,598
3344,221,554
3318,297,521
3313,334,499
3353,402,531
3297,436,475
3441,471,582
3394,559,637
3407,597,670
3491,604,739
3532,652,787
3561,720,836
3619,715,858
3652,741,871
4059,566,934
3824,1024,1084
3856,997,1001
3924,943,964
4008,967,966
4081,1024,938
4133,1081,888
4155,1129,795
4147,1153,673
4140,1148,553
4088,1126,449
4095,1074,350
4016,1054,282
4005,943,192
3988,820,111
4022,699,61
4064,574,26
4056,482,21
4061,344,15
4049,256,79
4012,288,265
3962,389,528
3905,546,815
3846,734,1093
3770,949,1321
3677,1141,1466
3533,1285,1469
3343,1366,1362
3132,1413,1280
2919,1439,1210
2725,1383,1107
2578,1258,1019
2519,1101,1034
2620,863,1227
2996,489,1597
3743,-92,2016
4866,-799,2264
6238,-1506,1971
7687,-1972,1043
8750,-2344,-675
9675,-2615,-2337
10188,-2684,-3285
10069,-2644,-3449
9213,-2608,-2942
7870,-2505,-2114
6513,-2340,-1326
5147,-2126,-810
4190,-2087,-557
3494,-1911,-355
2985,-1636,-190
2592,-1341,-136
2381,-1114,-172
2385,-944,-210
2599,-862,-246
2971,-811,-218
3424,-720,-116
3868,-599,-39
4274,-454,-19
4624,-287,-63
4902,-110,-153
5119,49,-264
5272,146,-381
5351,180,-455
5333,169,-476
5250,148,-438
5143,117,-355
5063,72,-267
4990,-6,-180
4922,-126,-142
4835,-275,-163
4742,-440,-228
4654,-588,-285
4574,-691,-323
4499,-736,-363
4401,-708,-394
4283,-676,-398
4164,-663,-374
4070,-674,-343
3975,-673,-304
3872,-649,-265
3614,-617,-292
3680,-724,-302
3422,-479,-265
3405,-455,-271
3343,-348,-264
3270,-288,-260
3246,-294,-299
3219,-259,-327
3185,-188,-348
3153,-143,-363
3131,-150,-386
3108,-154,-391
3096,-180,-383
3097,-183,-353
3101,-161,-312
3110,-150,-303
3107,-163,-329
3093,-200,-397
3059,-237,-470
3042,-272,-506
3070,-263,-477
3138,-231,-429
3212,-238,-421
3271,-284,-446
3323,-337,-455
3365,-335,-423
3412,-316,-374
3456,-259,-296
3529,-193,-230
3599,-156,-199
3670,-134,-194
3721,-85,-188
3752,-24,-183
3760,52,-173
3750,156,-152
3740,241,-129
3740,282,-107
3747,309,-97
3749,328,-109
3776,262,-139
3779,185,-219
3748,133,-289
3708,106,-337
3680,116,-350
3682,163,-337
3706,231,-319
3785,234,-297
3859,215,-314
3931,209,-335
3976,243,-319
4009,301,-273
4028,355,-233
4065,347,-154
4078,347,-127
4062,342,-120
4033,375,-117
4019,459,-94
4007,570,-92
4053,615,-11
4050,670,-2
4042,718,-6
4038,766,5
4045,787,37
4061,766,64
4047,758,61
4080,692,149
4098,631,189
4116,553,204
4126,479,216
4130,408,216
4120,319,192
4110,239,142
4105,199,97
4084,187,46
4049,178,-16
3999,180,-96
3951,208,-175
3914,260,-233
3888,330,-274
3867,411,-300
3857,500,-301
3864,583,-264
3878,669,-184
3910,735,-67
3937,772,67
3944,776,158
3944,751,221
3939,701,280
3923,618,310
3890,540,324
3852,451,337
3804,336,311
3745,176,265
3705,-31,232
3699,-318,245
3739,-610,311
3831,-903,371
3909,-1183,336
3971,-1442,213
4036,-1628,74
4079,-1850,4
4315,-2142,-85
4459,-2124,-116
4647,-1908,-98
4825,-1533,-85
5010,-1105,-108
5185,-734,-164
5278,-373,-273
5355,-83,-328
5419,80,-281
5431,137,-182
5395,122,-71
5340,49,19
5260,-168,26
5214,-376,5
5221,-470,3
5243,-512,19
5246,-580,52
5236,-708,108
5238,-868,166
5244,-1022,253
5253,-1151,332
5256,-1285,399
5263,-1415,441
5233,-1522,451
5240,-1708,401
5188,-1823,377
5165,-1845,450
5177,-1795,609
5238,-1768,764
5274,-1737,857
5271,-1677,861
5222,-1573,809
5136,-1407,749
5060,-1199,725
5007,-981,692
4949,-772,618
4864,-603,471
4736,-448,304
4593,-276,194
4479,-118,168
4374,52,175
4289,180,210
4205,302,236
4131,373,261
4057,389,288
3980,349,309
3877,298,297
3775,272,273
3625,274,279
3472,205,235
3341,139,187
3196,147,176
3091,143,196
3021,55,222
2961,-95,236
2904,-243,221
2832,-354,206
2766,-437,182
2709,-485,131
2670,-480,114
2667,-459,132
2672,-429,169
2688,-398,200
2704,-349,220
2716,-264,250
2734,-140,286
2756,-26,317
2769,53,346
2796,117,389
2770,191,393
2812,235,400
2779,377,445
2819,387,469
2878,440,524
2892,456,548
2928,417,565
3030,444,648
3018,510,677
3034,503,684
3098,477,674
3170,441,663
3204,414,641
3238,408,641
3194,475,650
3169,478,647
3173,429,654
3199,397,670
3214,421,715
3219,486,748
3206,550,753
3213,568,739
3217,587,707
3208,630,682
3187,690,672
3174,740,673
3206,772,687
3195,848,711
3238,860,744
3301,881,795
3367,896,869
3468,909,964
3604,886,1056
3717,890,1147
3816,887,1200
3939,874,1248
4020,870,1274
4076,834,1256
4088,785,1222
4096,720,1199
4099,604,1145
4105,479,1086
4150,341,1058
4178,216,1025
4189,134,995
4183,107,950
4181,96,886
4193,67,769
4204,38,630
4218,17,493
4193,85,410
4185,153,410
4165,208,431
4169,255,493
4177,310,585
4195,397,703
4152,497,808
4127,585,928
4070,723,1081
3996,876,1249
3973,977,1422
4086,1003,1649
4428,965,1982
4932,851,2302
5494,626,2407
6014,278,2199
6449,-140,1727
6808,-551,1167
7085,-970,618
7205,-1373,137
7088,-1751,-270
6947,-1914,-367
6306,-2121,-460
5770,-2261,-324
5198,-2139,-108
4620,-1885,2
4091,-1608,18
3642,-1306,8
3317,-993,37
3136,-747,102
3040,-489,111
3052,-242,100
3126,-51,52
3247,78,-56
3398,177,-190
3558,244,-309
3741,241,-379
3934,163,-432
4091,121,-455
4250,102,-445
4387,37,-467
4510,-96,-543
4559,-165,-605
4589,-264,-646
4615,-434,-684
4606,-584,-684
4595,-732,-638
4568,-875,-581
4526,-999,-532
4473,-1096,-472
4418,-1174,-417
4379,-1235,-360
4350,-1276,-319
4327,-1284,-274
4313,-1262,-249
4293,-1199,-244
4275,-1124,-239
4248,-1027,-233
4222,-930,-225
4198,-845,-230
4170,-769,-252
4138,-685,-287
4112,-604,-323
4091,-519,-355
4069,-432,-399
4052,-339,-437
4036,-253,-454
4023,-183,-462
4013,-128,-468
3994,-84,-473
3962,-42,-469
3917,-9,-476
3862,12,-496
3810,20,-513
3758,-1,-542
3718,-25,-559
3697,-58,-547
3698,-109,-488
3702,-167,-429
3704,-235,-393
3699,-321,-404
3684,-414,-436
3660,-496,-470
3642,-568,-488
3605,-636,-492
3583,-688,-479
3575,-743,-472
3576,-796,-501
3581,-835,-571
3592,-854,-650
3612,-844,-687
3651,-829,-654
3703,-814,-592
3757,-799,-567
3798,-783,-584
3848,-777,-601
3906,-778,-626
3931,-775,-665
3925,-760,-701
3918,-755,-758
3673,-692,-878
3827,-777,-974
3830,-631,-946
3864,-546,-947
3891,-483,-946
3930,-428,-917
3976,-405,-842
4036,-391,-779
4068,-376,-760
4081,-365,-759
4069,-338,-747
4064,-319,-719
4063,-308,-694
4066,-291,-668
4057,-263,-678
4047,-219,-697
4061,-178,-716
4083,-137,-758
4116,-94,-808
4151,-51,-845
4190,0,-860
4227,61,-856
4271,116,-832
4316,152,-785
4357,174,-723
4377,191,-683
4371,210,-665
4351,230,-647
4314,233,-649
4272,210,-646
4223,164,-634
4173,128,-623
4128,113,-624
4076,104,-621
4042,109,-625
4027,117,-628
4025,123,-631
4018,110,-636
3997,105,-648
3970,108,-653
3935,101,-658
3891,88,-669
3845,79,-671
3808,60,-660
3783,29,-649
3764,9,-653
3750,-11,-683
3731,-17,-740
3697,17,-776
3663,80,-792
3638,142,-799
3621,175,-806
3600,179,-783
3575,177,-741
3542,160,-689
3485,133,-628
3437,73,-547
3428,-57,-388
3437,-197,-193
3502,-279,-6
3638,-351,52
3646,-252,40
3660,-124,-56
3627,-50,-255
3619,-5,-419
3636,56,-526
3672,97,-584
3765,77,-607
3920,60,-580
4158,19,-482
4440,-44,-385
4733,-100,-312
4973,-169,-275
5148,-207,-300
5299,-213,-265
5446,-195,-148
5562,-232,-46
5624,-335,7
5645,-468,68
5629,-608,108
5566,-733,131
5479,-835,159
5394,-902,239
5312,-963,328
5223,-1030,415
5105,-1077,494
4982,-1127,523
4866,-1179,500
4670,-1133,443
4585,-1135,332
4503,-1237,202
4431,-1330,76
4382,-1354,3
4341,-1319,-34
4279,-1235,-43
4194,-1130,-3
4143,-1047,68
4112,-983,157
4108,-935,227
4129,-886,265
4142,-853,221
4113,-820,116
4045,-770,-10
3972,-721,-115
3907,-644,-141
3823,-540,-100
3783,-473,-54
3792,-462,-43
3804,-442,-55
3808,-397,-78
3795,-334,-98
3776,-273,-117
3760,-230,-135
3744,-193,-137
3725,-153,-117
3707,-104,-50
3728,-104,24
3724,-57,98
3817,-66,115
3966,-191,160
4084,-270,230
4106,-232,316
4085,-180,370
4052,-211,355
3997,-256,312
3948,-281,284
3885,-267,268
3810,-243,253
3770,-266,223
3778,-282,223
3801,-261,281
3822,-199,352
3833,-109,408
3844,-60,411
3830,-65,384
3793,-74,371
3744,-45,368
3674,0,365
3612,28,365
3557,53,390
3520,87,460
3485,119,520
3463,123,558
3450,110,580
3444,111,607
3442,114,645
3435,119,663
3427,122,660
3414,131,645
3401,138,633
3381,158,630
3357,191,651
3341,224,681
3337,255,754
3344,228,788
3335,238,825
3326,248,851
3308,272,877
3291,270,904
3266,256,913
3242,246,916
3215,243,912
3186,242,912
3151,236,913
3120,219,900
3099,196,910
3091,162,927
3107,129,974
3145,103,1053
3209,78,1154
3299,56,1268
3404,37,1387
3517,30,1500
3637,37,1608
3745,47,1680
3842,51,1719
3905,62,1713
3923,94,1664
3906,138,1588
3879,185,1512
3854,212,1414
3835,206,1302
3816,172,1195
3810,126,1122
3819,97,1095
3833,141,1114
3865,225,1179
3901,276,1272
3939,274,1373
3981,250,1465
4012,224,1539
4003,182,1583
3988,135,1603
3969,93,1610
3967,48,1613
4000,50,1631
4054,82,1648
4132,129,1667
4226,174,1684
4317,214,1677
4370,268,1653
4410,317,1613
4448,336,1569
4499,350,1547
4551,372,1538
4593,411,1545
4605,441,1569
4571,462,1605
4510,473,1664
4728,444,1792
4805,220,1836
4479,367,1906
4360,237,1972
4396,41,1930
4376,-24,1865
4419,-117,1692
4353,-196,1427
4215,-268,1129
4129,-461,794
3980,-534,560
3857,-599,387
3731,-650,278
3663,-720,211
3724,-794,209
3865,-810,268
4009,-729,338
4114,-590,383
4147,-433,362
4113,-298,309
4041,-204,238
3967,-127,167
3931,-100,77
3921,-104,-86
3898,-130,-315
3838,-150,-545
3788,12,-617
3762,-11,-751
3693,-195,-974
3622,-345,-1048
3588,-222,-926
3625,-101,-863
3674,-66,-880
3742,-67,-880
3854,-64,-843
3971,-35,-808
4064,-4,-797
4138,34,-778
4196,69,-740
4262,84,-651
4324,97,-557
4350,133,-482
4351,147,-424
4340,132,-403
4313,86,-403
4275,38,-416
4248,-20,-439
4199,-52,-504
4141,-39,-557
4105,-52,-585
4072,-62,-602
4055,-57,-613
4059,-23,-610
4071,36,-586
4090,91,-541
4109,120,-516
4121,133,-515
4128,162,-473
4128,203,-440
4113,227,-453
4115,134,-428
4099,78,-423
4062,44,-441
4005,31,-452
3950,23,-465
3901,22,-476
3881,6,-478
3843,39,-472
3783,57,-504
3663,37,-472
3708,-32,-456
3699,19,-395
3682,82,-338
3712,109,-305
3730,114,-225
3751,75,-186
3793,7,-166
3810,-44,-165
3812,-87,-186
3799,-69,-179
3767,-20,-185
3768,100,-181
3770,242,-188
3777,314,-170
3785,333,-202
3782,358,-218
3776,340,-223
3786,348,-193
3819,302,-164
3827,270,-182
3824,280,-184
3832,299,-169
3860,334,-145
3902,360,-127
3939,372,-99
3982,354,-99
4010,347,-109
4030,366,-107
4054,376,-121
4061,382,-127
4052,371,-147
4042,368,-170
4041,362,-186
4032,375,-195
4036,388,-200
4063,331,-178
4048,269,-204
4027,252,-242
4012,277,-254
4024,323,-229
4062,350,-197
4089,377,-178
4113,364,-169
4136,336,-189
4132,329,-201
4118,354,-223
4142,342,-210
4156,302,-194
4174,274,-209
4188,280,-210
4176,290,-209
4153,278,-223
4119,258,-222
4121,214,-202
4129,175,-193
4153,137,-177
4195,113,-167
4240,107,-178
4282,79,-181
4336,81,-150
4382,101,-115
4409,107,-89
4437,77,-71
4458,-9,-92
4444,-91,-126
4401,-112,-155
4356,-110,-174
4313,-116,-208
4278,-100,-271
4252,-62,-298
4240,9,-363
4226,128,-420
4236,266,-466
4244,421,-480
4246,571,-483
4269,690,-453
4297,779,-410
4326,883,-340
4365,897,-271
4367,930,-250
4375,968,-200
4374,974,-180
4347,978,-228
4304,975,-337
4277,905,-459
4314,746,-535
4446,524,-487
4658,304,-364
4892,116,-247
5087,-60,-193
5173,-156,-223
5152,-197,-329
5064,-232,-458
4958,-240,-609
4886,-199,-724
4811,-130,-794
4763,-94,-834
4697,-3,-824
4648,117,-771
4581,242,-698
4483,311,-620
4382,285,-558
4258,171,-526
4129,33,-519
4027,-128,-492
3899,-275,-445
3828,-457,-373
3773,-588,-253
3750,-659,-115
3788,-734,22
3829,-750,145
3888,-748,266
3975,-751,363
4063,-802,425
4171,-866,440
4237,-889,422
4294,-913,388
4372,-921,335
4467,-914,298
4568,-866,280
4672,-802,275
4764,-713,269
4835,-611,264
4869,-483,259
4890,-351,237
4897,-217,204
4898,-71,157
4899,73,110
4898,188,71
4885,269,31
4880,322,14
4872,353,9
4870,360,31
4866,334,90
4848,281,123
4812,178,123
4740,70,90
4637,-21,54
4533,-105,39
4435,-191,61
4331,-290,98
4221,-365,131
4112,-416,159
3996,-456,190
3884,-506,205
3769,-544,219
3657,-572,250
3538,-584,238
3427,-545,206
3298,-427,180
3174,-300,155
3068,-195,130
3038,-152,106
3088,-119,66
3083,-3,82
3061,154,116
3051,296,138
3062,367,139
3081,351,91
3064,377,87
3062,348,39
3034,323,17
3006,291,-8
3000,220,2
2992,114,7
2948,53,2
2899,57,-8
2844,88,-18
2802,51,-40
2771,-51,-84
2722,-139,-93
2689,-223,-91
2680,-356,-74
2684,-484,-39
2718,-546,51
2738,-612,107
2766,-649,170
2805,-614,273
2868,-572,372
2928,-534,431
2989,-462,446
3121,-420,477
3158,-340,475
3167,-292,447
3185,-250,426
3209,-214,422
3210,-170,408
3208,-144,364
3230,-116,332
3281,-77,330
3314,-36,334
3344,11,321
3404,47,293
3438,124,263
3455,190,252
3441,253,263
3452,287,281
3468,343,337
3502,405,414
3563,486,501
3578,586,584
3654,641,672
3719,681,743
3788,703,813
3882,717,868
4004,697,913
4105,687,958
4204,671,1018
4339,648,1080
4498,605,1135
4634,565,1157
4767,508,1137
4922,428,1050
4984,439,953
5021,429,851
5038,337,730
5035,214,664
5043,92,669
5065,-16,752
5080,-98,862
5086,-164,950
5082,-170,1036
5042,-107,1137
4979,-10,1248
4948,78,1394
4993,144,1567
5165,202,1787
5556,252,2000
6059,268,2067
6542,277,1916
6919,283,1577
7132,272,1171
7202,229,822
6960,312,421
6479,177,-4
5757,41,-356
4775,-12,-621
3898,-106,-667
3338,-218,-459
3024,-407,-19
2828,-523,391
2693,-511,674
2554,-406,768
2449,-281,755
2404,-160,732
2463,-95,761
2629,-2,835
2928,118,955
3258,159,934
3543,174,735
3761,210,454
3930,234,131
4034,305,-159
4091,374,-417
4114,432,-606
4125,473,-711
4133,457,-763
4117,396,-823
4073,311,-889
4003,222,-928
3938,134,-914
3871,56,-857
3804,-22,-809
3752,-84,-749
3761,-149,-668
3813,-199,-553
3902,-248,-420
4002,-268,-295
4096,-251,-198
4185,-219,-134
4267,-177,-111
4364,-150,-100
4436,-113,-94
4465,-34,-96
4444,79,-77
4409,179,-50
4374,231,-40
4341,270,-51
4318,279,-50
4305,258,-49
4281,268,-38
4252,278,-36
4204,283,-62
4130,304,-109
4031,317,-172
3926,318,-223
3838,324,-241
3775,321,-243
3735,304,-233
3710,277,-216
3672,269,-203
3633,251,-205
3588,212,-246
3553,144,-275
3368,24,-335
3463,-181,-275
3501,-161,-185
3460,-234,-176
3494,-404,-179
3477,-471,-129
3494,-533,-56
3520,-574,-1
3549,-583,30
3585,-595,32
3566,-582,12
3562,-633,-15
3552,-726,-164
3479,-695,-264
3416,-613,-276
3384,-517,-271
3357,-431,-280
3366,-369,-282
3403,-309,-267
3463,-283,-281
3510,-233,-246
3562,-163,-217
3605,-77,-195
3652,-3,-183
3689,65,-183
3728,96,-159
3734,126,-163
3723,161,-173
3697,206,-185
3684,204,-181
3657,179,-201
3608,129,-239
3554,89,-280
3516,76,-318
3470,101,-407
3514,98,-400
3576,117,-405
3648,133,-433
3715,148,-445
3761,201,-452
3842,179,-411
3888,156,-383
3912,109,-361
3918,47,-323
3870,19,-340
3863,-44,-274
3838,-63,-270
3808,-73,-285
3784,-45,-261
3798,7,-186
3841,76,-78
3896,159,-17
4001,165,121
4059,166,149
4118,154,133
4161,166,107
4167,190,40
4134,224,-80
4072,261,-247
3994,301,-431
3927,361,-594
3872,468,-728
3846,623,-802
3835,809,-822
3859,968,-788
3905,1073,-703
3978,1113,-602
4043,1155,-475
4110,1193,-349
4184,1199,-235
4248,1177,-133
4319,1129,-49
4386,1073,26
4445,1015,89
4490,988,157
4538,960,209
4571,894,253
4595,763,311
4586,602,355
4550,465,388
4481,334,400
4409,144,384
4344,-106,369
4316,-424,335
4287,-738,247
4288,-1021,116
4309,-1242,-14
4371,-1404,-82
4455,-1454,-72
4580,-1416,42
4694,-1292,150
4711,-1078,227
4722,-941,284
4664,-798,198
4616,-661,105
4530,-481,30
4475,-347,7
4492,-309,55
4545,-335,114
4625,-382,192
4748,-422,280
4893,-451,399
5030,-534,452
5138,-669,447
5229,-805,440
5286,-909,456
5337,-999,529
5388,-1109,627
5418,-1248,715
5445,-1390,761
5466,-1500,760
5504,-1592,751
5529,-1674,718
5499,-1720,654
5446,-1703,636
5460,-1774,638
5426,-1804,636
5376,-1742,656
5269,-1559,708
5223,-1476,744
5102,-1393,721
4935,-1276,654
4714,-1075,559
4520,-835,505
4346,-612,507
4187,-432,479
4037,-252,441
3888,-84,402
3746,89,362
3651,214,343
3574,287,331
3481,365,395
3503,341,461
3518,290,509
3513,294,527
3470,412,535
3475,489,516
3461,529,438
3442,565,417
3492,597,434
3376,670,442
3282,612,391
3203,463,313
3121,301,226
3054,163,157
3007,75,122
2963,44,122
2941,-5,152
2923,-27,205
2893,-17,269
2869,-37,294
2882,-164,262
2867,-274,238
2822,-289,277
2775,-202,307
2740,-101,360
2768,-108,379
2835,-207,378
2913,-316,378
2999,-376,383
3053,-347,338
3113,-316,250
3207,-334,110
3279,-364,14
3309,-400,12
3285,-492,57
3252,-548,89
3254,-528,142
3264,-481,197
3285,-443,215
3298,-396,199
3318,-338,187
3353,-303,204
3361,-252,243
3349,-202,296
3352,-147,349
3362,-65,395
3355,58,442
3342,158,475
3309,253,508
3265,347,525
3241,417,515
3237,461,501
3231,479,481
3271,463,465
3295,452,460
3306,462,468
3310,494,503
3285,498,508
3330,416,505
3381,344,510
3442,271,523
3539,197,555
3570,208,587
3627,229,631
3712,264,679
3809,311,716
3853,421,744
3896,481,769
3966,494,779
3944,575,756
3940,581,699
3994,483,612
4010,382,514
4025,268,435
4049,178,358
4046,155,329
3994,170,335
3935,151,346
3931,78,359
3972,34,399
4012,8,453
4065,0,511
4151,-13,580
4263,-44,686
4380,-83,893
4511,-121,1200
4620,-120,1548
4698,-111,1757
4744,-142,1716
4791,-194,1482
4821,-214,1208
4795,-211,1021
4689,-207,942
4566,-239,939
4480,-303,978
4467,-394,960
4522,-527,841
4628,-733,630
4800,-959,396
5051,-1259,134
5344,-1596,-158
5625,-1888,-452
5854,-2127,-750
6019,-2352,-1011
6083,-2528,-1233
6015,-2593,-1421
5839,-2610,-1532
5545,-2596,-1578
5150,-2507,-1521
4756,-2374,-1343
4392,-2198,-1132
4079,-1993,-958
3840,-1826,-875
3678,-1687,-846
3614,-1597,-846
3620,-1545,-897
3696,-1501,-970
3845,-1448,-1031
4057,-1458,-1115
4218,-1405,-1287
4420,-1159,-1309
4619,-932,-1317
4778,-758,-1317
4876,-583,-1298
4934,-435,-1259
4956,-331,-1213
4950,-295,-1167
4909,-267,-1116
4865,-277,-1045
4811,-312,-998
4753,-350,-959
4693,-382,-933
4634,-430,-936
4563,-419,-931
4501,-388,-924
4451,-360,-947
4408,-323,-983
4381,-276,-1000
4356,-240,-1034
4331,-147,-990
4306,-73,-939
4271,-50,-925
4197,-52,-995
4127,-45,-1019
4046,-30,-1041
3961,-24,-1073
3893,-28,-1106
3832,-15,-1120
3792,11,-1122
3753,25,-1133
3736,-29,-1170
3726,-110,-1211
3730,-195,-1240
3738,-273,-1255
3756,-319,-1251
3765,-366,-1274
3772,-415,-1321
3782,-456,-1324
3777,-479,-1317
3762,-526,-1324
3712,-552,-1344
3653,-592,-1341
3622,-625,-1337
3603,-639,-1342
3580,-619,-1337
3550,-571,-1328
3535,-535,-1325
3559,-526,-1324
3570,-461,-1361
3610,-381,-1411
3693,-348,-1458
3769,-301,-1482
3803,-187,-1428
3814,-62,-1342
3837,-8,-1294
3880,14,-1313
3958,23,-1376
4011,33,-1452
4052,42,-1478
4077,68,-1491
4101,80,-1568
4102,133,-1665
4094,200,-1743
4085,271,-1748
4086,300,-1701
4108,251,-1638
4125,169,-1603
4105,127,-1610
4057,125,-1659
3980,161,-1724
3901,214,-1788
3832,278,-1832
3807,325,-1834
3808,341,-1786
3827,333,-1703
3860,317,-1609
3886,309,-1517
3898,283,-1456
3892,228,-1426
3852,176,-1426
3802,118,-1437
3750,66,-1449
3690,30,-1457
3625,1,-1480
3571,-6,-1524
3529,7,-1574
3491,51,-1634
3458,97,-1703
3414,135,-1793
3375,165,-1864
3334,195,-1908
3302,191,-1887
3267,191,-1884
3227,198,-1869
3188,248,-1824
3138,333,-1770
3092,383,-1745
3041,387,-1727
3011,362,-1728
3003,339,-1699
3015,317,-1613
3024,266,-1514
3052,205,-1438
3116,160,-1388
3186,146,-1322
3255,126,-1203
3300,53,-1033
3358,-101,-866
3427,-325,-712
3502,-569,-547
3611,-821,-354
3769,-1033,-185
3973,-1219,-56
4226,-1315,-9
4461,-1251,-83
4688,-1042,-253
4843,-709,-433
4944,-333,-530
5036,10,-492
5103,345,-431
5169,571,-544
5259,808,-654
5239,1097,-658
5215,1341,-591
5255,1476,-506
5283,1572,-448
5211,1673,-413
5265,1673,-312
5201,1751,-186
5077,1800,-125
5061,1713,-61
5031,1593,22
5007,1479,127
5016,1308,212
5029,1107,251
5000,919,282
4953,740,307
4941,538,332
4985,316,409
5017,117,449
5077,-48,507
4975,-82,516
4981,-147,491
4957,-166,418
4832,-111,334
4644,-148,233
4523,-198,177
4427,-186,159
4360,-110,186
4299,-5,219
4192,115,185
4146,87,148
4059,109,152
3929,240,182
3874,269,214
3838,219,242
3799,189,252
3806,176,265
3822,182,321
3762,231,336
3701,259,332
3671,255,319
3609,273,296
3626,206,280
3642,151,287
3681,111,346
3710,51,457
3768,18,605
3856,-5,748
3914,-64,844
3974,-158,858
3981,-228,763
3955,-354,623
3949,-504,493
3895,-595,377
3807,-673,291
3718,-732,205
3616,-848,141
3474,-931,105
3375,-1035,126
3291,-1125,190
3221,-1102,312
3258,-1209,385
3296,-1262,418
3372,-1247,476
3460,-1213,535
3542,-1174,583
3699,-1180,601
3864,-1143,636
3928,-955,721
4027,-810,758
4207,-850,704
4227,-737,618
4187,-568,616
4108,-426,575
4024,-345,504
3953,-320,422
3916,-354,338
3802,-332,296
3636,-298,284
3474,-285,331
3298,-216,413
3187,-160,532
3148,-181,630
3221,-242,754
3315,-298,908
3491,-383,1061
3709,-510,1153
3898,-604,1208
4045,-711,1205
4134,-833,1150
4189,-967,1094
4188,-1075,1036
4135,-1143,989
4087,-1226,944
4015,-1330,953
3872,-1280,864
3779,-1301,793
3648,-1296,755
3511,-1247,778
3410,-1199,822
3392,-1156,932
3378,-1107,1057
3377,-1075,1121
3430,-1036,1161
3443,-948,1197
3468,-902,1185
3484,-885,1075
3443,-917,904
3375,-1025,792
3237,-889,697
3137,-747,716
3122,-705,740
3021,-602,779
2948,-537,843
2848,-445,891
2628,-317,968
2461,-188,1081
2412,-144,1235
2364,-28,1390
2371,56,1549
2366,111,1759
2309,192,1928
2301,241,2116
2371,287,2273
2416,282,2405
2458,334,2462
2551,531,2620
2631,738,2823
2649,893,2955
2617,953,3005
2466,1032,2803
2312,1047,2580
2204,1086,2442
2032,1132,2433
1841,1113,2402
1740,1072,2391
1735,1044,2252
1814,965,2104
2001,896,2002
2107,1007,1965
2447,808,1788
2892,606,1682
3592,242,1547
4524,-463,1146
5499,-1358,488
6321,-2213,-167
6657,-2719,-326
6653,-2717,17
6374,-2410,754
6096,-2127,1571
5762,-1962,2129
5481,-1963,2431
5004,-1988,2592
4288,-1892,2467
3449,-1824,1969
2419,-1802,1124
1568,-1744,546
1239,-1561,382
1446,-1399,589
1939,-1510,820
2371,-1558,997
2755,-1563,1213
3025,-1404,1464
3233,-1169,1724
3306,-809,1737
3336,-540,1640
3371,-449,1357
3499,-491,1100
3690,-617,1037
4058,-730,1089
4358,-850,1320
4586,-944,1457
4819,-1024,1458
4934,-1117,1546
4972,-836,1492
4946,-723,1453
4882,-755,1469
4761,-726,1559
4652,-724,1576
4488,-922,1529
4332,-728,1556
4130,-689,1611
3945,-562,1663
3742,-579,1442
3533,-614,1380
3392,-666,1297
3299,-726,1253
3201,-811,1133
3141,-940,1035
3139,-1057,952
3114,-1147,879
3073,-1208,810
3062,-1246,689
3023,-1265,544
2997,-1228,428
3014,-1166,378
3037,-1150,347
3191,-1108,374
3413,-1150,294
3597,-1096,246
3683,-1001,225
3746,-996,140
3751,-991,85
3777,-1044,59
3803,-1101,95
3834,-1146,105
3846,-1214,76
3884,-1245,81
3990,-1258,168
4095,-1281,204
4162,-1278,226
4186,-1349,156
4163,-1341,140
4120,-1361,42
4105,-1359,-60
4046,-1285,-112
4005,-1214,-103
3940,-1131,-63
3812,-1096,-50
3639,-1029,-16
3438,-1027,-7
3256,-1049,16
3085,-1084,57
2941,-1146,100
2886,-1299,101
2830,-1340,44
2797,-1384,-28
2831,-1427,-112
2852,-1433,-196
2886,-1404,-239
2998,-1389,-238
3152,-1463,-264
3323,-1484,-309
3481,-1407,-195
3639,-1478,-123
3814,-1588,-112
3954,-1638,-34
4106,-1994,-86
4221,-1828,11
4244,-1822,30
4180,-1866,-13
4074,-1914,-16
4028,-1814,91
3970,-1779,100
3874,-1793,-120
3813,-1639,-202
3817,-1407,-66
3788,-1161,124
3689,-1021,223
3547,-1007,234
3416,-1000,268
3293,-1107,269
2607,-1964,-278
1511,-2273,-504
1116,-1576,162
1239,-904,745
1517,-703,884
1672,-610,808
2108,380,1493
3725,1035,2301
3096,-737,605
2518,-302,500
2212,498,1055
1613,46,804
822,-885,87
678,-991,-64
1156,-578,376
789,-230,538
813,130,921
1104,340,1465
1377,463,1909
1353,587,2151
1102,485,2082
748,257,1770
178,-116,1268
-215,-167,1056
-362,-73,1100
-376,19,1222
-261,62,1133
37,201,994
175,323,819
101,301,508
33,194,198
95,7,-50
292,-185,-282
700,-159,-478
896,-557,-1271
475,-1513,-3113
281,-1566,-4596
392,-502,-4805
477,250,-4813
648,135,-5324
919,-422,-6253
1319,-1215,-7132
1742,-2026,-7508
2133,-2921,-7071
2577,-4072,-6130
2860,-5274,-5239
3125,-6767,-4147
3188,-8263,-3359
3036,-9673,-2971
2648,-10765,-2892
1926,-11027,-3013
895,-10401,-3195
-400,-9169,-3378
-1814,-7889,-3465
-3172,-7022,-3541
-4312,-6781,-3631
-5184,-6947,-3657
-5785,-7128,-3629
-6056,-7103,-3591
-5898,-6762,-3488
-5328,-5973,-3268
-4483,-4776,-2982
-3638,-3474,-2818
-2926,-2279,-2771
-2379,-1294,-2716
-1970,-380,-2472
-1630,509,-1934
-1328,1239,-1080
-992,1601,-8
-611,1523,929
-294,1060,1309
-248,402,1031
-606,-322,307
-1179,-1125,-720
-1751,-2006,-1936
-2266,-2917,-3150
-2651,-3766,-4026
-2824,-4401,-4392
-2662,-4772,-4383
-2195,-4970,-4132
-1721,-5103,-3603
-1666,-5215,-2863
-1945,-5564,-2462
-2529,-5897,-2908
-3431,-6162,-3810
-4466,-6306,-4809
-5341,-6416,-5785
-5475,-6784,-6432
-4789,-7335,-6692
-3495,-7924,-6075
-2479,-9546,-2921
-905,-13559,-3761
-949,-16156,-5759
-1669,-16954,-8766
-2643,-15371,-11849
-4328,-13140,-15541
-6626,-14449,-17306
-6485,-17921,-18181
-5050,-18158,-17988
-3230,-15794,-16069
-1037,-13212,-13261
1564,-12651,-10544
4109,-13926,-7811
6030,-14665,-5134
6869,-13164,-3361
6426,-10143,-2577
5317,-7451,-2749
4006,-5889,-3218
2672,-5147,-3211
1372,-4642,-2775
214,-3959,-2317
-644,-3177,-2047
-1245,-2392,-1904
-1648,-1596,-1746
-1853,-962,-1483
-1977,-323,-945
-1963,208,-351
-2705,934,0
-3087,1057,-219
-3058,1094,-446
-2717,1247,-668
-2137,1313,-773
-1540,1266,-883
-1133,1137,-926
-854,872,-968
-657,556,-1020
-539,313,-1053
-498,212,-1073
-472,187,-1141
-371,84,-1261
-179,-112,-1368
36,-298,-1437
294,-412,-1359
534,-492,-1117
665,-580,-818
570,-743,-666
347,-1121,-735
-68,-1866,-882
-698,-2821,-755
-1589,-4247,-650
-2228,-5527,-1732
-2240,-6172,-2878
-1962,-5894,-3108
-1601,-5162,-3328
-1160,-5194,-3760
-668,-5887,-3970
-174,-6506,-3849
200,-6737,-3611
380,-6634,-3501
433,-6453,-3607
417,-6328,-3749
362,-6314,-3785
276,-6304,-3637
135,-6200,-3325
37,-6070,-2967
-144,-5854,-2671
-381,-5544,-2476
-578,-5149,-2280
-687,-4738,-2002
-738,-4355,-1657
-759,-3978,-1265
-676,-3715,-955
-501,-3510,-703
-242,-3322,-519
27,-3095,-394
276,-2852,-324
512,-2679,-339
732,-2609,-408
896,-2588,-456
965,-2561,-434
780,-2478,-434
535,-2444,-468
381,-2488,-503
365,-2612,-539
449,-2755,-560
566,-2917,-569
657,-3083,-574
698,-3269,-597
714,-3476,-634
702,-3697,-701
704,-3929,-798
690,-4169,-880
653,-4363,-925
600,-4496,-942
560,-4565,-946
509,-4586,-975
460,-4567,-1065
356,-4458,-1213
273,-4389,-1384
250,-4358,-1531
294,-4371,-1570
421,-4423,-1468
565,-4400,-1344
716,-4276,-1267
873,-4138,-1158
1010,-4015,-1089
1122,-3936,-1075
1194,-3904,-1105
1210,-3889,-1151
1159,-3879,-1173
1088,-3885,-1162
1025,-3904,-1117
982,-3902,-1074
973,-3846,-1047
1018,-3756,-992
1076,-3641,-884
1127,-3523,-738
1153,-3450,-617
1145,-3404,-567
1102,-3390,-581
1029,-3412,-643
936,-3446,-709
830,-3469,-775
726,-3470,-851
628,-3490,-930
538,-3538,-998
465,-3623,-1060
401,-3743,-1125
350,-3879,-1197
313,-4018,-1270
286,-4149,-1360
260,-4241,-1451
236,-4289,-1526
218,-4311,-1581
219,-4316,-1629
237,-4305,-1665
270,-4280,-1662
311,-4232,-1616
373,-4188,-1543
453,-4162,-1480
527,-4131,-1428
593,-4106,-1382
646,-4082,-1328
679,-4045,-1279
685,-4010,-1246
681,-3995,-1256
652,-3985,-1272
605,-3968,-1308
552,-3942,-1343
495,-3919,-1363
432,-3900,-1371
378,-3884,-1376
324,-3866,-1380
278,-3852,-1377
241,-3856,-1367
215,-3865,-1362
202,-3872,-1370
199,-3872,-1381
205,-3876,-1399
222,-3889,-1407
243,-3894,-1393
282,-3922,-1372
326,-3967,-1352
367,-3992,-1331
399,-3994,-1316
418,-3990,-1317
431,-4001,-1328
433,-4025,-1333
430,-4049,-1323
416,-4051,-1321
397,-4026,-1323
383,-3990,-1327
375,-3967,-1332
374,-3951,-1329
386,-3936,-1307
402,-3920,-1279
426,-3901,-1256
452,-3876,-1235
476,-3860,-1222
502,-3850,-1192
523,-3842,-1159
537,-3832,-1143
548,-3821,-1137
551,-3820,-1130
545,-3822,-1138
537,-3829,-1152
531,-3841,-1165
525,-3846,-1178
529,-3848,-1185
537,-3849,-1176
553,-3840,-1162
573,-3834,-1147
589,-3830,-1151
591,-3828,-1162
585,-3828,-1180
577,-3830,-1197
567,-3831,-1207
553,-3831,-1207
535,-3835,-1214
517,-3844,-1237
504,-3860,-1273
497,-3871,-1299
493,-3877,-1317
489,-3894,-1324
489,-3914,-1329
494,-3935,-1326
500,-3980,-1300
519,-4016,-1310
534,-4008,-1328
548,-3984,-1323
561,-3960,-1308
570,-3944,-1293
565,-3922,-1287
555,-3919,-1295
545,-3918,-1315
519,-3917,-1326
485,-3905,-1326
457,-3900,-1329
431,-3895,-1341
414,-3897,-1341
397,-3899,-1341
391,-3893,-1329
396,-3888,-1325
404,-3885,-1327
415,-3891,-1339
425,-3892,-1323
438,-3895,-1316
448,-3900,-1322
461,-3904,-1335
471,-3913,-1346
479,-3925,-1354
487,-3935,-1363
493,-3943,-1373
497,-3945,-1366
509,-3943,-1361
505,-3933,-1359
500,-3924,-1356
491,-3915,-1358
486,-3912,-1358
478,-3913,-1361
476,-3909,-1345
474,-3899,-1334
470,-3884,-1322
469,-3859,-1307
478,-3854,-1301
487,-3864,-1308
502,-3877,-1310
512,-3884,-1312
516,-3895,-1326
520,-3905,-1335
525,-3920,-1341
527,-3930,-1342
527,-3932,-1342
528,-3937,-1344
526,-3944,-1355
523,-3951,-1360
526,-3951,-1357
533,-3944,-1352
537,-3934,-1340
542,-3918,-1326
544,-3910,-1322
540,-3900,-1322
539,-3895,-1321
529,-3895,-1326
521,-3892,-1331
515,-3894,-1336
510,-3896,-1336
507,-3888,-1333
511,-3885,-1338
513,-3882,-1343
514,-3874,-1339
516,-3873,-1322
518,-3868,-1296
521,-3862,-1273
519,-3856,-1264
518,-3856,-1268
514,-3865,-1280
505,-3875,-1292
490,-3882,-1295
480,-3888,-1309
471,-3895,-1328
463,-3896,-1334
465,-3894,-1327
473,-3892,-1318
482,-3886,-1308
489,-3882,-1299
494,-3881,-1296
494,-3881,-1298
490,-3882,-1303
482,-3881,-1305
475,-3878,-1309
471,-3878,-1312
473,-3881,-1307
478,-3888,-1301
485,-3881,-1302
488,-3863,-1301
499,-3865,-1291
510,-3869,-1288
518,-3886,-1301
524,-3899,-1311
526,-3901,-1327
526,-3907,-1351
517,-3923,-1355
510,-3932,-1346
505,-3925,-1328
504,-3906,-1317
502,-3889,-1312
501,-3885,-1312
498,-3885,-1309
500,-3886,-1300
498,-3880,-1292
505,-3866,-1292
507,-3857,-1297
513,-3853,-1310
519,-3854,-1319
521,-3856,-1321
522,-3841,-1316
528,-3871,-1301
549,-3920,-1292
569,-3918,-1285
575,-3877,-1272
573,-3845,-1261
568,-3841,-1267
562,-3869,-1293
542,-3888,-1331
533,-3928,-1342
524,-3939,-1323
516,-3921,-1310
505,-3900,-1306
499,-3891,-1319
495,-3897,-1324
486,-3905,-1322
485,-3900,-1315
486,-3885,-1308
488,-3879,-1306
489,-3875,-1306
491,-3876,-1297
494,-3874,-1290
493,-3876,-1302
495,-3882,-1321
489,-3895,-1328
490,-3901,-1335
492,-3902,-1333
494,-3895,-1327
503,-3886,-1320
512,-3885,-1318
519,-3888,-1316
526,-3892,-1314
535,-3901,-1317
538,-3904,-1315
535,-3908,-1314
528,-3909,-1311
517,-3905,-1308
506,-3900,-1309
497,-3895,-1313
493,-3897,-1327
494,-3902,-1337
501,-3899,-1333
513,-3889,-1317
519,-3879,-1302
527,-3877,-1295
531,-3881,-1291
526,-3882,-1299
523,-3881,-1306
518,-3884,-1314
515,-3889,-1317
511,-3893,-1319
515,-3895,-1316
520,-3891,-1317
521,-3892,-1321
519,-3889,-1322
521,-3885,-1319
515,-3879,-1313
518,-3870,-1298
517,-3862,-1291
520,-3867,-1295
524,-3874,-1306
523,-3877,-1312
513,-3877,-1310
504,-3867,-1308
495,-3863,-1316
489,-3870,-1317
487,-3880,-1319
493,-3877,-1318
492,-3866,-1311
496,-3854,-1299
502,-3857,-1292
511,-3859,-1292
518,-3859,-1297
518,-3863,-1296
513,-3867,-1302
507,-3869,-1308
504,-3876,-1311
501,-3883,-1315
501,-3884,-1321
496,-3884,-1324
494,-3887,-1331
501,-3888,-1333
504,-3882,-1323
503,-3875,-1315
500,-3863,-1312
493,-3851,-1317
493,-3839,-1324
487,-3836,-1324
486,-3823,-1315
486,-3791,-1308
500,-3795,-1306
518,-3834,-1277
512,-3800,-1246
512,-3769,-1228
519,-3771,-1249
518,-3792,-1265
518,-3814,-1279
526,-3832,-1282
533,-3854,-1308
538,-3877,-1327
532,-3880,-1326
534,-3891,-1329
534,-3909,-1343
533,-3918,-1358
539,-3918,-1394
564,-3965,-1436
553,-3952,-1315
525,-3924,-1283
520,-3940,-1317
514,-3954,-1367
500,-3931,-1398
501,-3919,-1389
516,-3931,-1360
530,-3933,-1345
548,-3933,-1340
560,-3928,-1348
563,-3931,-1359
559,-3928,-1369
549,-3922,-1382
538,-3917,-1384
525,-3925,-1364
524,-3930,-1343
530,-3907,-1337
530,-3879,-1328
533,-3873,-1324
525,-3870,-1313
512,-3856,-1300
501,-3847,-1305
491,-3850,-1317
483,-3863,-1335
474,-3872,-1338
471,-3898,-1346
454,-3892,-1341
448,-3881,-1340
444,-3880,-1357
444,-3898,-1374
449,-3920,-1383
448,-3915,-1374
447,-3898,-1350
453,-3890,-1335
462,-3890,-1327
467,-3893,-1329
474,-3896,-1327
478,-3892,-1337
481,-3891,-1341
482,-3900,-1348
488,-3910,-1347
496,-3914,-1341
507,-3913,-1347
509,-3918,-1354
505,-3920,-1357
497,-3915,-1357
488,-3913,-1360
479,-3911,-1359
475,-3907,-1356
472,-3906,-1349
471,-3896,-1341
475,-3891,-1335
476,-3874,-1328
480,-3859,-1311
484,-3845,-1312
489,-3869,-1309
498,-3884,-1304
502,-3878,-1311
503,-3860,-1320
506,-3859,-1329
503,-3877,-1347
507,-3899,-1360
510,-3909,-1365
512,-3906,-1365
517,-3900,-1363
518,-3905,-1367
518,-3921,-1378
521,-3934,-1380
526,-3942,-1375
530,-3936,-1372
521,-3919,-1366
511,-3905,-1362
503,-3909,-1355
509,-3893,-1393
515,-3926,-1339
491,-3897,-1251
486,-3865,-1247
491,-3850,-1275
494,-3834,-1294
492,-3839,-1290
496,-3846,-1269
496,-3837,-1259
497,-3820,-1250
495,-3809,-1240
493,-3807,-1241
493,-3814,-1245
494,-3821,-1251
500,-3831,-1252
501,-3827,-1259
504,-3841,-1266
510,-3867,-1259
514,-3879,-1267
511,-3864,-1269
507,-3855,-1280
497,-3866,-1293
489,-3887,-1307
486,-3905,-1314
483,-3902,-1318
480,-3886,-1318
475,-3876,-1319
474,-3878,-1314
472,-3880,-1312
474,-3877,-1311
474,-3864,-1312
474,-3854,-1314
475,-3847,-1314
478,-3853,-1314
479,-3864,-1318
483,-3873,-1327
482,-3875,-1331
486,-3876,-1327
487,-3880,-1339
489,-3890,-1356
495,-3910,-1376
492,-3919,-1386
487,-3916,-1383
488,-3916,-1379
486,-3915,-1376
495,-3917,-1385
501,-3929,-1389
512,-3934,-1397
513,-3925,-1387
514,-3918,-1376
510,-3916,-1373
505,-3915,-1372
496,-3910,-1372
482,-3907,-1370
466,-3900,-1367
450,-3899,-1363
444,-3897,-1361
444,-3896,-1364
456,-3900,-1369
474,-3905,-1374
490,-3894,-1362
512,-3875,-1346
527,-3856,-1343
537,-3875,-1343
546,-3903,-1333
551,-3918,-1317
554,-3911,-1310
558,-3897,-1324
554,-3890,-1316
532,-3874,-1306
510,-3879,-1305
490,-3883,-1307
474,-3884,-1317
462,-3873,-1316
460,-3871,-1315
462,-3874,-1321
472,-3879,-1316
479,-3878,-1311
488,-3873,-1303
489,-3868,-1298
486,-3863,-1298
486,-3867,-1298
477,-3869,-1297
469,-3862,-1299
462,-3860,-1308
455,-3867,-1314
449,-3875,-1314
448,-3879,-1315
455,-3877,-1312
463,-3877,-1315
469,-3885,-1317
474,-3892,-1325
473,-3895,-1333
470,-3901,-1335
467,-3904,-1332
464,-3900,-1328
467,-3894,-1337
471,-3898,-1338
479,-3904,-1341
484,-3908,-1341
487,-3911,-1334
493,-3913,-1334
496,-3913,-1335
499,-3912,-1337
499,-3917,-1340
492,-3915,-1338
483,-3905,-1332
474,-3901,-1334
471,-3900,-1343
467,-3901,-1348
466,-3899,-1349
467,-3894,-1340
473,-3897,-1332
484,-3888,-1331
487,-3892,-1328
494,-3906,-1337
497,-3913,-1329
491,-3900,-1314
491,-3898,-1310
488,-3903,-1318
483,-3909,-1311
483,-3912,-1313
486,-3909,-1318
488,-3898,-1315
488,-3890,-1312
485,-3889,-1310
482,-3887,-1305
483,-3886,-1299
476,-3881,-1293
473,-3882,-1299
466,-3883,-1302
456,-3883,-1302
449,-3876,-1296
447,-3872,-1300
451,-3876,-1301
454,-3875,-1288
459,-3879,-1281
463,-3877,-1283
474,-3885,-1280
479,-3892,-1288
479,-3897,-1296
482,-3895,-1299
483,-3897,-1300
486,-3893,-1302
485,-3889,-1303
487,-3886,-1305
482,-3886,-1301
479,-3882,-1293
476,-3870,-1287
471,-3865,-1282
466,-3868,-1277
461,-3869,-1277
452,-3866,-1288
448,-3873,-1298
445,-3879,-1300
444,-3885,-1302
446,-3882,-1306
457,-3894,-1298
465,-3903,-1295
472,-3905,-1305
481,-3904,-1314
483,-3905,-1319
484,-3905,-1320
488,-3899,-1318
484,-3898,-1323
483,-3909,-1314
479,-3901,-1304
485,-3894,-1292
487,-3888,-1291
488,-3894,-1294
484,-3896,-1300
480,-3902,-1312
471,-3910,-1325
464,-3915,-1336
453,-3909,-1334
448,-3904,-1328
446,-3897,-1320
454,-3895,-1310
461,-3898,-1311
477,-3900,-1322
498,-3869,-1423
510,-3938,-1349
480,-3922,-1285
489,-3930,-1303
501,-3923,-1333
506,-3904,-1350
510,-3907,-1332
519,-3925,-1303
525,-3928,-1297
529,-3918,-1297
521,-3911,-1299
507,-3906,-1303
490,-3911,-1312
474,-3919,-1324
464,-3915,-1323
453,-3910,-1323
446,-3899,-1312
453,-3896,-1303
455,-3892,-1297
458,-3881,-1281
463,-3875,-1268
461,-3870,-1263
456,-3869,-1270
447,-3875,-1288
447,-3878,-1294
444,-3883,-1295
440,-3886,-1294
437,-3885,-1294
440,-3881,-1286
441,-3883,-1287
446,-3887,-1292
455,-3898,-1296
459,-3900,-1290
461,-3892,-1280
462,-3884,-1277
459,-3882,-1276
460,-3887,-1279
465,-3892,-1284
468,-3891,-1285
474,-3886,-1283
474,-3882,-1284
472,-3886,-1292
469,-3891,-1298
463,-3887,-1294
458,-3890,-1296
455,-3890,-1303
455,-3892,-1316
458,-3901,-1325
461,-3904,-1329
468,-3898,-1315
473,-3888,-1299
478,-3880,-1294
488,-3880,-1298
490,-3879,-1302
492,-3895,-1307
488,-3907,-1303
484,-3905,-1311
482,-3894,-1320
477,-3890,-1327
479,-3903,-1333
477,-3911,-1330
477,-3904,-1321
475,-3893,-1323
478,-3891,-1327
479,-3900,-1336
476,-3908,-1338
480,-3907,-1336
475,-3901,-1336
473,-3896,-1331
466,-3894,-1330
468,-3891,-1329
472,-3890,-1326
471,-3888,-1330
474,-3892,-1331
476,-3896,-1331
473,-3895,-1332
468,-3898,-1330
463,-3896,-1330
464,-3897,-1331
463,-3891,-1328
465,-3888,-1324
470,-3889,-1326
470,-3889,-1323
473,-3888,-1316
475,-3885,-1316
473,-3885,-1324
471,-3889,-1326
468,-3888,-1317
470,-3881,-1311
470,-3879,-1308
471,-3883,-1312
473,-3881,-1313
469,-3881,-1315
465,-3881,-1320
464,-3881,-1327
463,-3878,-1323
467,-3871,-1315
469,-3864,-1315
472,-3881,-1323
477,-3891,-1331
477,-3896,-1337
476,-3890,-1335
472,-3885,-1330
468,-3883,-1327
468,-3886,-1334
468,-3891,-1338
469,-3891,-1334
471,-3888,-1334
481,-3885,-1334
487,-3887,-1337
494,-3892,-1341
493,-3900,-1345
491,-3902,-1345
488,-3900,-1343
487,-3890,-1339
477,-3881,-1333
471,-3875,-1325
467,-3870,-1322
469,-3871,-1325
470,-3878,-1330
473,-3882,-1338
475,-3882,-1346
476,-3881,-1349
480,-3875,-1347
488,-3885,-1337
498,-3889,-1328
513,-3881,-1316
531,-3882,-1300
549,-3884,-1295
551,-3893,-1313
537,-3897,-1324
514,-3893,-1330
488,-3890,-1335
461,-3889,-1348
442,-3885,-1357
437,-3882,-1353
436,-3881,-1349
447,-3882,-1343
458,-3877,-1332
465,-3867,-1315
471,-3855,-1298
474,-3846,-1292
470,-3842,-1293
463,-3843,-1294
457,-3847,-1298
458,-3850,-1306
454,-3857,-1319
455,-3868,-1330
457,-3878,-1336
461,-3884,-1338
465,-3890,-1339
467,-3890,-1342
470,-3895,-1341
477,-3895,-1343
477,-3899,-1347
484,-3904,-1347
481,-3898,-1340
480,-3891,-1337
479,-3890,-1333
476,-3890,-1331
477,-3889,-1332
472,-3885,-1332
471,-3883,-1337
470,-3885,-1338
470,-3884,-1339
471,-3882,-1332
480,-3879,-1329
482,-3879,-1324
481,-3879,-1323
486,-3882,-1320
485,-3883,-1323
481,-3887,-1326
479,-3883,-1326
477,-3884,-1332
479,-3889,-1343
483,-3894,-1343
485,-3898,-1344
485,-3897,-1335
488,-3891,-1330
489,-3887,-1329
488,-3885,-1331
486,-3886,-1331
482,-3888,-1333
475,-3893,-1332
474,-3891,-1334
468,-3888,-1335
464,-3891,-1337
463,-3894,-1344
463,-3899,-1348
467,-3904,-1354
467,-3902,-1353
470,-3894,-1344
474,-3885,-1332
474,-3874,-1317
479,-3865,-1300
479,-3869,-1295
479,-3872,-1299
479,-3875,-1302
472,-3880,-1318
462,-3881,-1334
460,-3886,-1347
455,-3888,-1347
457,-3886,-1334
459,-3879,-1320
468,-3875,-1313
476,-3882,-1313
479,-3892,-1319
482,-3897,-1333
479,-3895,-1335
475,-3890,-1333
473,-3888,-1331
475,-3885,-1327
473,-3888,-1326
472,-3885,-1318
470,-3880,-1315
470,-3873,-1314
471,-3865,-1306
468,-3864,-1307
471,-3860,-1303
472,-3866,-1309
473,-3871,-1316
472,-3877,-1320
475,-3879,-1320
471,-3879,-1317
475,-3880,-1310
478,-3881,-1316
485,-3891,-1322
483,-3890,-1319
485,-3892,-1320
485,-3900,-1333
483,-3908,-1348
480,-3912,-1348
478,-3909,-1344
481,-3901,-1334
482,-3888,-1318
484,-3876,-1303
483,-3876,-1308
477,-3880,-1316
466,-3885,-1331
452,-3883,-1340
444,-3881,-1337
435,-3884,-1339
439,-3893,-1347
445,-3902,-1355
453,-3909,-1363
471,-3909,-1361
484,-3906,-1356
496,-3907,-1345
510,-3908,-1329
516,-3914,-1328
522,-3927,-1329
521,-3924,-1329
509,-3907,-1325
496,-3897,-1335
480,-3894,-1342
470,-3903,-1347
461,-3906,-1347
452,-3897,-1339
456,-3889,-1340
457,-3891,-1336
456,-3894,-1325
456,-3892,-1314
457,-3882,-1304
454,-3871,-1301
447,-3865,-1303
440,-3870,-1310
439,-3878,-1313
439,-3880,-1309
440,-3879,-1312
441,-3877,-1317
439,-3879,-1319
440,-3882,-1316
447,-3887,-1313
457,-3887,-1315
461,-3887,-1315
469,-3888,-1309
475,-3885,-1304
476,-3889,-1308
476,-3896,-1313
473,-3899,-1314
467,-3900,-1322
462,-3896,-1326
455,-3896,-1322
453,-3888,-1318
454,-3880,-1362
458,-3875,-1431
468,-3928,-1321
442,-3884,-1270
455,-3880,-1277
462,-3875,-1296
474,-3876,-1304
485,-3886,-1288
484,-3889,-1284
482,-3883,-1289
481,-3880,-1302
477,-3884,-1305
475,-3893,-1311
474,-3900,-1317
476,-3897,-1313
479,-3894,-1309
482,-3894,-1312
491,-3900,-1312
489,-3901,-1322
488,-3903,-1324
484,-3904,-1324
474,-3896,-1313
477,-3892,-1310
477,-3888,-1305
474,-3888,-1307
473,-3888,-1302
475,-3885,-1297
472,-3878,-1289
467,-3870,-1285
459,-3864,-1283
454,-3857,-1286
449,-3867,-1292
453,-3877,-1301
455,-3890,-1309
461,-3891,-1312
466,-3892,-1321
465,-3893,-1321
461,-3891,-1319
459,-3891,-1317
460,-3896,-1306
458,-3897,-1304
465,-3893,-1303
469,-3887,-1306
469,-3882,-1311
468,-3883,-1312
466,-3894,-1312
466,-3902,-1311
464,-3904,-1309
461,-3909,-1318
455,-3909,-1321
450,-3910,-1331
442,-3918,-1341
441,-3916,-1343
441,-3907,-1338
443,-3899,-1321
454,-3891,-1308
466,-3884,-1301
469,-3886,-1299
468,-3888,-1305
464,-3894,-1308
453,-3897,-1319
447,-3896,-1322
444,-3894,-1319
442,-3895,-1316
445,-3890,-1315
448,-3886,-1309
450,-3884,-1306
458,-3886,-1309
468,-3897,-1320
472,-3894,-1322
468,-3892,-1308
465,-3901,-1304
462,-3905,-1307
460,-3902,-1319
456,-3899,-1330
450,-3905,-1323
447,-3914,-1321
440,-3912,-1323
435,-3902,-1319
434,-3895,-1315
440,-3889,-1320
448,-3891,-1318
457,-3892,-1318
467,-3892,-1317
477,-3889,-1319
485,-3894,-1309
497,-3908,-1297
504,-3915,-1303
506,-3915,-1310
501,-3917,-1313
486,-3918,-1320
465,-3922,-1333
447,-3921,-1341
432,-3914,-1341
421,-3903,-1337
423,-3895,-1329
428,-3882,-1317
439,-3879,-1299
448,-3881,-1287
456,-3887,-1281
457,-3883,-1285
452,-3881,-1296
441,-3882,-1308
427,-3887,-1316
416,-3895,-1322
407,-3897,-1323
408,-3894,-1320
415,-3888,-1317
421,-3888,-1317
430,-3889,-1316
437,-3894,-1310
443,-3890,-1306
447,-3888,-1307
448,-3893,-1303
447,-3896,-1304
447,-3900,-1307
445,-3899,-1305
442,-3896,-1301
438,-3897,-1308
443,-3899,-1310
441,-3902,-1313
444,-3904,-1311
443,-3897,-1313
439,-3895,-1313
434,-3889,-1321
440,-3901,-1316
445,-3915,-1309
444,-3912,-1305
446,-3898,-1302
454,-3899,-1311
455,-3888,-1302
453,-3894,-1298
454,-3901,-1297
454,-3906,-1299
462,-3906,-1309
464,-3907,-1314
463,-3900,-1305
466,-3897,-1297
467,-3896,-1294
463,-3900,-1295
461,-3903,-1300
453,-3898,-1308
448,-3901,-1320
446,-3911,-1325
444,-3914,-1322
448,-3912,-1325
452,-3908,-1320
453,-3902,-1311
452,-3894,-1300
452,-3891,-1295
445,-3889,-1290
443,-3886,-1290
440,-3886,-1287
431,-3888,-1291
427,-3898,-1298
423,-3903,-1307
425,-3902,-1314
425,-3898,-1315
428,-3894,-1315
429,-3898,-1310
438,-3896,-1297
443,-3897,-1291
442,-3892,-1298
439,-3890,-1304
435,-3895,-1310
431,-3902,-1315
428,-3901,-1314
424,-3892,-1309
427,-3884,-1299
427,-3884,-1297
433,-3887,-1295
434,-3891,-1302
439,-3894,-1313
438,-3896,-1315
436,-3892,-1314
432,-3896,-1311
432,-3893,-1310
435,-3892,-1309
440,-3893,-1309
447,-3895,-1308
450,-3899,-1303
449,-3893,-1296
451,-3886,-1295
453,-3891,-1297
452,-3894,-1306
449,-3895,-1312
451,-3897,-1314
450,-3900,-1322
442,-3900,-1328
444,-3905,-1331
445,-3909,-1330
445,-3910,-1328
447,-3905,-1327
448,-3898,-1324
450,-3894,-1319
449,-3888,-1310
447,-3885,-1308
444,-3886,-1316
438,-3889,-1319
432,-3896,-1323
432,-3895,-1329
432,-3896,-1332
438,-3903,-1338
448,-3920,-1349
459,-3926,-1348
468,-3914,-1343
473,-3900,-1341
484,-3901,-1328
496,-3910,-1317
507,-3919,-1324
507,-3924,-1327
494,-3913,-1326
472,-3901,-1328
448,-3904,-1335
433,-3910,-1344
418,-3908,-1344
417,-3896,-1344
422,-3889,-1335
427,-3889,-1323
431,-3893,-1315
431,-3896,-1308
424,-3885,-1302
415,-3872,-1304
409,-3864,-1305
406,-3866,-1302
402,-3868,-1302
408,-3873,-1307
409,-3878,-1308
417,-3883,-1315
427,-3889,-1319
436,-3893,-1316
442,-3892,-1312
441,-3895,-1320
445,-3897,-1325
448,-3904,-1329
448,-3903,-1329
447,-3898,-1322
449,-3892,-1314
449,-3892,-1318
445,-3896,-1321
448,-3892,-1323
447,-3894,-1324
441,-3893,-1321
442,-3884,-1315
437,-3878,-1314
439,-3883,-1307
441,-3882,-1302
446,-3878,-1304
449,-3868,-1307
457,-3876,-1312
458,-3892,-1327
453,-3902,-1334
453,-3896,-1333
454,-3889,-1332
454,-3891,-1336
460,-3893,-1337
465,-3876,-1367
488,-3902,-1343
482,-3921,-1279
472,-3931,-1301
467,-3919,-1329
455,-3889,-1354
450,-3886,-1358
449,-3899,-1345
449,-3906,-1337
454,-3900,-1336
456,-3887,-1332
456,-3883,-1326
453,-3885,-1322
446,-3881,-1321
444,-3877,-1325
442,-3879,-1322
443,-3881,-1321
444,-3881,-1321
447,-3882,-1323
453,-3879,-1322
456,-3880,-1319
457,-3884,-1315
458,-3881,-1314
465,-3879,-1312
466,-3881,-1312
461,-3880,-1314
453,-3882,-1318
444,-3882,-1321
440,-3884,-1328
435,-3887,-1336
432,-3891,-1340
436,-3889,-1337
440,-3886,-1332
443,-3883,-1327
454,-3882,-1325
463,-3886,-1329
463,-3886,-1334
460,-3886,-1331
456,-3883,-1328
451,-3878,-1324
451,-3876,-1325
452,-3885,-1325
456,-3893,-1323
461,-3887,-1326
459,-3877,-1332
458,-3878,-1338
458,-3886,-1341
456,-3891,-1331
455,-3887,-1328
457,-3881,-1330
461,-3879,-1334
464,-3882,-1337
459,-3892,-1336
456,-3892,-1330
459,-3889,-1338
462,-3892,-1343
463,-3893,-1346
458,-3891,-1344
453,-3888,-1339
452,-3882,-1333
456,-3879,-1328
453,-3879,-1325
452,-3874,-1322
445,-3863,-1319
440,-3857,-1321
444,-3865,-1328
450,-3874,-1340
454,-3883,-1356
460,-3886,-1349
465,-3887,-1344
471,-3888,-1340
480,-3884,-1343
486,-3888,-1345
506,-3901,-1331
517,-3906,-1332
519,-3906,-1346
505,-3903,-1351
484,-3896,-1354
459,-3900,-1362
444,-3901,-1370
431,-3896,-1368
429,-3888,-1361
431,-3877,-1350
439,-3874,-1335
449,-3878,-1329
452,-3878,-1317
455,-3869,-1314
449,-3863,-1320
441,-3861,-1329
432,-3862,-1334
423,-3870,-1338
422,-3875,-1344
424,-3879,-1348
434,-3886,-1349
447,-3887,-1340
455,-3884,-1337
461,-3883,-1336
467,-3885,-1334
465,-3883,-1331
461,-3883,-1334
457,-3882,-1338
451,-3881,-1340
447,-3879,-1336
445,-3877,-1325
447,-3871,-1317
453,-3869,-1313
461,-3871,-1314
468,-3874,-1320
466,-3879,-1331
464,-3880,-1335
460,-3880,-1335
453,-3880,-1343
446,-3885,-1346
449,-3890,-1354
450,-3893,-1352
455,-3891,-1346
459,-3888,-1339
466,-3893,-1337
480,-3898,-1342
479,-3902,-1346
483,-3896,-1348
481,-3894,-1349
481,-3898,-1348
474,-3903,-1346
470,-3902,-1343
466,-3901,-1348
461,-3910,-1363
457,-3915,-1372
453,-3913,-1370
449,-3902,-1361
447,-3888,-1343
443,-3880,-1329
446,-3882,-1326
448,-3884,-1326
447,-3882,-1328
446,-3880,-1329
443,-3879,-1330
444,-3876,-1318
445,-3876,-1317
450,-3871,-1313
456,-3871,-1311
458,-3874,-1312
455,-3879,-1314
448,-3881,-1322
448,-3888,-1329
446,-3886,-1333
447,-3887,-1332
449,-3885,-1330
451,-3878,-1330
454,-3875,-1325
459,-3884,-1327
459,-3888,-1325
459,-3883,-1325
454,-3873,-1319
449,-3862,-1313
444,-3871,-1313
445,-3876,-1316
447,-3881,-1325
446,-3883,-1331
449,-3883,-1328
449,-3881,-1329
449,-3880,-1333
450,-3882,-1334
456,-3890,-1336
459,-3888,-1333
462,-3884,-1326
465,-3878,-1321
470,-3879,-1319
468,-3884,-1324
467,-3889,-1329
463,-3896,-1338
462,-3897,-1340
460,-3892,-1335
457,-3897,-1337
457,-3895,-1341
457,-3897,-1345
453,-3901,-1360
448,-3908,-1366
448,-3911,-1359
448,-3901,-1352
449,-3889,-1342
451,-3879,-1330
452,-3881,-1324
449,-3882,-1324
446,-3880,-1322
441,-3878,-1326
434,-3879,-1335
436,-3885,-1343
444,-3894,-1354
452,-3892,-1352
464,-3890,-1349
478,-3886,-1340
488,-3883,-1331
499,-3889,-1305
515,-3899,-1300
519,-3901,-1316
510,-3906,-1334
490,-3916,-1350
460,-3915,-1354
431,-3904,-1356
414,-3893,-1355
406,-3886,-1355
407,-3887,-1357
418,-3895,-1354
431,-3901,-1348
438,-3901,-1333
449,-3889,-1316
451,-3873,-1303
451,-3867,-1303
444,-3865,-1305
435,-3866,-1313
429,-3867,-1318
427,-3872,-1319
429,-3871,-1320
433,-3877,-1320
442,-3887,-1329
445,-3891,-1339
447,-3900,-1342
447,-3904,-1346
446,-3903,-1340
440,-3895,-1335
440,-3894,-1335
439,-3891,-1328
437,-3886,-1324
443,-3884,-1318
449,-3881,-1315
450,-3883,-1319
453,-3887,-1320
451,-3890,-1317
452,-3887,-1317
449,-3886,-1322
443,-3887,-1327
441,-3886,-1331
450,-3889,-1328
452,-3888,-1329
457,-3889,-1329
462,-3889,-1317
463,-3893,-1316
466,-3895,-1322
470,-3898,-1327
469,-3898,-1327
466,-3898,-1328
460,-3897,-1331
453,-3900,-1338
448,-3896,-1343
448,-3898,-1336
450,-3893,-1330
450,-3894,-1329
450,-3891,-1332
448,-3889,-1329
447,-3889,-1324
452,-3884,-1319
444,-3880,-1307
446,-3872,-1307
445,-3874,-1303
444,-3876,-1308
444,-3877,-1318
446,-3877,-1318
448,-3883,-1311
451,-3882,-1309
452,-3882,-1312
452,-3886,-1317
452,-3895,-1325
448,-3898,-1334
444,-3897,-1335
443,-3901,-1341
438,-3902,-1338
440,-3900,-1337
443,-3900,-1336
442,-3908,-1347
435,-3895,-1335
433,-3882,-1327
436,-3886,-1318
437,-3891,-1318
442,-3890,-1320
446,-3884,-1315
448,-3878,-1312
453,-3879,-1311
458,-3883,-1310
460,-3890,-1316
459,-3890,-1323
455,-3890,-1324
452,-3890,-1326
449,-3891,-1326
450,-3893,-1327
448,-3893,-1328
445,-3894,-1331
443,-3898,-1334
442,-3902,-1336
448,-3904,-1337
448,-3897,-1333
447,-3888,-1321
445,-3884,-1314
445,-3886,-1313
446,-3888,-1316
445,-3889,-1324
444,-3888,-1329
446,-3885,-1322
444,-3883,-1312
445,-3881,-1310
449,-3885,-1315
451,-3894,-1323
450,-3897,-1326
444,-3897,-1327
437,-3893,-1329
436,-3892,-1323
434,-3894,-1321
435,-3893,-1332
432,-3895,-1339
436,-3908,-1346
440,-3912,-1349
444,-3900,-1347
452,-3894,-1337
461,-3890,-1332
472,-3887,-1316
484,-3891,-1289
498,-3893,-1288
504,-3901,-1300
499,-3912,-1313
482,-3913,-1328
452,-3911,-1339
428,-3911,-1345
415,-3907,-1344
408,-3896,-1344
410,-3888,-1339
425,-3886,-1329
442,-3886,-1316
452,-3886,-1291
460,-3882,-1283
458,-3878,-1291
441,-3875,-1296
424,-3870,-1306
410,-3879,-1318
400,-3884,-1325
395,-3887,-1328
393,-3885,-1321
399,-3875,-1313
408,-3875,-1304
429,-3879,-1298
441,-3883,-1294
452,-3884,-1293
454,-3887,-1306
453,-3891,-1315
449,-3898,-1323
444,-3900,-1325
440,-3900,-1322
437,-3894,-1315
437,-3890,-1315
444,-3893,-1315
443,-3898,-1317
440,-3900,-1324
433,-3900,-1325
425,-3900,-1330
422,-3898,-1325
423,-3895,-1322
432,-3892,-1321
438,-3892,-1317
444,-3892,-1310
453,-3892,-1311
459,-3895,-1309
463,-3895,-1309
461,-3894,-1310
459,-3896,-1319
455,-3903,-1329
450,-3911,-1337
449,-3909,-1331
449,-3897,-1321
450,-3889,-1314
450,-3887,-1312
449,-3893,-1310
452,-3900,-1308
448,-3902,-1311
446,-3903,-1314
440,-3902,-1317
434,-3903,-1317
430,-3904,-1318
430,-3905,-1321
434,-3901,-1332
439,-3901,-1326
434,-3883,-1307
431,-3884,-1290
431,-3889,-1291
429,-3887,-1302
425,-3884,-1307
425,-3885,-1307
424,-3886,-1303
428,-3884,-1292
435,-3882,-1282
441,-3881,-1281
446,-3882,-1288
446,-3889,-1301
445,-3900,-1311
445,-3913,-1318
441,-3911,-1321
434,-3906,-1318
430,-3905,-1314
430,-3910,-1316
437,-3908,-1318
435,-3901,-1315
435,-3894,-1315
433,-3892,-1315
430,-3891,-1312
428,-3895,-1309
429,-3894,-1307
432,-3890,-1305
433,-3882,-1304
439,-3883,-1299
441,-3894,-1297
449,-3904,-1295
449,-3902,-1300
450,-3894,-1300
442,-3890,-1307
433,-3897,-1315
430,-3907,-1320
425,-3909,-1315
429,-3903,-1310
434,-3892,-1308
439,-3889,-1309
439,-3894,-1308
454,-3916,-1330
442,-3916,-1296
431,-3907,-1278
432,-3913,-1302
427,-3909,-1341
425,-3916,-1344
424,-3914,-1328
424,-3900,-1307
424,-3886,-1296
432,-3873,-1292
430,-3875,-1297
431,-3885,-1300
434,-3891,-1305
433,-3892,-1310
433,-3898,-1322
435,-3899,-1329
436,-3894,-1336
448,-3902,-1330
459,-3907,-1317
485,-3920,-1290
509,-3922,-1291
515,-3920,-1302
504,-3921,-1315
478,-3931,-1331
438,-3937,-1350
404,-3934,-1364
388,-3919,-1361
390,-3902,-1346
400,-3893,-1324
413,-3887,-1302
431,-3884,-1283
436,-3880,-1277
433,-3873,-1280
426,-3876,-1285
417,-3882,-1301
406,-3887,-1314
398,-3889,-1318
394,-3886,-1316
396,-3888,-1313
406,-3892,-1312
419,-3896,-1307
426,-3891,-1301
432,-3890,-1306
430,-3892,-1314
429,-3895,-1313
429,-3892,-1306
430,-3888,-1303
434,-3892,-1310
438,-3904,-1316
433,-3911,-1320
432,-3910,-1324
427,-3909,-1325
424,-3911,-1327
422,-3907,-1317
425,-3899,-1314
432,-3894,-1312
439,-3890,-1311
444,-3898,-1314
446,-3903,-1314
450,-3900,-1312
445,-3892,-1306
446,-3891,-1300
445,-3894,-1306
444,-3899,-1307
446,-3899,-1310
446,-3897,-1320
450,-3902,-1325
450,-3906,-1325
453,-3906,-1318
451,-3903,-1317
445,-3897,-1318
444,-3899,-1317
436,-3900,-1322
433,-3902,-1328
426,-3909,-1332
427,-3909,-1330
424,-3904,-1323
423,-3889,-1314
428,-3883,-1312
427,-3882,-1312
431,-3889,-1311
437,-3896,-1315
440,-3889,-1319
437,-3894,-1323
431,-3895,-1328
425,-3896,-1327
423,-3894,-1325
424,-3891,-1319
424,-3890,-1317
427,-3890,-1314
433,-3889,-1314
436,-3884,-1309
435,-3882,-1302
435,-3882,-1299
432,-3874,-1296
436,-3878,-1297
432,-3882,-1307
430,-3884,-1311
428,-3888,-1316
426,-3890,-1316
430,-3893,-1316
432,-3898,-1324
435,-3905,-1331
437,-3904,-1323
439,-3892,-1318
439,-3885,-1316
439,-3896,-1318
440,-3904,-1323
439,-3900,-1322
441,-3894,-1322
439,-3889,-1316
437,-3885,-1313
435,-3887,-1320
437,-3899,-1327
439,-3905,-1337
436,-3911,-1342
435,-3910,-1342
434,-3903,-1341
430,-3897,-1339
429,-3900,-1337
427,-3891,-1334
436,-3900,-1325
440,-3905,-1333
449,-3904,-1325
451,-3892,-1314
451,-3877,-1312
449,-3881,-1319
448,-3890,-1329
440,-3899,-1336
434,-3902,-1339
431,-3896,-1333
428,-3888,-1330
426,-3882,-1324
422,-3880,-1322
424,-3881,-1320
423,-3881,-1323
428,-3884,-1331
429,-3897,-1344
434,-3911,-1357
442,-3911,-1353
448,-3886,-1330
460,-3876,-1319
473,-3886,-1320
487,-3897,-1315
498,-3899,-1299
500,-3895,-1297
496,-3893,-1317
486,-3900,-1326
461,-3907,-1332
438,-3909,-1352
417,-3900,-1351
411,-3888,-1339
407,-3880,-1320
417,-3868,-1311
433,-3872,-1303
441,-3880,-1310
440,-3881,-1314
433,-3878,-1312
425,-3870,-1312
415,-3871,-1318
407,-3874,-1328
406,-3884,-1336
406,-3886,-1338
412,-3888,-1336
418,-3886,-1334
428,-3889,-1334
433,-3894,-1337
443,-3900,-1339
446,-3904,-1343
447,-3902,-1345
444,-3899,-1337
433,-3895,-1330
429,-3892,-1334
430,-3895,-1338
431,-3899,-1335
436,-3893,-1331
434,-3887,-1330
436,-3877,-1323
433,-3877,-1321
436,-3879,-1319
434,-3880,-1323
432,-3877,-1323
430,-3868,-1321
434,-3866,-1323
438,-3875,-1326
447,-3882,-1330
459,-3886,-1335
463,-3890,-1343
466,-3893,-1341
470,-3898,-1346
467,-3902,-1350
460,-3899,-1353
455,-3901,-1356
451,-3903,-1360
450,-3904,-1360
451,-3902,-1355
449,-3892,-1350
450,-3886,-1342
447,-3882,-1331
457,-3843,-1399
472,-3884,-1311
445,-3888,-1302
434,-3898,-1321
415,-3871,-1354
413,-3865,-1361
420,-3879,-1352
432,-3889,-1340
447,-3885,-1337
457,-3877,-1336
469,-3875,-1328
467,-3877,-1327
462,-3879,-1326
456,-3882,-1336
448,-3883,-1343
441,-3884,-1346
437,-3882,-1342
434,-3883,-1336
437,-3882,-1334
443,-3884,-1335
442,-3888,-1342
446,-3892,-1350
444,-3887,-1350
443,-3885,-1344
447,-3877,-1336
449,-3870,-1335
446,-3876,-1338
445,-3877,-1339
444,-3878,-1344
446,-3877,-1348
445,-3880,-1353
445,-3886,-1353
454,-3889,-1350
455,-3884,-1342
462,-3877,-1333
462,-3870,-1329
459,-3876,-1332
453,-3883,-1343
447,-3882,-1348
439,-3876,-1346
436,-3871,-1343
443,-3878,-1342
444,-3882,-1349
446,-3885,-1348
451,-3887,-1349
455,-3890,-1352
459,-3893,-1354
457,-3889,-1349
457,-3881,-1339
460,-3877,-1331
462,-3877,-1331
461,-3880,-1341
463,-3881,-1345
461,-3882,-1349
453,-3881,-1347
448,-3878,-1352
443,-3876,-1348
436,-3873,-1339
433,-3870,-1334
435,-3866,-1338
431,-3874,-1350
435,-3881,-1355
440,-3884,-1357
442,-3886,-1357
446,-3887,-1353
450,-3883,-1345
456,-3876,-1337
468,-3873,-1337
476,-3877,-1346
481,-3891,-1347
493,-3911,-1341
498,-3913,-1342
491,-3908,-1352
470,-3902,-1358
452,-3904,-1371
437,-3907,-1381
422,-3902,-1378
413,-3886,-1362
421,-3868,-1336
432,-3854,-1324
442,-3856,-1321
445,-3866,-1320
444,-3869,-1319
439,-3864,-1319
428,-3858,-1332
420,-3867,-1343
413,-3873,-1354
409,-3878,-1351
408,-3880,-1350
409,-3880,-1354
418,-3882,-1358
425,-3892,-1365
436,-3902,-1370
444,-3906,-1372
450,-3905,-1374
451,-3895,-1368
449,-3889,-1355
447,-3885,-1342
443,-3880,-1334
444,-3876,-1338
441,-3877,-1344
437,-3880,-1344
433,-3878,-1342
431,-3876,-1337
435,-3874,-1334
439,-3874,-1335
441,-3878,-1342
447,-3881,-1340
449,-3881,-1340
454,-3881,-1341
457,-3882,-1340
458,-3882,-1339
459,-3884,-1343
461,-3889,-1350
463,-3891,-1355
462,-3887,-1358
463,-3886,-1355
460,-3888,-1353
461,-3888,-1350
456,-3887,-1349
455,-3888,-1351
455,-3888,-1351
454,-3884,-1347
455,-3883,-1339
457,-3880,-1335
462,-3878,-1334
460,-3876,-1335
453,-3876,-1339
446,-3882,-1343
440,-3885,-1350
432,-3887,-1358
431,-3892,-1358
430,-3888,-1356
430,-3887,-1354
438,-3885,-1351
444,-3886,-1349
446,-3888,-1346
448,-3883,-1336
445,-3874,-1329
444,-3869,-1323
443,-3867,-1328
445,-3872,-1339
444,-3877,-1339
441,-3880,-1345
440,-3880,-1343
439,-3880,-1342
444,-3878,-1337
449,-3879,-1337
447,-3883,-1341
444,-3897,-1361
440,-3903,-1369
434,-3905,-1373
436,-3904,-1376
437,-3895,-1372
436,-3889,-1360
443,-3884,-1355
450,-3883,-1353
454,-3884,-1351
454,-3882,-1346
450,-3873,-1340
444,-3868,-1333
440,-3872,-1329
441,-3872,-1329
437,-3876,-1335
436,-3879,-1343
444,-3884,-1346
444,-3886,-1346
453,-3885,-1345
454,-3883,-1339
460,-3880,-1339
462,-3885,-1341
462,-3890,-1348
458,-3900,-1360
453,-3901,-1365
450,-3899,-1363
451,-3897,-1364
453,-3900,-1366
452,-3901,-1364
446,-3898,-1361
436,-3891,-1356
427,-3883,-1351
422,-3877,-1346
420,-3878,-1339
420,-3878,-1341
427,-3875,-1339
434,-3867,-1331
443,-3871,-1330
446,-3873,-1333
452,-3873,-1337
454,-3879,-1340
456,-3878,-1342
463,-3883,-1349
476,-3893,-1359
489,-3906,-1342
508,-3914,-1334
514,-3914,-1346
506,-3911,-1349
480,-3905,-1343
452,-3896,-1338
427,-3892,-1350
411,-3886,-1351
404,-3874,-1346
412,-3867,-1342
419,-3862,-1327
427,-3861,-1315
429,-3858,-1306
433,-3860,-1305
429,-3864,-1320
423,-3869,-1334
416,-3878,-1339
415,-3881,-1346
418,-3883,-1347
423,-3886,-1339
425,-3888,-1341
429,-3888,-1340
433,-3894,-1342
432,-3900,-1346
440,-3905,-1352
445,-3901,-1351
451,-3893,-1348
455,-3892,-1336
454,-3891,-1330
454,-3890,-1329
445,-3891,-1338
438,-3894,-1347
431,-3895,-1347
428,-3889,-1342
427,-3884,-1338
431,-3882,-1335
436,-3891,-1339
441,-3894,-1342
446,-3896,-1343
448,-3889,-1342
447,-3886,-1343
447,-3886,-1344
450,-3888,-1336
455,-3885,-1332
457,-3883,-1325
458,-3881,-1331
460,-3886,-1342
458,-3898,-1355
453,-3908,-1358
449,-3902,-1361
443,-3892,-1352
442,-3888,-1345
441,-3886,-1344
444,-3892,-1340
443,-3892,-1342
441,-3886,-1337
443,-3881,-1329
439,-3879,-1330
439,-3883,-1329
439,-3884,-1328
437,-3884,-1330
440,-3884,-1333
440,-3884,-1333
439,-3888,-1333
439,-3890,-1335
438,-3887,-1341
433,-3888,-1348
434,-3887,-1343
434,-3886,-1330
433,-3881,-1321
433,-3873,-1315
441,-3880,-1319
443,-3882,-1317
438,-3876,-1324
437,-3882,-1330
435,-3890,-1337
430,-3892,-1341
429,-3886,-1341
430,-3882,-1335
438,-3882,-1331
445,-3885,-1327
450,-3888,-1331
448,-3885,-1334
448,-3891,-1335
441,-3891,-1338
437,-3892,-1336
436,-3889,-1336
431,-3887,-1335
430,-3883,-1334
435,-3882,-1327
439,-3882,-1323
444,-3884,-1326
444,-3886,-1326
446,-3884,-1323
447,-3884,-1321
448,-3884,-1328
446,-3884,-1335
443,-3885,-1335
440,-3889,-1338
440,-3897,-1337
440,-3894,-1334
442,-3891,-1336
441,-3891,-1339
438,-3894,-1343
435,-3897,-1345
433,-3898,-1347
435,-3899,-1344
439,-3892,-1344
445,-3888,-1333
451,-3882,-1322
457,-3879,-1314
458,-3880,-1311
456,-3882,-1320
448,-3882,-1333
437,-3884,-1342
424,-3888,-1341
421,-3887,-1332
418,-3883,-1329
418,-3881,-1324
424,-3885,-1322
426,-3891,-1331
429,-3898,-1346
433,-3898,-1357
438,-3893,-1354
450,-3885,-1346
465,-3886,-1336
475,-3892,-1323
492,-3907,-1303
505,-3911,-1316
507,-3919,-1335
490,-3927,-1346
462,-3927,-1357
431,-3926,-1371
407,-3919,-1371
395,-3903,-1355
395,-3882,-1339
400,-3868,-1322
411,-3869,-1312
420,-3875,-1309
422,-3877,-1305
424,-3873,-1304
420,-3872,-1312
413,-3875,-1325
410,-3881,-1336
407,-3883,-1331
409,-3879,-1324
412,-3868,-1316
416,-3871,-1312
422,-3884,-1323
431,-3897,-1331
437,-3903,-1330
439,-3902,-1331
443,-3895,-1331
444,-3894,-1329
442,-3895,-1325
436,-3893,-1322
434,-3889,-1324
435,-3888,-1321
431,-3890,-1319
428,-3889,-1320
427,-3889,-1322
432,-3893,-1332
429,-3887,-1319
426,-3880,-1305
432,-3879,-1301
443,-3883,-1338
444,-3898,-1289
444,-3891,-1291
450,-3895,-1304
452,-3886,-1324
455,-3889,-1321
451,-3891,-1311
450,-3896,-1311
453,-3891,-1313
457,-3888,-1315
454,-3889,-1322
448,-3895,-1332
443,-3898,-1336
441,-3897,-1339
440,-3894,-1336
437,-3894,-1337
435,-3899,-1341
433,-3902,-1338
430,-3903,-1336
429,-3903,-1339
428,-3899,-1336
426,-3893,-1335
426,-3885,-1330
423,-3883,-1320
427,-3889,-1320
429,-3889,-1319
430,-3887,-1319
438,-3888,-1326
432,-3892,-1330
430,-3894,-1329
437,-3900,-1325
436,-3900,-1323
432,-3897,-1320
427,-3897,-1323
426,-3900,-1328
421,-3904,-1337
421,-3909,-1340
422,-3903,-1334
423,-3898,-1328
428,-3889,-1322
432,-3883,-1315
434,-3887,-1305
433,-3884,-1299
435,-3880,-1303
434,-3879,-1307
431,-3879,-1302
428,-3880,-1301
425,-3881,-1306
428,-3882,-1308
431,-3890,-1322
434,-3898,-1330
433,-3906,-1341
431,-3910,-1348
426,-3909,-1345
423,-3906,-1343
422,-3906,-1344
423,-3904,-1336
424,-3897,-1329
429,-3890,-1326
431,-3887,-1322
435,-3886,-1318
437,-3885,-1310
437,-3884,-1315
435,-3884,-1327
435,-3894,-1332
431,-3905,-1334
436,-3906,-1332
436,-3901,-1329
437,-3899,-1327
440,-3896,-1318
440,-3891,-1316
436,-3894,-1318
437,-3898,-1328
434,-3899,-1335
431,-3901,-1338
429,-3901,-1332
424,-3890,-1331
418,-3884,-1323
418,-3880,-1313
425,-3881,-1313
429,-3887,-1311
434,-3884,-1312
441,-3885,-1318
443,-3888,-1325
445,-3888,-1331
446,-3897,-1334
453,-3900,-1334
456,-3900,-1338
464,-3908,-1323
474,-3919,-1314
472,-3926,-1325
465,-3927,-1340
450,-3929,-1342
428,-3921,-1348
404,-3911,-1357
390,-3905,-1348
385,-3894,-1332
400,-3876,-1314
411,-3864,-1299
425,-3859,-1287
434,-3863,-1280
439,-3867,-1276
437,-3867,-1284
430,-3872,-1291
419,-3883,-1309
403,-3894,-1329
397,-3902,-1338
396,-3898,-1336
398,-3894,-1329
401,-3891,-1326
413,-3895,-1329
424,-3905,-1334
425,-3905,-1335
427,-3903,-1334
426,-3901,-1328
423,-3897,-1324
422,-3898,-1318
422,-3895,-1319
423,-3893,-1321
426,-3893,-1322
431,-3894,-1319
432,-3895,-1319
433,-3899,-1323
431,-3899,-1327
424,-3897,-1331
424,-3898,-1336
428,-3901,-1333
433,-3903,-1331
435,-3906,-1327
438,-3905,-1328
442,-3908,-1329
442,-3906,-1329
436,-3906,-1332
433,-3906,-1337
429,-3902,-1336
427,-3899,-1331
425,-3897,-1327
427,-3895,-1323
424,-3896,-1324
424,-3895,-1326
421,-3890,-1321
419,-3887,-1326
419,-3888,-1325
421,-3892,-1324
426,-3895,-1325
432,-3895,-1323
432,-3893,-1324
430,-3893,-1322
419,-3889,-1317
415,-3886,-1314
412,-3883,-1316
412,-3887,-1325
412,-3896,-1328
417,-3896,-1325
421,-3893,-1321
424,-3889,-1318
425,-3886,-1315
427,-3884,-1310
427,-3887,-1316
425,-3891,-1316
420,-3890,-1311
421,-3888,-1317
418,-3886,-1322
416,-3886,-1326
415,-3888,-1331
417,-3889,-1325
416,-3886,-1321
417,-3884,-1317
423,-3883,-1316
430,-3881,-1313
429,-3882,-1319
429,-3890,-1328
426,-3893,-1335
425,-3899,-1339
420,-3902,-1346
420,-3903,-1347
418,-3903,-1347
423,-3899,-1347
429,-3892,-1336
432,-3891,-1332
436,-3892,-1335
438,-3895,-1336
439,-3897,-1335
433,-3895,-1334
428,-3894,-1339
425,-3894,-1339
421,-3894,-1339
422,-3899,-1339
428,-3898,-1341
436,-3898,-1339
443,-3900,-1337
446,-3901,-1337
439,-3898,-1335
