-11,2,2
-11,1,-2
-11,-1,0
-16,1,0
-13,1,-1
-11,5,1
-11,4,2
-11,5,5
-9,4,2
-8,0,0
-6,2,0
-5,4,1
-4,3,1
-9,4,2
-8,4,3
-8,3,2
-7,-1,4
-6,-1,3
-6,4,2
-5,6,4
-8,5,0
-8,5,2
-12,4,1
-9,4,1
-9,7,4
-10,6,4
-7,2,3
-5,3,3
-7,3,4
-9,4,1
-8,6,3
-9,4,2
-11,2,2
-9,3,1
-9,4,1
-8,3,-3
-11,2,-5
-10,1,-3
-9,0,2
-10,3,2
-9,4,2
-7,4,-2
-9,1,4
-11,2,-1
-12,1,-1
-8,2,-2
-10,2,0
-13,1,0
-10,2,2
-6,4,0
-8,6,2
-11,5,1
-11,6,2
-11,4,4
-7,2,2
-6,2,2
-9,4,3
-7,2,2
-10,1,4
-12,0,4
-8,-1,2
-10,1,4
-10,-1,2
-10,0,-1
-12,3,2
-7,4,-1
-7,1,1
-6,5,2
-13,2,5
-11,1,2
-5,0,0
-6,-2,-1
-10,1,-1
-8,4,2
-5,2,2
-8,3,2
-10,3,0
-8,4,0
-12,6,0
-6,6,1
-5,6,0
-7,4,2
-6,4,2
-5,4,5
-7,7,4
-8,7,2
-7,7,1
-4,9,1
-3,2,1
-6,2,2
-5,3,4
-4,5,5
-4,4,3
-5,4,4
-5,3,3
-7,3,1
-3,5,2
-6,3,-1
-8,5,1
-5,2,-1
-3,2,1
-7,1,4
-10,3,3
-11,3,5
-11,3,2
-8,4,0
-11,2,2
-5,4,1
-6,6,0
-7,5,4
-6,1,4
-7,3,3
-9,4,3
-11,3,0
-8,4,1
-7,3,3
-10,2,5
-9,5,2
-7,3,4
-6,1,1
-6,5,-1
-8,6,2
-11,4,5
-6,3,2
1,3,1
-4,3,1
-7,1,6
-7,2,5
-10,5,3
-11,1,4
-8,4,3
-6,4,3
-6,3,3
-7,6,2
-6,7,0
-5,4,0
-6,4,3
-6,7,3
-5,6,2
-9,5,3
-9,4,3
-8,5,4
-11,6,4
-4,9,5
-7,6,4
-9,2,5
-8,6,4
-5,7,4
-4,9,2
-4,6,5
-3,7,4
-8,8,6
-4,7,8
-4,9,6
-3,10,2
-4,7,3
-1,9,2
0,10,2
0,8,3
-5,9,0
-6,7,4
-4,5,6
-5,6,4
-3,7,4
-6,9,2
-7,6,0
-2,3,2
-4,9,1
-4,8,3
-3,4,4
-5,6,3
-7,6,6
-2,5,4
-5,8,5
-4,7,5
0,10,6
-4,7,3
-4,5,1
-3,7,5
-6,11,3
-4,11,4
-3,7,4
-1,8,6
0,4,4
-3,3,3
-3,7,7
-3,8,4
-6,8,6
-5,7,6
-3,4,7
-5,10,4
-4,7,4
-5,10,5
-4,8,6
-5,7,6
-4,8,9
-4,9,10
-6,6,8
-3,8,7
-2,8,10
-4,10,12
-5,11,8
-3,10,7
-4,6,5
-4,5,5
-7,10,7
-6,7,3
-5,7,3
-6,6,3
-9,5,2
-11,7,1
-9,2,3
-10,5,4
-10,4,2
-13,3,6
-14,5,6
-10,8,8
-8,9,5
-11,9,3
-10,8,2
-12,5,7
-10,5,7
-7,9,5
-8,8,7
-4,4,7
-3,6,9
-5,8,7
-5,6,6
-7,6,8
-4,7,6
-6,4,4
-4,3,3
-3,7,3
-4,3,5
-6,6,5
-4,8,4
-7,8,4
-9,7,5
-1,5,2
-3,6,4
-4,9,4
-7,8,4
-3,6,5
-4,6,3
-5,6,4
-9,6,2
-8,8,4
-7,5,6
-9,4,4
-12,5,9
-9,4,5
-7,6,2
-4,6,3
-4,6,4
-4,6,3
-9,2,5
-11,5,6
-9,1,4
-5,1,1
-6,2,1
-7,3,3
-4,5,3
-1,4,3
-4,5,3
-7,8,3
-4,4,4
-8,3,4
-8,3,5
-5,4,5
-7,3,3
-6,1,2
-7,3,1
-8,2,2
-8,5,5
-8,2,5
-5,1,4
-7,1,1
-8,1,4
-8,2,5
-7,4,5
-5,2,4
-4,5,3
-4,7,4
-13,7,4
-10,6,4
-7,4,1
-7,5,1
-7,3,4
-4,3,0
-7,4,1
-10,4,5
-10,6,7
-7,8,6
-3,7,4
-6,8,2
-5,6,5
-6,4,7
-4,4,5
-4,5,5
-7,6,2
-8,9,6
-5,8,5
-4,4,5
-5,6,7
-6,8,7
-3,6,8
-3,6,3
-2,8,5
-4,5,7
-5,9,8
-6,6,5
-6,7,4
-1,2,4
-2,7,8
-6,11,6
-5,10,2
-6,8,4
-10,7,5
-8,7,5
-3,7,4
-7,6,2
-5,8,6
-4,11,7
-2,11,4
-3,6,5
-4,8,4
-4,8,3
-7,7,2
-10,8,3
-10,9,7
-7,8,6
-8,10,4
-4,8,4
-7,8,3
-13,10,8
-8,10,8
-7,12,3
-11,6,3
-8,8,5
-6,9,8
-6,7,8
-4,8,5
-9,7,6
-8,10,8
-6,12,5
-6,9,8
-9,8,9
-10,8,8
-11,10,7
-9,7,4
-6,9,0
-6,10,3
-5,8,6
-5,12,4
-5,13,6
-4,12,6
-5,9,5
-8,11,9
-7,7,9
-6,9,7
-7,9,8
-5,10,9
-7,11,6
-7,13,6
-10,12,8
-5,10,3
-4,10,4
-5,8,6
-6,7,6
-5,9,8
-12,10,11
-11,11,10
-11,11,8
-9,10,6
-8,10,7
-10,11,7
-9,11,10
-6,12,10
-9,12,13
-8,13,11
-10,13,11
-9,12,10
-9,13,10
-11,12,11
-12,11,10
-11,12,11
-10,16,10
-9,16,12
-8,16,9
-6,15,8
-4,17,10
-8,16,8
-8,18,5
-4,15,8
-4,19,8
-4,15,9
-5,12,12
-8,13,9
-7,15,6
-7,16,5
-8,14,11
-7,14,8
-8,16,5
-8,16,4
-8,15,7
-7,14,8
-9,17,7
-5,16,7
-2,14,8
-5,14,9
-7,17,11
-8,18,11
-9,13,8
-9,13,11
-9,12,12
-6,12,12
-8,14,9
-11,12,10
-11,11,10
-10,12,9
-11,12,10
-9,11,7
-8,14,8
-9,12,8
-9,14,7
-12,17,7
-9,13,9
-11,12,8
-10,9,4
-11,11,8
-13,11,8
-10,10,9
-8,10,7
-8,11,8
-7,15,8
-9,16,9
-6,14,11
-4,17,9
-7,18,9
-6,17,12
-4,13,13
-6,12,12
-6,13,12
-3,16,14
0,16,15
-4,14,11
-10,13,9
-7,14,12
-7,14,10
-5,15,11
-4,17,8
-5,16,9
-5,15,10
-4,13,8
-2,13,7
-7,13,10
-4,15,9
-3,14,10
-6,16,12
-5,14,10
-5,14,11
-7,14,9
-9,14,11
-9,16,12
-8,15,8
-11,11,6
-8,13,8
-7,13,12
-6,13,13
-8,14,10
-8,17,10
-6,14,6
-10,10,7
-7,8,10
-6,10,10
-7,9,10
-6,10,11
-7,10,11
-5,12,10
-8,12,10
-6,11,10
-10,7,10
-9,8,13
-3,11,11
-3,13,9
-4,10,13
-9,12,13
-9,10,13
-8,11,12
-4,14,11
-10,15,13
-8,14,10
-9,15,11
-13,12,11
-10,11,12
-5,11,13
-7,10,12
-7,13,13
-9,12,9
-6,13,10
-6,12,9
-8,14,10
-6,15,13
-7,15,13
-6,15,12
-5,18,13
-7,17,12
-11,16,14
-5,14,11
-4,14,12
-7,12,13
-2,13,13
-1,17,13
-3,16,11
-1,16,12
-7,14,9
-5,17,8
-4,17,8
-2,18,11
-5,19,14
-6,16,11
-5,12,12
-5,11,10
-6,15,10
-4,15,11
-4,13,8
-4,13,9
-5,15,10
-3,15,11
-5,12,10
-6,12,8
-12,12,12
-13,13,12
-8,15,11
-5,11,8
-10,13,10
-8,11,12
-8,12,10
-7,13,10
-8,10,10
-9,10,10
-9,10,9
-11,13,12
-8,15,10
-7,13,10
-6,15,10
-6,14,13
-6,14,11
-7,15,12
-7,14,14
-6,12,11
-7,14,8
-4,14,8
-6,10,10
-6,11,13
-8,11,12
-2,13,11
-3,11,13
-7,11,15
-8,12,14
-7,11,14
-8,10,16
-8,10,11
-11,9,11
-6,12,13
-7,17,13
-6,13,12
-7,11,12
-6,12,10
-9,14,9
-5,11,13
-3,13,12
-5,11,13
-5,12,15
-5,14,12
-6,12,11
-4,15,10
-7,12,8
-6,12,9
-8,8,12
-8,10,10
-4,13,9
-6,9,12
-6,11,10
-6,10,12
-9,13,10
-10,10,10
-8,12,15
-5,16,14
-8,12,13
-7,13,12
-6,13,10
-5,12,12
-8,11,11
-5,12,9
-7,16,8
-10,18,9
-5,16,11
-4,16,4
-7,15,6
-5,14,7
-8,12,9
-5,14,11
-5,9,10
-5,10,8
-6,9,9
-4,7,8
-2,9,6
-4,11,8
-3,8,7
-4,9,7
-5,9,7
-5,8,7
-8,10,8
-9,9,12
-10,9,10
-6,11,8
-9,13,10
-5,13,10
-5,12,10
-7,13,8
-6,11,9
-10,13,5
-11,15,7
-7,14,9
-2,15,7
-2,11,8
-2,9,10
-6,10,6
-6,7,7
-5,8,6
-3,7,7
-7,7,1
-10,3,1
-6,6,1
-8,12,4
-10,11,7
-8,11,8
-10,10,8
-14,11,9
-11,9,8
-7,11,8
-6,9,8
-5,9,5
-10,8,6
-6,5,6
-5,5,5
-4,7,9
-9,9,9
-10,9,5
-7,9,4
-5,11,3
-6,8,4
-5,8,5
-7,8,5
-9,5,2
-8,8,1
-8,5,2
-10,6,2
-11,4,2
-10,5,3
-8,6,0
-7,7,2
-8,9,4
-10,9,2
-10,8,2
-15,8,3
-14,4,5
-9,7,3
-10,10,5
-9,6,3
-13,4,3
-10,7,2
-12,5,2
-10,7,3
-11,9,2
-12,5,1
-9,6,-1
-6,3,1
-8,8,1
-8,9,2
-8,4,1
-8,2,0
-8,6,-1
-10,9,-1
-6,6,1
-5,5,0
-6,7,-1
-8,8,-2
-4,4,-2
-6,4,0
-6,5,2
-6,6,2
-7,9,4
-10,6,2
-9,4,3
-13,5,3
-11,6,0
-9,4,2
-11,5,2
-9,6,2
-7,6,0
-6,5,0
-8,2,-1
-6,4,-1
-7,5,-1
-6,3,2
-11,2,2
-10,1,4
-7,2,3
-7,2,1
-4,0,4
-2,2,1
-6,2,2
-2,3,0
-2,3,4
-5,1,4
-4,5,6
-5,9,4
-2,7,3
-3,3,4
-5,5,3
-5,9,3
-4,9,3
-5,6,5
-5,10,4
-3,8,2
-6,7,0
-4,9,0
-4,9,2
-5,6,3
-8,4,2
-6,6,2
-7,7,3
-5,6,1
-6,6,2
-8,6,5
-5,4,4
-7,1,1
-7,7,3
-7,6,2
-4,4,4
-5,6,4
-8,4,4
-7,4,0
-13,6,0
-12,8,3
-11,4,4
-9,3,1
-9,3,2
-9,4,4
-8,6,4
-9,3,3
-8,5,1
-4,5,4
-4,8,6
-6,9,2
-13,6,1
-11,3,3
-8,4,2
-9,3,3
-9,5,4
-10,4,2
-8,5,-1
-9,4,3
-9,2,5
-11,4,4
-11,4,1
-5,0,-3
-5,0,3
-9,2,3
-7,4,3
-6,4,1
-8,6,4
-6,5,5
-12,5,3
-11,5,2
-10,1,5
-12,1,5
-11,6,4
-9,7,5
-3,6,6
-5,7,5
-8,8,3
-8,7,5
-7,8,1
-13,4,0
-11,2,1
-7,4,1
-7,4,4
-6,8,5
-8,5,-1
-9,5,1
-10,5,2
-11,4,2
-6,2,-2
-9,4,2
-11,8,3
-12,5,7
-9,6,3
-9,8,5
-12,10,5
-8,12,3
-7,9,7
-10,8,6
-6,10,5
-5,9,3
-8,8,5
-10,9,3
-10,8,1
-6,6,6
-4,5,7
-7,7,7
-8,8,6
-9,10,6
-4,9,6
-3,7,3
-4,7,5
-4,5,10
-7,6,8
-8,9,5
-6,6,3
-4,7,1
-9,10,4
-9,9,4
-9,9,2
-5,7,6
-3,7,5
-4,9,6
-10,8,8
-9,9,10
-9,9,7
-10,5,3
-9,8,4
-9,6,4
-13,4,6
-11,3,3
-13,8,4
-17,4,6
-13,0,3
-12,2,0
-13,4,0
-9,4,0
-11,5,0
-13,3,1
-11,1,2
-8,-1,0
-11,1,1
-11,1,3
-8,2,-1
-8,6,1
-10,8,4
-10,6,3
-12,7,2
-12,5,6
-8,3,6
-7,7,4
-6,5,5
-8,3,4
-7,0,4
-10,3,1
-9,0,1
-7,2,1
-5,3,3
-6,3,0
-7,1,0
-7,4,1
-6,6,0
-10,5,3
-9,6,2
-10,6,3
-7,2,4
-6,4,2
-7,8,-2
-9,9,0
-8,9,1
-7,2,0
-9,1,6
-8,3,4
-12,8,-1
-16,3,0
-15,3,2
-11,1,2
-13,3,-1
-12,5,2
-11,4,0
-8,5,-1
-8,3,0
-8,3,-1
-10,4,0
-9,7,3
-8,8,0
-7,7,0
-7,5,4
-11,4,3
-8,4,2
-3,1,4
-3,6,0
-5,5,3
-6,3,4
-10,0,3
-7,2,4
-6,1,0
-8,3,2
-11,2,2
-9,3,5
-6,3,6
-7,2,6
-10,7,6
-8,7,3
-6,4,3
-5,4,6
-8,2,6
-5,5,4
-7,5,7
-5,5,7
-6,5,2
-8,5,6
-7,6,9
-5,5,7
0,4,4
-4,6,3
-6,3,5
-4,2,4
-4,4,5
-5,2,7
-4,2,9
-4,7,5
-9,11,3
-3,8,1
-6,8,5
-6,4,7
-4,6,7
-5,7,7
-4,8,8
-8,8,9
-9,8,9
-6,5,6
-7,8,5
-9,5,5
-10,8,7
-9,8,7
-8,8,4
-9,11,7
-6,12,4
-5,11,4
-9,8,9
-8,7,7
-6,7,7
-5,6,6
-11,6,7
-11,9,6
-5,9,3
-7,11,6
-9,12,5
-9,9,5
-4,8,2
-7,8,3
-6,9,7
-8,7,5
-10,9,5
-9,11,8
-7,12,8
-9,12,8
-9,10,5
-5,9,3
-2,12,7
-3,7,10
-4,7,11
-8,8,8
-8,8,6
-7,8,5
-2,9,3
-3,13,5
-9,10,6
-10,13,6
-10,12,8
-10,11,7
-9,11,7
-10,9,7
-8,11,9
-6,8,7
-6,8,7
-6,8,1
-10,10,7
-8,10,10
-5,11,9
-4,7,8
-11,7,10
-8,7,10
-4,8,6
-4,8,5
-5,9,8
-7,10,7
-6,10,5
-7,8,4
-3,7,5
-8,12,9
-7,12,7
-7,11,8
-9,6,5
-10,8,4
-8,9,7
-7,10,8
-9,12,8
-9,14,7
-6,9,6
-7,11,8
-6,7,6
-9,7,7
-8,9,5
-9,11,3
-12,10,3
-9,13,7
-8,13,10
-10,12,10
-9,7,9
-7,5,8
-6,8,7
-5,11,8
-6,11,5
-8,11,8
-5,10,5
-6,10,1
-8,12,4
-5,10,4
-3,12,4
-7,11,3
-11,13,4
-9,12,6
-6,10,6
-2,10,9
-5,14,9
-7,11,5
-7,12,5
-9,11,4
-7,10,6
-4,10,5
-6,11,7
-6,11,8
-7,6,7
-5,7,6
-10,10,9
-6,12,8
-6,11,7
-7,10,4
-7,9,4
-13,8,3
-9,9,6
-10,9,4
-8,9,6
-11,6,8
-13,9,8
-12,11,3
-15,9,4
-15,8,6
-13,7,7
-11,8,3
-11,5,4
-7,10,5
-9,5,6
-8,4,4
-6,6,5
-5,4,6
-3,5,3
-4,4,5
-6,5,5
-7,5,7
-7,6,6
-10,10,5
-10,8,3
-3,4,5
-3,8,5
-5,4,6
-7,6,6
-5,8,8
-3,7,2
-7,5,4
-8,6,6
-10,6,5
-10,5,3
-4,6,6
-4,4,4
-7,8,4
-6,8,3
-3,8,2
-9,7,3
-10,4,5
-10,9,6
-9,8,3
-8,6,1
-7,4,5
-9,7,3
-7,9,5
-10,6,6
-8,5,4
-9,3,3
-13,2,2
-9,4,3
-5,5,1
-7,5,3
-9,3,5
-7,2,8
-5,2,4
-6,8,3
-8,5,5
-8,2,5
-4,3,4
-4,6,6
-6,5,5
-7,5,7
-5,5,8
-6,9,8
-6,6,3
-9,3,5
-9,5,9
-12,8,7
-8,7,4
-8,3,4
-12,1,2
-10,6,6
-8,9,6
-7,4,6
-10,3,6
-11,4,6
-9,9,2
-9,6,1
-6,6,8
-6,3,6
-5,5,8
-7,4,8
-6,5,6
-6,7,3
-9,7,9
-6,7,10
-3,10,8
-7,10,6
-7,6,6
-3,6,5
-8,9,5
-5,10,6
-1,7,5
-1,8,4
-2,8,4
-2,7,4
-7,9,5
-7,6,6
-4,8,6
-3,14,5
-7,11,6
-5,12,5
-9,5,8
-9,6,7
-8,7,1
-8,8,5
-5,10,9
-4,10,6
-5,8,4
-4,9,4
-4,9,5
-5,14,4
-5,16,4
-4,11,8
-2,10,8
-4,9,10
-2,10,8
-5,9,7
-5,10,5
-7,10,5
-4,11,8
-5,9,6
-4,9,5
-6,11,9
-7,12,11
-6,11,8
-8,12,8
-10,11,11
-9,11,9
-7,8,10
-5,7,8
-9,9,8
-7,10,9
-4,9,6
-6,10,6
-2,12,7
-4,12,8
-8,11,8
-5,12,6
-2,12,6
-8,11,8
-8,13,6
-10,13,9
-5,13,6
-6,10,3
-5,12,5
-7,16,9
-12,16,8
-6,11,11
-2,13,9
-5,14,7
-6,10,10
-6,11,11
-5,13,12
-6,12,11
-7,12,12
-2,9,9
-8,11,9
-7,15,10
-6,16,11
-7,16,10
-10,14,10
-8,13,9
-5,13,10
-4,15,9
-7,17,10
-4,15,11
-3,16,9
-8,17,10
-6,16,12
-7,18,10
-11,16,12
-7,18,10
-4,15,9
-5,16,8
-7,16,10
-2,17,12
-4,18,12
-5,16,11
-7,15,9
-7,19,10
-8,19,14
-7,24,13
-9,21,16
-11,21,12
-10,21,11
-6,24,10
-6,24,11
-3,24,12
-3,25,12
-2,25,10
-5,22,9
-5,20,9
-2,22,8
0,25,10
-1,23,12
-4,22,13
-4,20,12
-5,21,15
-8,24,14
-6,23,18
-4,21,14
-2,21,14
-6,23,11
-5,23,14
-6,25,20
-6,26,18
-9,26,16
-11,25,18
-9,28,17
-11,28,18
-8,28,18
-9,24,20
-8,24,19
-7,25,20
-9,27,19
-12,27,18
-10,26,20
-7,26,19
-15,24,18
-15,23,18
-12,21,21
-14,24,21
-11,28,22
-11,27,23
-7,28,19
-10,26,20
-7,26,21
-3,30,20
-1,30,19
-5,29,22
-6,30,25
-6,32,24
-3,30,24
-4,30,25
-5,32,27
-6,31,24
-4,31,25
-8,29,28
-9,30,26
-10,33,26
-5,28,25
-4,26,23
-4,27,23
-4,29,23
-5,30,21
-6,28,24
-7,27,23
-6,26,22
-7,30,24
-7,27,23
-8,28,24
-11,26,26
-11,23,25
-8,22,22
-5,25,21
-2,24,20
-9,21,24
-11,19,25
-14,19,25
-11,23,24
-12,22,24
-11,18,24
-10,16,24
-13,15,23
-9,18,20
-7,19,20
-9,19,19
-11,16,19
-8,13,15
-12,14,15
-11,15,16
-8,16,14
-7,13,12
-6,12,13
-5,10,14
-7,13,14
-11,12,12
-12,13,11
-12,10,11
-10,9,11
-9,8,9
-7,8,13
-4,7,11
-7,9,9
-8,9,7
-11,10,7
-15,10,8
-18,9,9
-12,10,6
-10,9,1
-12,7,0
-9,6,1
-11,6,5
-12,3,3
-9,4,5
-9,7,5
-10,7,5
-6,6,4
-6,2,0
-4,4,-1
-5,7,0
-8,5,0
-5,4,-1
-8,5,2
-5,3,-2
-6,3,-1
-6,5,1
-8,3,-3
-8,-1,-1
0,3,-2
-3,4,-2
-3,4,0
-4,6,0
-8,6,-2
-5,5,-1
-3,6,-2
-3,5,-4
-5,3,-2
-7,4,4
-7,5,4
-7,5,2
-4,2,-1
-5,4,0
-8,3,1
-9,5,3
-10,0,3
-7,2,4
-7,2,0
-4,4,2
-7,6,3
-8,5,2
-5,1,1
-5,3,-1
-6,6,2
-6,2,6
-6,2,2
-1,5,0
-2,4,5
-6,5,4
-3,7,5
1,7,7
-3,4,3
-3,4,5
-1,9,7
-4,10,7
0,11,7
-2,10,8
-4,5,8
1,7,7
1,10,7
-1,10,5
-4,8,5
-2,7,6
0,6,9
-1,9,7
-1,9,7
-4,11,6
-3,12,9
-4,9,6
-3,12,7
0,12,7
-4,10,7
-4,7,7
-3,6,9
-5,10,11
-5,10,9
-5,9,11
-4,12,7
-8,11,9
-8,11,10
-4,12,9
-3,11,9
-5,12,8
-4,11,8
-4,12,8
-3,12,9
-5,11,8
-5,9,7
-6,13,7
-4,11,7
-6,10,9
-5,11,9
-4,10,7
-7,9,6
-7,13,7
-7,14,8
-6,13,7
-3,13,4
-3,14,8
-6,13,7
-8,11,6
-2,14,9
-6,15,8
-4,15,9
-6,16,12
-8,18,10
-7,19,9
-6,17,7
-9,14,7
-10,18,7
-4,17,6
-6,17,8
-6,15,9
-6,13,8
-3,11,9
-5,12,5
-5,11,7
-7,12,10
-7,12,8
-8,13,8
-7,12,6
-5,10,8
-7,11,7
-7,13,6
-7,13,9
-7,15,7
-7,13,3
-10,14,8
-10,13,7
-8,14,6
-8,16,7
-11,16,8
-11,17,9
-9,16,8
-5,13,8
-5,15,6
-7,13,8
-8,12,11
-8,10,7
-5,10,4
-7,10,3
-8,8,5
-11,4,3
-9,7,5
-8,5,6
-10,8,7
-6,10,5
-13,9,7
-12,10,5
-9,11,5
-12,9,5
-13,10,3
-9,9,6
-7,7,6
-10,3,6
-8,4,2
-9,8,2
-9,7,3
-8,6,9
-5,4,7
-7,3,5
-9,6,5
-6,5,3
-8,7,4
-10,4,4
-13,3,1
-8,4,2
-7,6,2
-9,5,2
-10,5,2
-11,4,2
-12,4,3
-10,5,2
-8,6,0
-10,5,2
-8,6,2
-12,4,2
-14,5,0
-12,6,0
-12,7,-2
-8,4,-3
-11,5,0
-8,1,1
-13,0,2
-10,3,2
-11,5,3
-15,4,2
-11,4,1
-13,3,2
-12,2,1
-11,3,0
-11,3,-3
-11,1,-3
-11,6,-1
-12,4,-1
-13,2,0
-11,3,1
-7,3,-1
-4,3,-3
-8,0,-3
-9,-1,-2
-10,0,2
-11,2,-1
-11,1,0
-11,0,1
-10,-1,-2
-9,-2,1
-8,0,1
-7,3,0
-10,3,2
-14,-1,1
-9,0,2
-14,2,1
-11,3,-1
-10,5,0
-12,3,0
-8,2,2
-6,4,-1
-6,5,-1
-9,3,0
-11,1,-3
-7,5,2
-7,6,2
-5,2,3
-7,3,2
-12,3,3
-8,4,2
-7,3,-3
-9,3,0
-7,-3,0
-5,-2,3
-3,3,2
-1,5,1
-5,3,0
-3,1,1
-4,2,2
-1,4,2
-4,7,3
-3,8,4
-3,5,5
-5,3,1
-7,2,0
-4,5,-2
-5,2,1
-5,2,1
-7,0,3
-8,2,2
-8,5,4
-7,2,3
-9,3,2
-8,3,3
-9,4,0
-9,4,1
-10,5,3
-10,6,1
-5,4,1
-7,2,-1
-5,4,-1
-5,7,3
-6,7,2
-7,7,-2
-10,5,-4
-7,8,2
-6,2,7
-6,1,5
-9,5,3
-5,6,4
-6,6,3
-4,3,3
-5,5,3
-6,5,3
-6,6,1
-8,7,2
-7,6,0
-8,5,1
-6,4,3
-6,5,1
-5,10,4
-5,8,6
-7,7,4
-8,5,5
-8,3,2
-7,6,4
-11,4,4
-12,7,3
-7,9,4
-6,7,4
-8,4,5
-7,3,3
-8,4,7
-9,6,6
-8,4,5
-10,7,5
-8,6,10
-12,9,11
-8,9,6
-10,9,7
-8,10,6
-14,9,5
-10,8,7
-7,5,4
-7,6,4
-4,10,4
-5,5,2
-6,1,5
-4,4,6
-7,7,6
-7,7,4
-7,9,2
-6,11,4
-6,8,4
-4,7,5
-6,6,5
-6,9,6
-7,7,3
-9,8,4
-7,8,8
-11,9,7
-13,8,4
-11,9,8
-7,8,6
-13,9,9
-10,9,8
-6,9,7
-7,8,9
-5,11,8
-4,7,8
-2,8,4
-4,6,5
-6,9,2
-5,9,0
-6,7,4
-5,9,5
-4,11,5
-7,11,5
-3,4,3
-6,6,5
-7,8,5
-6,6,4
-8,5,1
-5,10,4
-3,10,3
-3,8,5
-6,8,3
-7,8,4
-7,9,5
-5,11,7
-4,11,8
-6,11,7
-10,7,8
-11,4,6
-10,7,5
-6,5,7
-6,4,5
-5,9,2
-8,7,6
-11,3,6
-11,5,4
-10,9,2
-13,7,3
-12,9,3
-12,7,2
-10,5,3
-12,2,5
-14,1,4
-12,2,5
-13,6,6
-11,7,5
-9,6,3
-9,4,7
-9,7,5
-5,11,9
-7,7,9
-6,7,2
-6,9,5
-5,7,8
-8,9,8
-7,10,5
-6,8,7
-8,8,4
-7,6,5
-7,9,5
-6,12,2
-5,9,1
-10,11,2
-4,11,-2
-3,7,4
-9,8,6
-9,7,3
-7,8,2
-10,8,4
-5,10,2
-4,9,2
-9,9,4
-5,8,5
-5,7,1
-7,12,3
-13,10,4
-8,8,3
-7,7,2
-11,5,5
-15,5,9
-10,3,6
-7,5,3
-6,6,3
-4,4,0
-6,7,2
-4,7,2
-5,5,3
-4,9,3
-5,8,6
-6,3,5
-5,3,4
-4,8,3
-5,8,3
-9,6,8
-6,7,8
-4,7,6
-5,5,7
-6,4,6
-4,6,4
-7,4,3
-6,5,1
-5,8,4
-6,8,6
-7,7,8
-8,8,9
-8,7,6
-4,10,5
-5,11,5
-9,8,5
-8,9,6
-10,7,7
-8,9,6
-4,11,6
-6,13,7
-7,10,10
-6,9,7
-8,11,8
-7,10,6
-8,10,6
-4,9,5
-7,11,8
-9,12,8
-5,13,6
-6,11,9
-6,12,8
-5,13,4
-3,12,3
-5,10,4
-7,12,6
-4,14,6
-8,15,5
-11,16,7
-7,16,7
-4,16,3
-4,17,3
-6,15,6
-9,16,8
-3,17,6
-2,16,5
-6,15,4
-3,16,4
-6,16,3
-4,15,6
-4,14,10
-5,12,12
-5,12,11
-2,13,7
-4,13,8
-6,16,6
-6,15,9
-6,14,11
-9,14,11
-7,15,9
-6,15,8
-6,16,10
-6,14,9
-5,15,9
-5,11,10
-4,12,8
-2,13,10
-2,16,12
-2,16,13
-4,15,13
-6,13,10
-3,17,11
-5,17,13
-2,14,14
-1,15,16
-3,15,13
-3,14,13
-2,15,13
0,19,12
-6,19,13
-8,19,14
-3,21,14
-6,20,12
-8,21,14
-9,22,16
-15,21,17
-15,21,17
-14,25,18
-14,26,22
-15,25,21
-19,26,20
-19,28,19
-18,30,23
-16,30,22
-14,32,20
-16,36,25
-20,40,27
-20,35,26
-18,34,25
-11,35,27
-13,34,27
-16,36,30
-17,35,32
-19,35,34
-20,36,33
-18,38,34
-20,42,35
-21,41,37
-22,37,39
-23,42,35
-18,45,37
-13,44,34
-13,48,35
-14,49,38
-13,50,39
-17,50,41
-15,51,40
-16,51,42
-15,56,44
-21,58,43
-20,57,42
-14,61,43
-19,62,46
-20,61,49
-18,67,51
-17,67,49
-19,69,53
-24,73,52
-22,73,57
-19,73,57
-17,74,55
-22,76,55
-25,76,58
-27,78,60
-26,79,60
-27,80,59
-25,82,62
-26,88,63
-26,89,64
-25,89,65
-27,91,66
-33,94,66
-32,91,72
-33,94,72
-33,98,74
-36,97,72
-40,97,77
-39,100,78
-37,101,79
-35,104,80
-35,106,81
-38,111,81
-41,111,84
-36,115,89
-37,113,98
-40,112,98
-39,115,95
-44,116,91
-49,118,93
-50,118,95
-50,119,97
-51,122,98
-53,121,102
-54,121,104
-51,125,102
-37,114,85
-45,114,96
-50,128,109
-47,138,112
-50,142,116
-48,146,116
-49,153,120
-50,151,121
-50,156,121
-50,159,121
-49,159,124
-50,162,126
-53,162,130
-51,163,131
-49,164,135
-47,166,140
-45,169,139
-46,174,143
-47,181,146
-50,184,153
-47,187,157
-45,191,154
-47,195,160
-48,198,169
-46,201,173
-51,200,175
-59,205,178
-57,216,183
-59,219,188
-60,221,190
-62,219,188
-67,223,196
-61,232,206
-64,236,210
-69,238,210
-65,245,214
-68,249,217
-65,255,226
-64,257,226
-65,253,229
-63,255,234
-58,259,235
-58,260,240
-62,271,245
-63,282,246
-67,289,253
-63,298,256
-63,309,261
-67,312,265
-66,317,269
-62,323,274
-67,324,277
-73,326,284
-70,328,288
-71,335,291
-73,337,296
-68,333,296
-67,337,297
-71,347,306
-65,356,316
-66,359,318
-69,364,324
-71,373,332
-73,384,339
-74,389,342
-72,390,347
-68,387,351
-60,381,356
-65,388,360
-64,409,366
-68,414,370
-66,420,381
-67,428,387
-64,435,396
-68,442,402
-63,441,411
-66,456,422
-56,451,423
-54,453,426
-63,466,437
-63,480,443
-66,496,450
-63,498,450
-56,494,448
-58,478,446
-61,478,445
-67,489,444
-66,490,446
-66,489,446
-63,496,448
-58,502,452
-53,501,452
-52,505,454
-36,499,450
-32,492,447
-28,491,451
-25,497,459
-22,502,469
-24,514,477
-15,513,476
-8,509,472
-3,502,466
-18,486,484
-34,484,509
6,489,475
10,500,464
13,501,465
15,497,463
14,487,460
16,470,452
24,455,448
22,449,455
28,444,460
34,439,460
41,431,466
38,425,473
54,429,475
58,423,479
55,414,479
62,405,479
63,390,480
57,376,482
49,359,473
25,332,464
-2,311,458
-24,292,450
-42,265,437
-51,243,432
-57,236,433
-53,234,433
-45,235,431
-37,239,438
-26,246,440
-12,240,429
3,229,419
12,229,414
19,229,409
17,234,399
20,239,393
20,242,388
20,230,378
20,213,376
14,206,379
13,211,378
4,205,375
-34,192,382
-2,191,368
27,184,363
38,181,366
34,181,365
38,174,367
38,170,379
26,168,385
19,173,390
18,173,393
21,164,394
23,155,399
25,149,402
30,134,402
46,127,417
18,118,419
36,104,403
36,121,397
41,133,386
47,133,372
48,133,364
60,139,352
60,142,346
55,142,345
51,137,346
26,123,341
33,70,334
27,36,331
15,31,330
4,32,324
1,26,316
-5,18,305
-16,2,291
-18,-10,277
-21,-17,279
-12,-24,282
-7,-32,267
2,-36,249
-4,-40,241
-3,-41,239
6,-35,236
7,-46,227
-19,-70,224
-46,-101,215
-70,-162,206
-151,-235,195
-214,-283,175
-248,-332,113
-341,-388,95
-413,-448,89
-414,-505,45
-355,-552,-23
-320,-583,-53
-282,-612,-68
-235,-635,-73
-145,-620,-67
-31,-554,-55
31,-454,-53
15,-430,-88
-58,-491,-111
-131,-600,-119
-133,-708,-134
-49,-764,-186
14,-789,-278
111,-735,-364
227,-589,-384
229,-429,-354
66,-459,-299
16,-748,-295
55,-979,-365
201,-1074,-494
256,-1046,-563
294,-1039,-567
260,-1013,-534
153,-934,-484
133,-851,-457
198,-810,-455
292,-810,-471
348,-833,-492
362,-824,-485
322,-794,-444
287,-787,-408
262,-796,-398
249,-817,-405
249,-840,-409
254,-855,-410
244,-859,-402
223,-868,-375
212,-885,-361
196,-903,-342
190,-917,-331
181,-929,-317
177,-937,-296
171,-944,-279
170,-966,-266
179,-986,-255
196,-1004,-247
211,-1032,-251
210,-1048,-241
231,-1053,-227
259,-1069,-220
277,-1083,-211
288,-1094,-237
277,-1102,-222
251,-1097,-201
235,-1099,-196
231,-1096,-182
225,-1065,-148
199,-1021,-103
209,-999,-103
173,-960,-66
149,-924,-43
129,-873,-8
87,-813,56
73,-774,68
67,-713,76
50,-645,106
45,-559,107
61,-441,112
92,-320,102
120,-193,88
124,-56,88
152,131,72
110,382,24
-100,691,-4
-299,1105,52
-487,1499,116
-648,1798,167
-774,1964,232
-847,2026,306
-861,1997,389
-796,1902,471
-663,1732,544
-552,1613,646
-361,1548,709
-125,1536,745
124,1582,790
342,1653,852
474,1748,929
506,1876,1025
470,1989,1123
406,2087,1217
344,2201,1314
299,2317,1408
279,2413,1487
292,2491,1545
353,2542,1567
442,2559,1545
531,2549,1504
613,2533,1451
678,2512,1401
729,2487,1357
782,2456,1327
828,2428,1314
841,2384,1290
845,2313,1260
829,2231,1244
780,2135,1236
739,2039,1233
723,1957,1231
709,1883,1219
690,1841,1207
676,1815,1196
629,1761,1171
558,1717,1128
532,1661,1121
513,1602,1136
483,1561,1143
477,1528,1153
514,1483,1179
593,1435,1211
660,1393,1250
639,1389,1273
531,1429,1281
484,1469,1299
466,1504,1319
441,1520,1338
435,1519,1364
402,1540,1408
496,1539,1446
570,1538,1496
593,1549,1562
497,1607,1595
446,1652,1617
467,1681,1643
471,1711,1674
430,1739,1694
430,1755,1706
428,1751,1727
414,1753,1759
421,1723,1783
355,1682,1792
287,1653,1787
226,1632,1782
211,1603,1789
199,1568,1801
213,1533,1768
192,1528,1745
172,1518,1722
167,1488,1714
174,1455,1706
192,1409,1707
229,1367,1700
288,1326,1678
336,1281,1642
380,1222,1617
396,1174,1599
385,1125,1585
358,1075,1592
354,1033,1596
378,994,1604
451,955,1591
480,960,1549
484,943,1548
451,908,1570
452,880,1587
534,876,1576
543,890,1598
571,915,1596
572,929,1599
546,937,1607
532,922,1607
509,926,1605
491,937,1605
490,944,1597
482,949,1587
434,944,1587
422,942,1543
388,931,1516
327,915,1495
267,884,1480
204,839,1463
138,777,1447
26,703,1471
-35,629,1444
-20,567,1405
-38,532,1391
-48,519,1371
-48,514,1367
-6,508,1340
75,499,1305
124,493,1291
147,492,1280
154,493,1276
156,498,1279
186,495,1261
241,494,1213
283,485,1218
261,452,1255
227,419,1291
204,369,1316
254,307,1331
283,241,1350
301,194,1375
332,165,1393
392,154,1423
474,154,1439
546,149,1443
615,160,1464
654,160,1495
657,116,1528
673,38,1556
707,-36,1576
775,-86,1569
858,-103,1528
943,-83,1465
1017,-34,1380
1075,33,1288
1172,92,1198
1285,146,1119
1394,188,1044
1495,218,984
1606,233,941
1672,211,897
1683,181,859
1652,159,833
1606,136,806
1571,78,790
1534,-6,802
1499,-104,837
1491,-217,898
1550,-335,962
1560,-467,1022
1579,-568,1093
1651,-631,1174
1703,-681,1261
1759,-722,1339
1856,-755,1423
1958,-777,1493
2076,-789,1548
2179,-811,1599
2254,-850,1641
2328,-903,1674
2378,-969,1693
2421,-1021,1696
2445,-1047,1670
2437,-1028,1628
2408,-986,1597
2395,-933,1581
2452,-853,1548
2525,-669,1358
2588,-505,1202
2532,-458,1138
2476,-471,1090
2493,-549,1065
2511,-667,1058
2672,-861,1105
2778,-1089,1106
2609,-1272,1009
2485,-1368,858
2339,-1404,738
2197,-1400,647
2039,-1445,625
1835,-1577,781
1522,-1704,1025
1270,-1799,1256
1170,-1833,1442
1096,-1737,1527
998,-1495,1561
903,-1175,1507
720,-893,1461
633,-681,1427
598,-560,1346
578,-414,1170
497,-271,959
397,-183,744
308,-137,528
146,-122,310
-36,-192,164
-151,-285,70
-357,-302,-53
-539,-323,-192
-666,-395,-319
-765,-471,-422
-787,-523,-494
-784,-539,-516
-768,-535,-489
-725,-499,-442
-645,-462,-368
-545,-453,-263
-510,-438,-133
-452,-418,-1
-498,-371,63
-605,-289,124
-640,-218,158
-665,-164,172
-600,-164,193
-611,-145,161
-594,-111,166
-420,-95,137
-18,-130,176
55,-119,150
40,-89,83
63,-122,59
117,-159,58
23,-120,-10
47,-76,-62
363,-106,-64
506,-139,4
607,-102,-66
765,-15,-353
793,-69,-288
851,-132,-115
825,-205,8
825,-260,65
816,-306,94
813,-346,102
821,-387,108
873,-401,116
945,-402,115
1020,-393,109
1077,-379,97
1121,-361,93
1157,-347,96
1195,-352,101
1223,-355,108
1260,-369,118
1305,-387,132
1354,-401,142
1399,-416,155
1448,-432,166
1511,-445,177
1550,-463,192
1550,-480,213
1518,-509,242
1475,-558,270
1449,-606,300
1438,-649,328
1435,-672,354
1397,-677,383
1377,-664,392
1353,-627,375
1260,-582,364
1179,-533,319
1137,-490,250
1035,-457,185
924,-409,109
744,-366,39
628,-343,-33
538,-317,-84
415,-276,-91
323,-210,-85
246,-132,-71
123,-67,-39
13,3,16
-94,63,77
-177,95,125
-238,109,161
-263,116,169
-262,124,161
-256,138,139
-245,168,111
-208,203,76
-191,236,48
-182,270,28
-160,291,6
-135,301,-6
-116,305,-13
-98,309,-18
-69,297,-20
-58,278,-21
-30,255,-25
14,225,-33
40,195,-38
49,159,-43
74,114,-54
69,64,-61
60,19,-66
58,-26,-74
62,-52,-71
69,-59,-64
23,-66,-45
27,-69,-46
69,-65,-43
76,-45,-36
64,-26,-28
43,0,-15
29,28,-6
16,51,-1
-3,72,5
-9,86,9
-20,93,13
-32,99,15
-44,104,18
-51,108,25
-58,114,31
-62,122,41
-70,127,55
-76,127,66
-78,128,65
-78,132,68
-81,132,64
-81,131,61
-85,126,57
-90,120,52
-99,105,48
-104,97,41
-105,84,28
-107,73,15
-114,55,3
-123,45,-6
-132,37,-22
-139,36,-35
-145,36,-45
-145,41,-54
-144,47,-65
-147,51,-73
-150,55,-74
-152,58,-77
-162,56,-72
-164,58,-68
-164,61,-65
-169,63,-60
-171,71,-62
-174,77,-59
-172,80,-57
-168,85,-59
-176,86,-59
-181,87,-59
-190,87,-54
-200,81,-51
-206,76,-48
-205,73,-45
-198,71,-44
-199,70,-41
-191,69,-45
-182,68,-48
-168,72,-51
-152,77,-54
-142,81,-57
-129,81,-57
-120,82,-58
-106,86,-59
-94,88,-58
-83,90,-61
-75,89,-62
-71,92,-62
-65,89,-62
-59,85,-61
-56,78,-57
-53,72,-57
-50,72,-59
-47,65,-62
-47,58,-64
-47,53,-66
-47,46,-67
-50,44,-68
-49,37,-69
-47,37,-68
-46,32,-61
-44,29,-56
-40,30,-50
-39,30,-45
-37,29,-35
-32,30,-28
-20,30,-14
-12,28,-4
-8,32,5
-1,27,14
8,25,23
12,26,33
16,22,44
16,11,55
28,11,58
31,3,63
27,-1,66
32,-2,69
37,-5,74
40,-7,74
43,-7,68
38,-7,71
42,-6,73
45,-6,74
45,-6,75
44,-6,75
44,-7,73
46,-11,74
51,-15,75
53,-16,75
52,-16,72
47,-17,72
43,-19,68
40,-20,61
38,-19,56
38,-21,53
34,-26,48
36,-24,45
31,-24,42
29,-27,40
26,-30,42
20,-33,43
20,-33,39
18,-29,39
13,-26,36
9,-29,34
7,-32,35
10,-27,32
3,-24,30
0,-19,28
-3,-18,28
-4,-14,25
-4,-15,25
-6,-15,24
-8,-14,22
-7,-15,18
-10,-18,14
-14,-14,15
-19,-11,14
-20,-13,16
-20,-14,14
-21,-15,10
-21,-12,10
-19,-11,11
-18,-8,7
-20,-5,7
-18,-2,6
-17,4,3
-17,4,2
-21,5,3
-18,6,3
-17,9,7
-14,10,7
-11,7,9
-12,10,9
-10,10,11
-9,9,14
-9,13,13
-10,16,15
-16,21,14
-15,24,13
-12,23,12
-8,21,13
-5,23,13
-7,30,11
-5,32,8
-5,30,6
-7,30,6
-11,30,9
-10,32,11
-8,33,11
-6,31,10
-9,32,12
-12,29,18
-13,29,18
-12,27,18
-9,26,15
-10,29,14
-9,29,13
-7,27,13
-7,28,13
-6,28,10
-8,30,10
-7,27,5
-10,28,6
-8,26,5
-8,29,7
-8,27,4
-11,26,2
-11,25,3
-11,23,2
-5,24,-1
-5,23,-2
-5,22,-1
-2,23,-1
-1,21,0
-2,22,1
-5,20,2
-3,18,5
-2,13,6
-4,13,7
-4,16,10
0,14,9
-3,14,9
-5,14,8
-5,11,7
-4,12,4
-5,11,2
-4,8,0
-5,8,2
-4,7,1
-7,5,2
-9,4,0
-12,3,4
-12,4,9
-10,7,10
-10,5,11
-11,5,11
-8,5,11
-8,6,12
-8,5,11
-8,3,11
-10,-1,10
-7,0,7
-7,-1,9
-11,-5,6
-14,-7,5
-15,-8,4
-15,-11,4
-17,-9,4
-18,-13,6
-16,-13,9
-17,-14,8
-18,-17,9
-18,-17,4
-16,-19,5
-20,-20,7
-19,-18,10
-25,-20,11
-21,-19,10
-19,-16,11
-17,-19,10
-16,-19,9
-15,-19,9
-15,-18,10
-14,-21,9
-15,-21,12
-15,-20,10
-21,-20,9
-20,-20,8
-15,-21,11
-13,-22,12
-16,-20,10
-14,-19,9
-14,-20,6
-12,-21,7
-9,-20,3
-11,-18,4
-10,-16,6
-10,-14,4
-10,-13,1
-10,-10,1
-7,-10,-4
-4,-6,-2
-8,-10,3
-9,-13,3
-8,-13,5
-8,-11,4
-6,-9,4
-10,-7,5
-11,-6,5
-13,-3,4
-9,-2,6
-10,-1,6
-11,-3,4
-10,0,1
-8,-2,0
-9,-1,1
-10,0,0
-9,2,2
-8,3,-2
-7,5,-4
-13,5,-8
-21,5,-10
-24,1,-9
-14,5,-8
-12,6,-7
-12,6,-5
-10,8,-5
-16,11,-3
-15,13,-3
-18,14,-1
-18,11,-2
-23,12,5
-25,14,6
-27,16,6
-22,16,7
-18,14,3
-16,16,1
-18,14,4
-17,14,2
-15,16,-1
-11,14,-2
-10,10,-3
-15,12,-8
-21,12,-7
-20,12,-8
-21,11,-9
-23,12,-13
-29,11,-15
-29,12,-12
-26,12,-14
-17,16,-14
-20,16,-12
-19,14,-12
-13,17,-15
-19,16,-11
-22,13,-10
-21,16,-7
-22,15,-6
-23,12,-3
-26,15,-3
-25,12,-1
-20,9,-2
-20,12,0
-22,10,2
-22,12,2
-20,11,0
-20,15,0
-19,17,0
-20,17,-1
-19,13,-3
-19,12,-3
-21,15,-3
-19,16,-3
-12,16,-3
-15,16,-3
-14,14,-1
-15,14,-1
-17,15,-2
-15,20,-3
-11,18,-3
-8,18,-1
-13,19,-1
-16,18,0
-14,15,2
-13,16,4
-13,20,6
-9,15,4
-12,18,2
-11,17,1
-9,15,4
-5,14,3
-5,12,4
-5,10,5
-7,12,2
-8,11,3
-7,10,4
-12,10,0
-11,7,1
-12,12,0
-15,13,-1
-12,11,-1
-15,10,-2
-14,11,0
-11,12,1
-12,10,3
-12,8,6
-14,3,7
-10,0,8
-11,4,10
-8,7,8
-6,7,11
-7,7,10
-5,5,12
-5,5,11
-12,-1,9
-12,1,7
-9,2,8
-9,7,9
-4,5,9
-9,7,9
-5,10,9
-6,7,10
-7,6,9
-5,6,10
-6,3,13
-10,5,10
-6,1,12
-3,2,17
-5,4,16
-3,3,15
-4,3,16
-5,4,17
-5,4,18
-3,5,16
-4,6,12
-7,7,14
-6,7,13
-9,6,14
-8,8,15
-9,6,16
-9,10,15
-8,8,14
-10,9,14
-13,10,12
-9,10,12
-9,8,14
-11,9,9
-12,8,7
-12,9,10
-11,9,9
-10,9,11
-11,11,9
-10,12,9
-10,12,7
-7,11,7
-8,10,8
-7,8,6
-4,11,5
-10,14,5
-9,10,6
-7,13,2
-7,14,1
-8,12,3
-10,11,4
-10,10,5
-13,9,5
-14,10,9
-14,13,5
-16,14,5
-12,11,8
-10,12,10
-9,14,7
-9,11,9
-10,13,11
-11,13,6
-12,17,5
-9,13,6
-9,12,7
-10,12,7
-8,15,10
-8,14,9
-6,13,9
-10,14,9
-10,14,14
-5,11,12
-5,13,13
-5,14,13
-4,12,15
-2,12,13
-7,13,15
-6,12,16
-4,12,14
-5,10,13
-5,11,17
-7,11,21
-8,13,21
-5,14,21
-4,12,19
-6,12,19
-6,14,19
-2,14,18
-3,11,15
-4,11,15
-5,13,14
-7,13,13
-10,14,16
-7,14,15
-8,14,15
-8,12,14
-4,12,12
-4,11,14
-5,10,15
-6,13,15
-7,9,10
-9,6,9
-8,7,16
-8,6,18
-7,6,16
-9,6,17
-6,9,19
-4,4,17
-5,8,17
-6,14,19
-10,12,12
-7,10,13
-9,10,13
-5,10,13
0,10,13
-4,8,13
-7,9,12
-7,8,10
-5,10,13
-6,10,14
-6,8,11
-4,11,14
-7,13,17
-8,11,20
-9,11,18
-2,15,18
-7,12,18
-5,13,18
0,17,15
-3,15,19
-4,13,18
-4,11,13
-7,10,13
-8,10,16
-9,5,15
-6,8,10
-5,9,9
-7,11,10
-7,9,5
-8,9,8
-11,6,7
-11,5,8
-8,7,11
-5,6,11
-5,12,9
-5,10,10
-2,13,11
-4,15,10
-7,13,14
-7,11,13
-6,11,12
-7,14,11
-11,11,13
-9,10,15
-6,14,15
-5,14,11
-5,15,13
-5,17,13
-4,15,12
-1,14,13
-6,11,14
-4,12,15
-3,10,15
-3,7,18
-4,10,15
-4,10,14
-1,8,14
-2,7,14
-4,8,13
-3,6,13
-1,7,14
-5,5,12
-4,5,12
-5,3,13
-4,5,10
-3,7,12
-1,9,13
-2,9,10
-4,7,11
-6,6,12
-5,4,13
-3,9,13
-2,6,10
-2,8,10
-1,7,12
-4,8,12
-3,6,15
-5,8,17
-6,5,16
-6,5,15
-3,2,14
-3,1,15
-3,-2,15
0,0,13
-2,2,16
-3,2,13
-3,2,14
0,0,12
-1,-1,13
-1,0,14
0,3,15
-2,2,16
-3,1,17
1,4,15
2,4,14
0,4,15
0,2,15
-2,4,14
4,2,13
4,-2,14
2,2,16
0,6,15
-2,5,16
-5,4,18
-4,1,17
0,2,15
0,7,16
0,5,15
0,6,16
2,6,18
5,3,14
3,4,17
1,7,15
1,5,13
-5,7,13
-1,8,13
0,4,14
-3,7,15
-1,9,13
-6,10,15
-5,8,13
-5,8,10
-4,9,11
-6,11,9
-5,10,6
-1,12,4
-2,11,3
-5,12,3
-3,11,1
-10,12,1
-10,10,0
-12,13,-1
-14,12,-2
-13,13,-1
-9,12,1
-13,11,1
-17,9,1
-19,9,1
-11,10,2
-10,10,0
-13,10,-2
-14,11,-1
-17,10,-1
-23,7,-3
-24,3,-2
-22,4,-4
-21,5,-5
-23,4,-4
-23,7,-4
-17,7,-7
-15,6,-8
-17,7,-6
-15,6,-9
-16,8,-9
-17,13,-6
-13,9,-5
-13,9,-5
-12,11,-4
-14,12,0
-16,11,0
-18,11,-1
-15,11,-2
-17,9,-1
-16,8,3
-17,8,2
-15,8,1
-13,7,0
-13,6,3
-13,7,5
-13,3,3
-14,6,3
-13,5,0
-16,4,1
-12,7,-1
-15,8,-2
-15,8,-1
-15,7,0
-14,10,-4
-13,6,-5
-11,7,-6
-14,9,-4
-9,7,-6
-8,8,-4
-12,8,-4
-10,6,-8
-11,7,-6
-15,6,-4
-15,6,-4
-17,6,-4
-19,7,-5
-14,7,-4
-14,7,-5
-12,6,-9
-16,5,-13
-15,4,-10
-16,6,-7
-15,7,-8
-10,3,-7
-14,2,-7
-14,5,-7
-18,9,-3
-16,3,-4
-17,1,-5
-19,5,-1
-15,5,0
-12,7,-5
-12,5,-4
-14,7,-4
-14,5,-2
-13,7,-2
-16,3,-3
-18,4,0
-18,5,-1
-14,7,-4
-15,7,1
-17,4,-3
-14,5,-4
-15,4,-6
-16,5,-7
-16,4,-5
-17,6,-6
-17,6,-3
-18,4,-1
-16,5,-2
-12,4,-4
-14,2,-3
-16,1,-4
-15,1,-5
-19,0,-4
-16,1,-1
-11,4,-1
-13,2,-2
-14,1,-6
-14,-2,-6
-15,0,-3
-15,-1,-5
-11,1,-4
-14,3,-6
-17,5,-4
-14,1,-3
-16,-2,-4
-16,-1,-2
-16,6,-1
-15,5,-2
-17,4,-6
-19,3,-4
-17,1,-1
-19,0,-2
-19,1,-3
-14,3,-5
-13,1,-6
-8,3,-6
-11,3,0
-12,4,-1
-15,5,-4
-14,4,-2
-13,3,-3
-10,6,-5
-13,5,-3
-11,2,-3
-11,0,-5
-15,3,-6
-11,4,-7
-12,2,-4
-16,3,-5
-18,3,-2
-13,6,-3
-7,2,-6
-8,7,-8
-10,7,-3
-13,4,-3
-12,3,-4
-11,7,-1
-11,9,-3
-12,6,-1
-13,3,2
-13,3,2
-11,7,0
-9,4,-1
-11,6,1
-10,8,0
-9,7,0
-10,7,-2
-12,8,0
-15,7,-1
-13,6,-4
-11,7,-5
-9,11,-5
-12,9,-4
-7,6,-3
-8,8,-4
-11,7,-3
-15,6,-1
-17,7,-1
-15,8,-3
-16,10,-1
-13,7,0
-12,11,1
-10,11,0
-10,10,-3
-14,10,0
-11,13,0
-10,10,-1
-8,12,-1
-7,12,-2
-8,10,-2
-9,8,1
-10,4,1
-12,8,1
-12,10,3
-13,10,4
-9,9,5
-8,11,4
-8,9,2
-8,8,2
-11,7,4
-13,10,5
-11,9,1
-10,9,0
-13,8,1
-12,6,-1
-11,8,-1
-8,9,1
-10,11,0
-15,9,-3
-14,8,-4
-12,6,-6
-12,7,-6
-10,9,-4
-16,8,-6
-19,7,-6
-16,8,-3
-12,12,-3
-19,5,-6
-19,2,-3
-14,2,1
-14,4,1
-18,1,1
-20,1,0
-15,1,1
-12,3,-3
-11,4,-1
-16,2,1
-15,1,-2
-14,-1,-2
-13,-1,-3
-13,2,-6
-14,2,-5
-13,3,-1
-14,2,0
-14,5,0
-14,4,1
-11,0,0
-10,2,1
-11,3,3
-13,4,2
-12,4,3
-11,2,6
-11,4,4
-9,2,4
-9,4,3
-5,5,2
-7,3,4
-10,5,3
-11,5,2
-11,7,-1
-11,4,-2
-8,5,-3
-11,6,1
-11,6,2
-8,7,-2
-9,4,-1
-9,9,-1
-1,13,-2
-9,8,0
-13,7,4
-12,8,-2
-10,8,-2
-8,9,-1
-12,7,0
-13,6,0
-11,5,3
-8,7,4
-8,7,4
-7,8,4
-10,9,6
-9,11,3
-11,11,5
-12,12,6
-11,12,5
-8,12,4
-9,12,1
-9,14,5
-9,15,3
-7,13,2
-10,11,6
-12,15,7
-12,13,5
-13,15,5
-14,16,8
-16,14,6
-16,16,6
-13,14,4
-10,12,5
-8,15,6
-11,13,3
-10,17,1
-12,13,3
-10,10,4
-11,11,5
-9,10,4
-6,7,7
-10,10,7
-11,14,6
-11,13,2
-11,12,2
-8,15,4
-10,13,7
-13,11,5
-12,12,7
-8,10,7
-7,11,6
-9,12,5
-9,9,4
-7,9,6
-10,12,8
-8,10,7
-6,9,7
-8,12,6
-9,14,8
-5,13,8
-9,15,7
-11,14,8
-8,13,8
-8,13,9
-7,13,8
-7,10,10
-8,10,11
-9,13,10
-7,12,10
-3,9,9
-6,9,7
-6,9,11
-6,10,11
-4,8,12
-4,10,11
-7,13,9
-5,11,10
-3,8,9
-4,9,13
-3,9,12
-4,12,11
-5,10,13
-9,10,15
-6,11,14
-2,12,14
-2,10,15
-1,11,16
-4,10,15
-7,10,16
-5,15,16
-7,16,13
-8,10,13
-5,9,17
-2,5,15
-2,8,12
-1,10,12
-3,9,12
-4,10,13
-5,12,12
-6,14,13
-6,9,12
-4,7,10
-8,5,10
-4,7,11
-2,10,9
-5,9,12
-5,7,14
-3,12,14
-6,8,11
-7,9,9
-3,8,13
-6,9,11
-6,11,9
0,7,11
-6,9,14
-5,11,12
-5,12,9
-4,10,10
-4,11,11
-3,9,15
-5,9,19
-7,11,17
-6,9,15
-5,13,14
-3,14,17
-3,13,18
-4,12,17
-3,15,17
-1,15,16
-3,14,17
2,14,15
1,15,11
-2,17,16
-2,15,13
-1,15,13
0,18,14
0,15,16
-4,16,16
-4,13,17
-1,16,15
2,18,15
1,14,16
-1,17,13
0,16,16
-1,18,14
-5,19,13
-5,19,12
-9,18,11
-6,20,11
-8,18,13
-7,15,10
-6,18,8
-9,21,6
-7,16,10
-5,15,8
-10,18,10
-4,16,13
-3,14,10
-5,15,9
-7,18,12
-6,17,11
-5,15,14
-8,13,13
-11,15,10
-10,17,12
-5,17,10
-8,15,7
-7,17,10
-8,14,7
-7,16,5
-6,14,7
-8,12,9
-6,13,8
-8,12,10
-9,12,7
-3,10,6
-7,8,11
-3,9,10
-7,9,12
-8,11,10
-8,11,11
-6,10,12
-2,11,14
-2,10,10
-4,5,11
0,10,11
0,11,10
-1,11,14
-1,13,17
-5,12,18
-8,9,16
-5,9,13
-4,9,12
-5,8,12
-6,6,14
-3,8,13
-4,6,14
-6,7,12
-6,6,13
-5,7,13
-6,7,13
-7,8,11
-3,7,12
-7,8,15
-7,5,13
-6,4,10
0,9,10
0,7,12
-6,7,15
-4,6,13
-5,5,11
-2,4,8
-3,6,10
-6,7,12
-3,8,14
-6,7,15
-7,8,15
-5,6,13
-10,10,9
-9,14,8
-9,11,10
-5,7,10
-7,10,11
-8,8,11
-8,11,6
-10,11,7
-9,9,6
-6,13,6
-11,14,11
-9,16,10
-6,15,8
-10,14,9
-9,14,11
-8,16,10
-8,15,10
-5,13,9
-6,15,9
-10,12,6
-7,12,4
-6,11,7
-5,12,6
-8,13,5
-7,14,8
-9,14,8
-11,14,7
-7,16,7
-5,14,6
-7,13,3
-5,16,7
-8,15,9
-9,14,9
-8,16,6
-12,12,2
-11,12,3
-11,10,3
-7,12,3
-13,14,2
-14,13,4
-11,13,4
-11,11,5
-9,13,7
-5,10,8
-8,9,6
-7,7,7
-7,10,7
-11,9,6
-10,10,5
-11,11,8
-8,8,8
-3,6,7
-5,7,8
-10,8,11
-10,5,11
-9,7,7
-7,10,6
-8,7,8
-5,10,10
-9,8,8
-9,7,7
-7,9,9
-7,7,9
-9,4,11
-9,5,12
-11,6,11
-8,9,8
-10,9,6
-11,6,8
-10,7,9
-6,7,6
-4,7,6
-5,8,7
-1,7,5
-2,5,1
-5,6,5
-5,4,5
-5,2,3
-11,7,2
-13,8,4
-8,5,8
-8,5,8
-10,6,5
-10,9,5
-13,6,6
-11,8,7
-7,11,5
-8,6,5
-10,6,5
-13,8,3
-12,8,4
-10,6,5
-12,7,1
-16,6,7
-10,7,5
-9,9,4
-9,10,1
-7,8,1
-12,9,2
-13,8,4
-13,8,3
-10,8,-1
-12,7,2
-12,6,2
-10,7,4
-8,8,3
-13,8,3
-15,8,4
-11,8,3
-10,10,5
-11,9,4
-6,8,0
-7,8,3
-8,6,5
-8,9,7
-8,8,7
-7,9,7
-7,10,7
-7,12,10
-6,12,7
-7,11,6
-7,10,3
-9,10,6
-11,12,3
-14,12,1
-8,13,3
-8,11,3
-8,8,4
-6,10,-2
-3,13,0
-6,12,1
-11,11,-1
-13,8,-1
-13,9,1
-13,10,2
-12,10,1
-11,5,2
-12,3,2
-10,4,7
-15,7,5
-17,4,5
-13,4,4
-12,5,6
-10,2,3
-12,5,2
-13,7,3
-12,7,-1
-9,3,-2
-8,2,-2
-5,9,0
-3,7,-2
-8,6,0
-11,6,0
-7,5,0
-8,6,0
-11,7,4
-11,6,6
-8,9,6
-8,8,10
-9,9,8
-11,7,10
-9,5,10
-7,6,9
-5,8,9
-7,11,7
-9,9,9
-9,7,7
-9,5,9
-6,6,7
-11,5,5
-12,7,6
-11,8,9
-10,3,5
-6,4,2
-9,4,5
-12,5,6
-12,7,3
-10,8,4
-13,9,8
-12,8,9
-12,7,9
-6,3,8
-6,4,10
-11,8,5
-12,10,6
-13,6,6
-11,9,6
-9,12,7
-9,11,7
-9,6,5
-10,10,7
-10,8,9
-8,9,6
-5,9,3
-7,9,4
-10,8,4
-13,6,5
-12,10,7
-6,9,6
-10,6,4
-9,10,4
-9,11,2
-6,9,2
-9,7,4
-7,7,6
-6,6,4
-7,8,5
-5,9,7
-5,8,6
-5,10,6
-4,10,1
-7,9,7
-9,10,8
-10,10,7
-9,11,8
-12,8,8
-12,9,8
-12,10,8
-13,12,9
-10,11,6
-9,11,6
-7,9,7
-12,8,6
-10,10,8
-6,9,8
-7,7,7
-9,10,5
-7,10,2
-7,10,7
-11,8,8
-10,8,6
-10,12,9
-7,9,9
-8,8,6
-9,8,5
-6,10,2
-7,12,5
-7,10,5
-9,12,6
-7,7,7
-9,6,6
-10,5,5
-7,9,4
-6,12,2
-10,8,8
-12,6,5
-8,4,3
-8,6,4
-6,8,6
-7,10,6
-9,6,8
-11,2,8
-11,9,6
-10,8,9
-9,7,6
-9,4,7
-10,3,5
-11,6,6
-10,5,6
-7,5,5
-7,6,6
-12,4,7
-9,4,1
-11,4,5
-9,6,5
-7,10,5
-8,6,9
-12,4,10
-11,6,7
-8,9,8
-4,11,6
-8,9,7
-10,6,5
-9,6,7
-6,5,10
-8,2,6
-10,7,7
-9,9,11
-9,8,10
-8,6,7
-7,5,8
-6,8,10
-10,8,9
-10,4,8
-13,0,8
-12,4,5
-10,4,4
-12,7,3
-13,6,4
-11,5,1
-12,7,1
-7,7,1
-6,6,4
-11,11,4
-9,12,4
-12,14,5
-10,9,2
-8,6,4
-11,5,5
-12,5,3
-10,6,5
-8,7,4
-9,9,3
-9,8,4
-12,7,7
-10,7,6
-7,8,5
-7,11,6
-8,13,3
-7,12,3
-7,11,2
-5,11,1
-7,10,6
-10,9,8
-10,9,6
-7,6,7
-5,5,4
-4,6,3
-7,6,5
-7,9,6
-7,7,5
-11,10,4
-9,12,3
-6,13,2
-6,9,-2
-6,9,-3
-6,8,0
-9,7,-1
-9,9,-3
-12,7,0
-10,8,0
-10,7,-2
-7,7,0
-10,4,4
-14,7,1
-11,6,1
-12,1,5
-10,0,4
-12,2,2
-13,3,3
-16,4,3
-15,5,4
-12,1,1
-12,1,-2
-10,2,-1
-7,4,1
-8,5,1
-11,6,-3
-10,0,-3
-12,3,-5
-15,6,-2
-12,5,-1
-13,4,-3
-9,1,-6
-8,1,-4
-7,2,-3
-8,2,-5
-8,1,-5
-8,1,-4
-9,3,-3
-14,0,-3
-15,0,-1
-10,4,1
-9,4,2
-9,7,1
-11,4,1
-9,7,4
-14,8,3
-10,6,3
-3,6,0
-4,5,3
-6,5,3
-6,4,1
-9,6,1
-9,5,6
-13,3,1
-13,5,2
-13,6,-1
-9,5,-1
-8,7,-1
-12,9,0
-12,7,1
-13,9,-1
-10,10,-1
-7,5,-1
-9,6,0
-12,5,-3
-9,6,-2
-6,4,0
-9,11,-1
-11,9,-2
-8,8,-3
-7,11,-3
-11,9,-4
-11,11,-4
-11,12,-5
-9,6,-7
-11,7,-3
-9,12,-2
-8,11,-6
-12,14,-5
-15,9,-5
-13,7,-6
-10,10,-4
-9,11,-3
-7,12,-6
-5,9,-7
-12,9,-6
-11,11,-6
-10,10,-6
-16,10,-6
-14,11,-4
-11,11,-3
-15,11,-4
-18,13,-1
-17,10,-2
-13,11,-7
-17,10,-8
-23,11,-6
-20,11,-7
-16,8,-11
-18,6,-11
-18,12,-13
-3,14,-20
-18,7,-15
-24,10,-11
-20,11,-10
-17,13,-13
-19,13,-11
-21,14,-10
-16,16,-14
-11,13,-16
-7,18,-16
-15,17,-13
-12,17,-11
-15,13,-10
-16,11,-12
-17,11,-12
-17,12,-11
-16,13,-10
-7,14,-13
-13,14,-13
-17,15,-11
-19,14,-10
-21,15,-14
-21,14,-14
-18,11,-13
-20,12,-14
-13,16,-13
-8,18,-14
-8,16,-16
-13,17,-11
-14,15,-11
-10,12,-9
-12,10,-8
-17,11,-9
-17,11,-9
-12,11,-12
-13,12,-9
-12,14,-8
-8,15,-8
-11,12,-5
-12,10,-7
-11,12,-8
-8,13,-8
-14,11,-5
-13,6,-7
-13,8,-6
-13,13,-3
-13,13,-3
-15,6,-3
-11,8,-4
-11,11,-2
-11,9,-6
-15,9,-6
-14,9,-4
-8,8,-6
-13,5,-7
-12,7,-5
-8,8,-3
-7,7,-6
-13,7,-5
-15,7,-2
-11,7,-6
-15,6,-5
-13,4,-6
-14,9,-3
-12,6,-2
-13,5,-4
-9,10,-2
-9,9,-6
-8,8,-5
-10,8,-2
-8,6,1
-11,5,2
-10,4,5
-10,6,0
-6,7,2
-10,8,2
-11,8,5
-10,7,6
-8,5,7
-8,7,5
-7,7,4
-12,5,3
-12,7,4
-7,10,3
-12,9,8
-8,10,8
-11,9,11
-13,8,8
-11,8,4
-9,11,5
-10,9,6
-10,7,6
-12,9,8
-8,10,6
-8,9,4
-8,8,7
-7,11,6
-6,12,5
-12,10,6
-9,16,3
-5,14,4
-8,10,5
-11,11,8
-8,14,5
-9,12,4
-10,13,5
-10,12,4
-10,11,0
-6,12,-1
-11,11,0
-10,9,1
-9,11,5
-10,11,3
-11,8,3
-13,11,6
-12,11,5
-13,11,4
-13,10,1
-18,8,0
-15,10,-1
-21,5,-4
-23,4,-4
-16,6,-2
-9,7,0
-10,9,-2
-14,6,-2
-14,7,-1
-13,6,0
-17,7,1
-14,7,-1
-11,9,-5
-15,11,-2
-16,7,-1
-11,8,-2
-11,9,-5
-9,10,-3
-8,8,-3
-8,11,-2
-10,11,1
-12,11,2
-11,10,4
-12,7,5
-12,8,6
-14,9,5
-13,7,3
-14,5,5
-9,7,6
-8,7,5
-6,8,8
-10,7,7
-11,7,10
-11,5,9
-9,6,5
-5,5,7
-10,7,8
-10,8,7
-8,8,8
-8,6,8
-9,6,7
-11,4,8
-9,7,6
-6,5,5
-5,6,9
-7,5,6
-7,3,8
-5,4,10
-6,5,8
-8,7,9
-6,6,7
-6,1,7
-6,3,4
-7,7,7
-9,8,7
-8,7,9
-7,7,8
-5,9,5
-5,6,3
-3,6,3
-9,6,4
-13,4,4
-10,1,4
-9,0,3
-7,2,2
-13,4,6
-11,6,5
-10,5,4
-8,6,1
-7,7,0
-5,5,4
-11,5,6
-12,7,5
-7,6,10
-7,6,8
-10,6,9
-10,5,9
-6,3,9
-6,2,7
-13,2,6
-7,1,5
-6,3,7
-9,3,6
-7,6,5
-8,9,10
-6,3,9
-5,1,12
-7,4,11
-4,6,10
-3,9,11
-6,7,13
-6,6,12
-6,4,12
-7,5,12
-7,8,11
-9,4,12
-9,2,17
-7,2,13
-8,5,14
-8,4,17
-11,8,18
-9,5,16
-7,7,14
-10,3,11
-7,7,13
-6,8,13
-2,8,11
-1,9,12
-3,9,14
-5,10,12
-1,8,14
-5,7,11
-9,6,14
-7,6,13
-6,9,12
-3,6,12
-2,8,12
-5,9,9
-7,7,11
1,8,14
1,7,13
-3,8,13
-5,8,15
-7,6,15
-3,5,10
-5,6,11
-10,5,9
-9,9,13
-7,10,17
-9,8,22
-8,9,17
-7,11,14
-7,12,15
-7,10,15
-5,13,16
-6,13,17
-4,13,16
-4,13,16
-7,14,18
-6,11,18
-2,10,14
-5,12,11
-6,12,12
-4,10,13
0,11,12
0,13,11
0,15,13
-2,13,14
-3,12,14
-2,11,17
-4,14,11
-3,16,10
-2,14,13
-4,14,16
-4,13,18
-3,14,15
-3,17,15
-5,15,18
-5,14,19
-5,15,17
-5,15,13
-7,16,17
-5,14,18
-1,14,20
-3,13,18
-3,13,20
-4,13,15
-3,11,15
-3,12,19
-8,17,19
-6,13,16
-3,10,15
2,12,17
-5,11,17
-4,14,14
-1,14,15
-2,13,14
0,10,13
-4,13,15
-4,11,13
-6,12,14
-5,15,15
-6,13,15
-5,15,17
-7,16,19
-7,14,17
-3,13,15
-1,12,17
-1,13,18
-1,13,18
-2,14,19
0,16,21
1,14,19
-2,13,18
-3,14,16
-1,17,14
-3,18,13
-5,13,13
-4,12,16
-3,14,13
-5,12,12
-5,12,9
-6,15,10
-5,13,11
-6,10,9
-9,9,11
-10,9,13
-9,6,10
-11,3,11
-11,3,11
-6,0,7
-8,3,7
-10,6,10
-10,5,9
-9,3,10
-9,1,9
-7,1,7
-5,1,5
-7,-2,3
-9,-1,3
-7,2,6
-4,2,7
-5,3,7
-5,1,9
-4,4,11
-7,3,11
-5,4,15
-8,3,18
-5,6,18
-4,5,17
-5,7,19
-1,7,17
3,5,20
5,8,21
-3,9,19
-2,10,19
-2,9,21
-1,7,20
-4,10,21
-2,5,20
-6,3,20
-7,3,21
-4,7,21
-1,7,18
2,8,20
1,12,18
1,14,18
2,11,17
5,12,15
1,10,14
0,12,15
3,18,16
0,16,17
1,14,17
1,15,18
2,13,18
2,14,15
0,14,16
3,17,14
1,15,18
0,15,17
-1,14,19
-3,15,16
1,16,19
-2,15,20
-4,14,17
2,12,15
1,19,17
1,22,17
-2,17,14
-5,16,15
-2,17,17
2,22,14
5,15,13
3,16,13
-2,21,13
2,20,12
-3,20,13
-5,18,12
-1,17,12
1,21,13
-2,19,13
-2,20,13
-3,18,10
-1,21,13
-3,21,12
-6,20,15
-1,19,17
-2,18,15
-2,20,14
-1,18,18
-1,14,16
2,14,16
2,17,14
2,17,15
-1,17,17
0,18,14
-1,18,14
-2,16,16
-1,15,15
-1,14,17
-1,14,15
-2,15,15
-4,14,13
-3,15,15
-3,17,14
-1,14,13
2,14,13
5,15,13
2,13,13
-2,14,10
-3,11,8
6,9,12
4,12,18
3,13,18
0,12,17
1,15,16
-3,14,16
-6,11,15
-3,9,17
-3,10,19
-2,7,16
0,8,13
0,8,14
1,10,13
-2,7,15
-6,9,11
-4,8,11
-6,9,12
-4,7,12
-1,6,14
-1,5,14
-2,5,13
-5,2,11
-4,3,12
-3,5,9
-5,6,12
-6,7,11
-6,9,11
-5,7,5
-7,4,3
-6,4,7
-7,8,10
-9,12,5
-12,6,2
-9,6,4
-7,8,3
-7,6,4
-9,7,1
-9,9,-1
-10,7,-1
-12,8,3
-14,4,7
-13,2,6
-12,5,2
-11,6,4
-9,3,6
-13,3,3
-13,6,2
-11,6,2
-9,7,3
-12,8,5
-13,6,2
-9,5,1
-11,7,1
-10,7,-1
-9,8,3
-7,7,3
-9,7,3
-10,8,4
-13,6,5
-12,8,3
-10,7,1
-10,9,2
-10,9,3
-12,9,2
-12,6,2
-10,5,1
-11,4,0
-13,6,2
-10,6,1
-8,4,4
-9,6,4
-8,8,2
-10,6,1
-8,9,1
-11,9,1
-12,14,3
-10,13,-2
-7,14,1
-5,13,2
-8,10,3
-5,12,2
-9,14,3
-8,11,2
-8,11,4
-10,11,9
-10,12,10
-14,13,4
-11,11,2
-8,13,3
-6,10,1
-13,12,-1
-14,10,-1
-13,7,-2
-15,5,-4
-14,7,-3
-14,7,-3
-10,5,-5
-13,3,-3
-11,4,0
-12,4,1
-15,3,0
-15,4,-1
-16,6,-2
-18,8,-6
-14,3,-2
-13,1,0
-13,1,-2
-13,2,-3
-13,3,-2
-12,-2,-2
-13,-1,-3
-10,-1,-2
-13,3,2
-12,0,2
-14,-1,2
-11,2,3
-15,3,5
-11,3,5
-13,3,4
-11,5,4
-10,5,6
-8,4,3
-6,3,3
-7,3,6
-9,5,6
-7,2,3
-9,0,4
-7,2,6
-7,3,5
-5,4,7
-3,3,5
-8,1,5
-7,-1,8
-6,-3,8
-7,1,8
-8,5,9
-9,4,10
-9,1,9
-10,2,7
-11,4,7
-9,2,9
-10,3,6
-7,5,8
-3,5,7
-3,3,2
-5,3,3
-5,5,5
-3,4,6
-7,8,5
-5,6,3
-6,6,4
-10,6,4
-11,6,3
-6,8,-1
-12,7,1
-15,6,6
-16,8,7
-10,8,8
-6,4,6
-7,7,4
-10,7,2
-7,6,0
-8,8,4
-7,8,4
-12,7,5
-12,13,3
-15,11,4
-15,10,1
-13,11,0
-14,8,1
-13,10,2
-9,10,-1
-10,9,1
-12,9,1
-14,8,3
-10,9,6
-16,9,4
-13,8,-1
-15,9,2
-14,10,3
-12,12,3
-13,12,5
-13,9,3
-13,8,3
-13,11,5
-9,7,6
-12,6,4
-15,10,0
-9,7,-2
-11,8,1
-14,5,2
-14,6,-1
-13,6,0
-14,9,3
-11,8,4
-10,11,1
-12,8,-1
-11,11,2
-10,11,5
-9,10,6
-12,11,2
-13,10,4
-9,5,6
-8,6,5
-8,7,4
-9,8,6
-7,7,8
-10,7,8
-8,7,8
-7,8,8
-1,10,10
-6,9,6
-10,11,8
-8,10,10
-9,10,7
-8,6,7
-9,12,8
-10,12,6
-10,10,5
-9,8,5
-8,9,7
-9,10,6
-6,7,6
-5,5,5
-6,4,4
-6,4,7
-6,4,8
-5,7,5
-9,3,0
-9,6,1
-7,6,4
-7,4,7
-8,8,4
-10,4,4
-10,2,5
-8,4,6
-9,5,6
-9,7,8
-8,3,6
-8,2,6
-12,2,2
-7,5,1
-8,6,3
-10,9,4
-9,9,3
-9,7,1
-10,8,4
-10,6,5
-10,5,4
-9,6,4
-5,9,2
-7,10,1
-7,8,3
-7,8,4
-7,9,5
-9,9,3
-7,9,0
-8,9,5
-11,5,8
-10,7,8
-9,10,7
-11,10,5
-10,6,4
-9,6,6
-7,10,8
-8,10,5
-7,7,5
-8,11,6
-5,10,4
-5,13,8
-4,14,10
-6,16,10
-9,10,10
-9,11,11
-9,9,11
-12,9,14
-7,10,10
-4,11,8
-1,13,9
-1,14,9
-2,13,8
-1,13,8
6,14,8
2,11,8
-3,14,9
-4,14,9
-6,11,8
-6,16,6
-7,14,6
-8,11,10
-8,14,9
-8,11,11
-4,11,8
-4,13,9
-7,10,10
-5,9,7
-5,13,6
-8,12,6
-7,10,4
-7,13,3
-8,10,5
-7,10,6
-7,9,5
-3,11,2
-5,9,3
-7,11,4
-12,13,4
-10,11,4
-10,7,3
-10,7,4
-12,8,6
-10,8,7
-11,6,5
-11,7,4
-10,6,4
-9,5,5
-11,4,4
-13,2,4
-12,4,5
-11,8,8
-13,4,7
-13,4,7
-12,3,5
-7,5,5
-10,5,1
-9,6,0
-7,4,4
-5,2,6
-1,7,7
-3,5,7
-3,8,8
-7,9,9
-8,9,11
-5,10,13
-5,10,8
-2,7,9
-2,8,13
-3,10,9
-7,10,5
