2061,259,52
2132,190,61
2206,129,83
2287,80,108
2365,41,142
2451,22,181
2537,20,219
2643,33,249
2774,58,278
2923,101,302
3071,152,321
3218,211,330
3356,274,334
3496,341,326
3619,408,305
3747,465,271
3872,513,223
3998,546,167
4130,573,99
4278,611,39
4429,663,-11
4576,733,-40
4728,823,-26
4884,928,16
5030,1033,93
5164,1120,200
5285,1195,324
5400,1250,437
5506,1277,525
5608,1267,588
5699,1232,629
5796,1180,656
5883,1098,678
5966,1002,685
6045,891,693
6117,780,703
6199,673,717
6305,577,731
6468,489,764
6657,416,802
6821,374,815
6904,379,768
6856,416,651
6717,484,482
6568,565,297
6458,661,149
6393,756,44
6356,834,-17
6327,886,-53
6274,902,-94
6199,871,-152
6088,791,-250
5935,673,-381
5740,524,-534
5517,355,-697
5281,170,-848
5047,-10,-991
4801,-175,-1105
4558,-313,-1202
4327,-419,-1271
4109,-508,-1316
3910,-579,-1337
3750,-647,-1344
3625,-715,-1349
3535,-778,-1368
3475,-852,-1401
3455,-927,-1457
3468,-995,-1538
3524,-1052,-1635
3617,-1093,-1747
3745,-1126,-1854
3900,-1153,-1947
4067,-1164,-2006
4239,-1168,-2023
4403,-1148,-1980
4526,-1094,-1856
4593,-997,-1665
4622,-874,-1416
4637,-715,-1121
4679,-531,-783
4741,-340,-436
4793,-153,-149
4813,35,83
4801,218,260
4758,391,382
4674,549,459
4540,692,469
4357,809,414
4157,872,309
3943,888,169
3735,867,27
3549,831,-106
3386,786,-200
3254,740,-275
3140,693,-318
3041,644,-331
2959,601,-327
2893,567,-302
2837,528,-252
2787,486,-194
2739,427,-121
2691,356,-49
2639,275,24
2577,191,91
2511,109,134
2440,42,163
2376,-26,180
2317,-86,182
2264,-139,172
2217,-189,161
2173,-233,143
2131,-269,128
2093,-306,115
2055,-334,107
2013,-357,96
1981,-368,86
1951,-370,79
1916,-354,70
1883,-327,60
1855,-282,50
1835,-231,35
1823,-168,30
1829,-101,28
1844,-42,30
1883,19,37
1931,69,58
1987,113,92
2045,161,142
2109,208,205
2184,263,285
2268,320,383
2367,367,492
2474,407,608
2606,441,734
2752,459,851
2927,471,967
3116,470,1058
3310,460,1115
3483,437,1115
3611,408,1071
3696,385,989
3749,370,881
3758,345,754
3759,318,611
3789,280,482
3858,240,386
3980,200,326
4148,157,304
4361,123,309
4598,86,332
4831,54,367
5038,46,412
5218,65,473
5362,95,533
5491,147,595
5605,201,663
5725,253,739
5842,295,817
5949,324,904
6038,346,1005
6113,357,1116
6179,371,1233
6247,396,1342
6327,436,1445
6454,493,1514
6629,564,1549
6822,629,1552
6954,696,1565
7012,753,1552
6997,775,1508
6942,752,1420
6907,691,1289
6919,612,1118
6935,534,942
6880,477,764
6734,444,575
6485,460,355
6174,522,95
5813,606,-220
5408,712,-570
4982,817,-934
4568,910,-1274
4194,982,-1553
3931,1006,-1801
3735,1028,-2024
3581,1056,-2193
3463,1102,-2302
3385,1152,-2362
3346,1208,-2374
3346,1281,-2365
3384,1370,-2351
3452,1472,-2325
3535,1571,-2275
3648,1660,-2191
3781,1739,-2053
3936,1803,-1853
4122,1848,-1586
4349,1833,-1285
4616,1704,-986
4844,1518,-701
4992,1320,-443
5039,1127,-224
4988,937,-85
4873,754,-20
4714,585,-6
4535,445,-37
4353,329,-94
4198,228,-168
4065,149,-237
3949,83,-289
3856,39,-314
3786,-6,-308
3745,-49,-281
3726,-92,-237
3724,-131,-177
3737,-172,-99
3734,-204,-14
3729,-222,77
3703,-236,174
3661,-233,267
3596,-220,339
3507,-200,386
3409,-174,413
3299,-144,417
3187,-106,403
3060,-56,375
2935,1,338
2820,71,291
2705,155,236
2594,242,181
2501,333,128
2410,414,83
2321,488,47
2242,551,14
2165,606,-15
2097,652,-37
2035,683,-47
1988,704,-60
1951,722,-67
1922,732,-71
1897,735,-71
1880,725,-68
1865,712,-60
1857,691,-53
1851,660,-45
1844,611,-33
1839,548,-10
1843,478,11
1858,413,35
1876,348,51
1905,290,61
1935,231,75
1969,175,86
2014,127,103
2066,90,133
2127,60,163
2207,42,208
2297,29,264
2413,23,333
2551,29,407
2715,31,480
2896,36,544
3088,49,599
3284,65,642
3483,81,678
3677,108,716
3866,153,734
4035,218,735
4191,297,722
4327,394,696
4443,504,659
4556,625,600
4668,762,527
4783,904,437
4895,1062,347
5014,1216,277
5123,1358,240
5236,1486,241
5343,1579,276
5445,1614,353
5546,1596,461
5654,1513,588
5767,1380,721
5893,1206,851
6017,998,968
6103,779,1079
6147,567,1170
6156,383,1233
6167,247,1260
6209,160,1253
6313,116,1220
6452,106,1181
6596,135,1138
6698,203,1079
6756,303,988
6741,437,894
6685,581,813
6599,705,765
6470,808,764
6372,852,774
6277,843,786
6156,778,768
6007,664,678
5816,506,508
5591,320,270
5341,132,-7
5070,-61,-306
4801,-239,-596
4548,-391,-845
4319,-511,-1048
4110,-611,-1204
3910,-683,-1315
3719,-737,-1406
3544,-765,-1476
3390,-763,-1529
3278,-762,-1572
3195,-795,-1601
3162,-869,-1621
3178,-962,-1624
3235,-1061,-1642
3340,-1136,-1651
3492,-1200,-1647
3693,-1239,-1625
3903,-1229,-1565
4128,-1175,-1475
4362,-1091,-1313
4595,-975,-1075
4795,-842,-760
4931,-701,-399
5015,-556,-44
5072,-430,263
5086,-283,489
5056,-120,625
4971,55,671
4836,204,655
4663,315,588
4478,388,466
4297,423,321
4123,446,183
3970,466,71
3842,493,-12
3732,516,-58
3633,542,-75
3548,559,-77
3472,573,-64
3392,582,-38
3304,594,-6
3211,610,35
3115,619,75
3018,623,116
2908,620,160
2808,604,204
2722,575,240
2645,527,270
2571,458,303
2499,374,334
2426,294,362
2360,216,378
2295,143,383
2236,73,381
2185,8,369
2139,-52,350
2101,-109,333
2063,-162,319
2028,-208,304
1996,-245,294
1969,-274,284
1946,-307,272
1926,-330,264
1906,-342,254
1895,-345,244
1884,-349,236
1883,-340,237
1889,-320,241
1909,-292,254
1931,-253,273
1958,-210,299
1979,-164,327
2014,-119,359
2044,-69,396
2079,-19,449
2127,34,500
2182,94,557
2258,153,627
2362,211,695
2485,263,744
2636,317,773
2802,364,783
2976,406,783
3145,429,774
3305,432,752
3442,416,719
3564,380,680
3682,326,636
3801,261,586
3927,194,552
4044,126,529
4163,60,503
4288,-9,487
4416,-80,479
4555,-133,479
4697,-176,483
4827,-194,492
4942,-196,520
5037,-185,553
5125,-151,607
5210,-108,671
5305,-71,756
5412,-37,837
5526,-7,920
5643,27,1000
5763,60,1084
5877,114,1174
5993,183,1273
6098,272,1355
6212,377,1436
6355,487,1511
6541,595,1581
6740,701,1649
6913,792,1703
6999,835,1726
7002,801,1699
6961,684,1582
6941,508,1402
6921,322,1202
6879,152,1001
6793,2,801
6639,-115,591
6417,-184,373
6141,-197,144
5829,-148,-116
5511,-61,-396
5200,67,-685
4894,211,-962
4617,368,-1210
4364,528,-1423
4138,681,-1590
3927,821,-1697
3748,931,-1763
3615,1001,-1793
3509,1060,-1800
3427,1119,-1791
3384,1188,-1758
3389,1269,-1717
3425,1359,-1676
3484,1458,-1618
3561,1565,-1550
3665,1655,-1473
3802,1716,-1385
3961,1743,-1272
4171,1694,-1156
4415,1546,-1036
4634,1359,-899
4796,1175,-742
4897,991,-591
4950,803,-453
4962,628,-355
4918,479,-289
4836,350,-253
4732,235,-224
4614,142,-196
4504,62,-170
4391,5,-148
4295,-46,-137
4203,-95,-136
4129,-149,-134
4053,-203,-130
3984,-266,-130
3900,-311,-135
3808,-353,-139
3705,-381,-148
3588,-391,-165
3470,-390,-196
3352,-390,-231
3239,-384,-264
3139,-381,-280
3058,-374,-293
2994,-359,-286
2934,-320,-265
2875,-256,-230
2813,-185,-184
2757,-98,-120
2709,-11,-53
2662,85,15
2615,182,86
2564,275,148
2520,371,204
2468,455,258
2410,528,294
2349,592,319
2287,651,333
2219,693,338
2154,727,332
2089,755,314
2028,787,286
1973,810,256
1929,828,228
1898,837,197
1885,835,167
1883,816,139
1898,779,112
1930,735,92
1974,680,75
2037,617,62
2116,550,62
2206,473,72
2296,396,86
2383,320,112
2465,247,140
2542,184,173
2620,133,214
2700,95,263
2775,76,309
2852,74,357
2937,89,394
3019,117,420
3102,162,427
3189,215,409
3278,271,370
3381,334,320
3499,392,264
3630,439,200
3778,474,151
3939,498,117
4097,515,95
4252,527,87
4402,543,92
4529,573,107
4632,610,128
4718,654,163
4791,699,210
4859,741,275
4922,772,353
4980,785,437
5037,783,511
5085,770,574
5136,748,618
5194,716,657
5271,674,685
5361,614,713
5464,541,745
5566,455,789
5666,370,845
5762,290,896
5850,224,934
5950,172,954
6088,133,966
6255,107,984
6424,93,991
6535,103,966
6516,146,898
6377,226,775
6191,332,631
6019,460,518
5897,593,453
5843,707,436
5838,796,438
5849,843,425
5854,860,373
5823,838,269
5747,776,108
5625,679,-93
5459,557,-315
5258,422,-531
5035,286,-711
4805,153,-849
4581,24,-956
4368,-102,-1028
4194,-220,-1072
4035,-333,-1098
3889,-430,-1109
3762,-512,-1115
3646,-579,-1113
3549,-628,-1116
3478,-668,-1137
3445,-712,-1171
3444,-761,-1226
3480,-810,-1301
3558,-861,-1399
3669,-915,-1505
3815,-972,-1623
3987,-1039,-1732
4177,-1106,-1808
4365,-1171,-1842
4552,-1234,-1819
4719,-1291,-1718
4849,-1308,-1542
4936,-1286,-1281
5027,-1198,-918
5105,-1066,-552
5135,-909,-254
5134,-725,-30
5088,-523,113
5004,-293,201
4891,-52,249
4735,186,246
4553,386,189
4360,540,92
4186,650,-19
4022,708,-121
3878,735,-192
3753,735,-241
3636,725,-265
3517,712,-269
3399,694,-254
3297,676,-225
3195,656,-184
3099,629,-141
3009,606,-98
2921,571,-51
2848,524,-21
2799,467,6
2748,385,40
2707,279,74
2660,161,94
2615,53,106
2559,-47,100
2509,-139,90
2458,-222,84
2406,-291,73
2359,-344,69
2305,-384,77
2239,-414,90
2178,-442,104
2123,-462,112
2083,-483,104
2053,-496,91
2024,-494,83
2000,-485,79
1981,-466,71
1977,-441,75
1995,-417,73
2025,-387,79
2056,-349,101
2086,-301,126
2115,-250,160
2156,-194,197
2199,-141,233
2242,-87,279
2276,-43,323
2318,2,370
2366,50,410
2425,99,442
2501,138,466
2597,174,468
2712,194,457
2851,203,426
2998,197,395
3141,191,353
3281,181,314
3419,166,280
3542,155,259
3661,130,260
3795,90,274
3936,44,317
4083,5,347
4235,-26,370
4393,-54,374
4572,-99,363
4744,-145,337
4906,-192,295
5049,-239,247
5188,-283,203
5311,-320,179
5428,-346,185
5527,-341,216
5612,-310,281
5704,-258,360
5802,-190,454
5908,-109,559
6018,-27,662
6134,65,766
6256,156,862
6390,254,954
6547,347,1045
6704,435,1127
6819,506,1197
6864,534,1232
6831,506,1211
6758,410,1132
6692,261,1010
6640,96,878
6593,-60,736
6533,-186,586
6451,-268,407
6338,-305,208
6184,-290,-3
5988,-240,-226
5761,-159,-445
5531,-72,-656
5297,32,-840
5076,138,-994
4846,229,-1118
4615,292,-1211
4390,336,-1290
4172,375,-1359
3965,410,-1415
3787,458,-1461
3621,518,-1491
3495,581,-1507
3401,648,-1522
3354,719,-1533
3343,791,-1536
3373,881,-1543
3436,974,-1543
3528,1073,-1521
3651,1165,-1478
3816,1250,-1417
3983,1313,-1342
4153,1378,-1254
4326,1425,-1165
4507,1406,-1066
4659,1309,-919
4742,1177,-749
4757,1030,-576
4721,884,-414
4649,752,-286
4551,634,-202
4449,524,-177
4335,434,-179
4223,352,-205
4122,278,-232
4036,206,-251
3947,136,-255
3863,70,-246
3786,19,-214
3717,-19,-173
3640,-42,-129
3562,-60,-80
3471,-82,-39
3377,-107,-13
3285,-140,21
3191,-173,44
3086,-190,62
2989,-204,73
2903,-213,85
2818,-223,98
2743,-227,114
2670,-232,143
2595,-230,167
2523,-228,188
2456,-221,199
2392,-203,206
2321,-177,201
2260,-144,188
2202,-97,166
2142,-41,140
2080,41,112
2018,126,98
1953,206,84
1897,281,71
1853,347,63
1824,397,55
1809,438,47
1813,463,32
1831,480,19
1868,489,11
1916,483,9
1969,468,23
2028,445,41
2105,418,74
2192,379,117
2286,340,170
2381,285,235
2474,226,310
2572,165,396
2670,111,477
2774,68,537
2869,42,568
2944,36,565
3001,49,529
3034,72,468
3066,109,382
3103,154,291
3165,197,199
3268,233,126
3415,253,72
3613,263,43
3847,256,35
4112,242,58
4408,225,98
4714,229,128
5011,275,141
5269,336,128
5478,414,102
5628,489,79
5731,557,79
5808,621,120
5871,662,187
5929,680,270
5984,679,369
6037,649,472
6085,594,570
6124,533,657
6159,467,735
6188,398,799
6210,333,847
6238,285,875
6281,260,874
6362,255,849
6495,265,820
6651,281,802
6786,298,781
6831,308,744
6758,324,667
6604,365,562
6437,420,458
6285,468,383
6170,481,341
6085,440,317
6016,341,271
5917,207,189
5753,66,63
5509,-86,-127
5186,-204,-378
4813,-262,-653
4457,-281,-903
4137,-280,-1119
3882,-275,-1281
3685,-285,-1413
3534,-316,-1517
3398,-349,-1610
3285,-393,-1697
3197,-443,-1769
3150,-496,-1834
3159,-556,-1902
3216,-626,-1977
3323,-696,-2055
3465,-777,-2137
3627,-865,-2214
3820,-965,-2289
4034,-1069,-2331
4272,-1171,-2278
4557,-1301,-2007
4929,-1483,-1561
5388,-1699,-989
5864,-1904,-345
6171,-2028,205
6239,-2060,547
6116,-1995,681
5835,-1820,646
5454,-1599,529
5043,-1375,367
4666,-1163,179
4352,-947,-21
4100,-720,-202
3899,-468,-329
3753,-211,-380
3657,31,-366
3596,239,-291
3544,406,-162
3489,533,-17
3442,623,114
3399,671,212
3341,695,291
3271,680,336
3182,645,360
3058,603,367
2912,544,354
2756,472,332
2613,400,295
2476,311,263
2356,215,233
2250,118,203
2157,28,178
2076,-55,156
2002,-130,136
1939,-194,114
1882,-255,94
1838,-297,73
1799,-332,57
1768,-358,47
1747,-368,33
1729,-365,27
1721,-355,32
1719,-330,48
1722,-303,67
1733,-271,86
1749,-232,111
1770,-196,138
1800,-160,166
1850,-113,196
1908,-63,229
1965,-15,277
2020,43,325
2082,102,386
2140,159,446
2209,216,508
2287,272,581
2383,324,662
2496,361,745
2617,381,828
2747,385,892
2885,377,940
3024,368,962
3147,361,953
3256,373,931
3340,389,880
3402,418,798
3459,460,699
3522,499,576
3590,531,453
3691,561,337
3821,568,240
3980,557,169
4181,509,130
4425,430,125
4702,321,162
4998,200,242
5289,83,360
5549,-31,507
5763,-132,651
5938,-209,761
6055,-263,835
6138,-288,854
6177,-292,856
6200,-265,862
6232,-213,899
6287,-129,981
6325,-8,1129
6374,129,1300
6438,284,1460
6543,450,1579
6681,615,1655
6850,773,1702
7004,910,1734
7119,1030,1747
7134,1101,1761
7045,1091,1754
6943,985,1666
6861,824,1540
6768,668,1401
6638,551,1250
6447,493,1083
6180,495,891
5859,550,655
5494,642,345
5108,740,-33
4740,813,-461
4353,890,-897
3985,963,-1277
3689,1017,-1588
3515,1027,-1852
3412,1047,-2075
3352,1085,-2253
3340,1151,-2380
3359,1237,-2466
3399,1328,-2526
3454,1417,-2539
3513,1507,-2530
3579,1597,-2498
3648,1679,-2432
3747,1764,-2321
3869,1852,-2134
4017,1935,-1863
4197,2005,-1538
4405,2030,-1202
4659,1911,-913
4894,1682,-668
5035,1427,-445
5050,1183,-249
4970,970,-98
4830,794,7
4668,654,71
4504,547,98
4340,454,109
4198,378,117
4071,297,124
3963,216,139
3879,122,164
3812,30,195
3756,-59,209
3701,-134,218
3639,-194,217
3566,-235,205
3483,-253,186
3393,-251,171
3293,-236,151
3192,-214,120
3088,-189,89
2991,-160,55
2906,-131,28
2830,-87,-2
2756,-34,-20
2691,26,-43
2627,82,-49
2565,135,-53
2509,181,-53
2462,229,-46
2417,283,-34
2378,333,-21
2339,388,-9
2301,440,7
2260,493,23
2221,543,39
2176,592,55
2133,634,75
2091,662,96
2053,679,117
2020,691,139
1995,696,158
1974,695,170
1971,683,185
1972,656,196
1984,601,193
2010,542,183
2053,472,173
2112,395,165
2187,314,160
2268,235,164
2354,161,178
2443,98,202
2535,49,228
2628,24,259
2711,21,287
2789,23,321
2859,37,363
2938,73,404
3020,111,440
3106,154,482
3193,199,512
3286,248,525
3376,297,523
3471,346,509
3581,395,479
3709,446,445
3852,509,401
3991,576,348
4139,662,287
4294,767,228
4458,880,171
4626,996,129
4782,1129,106
4927,1257,116
5062,1383,146
5186,1487,211
5305,1564,297
5417,1609,401
5509,1620,520
5599,1588,627
5684,1524,725
5766,1430,806
5861,1315,878
5949,1173,952
6032,1014,1027
6093,842,1091
6152,688,1141
6207,566,1174
6267,488,1180
6354,444,1166
6480,424,1149
6613,403,1135
6717,395,1113
6742,410,1055
6649,445,936
6467,508,768
6254,597,595
6058,699,448
5902,791,339
5790,861,265
5716,894,214
5656,868,160
5562,785,61
5420,662,-92
5216,512,-309
4966,358,-559
4677,206,-814
4392,75,-1039
4134,-32,-1223
3901,-121,-1365
3696,-180,-1465
3533,-227,-1533
3412,-268,-1575
3324,-308,-1607
3265,-338,-1623
3238,-387,-1639
3253,-444,-1661
3309,-514,-1689
3414,-595,-1717
3573,-674,-1735
3763,-750,-1747
3978,-823,-1727
4231,-902,-1668
4512,-968,-1553
4785,-978,-1370
5022,-921,-1120
5225,-822,-798
5363,-702,-435
5413,-577,-117
5395,-448,123
5324,-308,289
5203,-158,362
5044,1,341
4849,163,247
4624,330,108
4394,483,-39
4194,598,-165
4028,672,-274
3898,712,-347
3796,745,-374
3711,780,-361
3634,827,-314
3569,875,-254
3493,921,-192
3422,957,-127
3335,975,-75
3248,964,-37
3157,932,-15
3061,881,-4
2976,806,-1
2894,714,3
2820,621,10
2747,522,26
2682,423,47
2622,330,68
2566,244,101
2522,161,129
2493,83,165
2463,15,200
2441,-47,234
2413,-115,272
2379,-179,302
2340,-238,325
2296,-302,340
2249,-356,349
2193,-398,348
2139,-427,338
2081,-439,325
2021,-441,302
1965,-424,274
1911,-401,244
1865,-374,209
1829,-341,177
1802,-297,158
1789,-239,144
1803,-179,136
1822,-110,133
1847,-38,139
1881,38,169
1922,113,212
1969,178,265
2033,231,325
2112,272,391
2210,296,453
2328,315,520
2460,335,571
2608,349,602
2763,366,611
2922,386,605
3062,409,583
3185,427,555
3302,426,523
3411,408,490
3529,375,464
3681,319,439
3857,252,423
4044,172,412
4243,84,408
4444,1,393
4640,-77,376
4830,-142,348
5017,-202,325
5173,-250,308
5291,-288,301
5373,-295,306
5435,-276,322
5493,-221,349
5539,-132,391
5575,-29,458
5605,92,546
5622,220,659
5642,346,795
5662,466,956
5699,568,1127
5766,656,1292
5875,726,1451
6022,783,1590
6237,815,1707
6520,852,1773
6858,892,1804
7163,901,1821
7343,892,1798
7352,846,1722
7254,754,1543
7139,629,1254
7036,482,930
6935,346,613
6799,240,313
6589,187,16
6319,189,-285
6013,239,-578
5698,329,-870
5379,445,-1142
5075,571,-1384
4795,694,-1592
4525,807,-1755
4264,897,-1860
4016,968,-1911
3782,1021,-1929
3578,1063,-1929
3423,1103,-1921
3303,1151,-1897
3221,1212,-1857
3174,1285,-1810
3159,1375,-1748
3164,1477,-1659
3194,1577,-1556
3271,1663,-1424
3396,1731,-1270
3573,1787,-1097
3822,1769,-909
4102,1659,-723
4356,1492,-536
4560,1302,-364
4689,1109,-230
4734,928,-131
4712,758,-79
4639,618,-73
4524,494,-93
4390,389,-119
4251,304,-136
4123,233,-148
3996,176,-157
3889,124,-172
3808,63,-186
3747,2,-203
3707,-55,-215
3669,-110,-229
3621,-152,-230
3546,-170,-229
3453,-170,-223
3346,-163,-222
3242,-153,-228
3134,-130,-242
3024,-101,-254
2924,-70,-258
2831,-37,-262
2739,-5,-256
2663,31,-249
2598,71,-231
2540,116,-205
2494,162,-164
2460,210,-111
2431,262,-54
2414,313,-3
2400,363,52
2381,414,110
2363,465,163
2338,522,214
2311,577,254
2278,629,278
2246,683,294
2210,733,297
2182,766,289
2166,789,272
2152,805,254
2148,808,228
2158,803,210
2186,798,183
2224,777,161
2279,749,142
2341,696,128
2420,630,123
2512,550,121
2618,463,130
2730,376,154
2836,294,177
2929,220,209
3006,153,243
3067,104,279
3115,71,311
3155,64,342
3185,68,359
3218,91,354
3254,138,324
3293,201,274
3330,277,209
3371,352,144
3424,424,82
3502,494,41
3621,550,22
3771,611,18
3940,668,33
4115,731,65
4298,796,100
4458,861,132
4603,932,159
4721,1000,178
4821,1055,185
4916,1093,200
5010,1118,228
5099,1130,280
5185,1132,363
5273,1123,457
5350,1098,558
5432,1062,649
5512,1014,735
5592,960,812
5673,907,868
5749,843,918
5815,767,953
5878,703,962
5949,647,943
6043,612,912
6187,573,889
6356,535,875
6508,502,856
6587,491,806
6551,511,707
6410,557,556
6233,623,389
6070,704,252
5947,780,160
5869,835,104
5808,857,67
5756,837,34
5693,778,-22
5601,677,-127
5462,560,-274
5278,424,-453
5059,284,-639
4821,140,-818
4584,4,-972
4365,-125,-1096
4164,-228,-1192
3981,-307,-1250
3813,-370,-1280
3676,-428,-1287
3569,-495,-1288
3479,-567,-1284
3410,-623,-1274
3377,-684,-1282
3393,-746,-1295
3467,-802,-1326
3580,-852,-1375
3730,-905,-1441
3900,-960,-1504
4085,-1009,-1558
4279,-1045,-1587
4470,-1067,-1572
4647,-1076,-1501
4789,-1053,-1374
4888,-973,-1189
4947,-843,-939
4980,-687,-635
4985,-528,-362
4955,-349,-135
4902,-177,41
4821,5,166
4719,194,231
4593,377,241
4443,551,189
4274,692,97
4087,796,-7
3920,863,-105
3770,905,-180
3639,917,-231
3512,917,-262
3386,902,-276
3271,875,-278
3151,845,-271
3027,809,-262
2908,770,-250
2803,726,-239
2710,675,-222
2634,613,-197
2575,531,-152
2524,439,-88
2477,346,-20
2433,263,51
2391,183,118
2360,113,172
2333,52,220
2313,-7,260
2300,-67,295
2282,-113,329
2267,-150,349
2251,-183,354
2218,-207,350
2175,-232,335
2122,-249,301
2075,-256,261
2025,-249,222
1986,-233,186
1961,-211,159
1958,-181,133
1964,-137,109
1979,-91,99
2010,-45,98
2048,14,115
2095,86,154
2153,161,196
2214,241,248
2274,319,297
2334,386,343
2391,446,386
2448,492,417
2517,519,442
2596,535,452
2693,541,443
2805,544,418
2930,536,375
3057,527,325
3181,511,272
3302,482,230
3425,451,197
3565,412,173
3710,369,160
3869,321,163
4039,270,171
4220,221,193
4413,171,218
4615,123,241
4802,68,260
4966,9,273
5112,-57,289
5247,-127,292
5364,-185,288
5470,-224,269
5571,-234,246
5663,-216,221
5762,-171,216
5865,-103,244
5973,-24,325
6081,70,450
6184,174,603
6257,283,768
6299,397,924
6328,503,1072
6361,603,1208
6413,694,1329
6512,776,1422
6674,837,1482
6889,881,1519
7104,896,1522
7233,903,1471
7181,895,1364
6977,841,1166
6718,751,883
6474,638,554
6267,502,234
6087,387,-42
5904,304,-262
5700,277,-459
5455,303,-642
5177,377,-823
4868,483,-1003
4539,589,-1179
4229,687,-1344
3927,765,-1489
3644,832,-1604
3396,883,-1702
3183,928,-1789
3015,965,-1861
2894,1004,-1919
2821,1045,-1979
2817,1103,-2048
2880,1182,-2119
2993,1274,-2194
3145,1369,-2260
3331,1476,-2305
3550,1591,-2311
3788,1723,-2249
4021,1865,-2101
4245,2017,-1842
4477,2143,-1458
4810,2140,-947
5199,2003,-443
5488,1801,-35
5608,1579,253
5568,1347,419
5406,1104,485
5150,882,461
4850,695,344
4531,542,170
4248,432,-28
4000,347,-220
3809,267,-386
3680,171,-520
3597,69,-623
3545,-48,-685
3516,-178,-702
3501,-287,-677
3471,-376,-611
3431,-441,-515
3364,-482,-412
3276,-497,-317
3166,-492,-230
3046,-470,-156
2915,-419,-98
2771,-352,-50
2634,-272,-19
2511,-194,7
2403,-116,32
2306,-47,51
2220,29,69
2147,106,81
2082,181,91
2021,254,102
1967,329,112
1919,400,117
1879,472,120
1841,545,117
1812,609,111
1792,669,101
1780,729,87
1772,784,67
1769,828,43
1774,861,13
1790,886,-19
1819,905,-51
1852,909,-80
1898,900,-97
1967,881,-103
2043,846,-104
2124,800,-102
2211,737,-91
2293,666,-71
2386,587,-33
2477,497,16
2578,405,70
2691,325,124
2815,261,169
2950,212,201
3088,190,227
3230,198,227
3364,227,201
3484,275,149
3587,333,76
3669,399,-2
3745,455,-82
3816,512,-157
3896,570,-215
3992,630,-257
4115,697,-279
4270,766,-282
4456,844,-269
4659,926,-258
4863,1018,-247
5059,1115,-226
5239,1208,-189
5403,1287,-116
5564,1355,-26
5713,1391,85
5849,1394,188
5970,1369,274
6075,1318,334
6152,1249,371
6200,1158,394
6229,1058,415
6244,954,452
6251,862,503
6266,791,553
6304,756,600
6389,746,640
6513,743,683
6689,750,708
6864,760,715
6967,772,675
6943,784,574
6771,787,411
6533,785,207
6297,777,-7
6090,756,-205
5918,698,-363
5764,607,-488
5618,494,-603
5460,365,-725
5279,240,-859
5064,113,-987
4824,13,-1132
4572,-77,-1265
4322,-150,-1384
4091,-212,-1485
3881,-258,-1569
3718,-294,-1645
3592,-336,-1705
3484,-373,-1753
3424,-411,-1793
3402,-460,-1833
3421,-510,-1879
3476,-566,-1941
3570,-622,-2006
3697,-676,-2091
3855,-727,-2172
4018,-776,-2248
4189,-804,-2305
4367,-818,-2333
4528,-803,-2298
4661,-769,-2195
4754,-718,-2024
4831,-656,-1777
4931,-570,-1411
5075,-441,-933
5238,-259,-339
5357,-74,197
5354,100,512
5234,257,650
5026,405,658
4753,555,576
4449,687,412
4143,790,193
3836,849,-48
3572,878,-282
3368,886,-467
3224,889,-603
3125,879,-683
3047,864,-711
2984,843,-703
2920,825,-656
2867,813,-592
2819,796,-508
2770,772,-420
2720,749,-333
2674,716,-252
2630,674,-176
2585,634,-119
2533,582,-68
2468,526,-28
2395,466,3
2325,403,30
2259,332,49
2205,263,63
2159,203,59
2126,144,58
2103,89,47
2088,45,46
2078,9,38
2068,-25,30
2054,-56,26
2044,-87,14
2039,-117,5
2031,-141,0
2025,-163,-7
2023,-183,-15
2020,-196,-24
2036,-205,-25
2067,-210,-24
2103,-200,-9
2149,-182,13
2200,-149,56
2270,-112,119
2345,-77,192
2423,-45,273
2508,-15,357
2580,14,430
2653,45,489
2733,87,532
2822,132,546
2922,177,545
3011,214,527
3104,258,504
3197,300,469
3288,334,435
3382,362,413
3477,398,391
3583,426,370
3705,463,359
3857,495,364
4032,528,382
4238,561,408
4473,582,436
4737,576,466
5005,546,482
5242,482,462
5444,394,400
5580,293,301
5639,198,207
5657,114,111
5654,42,44
5670,-16,9
5721,-51,6
5804,-52,67
5920,-22,180
6048,53,352
6174,172,562
6346,305,783
6544,442,999
6787,610,1176
7026,779,1310
7212,923,1394
7274,1026,1434
7219,1065,1410
7131,1044,1323
7075,971,1208
7065,880,1086
7073,801,959
7054,742,827
6965,713,672
6785,700,482
6528,707,247
6215,736,-10
5856,773,-311
5475,821,-632
5082,871,-958
4703,928,-1277
4358,994,-1560
4059,1059,-1795
3804,1124,-1963
3632,1143,-2092
3517,1158,-2203
3438,1182,-2295
3379,1234,-2350
3340,1306,-2365
3318,1392,-2347
3307,1487,-2301
3307,1586,-2217
3322,1691,-2099
3363,1796,-1947
3437,1891,-1765
3547,1964,-1544
3687,2006,-1305
3856,1993,-1064
4059,1854,-856
4232,1656,-677
4335,1448,-521
4356,1266,-388
4312,1109,-288
4228,978,-216
4144,859,-174
4044,760,-169
3939,664,-183
3851,558,-206
3767,458,-229
3696,352,-250
3640,241,-250
3589,129,-236
3549,26,-203
3527,-70,-150
3508,-138,-85
3487,-188,-21
3458,-218,46
3408,-231,98
3349,-234,136
3254,-216,163
3139,-183,176
3013,-144,174
2883,-96,156
2781,-46,121
2669,18,92
2574,83,68
2490,150,46
2432,218,31
2374,296,21
2331,364,16
2305,427,19
2277,483,23
2246,534,23
2208,575,25
2165,606,20
2125,632,14
2080,652,6
2048,662,-14
2028,666,-33
2014,670,-47
2018,673,-63
2034,676,-65
2057,675,-50
2095,667,-28
2133,658,-3
2183,639,12
2249,618,29
2320,587,51
2396,552,74
2472,512,91
2546,473,110
2613,430,136
2683,391,164
2745,353,192
2808,325,223
2868,300,257
2930,283,290
2998,274,322
3082,266,360
3185,259,402
3298,243,454
3421,225,510
3556,203,556
3692,187,599
3833,182,633
3967,188,668
4100,216,695
4246,263,716
4391,333,716
4531,426,686
4664,525,628
4791,623,530
4897,710,404
4973,791,241
5030,891,64
5077,1016,-114
5114,1127,-239
5152,1215,-306
5206,1286,-300
5287,1330,-235
5398,1351,-132
5525,1348,7
5678,1328,155
5860,1284,303
6027,1191,476
6144,1043,670
6219,868,881
6261,684,1070
6281,519,1206
6293,390,1284
6328,290,1313
6380,211,1315
6415,152,1287
6434,120,1217
6410,128,1105
6333,186,975
6247,279,871
6172,379,809
6136,457,765
6101,494,738
6044,474,701
5942,404,620
5771,310,480
5539,194,291
5267,77,55
4961,-34,-204
4647,-125,-477
4346,-207,-735
4049,-272,-952
3784,-334,-1134
3562,-388,-1298
3383,-428,-1440
3253,-459,-1569
3160,-491,-1675
3104,-527,-1761
3081,-567,-1820
3091,-616,-1872
3134,-675,-1909
3213,-731,-1945
3327,-789,-1977
3477,-844,-2000
3660,-895,-1997
3871,-948,-1953
4095,-1002,-1822
4370,-1061,-1565
4683,-1089,-1179
4977,-1025,-705
5210,-890,-244
5332,-735,149
5318,-587,436
5218,-444,599
5088,-305,642
4935,-160,592
4765,-9,481
4566,136,347
4363,242,232
4181,306,144
4014,360,85
3887,411,50
3792,466,42
3702,527,63
3607,582,95
3506,644,142
3403,690,177
3291,709,201
3184,709,215
3075,689,230
2973,648,238
2876,593,240
2790,525,237
2714,452,223
2643,364,215
2573,275,200
2506,193,182
2442,114,168
2384,46,160
2332,-20,149
2284,-81,143
2234,-139,130
2192,-186,121
2155,-229,114
2135,-264,104
2119,-298,101
2108,-329,102
2095,-348,108
2083,-358,110
2086,-363,117
2099,-365,121
2121,-362,121
2133,-354,123
2143,-340,124
2152,-313,133
2165,-272,152
2184,-223,180
2213,-169,211
2257,-119,246
2317,-76,287
2391,-40,334
2471,-11,393
2550,17,463
2626,47,543
2707,86,624
2798,124,711
2899,165,790
3011,207,856
3136,257,906
3274,312,930
3394,365,934
3486,410,922
3552,448,881
3594,465,817
3639,456,731
3688,425,629
3752,372,527
3859,315,442
4000,249,369
4183,183,309
4389,112,252
4610,46,209
4822,-16,189
5019,-72,194
5192,-116,230
5329,-147,292
5447,-150,364
5550,-119,452
5641,-65,566
5724,-1,695
5798,76,846
5872,159,1010
5952,232,1168
6019,302,1303
6089,372,1415
6167,439,1509
6275,494,1574
6411,552,1613
6550,615,1630
6691,689,1614
6797,766,1589
6869,849,1541
6857,906,1493
6782,907,1419
6709,831,1292
6653,703,1134
6592,565,970
6490,449,799
6341,372,614
6143,346,406
5897,366,177
5621,425,-81
5333,511,-361
5035,607,-657
4713,709,-944
4405,798,-1213
4112,883,-1458
3871,948,-1671
3654,992,-1832
3467,1031,-1942
3324,1069,-2018
3215,1115,-2054
3147,1170,-2068
3120,1240,-2073
3142,1320,-2089
3208,1408,-2105
3299,1493,-2120
3408,1580,-2107
3530,1658,-2046
3669,1740,-1921
3836,1812,-1726
4026,1869,-1461
4240,1862,-1152
4521,1710,-865
4792,1483,-604
4981,1255,-355
5059,1050,-135
5049,866,39
4971,714,155
4840,580,211
4683,476,212
4504,386,180
4310,314,133
4143,251,75
3988,195,31
3856,140,1
3744,90,-17
3661,44,-20
3609,2,-14
3562,-31,-7
3505,-63,-1
3447,-91,-3
3374,-105,-9
3293,-106,-24
3207,-105,-52
3118,-99,-80
3021,-81,-104
2927,-57,-127
2833,-27,-149
2740,16,-159
2646,51,-161
2561,91,-154
2488,135,-135
2424,178,-111
2374,225,-76
2329,274,-41
2293,327,-13
2266,375,21
2242,426,55
2220,476,92
2199,525,131
2176,572,158
2157,613,182
2141,653,199
2128,687,213
2125,713,223
2122,737,229
2129,751,230
2145,753,227
2167,745,213
2192,724,194
2218,684,166
2251,633,136
2300,571,109
2357,500,90
2416,426,84
2483,346,95
2548,278,121
2604,234,148
2651,195,183
2702,165,225
2760,145,269
2825,141,320
2902,148,366
2995,169,403
3088,196,424
3186,231,431
3279,267,419
3375,309,394
3477,343,365
3584,373,330
3695,399,301
3814,438,264
3934,483,231
4054,540,191
4189,609,146
4327,691,100
4461,782,50
4597,875,5
4740,961,-20
4881,1040,-6
5027,1109,53
5177,1159,150
5335,1187,270
5486,1182,402
5622,1146,520
5739,1099,606
5830,1029,667
5896,943,714
5947,842,759
5993,733,794
6041,626,827
6123,534,837
6257,463,838
6423,416,852
6590,386,876
6720,381,888
6743,401,859
6675,444,753
6561,509,601
6440,587,444
6342,668,322
6268,722,242
6207,747,194
6158,731,153
6107,669,98
6028,575,11
5897,458,-137
5715,333,-329
5482,204,-543
5223,87,-758
4949,-18,-951
4680,-118,-1113
4427,-197,-1226
4185,-253,-1296
3954,-288,-1337
3751,-321,-1350
3588,-346,-1351
3466,-370,-1349
3394,-411,-1345
3356,-461,-1345
3359,-516,-1358
3403,-580,-1378
3492,-640,-1406
3621,-707,-1445
3763,-770,-1499
3930,-817,-1562
4122,-857,-1626
4319,-883,-1675
4494,-898,-1699
4653,-900,-1665
4792,-894,-1567
4909,-857,-1382
5011,-789,-1092
5087,-693,-760
5132,-568,-428
5134,-413,-136
5087,-228,93
4985,-24,227
4833,194,274
4638,414,252
4410,608,184
4181,767,86
3965,882,-20
3777,954,-117
3622,992,-195
3500,1008,-248
3394,1014,-284
3298,1004,-305
3203,984,-304
3107,947,-290
3005,899,-270
2911,838,-244
2829,761,-212
2761,669,-175
2702,557,-128
2638,436,-80
2580,312,-35
2519,194,14
2463,94,60
2413,5,99
2372,-82,132
2334,-160,162
2296,-226,179
2257,-279,191
2221,-324,195
2182,-366,190
2141,-402,184
2105,-431,176
2070,-450,169
2039,-460,155
2008,-462,140
1981,-454,124
1959,-426,107
1942,-379,94
1937,-321,89
1942,-261,88
1959,-203,82
1979,-151,75
2000,-99,65
2016,-52,60
2028,-6,53
2040,37,53
2051,79,62
2072,112,84
2115,147,109
2179,178,147
2263,207,183
2371,236,226
2496,259,273
2636,281,318
2788,305,357
2938,326,394
3091,338,423
3247,349,449
3405,349,467
3566,351,477
3725,343,477
3891,331,463
4053,311,426
4220,282,377
4393,251,320
4577,207,260
4777,159,203
4971,102,163
5167,49,143
5346,5,138
5499,-20,145
5619,-22,158
5708,5,174
5777,59,192
5835,129,218
5888,214,262
5937,300,335
5998,386,439
6061,479,575
6123,571,729
6194,652,896
6275,734,1060
6397,814,1197
6593,887,1303
6837,941,1387
7066,979,1446
7213,990,1460
7214,977,1421
7057,923,1293
6858,835,1067
6687,721,785
6552,599,487
6445,482,221
6340,394,-14
6202,346,-212
6014,323,-403
5765,345,-605
5463,406,-840
5116,491,-1066
4764,577,-1284
4409,656,-1471
4066,731,-1614
3755,788,-1719
3504,845,-1801
3322,893,-1859
3199,946,-1906
3126,1008,-1944
3115,1077,-1994
3151,1157,-2047
3229,1247,-2102
3322,1343,-2150
3422,1432,-2180
3547,1520,-2180
3687,1595,-2156
3831,1663,-2092
3977,1729,-1967
4147,1772,-1747
4386,1742,-1401
4694,1621,-994
4975,1466,-609
5171,1311,-286
5257,1179,-30
5250,1042,155
5163,899,274
5012,758,321
4818,632,287
4593,520,188
4360,438,71
4164,374,-61
4014,326,-192
3903,261,-312
3816,187,-413
3758,100,-489
3714,22,-531
3666,-61,-547
3616,-138,-549
3557,-209,-536
3487,-265,-515
3415,-300,-484
3332,-321,-444
3233,-337,-388
3119,-334,-326
3003,-323,-266
2883,-291,-210
2766,-233,-155
2649,-163,-105
2545,-84,-63
2454,0,-29
2374,85,-2
2296,174,24
2222,257,40
2159,346,58
2103,430,76
2045,515,94
1991,587,106
1937,658,110
1893,730,107
1848,791,92
1811,841,75
1786,890,61
1769,932,35
1764,962,10
1770,990,-20
1788,1015,-44
1822,1029,-58
1866,1022,-57
1919,991,-41
1981,947,-23
2041,891,-3
2100,818,16
2156,725,27
2222,612,39
2296,493,56
2380,373,71
2478,266,82
2585,180,88
2710,109,89
2830,63,100
2951,37,108
3072,39,113
3187,64,112
3303,117,108
3419,187,99
3543,269,94
3680,352,85
3823,438,75
3977,518,67
4148,598,41
4335,673,15
4536,747,-28
4745,829,-85
4950,918,-143
5133,1018,-202
5298,1122,-239
5436,1223,-247
5565,1324,-213
5679,1424,-144
5775,1504,-60
5857,1564,38
5931,1604,137
5992,1605,241
6039,1566,347
6080,1481,461
6123,1347,556
6193,1193,618
6307,1031,648
6460,881,656
6625,740,650
6757,620,617
6805,525,540
6757,463,407
6641,435,232
6521,456,63
6406,511,-65
6315,580,-130
6247,636,-141
6194,665,-130
6134,662,-128
6046,618,-159
5926,548,-236
5756,445,-351
5548,329,-489
5299,213,-646
5028,100,-810
4760,-10,-987
4503,-94,-1150
4257,-156,-1297
4025,-206,-1407
3818,-257,-1486
3641,-307,-1534
3495,-362,-1575
3379,-420,-1598
3311,-484,-1627
3296,-549,-1659
3319,-612,-1698
3370,-665,-1736
3460,-720,-1766
3586,-769,-1793
3753,-815,-1820
3946,-856,-1829
4162,-889,-1806
4377,-917,-1749
4561,-939,-1647
4704,-953,-1498
4785,-952,-1305
4793,-902,-1096
4758,-820,-891
4721,-708,-694
4704,-570,-499
4713,-408,-317
4739,-223,-157
4750,-28,-31
4730,185,55
4655,403,93
4519,590,103
4335,732,90
4150,828,61
3969,882,35
3810,899,9
3670,892,-13
3557,872,-26
3457,846,-22
3355,812,-5
3265,775,30
3179,748,68
3082,727,113
2987,706,165
2909,673,205
2835,635,230
2765,575,244
2695,505,247
2624,425,247
2552,350,233
2483,275,219
2406,199,194
2339,128,165
2268,62,130
2213,3,89
2153,-48,48
2104,-101,22
2065,-149,-14
2041,-189,-43
2011,-216,-67
1987,-238,-77
1972,-255,-79
1960,-275,-83
1952,-286,-82
1955,-291,-71
1955,-288,-49
1952,-278,-18
1954,-257,20
1956,-231,63
1967,-199,103
1988,-157,141
2026,-112,180
2074,-64,223
2123,-28,272
2179,4,325
2245,42,377
2322,68,415
2405,99,454
2493,136,483
2604,178,519
2730,228,561
2867,275,609
3014,318,669
3163,354,735
3313,384,823
3460,397,920
3622,402,1034
3812,392,1157
4013,366,1274
4235,319,1350
4468,257,1337
4645,205,1227
4747,173,1061
4772,161,844
4744,166,612
4711,180,384
4680,195,175
4679,212,-11
4719,222,-119
4813,231,-147
4961,248,-89
5143,278,34
5351,314,211
5567,355,418
5765,398,635
5940,455,853
6076,518,1065
6234,596,1250
6403,664,1412
6586,729,1526
6760,797,1594
6888,835,1633
6926,824,1648
6899,756,1617
6882,654,1523
6895,543,1384
6929,475,1248
6960,456,1130
6945,475,1020
6851,520,894
6673,591,725
6425,680,512
6112,795,266
5775,911,23
5463,1006,-234
5175,1065,-492
4915,1104,-751
4663,1139,-1004
4436,1168,-1237
4227,1190,-1442
4033,1204,-1611
3869,1194,-1738
3721,1192,-1825
3576,1189,-1862
3439,1198,-1857
3327,1213,-1833
3261,1238,-1793
3248,1288,-1742
3291,1361,-1663
3371,1464,-1542
3490,1587,-1358
3643,1710,-1128
3820,1793,-890
4030,1766,-710
4264,1617,-605
4420,1439,-550
4467,1287,-521
4446,1176,-502
4413,1091,-501
4371,1005,-517
4318,927,-538
4274,857,-579
4226,792,-619
4185,736,-636
4150,678,-636
4143,626,-616
4157,569,-575
4173,505,-514
4193,441,-424
4202,375,-307
4193,312,-172
4169,259,-32
4128,217,107
4059,183,240
3968,165,367
3854,161,466
3732,159,549
3606,159,614
3480,164,648
3348,181,664
3214,198,660
3076,215,643
2941,238,615
2801,260,579
2666,288,533
2532,312,475
2402,333,410
2275,355,338
2147,376,264
2024,393,189
1916,405,117
1815,425,55
1722,448,0
1647,473,-45
1577,501,-90
1526,519,-133
1494,540,-167
1479,560,-206
1475,577,-233
1492,590,-265
1527,594,-284
1580,593,-297
1643,578,-288
1703,548,-258
1760,510,-222
1822,469,-183
1884,422,-149
1953,374,-104
2025,328,-63
2099,294,-16
2180,267,49
2265,250,125
2359,248,213
2476,255,316
2612,269,430
2777,284,539
2959,303,628
3147,322,702
3332,336,757
3510,353,795
3667,379,817
3813,405,834
3947,439,830
4082,478,809
4235,527,766
4402,581,701
4579,647,614
4768,729,484
4950,823,329
5116,921,186
5265,1013,79
5414,1096,16
5556,1156,4
5710,1210,54
5853,1235,152
5992,1242,273
6106,1234,394
6183,1211,500
6224,1184,565
6231,1138,619
6213,1053,690
6200,954,770
6239,857,832
6335,772,883
6476,696,916
6621,627,929
6718,556,948
6738,505,932
6688,491,843
6595,513,717
6484,546,595
6374,569,501
6265,567,416
6167,522,333
6063,438,233
5940,319,100
5771,174,-79
5551,26,-296
5285,-115,-536
4982,-222,-769
4668,-277,-986
4399,-307,-1170
4190,-334,-1321
4001,-346,-1429
3859,-361,-1503
3743,-395,-1564
3661,-439,-1599
3615,-498,-1624
3594,-570,-1641
3617,-639,-1659
3650,-707,-1682
3716,-769,-1722
3809,-833,-1783
3949,-897,-1839
4118,-949,-1856
4312,-991,-1823
4516,-1013,-1711
4705,-1006,-1524
4858,-943,-1274
4988,-832,-980
5063,-701,-667
5101,-558,-354
5113,-422,-78
5092,-290,139
5039,-150,273
4942,8,311
4790,194,261
4587,392,150
4354,577,29
4114,725,-83
3892,819,-157
3706,869,-193
3561,892,-202
3457,901,-173
3381,905,-119
3329,893,-60
3278,875,-8
3214,835,26
3136,789,43
3034,726,50
2933,661,37
2822,589,22
2705,518,9
2597,449,-14
2508,383,-39
2426,311,-62
2355,244,-80
2291,175,-85
2247,105,-83
2210,42,-76
2188,-15,-69
2175,-65,-59
2175,-111,-41
2177,-154,-17
2175,-185,12
2166,-206,50
2150,-219,89
2138,-229,128
2130,-232,163
2121,-231,192
2105,-222,220
2098,-204,238
2087,-185,253
2073,-168,260
2070,-149,260
2086,-131,264
2111,-107,269
2144,-81,291
2186,-48,315
2225,-13,341
2266,31,367
2301,72,389
2336,110,411
2382,149,436
2447,191,460
2529,230,482
2632,266,481
2745,302,469
2866,335,442
2983,359,393
3086,382,340
3183,397,286
3278,396,235
3383,385,198
3493,365,174
3606,338,165
3724,303,157
3856,269,156
3992,229,164
4143,185,170
4321,147,165
4522,108,164
4742,73,170
4970,42,182
5190,13,197
5393,-6,220
5569,-19,250
5715,-16,270
5833,0,277
5937,23,285
6012,56,313
6068,106,366
6097,170,456
6113,257,581
6117,363,738
6144,481,912
6207,600,1092
6340,724,1263
6574,846,1394
6829,949,1507
7091,1054,1572
7273,1139,1599
7289,1178,1575
7185,1147,1458
7037,1045,1254
6904,892,995
6775,729,716
6645,584,430
6477,495,160
6266,454,-108
6017,457,-380
5735,489,-650
5429,541,-915
5107,604,-1161
4776,660,-1381
4457,718,-1568
4176,767,-1721
3931,805,-1840
3717,841,-1915
3545,883,-1958
3414,931,-1979
3318,990,-1995
3258,1066,-2016
3227,1158,-2031
3223,1253,-2054
3243,1340,-2081
3277,1407,-2097
3334,1467,-2113
3415,1513,-2124
3531,1552,-2119
3663,1595,-2087
3797,1638,-1994
3947,1672,-1821
4145,1650,-1475
4508,1559,-878
4917,1416,-305
5246,1249,168
5407,1087,477
5400,929,655
5266,778,747
5041,643,753
4749,528,669
4417,439,505
4088,373,306
3807,314,96
3595,253,-94
3447,176,-267
3378,81,-407
3365,-19,-509
3375,-126,-591
3389,-226,-636
3392,-312,-655
3375,-367,-651
3327,-399,-617
3257,-405,-568
3171,-394,-517
3073,-363,-472
2960,-310,-436
2842,-232,-391
2723,-147,-350
2619,-63,-302
2529,25,-252
2461,111,-192
2411,197,-130
2374,281,-63
2345,361,-7
2314,435,51
2286,512,101
2261,582,148
2235,651,182
2209,716,213
2178,774,226
2148,825,222
2116,868,210
2077,901,187
2043,913,160
2025,909,122
2015,881,90
2017,839,72
2034,786,63
2059,724,64
2100,657,63
2147,578,61
2209,497,58
2277,413,47
2345,334,41
2408,253,34
2464,184,32
2515,119,35
2560,77,39
2606,51,45
2655,38,47
2709,42,59
2777,61,75
2850,99,83
2920,148,85
2989,210,67
3071,278,40
3158,351,12
3267,423,-23
3398,493,-60
3555,558,-96
3727,624,-133
3919,692,-166
4125,762,-189
4334,835,-212
4547,916,-225
4767,1002,-221
4982,1087,-191
5187,1167,-123
5389,1244,-26
5575,1313,95
5733,1379,229
5865,1420,352
5962,1435,440
6023,1425,503
6064,1380,541
6079,1294,566
6096,1167,595
6113,1024,619
6153,881,645
6208,759,672
6296,665,696
6425,607,709
6596,576,732
6778,557,758
6917,560,761
6958,588,708
6878,645,578
6690,727,394
6468,819,206
6252,911,53
6069,980,-58
5935,1001,-136
5839,973,-174
5751,911,-203
5700,789,-262
5629,622,-353
5491,441,-478
5288,267,-635
5039,100,-807
4771,-58,-976
4497,-204,-1115
4238,-324,-1227
4000,-424,-1311
3793,-515,-1380
3614,-596,-1439
3467,-669,-1481
3357,-740,-1513
3300,-802,-1553
3290,-858,-1603
3326,-908,-1660
3408,-968,-1733
3530,-1024,-1815
3666,-1072,-1898
3809,-1105,-1989
3954,-1118,-2073
4084,-1105,-2134
4186,-1062,-2156
4270,-985,-2123
4334,-888,-2037
4377,-777,-1901
4417,-656,-1714
4477,-526,-1473
4570,-390,-1143
4732,-242,-639
4984,-97,2
5229,64,579
5415,218,1011
5453,355,1213
5300,490,1188
4997,614,1004
4611,710,729
4204,759,406
3804,762,86
3453,734,-200
3170,696,-428
2986,658,-577
2882,620,-655
2841,600,-669
2825,594,-648
2824,590,-591
2821,592,-502
2804,608,-409
2773,626,-308
2746,639,-213
2708,652,-121
2661,659,-46
2607,632,32
2548,570,118
2483,485,188
2417,377,240
2354,257,268
2301,129,266
2260,13,244
2233,-102,216
2216,-198,181
2197,-276,148
2190,-349,114
2182,-417,81
2172,-474,50
2154,-519,23
2137,-547,-3
2129,-562,-30
2128,-560,-48
2130,-541,-54
2138,-507,-47
2157,-462,-35
2181,-409,-22
2216,-345,-10
2250,-273,10
2284,-200,31
2321,-131,61
2358,-74,105
2402,-34,155
2442,-3,204
2488,35,251
2544,80,300
2614,131,347
2705,194,411
2817,258,490
2944,325,589
3083,394,706
3244,445,825
3453,454,938
3702,433,1026
3927,407,1078
4090,394,1068
4174,403,997
4194,424,860
4189,430,669
4165,421,445
4149,381,216
4182,323,9
4283,260,-136
4468,180,-206
4716,92,-187
5003,12,-94
5307,-61,60
5591,-120,251
5820,-157,448
5972,-180,626
6051,-184,792
6077,-167,950
6084,-134,1104
6073,-81,1237
6055,-20,1347
6058,63,1432
6113,155,1473
6223,248,1476
6350,362,1466
6486,480,1456
6603,580,1458
6646,654,1472
6622,685,1476
6591,655,1430
6580,576,1353
6565,483,1259
6544,414,1159
6486,381,1050
6385,384,948
6233,414,853
6037,462,736
5788,518,572
5480,582,355
5120,649,114
4741,705,-154
4422,737,-455
4163,751,-767
3928,760,-1062
3729,775,-1330
3581,783,-1565
3466,784,-1756
3362,799,-1900
3281,832,-1995
3223,883,-2054
3203,945,-2092
3214,1029,-2111
3270,1131,-2106
3350,1242,-2066
3441,1346,-1961
3560,1463,-1776
3704,1588,-1520
3882,1694,-1236
4082,1737,-978
4345,1624,-800
4557,1450,-659
4654,1275,-524
4648,1152,-410
4585,1076,-332
4502,1017,-297
4410,958,-287
4332,890,-295
4272,821,-319
4239,751,-346
4222,674,-341
4217,585,-318
4216,490,-267
4229,392,-199
4239,298,-104
4250,204,6
4248,120,137
4232,48,257
4198,-22,376
4152,-81,477
4100,-128,564
4023,-153,639
3930,-163,698
3823,-165,733
3700,-149,752
3563,-115,752
3413,-70,724
3256,-14,679
3093,55,623
2929,129,555
2764,197,483
2614,262,406
2474,317,328
2354,362,247
2254,393,167
2170,423,95
2095,445,40
2033,465,-15
1981,471,-61
1944,472,-90
1921,467,-116
1917,459,-124
1918,443,-118
1917,421,-103
1920,389,-81
1930,354,-47
1942,306,-13
1958,254,27
1983,195,65
2016,145,97
2051,93,117
2083,55,136
2110,27,147
2130,30,142
2142,36,142
2158,43,137
2180,57,134
2201,75,135
2239,92,152
2286,110,174
2359,127,202
2453,147,240
2566,161,285
2695,175,346
2832,192,405
2980,205,465
3130,211,532
3289,213,606
3452,217,683
3626,247,757
3793,309,803
3959,387,828
4133,479,836
4311,570,831
4489,661,801
4680,757,742
4862,855,660
5046,949,576
5241,1042,490
5451,1139,413
5627,1215,399
5750,1276,448
5830,1309,543
5863,1326,637
5858,1298,726
5841,1229,785
5838,1092,843
5858,899,902
5907,675,973
5970,437,1041
6038,225,1092
6119,53,1109
6213,-85,1104
6324,-179,1092
6437,-231,1076
6516,-217,1072
6539,-120,1050
6500,28,1016
6426,195,982
6331,344,961
6246,445,957
6173,498,972
6119,493,969
6048,435,911
5939,332,771
5766,197,544
5516,68,259
5241,-41,-81
4956,-128,-454
4672,-190,-809
4405,-230,-1124
4186,-265,-1384
4001,-300,-1584
3818,-331,-1710
3679,-372,-1803
3593,-444,-1874
3551,-521,-1930
3543,-599,-1960
3570,-678,-1975
3608,-748,-1976
3657,-809,-1961
3710,-864,-1933
3765,-911,-1896
3833,-952,-1851
3933,-976,-1779
4062,-998,-1637
4266,-1031,-1365
4521,-1046,-973
4789,-997,-532
5049,-881,-119
5236,-714,227
5329,-513,474
5333,-296,623
5252,-69,677
5108,162,644
4923,381,553
4705,551,439
4493,654,323
4311,710,206
4159,754,104
4027,790,28
3915,818,-21
3811,850,-45
3723,875,-48
3641,889,-36
3558,886,-20
3471,863,-4
3380,818,16
3288,760,36
3204,693,50
3121,617,58
3041,538,63
2949,458,83
2857,373,99
2774,291,107
2688,213,114
2600,140,121
2518,69,121
2451,5,124
2385,-60,121
2335,-119,124
2288,-173,119
2252,-228,112
2218,-275,115
2186,-317,123
2163,-349,133
2128,-374,146
2103,-397,154
2080,-413,168
2066,-429,180
2051,-434,192
2040,-432,206
2037,-415,228
2034,-379,251
2041,-329,275
2052,-278,299
2075,-222,326
2106,-168,354
2139,-116,384
2171,-72,413
2207,-28,446
2244,17,478
2280,59,505
2321,101,538
2377,147,571
2451,196,605
2540,253,630
2639,308,649
2753,358,660
2865,402,663
2970,430,650
3067,442,634
3157,444,616
3245,436,588
3337,423,547
3437,400,504
3545,369,468
3666,327,430
3799,276,393
3948,216,355
4106,150,330
4272,81,313
4448,13,301
4628,-53,298
4805,-110,309
4983,-158,322
5153,-196,344
5304,-220,387
5448,-235,448
5579,-234,509
5693,-219,574
5783,-186,643
5843,-139,722
5877,-78,824
5897,-2,962
5927,92,1142
5981,213,1355
6066,348,1566
6211,494,1750
6436,638,1874
6713,772,1952
6980,886,2005
7173,966,2015
7237,992,1972
7187,951,1849
7100,853,1642
7019,713,1379
6942,590,1100
6844,511,839
6710,481,606
6535,486,393
6327,530,194
6081,589,-19
5797,654,-258
5479,719,-528
5142,776,-815
4795,823,-1092
4462,842,-1340
4173,844,-1546
3927,850,-1708
3719,865,-1822
3536,888,-1889
3391,924,-1921
3279,966,-1925
3207,1020,-1922
3190,1085,-1939
3216,1162,-1980
3266,1252,-2023
3325,1335,-2055
3391,1398,-2065
3472,1437,-2047
3577,1452,-1987
3707,1461,-1885
3881,1445,-1703
4107,1369,-1457
4377,1235,-1145
4634,1068,-771
4864,889,-369
5025,717,-2
5098,573,272
5065,439,429
4938,324,488
4745,225,474
4513,156,415
4278,119,311
4058,105,185
3866,109,70
3719,110,-24
3629,96,-87
3581,69,-129
3568,20,-148
3549,-38,-165
3525,-101,-182
3485,-162,-195
3431,-198,-214
3362,-222,-229
3277,-227,-234
3186,-226,-240
3088,-208,-242
2981,-188,-240
2887,-157,-238
2802,-110,-231
2727,-53,-213
2655,12,-201
2598,83,-181
2549,154,-158
2505,226,-124
2468,295,-85
2438,362,-40
2421,435,14
2411,508,68
2407,578,121
2402,643,173
2388,706,212
2369,768,237
2353,817,250
2330,865,250
2313,905,245
2302,928,232
2289,936,218
2276,920,203
2264,891,181
2262,844,150
2270,780,116
2288,712,85
2321,647,68
2368,573,56
2426,495,58
2487,412,76
2547,335,107
2601,266,147
2648,209,188
2690,161,230
2730,132,265
2777,119,302
2829,120,335
2882,142,360
2943,170,358
2993,208,340
3040,241,300
3089,283,244
3154,321,186
3239,357,120
3348,395,63
3489,429,15
3667,460,-20
3873,486,-48
4098,511,-67
4334,544,-85
4571,585,-90
4803,634,-81
5024,693,-58
5234,758,-24
5428,824,36
5602,892,113
5744,947,221
5844,993,320
5892,1027,416
5893,1050,484
5869,1054,531
5839,1032,566
5821,986,598
5820,918,628
5853,827,646
5930,731,639
6053,641,621
6205,550,606
6354,471,596
6457,415,564
6485,392,491
6454,397,375
6394,424,246
6325,479,143
6260,550,74
6210,606,44
6175,628,36
6152,602,20
6117,526,-30
6044,412,-148
5929,277,-326
5757,136,-537
5530,2,-755
5280,-122,-965
5011,-225,-1152
4751,-291,-1316
4499,-327,-1435
4279,-358,-1512
4062,-383,-1551
3871,-416,-1563
3690,-453,-1572
3552,-489,-1575
3458,-538,-1580
3395,-598,-1592
3371,-662,-1610
3386,-722,-1637
3445,-786,-1674
3542,-841,-1719
3676,-886,-1772
3841,-922,-1827
4005,-935,-1865
4170,-930,-1876
4320,-902,-1839
4458,-855,-1741
4577,-786,-1579
4686,-687,-1325
4811,-565,-958
4953,-433,-505
5055,-287,-107
5076,-134,186
5042,26,349
4952,183,403
4813,342,377
4625,494,279
4408,621,123
4189,714,-81
3973,768,-295
3786,798,-488
3622,816,-634
3485,827,-731
3362,821,-783
3264,809,-795
3182,792,-778
3106,770,-731
3044,746,-656
2995,721,-569
2963,681,-482
2936,621,-392
2916,533,-301
2883,435,-213
2830,343,-138
2761,261,-81
2688,184,-43
2622,123,-23
2561,64,-7
2515,13,0
2461,-37,7
2412,-89,10
2368,-139,9
2329,-178,6
2303,-218,3
2282,-253,-6
2255,-282,-13
2228,-297,-17
2204,-298,-22
2183,-280,-30
2172,-252,-36
2171,-222,-49
2168,-185,-58
2173,-144,-60
2186,-102,-61
2199,-56,-60
2220,-13,-53
2249,37,-44
2275,94,-26
2315,156,-7
2357,213,24
2396,265,62
2428,310,108
2450,347,160
2476,371,214
2506,378,259
2551,376,303
2614,367,332
2696,362,349
2803,357,348
2921,353,330
3047,347,297
3173,338,260
3298,327,212
3430,310,164
3576,291,116
3735,268,86
3901,242,83
4066,208,94
4238,184,116
4413,160,129
4592,133,134
4759,109,127
4906,89,104
5031,58,82
5129,34,51
5212,18,29
5268,9,13
5308,14,5
5341,45,3
5367,93,27
5394,158,79
5429,235,164
5468,327,277
5522,434,411
5588,546,548
5674,657,682
5797,760,800
5959,850,879
6188,923,913
6462,998,935
6733,1067,955
6939,1122,971
7004,1148,966
6949,1123,905
6840,1051,774
6734,954,587
6666,863,374
6619,791,170
6558,755,-30
6449,744,-242
6263,763,-487
6011,793,-768
5705,831,-1066
5380,866,-1358
5053,897,-1610
4754,920,-1799
4494,935,-1924
4260,942,-2011
4047,942,-2068
3851,937,-2089
3672,936,-2097
3515,946,-2094
3387,971,-2081
3301,1024,-2059
3250,1087,-2045
3239,1163,-2039
3246,1243,-2022
3268,1327,-1990
3304,1404,-1941
3363,1481,-1887
3459,1556,-1824
3582,1617,-1739
3739,1647,-1622
3932,1632,-1462
4153,1573,-1245
4392,1469,-985
4598,1352,-704
4738,1230,-458
4803,1104,-276
4809,971,-176
4752,837,-127
4650,695,-132
4525,561,-176
4396,438,-243
4262,350,-345
4142,297,-466
4026,259,-587
3935,231,-691
3865,208,-775
3808,180,-829
3758,138,-859
3710,97,-869
3659,55,-847
3603,19,-805
3547,-9,-750
3487,-33,-688
3426,-48,-625
3365,-49,-574
3310,-41,-525
3258,-24,-476
3211,6,-419
3172,51,-359
3136,99,-299
3085,163,-240
3036,225,-183
2986,291,-139
2934,359,-99
2882,419,-71
2827,477,-44
2761,524,-32
2690,571,-28
2611,618,-27
2537,660,-39
2463,694,-56
2383,718,-77
2306,736,-103
2240,743,-121
2191,754,-140
2147,762,-154
2126,767,-163
2111,764,-172
2106,759,-176
2115,753,-174
2146,747,-174
2191,730,-171
2250,708,-163
2323,675,-138
2401,641,-105
2489,599,-60
2573,560,-10
2661,515,55
2744,473,124
2817,443,197
2878,430,271
2921,435,335
2954,462,387
2972,506,422
2988,547,425
3008,593,407
3027,634,373
3038,669,307
3052,697,222
3070,723,131
3108,746,53
3153,766,-8
3230,779,-38
3345,782,-40
3499,770,-28
3680,755,-7
3870,752,19
4046,774,44
4224,818,61
4386,884,65
4539,963,74
4689,1048,87
4841,1141,110
4997,1231,142
5150,1313,184
5291,1396,233
5408,1466,278
5511,1526,324
5571,1567,363
5608,1584,406
5623,1571,465
5632,1516,542
5631,1422,639
5625,1308,755
5632,1189,874
5664,1076,976
5737,974,1058
5862,880,1121
6038,786,1157
6219,686,1172
6345,597,1144
6351,534,1054
6232,525,906
6065,572,729
5897,650,565
5765,740,442
5675,821,352
5620,873,286
5571,911,210
5495,928,112
5381,911,-24
5222,857,-218
5006,775,-441
4756,677,-689
4482,572,-917
4212,466,-1118
3953,374,-1280
3725,301,-1412
3540,225,-1513
3400,149,-1597
3312,78,-1674
3275,-6,-1739
3268,-81,-1792
3307,-148,-1845
3383,-209,-1900
3495,-270,-1944
3640,-333,-1975
3821,-388,-1984
4023,-444,-1941
4244,-506,-1831
4482,-571,-1650
4734,-639,-1399
4951,-700,-1096
5114,-695,-786
5195,-609,-529
5205,-472,-325
5171,-312,-166
5103,-132,-42
5006,57,42
4889,248,77
4776,434,43
4674,583,-27
4559,671,-106
4453,708,-218
4348,735,-338
4268,753,-448
4214,787,-514
4180,845,-527
4147,916,-486
4115,989,-398
4068,1063,-287
4011,1130,-171
3947,1165,-63
3875,1186,31
3782,1185,107
3677,1154,162
3570,1106,181
3459,1042,181
3346,966,176
3228,887,160
3113,801,133
3004,707,105
2909,611,83
2826,513,56
2762,420,35
2715,333,23
2679,252,20
2649,179,28
2618,112,36
2580,54,48
2535,5,48
2491,-41,44
2438,-85,33
2387,-119,17
2344,-145,0
2305,-162,-12
2272,-175,-14
2240,-175,-7
2218,-173,6
2205,-162,27
2202,-130,55
2212,-94,88
2226,-50,116
2244,1,144
2271,51,161
2293,100,178
2318,142,188
2347,177,186
2371,208,188
2410,218,186
2444,226,196
2470,227,226
2492,228,266
2524,237,318
2565,247,374
2618,260,421
2700,276,456
2801,285,478
2918,305,496
3048,330,516
3187,362,537
3325,390,561
3461,416,582
3577,432,604
3684,447,635
3782,448,671
3879,442,717
3981,425,773
4079,404,833
4204,386,892
4335,369,943
4467,360,971
4591,353,979
4686,339,964
4749,322,928
4780,306,873
4774,285,802
4752,261,738
4723,242,683
4703,221,650
4708,213,641
4736,212,671
4794,219,720
4867,233,783
4964,256,836
5040,308,908
5117,389,994
5223,491,1074
5371,607,1138
5552,736,1189
5754,862,1260
5938,967,1364
6078,1028,1469
6158,1027,1543
6220,957,1534
6268,851,1458
6278,762,1351
6269,702,1235
6256,673,1113
6238,664,991
6196,674,863
6117,694,718
5992,713,536
5820,724,303
5626,724,39
5391,721,-216
5166,722,-465
4965,737,-693
4778,761,-892
4607,797,-1069
4439,846,-1224
4267,902,-1349
4090,957,-1454
3921,1004,-1543
3781,1025,-1608
3650,1059,-1651
3537,1117,-1678
3461,1194,-1682
3413,1297,-1661
3401,1412,-1612
3410,1531,-1524
3438,1657,-1395
3498,1781,-1230
3587,1886,-1043
3694,1966,-870
3814,2005,-744
3971,1952,-691
4166,1794,-702
4318,1604,-729
4397,1435,-754
4418,1305,-766
4413,1201,-786
4407,1106,-830
4404,1027,-882
4391,951,-920
4376,878,-920
4365,800,-884
4365,717,-821
4382,619,-740
4413,521,-642
4437,425,-527
4444,325,-413
4414,234,-303
4357,158,-208
4283,90,-122
4190,32,-48
4085,-25,25
3974,-66,95
3855,-87,162
3741,-80,224
3618,-50,289
3493,-3,352
3363,68,411
3234,142,457
3120,213,493
3010,284,513
2906,356,521
2805,427,522
2713,491,512
2635,562,495
2567,634,474
2505,710,442
2445,779,414
2389,847,388
2342,905,355
2307,949,316
2277,989,268
2256,1021,221
2248,1042,171
2257,1063,117
2271,1077,64
2303,1091,19
2340,1090,-20
2376,1073,-48
2414,1024,-75
2450,959,-100
2479,876,-128
2506,788,-147
2536,697,-165
2575,614,-168
2625,534,-164
2676,461,-155
2736,399,-144
2797,346,-131
2856,299,-122
2912,264,-114
2959,241,-106
3003,217,-100
3039,210,-99
3070,213,-89
3108,222,-72
3146,244,-44
3193,276,-12
3248,310,29
3312,350,76
3383,393,126
3461,435,174
3540,481,227
3624,532,280
3719,586,339
3812,637,399
3912,683,459
4008,728,511
4098,763,544
4186,795,552
4261,818,533
4328,837,482
4396,853,407
4467,863,338
4550,868,276
4647,868,246
4762,855,248
4895,839,258
5041,820,278
5193,809,315
5346,797,358
5499,789,398
5638,778,436
5739,779,454
5805,791,453
5852,821,446
5874,862,444
5906,907,447
5952,960,458
6011,1001,492
6072,1024,539
6094,1025,599
6059,1013,650
5986,1004,646
5888,1013,588
5781,1042,488
5690,1080,370
5625,1123,240
5602,1148,97
5605,1169,-44
5645,1171,-187
5700,1148,-325
5744,1097,-464
5757,1015,-609
5720,911,-755
5627,790,-910
5473,646,-1069
5259,506,-1206
5009,376,-1312
4741,260,-1389
4476,152,-1446
4236,65,-1493
4010,-7,-1524
3807,-66,-1534
3636,-123,-1525
3490,-171,-1500
3383,-229,-1485
3298,-287,-1456
3258,-353,-1433
3247,-419,-1395
3262,-483,-1352
3294,-560,-1299
3351,-623,-1235
3442,-680,-1175
3553,-732,-1127
3680,-777,-1099
3819,-803,-1084
3951,-795,-1069
4071,-758,-1055
4185,-700,-1025
4287,-623,-973
4392,-543,-920
4486,-463,-870
4555,-365,-825
4584,-234,-774
4580,-74,-712
4552,111,-646
4500,298,-586
4442,473,-543
4370,630,-512
4288,754,-486
4208,852,-472
4127,924,-456
4039,977,-437
3949,1022,-418
3864,1053,-397
3775,1065,-370
3695,1065,-346
3616,1056,-326
3545,1037,-304
3486,1005,-283
3436,949,-269
3401,852,-248
3369,731,-228
3336,599,-213
3310,465,-205
3296,340,-204
3279,221,-197
3266,116,-186
3247,30,-171
3236,-48,-157
3222,-109,-133
3207,-168,-116
3188,-212,-99
3160,-246,-82
3130,-272,-68
3091,-278,-54
3048,-273,-38
3008,-250,-25
2959,-212,-12
2910,-164,4
2863,-110,20
2822,-51,40
2784,6,56
2749,66,73
2718,126,91
2694,182,106
2668,235,120
2647,282,130
2632,323,137
2610,356,140
2594,379,139
2577,390,145
2559,386,135
2546,378,129
2539,376,132
2529,372,136
2526,375,155
2527,383,180
2534,389,221
2541,401,264
2555,420,308
2570,438,354
2579,458,388
2594,485,417
2617,513,437
2659,534,440
2716,538,439
2780,534,429
2841,530,402
2893,521,373
2943,509,343
3003,494,319
3078,480,306
3162,452,305
3258,420,310
3361,377,314
3472,323,317
3596,266,323
3734,210,338
3883,151,353
4024,99,362
4159,53,368
4281,16,362
4385,-15,350
4476,-33,324
4546,-42,294
4597,-38,253
4629,-25,223
4646,3,207
4651,47,202
4647,108,214
4641,185,251
4631,271,301
4624,359,375
4628,450,470
4638,536,572
4650,612,687
4674,675,803
4712,734,913
4770,784,1023
4871,829,1119
5011,863,1209
5196,898,1278
5395,943,1323
5595,983,1321
5760,1014,1271
5863,1024,1176
5870,1012,1055
5781,971,906
5653,899,752
5542,805,602
5485,705,473
5483,618,378
5519,554,297
5550,512,217
5547,503,122
5498,524,20
5418,563,-102
5304,624,-231
5172,706,-346
5045,781,-453
4916,850,-539
4781,912,-615
4639,953,-675
4524,968,-723
4419,960,-761
4328,957,-779
4247,958,-783
4174,983,-782
4091,1035,-798
4008,1118,-838
3930,1223,-919
3858,1333,-1039
3791,1449,-1208
3739,1557,-1410
3695,1669,-1621
3653,1767,-1823
3610,1840,-1984
3606,1906,-2130
3647,1972,-2236
3729,2029,-2296
3842,2089,-2300
3966,2143,-2261
4063,2202,-2157
4146,2254,-1988
4229,2294,-1729
4362,2249,-1332
4601,2092,-879
4873,1856,-430
5110,1567,-16
5253,1235,333
5281,875,591
5206,522,726
5024,215,733
4759,-34,612
4457,-192,389
4173,-299,120
3917,-384,-145
3694,-461,-369
3489,-522,-533
3307,-576,-636
3157,-621,-667
3038,-675,-657
2946,-734,-608
2897,-795,-522
2881,-854,-412
2891,-896,-286
2912,-907,-174
2912,-844,-100
2872,-687,-51
2808,-477,-20
2728,-249,-3
2640,-28,8
2550,172,16
2469,348,17
2403,500,9
2354,630,4
2316,755,3
2298,866,-4
2288,966,-11
2293,1060,-24
2309,1151,-39
2335,1231,-52
2358,1309,-60
2384,1376,-70
2428,1436,-82
2481,1472,-80
2547,1470,-68
2615,1439,-43
2673,1388,-29
2720,1311,-20
2770,1217,-13
2834,1110,-5
2911,998,5
3001,890,24
3097,795,48
3196,715,85
3295,643,128
3383,589,174
3449,550,221
3492,518,255
3513,498,264
3496,488,243
3454,485,193
3398,482,133
3349,489,78
3322,502,41
3338,522,26
3402,547,28
3492,571,38
3593,585,50
3708,605,55
3844,634,66
3976,667,88
4118,714,111
4264,775,117
4411,860,115
4552,959,97
4699,1066,71
4839,1163,40
4986,1252,19
5136,1333,9
5274,1403,7
5403,1468,40
5519,1504,105
5617,1526,196
5697,1525,299
5756,1502,417
5803,1460,529
5827,1397,623
5832,1318,705
5831,1224,767
5834,1133,802
5869,1049,797
5956,987,768
6098,933,720
6261,876,689
6390,833,652
6396,815,590
6264,832,510
6055,889,419
5829,978,333
5619,1081,244
5448,1172,154
5336,1235,62
5279,1259,-38
5241,1247,-161
5188,1200,-312
5098,1117,-499
4953,988,-730
4767,832,-988
4552,659,-1245
4342,493,-1477
4159,337,-1669
4015,195,-1813
3903,68,-1915
3800,-23,-1982
3721,-83,-2024
3663,-141,-2048
3632,-196,-2047
3612,-254,-2028
3616,-314,-1992
3660,-375,-1944
3747,-443,-1894
3885,-522,-1805
4052,-593,-1678
4258,-667,-1507
4476,-726,-1318
4676,-744,-1126
4810,-695,-959
4856,-612,-822
4825,-514,-725
4747,-419,-677
4643,-313,-660
4536,-193,-671
4433,-71,-697
4333,58,-730
4239,193,-770
4166,332,-805
4125,477,-849
4102,610,-886
4087,733,-914
4064,840,-915
4044,931,-893
4024,1019,-838
4001,1083,-748
3976,1138,-629
3944,1171,-491
3911,1180,-351
3889,1158,-207
3864,1103,-66
3837,1032,69
3808,934,191
3775,817,293
3737,696,381
3680,586,441
3638,481,474
3594,390,484
3538,311,482
3468,235,469
3389,163,446
3302,100,411
3203,52,372
3108,13,324
3000,-25,266
2900,-75,217
2821,-119,163
2751,-159,122
2690,-198,84
2633,-223,57
2582,-235,40
2530,-235,28
2492,-230,20
2449,-217,19
2397,-191,24
2345,-170,27
2297,-150,34
2258,-133,43
2224,-115,49
2203,-94,56
2191,-60,62
2191,-23,65
2203,22,76
2226,75,91
2254,117,104
2279,161,127
2296,202,148
2312,238,162
2331,279,170
2354,322,178
2377,367,195
2410,422,223
2453,477,263
2506,522,310
2566,566,360
2634,607,406
2704,657,466
2786,706,526
2880,746,583
2991,777,643
3109,799,700
3234,814,745
3363,831,781
3493,851,802
3618,854,817
3733,852,825
3839,837,816
3929,823,775
4003,808,712
4071,766,642
4138,687,573
4209,588,503
4289,483,435
4381,382,382
4478,294,353
4602,212,351
4747,132,387
4888,69,452
5008,30,555
5103,15,695
5176,24,824
5234,56,942
5294,98,1042
5359,156,1130
5426,226,1197
5458,299,1247
5475,386,1286
5483,486,1328
5470,598,1371
5468,709,1413
5510,812,1456
5612,912,1486
5771,1023,1519
5953,1131,1559
6125,1232,1634
6224,1313,1725
6263,1328,1784
6276,1237,1764
6244,1093,1672
6180,956,1520
6116,836,1366
6053,763,1226
5982,738,1086
5865,740,902
5661,764,640
5371,790,297
5037,815,-131
4726,819,-604
4462,821,-1072
4261,842,-1475
4112,877,-1794
3997,915,-2023
3922,955,-2195
3856,999,-2314
3794,1067,-2374
3733,1150,-2389
3679,1245,-2366
3640,1343,-2319
3598,1444,-2249
3532,1524,-2154
3497,1603,-2033
3496,1686,-1862
3516,1760,-1631
3569,1837,-1340
3656,1898,-1002
3773,1931,-645
3902,1924,-318
4046,1823,-71
4216,1615,79
4334,1397,170
4368,1221,233
4336,1087,280
4278,978,303
4231,866,304
4198,740,303
4179,601,301
4154,459,294
4119,331,272
4057,215,241
3988,110,195
3912,31,130
3825,-28,56
3747,-72,-19
3682,-117,-85
3619,-136,-150
3565,-127,-199
3513,-96,-241
3463,-46,-268
3397,33,-288
3320,136,-285
3224,252,-265
3131,367,-232
3042,475,-196
2973,568,-153
2916,649,-99
2871,717,-49
2829,775,4
2794,819,62
2774,859,120
2763,897,181
2751,922,235
2737,943,282
2713,957,315
2677,960,329
2636,959,331
2590,957,319
2544,955,297
2495,940,273
2458,927,244
2428,904,216
2413,877,191
2403,845,163
2405,799,143
2413,738,121
2441,676,100
2466,612,80
2500,547,66
2529,491,57
2572,434,48
2622,386,45
2675,343,49
2729,302,63
2776,268,90
2803,248,128
2819,246,171
2832,262,212
2845,303,257
2868,349,303
2908,394,348
2963,445,388
3024,490,425
3095,532,460
3172,572,491
3258,606,523
3347,650,544
3439,691,549
3534,740,539
3643,780,516
3761,818,475
3887,856,419
4015,892,360
4146,926,296
4281,965,229
4424,1020,171
4552,1082,146
4680,1144,153
4811,1205,199
4957,1262,276
5113,1309,367
5273,1346,438
5427,1382,478
5567,1416,474
5661,1455,434
5718,1487,376
5736,1507,319
5712,1504,280
5654,1484,272
5569,1460,286
5466,1441,305
5368,1429,320
5310,1426,338
5293,1414,364
5335,1388,410
5440,1345,472
5613,1272,527
5827,1191,555
6045,1110,538
6221,1028,473
6332,943,368
6370,849,233
6337,745,96
6233,630,-41
6062,503,-174
5845,370,-290
5596,249,-388
5323,140,-470
5050,51,-523
4779,-27,-569
4514,-74,-599
4266,-110,-624
4037,-129,-648
3828,-142,-671
3638,-153,-685
3466,-157,-703
3304,-153,-729
3166,-149,-776
3057,-158,-847
2990,-172,-926
2974,-189,-1003
3007,-208,-1079
3080,-230,-1155
3176,-241,-1219
3282,-245,-1283
3421,-245,-1330
3580,-241,-1364
3750,-238,-1371
3923,-230,-1354
4098,-212,-1286
4264,-189,-1185
4406,-152,-1058
4531,-102,-911
4633,-44,-754
4714,29,-610
4775,93,-489
4811,144,-399
4803,195,-321
4756,256,-248
4687,326,-188
4600,402,-147
4498,481,-117
4383,559,-88
4252,631,-44
4139,697,2
4026,753,51
3916,796,96
3813,825,134
3706,836,158
3600,835,170
3491,829,162
3383,803,145
3283,763,112
3187,706,78
3100,639,43
3027,570,10
2973,497,-16
2931,424,-33
2891,367,-47
2867,312,-53
2851,262,-43
2830,229,-25
2809,210,2
2793,202,39
2766,205,76
2732,213,117
2700,226,152
2667,235,191
2644,243,219
2624,256,242
2612,264,255
2606,267,264
2600,271,267
2591,273,267
2578,264,266
2571,255,271
2560,248,274
2558,239,278
2565,233,277
2576,231,283
2584,233,286
2596,240,298
2610,247,313
2623,262,328
2645,283,343
2666,307,361
2683,329,373
2698,353,382
2717,375,391
2744,387,413
2776,398,447
2817,396,497
2868,389,563
2926,374,644
2985,355,724
3038,335,793
3075,315,854
3097,289,899
3111,259,929
3119,230,939
3130,202,929
3153,174,906
3184,152,876
3228,139,834
3274,137,790
3331,139,752
3394,141,724
3464,136,708
3543,117,698
3625,88,682
3713,50,673
3803,20,659
3892,0,647
3987,-19,646
4071,-34,646
4151,-40,650
4214,-28,658
4253,-4,672
4273,33,697
4284,79,735
4295,134,787
4342,203,856
4449,296,944
4637,412,1056
4910,545,1172
5273,709,1285
5671,894,1358
6028,1064,1343
6245,1192,1239
6275,1244,1062
6160,1200,842
6023,1077,575
5930,902,254
5834,742,-125
5681,636,-545
5478,592,-984
5268,603,-1420
5105,651,-1812
5026,737,-2146
5009,864,-2406
5040,1036,-2614
5084,1209,-2748
5147,1365,-2804
5208,1511,-2791
5250,1673,-2714
5270,1854,-2563
5271,2066,-2327
5304,2328,-1954
5407,2677,-1356
5619,3096,-540
5918,3474,346
6271,3600,1030
6530,3371,1341
6517,2954,1301
6193,2475,1002
5672,2024,543
5146,1631,-9
4725,1332,-510
4462,1113,-903
4329,939,-1188
4286,788,-1370
4298,656,-1453
4357,528,-1444
4474,396,-1371
4637,257,-1252
4802,128,-1100
4931,29,-943
5006,-46,-786
5018,-87,-646
4976,-105,-532
4880,-107,-443
4758,-101,-381
4621,-78,-340
4459,-28,-308
4290,46,-294
4138,129,-299
3993,209,-309
3855,294,-320
3728,384,-326
3613,481,-323
3508,585,-303
3396,686,-273
3296,791,-234
3203,888,-188
3112,974,-130
3017,1047,-83
2929,1100,-45
2836,1139,-25
2750,1159,-7
2670,1156,6
2589,1144,10
2516,1122,2
2449,1097,-28
2396,1062,-59
2343,1025,-95
2286,982,-123
2241,925,-140
2200,850,-147
2167,769,-149
2128,672,-148
2096,573,-151
2077,473,-152
2061,368,-152
2059,266,-143
2077,181,-135
2112,100,-115
2161,30,-99
2225,-28,-82
2289,-78,-59
2356,-112,-40
2427,-128,-24
2493,-121,-14
2564,-90,-10
2637,-46,-10
2710,6,-12
2769,69,-5
2821,133,5
2861,197,31
2899,252,64
2942,299,110
2979,336,159
3002,365,209
3017,379,251
3032,385,274
3064,390,272
3108,394,253
3177,400,220
3273,408,172
3390,422,113
3530,440,33
3689,465,-52
3873,503,-156
4073,553,-258
4284,621,-338
4497,699,-383
4704,790,-379
4917,886,-320
5126,999,-202
5327,1119,-50
5512,1239,128
5675,1349,297
5785,1440,425
5855,1491,495
5875,1499,502
5842,1466,459
5822,1395,377
5808,1294,306
5788,1191,272
5812,1069,274
5870,938,306
5971,812,354
6110,686,407
6276,572,459
6450,481,496
6579,416,491
6617,376,421
6519,349,299
6324,315,147
6088,251,-21
5854,156,-175
5622,56,-299
5427,-40,-427
5297,-138,-542
5230,-230,-675
5182,-327,-833
5136,-422,-1032
5098,-522,-1239
5025,-611,-1411
4921,-680,-1572
4790,-743,-1695
4629,-795,-1777
4396,-819,-1804
4128,-820,-1781
3877,-811,-1746
3666,-808,-1703
3488,-817,-1655
3341,-825,-1599
3184,-821,-1527
3095,-825,-1461
3087,-852,-1425
3125,-876,-1382
3239,-902,-1330
3433,-908,-1238
3683,-903,-1121
3959,-889,-959
4256,-875,-763
4576,-874,-551
4867,-859,-356
5067,-823,-189
5144,-756,-63
5117,-632,14
5016,-472,41
4875,-319,-9
4692,-191,-135
4472,-84,-306
4256,7,-507
4064,97,-702
3900,192,-867
3764,271,-993
3652,350,-1098
3579,421,-1177
3536,489,-1229
3517,558,-1230
3495,647,-1164
3485,738,-1061
3477,826,-940
3484,919,-804
3495,1001,-644
3518,1070,-478
3539,1115,-312
3547,1123,-163
3533,993,14
3460,749,195
3349,468,337
3217,186,413
3084,-79,437
2963,-314,402
2853,-514,339
2765,-683,259
2694,-827,161
2635,-946,73
2583,-1033,2
2539,-1099,-61
2492,-1147,-110
2440,-1166,-140
2383,-1159,-161
2329,-1120,-176
2281,-1057,-185
2243,-966,-196
2208,-849,-204
2195,-713,-201
2192,-576,-189
2205,-432,-169
2231,-293,-141
2271,-164,-99
2314,-55,-57
2363,37,-19
2405,112,19
2431,178,59
2454,226,101
2475,255,132
2484,269,162
2492,271,198
2504,253,234
2524,218,275
2564,175,315
2621,125,349
2693,77,373
2782,37,382
2874,-8,369
2970,-55,340
3061,-105,301
3151,-155,278
3251,-207,259
3361,-261,242
3473,-326,224
3593,-400,205
3722,-484,185
3852,-567,151
3982,-645,105
4116,-720,59
4245,-791,9
4374,-857,-27
4502,-907,-45
4630,-948,-32
4759,-967,4
4894,-973,64
5022,-968,140
5146,-949,216
5267,-917,301
