35,90,-93
53,75,-87
63,66,-79
77,53,-70
80,39,-59
72,29,-50
90,36,-42
139,47,-25
194,61,6
247,62,68
290,60,128
295,83,146
264,124,137
242,166,128
245,200,128
251,232,133
245,254,140
237,265,150
222,264,154
206,258,161
190,249,164
182,232,164
169,216,162
156,201,162
134,190,154
116,180,144
88,168,138
64,160,133
25,164,124
-12,164,119
-28,149,112
-36,130,106
-45,117,91
-45,100,82
-59,89,84
-70,77,82
-74,62,86
-88,50,82
-106,45,84
-122,41,86
-135,44,84
-146,42,81
-165,37,86
-200,30,85
-235,25,88
-260,22,87
-289,15,84
-305,-1,82
-317,-18,85
-323,-24,93
-322,-28,95
-332,-22,94
-341,-10,93
-341,-6,97
-334,-12,97
-323,-3,94
-309,12,92
-283,36,91
-254,66,90
-227,94,89
-204,112,87
-179,129,85
-153,144,83
-129,154,73
-112,161,66
-110,171,59
-117,178,51
-125,183,41
-135,185,33
-137,188,25
-146,199,9
-146,210,-4
-140,216,-15
-128,224,-24
-125,234,-35
-124,241,-44
-117,242,-54
-113,249,-63
-109,255,-68
-103,255,-70
-101,255,-72
-101,256,-76
-95,254,-77
-94,258,-80
-95,261,-82
-98,258,-85
-97,256,-86
-92,250,-89
-103,253,-91
-108,245,-90
-117,234,-92
-124,222,-98
-128,207,-100
-137,191,-102
-140,180,-103
-138,172,-107
-147,164,-110
-161,156,-111
-169,151,-111
-178,146,-113
-178,143,-120
-166,133,-120
-163,120,-119
-170,109,-121
-175,103,-123
-184,99,-132
-194,87,-140
-211,71,-143
-227,50,-145
-254,28,-149
-282,12,-152
-307,-3,-149
-327,-17,-149
-341,-26,-154
-345,-35,-153
-353,-41,-150
-372,-44,-155
-395,-44,-164
-405,-46,-169
-409,-54,-174
-411,-56,-172
-412,-62,-168
-417,-70,-169
-434,-81,-172
-445,-93,-171
-444,-114,-164
-443,-135,-161
-445,-160,-160
-444,-188,-157
-441,-214,-159
-439,-239,-157
-444,-258,-153
-442,-274,-149
-431,-288,-144
-435,-299,-139
-453,-304,-135
-481,-312,-126
-518,-310,-113
-556,-294,-98
-589,-283,-82
-611,-276,-70
-614,-278,-57
-596,-281,-40
-564,-282,-23
-519,-290,-12
-465,-306,-1
-410,-312,18
-365,-299,26
-325,-283,37
-300,-264,43
-286,-239,53
-274,-205,69
-247,-184,85
-229,-158,100
-222,-135,113
-218,-119,135
-213,-106,146
-196,-100,160
-179,-94,175
-157,-84,184
-118,-79,190
-91,-71,193
-71,-53,195
-47,-30,187
-24,-7,170
-12,10,155
-13,24,140
-31,34,129
-58,43,116
-90,55,107
-117,64,98
-130,74,86
-127,87,77
-120,100,63
-95,104,47
-64,114,24
-25,127,0
7,134,-23
31,139,-42
51,135,-58
70,119,-70
74,96,-77
75,77,-79
74,59,-81
67,36,-78
48,14,-77
28,4,-79
9,-5,-76
-2,-13,-62
2,-11,-40
16,-5,-12
31,4,13
43,18,38
55,33,62
61,48,75
62,59,90
49,74,101
38,91,107
28,102,113
21,104,111
11,107,110
8,107,102
4,113,99
-1,113,96
-2,111,89
-8,119,85
-14,113,82
-19,115,70
-31,115,58
-20,114,58
12,119,65
41,120,67
48,121,64
53,120,68
61,118,74
65,119,74
73,119,77
73,124,75
77,132,79
91,130,90
102,117,97
104,108,101
109,104,107
116,101,111
112,103,111
107,111,106
111,113,108
112,116,105
119,118,102
120,125,95
122,127,90
117,132,81
112,138,77
101,143,66
94,144,59
88,146,55
79,151,48
70,161,43
55,166,37
44,170,34
41,178,30
39,182,26
33,187,24
37,194,21
35,203,22
37,201,26
41,198,27
39,190,32
38,174,35
45,154,46
42,139,52
41,122,60
42,106,71
38,93,82
37,80,96
41,65,107
41,50,119
45,36,133
54,25,140
55,22,150
55,14,156
66,3,168
72,-2,174
82,-5,182
93,-11,188
94,-12,192
93,-16,198
86,-19,205
88,-23,210
92,-31,213
89,-38,212
80,-42,212
76,-49,216
74,-49,219
71,-48,220
73,-50,224
78,-57,228
76,-58,229
75,-68,233
74,-72,235
65,-80,236
53,-90,242
52,-107,246
60,-128,247
76,-157,250
97,-184,249
118,-208,247
130,-230,241
137,-258,234
146,-279,229
156,-296,218
160,-304,205
164,-305,194
165,-302,178
163,-285,156
152,-268,138
141,-246,124
131,-218,117
113,-188,108
88,-162,104
61,-125,94
32,-87,83
-2,-53,72
-31,-23,56
-56,11,44
-88,38,37
-114,55,34
-136,63,30
-172,67,28
-230,72,30
-292,81,21
-287,89,1
-214,96,2
-138,96,9
-87,100,23
-43,101,32
-6,86,44
34,70,51
74,56,57
108,45,66
134,35,73
151,22,80
161,11,94
159,1,101
163,-5,106
170,-6,112
172,-8,117
172,-5,120
170,1,117
154,8,114
141,19,106
115,39,96
87,52,82
60,64,68
36,81,55
7,106,41
-12,127,30
-30,151,17
-49,169,5
-59,182,-5
-72,198,-10
-90,204,-20
-92,214,-29
-96,218,-33
-97,218,-37
-86,221,-36
-70,226,-38
-50,217,-36
-24,213,-28
4,208,-19
36,200,-17
57,191,-16
75,187,-12
94,180,-8
105,168,-9
104,165,-12
99,159,-13
100,140,-9
91,134,-6
83,138,-3
72,142,-3
73,134,1
66,131,3
56,130,3
45,133,2
30,135,-1
14,145,-7
-3,161,-16
-14,169,-18
-21,179,-26
-28,192,-28
-35,204,-29
-44,215,-35
-56,233,-41
-65,244,-45
-71,259,-48
-75,269,-50
-66,276,-48
-60,285,-45
-57,293,-44
-59,292,-46
-65,296,-49
-66,296,-52
-65,291,-54
-70,286,-55
-79,286,-61
-82,284,-62
-85,278,-62
-91,270,-67
-101,265,-73
-105,259,-76
-109,252,-76
-113,247,-80
-117,242,-87
-124,236,-92
-122,232,-97
-125,223,-106
-135,216,-114
-145,206,-118
-155,197,-123
-160,186,-129
-164,173,-133
-174,162,-139
-178,149,-141
-175,141,-146
-170,130,-149
-171,120,-152
-171,114,-157
-167,111,-163
-165,105,-168
-166,107,-177
-173,109,-185
-178,117,-190
-185,125,-199
-190,123,-197
-184,122,-202
-186,120,-203
-191,117,-203
-196,118,-202
-200,116,-201
-202,116,-196
-208,108,-194
-210,100,-192
-214,93,-192
-212,83,-188
-208,73,-183
-204,71,-178
-204,62,-179
-205,56,-180
-201,52,-178
-206,51,-174
-211,44,-172
-221,38,-175
-226,26,-173
-226,8,-165
-241,-6,-166
-255,-27,-164
-270,-49,-163
-287,-63,-155
-301,-78,-146
-316,-86,-139
-332,-93,-133
-354,-101,-127
-372,-106,-121
-390,-107,-114
-410,-107,-107
-421,-111,-107
-422,-112,-108
-410,-115,-108
-383,-123,-109
-349,-128,-108
-311,-131,-104
-267,-137,-97
-218,-137,-90
-170,-130,-83
-126,-117,-76
-84,-109,-65
-53,-94,-54
-28,-76,-40
-18,-56,-27
-13,-43,-13
-22,-30,8
-43,-20,30
-66,-19,47
-80,-27,66
-88,-32,77
-91,-28,86
-88,-32,94
-75,-42,98
-58,-41,102
-51,-25,106
-51,-4,106
-47,15,104
-42,36,105
-53,62,106
-77,99,105
-107,143,106
-139,182,102
-165,200,100
-185,221,91
-216,243,82
-252,261,75
-281,266,64
-296,266,55
-300,260,46
-303,254,30
-296,248,16
-288,246,0
-278,247,-15
-265,246,-29
-245,250,-43
-216,254,-55
-199,256,-63
-184,256,-66
-166,244,-66
-148,224,-65
-135,216,-61
-136,210,-56
-131,200,-45
-124,193,-39
-124,184,-27
-126,182,-18
-129,177,-8
-141,168,1
-158,164,5
-176,157,18
-186,159,33
-189,167,48
-214,169,58
-255,174,59
-294,178,59
-328,185,53
-294,202,50
-227,221,61
-180,234,69
-150,239,76
-142,240,76
-158,238,71
-175,231,62
-194,229,54
-215,223,48
-234,219,42
-244,210,38
-244,202,34
-239,198,28
-233,193,19
-227,190,14
-231,186,12
-227,181,10
-212,187,14
-192,190,17
-182,195,18
-182,198,23
-181,205,28
-174,206,30
-170,206,34
-164,214,34
-164,216,36
-162,222,41
-163,224,46
-161,234,47
-161,240,46
-156,239,52
-155,244,52
-148,248,50
-137,248,46
-127,250,45
-117,252,39
-104,251,36
-90,249,31
-76,251,30
-69,247,32
-64,243,34
-64,242,34
-52,236,41
-48,225,43
-40,215,49
-30,210,57
-23,202,58
-17,193,67
-16,184,75
-17,178,82
-24,171,90
-29,159,95
-28,149,109
-28,142,117
-30,134,119
-18,130,123
-10,125,129
-6,121,137
-4,116,142
2,114,147
22,105,156
33,97,165
45,94,168
69,93,171
92,93,175
108,95,174
119,102,181
126,104,184
142,100,186
140,108,188
139,118,190
136,119,193
135,117,201
118,117,201
100,110,202
95,102,207
92,98,212
88,94,218
83,86,221
78,82,227
74,73,233
74,67,235
82,58,238
91,49,239
106,38,237
108,35,235
115,25,244
136,3,254
149,-19,265
163,-38,272
193,-60,275
217,-83,276
244,-103,276
266,-122,275
283,-139,272
304,-153,275
315,-159,272
305,-157,272
271,-143,267
215,-134,252
153,-125,236
84,-118,216
60,-115,185
65,-113,160
65,-108,141
64,-91,123
59,-70,104
50,-52,85
52,-38,69
59,-23,52
61,-8,33
69,5,9
73,22,-11
70,38,-29
64,60,-45
49,88,-59
22,116,-72
-9,142,-82
-53,159,-86
-105,167,-84
-134,167,-77
-139,153,-65
-123,142,-49
-94,141,-36
-62,152,-19
-33,179,8
-10,217,21
8,249,33
42,272,46
73,296,56
99,310,64
120,315,66
126,311,73
122,296,78
106,279,84
81,268,89
48,253,93
13,249,96
-22,246,104
-57,243,112
-93,247,115
-116,246,114
-129,256,99
-138,277,82
-143,296,62
-142,310,30
-134,329,-3
-122,343,-30
-111,352,-51
-87,357,-68
-64,360,-84
-40,362,-106
-20,356,-125
-2,344,-143
12,327,-153
26,294,-154
30,259,-150
29,224,-133
34,195,-109
49,172,-87
54,163,-70
60,170,-60
64,182,-55
61,193,-52
49,195,-48
32,195,-47
23,193,-44
15,194,-45
10,190,-45
-4,190,-38
-20,196,-36
-30,195,-36
-32,193,-37
-45,198,-31
-67,209,-26
-96,224,-24
-118,235,-25
-133,245,-28
-140,250,-30
-145,252,-29
-140,258,-28
-142,262,-31
-139,262,-32
-137,264,-33
-135,267,-33
-126,263,-34
-121,264,-34
-118,263,-32
-111,259,-32
-107,259,-33
-97,259,-34
-92,255,-31
-88,251,-30
-94,249,-31
-96,248,-32
-96,240,-30
-104,233,-32
-113,230,-31
-119,223,-31
-124,215,-31
-131,206,-32
-134,198,-34
-138,191,-35
-143,182,-34
-155,175,-38
-156,165,-43
-163,158,-47
-166,154,-52
-169,147,-53
-170,134,-51
-168,121,-54
-174,115,-56
-184,102,-60
-190,89,-62
-196,86,-67
-197,86,-70
-201,84,-70
-206,87,-72
-205,90,-77
-209,94,-78
-206,94,-83
-205,97,-87
-201,98,-92
-199,99,-96
-199,103,-96
-199,100,-100
-199,94,-103
-197,88,-105
-204,78,-107
-213,72,-115
-215,62,-121
-219,53,-127
-221,44,-130
-222,36,-134
-231,28,-137
-235,14,-138
-225,-1,-140
-208,-21,-145
-212,-45,-149
-226,-57,-152
-241,-69,-156
-244,-88,-155
-248,-107,-158
-275,-126,-168
-307,-131,-179
-340,-123,-183
-380,-132,-170
-414,-147,-157
-433,-165,-145
-444,-171,-130
-453,-168,-113
-452,-164,-98
-438,-168,-84
-392,-181,-71
-352,-194,-63
-314,-210,-55
-280,-223,-47
-240,-228,-41
-199,-227,-38
-161,-213,-29
-133,-191,-15
-118,-178,-3
-116,-163,9
-119,-148,29
-129,-143,45
-143,-146,59
-161,-161,70
-186,-179,83
-205,-188,102
-218,-183,121
-232,-166,137
-241,-138,153
-255,-112,159
-272,-96,161
-292,-78,151
-314,-60,135
-330,-42,114
-341,-17,92
-346,4,74
-348,20,56
-351,34,36
-349,48,17
-339,63,-4
-326,73,-28
-313,73,-52
-298,64,-72
-288,50,-89
-274,27,-105
-264,0,-114
-262,-32,-114
-261,-53,-104
-250,-63,-87
-240,-69,-70
-232,-71,-48
-226,-68,-23
-223,-57,-9
-214,-47,9
-212,-36,20
-208,-30,35
-212,-30,44
-209,-35,58
-198,-34,73
-189,-33,84
-201,-26,88
-228,-13,92
-252,-6,93
-264,-1,89
-288,3,77
-328,16,63
-370,26,47
-405,35,27
-370,35,27
-299,18,33
-232,2,39
-181,-11,58
-163,-29,69
-172,-38,71
-187,-44,68
-207,-37,57
-227,-29,43
-246,-19,31
-256,-15,21
-248,-24,24
-234,-29,28
-222,-33,31
-200,-35,32
-162,-33,39
-128,-30,41
-107,-17,30
-87,0,24
-78,16,23
-74,35,20
-79,52,17
-80,67,13
-78,75,13
-85,89,13
-93,98,8
-102,113,4
-99,125,-1
-99,132,-4
-98,134,-5
-92,139,-9
-92,142,-12
-89,143,-13
-95,143,-14
-92,139,-14
-90,142,-14
-85,145,-8
-77,145,-8
-76,144,-9
-69,138,0
-60,135,4
-53,132,8
-40,123,15
-22,113,21
-13,103,29
-8,89,38
-2,81,45
2,66,55
6,50,62
13,29,71
15,13,78
17,1,86
17,-13,94
21,-22,102
26,-32,109
28,-39,115
32,-43,121
38,-49,127
40,-55,134
38,-58,144
41,-64,152
45,-69,162
43,-73,169
44,-77,180
47,-85,192
51,-93,201
53,-101,213
60,-111,226
70,-120,237
77,-127,246
85,-136,254
92,-142,263
110,-155,274
119,-168,287
124,-176,298
129,-185,306
143,-204,318
163,-229,331
176,-256,344
192,-285,356
215,-318,369
238,-355,385
255,-392,396
269,-442,402
279,-494,405
292,-535,412
304,-556,409
304,-550,383
289,-515,350
249,-453,306
183,-358,248
139,-273,201
109,-212,161
78,-174,143
49,-148,129
23,-123,106
10,-102,87
-8,-68,67
-27,-33,44
-49,1,21
-72,30,1
-80,60,-12
-86,90,-25
-87,112,-32
-95,130,-37
-112,149,-46
-123,168,-51
-125,187,-45
-121,189,-41
-99,189,-26
-42,178,-1
34,154,22
112,122,36
173,91,50
221,81,57
255,82,70
295,83,86
328,83,101
355,78,111
375,68,116
368,60,120
341,55,127
295,53,133
251,43,134
201,29,133
152,20,131
108,11,125
58,6,116
14,-3,104
-17,-12,92
-45,-17,89
-69,-21,76
-83,-15,47
-93,-5,26
-104,3,15
-117,15,1
-128,27,-4
-133,35,-12
-133,50,-21
-127,62,-19
-107,71,-11
-90,76,-13
-69,77,-6
-53,74,5
-43,74,11
-28,78,8
-12,81,-6
3,82,-20
15,77,-22
9,84,-25
10,88,-28
3,95,-31
-5,97,-35
-4,98,-38
-10,103,-38
-12,112,-42
-10,117,-42
-11,119,-42
-18,127,-45
-36,133,-50
-49,144,-57
-60,147,-62
-62,157,-64
-66,166,-66
-73,172,-64
-73,177,-61
-61,182,-58
-62,190,-58
-76,196,-64
-81,205,-64
-87,213,-66
-89,225,-67
-89,234,-69
-91,236,-64
-94,236,-64
-97,232,-62
-104,230,-56
-109,224,-53
-111,218,-50
-115,216,-52
-116,210,-53
-120,209,-58
-118,214,-61
-117,223,-61
-117,222,-67
-113,220,-69
-117,222,-73
-123,223,-79
-129,225,-84
-130,226,-91
-135,223,-95
-140,220,-104
-139,217,-108
-139,216,-111
-145,215,-115
-154,215,-119
-162,214,-125
-170,210,-125
-169,205,-126
-174,201,-127
-182,193,-129
-186,182,-128
-192,172,-129
-194,164,-133
-193,157,-137
-188,146,-139
-189,136,-147
-184,129,-153
-174,127,-159
-176,126,-164
-178,124,-165
-172,121,-163
-173,122,-163
-183,122,-163
-197,124,-162
-215,130,-163
-228,127,-164
-237,121,-169
-247,116,-172
-248,107,-172
-254,96,-174
-254,85,-179
-251,72,-181
-242,54,-183
-244,42,-185
-248,27,-190
-249,12,-193
-258,-4,-193
-275,-16,-197
-291,-30,-200
-311,-46,-205
-320,-66,-210
-331,-89,-213
-346,-116,-218
-370,-149,-226
-395,-177,-232
-430,-196,-229
-471,-206,-217
-509,-209,-200
-546,-204,-180
-582,-199,-163
-590,-196,-147
-570,-192,-133
-530,-186,-118
-472,-182,-107
-410,-181,-99
-344,-174,-90
-272,-159,-81
-205,-143,-73
-157,-117,-67
-122,-94,-58
-94,-67,-41
-70,-48,-18
-52,-31,11
-40,-15,39
-31,-9,63
-27,3,82
-18,20,94
-7,35,104
-4,53,112
-10,74,119
-20,97,122
-41,122,122
-59,143,125
-86,158,126
-115,173,125
-141,184,123
-178,189,115
-217,192,98
-259,193,82
-289,191,60
-302,185,43
-306,181,25
-306,166,8
-299,153,-7
-293,146,-15
-284,136,-27
-275,130,-37
-269,125,-44
-259,122,-44
-256,118,-40
-243,108,-36
-230,108,-35
-215,114,-31
-200,120,-26
-164,127,-12
-144,126,0
-154,128,0
-174,127,4
-178,143,3
-131,162,26
-82,168,45
-62,161,64
-59,150,86
-71,135,98
-82,136,101
-94,140,96
-112,150,89
-135,157,82
-158,159,78
-169,162,70
-179,165,58
-183,162,46
-184,155,36
-180,157,27
-148,152,26
-119,136,30
-102,124,34
-93,116,32
-95,110,27
-97,111,21
-86,112,18
-77,109,19
-66,119,14
-45,129,13
-24,129,9
-13,139,6
-5,153,7
6,160,6
7,169,0
9,177,-3
15,188,-5
19,194,-10
17,198,-18
16,205,-26
17,212,-30
16,223,-36
15,231,-43
18,237,-43
17,244,-48
19,244,-50
21,249,-51
17,253,-48
23,254,-44
23,257,-48
25,251,-41
26,246,-38
31,243,-39
39,237,-35
49,230,-30
58,224,-27
68,214,-24
80,206,-21
78,200,-20
83,196,-11
83,191,-4
88,182,1
92,173,12
92,165,19
98,162,23
102,151,27
112,147,33
124,143,37
127,137,44
128,136,53
129,134,54
129,132,58
132,132,66
134,133,71
140,135,75
143,132,87
142,139,94
148,143,96
145,142,101
152,139,108
162,138,117
165,138,123
171,133,130
177,128,139
192,131,144
203,135,151
221,135,160
231,130,171
240,128,178
249,119,193
263,108,211
274,95,220
270,82,228
283,67,244
298,49,261
314,20,277
324,-2,294
337,-30,310
360,-63,323
380,-105,333
409,-149,340
428,-194,347
435,-235,343
441,-261,337
436,-274,332
418,-272,325
393,-264,314
371,-252,302
338,-228,276
316,-199,248
315,-170,229
315,-140,211
319,-108,202
315,-75,195
296,-44,182
275,-17,170
247,5,158
220,26,143
200,47,130
174,61,113
152,81,99
93,109,85
24,143,53
34,155,37
105,149,38
163,136,43
191,124,55
205,113,72
206,115,90
210,117,98
233,111,95
270,106,87
315,112,82
360,105,83
387,100,83
403,98,80
409,91,79
420,80,78
419,72,76
409,68,77
399,66,69
390,62,69
371,60,71
345,51,72
311,46,74
253,45,73
183,43,64
124,41,54
79,36,43
31,38,32
-6,36,27
-33,40,21
-55,47,10
-64,57,-4
-74,78,-16
-68,92,-24
-54,101,-34
-34,106,-38
-7,107,-38
23,98,-36
44,94,-35
64,93,-29
75,92,-17
85,85,-7
102,71,4
105,67,12
103,71,16
106,74,17
107,80,17
109,92,12
121,99,18
134,109,16
140,116,14
128,123,20
109,132,17
90,143,13
85,151,12
79,154,13
72,163,10
59,162,9
55,170,8
38,185,2
18,196,-1
-2,207,-4
-24,216,-10
-38,226,-12
-49,241,-16
-48,251,-19
-49,263,-18
-50,270,-18
-45,273,-17
-40,277,-15
-38,286,-10
-33,293,-10
-32,301,-10
-24,302,-7
-19,301,-9
-16,305,-7
-13,305,-7
-12,309,-9
-21,310,-14
-22,311,-19
-33,312,-27
-40,314,-36
-42,311,-43
-42,305,-48
-38,292,-50
-41,276,-56
-52,265,-60
-62,255,-61
-75,243,-66
-88,235,-69
-94,227,-70
-112,215,-74
-126,207,-78
-139,198,-82
-146,188,-85
-153,179,-92
-155,165,-99
-167,159,-105
-172,155,-113
-179,157,-124
-182,153,-130
-192,151,-143
-199,149,-152
-207,145,-158
-212,138,-164
-213,135,-168
-220,129,-173
-226,128,-177
-236,123,-177
-257,120,-183
-286,121,-190
-299,108,-193
-297,91,-189
-296,71,-193
-297,48,-199
-302,29,-203
-311,11,-207
-321,-5,-211
-332,-20,-210
-353,-40,-211
-366,-58,-211
-378,-81,-207
-401,-109,-204
-435,-132,-197
-486,-148,-189
-528,-166,-177
-566,-179,-170
-590,-189,-166
-603,-191,-161
-603,-193,-157
-588,-199,-148
-554,-207,-133
-513,-215,-124
-472,-220,-106
-426,-225,-92
-383,-227,-78
-338,-223,-61
-300,-211,-38
-264,-201,-13
-239,-187,12
-218,-173,35
-199,-161,67
-177,-151,94
-160,-140,118
-152,-124,142
-150,-114,157
-150,-102,175
-163,-85,190
-177,-66,197
-183,-54,201
-184,-44,201
-194,-20,203
-203,14,196
-219,49,185
-236,86,168
-248,124,155
-262,162,138
-288,195,117
-310,222,92
-326,240,66
-339,254,39
-337,266,12
-328,275,-14
-308,273,-29
-290,269,-41
-271,262,-52
-258,246,-56
-252,229,-61
-243,207,-50
-244,186,-44
-256,161,-40
-267,147,-32
-272,132,-14
-274,116,8
-281,105,23
-285,91,39
-285,80,61
-283,72,86
-279,69,111
-276,64,133
-279,63,156
-281,66,181
-278,75,200
-277,88,219
-264,112,244
-254,135,267
-240,158,280
-219,188,282
-209,222,273
-206,258,264
-198,280,263
-173,263,266
-145,225,243
-115,180,201
-84,155,167
-69,156,153
-69,157,142
-85,156,127
-116,154,108
-147,151,97
-167,142,85
-145,132,77
-110,122,73
-80,120,72
-49,116,77
-46,122,84
-72,129,89
-105,130,89
-129,128,77
-140,124,71
-142,117,72
-148,117,71
-143,115,66
-132,119,63
-124,125,59
-111,126,56
-109,137,55
-115,148,47
-122,163,42
-127,175,37
-131,181,30
-137,182,20
-141,190,17
-141,195,12
-138,197,5
-134,196,3
-132,196,1
-130,191,-1
-130,184,-4
-122,175,-2
-116,163,0
-109,154,3
-106,145,6
-96,128,9
-83,118,10
-73,111,13
-64,97,17
-58,86,23
-57,72,31
-56,63,36
-42,60,38
-32,51,41
-30,40,49
-31,34,50
-34,26,57
-35,20,69
-34,12,78
-39,8,90
-36,4,100
-37,-3,114
-44,-2,128
-48,-3,142
-49,-2,157
-46,1,167
-35,-2,179
-19,-8,188
-6,-13,198
5,-10,206
15,-15,211
20,-19,216
24,-18,220
37,-24,220
44,-32,213
53,-39,206
64,-54,195
73,-66,182
79,-74,172
78,-85,165
61,-90,155
40,-89,146
10,-90,135
-17,-85,131
-44,-78,127
-65,-75,128
-84,-71,128
-108,-70,123
-130,-76,126
-197,-100,134
-326,-127,99
-255,-104,65
-126,-101,100
-108,-111,105
-113,-118,116
-115,-118,110
-113,-113,101
-87,-110,93
-73,-108,85
-70,-105,76
-62,-100,70
-58,-101,67
-37,-102,61
-7,-97,57
32,-87,58
75,-81,56
128,-78,57
177,-78,56
226,-74,57
279,-70,56
316,-62,53
345,-51,52
366,-38,50
377,-16,52
380,-1,55
371,15,58
361,26,64
353,34,68
347,34,77
342,33,83
334,33,88
317,26,95
289,26,98
271,24,99
260,20,101
245,16,100
221,20,101
204,22,101
190,23,103
175,20,102
149,27,90
128,31,86
109,33,78
84,35,68
73,35,59
71,37,53
79,39,49
99,44,44
124,44,41
156,40,40
187,37,39
215,32,39
237,28,40
248,27,39
262,24,38
283,24,41
301,22,44
305,24,46
307,30,44
308,36,43
304,40,39
314,39,40
310,49,34
299,55,34
289,65,28
281,74,21
276,90,19
260,105,15
249,120,7
237,128,2
223,137,-4
206,145,-5
195,154,-9
191,157,-9
182,164,-12
172,171,-15
150,184,-15
132,192,-18
116,199,-21
106,204,-21
93,214,-21
85,220,-19
80,229,-21
80,237,-25
81,239,-25
79,238,-24
75,244,-29
73,248,-30
76,247,-33
72,247,-35
64,245,-39
56,242,-43
39,236,-50
34,228,-52
38,210,-49
44,189,-50
45,174,-51
34,158,-56
10,142,-63
-17,130,-68
-38,112,-70
-65,97,-74
-88,85,-75
-102,71,-76
-118,63,-82
-126,57,-85
-138,45,-90
-148,38,-96
-152,38,-103
-151,34,-111
-148,27,-116
-140,27,-117
-133,27,-120
-128,24,-124
-116,19,-128
-103,10,-132
-96,7,-132
-92,5,-131
-89,0,-124
-91,-11,-122
-93,-23,-122
-98,-35,-114
-110,-46,-109
-126,-58,-105
-145,-70,-107
-167,-84,-110
-181,-98,-115
-196,-115,-117
-212,-133,-121
-226,-151,-126
-253,-170,-131
-279,-191,-139
-305,-212,-150
-335,-238,-157
-382,-254,-167
-439,-255,-188
-502,-247,-198
-573,-248,-187
-626,-258,-168
-653,-275,-146
-662,-281,-114
-644,-285,-90
-609,-293,-80
-564,-304,-75
-500,-308,-67
-427,-304,-59
-354,-298,-45
-289,-293,-32
-242,-275,-25
-215,-239,-11
-191,-204,13
-181,-165,34
-178,-127,57
-172,-100,78
-168,-78,98
-164,-66,110
-165,-53,120
-170,-39,123
-175,-19,116
-183,7,109
-197,35,101
-209,63,89
-219,90,75
-238,115,55
-255,136,36
-278,153,14
-300,159,-9
-320,161,-34
-334,155,-54
-344,151,-70
-353,141,-80
-354,127,-88
-346,107,-95
-340,88,-96
-327,70,-93
-322,50,-90
-319,29,-84
-310,19,-77
-303,12,-67
-297,16,-49
-297,26,-33
-296,40,-19
-292,57,-4
-286,64,5
-293,75,13
-303,92,20
-316,109,21
-333,125,16
-344,139,19
-359,146,17
-378,151,14
-376,159,20
-379,158,25
-385,154,28
-390,148,29
-396,145,25
-407,156,15
-399,167,9
-383,177,0
-363,180,-6
-345,185,-11
-325,185,-13
-306,188,-17
-291,188,-19
-280,193,-21
-276,199,-28
-273,202,-29
-274,209,-30
-272,213,-29
-272,211,-29
-269,213,-28
-249,214,-21
-223,208,-9
-206,201,1
-202,203,6
-196,210,8
-189,222,12
-187,237,10
-185,246,9
-184,254,8
-188,270,5
-194,285,-1
-190,295,-7
-194,305,-6
-206,306,-5
-216,307,-6
-229,306,-9
-230,303,-10
-221,297,-9
-214,295,-7
-213,291,-9
-212,287,-9
-200,276,-7
-195,266,-8
-185,257,-2
-175,248,5
-159,239,5
-143,227,9
-131,213,15
-124,201,25
-110,187,30
-98,168,39
-88,154,45
-79,142,52
-64,125,60
-58,116,67
-53,105,73
-48,91,81
-47,80,87
-39,67,89
-37,52,95
-40,41,104
-44,27,114
-48,17,122
-55,5,131
-55,-9,138
-53,-22,146
-60,-35,155
-63,-47,162
-60,-54,170
-56,-62,176
-50,-78,179
-46,-87,183
-31,-99,187
-16,-115,189
-3,-136,190
12,-152,183
21,-171,169
36,-193,155
45,-210,137
45,-231,125
37,-243,112
25,-236,99
5,-220,79
-19,-198,48
-26,-178,27
-47,-160,8
-63,-129,-8
-67,-102,-20
-67,-69,-27
-66,-40,-36
-55,-15,-44
-49,3,-56
-52,17,-58
-61,39,-58
-92,50,-54
-162,75,-63
-141,111,-79
-44,143,-67
6,159,-57
41,166,-37
62,173,-19
73,181,-5
91,192,2
122,193,13
160,191,25
195,189,35
222,182,46
237,177,56
248,182,62
253,182,64
254,184,66
250,182,65
239,178,63
215,178,63
191,175,62
163,169,58
135,166,52
103,165,44
76,159,42
47,157,34
21,157,25
-6,154,12
-28,156,-2
-46,157,-19
-56,161,-32
-63,172,-46
-69,182,-59
-70,192,-66
-62,195,-70
-43,197,-70
-20,203,-74
-1,204,-74
15,204,-68
37,203,-60
62,201,-59
78,199,-55
88,197,-49
110,188,-49
126,180,-44
152,171,-35
162,168,-29
173,170,-22
182,170,-14
187,165,-9
186,166,-6
194,163,2
194,162,7
188,165,15
184,171,17
178,175,16
166,177,15
148,190,15
129,201,13
112,205,11
94,217,9
74,228,3
56,236,-1
51,236,1
55,241,-2
55,241,-7
53,246,-8
58,251,-13
70,255,-12
81,257,-10
95,257,-15
107,257,-17
120,255,-16
116,250,-19
113,254,-16
129,251,-13
146,238,-3
153,224,0
157,217,1
155,209,-1
149,201,-4
143,187,-4
134,175,-6
124,157,-16
109,141,-22
99,127,-29
92,113,-35
79,97,-42
71,75,-45
62,56,-43
61,39,-40
57,25,-43
58,10,-36
59,-5,-34
55,-21,-32
50,-34,-26
47,-42,-28
48,-46,-27
41,-52,-22
43,-61,-16
32,-63,-7
26,-67,3
18,-72,6
8,-85,10
3,-94,13
-8,-106,18
-17,-117,18
-28,-127,16
-51,-140,16
-73,-152,18
-100,-160,19
-122,-160,14
-138,-157,11
-152,-154,8
-167,-150,3
-171,-144,4
-172,-142,0
-163,-143,1
-150,-147,0
-131,-159,5
-108,-164,13
-77,-166,20
-48,-170,30
-13,-172,42
22,-172,56
49,-173,68
75,-172,77
93,-164,92
107,-157,113
119,-158,133
131,-158,149
137,-153,168
150,-150,187
160,-144,203
174,-141,217
181,-132,225
173,-123,226
168,-121,225
150,-115,224
130,-111,215
108,-103,200
94,-94,186
90,-92,175
94,-93,159
104,-91,144
116,-89,130
127,-80,116
140,-67,102
152,-58,91
167,-50,84
179,-40,80
188,-28,81
188,-23,81
180,-25,87
164,-25,90
143,-32,95
115,-49,97
107,-75,101
112,-113,107
126,-155,108
146,-190,111
160,-208,104
158,-215,97
139,-211,92
112,-199,87
83,-186,81
65,-185,74
62,-194,67
61,-213,64
57,-234,61
47,-250,57
31,-253,55
11,-246,51
-7,-235,57
-32,-216,59
-68,-209,61
-89,-202,58
-81,-193,65
-72,-185,68
-40,-160,66
4,-123,68
29,-83,74
31,-50,70
20,-31,67
3,-28,65
1,-33,66
2,-40,66
-1,-51,71
-29,-49,71
-71,-48,69
-107,-60,61
-138,-65,55
-169,-71,53
-214,-67,47
-257,-53,41
-298,-38,42
-339,-28,47
-387,-39,54
-436,-52,58
-476,-70,59
-509,-79,62
-532,-77,68
-550,-76,71
-584,-72,76
-646,-65,88
-740,-73,98
-859,-92,92
-951,-102,84
-1010,-98,79
-1071,-89,88
-1137,-58,74
-1197,-21,66
-1268,-10,63
-1319,-13,49
-1387,-29,36
-1614,-102,41
-1852,-144,3
-1859,-159,-27
-1970,-223,-54
-1996,-245,-87
-1967,-221,-103
-2032,-210,-81
-2145,-210,-43
-2131,-201,2
-2002,-171,28
-1877,-137,51
-1762,-122,89
-1712,-115,101
-1626,-85,81
-1515,-75,70
-1425,-75,39
-1333,-71,-4
-1211,-77,-19
-1139,-96,-45
-1089,-136,-68
-1044,-161,-104
-1044,-162,-158
-1083,-151,-228
-1141,-185,-208
-1116,-235,-176
-1077,-253,-164
-1041,-257,-159
-946,-261,-146
-838,-227,-120
-775,-188,-107
-706,-173,-90
-652,-196,-84
-624,-182,-85
-642,-167,-77
-615,-182,-60
-587,-155,-1
-561,-95,55
-521,-9,75
-472,78,80
-419,91,64
-392,108,76
-361,132,75
-349,131,58
-347,149,67
-341,200,101
-307,307,119
-236,393,124
-154,428,123
-78,455,119
10,488,114
96,517,106
178,548,102
233,592,92
272,654,84
299,740,81
303,854,79
300,963,78
288,1043,69
286,1070,57
315,1061,42
331,1051,29
320,1045,19
263,1056,1
175,1089,-17
100,1084,-41
21,1064,-71
-20,1088,-93
-28,1115,-123
-30,1143,-147
-39,1161,-160
-64,1159,-177
-90,1114,-204
-103,1030,-232
-108,954,-241
-121,910,-245
-145,901,-232
-166,911,-212
-204,915,-174
-202,912,-140
-167,928,-131
-157,977,-138
-159,1047,-153
-173,1125,-172
-196,1199,-188
-212,1263,-213
-216,1308,-230
-220,1338,-237
-217,1367,-242
-180,1389,-245
-111,1407,-253
-34,1430,-267
47,1451,-287
109,1470,-308
146,1484,-329
158,1494,-348
172,1494,-355
192,1514,-363
199,1530,-351
169,1539,-335
123,1548,-321
69,1556,-299
2,1545,-268
-59,1514,-235
-123,1491,-202
-175,1475,-180
-198,1455,-150
-204,1444,-123
-195,1442,-103
-192,1446,-86
-214,1457,-78
-251,1485,-86
-297,1540,-115
-349,1599,-146
-423,1657,-143
-492,1739,-109
-527,1831,-70
-533,1907,-12
-514,1980,47
-500,2029,83
-515,2043,78
-572,2007,44
-646,1944,-11
-703,1857,-75
-722,1763,-135
-705,1691,-189
-656,1662,-231
-609,1674,-279
-576,1676,-324
-548,1677,-356
-489,1641,-410
-384,1540,-489
-261,1405,-578
-140,1306,-619
-56,1284,-607
-10,1327,-565
1,1388,-513
-2,1420,-480
-15,1395,-457
-42,1356,-438
-63,1343,-408
-55,1342,-367
-35,1336,-339
-18,1315,-334
3,1262,-352
33,1183,-371
63,1082,-387
100,966,-390
142,865,-380
194,779,-380
253,724,-393
289,681,-419
318,649,-446
366,630,-451
411,616,-435
431,602,-412
460,615,-391
485,614,-386
489,584,-387
470,560,-390
446,552,-387
432,570,-379
409,610,-375
394,660,-364
390,715,-339
379,764,-309
375,779,-257
374,761,-192
366,720,-147
367,689,-104
391,687,-84
440,699,-72
481,714,-71
459,716,-79
406,732,-77
362,787,-36
345,894,22
349,1019,71
364,1149,96
382,1290,94
384,1425,70
357,1564,-4
286,1712,-95
178,1890,-183
48,2137,-269
-106,2502,-348
-283,3006,-380
-469,3638,-346
-606,4349,-248
-860,4902,-70
-1316,5006,259
-1583,4896,614
-1445,4834,780
-959,4783,842
-346,4709,812
315,4619,758
910,4458,665
1346,4250,476
1617,3971,308
1785,3621,230
1905,3291,205
1923,2993,193
1848,2687,214
1674,2460,246
1375,2370,246
911,2377,235
315,2516,222
-342,2788,213
-985,3122,219
-1533,3493,233
-1909,3836,249
-2093,4132,268
-2083,4406,299
-1870,4643,388
-1572,4778,511
-1446,4665,651
-1378,4314,826
-1079,3766,979
-468,3166,997
233,2741,856
908,2548,639
1314,2573,442
1378,2745,357
1378,2919,355
1383,3026,370
1271,3135,348
995,3285,309
683,3368,228
420,3341,104
163,3222,-7
-74,3080,-79
-109,2969,-111
256,2848,-91
931,2706,-20
1571,2505,153
1890,2219,488
1713,1959,936
1053,1856,1371
144,1899,1745
-754,2083,1974
-1446,2376,2031
-1876,2708,1973
-2148,2972,1821
-2299,3141,1586
-2432,3205,1369
-2469,3065,1291
-2395,2798,1316
-2449,2683,1330
-2550,2659,1285
-2617,2696,1212
-2673,2796,1185
-2701,2910,1196
-2686,2968,1214
-2642,2980,1205
-2614,2957,1163
-2586,2889,1095
-2561,2786,1017
-2501,2653,933
-2388,2505,835
-2310,2359,737
-2324,2225,675
-2398,2093,639
-2468,1957,621
-2462,1843,613
-2412,1772,616
-2351,1747,626
-2289,1739,663
-2280,1746,714
-2295,1766,775
-2338,1800,837
-2399,1838,906
-2465,1861,937
-2503,1873,938
-2495,1868,932
-2446,1860,899
-2345,1861,835
-2237,1863,747
-2137,1865,667
-2052,1874,581
-1950,1877,408
-1831,1860,173
-1631,1811,-64
-1341,1717,-273
-935,1567,-435
-550,1380,-543
-349,1143,-574
-368,867,-485
-565,578,-256
-895,330,73
-1236,168,497
-1522,108,976
-1700,103,1433
-1721,38,1725
-1667,-118,1763
-1577,-288,1732
-1458,-448,1700
-1396,-587,1662
-1347,-723,1688
-1220,-846,1744
-1118,-954,1725
-1145,-1047,1640
-1319,-1138,1543
-1619,-1234,1415
-2004,-1313,1269
-2464,-1372,1129
-2970,-1398,1007
-3381,-1373,941
-3662,-1306,973
-3860,-1223,1080
-4025,-1149,1270
-4174,-1078,1479
-4384,-983,1575
-4685,-845,1538
-4963,-646,1397
-5109,-403,1146
-5198,-150,773
-5298,94,260
-5307,232,-190
-5215,171,-300
-5079,68,-159
-4961,174,-45
-4918,503,-55
-4955,907,-166
-5075,1240,-331
-5227,1453,-486
-5414,1554,-625
-5625,1566,-738
-5835,1474,-841
-6055,1243,-873
-6207,867,-792
-6270,440,-653
-6318,61,-512
-6403,-214,-393
-6523,-410,-297
-6645,-540,-200
-6752,-636,-106
-6835,-714,-18
-6897,-782,55
-6891,-838,75
-6806,-875,13
-6651,-907,-121
-6440,-943,-326
-6166,-986,-571
-5858,-1065,-829
-5537,-1176,-1088
-5190,-1302,-1333
-4820,-1435,-1567
-4463,-1564,-1781
-4140,-1673,-1975
-3865,-1761,-2141
-3640,-1827,-2278
-3463,-1874,-2375
-3324,-1897,-2416
-3201,-1865,-2379
-3087,-1797,-2298
-3004,-1781,-2223
-2951,-1797,-2148
-2904,-1816,-2056
-2866,-1830,-1910
-2823,-1830,-1700
-2773,-1859,-1452
-2741,-1924,-1199
-2734,-1856,-888
-2769,-1663,-560
-2865,-1499,-312
-3054,-1287,-68
-3427,-872,284
-3939,-249,656
-4525,684,1132
-5257,1893,1657
-5836,3556,2207
-6234,5496,2742
-4226,7821,3443
1842,9489,4838
7309,9018,6320
10660,7663,7332
12317,5732,7689
12506,3792,7407
11652,2444,6640
9702,1817,5647
6992,1663,4672
4179,1602,3912
1776,1402,3391
126,1115,2998
-705,793,2609
-1128,214,2168
-1493,-590,1750
-1677,-1307,1345
-1753,-1865,930
-1775,-2209,529
-1677,-2291,174
-1488,-2194,-117
-1285,-2076,-352
-1096,-2002,-539
-897,-2006,-703
-651,-2089,-816
-348,-2225,-876
-49,-2376,-885
239,-2476,-854
542,-2499,-788
826,-2497,-735
1051,-2492,-725
1210,-2472,-749
1298,-2422,-785
1148,-2341,-783
837,-2217,-737
562,-2012,-692
417,-1727,-665
415,-1411,-663
506,-1121,-657
598,-876,-584
626,-687,-450
548,-517,-270
373,-353,-90
68,-255,64
-218,-217,174
-372,-244,226
-474,-356,230
-650,-571,192
-885,-800,113
-1090,-987,16
-1209,-1124,-64
-1246,-1207,-99
-1247,-1242,-106
-1255,-1231,-90
-1282,-1181,-74
-1346,-1097,-51
-1439,-997,-20
-1526,-885,2
-1565,-772,23
-1579,-661,28
-1553,-540,19
-1473,-410,22
-1347,-295,59
-1228,-193,100
-1151,-118,132
-1067,-77,168
-961,-60,194
-864,-46,189
-753,-33,164
-616,-37,151
-510,-45,141
-442,-52,126
-412,-53,109
-394,-50,89
-383,-42,69
-366,-26,51
-334,-6,40
-299,20,36
-259,39,37
-223,52,31
-189,60,26
-152,62,22
-120,59,19
-86,57,25
-58,61,30
-33,64,37
-11,62,42
-9,64,44
-24,72,50
-35,82,54
-38,89,48
-40,95,43
-38,92,42
-37,84,30
-23,67,22
-1,43,20
31,24,18
59,9,19
81,-1,21
99,-12,25
119,-16,31
144,-16,36
169,-12,44
205,-16,56
235,-22,62
261,-26,69
294,-27,77
319,-31,91
345,-36,105
368,-30,110
385,-27,114
402,-24,131
424,-21,155
453,-16,182
513,-32,212
567,-81,233
573,-115,241
511,-132,230
424,-132,217
379,-136,203
387,-147,191
417,-156,178
408,-144,166
297,-59,168
55,78,183
-197,182,180
-369,295,201
-378,425,257
-184,487,323
85,465,342
310,412,331
502,361,319
679,318,306
796,270,294
830,222,280
807,181,263
766,146,243
712,100,236
645,56,235
574,12,232
474,-37,218
393,-94,203
360,-153,195
337,-205,182
341,-258,185
371,-322,191
417,-380,188
453,-404,163
475,-406,141
474,-398,139
456,-367,149
437,-308,152
420,-242,156
412,-187,161
403,-140,158
391,-110,159
376,-83,160
352,-61,161
338,-39,162
333,-21,164
325,-18,173
310,-7,188
296,0,202
286,7,215
297,11,224
317,7,240
331,1,251
334,2,255
330,5,254
331,11,251
335,11,246
310,12,250
279,20,261
261,28,264
269,35,254
272,26,254
258,20,255
239,20,251
237,23,242
233,23,238
212,23,243
194,30,238
182,49,225
193,66,218
170,72,225
129,77,221
102,76,217
92,78,215
84,86,214
67,94,224
44,95,229
17,93,230
-1,96,228
-11,95,223
-15,99,218
-37,93,226
-73,95,231
-97,99,233
-109,104,236
-112,112,232
-117,121,226
-116,132,215
-111,146,207
-127,153,212
-149,155,218
-167,161,218
-177,164,214
-186,168,207
-195,169,192
-198,172,178
-203,173,166
-214,171,150
-219,174,134
-222,181,115
-212,180,102
-207,184,90
-203,195,77
-193,192,67
-182,188,54
-172,189,45
-160,191,38
-136,192,32
-126,189,37
-125,179,33
-128,172,24
-125,172,22
-121,161,22
-125,151,21
-127,141,18
-122,128,13
-128,127,7
-132,124,0
-140,121,-4
-148,124,-7
-145,124,-9
-146,127,-12
-147,132,-17
-145,140,-17
-151,143,-17
-151,141,-21
-148,139,-23
-148,137,-23
-148,136,-21
-156,135,-19
-165,134,-18
-166,131,-21
-170,129,-21
-170,129,-18
-180,131,-23
-185,130,-20
-186,126,-18
-186,123,-17
-187,123,-18
-180,122,-18
-171,121,-20
-166,118,-22
-163,113,-23
-160,108,-21
-155,109,-17
-147,107,-15
-142,102,-13
-139,101,-10
-137,98,-13
-134,94,-9
-130,87,-15
-126,89,-19
-122,86,-20
-122,84,-21
-123,82,-20
-125,85,-17
-128,88,-15
-124,86,-9
-126,86,-4
-138,91,1
-150,91,3
-146,88,9
-136,78,14
-133,75,19
-148,76,20
-162,74,20
-167,81,23
-171,81,22
-181,83,21
-184,84,19
-177,86,19
-174,84,20
-169,85,17
-169,85,15
-162,86,14
-157,84,14
-151,84,17
-140,84,20
-133,83,24
-124,87,24
-117,86,22
-110,86,24
-111,88,27
-111,90,31
-106,89,31
-98,88,31
-91,87,32
-85,89,33
-82,89,34
-78,97,41
-79,104,40
-78,105,39
-76,105,39
-74,98,39
-75,95,39
-73,91,38
-72,85,37
-67,84,37
-66,82,36
-70,82,35
-63,81,35
-61,81,33
-65,86,32
-66,87,31
-65,89,29
-67,90,27
-68,93,26
-69,87,27
-71,83,26
-79,84,27
-99,95,25
-104,102,25
-80,97,25
-72,94,28
-75,88,28
-77,85,26
-71,87,22
-70,87,21
-63,84,18
-61,84,21
-57,80,18
-54,78,21
-61,82,25
-70,83,23
-69,82,20
-66,84,23
-68,84,20
-75,86,16
-72,83,20
-71,83,21
-74,82,20
-75,79,17
-74,81,15
-74,76,13
-73,76,14
-69,80,15
-67,81,18
-67,81,16
-63,82,14
-62,79,15
-64,77,18
-70,77,14
-66,79,15
-66,77,16
-69,74,17
-70,77,21
-71,76,22
-75,77,22
-77,81,20
-78,79,20
-79,79,23
-73,80,21
-70,75,24
-72,76,24
-68,75,21
-63,72,25
-61,71,26
-64,68,29
-64,73,28
-65,73,27
-64,72,25
-65,70,25
-72,73,27
-74,77,30
-78,77,27
-79,80,25
-73,78,28
-73,75,29
-70,73,28
-65,73,28
-62,73,28
-62,75,26
-61,73,26
-59,72,25
-66,72,26
-73,70,27
-75,73,26
-74,76,25
-74,76,21
-80,77,20
-101,86,21
-99,93,21
-71,91,20
-61,79,18
-69,72,19
-71,77,19
-73,77,19
-68,76,19
-60,73,17
-61,74,19
-68,76,23
-70,74,23
-78,75,21
-81,71,21
-79,68,19
-82,73,20
-81,70,17
-78,69,16
-79,69,17
-79,69,15
-76,71,13
-67,71,15
-63,74,15
-55,74,16
-52,73,16
-53,75,14
-58,78,14
-60,76,16
-61,76,14
-62,76,13
-67,80,16
-73,74,15
-76,74,12
-76,75,11
-79,78,9
-79,71,8
-79,70,9
-81,71,4
-84,67,1
-80,58,-4
-78,56,-10
-70,51,-16
-56,46,-23
-49,37,-32
-49,35,-43
-43,31,-53
-39,22,-64
-30,19,-71
-15,29,-74
-23,39,-73
-58,52,-71
-91,73,-68
-123,96,-58
-166,116,-44
-216,135,-27
-262,148,-10
-314,162,6
-361,172,18
-403,169,27
-431,153,34
-447,127,43
-448,115,47
-439,133,55
-421,178,78
-411,230,123
-401,286,190
-406,348,265
-428,413,353
-459,487,459
-509,569,578
-583,657,691
-664,748,799
-740,835,901
-800,924,1004
-849,1012,1106
-899,1084,1209
-951,1118,1300
-989,1114,1358
-985,1062,1370
-955,972,1341
-931,877,1298
-905,792,1268
-914,720,1255
-977,676,1259
-1073,653,1268
-1201,640,1271
-1365,626,1253
-1509,586,1212
-1601,520,1145
-1642,443,1057
-1641,393,952
-1601,361,841
-1535,328,744
-1464,284,670
-1441,235,621
-1452,207,600
-1472,201,598
-1492,217,576
-1503,244,530
-1486,269,459
-1398,310,374
-1226,389,312
-1014,486,279
-831,552,265
-688,571,248
-561,586,213
-438,595,152
-331,584,80
-215,556,8
-90,520,-60
31,481,-130
149,422,-221
257,361,-320
352,308,-414
413,252,-485
398,195,-528
375,154,-541
346,159,-536
311,182,-535
298,203,-521
294,228,-466
332,263,-372
418,321,-241
519,406,-102
594,519,25
633,644,132
679,781,219
732,911,281
785,1029,309
830,1147,308
875,1299,284
1030,1463,194
1172,1482,94
1143,1390,120
1009,1270,202
878,1179,285
777,1129,360
681,1137,393
609,1220,385
618,1334,358
655,1436,320
669,1487,287
673,1490,259
684,1490,242
700,1513,226
722,1557,218
758,1617,215
784,1673,223
786,1724,238
793,1767,266
792,1794,299
765,1798,329
748,1786,358
719,1765,376
679,1746,392
652,1727,408
655,1684,415
662,1651,409
667,1648,401
677,1676,397
683,1704,404
679,1726,417
673,1733,426
664,1720,427
641,1689,440
625,1651,465
610,1607,492
581,1560,508
555,1515,520
536,1465,523
497,1417,528
462,1375,539
449,1337,545
429,1303,538
396,1282,549
361,1280,559
322,1277,566
293,1279,571
287,1280,568
298,1275,570
309,1266,578
304,1264,582
289,1260,578
263,1257,569
220,1259,571
188,1250,578
147,1235,576
92,1212,570
41,1186,567
1,1165,557
-26,1138,558
5,1115,574
54,1103,584
85,1108,587
95,1130,582
96,1143,567
94,1147,552
96,1140,539
106,1150,531
106,1176,529
109,1206,527
111,1232,509
111,1262,500
109,1286,496
107,1293,488
116,1307,474
133,1325,457
138,1327,439
135,1309,414
154,1281,407
189,1258,409
221,1245,414
245,1241,416
245,1251,402
229,1265,371
228,1275,337
221,1286,305
217,1298,287
225,1311,281
238,1338,270
264,1373,251
306,1392,233
358,1413,217
395,1433,202
419,1451,189
425,1467,168
436,1473,141
437,1484,118
428,1491,92
416,1495,66
402,1493,42
395,1478,21
399,1462,2
412,1447,-19
423,1437,-42
440,1438,-63
478,1434,-77
531,1430,-86
595,1429,-85
638,1426,-79
653,1427,-71
648,1433,-69
626,1430,-67
612,1420,-70
599,1415,-73
578,1405,-75
557,1395,-80
553,1373,-93
562,1355,-113
568,1326,-128
582,1300,-141
605,1283,-151
626,1270,-160
649,1250,-177
695,1223,-186
762,1191,-178
834,1170,-174
892,1159,-165
934,1160,-163
955,1175,-157
963,1177,-149
970,1170,-131
988,1169,-110
987,1170,-95
970,1181,-93
966,1196,-105
971,1204,-131
986,1202,-166
1010,1191,-196
1040,1180,-222
1064,1172,-244
1074,1170,-265
1079,1177,-284
1079,1189,-303
1086,1206,-323
1091,1223,-335
1094,1241,-338
1099,1260,-337
1107,1275,-319
1119,1288,-299
1134,1307,-290
1172,1308,-287
1224,1305,-284
1278,1295,-276
1327,1276,-263
1387,1249,-247
1452,1222,-229
1513,1199,-209
1559,1189,-191
1587,1195,-171
1598,1201,-167
1605,1203,-163
1614,1202,-153
1615,1199,-127
1616,1198,-97
1608,1198,-69
1595,1195,-41
1575,1194,-8
1544,1191,34
1510,1189,82
1471,1174,136
1425,1148,182
1380,1118,222
1339,1087,249
1311,1057,272
1285,1032,296
1266,1002,316
1254,959,320
1261,912,319
1276,866,319
1296,822,312
1318,793,299
1326,782,279
1333,775,259
1331,768,244
1339,760,234
1341,762,226
1353,772,220
1366,788,215
1378,799,204
1388,792,196
1386,778,191
1375,758,193
1368,729,200
1358,696,209
1343,654,220
1336,606,231
1340,561,249
1360,525,265
1381,492,280
1397,469,295
1413,455,313
1429,448,336
1439,460,354
1429,484,373
1409,501,396
1384,501,419
1347,482,447
1323,449,483
1310,402,518
1296,342,551
1301,279,572
1310,230,584
1324,187,591
1339,157,599
1355,145,617
1389,142,631
1421,152,640
1449,167,656
1470,187,677
1497,218,692
1502,252,700
1488,269,722
1446,273,751
1398,255,785
1350,232,814
1298,204,835
1240,177,837
1173,156,827
1112,125,822
1055,93,807
1012,74,788
1001,74,776
1037,82,763
1071,113,744
1078,178,705
1107,265,651
1203,354,629
1299,422,626
1339,488,603
1378,576,583
1408,681,575
1412,775,561
1388,851,525
1360,896,488
1328,914,443
1288,927,386
1224,944,319
1152,952,251
1090,934,188
1023,899,132
968,862,83
926,832,40
885,815,-1
853,791,-40
823,764,-72
803,753,-88
775,760,-104
723,776,-133
674,795,-168
628,809,-206
581,814,-246
544,808,-289
526,789,-319
527,763,-342
538,732,-359
550,694,-375
555,663,-390
566,626,-398
580,593,-400
587,571,-405
581,550,-407
568,524,-417
531,498,-433
509,472,-435
497,440,-431
476,413,-428
444,398,-433
419,385,-434
391,360,-423
369,318,-403
351,274,-393
331,241,-378
303,230,-373
285,223,-371
266,219,-374
251,225,-375
242,229,-369
226,228,-365
208,218,-349
186,202,-330
172,188,-309
181,170,-286
192,165,-264
195,163,-240
203,155,-213
194,136,-184
184,116,-156
189,119,-141
193,139,-134
195,160,-126
182,172,-125
171,180,-120
154,177,-118
139,167,-110
128,157,-97
119,130,-87
124,99,-75
132,69,-64
153,42,-43
172,11,-9
189,-17,29
215,-43,68
240,-70,103
263,-90,133
291,-92,159
309,-87,179
326,-63,188
348,-41,194
361,-18,199
375,-4,206
393,0,223
418,5,242
457,-4,264
494,-19,294
515,-29,321
528,-35,345
540,-38,374
552,-35,404
545,-20,424
523,-11,437
496,-17,441
450,-32,453
389,-60,463
334,-97,473
281,-144,487
251,-196,508
246,-243,553
243,-286,596
267,-327,639
315,-361,680
359,-383,705
412,-401,731
452,-414,742
492,-417,749
533,-404,767
565,-372,785
573,-323,788
557,-275,788
521,-238,783
475,-214,774
418,-209,764
358,-225,750
297,-256,742
237,-297,741
198,-343,753
169,-384,765
132,-415,760
102,-440,763
82,-465,762
74,-483,759
74,-493,760
83,-490,762
98,-482,767
112,-463,774
119,-435,778
121,-397,789
88,-335,817
26,-260,826
39,-253,835
75,-283,851
105,-317,873
127,-347,886
135,-366,887
132,-389,883
137,-409,880
161,-432,885
202,-437,882
248,-437,877
292,-422,873
343,-405,880
408,-377,897
455,-340,906
501,-298,906
566,-260,909
634,-238,906
708,-223,892
806,-212,870
891,-215,858
945,-229,857
999,-237,858
1040,-223,853
1049,-213,844
1040,-207,834
1029,-197,823
1017,-186,808
1000,-183,791
973,-196,779
951,-210,765
935,-234,752
904,-261,745
864,-292,727
810,-326,711
746,-369,690
678,-417,668
621,-458,642
592,-483,614
570,-501,590
538,-521,577
517,-539,572
500,-566,572
478,-590,570
457,-607,559
435,-615,544
432,-630,534
451,-644,532
475,-658,526
522,-655,521
566,-626,518
616,-594,518
661,-556,516
695,-516,506
733,-481,493
754,-453,478
761,-438,464
751,-438,452
730,-455,440
711,-462,426
688,-475,414
672,-492,403
655,-512,390
633,-531,382
619,-555,370
613,-576,358
594,-593,351
580,-606,343
568,-619,334
557,-625,323
554,-627,314
550,-638,312
544,-650,307
543,-665,304
557,-678,303
566,-690,305
594,-699,311
612,-706,310
623,-707,309
636,-697,306
648,-681,303
654,-666,296
661,-650,282
647,-625,272
649,-618,269
674,-640,263
669,-660,247
655,-672,229
636,-685,221
610,-688,214
591,-685,210
570,-684,207
539,-688,206
504,-689,204
469,-690,206
429,-688,211
393,-693,220
358,-700,234
334,-700,255
323,-666,279
323,-621,295
310,-602,306
294,-610,314
287,-629,313
283,-632,304
280,-626,301
285,-618,299
289,-608,295
290,-601,285
297,-607,277
293,-617,271
284,-633,272
290,-665,279
324,-699,295
385,-724,325
474,-735,365
558,-738,398
626,-746,414
686,-740,430
730,-730,445
766,-713,459
804,-696,483
841,-674,500
867,-639,513
902,-605,531
951,-576,544
1009,-554,549
1058,-531,542
1096,-520,532
1145,-509,541
1200,-503,565
1265,-498,598
1325,-483,622
1369,-463,619
1387,-422,588
1346,-337,537
1249,-221,481
1147,-144,451
1065,-136,438
983,-162,421
874,-153,412
740,-102,445
621,-35,507
497,42,559
342,122,582
162,146,551
-16,130,480
-141,113,412
-190,72,356
-199,4,283
-194,-84,184
-188,-179,72
-180,-227,-28
-165,-218,-77
-142,-165,-90
-113,-96,-78
-64,-43,-62
4,-11,-51
85,33,-65
200,110,-101
331,191,-136
455,241,-126
536,288,-111
602,346,-126
679,410,-143
769,471,-157
861,529,-165
950,573,-164
1028,599,-150
1097,597,-132
1150,593,-107
1190,590,-83
1212,593,-68
1227,607,-57
1234,630,-41
1225,663,-26
1193,695,-7
1141,723,24
1071,748,58
993,762,80
906,765,86
811,765,84
724,775,75
646,792,63
586,820,45
532,864,30
481,918,14
435,974,-5
390,1020,-21
330,1063,-38
266,1110,-54
196,1175,-75
102,1242,-109
10,1296,-150
-70,1342,-193
-134,1378,-235
-187,1403,-277
-204,1404,-317
-197,1397,-355
-177,1383,-389
-135,1371,-419
-68,1384,-422
19,1377,-410
106,1368,-406
189,1356,-397
269,1338,-380
358,1314,-359
440,1287,-345
502,1252,-341
572,1205,-323
643,1160,-307
683,1112,-294
684,1055,-282
660,990,-278
608,921,-276
540,860,-286
473,805,-299
423,744,-306
386,684,-312
360,623,-309
339,560,-304
328,505,-294
320,470,-277
318,442,-263
318,414,-243
312,390,-218
299,379,-193
280,378,-169
246,379,-154
202,394,-145
161,405,-138
117,428,-133
77,460,-127
47,499,-126
7,547,-130
-27,591,-142
-54,625,-150
-77,641,-163
-92,634,-174
-109,610,-181
-132,580,-178
-163,537,-175
-194,488,-166
-224,444,-158
-256,414,-151
-277,398,-146
-293,389,-135
-302,388,-116
-296,394,-91
-288,416,-72
-276,445,-46
-260,480,-9
-237,515,25
-230,552,59
-218,595,91
-224,654,127
-213,727,166
-184,802,209
-156,879,249
-110,943,270
-54,992,299
3,1039,333
52,1097,358
83,1154,384
86,1204,412
40,1232,440
-71,1230,455
-231,1178,448
-442,1078,428
-655,954,402
-820,832,387
-940,676,414
-1027,488,488
-1089,314,573
-1117,184,652
-1121,119,725
-1115,109,823
-1097,87,857
-1036,54,787
-950,62,703
-850,139,651
-744,259,617
-658,387,596
-625,474,576
-632,493,566
-675,458,555
-734,385,546
-794,304,540
-845,234,540
-874,188,543
-892,159,547
-913,144,540
-926,131,523
-945,127,500
-968,122,478
-956,111,461
-937,104,437
-914,115,399
-883,148,359
-852,201,309
-838,222,248
-861,163,186
-872,74,124
-821,20,74
-722,-1,52
-616,8,40
-536,34,25
-472,79,12
-419,133,-5
-375,184,-24
-324,234,-30
-292,275,-33
-289,306,-39
-295,326,-42
-319,318,-49
-376,283,-54
-442,241,-56
-505,194,-61
-559,148,-71
-620,120,-81
-691,93,-106
-772,79,-143
-853,60,-179
-932,44,-215
-1006,26,-249
-1078,6,-280
-1138,-13,-312
-1182,-26,-336
-1222,-41,-352
-1245,-62,-363
-1258,-80,-371
-1259,-100,-376
-1258,-127,-380
-1245,-154,-384
-1216,-177,-386
-1169,-198,-388
-1100,-217,-386
-1001,-228,-384
-896,-229,-376
-807,-215,-363
-721,-203,-350
-646,-195,-336
-580,-193,-327
-535,-192,-321
-507,-192,-324
-486,-191,-322
-484,-183,-319
-511,-179,-331
-554,-170,-333
-590,-153,-306
-611,-151,-299
-625,-170,-310
-650,-208,-323
-670,-247,-323
-700,-266,-326
-730,-273,-334
-738,-271,-340
-750,-270,-347
-742,-268,-347
-715,-261,-347
-657,-236,-340
-536,-181,-319
-360,-96,-288
-166,-12,-259
26,63,-227
203,119,-198
365,159,-173
506,185,-144
607,199,-110
689,206,-79
750,205,-57
788,201,-38
792,192,-20
752,165,-9
673,111,-11
547,22,-25
385,-104,-39
211,-247,-50
33,-395,-59
-131,-532,-65
-280,-653,-70
-410,-746,-74
-513,-804,-74
-582,-828,-73
-636,-833,-69
-671,-815,-61
-691,-788,-53
-693,-758,-44
-702,-721,-35
-717,-693,-25
-733,-671,-18
-753,-660,-10
-786,-650,-4
-811,-648,11
-831,-651,28
-861,-659,36
-896,-674,40
-937,-697,41
-981,-726,51
-1011,-755,63
-1028,-770,76
-1057,-783,90
-1087,-808,110
-1122,-821,141
-1184,-819,152
-1198,-837,151
-1164,-880,161
-1112,-935,178
-1064,-979,201
-1036,-1003,231
-1033,-1015,263
-1040,-1025,294
-1072,-1039,310
-1137,-1058,322
-1218,-1082,330
-1301,-1097,329
-1387,-1114,325
-1453,-1130,329
-1506,-1136,333
-1541,-1138,340
-1555,-1142,350
-1556,-1154,363
-1545,-1167,377
-1534,-1168,382
-1517,-1166,389
-1491,-1168,403
-1468,-1169,412
-1454,-1163,423
-1442,-1155,428
-1436,-1149,436
-1437,-1145,440
-1444,-1143,445
-1450,-1143,448
-1456,-1149,456
-1466,-1159,465
-1476,-1170,468
-1484,-1184,471
-1497,-1199,472
-1506,-1213,477
-1509,-1222,482
-1512,-1233,485
-1518,-1247,487
-1526,-1250,486
-1527,-1253,483
-1523,-1260,486
-1517,-1268,485
-1507,-1281,487
-1494,-1299,489
-1480,-1322,497
-1466,-1349,499
-1453,-1381,503
-1439,-1418,507
-1421,-1455,514
-1411,-1492,522
-1413,-1523,527
-1420,-1549,532
-1435,-1575,533
-1451,-1600,536
-1468,-1615,537
-1483,-1626,529
-1493,-1630,514
-1503,-1630,498
-1497,-1632,482
-1501,-1639,476
-1492,-1642,477
-1468,-1650,506
-1458,-1661,535
-1458,-1656,555
-1455,-1629,566
-1446,-1596,565
-1426,-1551,564
-1399,-1496,556
-1386,-1451,549
-1387,-1431,538
-1389,-1430,524
-1405,-1443,517
-1427,-1462,520
-1454,-1485,523
-1496,-1505,527
-1565,-1521,532
-1651,-1537,540
-1744,-1534,550
-1841,-1516,566
-1929,-1506,581
-1996,-1510,584
-2044,-1514,577
-2086,-1517,558
-2134,-1525,545
-2186,-1523,539
-2235,-1498,553
-2264,-1450,572
-2254,-1397,593
-2213,-1354,605
-2156,-1325,612
-2089,-1291,613
-2019,-1234,611
-1940,-1162,601
-1871,-1095,591
-1813,-1054,594
-1755,-1031,594
-1707,-1016,591
-1664,-1004,590
-1616,-989,580
-1557,-981,567
-1514,-983,553
-1488,-985,543
-1460,-978,541
-1449,-962,546
-1460,-944,548
-1491,-925,548
-1527,-906,537
-1572,-890,518
-1617,-868,492
-1659,-848,471
-1693,-820,451
-1728,-789,438
-1768,-755,439
-1808,-722,462
-1836,-691,478
-1826,-661,471
-1805,-627,465
-1775,-604,475
-1749,-580,492
-1734,-576,505
-1722,-577,521
-1701,-569,535
-1681,-555,544
-1645,-537,554
-1607,-522,563
-1564,-517,572
-1535,-508,569
-1519,-501,564
-1519,-493,557
-1520,-490,541
-1528,-486,526
-1538,-475,525
-1547,-460,524
-1558,-441,520
-1567,-427,509
-1558,-409,487
-1537,-390,451
-1510,-375,428
-1464,-353,412
-1413,-337,400
-1361,-332,388
-1305,-324,394
-1242,-307,414
-1172,-286,435
-1114,-264,456
-1076,-247,478
-1057,-233,493
-1053,-217,501
-1058,-207,503
-1064,-198,496
-1066,-190,484
-1077,-180,476
-1076,-167,467
-1078,-153,454
-1075,-147,450
-1077,-137,445
-1074,-122,441
-1065,-112,431
-1056,-98,423
-1047,-81,417
-1029,-71,410
-1004,-61,393
-974,-52,379
-950,-45,366
-920,-42,355
-895,-35,343
-869,-30,334
-857,-22,327
-840,-18,317
-834,-13,311
-833,-9,306
-837,-5,298
-842,-2,294
-851,-2,294
-863,1,289
-882,0,277
-891,-11,267
-901,-23,269
-913,-33,274
-914,-26,268
-898,-13,261
-866,-10,251
-838,-12,235
-814,-11,216
-786,-11,202
-765,-9,200
-750,-10,202
-731,-18,193
-712,-22,182
-690,-23,170
-668,-22,158
-653,-33,149
-647,-36,137
-647,-41,127
-656,-42,119
-661,-44,120
-662,-41,123
-655,-37,125
-638,-26,113
-609,-22,95
-576,-22,82
-549,-21,73
-515,-11,70
-473,6,70
-427,7,75
-383,0,76
-333,-14,76
-278,-33,76
-221,-66,68
-182,-86,59
-147,-96,52
-124,-112,46
-123,-124,41
-132,-146,35
-141,-172,28
-157,-195,21
-179,-218,19
-200,-256,15
-226,-290,5
-249,-323,-1
-271,-351,-6
-301,-378,-13
-317,-402,-16
-325,-427,-23
-342,-441,-32
-355,-449,-42
-357,-454,-53
-350,-450,-68
-323,-461,-76
-299,-502,-73
-282,-536,-64
-265,-537,-62
-251,-511,-69
-230,-489,-67
-205,-473,-58
-189,-458,-44
-179,-450,-33
-173,-443,-20
-180,-436,-5
-187,-423,6
-201,-406,17
-213,-386,34
-225,-365,43
-226,-349,48
-238,-338,53
-253,-323,58
-271,-302,61
-292,-278,59
-314,-262,58
-331,-246,56
-345,-229,55
-355,-213,59
-365,-199,55
-354,-185,43
-338,-168,30
-314,-147,13
-295,-131,-7
-276,-125,-30
-262,-123,-49
-259,-119,-60
-259,-108,-79
-262,-83,-93
-267,-70,-103
-265,-59,-111
-253,-53,-123
-240,-52,-129
-223,-46,-114
-207,-41,-95
-198,-35,-81
-193,-14,-73
-182,8,-58
-157,21,-40
-128,27,-28
-116,34,-21
-103,33,-16
-83,27,-6
-61,14,2
-46,5,7
-49,-10,9
-66,-40,10
-87,-51,-13
-91,-25,-28
-77,-12,-12
-73,-17,2
-85,-21,9
-98,-8,12
-115,6,8
-128,25,5
-128,32,6
-124,40,4
-120,43,0
-107,50,-5
-98,57,-17
-86,72,-20
-69,89,-22
-47,111,-14
-23,140,-6
-2,145,-13
13,143,-19
34,151,-20
55,164,-29
69,180,-43
76,188,-61
78,202,-74
71,215,-86
45,218,-93
19,217,-100
3,223,-104
-5,233,-98
-17,236,-86
-29,230,-79
-42,223,-79
-52,215,-80
-50,196,-81
-42,174,-83
-36,149,-89
-32,123,-95
-36,91,-100
-36,62,-102
-39,39,-105
-50,22,-106
-60,8,-103
-63,-6,-101
-53,-24,-93
-46,-37,-88
-22,-48,-83
-4,-55,-83
1,-64,-83
10,-78,-78
31,-96,-60
52,-100,-46
76,-95,-34
103,-84,-30
118,-70,-32
123,-66,-28
125,-90,0
127,-122,42
130,-128,57
134,-111,58
137,-108,64
135,-112,78
139,-115,83
140,-111,76
127,-118,77
137,-132,94
158,-147,120
152,-163,141
145,-184,161
147,-209,185
168,-230,202
191,-241,213
219,-245,226
240,-239,236
244,-240,246
257,-250,263
262,-245,280
270,-230,281
236,-203,254
169,-199,223
135,-203,219
158,-201,246
203,-195,283
233,-195,312
244,-210,324
244,-240,326
259,-256,287
280,-265,254
292,-281,236
300,-284,218
307,-278,207
296,-263,195
273,-262,168
228,-280,130
202,-282,89
221,-258,95
256,-229,122
291,-198,160
349,-171,178
402,-143,168
420,-114,171
422,-83,177
409,-40,186
391,-1,196
371,30,211
338,47,222
294,58,237
263,73,251
237,84,266
217,97,280
202,110,291
182,119,293
176,115,289
185,105,285
182,100,273
181,96,257
197,93,227
215,88,189
247,72,158
288,51,135
316,34,110
326,14,83
332,-7,65
345,-27,45
359,-50,22
377,-74,-3
395,-96,-30
409,-113,-57
428,-130,-77
445,-154,-88
458,-185,-100
463,-212,-106
468,-229,-109
449,-231,-113
427,-235,-117
401,-225,-126
384,-211,-143
368,-202,-157
351,-199,-162
343,-209,-155
338,-222,-145
332,-224,-147
315,-215,-155
307,-217,-163
298,-224,-159
275,-230,-152
242,-230,-146
211,-221,-141
200,-201,-137
196,-190,-134
191,-183,-125
196,-174,-112
191,-167,-93
167,-157,-80
142,-146,-72
130,-141,-62
120,-138,-53
109,-134,-45
100,-122,-35
87,-116,-28
78,-112,-17
76,-111,-7
86,-108,3
90,-108,9
88,-107,10
78,-101,12
76,-88,17
63,-69,23
44,-55,29
30,-39,38
19,-23,51
8,-7,58
-1,8,65
-9,28,70
-14,56,75
-22,76,81
-43,91,88
-60,98,92
-76,98,96
-99,108,102
-118,111,102
-136,111,93
-147,113,86
-156,115,82
-170,105,86
-188,87,97
-198,75,111
-207,73,125
-218,80,137
-228,94,149
-243,103,153
-247,106,154
-244,102,156
-240,95,164
-244,87,165
-243,81,165
-246,71,171
-248,59,177
-242,50,183
-245,28,190
-268,-22,210
-256,-52,217
-250,-48,203
-265,-56,193
-278,-79,191
-283,-108,183
-294,-136,169
-301,-151,150
-293,-148,133
-289,-144,116
-286,-140,102
-282,-113,82
-297,-80,65
-311,-61,50
-320,-36,34
-338,-22,24
-348,-23,22
-357,-20,18
-372,-7,4
-388,-8,-1
-404,-11,-3
-415,-12,-6
-414,-8,-8
-421,1,-14
-428,6,-19
-428,6,-22
-427,4,-27
-429,2,-31
-430,-4,-31
-421,-7,-31
-420,-7,-31
-418,-16,-32
-413,-27,-28
-410,-50,-25
-403,-72,-27
-394,-95,-29
-390,-117,-33
-378,-148,-36
-368,-181,-41
-358,-210,-46
-357,-237,-53
-359,-263,-56
-365,-283,-60
-389,-286,-69
-412,-284,-75
-438,-277,-85
-467,-273,-92
-504,-269,-92
-540,-262,-95
-554,-249,-94
-548,-249,-96
-528,-251,-98
-493,-260,-102
-460,-267,-108
-425,-274,-119
-395,-284,-132
-380,-290,-138
-376,-283,-143
-385,-270,-150
-402,-255,-157
-432,-235,-158
-447,-207,-157
-466,-184,-152
-472,-173,-137
-466,-157,-116
-450,-146,-98
-429,-139,-82
-392,-133,-66
-349,-127,-48
-305,-129,-33
-255,-131,-28
-210,-140,-17
-182,-127,-6
-147,-112,5
-121,-100,15
-109,-97,21
-108,-89,29
-108,-84,33
-99,-90,29
-94,-97,28
-95,-99,24
-108,-100,17
-114,-93,18
-117,-81,25
-124,-68,24
-136,-56,18
-148,-42,14
-150,-22,10
-143,-1,-2
-140,12,-20
-145,25,-31
-149,45,-43
-151,71,-53
-152,100,-55
-142,123,-66
-126,145,-74
-111,168,-82
-105,195,-92
-106,222,-100
-104,234,-106
-96,234,-112
-78,235,-110
-64,233,-86
-66,231,-75
-81,230,-67
-95,226,-52
-84,205,-38
-60,182,-32
-42,171,-29
-28,167,-23
-21,172,-15
-19,167,-7
-2,164,-4
11,159,-1
22,152,0
40,146,0
58,139,-2
71,130,-3
82,125,-4
95,124,-4
116,121,-9
128,120,-12
139,122,-10
151,122,-13
152,121,-18
148,126,-21
153,133,-30
154,138,-37
161,144,-52
164,142,-72
152,139,-111
167,137,-134
196,118,-124
235,123,-103
259,172,-84
256,231,-74
245,278,-69
231,308,-62
233,329,-49
234,347,-49
248,357,-47
268,361,-48
285,363,-48
286,365,-45
283,363,-43
282,363,-42
283,367,-39
281,363,-36
269,361,-35
259,360,-35
267,358,-30
266,352,-25
257,345,-21
247,336,-17
237,329,-7
230,326,0
229,323,8
233,328,17
238,334,24
239,341,36
243,348,50
249,357,62
250,366,65
254,378,74
259,390,85
259,403,87
253,415,92
251,425,98
245,432,104
233,439,106
226,446,105
222,448,104
222,435,108
212,436,123
196,455,128
183,472,115
185,472,109
192,458,114
193,447,118
187,438,121
182,429,125
177,422,125
175,423,124
162,414,120
149,409,118
132,394,115
119,375,110
105,356,105
90,342,101
77,329,95
73,322,88
69,319,88
57,316,89
46,310,92
38,310,98
34,321,105
19,332,104
1,326,94
-8,316,99
-16,308,105
-26,304,102
-37,306,104
-39,305,113
-41,305,117
-37,302,119
-37,294,127
-49,277,132
-56,255,138
-67,233,145
-74,210,152
-66,190,157
-61,178,163
-55,168,171
-40,163,178
-44,159,179
-62,157,170
-85,128,152
-98,98,144
-118,76,154
-139,58,157
-152,50,166
-164,49,180
-180,45,199
-202,32,211
-228,34,225
-250,24,261
-281,-6,273
-331,-37,259
-375,-34,258
-427,-41,256
-483,-65,278
-547,-73,313
-631,-60,315
-714,-68,281
-770,-85,274
-816,-72,358
-884,-111,413
-928,-162,447
-936,-194,459
-911,-218,456
-916,-233,470
-961,-257,475
-984,-305,454
-976,-353,411
-948,-374,389
-905,-340,405
-885,-284,405
-908,-270,380
-921,-257,356
-909,-222,345
-859,-168,346
-812,-126,373
-803,-115,397
-807,-101,410
-784,-76,420
-751,-59,424
-747,-65,406
-756,-73,366
-737,-83,332
-733,-93,316
-743,-95,306
-754,-92,304
-756,-72,310
-735,-39,314
-677,-1,306
-622,47,289
-577,66,278
-541,63,262
-505,65,235
-465,49,201
-389,27,158
-291,6,126
-233,-7,109
-174,-13,92
-100,-22,74
-19,-41,61
54,-36,51
130,-22,33
192,-19,25
243,-12,14
298,-4,-3
332,-6,-11
352,-6,-11
365,-8,-15
379,-15,-20
386,-26,-34
394,-28,-54
393,-18,-85
391,13,-115
380,51,-143
357,91,-187
345,120,-238
332,129,-281
302,125,-330
286,111,-372
273,90,-400
250,71,-427
264,57,-460
309,58,-487
360,62,-523
396,64,-560
426,60,-609
460,72,-644
496,81,-688
515,78,-732
508,60,-768
507,48,-751
511,37,-701
512,26,-622
502,14,-533
501,21,-471
512,50,-442
501,88,-432
478,114,-430
452,126,-428
433,117,-405
402,111,-354
344,103,-310
289,98,-277
232,108,-241
171,112,-211
111,109,-195
54,103,-188
3,97,-185
-42,102,-183
-93,121,-178
-164,153,-172
-254,195,-167
-347,238,-156
-437,279,-140
-517,311,-129
-577,330,-120
-620,348,-110
-651,365,-94
-668,363,-86
-680,351,-73
-696,334,-59
-713,322,-63
-721,305,-72
-711,288,-78
-685,280,-79
-665,274,-81
-670,261,-90
-695,233,-105
-693,205,-111
-677,192,-107
-658,192,-104
-654,195,-104
-651,185,-94
-655,175,-81
-667,171,-73
-667,162,-61
-676,161,-46
-665,158,-17
-636,154,-1
-607,148,5
-570,140,5
-537,125,-6
-509,111,-18
-482,94,-27
-457,77,-26
-441,59,-24
-428,46,-23
-413,29,-32
-382,14,-44
-353,-3,-50
-332,-13,-61
-298,-32,-70
-261,-54,-81
-228,-71,-94
-202,-93,-106
-180,-114,-113
-163,-131,-113
-163,-142,-118
-171,-144,-123
-187,-143,-128
-209,-138,-132
-232,-124,-142
-240,-111,-152
-242,-97,-156
-229,-93,-165
-203,-97,-177
-159,-115,-189
-121,-138,-196
-88,-168,-203
-67,-187,-213
-61,-207,-229
-54,-226,-250
-50,-231,-275
-61,-223,-298
-73,-198,-319
-84,-166,-334
-88,-123,-343
-97,-100,-346
-100,-83,-343
-94,-71,-328
-90,-57,-313
-79,-42,-304
-59,-54,-308
-41,-73,-315
-25,-75,-317
-17,-69,-313
-24,-64,-310
-55,-51,-306
-80,-42,-301
-102,-57,-313
-117,-67,-307
-130,-76,-284
-148,-100,-254
-175,-126,-219
-220,-145,-174
-276,-150,-126
-341,-135,-100
-393,-105,-108
-431,-72,-144
-456,-42,-202
-473,-4,-266
-474,33,-332
-475,66,-401
-466,88,-473
-448,100,-535
-432,113,-583
-422,124,-623
-421,137,-652
-431,155,-679
-439,171,-704
-443,190,-721
-450,215,-713
-450,240,-698
-446,262,-680
-433,291,-656
-404,327,-628
-369,378,-580
-315,427,-518
-239,450,-465
-149,437,-425
-76,431,-394
-37,453,-362
-20,505,-323
-20,569,-284
-32,629,-245
-43,688,-200
-54,739,-158
-62,776,-121
-81,800,-89
-108,825,-71
-143,838,-53
-186,848,-47
-223,873,-41
-228,904,-18
-222,939,1
-229,962,25
-243,992,57
-275,1024,85
-304,1063,110
-328,1099,135
-340,1127,151
-343,1148,158
-354,1161,168
-359,1174,184
-348,1189,193
-321,1197,183
-282,1192,153
-231,1168,118
-179,1139,97
-113,1088,90
-27,1005,95
92,877,117
269,681,171
483,406,273
682,85,398
789,-182,512
779,-357,603
687,-414,652
552,-372,656
417,-290,627
300,-192,574
220,-82,518
189,34,465
195,141,421
220,224,385
243,276,353
252,290,341
233,272,363
180,241,425
118,175,514
67,84,598
47,24,641
26,10,648
-7,10,646
-40,9,649
-69,-6,652
-99,-40,652
-132,-86,637
-176,-143,609
-216,-201,573
-208,-265,528
-132,-358,485
-39,-451,469
38,-539,486
114,-597,514
226,-643,537
364,-682,554
491,-724,575
614,-790,604
719,-871,622
789,-940,629
836,-990,623
859,-1020,603
867,-1022,576
885,-1017,532
916,-1027,470
931,-1067,390
937,-1132,303
923,-1209,234
904,-1280,175
873,-1335,118
844,-1376,76
811,-1398,46
755,-1403,40
693,-1375,48
635,-1307,80
579,-1209,126
518,-1104,167
461,-1006,204
402,-902,232
346,-772,246
315,-679,277
272,-573,305
254,-491,330
280,-386,324
324,-204,294
302,-37,286
195,110,259
6,220,221
-199,273,146
-360,303,65
-462,287,-2
-541,255,-49
-686,276,-91
-896,341,-144
-1170,384,-194
-1542,381,-250
-1980,279,-284
-2434,141,-260
-2785,-41,-175
-3090,-147,-78
-3368,-162,16
-3590,-74,101
-3675,77,161
-3626,206,216
-3446,256,317
-3098,240,440
-2613,154,586
-2079,62,767
-1492,-32,944
-937,-110,1082
-494,-188,1171
-283,-254,1208
-193,-359,1154
-184,-430,1099
-223,-357,981
-228,-272,809
-294,-210,672
-346,-96,578
-263,69,486
-59,215,353
114,283,291
260,285,299
411,264,304
550,209,296
618,155,273
617,109,243
596,58,184
546,63,47
272,294,-196
-182,626,-353
-468,749,-261
-493,575,-38
-389,294,181
-274,79,340
-166,-65,415
-52,-158,431
91,-194,397
261,-176,317
366,-113,222
442,-43,124
492,0,78
512,18,85
495,18,109
452,-14,143
393,-66,182
334,-120,228
268,-177,260
216,-236,270
196,-303,267
203,-341,264
171,-324,256
119,-291,248
75,-248,236
62,-177,206
60,-70,153
25,60,83
-14,187,9
-52,331,-72
-112,397,-122
-126,409,-145
