1008.768922268302,30.7166078710556
1008.765062617826,30.71815222501755
1008.668998446566,30.71600355863571
1008.736857464701,30.71835366249085
1008.709121594695,30.72063662052155
1008.758425287338,30.71727932929993
1008.736661860185,30.72124093294144
1008.748150032718,30.7217780995369
1008.796058946346,30.72372532844544
1008.753692018795,30.72325530767441
1008.68352368327,30.72466536998749
1008.738239678714,30.72197953701019
1008.76515419472,30.72526968240738
1008.757421456483,30.72500109910965
1008.699314783591,30.72721691131592
1008.75507421511,30.72688118219376
1008.687162038932,30.72338959932327
1008.746285073492,30.72909699440002
1008.809008042533,30.72755264043808
1008.705743490855,30.72761978626251
1008.66531916325,30.72768693208694
1008.73567047341,30.7282240986824
1008.695167002241,30.73272286891937
1008.723568500309,30.73373005628586
1008.723047362621,30.73050705671311
1008.762115566605,30.73352861881256
1008.770030859268,30.73574443101883
1008.618543119023,30.731111369133
1008.766927288339,30.73540870189667
1008.740377106438,30.73601301431656
1008.701087164843,30.73326003551483
1008.742985211464,30.73574443101883
1008.707332930334,30.73581157684326
1008.709183299107,30.74151897192001
1008.754630242537,30.73561013936996
1008.626469476523,30.73668447256088
1008.751369547859,30.7400417637825
1008.724362342166,30.74192184686661
1008.724545392456,30.73977318048477
1008.691983066039,30.74091465950012
1008.692491684287,30.74078036785126
1008.689374888823,30.74118324279785
1008.741718386249,30.74595059633255
1008.774763288781,30.74615203380585
1008.695307103268,30.74507770061493
1008.719379914697,30.74554772138596
1008.649483011834,30.74373478412628
1008.712194091627,30.74702492952347
1008.711803594648,30.7446076798439
1008.661870410323,30.74655490875244
1008.689750614592,30.74843499183655
1008.776158130024,30.74903930425644
1008.607737514951,30.74877072095871
1008.641564640838,30.74971076250076
1008.716795652778,30.75253088712692
1008.719352128533,30.75112082481384
1008.714305646782,30.75024792909622
1008.722859423304,30.75313519954682
1008.690062535362,30.75118797063827
1008.6791457341,30.75501528263092
1008.675665380445,30.75152369976044
1008.688573149092,30.75756682395935
1008.698954690922,30.75535101175308
1008.653062564746,30.75770111560821
1008.690881244655,30.75790255308151
1008.66781178373,30.75790255308151
1008.674787619119,30.76005121946335
1008.606387941481,30.75931261539459
1008.747543555231,30.75984978199005
1008.638768155714,30.76031980276108
1008.606009132373,30.76025265693665
1008.687578589271,30.76454998970032
1008.64393096976,30.76273705244064
1008.624484330297,30.76629578113556
1008.634344353496,30.76495286464691
1008.678603807066,30.76891446828842
1008.659735732987,30.76454998970032
1008.578112190797,30.76320707321167
1008.562983917963,30.76394567728043
1008.602843297094,30.75541815757752
1008.619928168694,30.72244955778122
1008.645135479858,30.67914050102234
1008.57375457574,30.64274746417999
1008.623922051104,30.61783636331558
1008.585124003009,30.59930411577225
1008.586358695481,30.59467105388642
1008.628164988387,30.5933952832222
1008.566253590104,30.59084374189377
1008.580561609844,30.59977413654327
1008.612626672589,30.61031603097916
1008.591928054644,30.61588913440705
1008.621763141032,30.6257595705986
1008.591089450342,30.63113123655319
1008.606438056536,30.63831583976746
1008.499803739102,30.63791296482086
1008.588630968391,30.64375465154648
1008.585790636619,30.64912631750107
1008.623665892842,30.64973062992096
1008.603719193809,30.65342365026474
1008.643669926002,30.65946677446365
1008.540107970394,30.66087683677673
1008.6040101538,30.6699415230751
1008.467106069423,30.67175446033478
1008.583266673044,30.67773043870926
1008.599956631184,30.68666083335877
1008.556328204849,30.68820518732071
1008.571844046387,30.69397972822189
1008.566497420252,30.69780704021454
1008.542060942518,30.70163435220718
1008.59024091811,30.70445447683335
1008.561096656806,30.70868466377258
1008.570354781143,30.70855037212372
1008.601309917974,30.7122433924675
1008.57121413556,30.71304914236069
1008.566114949882,30.71513066291809
1008.560885567807,30.71640643358231
1008.605964493928,30.71479493379593
1008.576572339213,30.71667501688004
1008.606445522785,30.72023374557495
1008.482671624018,30.71889082908631
1008.542118734647,30.72251670360565
1008.543591074623,30.72506824493408
1008.586049634089,30.72446393251419
1008.587613877503,30.7259411406517
1008.552847630046,30.72902984857559
1008.572825598987,30.72795551538468
1008.630409836942,30.7307084941864
1008.517114999335,30.73352861881256
1008.538448916576,30.73346147298813
1008.613625373271,30.73514011859894
1008.564293476298,30.73587872266769
1008.540532637336,30.73816168069839
1008.577789476915,30.73735593080521
1008.627915282318,30.74071322202683
1008.569702649044,30.74064607620239
1008.630118177953,30.74286188840866
1008.556607398701,30.74494340896607
1008.585858532295,30.74299618005752
1008.593120874453,30.74527913808823
1008.547792218183,30.74454053401947
1008.55526530682,30.74319761753082
1008.578242131359,30.74427195072174
1008.567065006927,30.74648776292801
1008.613110931913,30.74756209611893
1008.508967854819,30.74796497106552
1008.565655385857,30.74843499183655
1008.578250622691,30.75172513723373
1008.559537735543,30.75078509569168
1008.555338426425,30.75105367898941
1008.57535272936,30.75595532417297
1008.603546829085,30.75649249076843
1008.576554129018,30.75353807449341
1008.544601607573,30.75682821989059
1008.586005276595,30.7587083029747
1008.576145324187,30.76005121946335
1008.621762269707,30.76092411518097
1008.610690153786,30.76132699012756
1008.571044727336,30.76213274002075
1008.611564126419,30.7609912610054
1008.571160916185,30.7636770939827
1008.614664915312,30.76542288541794
1008.624589876964,30.76448284387589
1008.620311972309,30.76508715629578
1008.604780608798,30.76414711475372
1008.634788098146,30.76441569805145
1008.604582922101,30.76703438520432
1008.578552855807,30.76676580190659
1008.638933454471,30.76710153102875
1008.631002595822,30.76972021818161
1008.561976809245,30.76757155179978
1008.589413686163,30.76998880147934
1008.577050693477,30.76978736400604
1008.671103337311,30.77173459291458
1008.571024547932,30.77106313467026
1008.585552214433,30.77153315544128
1008.602698766932,30.7750918841362
1008.63007124169,30.77710625886917
1008.521032340601,30.77596477985382
1008.566025909992,30.77542761325836
1008.583851847045,30.77744198799134
1008.590294644061,30.77710625886917
1008.646972144219,30.77831488370896
1008.567237925169,30.77636765480041
1008.61016929918,30.77784486293793
1008.638494473912,30.77918777942658
1008.632468264095,30.78046355009079
1008.620914170411,30.77952350854874
1008.641075774049,30.78039640426636
1008.606775445104,30.78147073745728
1008.626063022782,30.78267936229706
1008.583742196356,30.78335082054138
1008.634291602304,30.78355225801468
1008.655405943523,30.78375369548798
1008.651035644896,30.78543234109879
1008.500575594723,30.78314938306809
1008.617974353632,30.78596950769424
1008.643691367449,30.78758100748062
1008.639413142602,30.78818531990051
1008.6016843339,30.7869095492363
1008.595357292484,30.78878963232041
