3701,1312,-319
3701,1305,-321
3704,1303,-325
3713,1306,-329
3712,1307,-333
3709,1313,-332
3704,1321,-333
3695,1327,-337
3695,1332,-342
3701,1330,-343
3715,1323,-344
3721,1305,-350
3727,1282,-359
3734,1257,-368
3740,1229,-374
3744,1198,-377
3751,1162,-380
3758,1124,-378
3764,1087,-374
3779,1051,-374
3806,1016,-372
3832,975,-374
3871,936,-383
3926,901,-397
3985,873,-415
4046,846,-438
4125,828,-467
4242,808,-513
4399,780,-572
4599,748,-661
4819,709,-763
5010,667,-869
5126,614,-965
5163,555,-1035
5122,517,-1071
5016,495,-1097
4897,490,-1132
4793,478,-1197
4709,445,-1299
4639,388,-1424
4596,310,-1558
4574,219,-1686
4579,107,-1791
4636,-15,-1871
4688,-124,-1920
4730,-214,-1943
4769,-294,-1945
4815,-318,-1906
4823,-333,-1868
4812,-328,-1833
4771,-308,-1806
4692,-292,-1800
4597,-263,-1789
4465,-239,-1766
4338,-190,-1732
4229,-138,-1685
4155,-97,-1642
4096,-81,-1619
4057,-76,-1597
4058,-72,-1560
4055,-53,-1521
4059,-33,-1486
4063,-22,-1459
4057,-18,-1438
4035,-23,-1434
3997,-32,-1438
3956,-39,-1440
3894,-45,-1436
3834,-56,-1427
3792,-83,-1427
3771,-127,-1434
3759,-177,-1433
3754,-230,-1423
3750,-275,-1406
3755,-308,-1379
3759,-336,-1345
3763,-343,-1304
3764,-340,-1262
3760,-330,-1223
3745,-312,-1192
3716,-299,-1173
3674,-291,-1163
3627,-288,-1161
3584,-289,-1162
3542,-300,-1156
3511,-319,-1151
3484,-344,-1140
3466,-382,-1137
3451,-424,-1135
3445,-464,-1127
3449,-503,-1116
3465,-542,-1101
3471,-585,-1086
3471,-622,-1073
3468,-656,-1059
3463,-691,-1046
3463,-716,-1035
3476,-737,-1018
3486,-752,-1003
3494,-771,-986
3495,-785,-966
3496,-787,-941
3494,-779,-915
3498,-766,-885
3501,-741,-857
3499,-703,-831
3499,-665,-808
3513,-618,-780
3536,-567,-754
3555,-506,-723
3574,-447,-700
3589,-391,-671
3598,-338,-654
3597,-285,-639
3597,-240,-633
3587,-196,-628
3587,-158,-621
3589,-128,-615
3597,-96,-614
3603,-68,-608
3627,-45,-603
3651,-30,-601
3664,-22,-594
3675,-20,-597
3682,-17,-604
3687,-9,-618
3680,-5,-626
3674,3,-633
3658,17,-640
3648,32,-646
3641,42,-658
3642,56,-665
3647,65,-668
3653,68,-667
3665,67,-662
3680,64,-651
3691,61,-629
3699,61,-608
3707,64,-584
3704,67,-554
3704,72,-524
3709,71,-495
3717,71,-467
3722,67,-447
3727,63,-428
3739,56,-413
3740,53,-398
3736,49,-383
3722,58,-368
3701,60,-352
3686,64,-344
3679,60,-343
3676,52,-349
3684,39,-350
3693,35,-343
3713,38,-330
3730,43,-318
3746,44,-311
3756,41,-300
3775,35,-288
3790,31,-277
3807,20,-273
3821,8,-272
3847,-1,-270
3870,-7,-267
3879,-12,-269
3883,-27,-285
3886,-60,-303
3894,-99,-330
3901,-141,-359
3906,-179,-391
3905,-218,-420
3916,-252,-444
3932,-288,-457
3951,-311,-463
3966,-331,-457
3977,-346,-448
3993,-356,-424
4012,-358,-400
4040,-356,-366
4065,-347,-343
4084,-335,-317
4107,-317,-296
4126,-294,-272
4145,-265,-252
4173,-233,-226
4207,-193,-195
4247,-156,-150
4295,-121,-99
4353,-79,-48
4415,-41,5
4484,-11,63
4558,17,113
4641,45,153
4713,70,175
4776,94,188
4853,106,192
4954,109,187
5070,105,168
5218,91,134
5414,72,92
5643,49,52
5859,31,1
6017,18,-68
6062,5,-149
5927,-15,-226
5622,-44,-309
5249,-109,-419
4856,-202,-568
4510,-317,-730
4294,-437,-874
4232,-543,-973
4298,-632,-1051
4394,-675,-1109
4501,-670,-1151
4602,-619,-1181
4702,-528,-1193
4788,-393,-1185
4849,-240,-1169
4905,-70,-1134
4952,111,-1087
4960,290,-1036
4944,458,-981
4891,607,-933
4802,744,-888
4707,848,-857
4579,925,-843
4439,989,-838
4301,1035,-849
4153,1083,-868
3975,1129,-902
3778,1175,-947
3579,1215,-988
3397,1248,-1044
3223,1269,-1131
3079,1281,-1220
3001,1291,-1299
2970,1307,-1382
2974,1302,-1448
3033,1294,-1476
3098,1253,-1498
3136,1140,-1517
3178,952,-1494
3259,752,-1467
3369,614,-1527
3467,543,-1664
3556,526,-1818
3633,539,-1953
3682,574,-2066
3710,632,-2158
3723,704,-2222
3728,776,-2260
3718,852,-2267
3675,942,-2226
3632,1067,-2108
3578,1250,-1905
3549,1447,-1610
3592,1565,-1287
3711,1546,-1004
3873,1399,-814
4032,1169,-725
4135,927,-708
4157,703,-739
4112,515,-789
3988,381,-846
3833,288,-905
3649,240,-945
3478,228,-981
3337,265,-987
3230,335,-967
3172,436,-933
3141,546,-902
3136,652,-885
3171,740,-883
3176,817,-893
3161,877,-908
3150,922,-925
3134,941,-941
3125,945,-953
3128,935,-948
3157,920,-940
3208,898,-923
3264,886,-891
3322,873,-861
3377,872,-821
3425,879,-787
3457,895,-765
3485,919,-753
3494,954,-745
3482,991,-744
3459,1026,-753
3433,1053,-765
3408,1068,-781
3392,1077,-787
3381,1078,-789
3358,1061,-794
3320,1030,-796
3280,997,-785
3273,969,-755
3298,952,-717
3344,933,-684
3398,913,-654
3445,885,-634
3475,861,-623
3499,845,-612
3521,834,-604
3536,835,-597
3537,839,-587
3535,856,-580
3531,877,-564
3527,902,-539
3528,929,-510
3526,955,-479
3533,976,-449
3542,989,-425
3558,1002,-400
3580,998,-372
3588,995,-349
3577,990,-330
3561,981,-312
3534,968,-304
3509,940,-300
3493,925,-306
3487,914,-319
3500,902,-335
3519,891,-353
3535,887,-373
3541,889,-387
3538,892,-407
3533,902,-431
3547,928,-466
3576,957,-509
3619,985,-549
3670,1012,-575
3727,1037,-596
3783,1062,-607
3846,1078,-603
3897,1096,-603
3949,1101,-603
3995,1088,-608
4030,1068,-621
4066,1046,-641
4106,1030,-664
4160,1015,-695
4212,998,-727
4274,986,-751
4345,975,-771
4416,962,-778
4482,943,-774
4538,921,-757
4583,905,-731
4613,889,-688
4633,876,-626
4650,858,-547
4664,835,-462
4677,816,-362
4710,799,-253
4763,781,-154
4846,764,-69
4984,740,-12
5214,692,4
5563,634,-30
6017,579,-103
6519,529,-195
6986,508,-288
7332,509,-332
7431,525,-305
7169,553,-243
6623,553,-236
5967,518,-330
5376,437,-537
4963,319,-821
4760,204,-1132
4707,130,-1405
4670,79,-1616
4621,23,-1753
4576,-56,-1832
4527,-153,-1871
4491,-271,-1889
4481,-416,-1885
4470,-575,-1858
4426,-715,-1779
4393,-843,-1650
4370,-950,-1495
4366,-1016,-1306
4398,-1055,-1126
4445,-1083,-951
4461,-1105,-795
4406,-1100,-668
4289,-1085,-582
4104,-1061,-540
3864,-1024,-532
3616,-1002,-553
3392,-993,-599
3201,-985,-652
3047,-982,-717
2924,-961,-777
2824,-936,-843
2754,-902,-906
2710,-853,-967
2675,-788,-1025
2654,-714,-1079
2642,-620,-1122
2657,-514,-1163
2692,-409,-1210
2729,-311,-1250
2760,-218,-1287
2795,-140,-1320
2833,-67,-1342
2877,-5,-1351
2920,60,-1343
2959,129,-1318
3010,187,-1288
3079,229,-1243
3154,256,-1190
3240,275,-1110
3354,291,-994
3458,311,-869
3559,324,-737
3651,333,-608
3712,348,-496
3758,362,-400
3781,374,-324
3770,372,-269
3751,370,-233
3720,355,-213
3686,334,-210
3658,295,-216
3639,245,-231
3628,186,-251
3621,118,-276
3630,45,-303
3651,-24,-323
3684,-93,-329
3718,-161,-321
3751,-225,-309
3780,-300,-289
3803,-375,-268
3812,-455,-247
3804,-537,-230
3790,-616,-213
3768,-693,-208
3742,-766,-206
3713,-830,-202
3676,-883,-197
3636,-920,-193
3607,-945,-190
3590,-956,-189
3582,-952,-181
3580,-933,-170
3572,-895,-162
3566,-852,-162
3560,-808,-166
3549,-763,-179
3541,-720,-190
3536,-683,-202
3530,-644,-208
3519,-598,-207
3516,-553,-199
3522,-513,-187
3538,-477,-168
3562,-436,-149
3580,-395,-122
3600,-353,-97
3617,-314,-73
3636,-274,-49
3658,-235,-29
3677,-198,-6
3695,-163,11
3718,-138,29
3728,-119,43
3724,-110,60
3703,-109,71
3664,-120,82
3618,-134,88
3569,-160,85
3532,-190,87
3508,-231,84
3504,-272,86
3513,-312,89
3538,-343,91
3576,-368,95
3611,-389,95
3647,-402,104
3688,-407,108
3726,-410,111
3756,-410,108
3786,-414,104
3814,-412,95
3837,-405,79
3848,-402,61
3856,-404,33
3864,-404,0
3867,-408,-30
3870,-412,-67
3881,-415,-98
3897,-413,-126
3910,-410,-148
3920,-402,-159
3923,-390,-160
3920,-383,-156
3916,-376,-149
3912,-374,-146
3920,-365,-147
3937,-357,-153
3967,-344,-167
4008,-330,-180
4047,-321,-189
4076,-297,-200
4102,-267,-209
4126,-233,-211
4147,-201,-210
4171,-170,-205
4195,-140,-198
4221,-113,-182
4254,-84,-161
4289,-53,-129
4326,-29,-76
4362,-1,-22
4390,22,46
4418,47,119
4446,68,192
4480,85,261
4523,97,333
4581,101,403
4632,105,464
4677,105,522
4726,103,576
4775,100,621
4836,92,653
4903,91,684
4971,99,702
5046,98,712
5151,87,707
5261,85,694
5413,84,663
5628,90,619
5899,93,574
6159,83,523
6365,72,493
6417,40,483
6324,-24,466
6024,-102,395
5614,-191,249
5178,-275,61
4780,-340,-153
4468,-377,-362
4419,-444,-574
4456,-469,-783
4500,-430,-984
4544,-326,-1188
4592,-176,-1365
4631,3,-1505
4623,206,-1608
4609,389,-1706
4550,569,-1772
4475,732,-1810
4375,881,-1812
4288,1032,-1779
4189,1177,-1717
4066,1291,-1635
3941,1359,-1529
3834,1395,-1405
3758,1435,-1257
3702,1473,-1111
3661,1519,-974
3653,1581,-849
3673,1638,-763
3703,1695,-713
3729,1743,-690
3736,1783,-701
3719,1810,-751
3678,1840,-789
3612,1872,-809
3539,1911,-813
3465,1954,-806
3404,1983,-792
3360,1992,-777
3323,1984,-765
3296,1957,-751
3269,1907,-729
3256,1818,-713
3310,1731,-682
3394,1632,-625
3493,1512,-559
3583,1401,-498
3648,1294,-454
3684,1184,-430
3703,1073,-430
3700,962,-444
3696,851,-463
3686,757,-481
3674,661,-506
3652,565,-528
3621,471,-553
3585,383,-575
3540,290,-595
3491,200,-620
3447,126,-636
3419,61,-647
3383,11,-654
3332,-11,-656
3279,-7,-648
3223,8,-633
3173,37,-617
3183,121,-568
3172,231,-518
3128,338,-476
3076,433,-442
3033,518,-419
3016,599,-396
3019,675,-373
3044,751,-351
3076,824,-321
3115,902,-282
3159,981,-238
3215,1066,-192
3260,1149,-153
3291,1224,-131
3294,1289,-125
3281,1329,-135
3262,1353,-148
3241,1369,-157
3226,1374,-162
3213,1363,-168
3208,1346,-167
3207,1329,-160
3204,1293,-153
3203,1264,-136
3211,1240,-112
3224,1219,-86
3242,1184,-60
3259,1144,-30
3282,1103,1
3314,1049,26
3343,984,46
3363,907,48
3382,827,43
3399,754,27
3415,679,12
3432,621,-3
3450,577,-7
3465,554,-2
3484,546,5
3501,544,19
3517,556,39
3537,566,66
3550,581,98
3572,599,128
3594,609,158
3612,618,184
3629,623,200
3647,623,210
3664,623,207
3654,629,205
3618,633,202
3558,638,192
3481,646,172
3393,667,145
3310,691,116
3249,716,92
3208,743,81
3203,767,72
3243,784,62
3318,795,62
3429,800,70
3563,817,90
3728,837,103
3889,843,98
4022,853,87
4175,856,85
4351,836,63
4528,811,58
4699,784,82
4834,750,131
4938,718,192
5009,693,262
5042,660,317
5039,626,364
5037,593,405
5031,558,432
5009,515,448
4975,472,450
4967,426,437
4972,385,419
4980,355,407
4996,344,389
5056,333,375
5166,324,353
5316,327,329
5502,359,296
5717,427,275
5916,524,268
6024,613,239
5982,683,195
5811,758,144
5533,853,94
5198,961,44
4884,1078,-35
4704,1167,-164
4658,1205,-352
4725,1164,-586
4860,1038,-835
5004,848,-1067
5126,625,-1253
5202,391,-1360
5212,180,-1377
5170,5,-1320
5135,-128,-1214
5102,-217,-1069
5069,-272,-917
5026,-322,-793
4921,-349,-714
4778,-365,-682
4619,-388,-693
4452,-431,-741
4295,-467,-824
4169,-491,-914
4080,-503,-1014
4036,-516,-1112
4063,-535,-1216
4112,-534,-1323
4190,-553,-1421
4254,-597,-1528
4276,-618,-1625
4247,-616,-1696
4184,-640,-1734
4101,-658,-1747
4001,-667,-1736
3912,-669,-1714
3842,-647,-1683
3794,-594,-1650
3772,-524,-1617
3764,-447,-1589
3762,-366,-1549
3777,-257,-1494
3830,-135,-1422
3867,-11,-1347
3902,105,-1273
3935,201,-1204
3974,269,-1138
4010,335,-1072
4038,393,-994
4054,441,-912
4054,480,-826
4043,499,-732
4027,507,-642
4001,490,-570
3956,452,-530
3910,444,-492
3846,438,-468
3758,426,-465
3665,415,-472
3577,410,-465
3502,411,-449
3428,413,-429
3358,395,-407
3290,377,-385
3233,354,-359
3185,329,-325
3145,302,-298
3113,269,-278
3078,238,-261
3054,202,-241
3027,168,-224
2997,124,-208
2972,81,-188
2956,41,-159
2940,11,-119
2933,-24,-82
2938,-62,-43
2945,-109,-13
2959,-148,6
2967,-176,23
2975,-199,32
2973,-229,33
2976,-257,23
2971,-286,6
2968,-301,-10
2963,-313,-26
2955,-310,-45
2951,-299,-65
2989,-260,-75
3032,-212,-90
3061,-156,-110
3083,-100,-123
3096,-42,-143
3104,11,-152
3112,57,-163
3122,96,-172
3132,127,-177
3149,144,-179
3176,158,-172
3210,163,-162
3254,168,-148
3304,174,-124
3348,179,-91
3377,181,-64
3400,173,-31
3398,160,1
3380,147,37
3344,129,66
3311,112,92
3275,101,114
3259,103,140
3258,105,158
3276,106,178
3309,98,198
3346,87,230
3380,84,262
3423,76,284
3485,66,291
3552,56,283
3620,41,270
3679,25,248
3726,8,224
3765,-4,193
3793,-12,160
3814,-13,121
3843,-10,81
3875,-5,44
3927,8,13
3993,26,0
4072,51,3
4160,76,14
4251,112,29
4352,150,42
4448,185,49
4546,218,58
4644,243,48
4733,268,31
4818,289,14
4867,319,-15
4900,356,-50
4946,394,-80
5039,443,-81
5200,507,-47
5439,588,-1
5766,682,67
6183,779,143
6640,863,210
7056,904,262
7330,893,274
7380,813,238
7171,692,135
6766,561,-54
6279,460,-312
5807,414,-584
5493,456,-819
5325,508,-1028
5105,575,-1227
4898,672,-1397
4708,788,-1541
4552,916,-1649
4427,1061,-1722
4297,1204,-1794
4222,1374,-1850
4165,1528,-1876
4135,1653,-1827
4088,1732,-1750
4035,1775,-1647
3973,1827,-1494
3896,1877,-1310
3828,1933,-1103
3773,1965,-903
3746,2001,-720
3764,2032,-577
3793,2058,-498
3820,2068,-490
3820,2044,-552
3792,2008,-635
3735,1990,-722
3628,2018,-774
3490,2050,-814
3383,2075,-830
3322,2092,-820
3304,2091,-783
3315,2076,-719
3350,2034,-635
3410,1960,-551
3488,1859,-485
3564,1722,-443
3632,1572,-420
3676,1415,-432
3701,1274,-462
3701,1151,-506
3668,1030,-564
3615,908,-632
3556,792,-712
3480,682,-789
3396,576,-870
3305,470,-950
3217,365,-1025
3124,265,-1100
3041,175,-1172
2972,89,-1245
2920,18,-1295
2875,-33,-1317
2846,-68,-1298
2831,-73,-1231
2826,-51,-1109
2834,-2,-961
2852,67,-798
2887,153,-639
2929,251,-488
2979,352,-357
3015,466,-242
3046,572,-163
3067,669,-119
3089,746,-113
3103,813,-144
3106,866,-200
3108,913,-265
3109,960,-334
3101,1019,-403
3089,1083,-479
3078,1154,-542
3074,1228,-581
3060,1311,-609
3065,1413,-616
3078,1540,-596
3105,1665,-571
3143,1777,-555
3179,1852,-540
3205,1908,-532
3221,1933,-528
3243,1923,-512
3260,1877,-478
3267,1818,-439
3276,1761,-384
3294,1703,-310
3321,1645,-243
3349,1583,-176
3373,1524,-120
3403,1459,-75
3432,1396,-45
3457,1324,-32
3478,1234,-30
3485,1144,-55
3492,1065,-79
3493,993,-103
3500,929,-115
3515,863,-122
3543,791,-136
3586,716,-151
3620,644,-169
3621,591,-168
3596,560,-156
3551,541,-141
3495,529,-140
3437,538,-133
3381,574,-130
3321,615,-144
3286,669,-155
3267,721,-162
3284,779,-154
3344,835,-139
3447,892,-119
3596,949,-93
3783,999,-60
3981,1044,-23
4179,1067,22
4361,1095,73
4533,1109,117
4707,1119,171
4854,1119,215
4960,1100,238
5018,1076,234
5044,1040,208
5047,993,163
5041,939,106
5034,875,55
5029,819,14
5028,772,-15
5019,727,-24
5005,696,-28
4994,667,-16
5001,637,0
5026,611,25
5083,594,59
5184,582,93
5335,590,116
5555,596,128
5842,606,122
6173,623,105
6497,640,80
6764,662,49
6922,683,19
6913,712,-33
6720,757,-128
6358,812,-279
5896,888,-465
5443,981,-678
5136,1074,-899
4992,1113,-1134
4864,1123,-1351
4724,1057,-1546
4589,931,-1721
4442,769,-1863
4274,583,-1985
4129,421,-2062
3978,314,-2073
3834,229,-2032
3704,162,-1965
3576,147,-1877
3509,149,-1775
3471,168,-1662
3490,209,-1553
3536,262,-1436
3629,271,-1348
3745,273,-1275
3848,236,-1236
3927,196,-1219
3973,155,-1224
3965,94,-1237
3931,10,-1253
3872,-74,-1262
3793,-146,-1266
3720,-207,-1246
3682,-270,-1205
3667,-302,-1141
3652,-310,-1067
3642,-287,-1001
3619,-234,-949
3590,-166,-921
3561,-93,-916
3528,-12,-927
3497,81,-942
3453,169,-967
3412,259,-991
3384,354,-1008
3370,449,-999
3363,534,-982
3364,592,-963
3363,627,-941
3337,665,-918
3300,697,-886
3255,726,-847
3202,748,-814
3147,751,-778
3100,740,-740
3065,720,-698
3034,700,-654
3014,670,-609
3006,638,-562
3015,607,-515
3028,580,-467
3056,549,-421
3089,516,-374
3124,479,-332
3161,438,-304
3188,399,-279
3216,361,-264
3244,335,-249
3273,301,-239
3305,264,-233
3330,230,-225
3355,196,-215
3381,159,-203
3408,116,-195
3438,73,-190
3463,34,-188
3491,-1,-172
3523,-35,-158
3545,-70,-144
3561,-103,-124
3574,-126,-97
3587,-140,-60
3602,-147,-25
3616,-157,4
3625,-152,33
3625,-140,49
3597,-129,51
3553,-110,31
3510,-85,3
3497,-39,-28
3473,30,-62
3445,121,-91
3412,204,-115
3378,283,-133
3357,344,-151
3337,393,-166
3328,422,-176
3321,438,-168
3326,441,-132
3334,431,-78
3329,406,-12
3329,368,62
3336,325,139
3360,290,203
3397,268,255
3448,256,293
3508,252,315
3570,262,320
3619,276,316
3668,293,314
3711,300,305
3740,306,289
3769,301,259
3801,294,215
3830,275,169
3874,257,125
3920,235,84
3972,206,58
4021,182,39
4061,158,21
4096,145,4
4126,134,-30
4155,129,-78
4196,128,-128
4246,129,-180
4274,138,-217
4296,164,-252
4315,198,-269
4339,239,-291
4372,291,-303
4403,355,-302
4440,418,-287
4482,471,-262
4531,519,-221
4589,557,-167
4645,590,-93
4699,620,-18
4743,648,65
4782,675,161
4827,695,261
4871,713,363
4940,725,463
5044,733,560
5194,744,635
5405,766,690
5655,791,730
5929,813,745
6185,817,745
6370,783,747
6448,711,759
6374,617,776
6167,502,756
5878,395,689
5598,302,574
5336,234,408
5116,199,198
4929,205,-34
4899,233,-278
4913,282,-531
4857,394,-794
4717,555,-1058
4522,735,-1319
4322,917,-1600
4156,1098,-1821
4034,1268,-1971
3936,1403,-2056
3863,1480,-2077
3795,1551,-2051
3738,1625,-1968
3689,1704,-1842
3657,1783,-1689
3657,1858,-1525
3669,1931,-1369
3707,1999,-1234
3735,2072,-1116
3780,2158,-1010
3815,2235,-913
3815,2289,-842
3776,2315,-797
3724,2315,-786
3645,2295,-787
3551,2277,-793
3461,2255,-785
3382,2233,-770
3326,2226,-724
3318,2190,-652
3345,2103,-572
3388,1971,-497
3439,1826,-428
3479,1675,-366
3506,1521,-320
3541,1370,-290
3573,1235,-274
3605,1110,-270
3629,1000,-274
3641,905,-292
3641,808,-313
3624,715,-337
3593,621,-360
3556,530,-384
3521,434,-411
3476,342,-431
3420,260,-439
3350,190,-441
3285,127,-434
3227,83,-418
3172,52,-392
3129,48,-365
3077,53,-354
3021,76,-342
3005,139,-315
2978,220,-312
2933,307,-326
2875,392,-352
2824,471,-388
2788,543,-420
2761,620,-457
2749,689,-475
2755,750,-489
2763,811,-488
2791,869,-466
2825,926,-429
2883,984,-373
2955,1071,-305
3018,1174,-244
3074,1266,-198
3126,1332,-175
3163,1396,-172
3186,1450,-187
3203,1477,-211
3213,1500,-229
3235,1509,-243
3268,1513,-254
3282,1510,-256
3282,1501,-250
3288,1482,-234
3291,1456,-215
3289,1430,-194
3284,1406,-172
3269,1373,-145
3264,1335,-121
3266,1291,-96
3280,1247,-73
3329,1190,-51
3392,1111,-41
3444,1032,-29
3482,965,-11
3509,907,5
3524,863,21
3537,824,48
3543,796,84
3547,786,122
3541,785,167
3514,791,209
3502,794,251
3501,795,286
3495,806,306
3485,818,308
3466,830,301
3437,840,288
3400,851,269
3361,869,255
3334,900,244
3339,938,231
3384,981,215
3470,1009,195
3582,1019,167
3721,1023,151
3883,1038,161
4051,1057,184
4213,1074,207
4348,1079,207
4447,1088,197
4525,1101,178
4584,1117,146
4633,1134,108
4683,1150,74
4732,1152,58
4779,1152,60
4813,1135,71
4833,1094,76
4859,1036,75
4906,983,76
4974,953,117
5038,941,194
5081,929,259
5091,906,303
5093,875,331
5111,845,348
5170,817,377
5295,808,417
5506,813,463
5791,817,488
6146,809,504
6493,798,524
6762,784,568
6891,773,639
6847,779,729
6640,790,771
6304,790,719
5859,761,542
5391,715,251
4974,653,-145
4745,578,-572
4656,487,-973
4533,363,-1342
4367,209,-1659
4197,66,-1905
4032,-81,-2096
3880,-214,-2234
3742,-304,-2318
3627,-335,-2329
3525,-247,-2261
3392,66,-2156
3294,483,-2039
3330,715,-1913
3467,752,-1794
3678,627,-1683
3985,366,-1567
4318,46,-1424
4615,-230,-1236
4858,-448,-1053
5006,-611,-911
5039,-703,-802
4959,-743,-719
4762,-746,-674
4516,-735,-668
4272,-719,-696
4028,-686,-742
3800,-636,-796
3622,-576,-852
3501,-496,-906
3385,-387,-961
3280,-250,-1003
3218,-90,-1023
3216,71,-1024
3235,223,-1026
3239,372,-1027
3228,515,-1024
3202,651,-1023
3175,768,-1024
3148,866,-1027
3110,937,-1020
3071,982,-988
3033,1001,-933
2998,998,-850
2979,984,-747
2969,962,-635
2963,937,-526
2962,901,-439
2981,866,-366
3006,830,-295
3048,793,-233
3085,757,-171
3124,728,-113
3163,696,-68
3209,661,-30
3266,614,0
3316,557,20
3364,493,32
3402,427,35
3427,349,36
3463,266,33
3504,181,23
3545,95,11
3587,12,-7
3626,-75,-33
3657,-148,-56
3685,-216,-76
3703,-273,-91
3705,-318,-112
3688,-353,-141
3673,-370,-168
3654,-376,-191
3639,-359,-208
3618,-323,-216
3615,-249,-216
3635,-151,-203
3644,-59,-190
3635,24,-182
3621,89,-176
3602,137,-163
3576,173,-145
3551,202,-122
3538,222,-86
3523,243,-43
3511,259,-5
3499,275,29
3484,287,71
3464,302,107
3435,313,145
3401,320,182
3369,324,222
3330,322,253
3293,314,283
3269,307,313
3269,300,346
3281,306,380
3311,315,415
3367,325,442
3434,331,454
3508,317,443
3599,295,430
3684,267,415
3755,240,405
3813,211,402
3849,195,396
3861,186,398
3849,177,380
3824,170,352
3798,174,310
3788,176,259
3792,176,210
3813,180,155
3856,181,103
3913,177,60
3959,179,29
4000,190,5
4029,198,-4
4058,207,-1
4082,213,2
4107,217,14
4138,217,33
4183,218,58
4229,216,85
4275,217,114
4327,223,149
4386,234,190
4443,247,240
4504,268,295
4551,298,361
4598,338,447
4639,389,543
4680,447,659
4718,512,785
4756,586,912
4801,670,1042
4858,767,1164
4925,877,1266
5025,1002,1350
5201,1151,1406
5478,1315,1431
5849,1481,1419
6252,1631,1381
6605,1731,1329
6781,1760,1261
6719,1712,1158
6421,1577,984
5910,1395,723
5272,1182,389
4644,947,-5
4173,668,-432
3919,397,-841
3758,281,-1171
3658,304,-1406
3658,396,-1543
3686,561,-1576
3637,750,-1543
3598,898,-1484
3609,999,-1394
3597,1079,-1291
3561,1120,-1214
3519,1154,-1142
3476,1203,-1073
3495,1289,-989
3545,1359,-905
3677,1468,-804
3824,1578,-712
3982,1660,-631
4140,1729,-573
4273,1797,-510
4332,1850,-461
4315,1891,-429
4239,1926,-399
4109,1944,-352
3984,1950,-271
3896,1937,-158
3836,1895,-46
3812,1818,47
3817,1708,123
3850,1575,180
3897,1422,215
3942,1255,223
3973,1096,188
4005,963,122
4024,829,32
4033,656,-92
4012,457,-243
3966,261,-405
3906,93,-559
3829,-50,-693
3744,-162,-792
3650,-232,-859
3557,-278,-884
3460,-305,-880
3363,-308,-840
3285,-292,-773
3226,-256,-691
3187,-209,-598
3165,-145,-512
3145,-79,-423
3133,-13,-339
3120,61,-270
3093,146,-213
3066,228,-169
3032,296,-137
3002,367,-126
2977,435,-128
2962,503,-108
2958,566,-85
2969,618,-63
2993,659,-33
3022,692,-19
3053,732,-15
3078,756,-28
3094,800,-55
3112,851,-96
3142,894,-138
3164,950,-188
3194,1015,-234
3221,1083,-267
3244,1152,-288
3277,1221,-289
3316,1326,-258
3360,1431,-225
3397,1521,-204
3419,1595,-213
3426,1631,-239
3422,1643,-275
3415,1630,-314
3406,1591,-339
3396,1536,-343
3384,1474,-329
3373,1406,-295
3368,1346,-245
3370,1293,-185
3379,1249,-122
3380,1204,-59
3391,1168,8
3413,1131,75
3442,1100,143
3471,1068,203
3510,1027,254
3543,983,301
3570,932,341
3582,883,375
3588,837,388
3584,789,395
3569,748,391
3552,709,380
3528,665,360
3499,619,339
3468,579,323
3442,552,299
3434,552,263
3448,589,220
3497,643,179
3591,691,145
3717,734,123
3853,780,98
3991,821,84
4137,868,77
4276,906,51
4390,941,16
4479,998,-20
4577,1060,-59
4690,1119,-91
4813,1156,-110
4929,1170,-105
5015,1156,-87
5075,1131,-58
5110,1095,-24
5114,1056,18
5102,1021,66
5082,993,111
5072,961,148
5073,932,183
5074,912,214
5081,893,258
5099,873,309
5121,858,362
5157,842,408
5211,825,453
5296,805,492
5423,781,512
5630,753,512
5910,737,496
6212,733,478
6486,717,468
6679,682,479
6723,660,513
6569,659,532
6231,677,498
5781,703,411
5323,728,283
4900,740,119
4542,726,-79
4284,678,-314
4177,602,-566
4079,481,-839
3950,304,-1122
3793,116,-1396
3620,-50,-1639
3459,-173,-1823
3357,-269,-1959
3278,-322,-2053
3241,-346,-2103
3251,-356,-2117
3317,-356,-2089
3426,-315,-2000
3592,-259,-1870
3794,-213,-1728
4028,-205,-1591
4244,-199,-1471
4429,-218,-1381
4561,-269,-1339
4610,-320,-1333
4574,-384,-1344
4468,-445,-1359
4333,-518,-1354
4198,-595,-1325
4068,-662,-1275
3943,-699,-1216
3870,-694,-1133
3850,-662,-1035
3863,-588,-930
3878,-465,-838
3888,-308,-768
3867,-143,-731
3811,22,-720
3731,176,-734
3623,314,-763
3502,441,-799
3399,550,-828
3310,639,-847
3238,708,-845
3185,760,-812
3150,798,-752
3133,825,-671
3126,844,-573
3128,853,-472
3137,855,-370
3149,828,-285
3133,791,-225
3107,764,-178
3105,736,-130
3105,719,-89
3099,702,-48
3089,684,-20
3072,650,-3
3059,613,12
3050,579,24
3050,542,38
3057,505,46
3065,462,47
3085,399,39
3109,331,22
3143,257,4
3187,180,-15
3234,103,-33
3287,27,-43
3347,-45,-44
3411,-107,-39
3457,-172,-30
3501,-228,-12
3547,-274,10
3594,-309,32
3617,-327,61
3627,-338,84
3623,-339,97
3608,-323,106
3573,-297,111
3523,-265,104
3468,-221,88
3436,-165,78
3435,-110,76
3460,-42,96
3482,34,120
3481,103,145
3472,182,158
3446,265,166
3425,341,166
3419,408,179
3424,458,205
3445,484,249
3466,498,306
3488,489,365
3499,459,422
3493,421,467
3470,388,506
3454,362,540
3457,358,566
3480,357,590
3519,359,607
3560,358,621
3606,358,631
3649,363,634
3695,367,635
3750,370,637
3802,371,640
3843,362,642
3884,344,641
3928,317,644
3976,290,650
4024,266,659
4066,236,663
4106,206,656
4153,182,641
4196,166,613
4239,154,583
4280,147,540
4321,142,496
4346,137,447
4356,133,409
4355,127,368
4345,119,337
4330,121,306
4306,129,292
4293,153,302
4298,184,336
4333,223,392
4413,275,462
4524,331,544
4679,409,630
4873,514,721
5121,638,802
5447,774,865
5846,907,902
6311,1034,921
6756,1113,933
7078,1126,959
7182,1077,1009
7057,982,1066
6730,861,1090
6311,731,1033
5844,594,885
5382,470,671
4979,346,395
4677,215,71
4464,108,-280
4299,91,-616
4130,158,-912
3922,280,-1148
3675,408,-1315
3473,553,-1383
3345,716,-1359
3284,901,-1249
3275,1087,-1073
3319,1265,-852
3378,1426,-613
3426,1563,-388
3504,1688,-174
3611,1803,-6
3743,1881,87
3864,1883,94
3941,1842,30
3999,1832,-75
4048,1861,-171
4072,1909,-222
4013,1944,-248
3890,1954,-268
3810,1939,-269
3754,1889,-261
3702,1808,-267
3683,1711,-279
3688,1606,-297
3705,1500,-306
3731,1386,-304
3756,1273,-291
3779,1156,-272
3810,1052,-253
3849,995,-237
3893,944,-240
3947,865,-258
4011,766,-283
4058,659,-316
4079,568,-340
4072,486,-348
4046,396,-348
4006,294,-339
3962,183,-317
3910,84,-269
3856,9,-215
3796,-35,-156
3725,-55,-102
3653,-57,-49
3589,-34,6
3524,-15,62
3454,9,123
3382,37,174
3303,62,210
3211,99,229
3122,140,240
3044,191,251
2982,239,261
2933,282,265
2905,321,257
2891,349,239
2878,362,223
2873,391,211
2869,433,219
2867,479,228
2892,531,233
2924,594,241
2959,658,261
3001,716,273
3050,772,285
3096,828,294
3144,882,299
3190,963,315
3246,1069,325
3308,1171,299
3341,1244,223
3358,1276,129
3353,1289,51
3346,1281,14
3339,1252,7
3322,1214,22
3302,1170,60
3302,1125,113
3316,1077,176
3332,1021,244
3329,978,306
3329,924,355
3336,865,383
3342,795,395
3347,726,391
3351,647,376
3353,579,353
3342,512,332
3323,461,319
3301,426,310
3275,405,320
3260,394,334
3251,392,349
3265,405,375
3300,436,400
3338,475,426
3373,516,444
3387,554,453
3385,592,467
3377,628,483
3385,672,487
3425,731,484
3503,792,479
3626,856,470
3771,920,464
3923,971,469
4068,1010,488
4214,1046,513
4344,1076,541
4475,1099,555
4596,1121,553
4717,1140,538
4825,1161,521
4916,1163,507
4992,1163,505
5046,1154,506
5080,1136,516
5091,1111,532
5095,1078,556
5087,1049,592
5075,1017,621
5068,982,645
5067,951,657
5074,920,681
5083,885,721
5106,851,770
5142,826,820
5183,804,867
5240,784,904
5322,772,935
5451,759,960
5647,739,981
5893,721,1007
6163,695,1048
6388,671,1107
6495,650,1178
6450,644,1245
6234,635,1272
5862,602,1199
5392,532,999
4895,449,688
4415,352,300
4012,248,-135
3730,172,-550
3519,120,-899
3381,82,-1164
3292,39,-1368
3272,0,-1506
3272,-40,-1586
3303,-79,-1614
3348,-116,-1604
3429,-147,-1542
3561,-171,-1432
3722,-185,-1288
3912,-199,-1125
4129,-206,-957
4344,-199,-814
4530,-201,-721
4662,-207,-709
4721,-217,-754
4713,-229,-839
4637,-250,-944
4498,-276,-1040
4323,-307,-1127
4160,-335,-1193
4018,-350,-1223
3912,-350,-1225
3844,-336,-1196
3802,-306,-1135
3793,-245,-1041
3803,-162,-916
3828,-68,-779
3838,44,-657
3833,162,-554
3825,267,-498
3790,365,-483
3713,455,-500
3638,524,-543
3558,573,-597
3463,620,-640
3365,664,-669
3284,694,-672
3230,712,-639
3194,734,-577
3172,755,-487
3160,779,-382
3159,798,-267
3173,816,-154
3191,820,-65
3195,813,-2
3192,810,52
3191,816,84
3187,816,102
3180,813,89
3169,799,59
3165,775,27
3167,733,-16
3175,688,-51
3185,637,-82
3195,587,-95
3217,533,-100
3242,473,-101
3274,413,-101
3311,352,-95
3349,290,-88
3390,233,-78
3425,177,-70
3465,118,-58
3503,69,-47
3535,30,-41
3565,-2,-38
3597,-29,-34
3627,-44,-32
3647,-50,-26
3665,-43,-25
3675,-33,-18
3677,-20,-19
3669,-7,-10
3651,6,-6
3619,25,1
3577,50,18
3528,82,44
3486,114,78
3449,147,120
3419,178,160
3390,212,190
3369,248,227
3357,285,264
3350,328,305
3354,370,336
3367,420,370
3395,468,400
3437,510,421
3486,541,428
3549,561,424
3611,567,411
3666,562,391
3691,541,374
3698,510,354
3705,470,327
3708,429,298
3715,383,271
3735,339,245
3769,303,216
3826,273,185
3907,249,161
4001,233,132
4099,226,108
4191,227,80
4275,230,59
4343,225,43
4388,206,25
4415,184,14
4436,171,7
4462,160,1
4493,163,-4
4533,179,8
4578,206,38
4626,245,88
4673,291,151
4723,339,221
4780,391,295
4846,446,374
4922,508,457
5008,578,538
5107,657,620
5219,741,699
5364,818,775
5549,892,836
5793,963,881
6071,1037,901
6383,1108,905
6692,1166,882
6922,1186,842
7004,1161,806
6873,1102,785
6545,1002,740
6136,877,660
5676,737,538
5229,603,380
4828,481,196
4571,373,5
4445,294,-193
4306,278,-402
4129,330,-621
3917,427,-827
3701,552,-1003
3496,704,-1148
3323,861,-1242
3155,1013,-1302
3004,1149,-1325
2894,1294,-1306
2813,1421,-1250
2764,1531,-1184
2733,1617,-1125
2734,1703,-1078
2791,1782,-1021
2870,1829,-975
2986,1888,-916
3110,1951,-855
3220,2001,-806
3309,2038,-769
3354,2060,-739
3364,2057,-712
3353,2036,-675
3336,1990,-631
3308,1932,-581
3280,1854,-543
3268,1759,-512
3317,1667,-457
3402,1584,-386
3507,1498,-317
3617,1393,-271
3708,1274,-255
3762,1143,-264
3786,997,-302
3784,832,-369
3753,684,-441
3699,565,-508
3638,471,-585
3587,386,-666
3573,307,-757
3562,239,-831
3572,172,-890
3587,116,-919
3592,74,-918
3575,51,-880
3559,33,-826
3539,25,-737
3526,39,-623
3516,72,-491
3515,125,-351
3522,178,-227
3538,242,-125
3533,319,-56
3509,404,-21
3466,484,-16
3421,548,-44
3383,596,-93
3353,632,-151
3321,653,-211
3291,678,-268
3268,699,-310
3236,733,-349
3220,767,-368
3206,807,-364
3192,860,-345
3176,920,-317
3180,977,-285
3198,1029,-261
3219,1075,-240
3242,1113,-230
3264,1141,-229
3288,1158,-240
3322,1178,-252
3355,1201,-273
3384,1206,-303
3401,1201,-349
3410,1181,-393
3419,1153,-426
3431,1103,-448
3430,1035,-466
3426,970,-470
3436,914,-460
3445,864,-436
3454,816,-391
3465,778,-346
3472,748,-294
3474,730,-247
3474,716,-213
3475,704,-185
3485,699,-171
3494,689,-163
3501,677,-163
3514,674,-159
3541,668,-161
3573,664,-164
3602,660,-170
3621,645,-171
3627,637,-169
3634,633,-171
3631,641,-168
3637,648,-168
3638,655,-175
3632,668,-186
3632,682,-204
3633,697,-233
3628,714,-269
3629,738,-308
3647,773,-335
3675,804,-394
3729,863,-415
3801,919,-433
3860,938,-455
3946,932,-470
4040,908,-467
4175,877,-446
4326,851,-402
4467,819,-375
4589,784,-351
4707,745,-339
4819,702,-326
4919,672,-307
4993,653,-279
5035,638,-246
5076,627,-213
5110,616,-187
5136,598,-168
5143,597,-154
5147,599,-155
5166,600,-151
5205,615,-154
5249,639,-177
5328,676,-220
5488,739,-272
5682,819,-357
5884,893,-497
6059,948,-656
6178,988,-785
6191,1021,-841
6093,1067,-826
5908,1146,-779
5661,1248,-744
5397,1346,-746
5192,1393,-788
5048,1375,-871
4924,1347,-969
4805,1303,-1074
4686,1218,-1200
4544,1089,-1355
4373,917,-1525
4205,724,-1707
4029,493,-1900
3871,239,-2086
3745,-19,-2242
3622,-262,-2354
3467,-368,-2379
3245,-128,-2366
3108,169,-2327
3120,334,-2261
3222,378,-2212
3368,331,-2210
3492,251,-2233
3584,153,-2260
3657,52,-2295
3706,-34,-2323
3757,-132,-2320
3833,-253,-2218
3909,-390,-2026
4001,-554,-1756
4121,-742,-1427
4239,-916,-1076
4319,-1049,-783
4338,-1108,-609
4273,-1092,-564
4136,-995,-607
3933,-863,-698
3688,-707,-809
3438,-538,-922
3212,-327,-998
3062,-113,-1046
2935,74,-1084
2794,224,-1099
2643,348,-1097
2483,465,-1077
2320,562,-1051
2162,647,-1016
2003,697,-998
1847,717,-984
1695,707,-1000
1549,683,-1021
1422,666,-1015
1313,689,-1062
1226,665,-1060
1140,622,-1000
1053,590,-934
970,558,-874
899,535,-816
831,505,-786
752,457,-772
701,397,-783
651,342,-817
605,292,-859
603,270,-909
583,268,-960
610,283,-1006
647,330,-1023
721,404,-1049
847,511,-1079
1003,621,-1124
1194,693,-1232
1420,745,-1372
1679,808,-1522
1953,877,-1678
2225,947,-1857
2511,1014,-2074
2824,1018,-2318
3163,952,-2578
3414,847,-2934
3579,805,-3162
3765,811,-3295
3942,825,-3442
4138,838,-3600
4350,847,-3734
4566,842,-3862
4771,818,-4009
4995,813,-4183
5252,850,-4383
5552,905,-4578
5846,969,-4781
6153,1031,-4997
6551,1143,-5201
7082,1250,-5445
7733,1338,-5804
8588,1513,-6211
9562,1767,-6544
10328,1926,-6786
10786,1956,-6857
11037,1774,-6830
11050,1503,-6754
10933,1281,-6669
10899,1210,-6574
10975,1229,-6526
12063,1073,-5106
15380,786,-1199
18661,685,2274
19846,868,3168
19278,1209,2163
17715,1618,543
15928,2015,-864
14406,2337,-1768
13218,2572,-2294
12331,2833,-2550
11740,3172,-2605
11351,3505,-2557
11123,3728,-2411
11004,3776,-2154
10819,3609,-1777
10532,3246,-1351
10067,2777,-954
9365,2264,-611
8590,1827,-331
7728,1450,-220
6756,1140,-281
5735,943,-426
4702,805,-616
3656,676,-837
2671,560,-1060
1791,434,-1227
1106,307,-1231
769,127,-1162
564,5,-1039
367,-8,-839
119,-11,-580
-93,-34,-382
-220,-64,-267
-284,-80,-220
-325,-66,-182
-543,-39,-109
-794,-110,-103
-815,-181,-208
-820,-267,-413
-1066,-455,-1296
-1250,-626,-1862
-1389,-673,-1978
-1396,-640,-1874
-1447,-564,-1804
-1428,-505,-1645
-1404,-500,-1581
-1409,-511,-1599
-1531,-536,-1799
-1541,-558,-2016
-1677,-667,-2486
-1715,-746,-2738
-1712,-749,-2794
-1603,-654,-2575
-1499,-542,-2334
-1389,-415,-2076
-1307,-343,-1874
-1209,-256,-1672
-1118,-152,-1485
-1016,-52,-1330
-892,72,-1181
-795,167,-1099
-736,266,-1071
-681,328,-1061
-621,386,-1035
-599,462,-1020
-580,520,-988
-556,523,-958
-512,481,-920
-463,403,-882
-420,340,-844
-381,274,-782
-347,216,-720
-324,176,-662
-302,132,-606
-288,99,-553
-270,71,-501
-246,48,-445
-233,37,-387
-223,22,-333
-214,7,-285
-203,-1,-240
-196,-6,-206
-196,-9,-183
-197,-10,-170
-195,-10,-159
-201,-8,-147
-208,-3,-135
-210,3,-125
-217,15,-117
-225,21,-106
-236,34,-98
-246,50,-88
-257,59,-78
-261,66,-71
-265,76,-57
-272,85,-41
-278,91,-34
-283,95,-25
-288,105,-19
-290,119,-14
-292,129,-6
-295,140,1
-301,152,6
-299,219,78
-300,492,374
-286,914,837
-228,1431,1411
-124,1894,1908
-10,2120,2075
103,2054,1821
187,1748,1263
246,1330,620
276,909,75
234,569,-205
108,336,-212
3,187,-192
-68,101,-169
-106,56,-154
-124,27,-152
-136,17,-149
-147,11,-151
-143,12,-158
-116,39,-178
-18,133,-257
328,424,-460
1161,1192,-831
2663,2076,-1257
7572,3618,-2646
16330,4281,-5217
24540,3561,-9332
28652,2007,-13559
30708,-6647,-9992
31736,-14615,-5558
28711,-16652,-2910
23297,-15122,-1947
17974,-12051,-2172
13741,-8737,-3187
10782,-6134,-4282
8667,-4389,-4837
6932,-3247,-4785
5527,-2243,-4411
4558,-1265,-3854
4263,-761,-2948
4819,-1085,-1446
6130,-1956,603
7685,-2321,2403
8849,-1801,3336
9215,-907,3188
8926,-67,2428
8337,582,1571
7669,951,890
7100,1114,477
6647,1068,241
6368,837,68
6125,509,49
5893,36,48
5789,-424,173
5698,-875,213
5593,-1373,-24
5517,-1825,-218
5441,-2168,-335
5386,-2391,-438
5335,-2610,-648
5320,-2826,-911
5266,-2922,-1018
5246,-2997,-1045
5235,-3080,-1116
5184,-3179,-1194
5054,-3248,-1241
4859,-3275,-1246
4662,-3274,-1221
4505,-3289,-1224
4405,-3306,-1275
4356,-3335,-1324
4364,-3404,-1418
4414,-3460,-1551
4483,-3458,-1681
4509,-3332,-1762
4574,-2955,-1684
4549,-2392,-1470
4427,-1741,-1142
4331,-1164,-764
4305,-698,-383
4291,-335,-71
4251,-49,135
4183,168,206
4098,305,160
3979,383,32
3828,441,-141
3672,460,-326
3553,423,-494
3452,348,-615
3352,244,-703
3247,147,-756
3151,64,-779
3073,-7,-769
3005,-57,-730
2956,-88,-670
2908,-107,-602
2877,-87,-516
2847,-61,-429
2818,-35,-351
2804,-2,-280
2812,44,-216
2755,33,-186
2732,37,-181
2726,53,-194
2722,77,-221
2723,99,-246
2733,140,-272
2720,165,-313
2680,170,-358
2626,175,-390
2560,157,-424
2508,135,-441
2460,118,-436
2405,96,-416
2357,76,-398
2309,44,-370
2258,16,-343
2203,-17,-315
2153,-39,-287
2104,-66,-259
2054,-107,-227
2007,-150,-191
1977,-173,-148
1939,-206,-114
1911,-228,-81
1901,-232,-43
1889,-225,-21
1864,-235,-9
1857,-244,-4
1881,-236,6
1920,-216,20
1970,-196,36
2037,-167,47
2132,-133,69
2245,-95,89
2380,-56,112
2523,-33,137
2682,-22,170
2873,-31,201
3117,-48,234
3390,-66,276
3690,-88,316
3997,-109,338
4320,-135,334
4651,-158,308
4998,-173,250
5350,-191,151
5717,-210,13
6078,-238,-198
6392,-287,-434
6560,-366,-638
6543,-463,-792
6412,-576,-903
6193,-670,-978
6000,-652,-1001
5936,-541,-993
5933,-398,-1017
5904,-238,-1053
5790,-78,-1087
5564,91,-1096
5271,261,-1087
4957,442,-1086
4684,630,-1109
4471,843,-1156
4332,1061,-1239
4267,1277,-1326
4276,1517,-1380
4330,1763,-1395
4406,1969,-1400
4491,2165,-1375
4585,2308,-1327
4682,2397,-1244
4775,2445,-1123
4868,2469,-972
4912,2465,-819
4939,2416,-688
4948,2307,-593
4938,2268,-465
4897,2261,-363
4837,2220,-298
4749,2155,-251
4621,2088,-223
4454,2001,-234
4274,1895,-273
4059,1742,-355
3847,1582,-456
3664,1441,-543
3529,1315,-621
3442,1204,-696
3407,1118,-760
3409,1040,-815
3439,967,-865
3470,889,-923
3508,811,-962
3548,734,-974
3573,678,-950
3578,634,-871
3575,601,-763
3565,580,-633
3538,568,-508
3499,563,-416
3435,562,-364
3355,560,-357
3261,555,-385
3167,540,-432
3077,519,-484
3003,498,-524
2936,479,-552
2876,473,-578
2830,467,-600
2784,466,-623
2743,472,-660
2701,490,-689
2669,510,-714
2652,543,-735
2647,580,-745
2659,620,-747
2687,671,-743
2731,718,-717
2795,771,-665
2877,822,-575
2971,873,-462
3063,917,-336
3141,954,-227
3213,988,-154
3267,1013,-125
3302,1023,-141
3318,1027,-189
3317,1027,-253
3307,1025,-316
3288,1018,-366
3293,1014,-401
3319,1014,-422
3350,1011,-425
3381,1013,-411
3419,1005,-388
3459,995,-361
3496,977,-335
3530,943,-304
3553,904,-267
3579,859,-228
3606,813,-193
3636,776,-164
3671,741,-134
3709,714,-98
3748,701,-66
3793,686,-36
3839,676,-14
3884,669,-6
3922,673,-6
3961,678,-18
3992,692,-34
4014,704,-44
4030,725,-62
4039,742,-70
4057,764,-68
4070,791,-63
4077,817,-51
4075,836,-38
4088,862,-28
4106,899,-34
4150,934,-61
4213,964,-88
4277,992,-126
4335,1010,-170
4384,1019,-221
4433,1024,-282
4473,1028,-331
4510,1033,-385
4551,1039,-421
4594,1056,-448
4639,1069,-474
4678,1073,-499
4716,1062,-510
4758,1053,-500
4815,1041,-459
4868,1032,-385
4922,1020,-275
4973,1020,-145
5012,1028,-16
5046,1028,103
5066,1033,196
5090,1038,252
5109,1042,273
5112,1050,253
5106,1056,213
5076,1057,168
5030,1044,121
4982,1023,78
4952,997,54
4962,947,30
5060,888,16
5251,815,6
5489,713,-25
5736,591,-94
5984,472,-204
6180,365,-344
6260,264,-529
6188,155,-741
5989,67,-959
5702,-14,-1172
5369,-90,-1364
5019,-172,-1534
4705,-261,-1705
4448,-347,-1846
4256,-424,-1955
4103,-469,-2032
3999,-497,-2097
3952,-529,-2147
3952,-577,-2194
3969,-619,-2216
4015,-643,-2208
4074,-661,-2174
4105,-688,-2138
4130,-713,-2085
4160,-734,-2037
4188,-743,-1982
4194,-746,-1936
4189,-747,-1901
4175,-739,-1873
4136,-712,-1850
4083,-670,-1834
4024,-640,-1841
3953,-605,-1856
3878,-578,-1881
3803,-548,-1907
3745,-484,-1909
3715,-343,-1869
3686,-188,-1820
3682,-51,-1750
3697,73,-1648
3713,189,-1523
3716,296,-1387
3711,392,-1238
3701,464,-1095
3684,513,-965
3646,538,-858
3593,545,-766
3543,543,-714
3484,529,-687
3414,502,-677
3322,471,-673
3234,427,-678
3155,370,-693
3077,302,-711
3001,241,-723
2919,173,-733
2855,104,-743
2824,35,-742
2811,-24,-728
2803,-81,-701
2796,-140,-664
2787,-195,-623
2773,-248,-589
2759,-294,-551
2748,-323,-506
2747,-334,-461
2755,-347,-424
2764,-358,-398
2765,-379,-392
2770,-402,-383
2782,-420,-376
2794,-437,-380
2807,-458,-390
2827,-477,-417
2850,-499,-449
2876,-521,-486
2906,-549,-529
2933,-570,-572
2961,-560,-590
2992,-514,-592
3031,-448,-596
3065,-375,-590
3094,-287,-571
3124,-195,-536
3161,-99,-493
3189,-10,-459
3204,72,-437
3211,149,-435
3212,222,-441
3216,285,-441
3226,339,-421
3240,383,-382
3262,417,-319
3281,442,-235
3295,448,-151
3301,444,-75
3316,433,-5
3339,421,51
3370,405,95
3398,393,131
3408,388,148
3393,381,138
3372,375,112
3342,374,75
3315,375,37
3305,381,4
3304,386,-20
3307,392,-36
3340,407,-35
3391,412,-28
3445,409,-16
3521,403,4
3615,396,34
3713,390,67
3786,369,86
3862,337,88
3959,309,84
4067,275,64
4171,235,37
4248,179,0
4309,117,-42
4367,57,-90
4429,0,-132
4504,-65,-189
4602,-132,-247
4732,-190,-300
4868,-231,-350
4987,-264,-396
5084,-297,-424
5163,-331,-438
5225,-350,-430
5257,-349,-413
5267,-346,-370
5263,-346,-302
5268,-336,-208
5302,-296,-84
5361,-197,77
5472,-68,257
5692,96,439
6033,297,593
6509,505,706
7008,670,763
7459,806,834
7699,901,967
7618,925,1109
7240,892,1159
6690,835,1056
6090,779,820
5543,761,509
5074,785,153
4712,849,-276
4442,950,-833
4249,1022,-1417
4018,1046,-2003
3739,1038,-2534
3445,1019,-2917
3134,1010,-3134
2876,1026,-3116
2724,1053,-2921
2662,1051,-2519
2791,1034,-2126
3100,1120,-1965
3507,1246,-1971
3938,1373,-2076
4340,1483,-2223
4649,1578,-2338
4849,1675,-2393
4901,1745,-2376
4817,1783,-2311
4621,1795,-2206
4374,1796,-2070
4108,1811,-1888
3871,1854,-1661
3729,1949,-1351
3701,2096,-933
3817,2289,-396
4028,2464,163
4256,2554,577
4425,2517,755
4493,2356,719
4448,2101,538
4294,1797,282
4065,1468,16
3796,1157,-226
3517,889,-434
3271,654,-602
3084,456,-729
2950,285,-825
2867,149,-896
2819,46,-928
2780,-31,-936
2761,-81,-925
2750,-108,-896
2741,-113,-850
2737,-106,-784
2743,-89,-703
2746,-56,-609
2746,-27,-501
2762,3,-392
2777,39,-277
2788,78,-168
2803,115,-73
2816,148,7
2814,181,64
2802,212,102
2787,240,120
2784,264,127
2792,294,115
2793,320,107
2807,349,82
2856,397,45
2921,467,6
2991,549,-35
3054,648,-69
3109,744,-101
3148,847,-133
3180,938,-180
3211,1028,-225
3222,1094,-271
3226,1151,-310
3212,1203,-339
3204,1239,-364
3201,1261,-368
3206,1272,-367
3217,1271,-342
3229,1258,-298
3242,1231,-259
3262,1191,-206
3281,1153,-149
3304,1113,-96
3330,1077,-61
3358,1045,-34
3375,1011,-23
3386,956,-25
3389,884,-39
3378,803,-58
3348,723,-84
3309,652,-114
3271,586,-144
3236,533,-157
3227,495,-140
3230,468,-96
3250,449,-28
3284,436,59
3319,431,164
3352,436,263
3376,451,350
3380,475,418
3380,505,459
3380,534,473
3377,562,470
3382,587,441
3420,608,395
3493,630,337
3617,648,270
3789,678,205
3990,722,147
4205,765,85
4422,809,36
4652,856,12
4898,899,3
5114,937,-1
5270,963,-5
5348,981,-28
5365,975,-60
5338,961,-89
5287,952,-93
5226,941,-73
5148,907,-48
5083,866,-5
5040,846,54
5000,810,108
4954,776,157
4932,742,206
4933,708,261
4945,687,327
4972,679,405
5021,676,493
5102,667,588
5232,659,674
5418,651,761
5676,638,833
6013,616,894
6374,531,921
6756,436,948
7111,375,999
7318,347,1050
7308,352,1050
7007,358,930
6462,366,634
5786,359,137
5166,373,-494
4653,388,-1160
4361,421,-1771
4389,466,-2174
4308,470,-2422
4104,439,-2519
3824,443,-2416
3533,545,-2160
3305,720,-1933
3254,804,-1824
3299,807,-1808
3377,779,-1831
3443,745,-1871
3522,712,-1915
3629,664,-1976
3763,535,-2093
3923,351,-2232
4044,235,-2340
4126,161,-2413
4157,90,-2465
4111,25,-2489
3999,-40,-2471
3853,-114,-2449
3721,-217,-2427
3617,-354,-2324
3597,-559,-2099
3652,-781,-1758
3832,-1020,-1298
4116,-1227,-712
4458,-1323,-106
4752,-1290,332
4912,-1161,511
4921,-989,454
4772,-793,258
4505,-610,-13
4179,-444,-301
3816,-322,-584
3435,-221,-842
3088,-126,-1044
2766,-23,-1197
2506,85,-1311
2377,201,-1385
2354,295,-1430
2377,393,-1429
2417,517,-1372
2483,644,-1272
2557,759,-1148
2624,870,-1009
2693,956,-860
2760,1012,-724
2837,1014,-604
2920,988,-498
3013,942,-404
3108,892,-329
3197,813,-268
3261,701,-234
3319,586,-209
3380,503,-182
3440,439,-153
3494,388,-131
3531,338,-129
3555,295,-141
3577,264,-156
3586,219,-176
3588,177,-195
3584,128,-214
3587,82,-225
3589,38,-231
3600,-2,-231
3617,-37,-221
3621,-67,-213
3628,-76,-193
3624,-79,-176
3625,-68,-162
3625,-53,-155
3614,-27,-144
3592,4,-131
3558,44,-120
3516,100,-110
3510,194,-89
3499,314,-69
3476,431,-63
3455,523,-63
3429,594,-72
3404,656,-78
3388,707,-87
3363,742,-85
3360,758,-78
3358,768,-53
3359,772,-13
3363,767,31
3368,756,80
3379,733,134
3397,708,185
3417,687,235
3453,651,276
3476,605,288
3478,551,287
3472,493,273
3466,444,264
3477,397,264
3503,373,283
3560,353,309
3638,345,338
3734,347,359
3835,352,361
3936,352,342
4020,335,296
4082,314,237
4125,291,167
4134,265,102
4126,242,43
4113,223,-22
4110,219,-87
4158,219,-141
4252,243,-168
4366,296,-174
4485,365,-160
4592,437,-136
4670,493,-119
4704,514,-107
4695,512,-102
4655,498,-88
4597,485,-55
4539,484,-5
4476,493,65
4426,525,166
4416,579,290
4439,649,444
4519,744,613
4684,870,783
4976,1035,949
5443,1308,1121
6082,1697,1311
6812,2130,1504
7510,2497,1658
7901,2659,1689
7729,2544,1510
7083,2219,1086
6178,1831,418
5238,1440,-395
4413,1166,-1212
3834,1089,-1886
3580,1101,-2305
3387,1111,-2543
3217,1146,-2653
3083,1182,-2682
3031,1235,-2649
3034,1277,-2579
3095,1308,-2480
3212,1298,-2387
3443,1261,-2257
3747,1247,-2163
4004,1317,-2183
4219,1429,-2246
4391,1563,-2300
4510,1739,-2294
4548,1925,-2217
4526,2142,-2026
4448,2380,-1711
4371,2634,-1266
4334,2890,-729
4328,3070,-212
4358,3144,203
4394,3105,473
4420,2981,581
4390,2769,545
4288,2503,415
4140,2210,224
3954,1911,19
3752,1622,-170
3553,1372,-297
3357,1169,-373
3176,1013,-403
3015,898,-423
2898,821,-435
2840,775,-462
2814,737,-534
2797,701,-639
2764,661,-767
2717,602,-910
2668,535,-1043
2628,461,-1156
2581,387,-1229
2553,349,-1232
2545,347,-1174
2543,372,-1075
2556,403,-950
2568,442,-816
2597,461,-684
2654,485,-550
2738,504,-425
2826,534,-305
2920,574,-208
3009,632,-123
3074,694,-79
3125,747,-82
3153,773,-117
3182,807,-160
3208,853,-206
3225,895,-246
3244,941,-279
3255,993,-301
3264,1039,-318
3265,1082,-343
3263,1136,-351
3267,1201,-354
3264,1276,-352
3250,1345,-368
3228,1402,-396
3205,1452,-434
3176,1497,-468
3161,1542,-496
3147,1569,-515
3137,1593,-528
3128,1615,-527
3127,1629,-521
3124,1630,-498
3131,1616,-459
3150,1590,-411
3179,1556,-350
3209,1519,-257
3246,1477,-151
3277,1428,-37
3320,1377,69
3370,1322,168
3414,1262,258
3455,1202,336
3480,1143,393
3492,1083,438
3494,1018,467
3472,945,483
3413,869,493
3339,813,505
3258,772,523
3153,742,545
3056,717,551
2982,707,541
2945,703,516
2969,702,487
3066,714,466
3240,750,466
3481,801,490
3759,852,520
4041,896,557
4314,926,576
4586,953,598
4848,990,608
5074,1032,602
5232,1077,570
5312,1116,514
5310,1145,439
5240,1161,346
5132,1167,253
5009,1157,164
4879,1129,98
4770,1087,63
4676,1032,70
4630,982,117
4626,938,189
4660,878,264
4714,802,340
4778,717,423
4889,611,518
5054,499,610
5315,402,674
5706,320,703
6262,268,703
6949,256,695
7604,271,717
8002,299,811
7957,367,962
7432,504,1071
6592,675,984
5692,850,665
4889,967,144
4274,1036,-506
4000,1033,-1145
3923,1014,-1682
3840,913,-2103
3714,783,-2342
3432,681,-2276
3113,738,-1990
3106,774,-1851
3311,739,-1859
3597,645,-1998
3870,549,-2181
4163,452,-2347
4409,402,-2497
4605,367,-2623
4732,294,-2736
4778,231,-2804
4757,187,-2825
4671,124,-2806
4518,87,-2737
4329,53,-2630
4128,15,-2526
3951,-40,-2419
3769,-44,-2312
3626,-49,-2231
3562,-32,-2025
3788,43,-1229
4331,190,0
4948,345,1118
5337,487,1636
5443,600,1598
5325,673,1255
5029,713,795
4606,738,324
4119,757,-120
3608,772,-515
3131,779,-825
2728,772,-1063
2427,751,-1187
2254,709,-1207
2251,625,-1164
2322,573,-1044
2417,560,-867
2544,565,-673
2656,571,-498
2747,563,-354
2828,545,-252
2882,525,-188
2905,517,-150
2912,509,-126
2911,495,-115
2908,492,-96
2920,481,-74
2937,460,-57
2967,435,-44
3009,400,-36
3063,345,-37
3132,285,-45
3204,214,-58
3277,128,-78
3343,39,-92
3402,-33,-90
3458,-114,-92
3504,-192,-95
3543,-260,-101
3575,-321,-103
3583,-379,-107
3587,-417,-105
3582,-454,-102
3578,-484,-105
3567,-515,-113
3558,-534,-111
3552,-550,-97
3552,-568,-80
3552,-582,-56
3558,-577,-25
3561,-554,17
3544,-516,64
3515,-472,101
3492,-414,147
3464,-349,184
3434,-283,209
3407,-215,226
3392,-142,240
3386,-72,255
3380,-8,277
3362,48,306
3337,93,332
3309,125,365
3280,141,389
3252,144,411
3222,155,430
3188,177,445
3167,199,458
3164,231,472
3175,263,494
3209,304,515
3257,355,533
3321,410,551
3391,466,564
3462,516,573
3528,553,587
3589,571,607
3651,575,633
3711,567,660
3774,550,692
3841,530,713
3903,500,727
3967,461,718
4020,389,675
4071,314,600
4120,240,501
4155,176,385
4178,119,243
4225,66,115
4240,36,10
4260,23,-60
4317,41,-72
4385,78,-36
4438,135,27
4482,210,118
4528,274,229
4575,329,345
4643,385,477
4744,464,644
4850,561,838
4938,667,1034
5039,788,1214
5185,935,1377
5409,1136,1517
5731,1386,1618
6154,1670,1675
6673,1911,1666
7170,2059,1609
7442,2069,1539
7305,1988,1477
6849,1823,1359
6187,1587,1106
5472,1307,703
4820,1043,198
4325,862,-340
4223,692,-854
4165,619,-1312
4056,623,-1678
3882,666,-1938
3676,714,-2098
3521,762,-2175
3401,819,-2184
3334,894,-2152
3383,962,-2091
3529,1005,-2015
3715,985,-1965
3958,958,-1917
4194,1021,-1851
4403,1165,-1768
4590,1382,-1645
4713,1651,-1484
4777,1953,-1272
4775,2260,-1022
4696,2509,-763
4574,2692,-496
4434,2775,-246
4285,2780,-20
4185,2710,162
4114,2577,294
4082,2397,371
4046,2168,401
4024,1930,412
3989,1684,410
3924,1440,389
3883,1216,368
3861,1006,327
3855,817,286
3823,633,228
3757,460,150
3673,301,52
3551,147,-73
3398,-5,-238
3251,-141,-409
3116,-253,-578
2976,-357,-722
2845,-434,-836
2732,-485,-891
2645,-506,-875
2586,-510,-801
2570,-498,-683
2590,-472,-537
2634,-427,-385
2663,-360,-234
2674,-261,-103
2654,-157,3
2631,-59,92
2636,40,163
2655,130,207
2691,212,230
2742,275,227
2814,321,199
2890,374,158
2948,445,104
3006,529,53
3079,610,13
3130,721,-53
3186,824,-99
3235,937,-145
3275,1051,-175
3284,1147,-208
3284,1219,-227
3279,1290,-253
3282,1357,-272
3278,1416,-284
3277,1450,-295
3278,1482,-294
3274,1494,-286
3259,1484,-277
3254,1464,-250
3247,1439,-213
3252,1415,-162
3254,1394,-94
3269,1379,-32
3297,1375,28
3318,1365,83
3348,1348,154
3375,1329,226
3399,1312,287
3418,1280,336
3428,1232,383
3429,1181,429
3435,1123,478
3444,1063,528
3458,998,574
3482,925,608
3500,854,616
3502,785,604
3468,708,585
3412,631,561
3362,564,528
3344,512,492
3373,468,450
3456,438,410
3594,418,372
3779,400,346
3990,379,324
4206,376,300
4398,411,280
4559,503,247
4682,627,204
4766,756,133
4815,876,54
4846,974,-31
4876,1045,-91
4920,1094,-111
4967,1108,-79
5029,1093,-13
5100,1060,93
5166,1017,239
5227,962,391
5270,902,531
5273,831,637
5241,754,720
5185,675,779
5113,592,832
5023,518,879
4933,447,929
4866,378,994
4860,318,1062
4958,269,1122
5190,194,1148
5530,79,1137
5934,-89,1103
6325,-266,1060
6565,-403,985
6542,-466,823
6220,-447,520
5639,-380,110
4964,-296,-382
4349,-247,-880
3937,-251,-1298
3870,-235,-1555
3962,-180,-1703
4041,-139,-1824
4091,-86,-1891
4112,-41,-1929
4106,-10,-1971
4078,50,-2010
4029,237,-2079
4044,377,-2177
4105,401,-2265
4218,377,-2334
4334,340,-2391
4441,299,-2442
4539,258,-2489
4659,193,-2537
4753,121,-2547
4818,32,-2520
4827,-58,-2447
4815,-158,-2327
4783,-232,-2165
4770,-286,-1967
4794,-305,-1703
4828,-281,-1367
4871,-252,-985
4925,-216,-559
5036,-138,-139
5112,-23,201
5091,118,393
4930,252,428
4658,373,327
4315,474,133
3947,574,-85
3603,661,-300
3328,747,-469
3073,804,-606
2907,840,-683
2813,852,-719
2757,848,-715
2733,849,-662
2740,840,-568
2763,799,-457
2793,733,-351
2816,713,-235
2823,694,-128
2818,667,-37
2804,645,37
2790,611,96
2782,579,140
2784,550,171
2784,528,191
2786,514,208
2789,501,229
2798,475,243
2827,400,214
2889,275,152
2964,114,78
3067,-57,21
3167,-215,-9
3260,-360,-20
3337,-494,-24
3391,-604,-33
3435,-698,-50
3450,-777,-75
3435,-849,-117
3402,-912,-168
3367,-960,-219
3316,-1000,-272
3259,-1031,-331
3210,-1038,-371
3173,-1021,-371
3151,-989,-352
3151,-925,-296
3171,-827,-208
3218,-702,-107
3277,-576,-4
3326,-454,81
3358,-343,151
3378,-238,201
3370,-147,231
3354,-71,243
3309,9,249
3245,81,253
3184,136,266
3123,179,273
3068,213,294
3043,225,313
3079,214,346
3130,199,388
3201,196,427
3273,205,475
3337,230,522
3392,268,576
3437,307,627
3476,342,676
3521,366,715
3581,385,737
3670,388,734
3784,389,720
3911,389,700
4032,378,668
4156,354,617
4266,322,537
4366,291,443
4446,254,340
4487,227,241
4515,203,146
4538,163,60
4558,130,2
4555,128,-31
4596,125,-36
4655,144,-12
4727,170,34
4818,189,86
4905,200,142
4970,216,190
5010,236,234
5028,262,268
5067,306,323
5166,365,402
5372,449,511
5712,558,644
6174,701,767
6714,872,862
7230,1033,919
7571,1150,950
7597,1199,971
7351,1173,931
6821,1107,751
6157,1001,391
5503,878,-80
4972,778,-563
4635,709,-977
4352,669,-1313
4095,662,-1546
3899,691,-1660
3718,750,-1692
3592,843,-1657
3509,945,-1595
3466,1058,-1526
3453,1186,-1457
3457,1330,-1392
3480,1479,-1322
3516,1648,-1236
3605,1849,-1120
3742,2025,-1002
3890,2155,-908
4054,2252,-827
4253,2330,-774
4451,2406,-742
4542,2456,-789
4530,2497,-863
4438,2519,-929
4269,2524,-971
4058,2498,-991
3831,2448,-968
3632,2382,-930
3463,2320,-879
3359,2262,-828
3318,2204,-786
3319,2129,-767
3352,2040,-769
3398,1926,-784
3443,1790,-813
3477,1657,-838
3488,1524,-867
3480,1401,-887
3455,1300,-898
3406,1188,-902
3332,1091,-891
3255,1008,-853
3179,946,-823
3099,868,-820
3044,764,-863
3011,649,-912
2994,557,-937
2997,474,-941
3011,415,-910
3012,380,-855
3017,356,-777
3023,353,-688
3017,365,-587
3016,362,-490
3014,366,-393
3006,374,-304
2996,377,-226
2993,374,-163
3003,391,-110
2985,428,-82
2945,465,-83
2906,497,-107
2874,541,-139
2857,602,-173
2847,687,-202
2839,780,-227
2853,880,-245
2869,988,-264
2893,1106,-277
2907,1221,-290
2921,1332,-307
2942,1441,-337
2981,1544,-376
3027,1643,-430
3072,1741,-466
3101,1817,-481
3122,1880,-482
3120,1927,-472
3106,1947,-451
3100,1958,-428
3096,1965,-396
3095,1969,-376
3094,1968,-349
3077,1955,-321
3053,1925,-295
3037,1884,-261
3033,1852,-208
3031,1815,-154
3029,1780,-97
3034,1748,-33
3039,1713,28
3041,1669,97
3045,1610,171
3059,1543,242
3095,1474,325
3146,1405,404
3206,1328,480
3277,1251,547
3338,1170,609
3392,1085,660
3418,989,683
3438,884,682
3460,773,650
3468,662,596
3461,550,548
3438,443,504
3411,353,479
3390,289,454
3389,259,434
3429,267,413
3516,294,389
3645,340,369
3807,413,363
3963,511,367
4114,637,388
4258,788,425
4396,941,459
4513,1082,465
4609,1204,441
4687,1312,389
4759,1394,329
4834,1457,261
4910,1497,198
4991,1516,154
5070,1516,139
5130,1502,152
5161,1482,186
5169,1457,222
5160,1426,260
5159,1386,290
5183,1339,313
5278,1280,330
5485,1215,339
5835,1155,343
6304,1109,335
6813,1079,335
7263,1054,367
7502,1020,404
7429,983,417
7022,948,369
6383,902,225
5716,870,23
5133,825,-223
4698,760,-504
4462,689,-777
4365,645,-1011
4298,618,-1194
4202,583,-1348
4084,533,-1462
3953,474,-1551
3829,398,-1626
3732,317,-1694
3673,254,-1757
3637,244,-1782
3570,317,-1753
3522,511,-1709
3542,761,-1681
3716,895,-1738
3995,910,-1827
4298,876,-1840
4592,752,-1776
4829,553,-1638
5004,190,-1503
5080,-85,-1337
5069,-216,-1157
5013,-306,-1043
4909,-312,-981
4788,-279,-939
4645,-224,-922
4523,-172,-936
4398,-166,-981
4267,-168,-1022
4147,-170,-1052
4015,-164,-1068
3860,-138,-1088
3706,-75,-1109
3573,13,-1126
3470,120,-1138
3389,252,-1126
3321,387,-1092
3262,518,-1044
3189,640,-982
3121,750,-914
3071,834,-848
3053,861,-786
3041,852,-714
3014,831,-611
2999,793,-494
2994,781,-364
2983,792,-243
2965,807,-145
2932,820,-58
2892,818,10
2849,813,63
2801,813,93
2756,807,106
2729,800,115
2717,799,115
2716,799,113
2725,810,106
2745,816,104
2785,813,105
2827,800,111
2874,791,120
2932,780,127
2993,739,121
3061,686,112
3121,614,101
3185,532,84
3251,441,70
3306,350,48
3364,249,26
3412,164,8
3461,85,-5
3500,1,-28
3526,-76,-39
3546,-125,-34
3546,-160,-23
3533,-182,-13
3508,-197,-3
3482,-199,5
3456,-195,10
3426,-192,12
3398,-173,19
3368,-152,25
3344,-125,46
3328,-95,77
3310,-65,114
3291,-3,168
3288,73,231
3265,157,294
3235,227,344
3210,284,395
3195,327,443
3187,378,482
3211,430,508
3255,479,527
3311,518,532
3341,546,541
3344,565,569
3319,565,602
3285,536,632
3248,494,650
3235,459,652
3262,438,645
3327,431,633
3422,436,630
3544,458,636
3680,484,628
3815,514,603
3946,544,563
4056,559,508
4159,567,443
4240,568,376
4315,568,313
4395,568,258
4477,574,215
4573,598,194
4695,632,196
4830,673,222
4939,709,248
4997,757,266
5029,791,266
5049,808,257
5036,830,257
5013,870,282
5024,918,325
5019,980,402
5020,1060,502
5076,1152,634
5215,1275,783
5491,1432,962
5921,1631,1141
6473,1851,1308
7082,2051,1439
7587,2160,1526
7819,2120,1584
7657,1953,1626
7122,1695,1576
6398,1416,1365
5599,1133,970
4857,905,441
4366,781,-147
4276,653,-738
4223,583,-1288
4108,616,-1753
3979,729,-2072
3843,894,-2228
3699,1082,-2249
3544,1255,-2160
3384,1416,-2028
3238,1551,-1884
3108,1661,-1733
3050,1770,-1581
3062,1874,-1444
3167,1998,-1313
3364,2115,-1213
3629,2229,-1126
3925,2345,-1047
4209,2448,-955
4407,2518,-862
4487,2544,-773
4393,2573,-708
4242,2603,-639
4042,2605,-579
3830,2576,-544
3651,2521,-532
3521,2442,-528
3447,2349,-534
3410,2248,-538
3412,2143,-528
3462,2026,-497
3545,1904,-441
3650,1776,-373
3720,1629,-328
3740,1462,-322
3739,1295,-335
3725,1146,-368
3674,995,-431
3596,850,-503
3508,705,-598
3377,573,-694
3248,454,-779
3141,359,-842
3064,270,-884
2999,188,-898
2955,139,-875
2914,103,-819
2889,75,-724
2866,53,-612
2843,41,-495
2835,21,-374
2834,10,-247
2838,5,-120
2849,-1,-4
2856,2,107
2862,22,209
2881,47,289
2892,87,337
2873,142,354
2835,208,340
2798,278,304
2778,353,250
2779,442,186
2787,538,131
2807,644,75
2843,751,35
2900,868,5
2953,981,-32
3008,1090,-69
3059,1204,-85
3107,1304,-91
3138,1396,-95
3161,1466,-109
3174,1517,-126
3180,1562,-142
3191,1601,-151
3194,1613,-162
3190,1616,-177
3205,1617,-188
3204,1609,-195
3206,1587,-204
3209,1578,-200
3219,1562,-191
3222,1557,-159
3205,1537,-120
3183,1498,-76
3155,1460,-25
3133,1415,28
3111,1351,80
3094,1276,126
3107,1199,184
3147,1119,243
3205,1044,304
3273,964,365
3337,882,418
3397,803,471
3464,728,524
3544,664,565
3588,610,590
3576,557,600
3519,503,611
3429,459,638
3344,428,664
3280,400,678
3289,373,690
3425,377,693
3666,399,688
3929,413,664
4195,411,640
4437,417,639
4666,463,657
4822,527,652
4871,595,592
4826,653,461
4734,707,286
4648,762,113
4603,820,-38
4617,880,-152
4700,947,-226
4827,1004,-241
4951,1094,-190
5053,1175,-101
5136,1216,1
5197,1234,115
5228,1237,240
5240,1228,359
5246,1218,476
5259,1207,601
5307,1192,725
5407,1171,856
5598,1142,987
5894,1107,1103
6301,1022,1186
6826,878,1245
7415,722,1343
7878,559,1486
8006,413,1618
7585,303,1607
6735,208,1351
5696,141,851
4693,80,224
3898,18,-423
3500,-12,-997
3624,-9,-1462
3806,-35,-1814
3928,-66,-2027
3983,-125,-2152
3980,-197,-2196
3959,-252,-2176
3922,-298,-2105
3931,-330,-2015
4001,-328,-1901
4126,-303,-1772
4306,-266,-1641
4489,-231,-1526
4668,-165,-1399
4852,-84,-1277
4984,-6,-1177
5048,57,-1119
5033,107,-1103
4945,127,-1137
4768,144,-1161
4532,143,-1192
4293,108,-1254
4086,51,-1339
3929,-2,-1427
3828,-60,-1506
3763,-111,-1571
3713,-136,-1608
3674,-109,-1567
3650,-56,-1474
3647,24,-1291
3659,127,-1077
3678,235,-881
3694,350,-720
3671,463,-596
3607,561,-521
3516,651,-504
3396,723,-524
3244,768,-570
3110,791,-611
2981,788,-646
2882,769,-665
2823,741,-656
2784,708,-628
2768,678,-572
2760,639,-514
2752,594,-449
2743,560,-373
2735,530,-303
2727,520,-238
2727,528,-176
2731,535,-126
2737,529,-97
2765,517,-81
2798,515,-70
2825,507,-72
2858,483,-76
2893,455,-85
2930,417,-101
2974,363,-119
3017,305,-135
3066,241,-155
3115,181,-174
3160,111,-191
3205,41,-204
3257,-33,-215
3301,-94,-225
3340,-150,-229
3384,-201,-233
3421,-234,-232
3453,-256,-229
3473,-261,-218
3486,-269,-206
3490,-261,-190
3482,-241,-167
3467,-218,-143
3458,-189,-116
3449,-152,-79
3445,-110,-33
3451,-63,22
3470,-12,87
3487,44,157
3499,105,235
3512,185,315
3531,271,391
3552,347,463
3558,410,522
3557,466,575
3554,513,618
3538,548,652
3507,574,684
3484,607,727
3471,633,766
3462,646,796
3465,645,811
3495,644,818
3573,663,821
3663,684,820
3738,687,809
3797,670,787
3823,633,744
3804,576,683
3760,503,607
3688,417,507
3638,343,399
3635,281,296
3671,224,207
3732,168,141
3808,127,97
3891,82,71
3972,48,56
4045,20,36
4122,-3,23
4220,-22,13
4321,-33,12
4434,-34,26
4551,-21,66
4649,6,130
4736,45,215
4803,100,305
4844,170,395
4886,241,474
4943,322,557
5036,409,652
5138,513,742
5222,632,829
5332,780,928
5469,939,1033
5630,1119,1127
5855,1312,1208
6201,1514,1252
6685,1698,1262
7179,1840,1235
7520,1935,1210
7581,1908,1208
7269,1767,1210
6701,1511,1157
6004,1228,1019
5330,950,790
4793,670,479
4525,392,158
4489,194,-158
4469,133,-482
4423,200,-806
4321,349,-1118
4147,539,-1415
3901,725,-1688
3620,871,-1918
3334,986,-2065
3079,1076,-2114
2906,1142,-2071
2815,1202,-1973
2782,1256,-1854
2834,1328,-1712
2985,1428,-1557
3173,1510,-1427
3399,1569,-1302
3646,1639,-1150
3851,1707,-962
4026,1779,-740
4118,1828,-523
4141,1840,-334
4123,1815,-185
4072,1767,-85
3989,1726,-12
3887,1684,37
3814,1620,74
3795,1551,119
3797,1472,157
3800,1376,177
3819,1253,160
3828,1110,106
3826,943,29
3815,775,-54
3800,614,-132
3778,460,-201
3762,298,-260
3713,151,-312
3631,31,-379
3529,-69,-457
3429,-154,-549
3349,-226,-625
3278,-275,-696
3233,-302,-742
3195,-314,-769
3168,-310,-767
3147,-283,-725
3125,-235,-647
3104,-172,-556
3093,-100,-457
3083,-20,-362
3076,81,-270
3070,192,-186
3059,304,-127
3053,412,-75
3057,516,-39
3074,611,-15
3102,683,-5
3135,735,-12
3168,783,-23
3200,826,-31
3224,859,-32
3256,886,-30
3297,917,-20
3347,947,-10
3386,984,-8
3415,1017,-2
3435,1029,10
3429,1063,14
3421,1094,25
3411,1105,30
3374,1132,21
3356,1148,20
3329,1165,23
3305,1174,34
3273,1181,41
3244,1182,46
3230,1170,63
3214,1142,72
3199,1111,81
3198,1079,109
3204,1047,137
3213,1008,160
3230,979,197
3249,956,229
3273,942,264
3294,922,317
3313,888,377
3331,847,425
3341,799,470
3331,749,506
3301,688,525
3260,622,508
3236,565,491
3240,505,462
3252,460,434
3260,427,417
3258,403,429
3250,389,458
3250,379,508
3269,375,549
3309,366,572
3400,368,590
3542,380,607
3714,395,625
3900,416,640
4069,459,657
4227,517,676
4368,569,657
4481,608,598
4568,656,529
4621,695,453
4670,723,384
4732,760,337
4794,805,315
4858,843,319
4950,869,346
5051,885,391
5139,894,437
5204,889,476
5242,860,533
5240,829,615
5214,796,700
5188,766,780
5177,744,870
5227,720,965
5360,688,1045
5617,649,1105
5997,593,1137
6457,494,1141
6923,329,1125
7299,143,1145
7474,-9,1238
7313,-84,1350
6815,-83,1374
6122,-54,1194
5391,-40,795
4751,-54,251
4287,-103,-374
4119,-115,-902
4056,-82,-1306
3961,-72,-1606
3837,-69,-1809
3716,-65,-1923
3601,-76,-1977
3506,-91,-1984
3420,-112,-1961
3371,-97,-1886
3391,-66,-1803
3507,-25,-1719
3751,0,-1669
4058,14,-1616
4446,17,-1522
4846,-3,-1364
5178,-32,-1156
5407,-72,-945
5470,-132,-798
5346,-164,-751
5103,-216,-790
4839,-225,-884
4584,-174,-1004
4356,-115,-1121
4177,-53,-1216
4028,14,-1266
3921,88,-1246
3841,180,-1167
3780,270,-1046
3760,349,-911
3772,415,-777
3758,461,-661
3709,501,-584
3641,521,-547
3544,536,-538
3419,543,-550
3283,539,-559
3129,548,-561
2985,561,-567
2859,570,-569
2772,586,-555
2723,600,-520
2680,603,-459
2647,602,-375
2647,616,-279
2669,626,-179
2706,635,-87
2749,644,-4
2792,651,68
2829,638,119
2859,609,152
2893,575,184
2939,548,213
2992,522,246
3047,501,280
3103,468,311
3161,435,336
3210,398,355
3247,350,378
3280,293,394
3301,235,394
3319,162,378
3336,98,357
3353,11,308
3368,-72,249
3367,-160,175
3377,-238,96
3383,-312,19
3379,-392,-58
3392,-454,-125
3402,-507,-175
3416,-521,-199
3437,-495,-190
3448,-437,-159
3462,-354,-95
3477,-244,-12
3483,-123,93
3484,-13,186
3463,89,261
3427,172,308
3383,239,327
3329,287,331
3286,309,325
3265,316,316
3253,318,309
3236,323,316
3221,347,338
3220,377,374
3235,414,429
3270,458,487
3321,497,551
3396,525,616
3486,554,689
3591,582,758
3698,598,824
3785,604,888
3845,581,937
3867,540,968
3864,481,979
3846,418,961
3838,349,921
3871,283,843
3949,230,758
4047,175,668
4152,120,580
4246,83,495
4339,52,410
4412,23,337
4475,-2,281
4541,-17,267
4602,-24,282
4653,-18,325
4701,-8,374
4756,9,426
4803,31,467
4857,67,509
4923,120,563
4999,184,623
5059,271,697
5114,366,794
5173,462,906
5226,566,1028
5323,694,1164
5491,871,1314
5821,1100,1473
6331,1378,1608
6938,1643,1693
7475,1863,1732
7752,1939,1716
7629,1873,1657
7149,1709,1539
6479,1423,1306
5703,1104,953
4944,783,522
4288,508,74
3814,318,-359
3767,177,-710
3781,114,-1032
3753,145,-1340
3672,253,-1616
3561,393,-1832
3469,555,-1952
3384,711,-1990
3339,893,-1934
3356,1061,-1808
3391,1206,-1651
3476,1328,-1506
3635,1459,-1375
3851,1575,-1253
4067,1648,-1167
4282,1705,-1076
4502,1766,-964
4671,1832,-828
4744,1877,-680
4723,1893,-531
4616,1869,-407
4450,1810,-307
4280,1699,-245
4137,1573,-208
4022,1504,-154
3943,1469,-83
3884,1447,-26
3842,1401,15
3810,1313,13
3784,1206,-8
3751,1091,-48
3730,966,-85
3727,839,-115
3710,758,-139
3651,679,-168
3579,598,-193
3488,515,-201
3378,437,-197
3280,366,-187
3185,306,-172
3114,254,-157
3078,201,-151
3056,157,-154
3035,109,-162
3012,72,-175
2990,34,-180
2967,5,-192
2960,-39,-194
2958,-79,-186
2952,-97,-166
2946,-91,-138
2947,-71,-103
2964,-52,-61
2988,-29,-24
3008,2,6
3012,60,51
2969,134,98
2895,209,135
2824,272,156
2766,331,173
2730,395,186
2706,453,201
2714,542,233
2727,654,254
2734,748,245
2748,828,210
2788,899,167
2818,975,117
2842,1034,60
2863,1071,10
2884,1106,-27
2896,1136,-65
2909,1152,-118
2935,1153,-160
2959,1143,-181
2989,1139,-193
3023,1131,-202
3054,1119,-198
3084,1101,-185
3107,1092,-165
3128,1079,-133
3128,1056,-81
3121,1025,-29
3110,976,22
3119,911,61
3152,842,105
3197,767,144
3244,694,172
3285,616,189
3296,537,210
3288,464,254
3262,394,298
3232,332,343
3210,283,366
3220,235,362
3261,198,329
3337,175,278
3432,168,231
3546,166,191
3692,172,151
3866,183,122
4047,197,110
4204,236,110
4364,292,134
4511,345,180
4644,382,222
4775,405,247
4923,414,256
5094,408,271
5290,392,260
5491,379,255
5688,376,259
5884,386,266
6045,375,266
6180,369,269
6294,369,265
6373,372,247
6438,371,211
6502,381,159
6575,413,80
6684,459,-44
6888,509,-223
7213,573,-445
7623,668,-685
7988,783,-965
8201,862,-1280
8169,909,-1478
7886,957,-1327
7559,1033,-1006
7379,1094,-750
7385,1108,-684
7569,1014,-841
7772,815,-1125
7821,524,-1433
7644,199,-1740
7280,-132,-2014
6821,-422,-2245
6356,-632,-2435
5923,-734,-2624
5542,-725,-2853
5160,-690,-2967
4848,-667,-2950
4600,-610,-2850
4407,-540,-2710
4273,-476,-2573
4166,-407,-2447
4064,-330,-2337
3962,-251,-2222
3870,-180,-2126
3798,-113,-2049
3764,-62,-1997
3770,-29,-1959
3769,-20,-1940
3729,-24,-1937
3628,-15,-1907
3440,20,-1848
3174,59,-1755
2853,122,-1622
2514,202,-1471
2185,292,-1300
1865,377,-1117
1563,461,-919
1295,556,-711
1042,651,-506
819,755,-328
580,806,-216
371,791,-171
190,714,-189
38,584,-246
-69,408,-310
-139,262,-356
-193,146,-337
-251,63,-294
-305,-5,-254
-362,-52,-209
-406,-85,-179
-432,-114,-158
-445,-132,-151
-436,-152,-157
-431,-159,-166
-420,-156,-166
-419,-153,-155
-425,-154,-146
-449,-154,-153
-476,-161,-172
-519,-170,-222
-556,-167,-273
-596,-156,-340
-633,-140,-401
-654,-122,-431
-667,-100,-427
-666,-78,-408
-651,-63,-388
-602,-44,-368
-571,-24,-370
-519,-6,-380
-480,15,-387
-416,51,-394
-332,103,-404
-192,198,-417
2,312,-438
213,385,-456
435,419,-473
702,433,-555
1025,452,-703
1433,543,-925
1958,730,-1221
2824,1099,-1677
4459,1578,-2571
6734,2093,-3830
9751,2328,-5704
12768,2244,-7777
15446,2145,-9609
16503,1817,-10458
16122,1301,-10493
14554,865,-9923
12820,625,-9270
11632,417,-8958
11437,218,-9127
11887,74,-9392
12685,-35,-9402
13572,-198,-9027
14698,-434,-8075
16230,-774,-6558
17978,-1107,-4661
19687,-1166,-2421
20809,-652,-377
20515,299,245
19236,1247,-538
17633,1928,-1767
16165,2283,-2756
14881,2476,-3129
13932,2629,-2719
13400,2748,-1860
13131,2739,-936
12946,2558,-299
12687,2216,-81
12276,1781,-167
11757,1409,-314
11192,1114,-391
10558,988,-402
9807,853,-482
9017,584,-646
7968,352,-779
6841,165,-842
5806,-33,-839
4840,-205,-738
3902,-304,-570
3018,-375,-428
2239,-407,-284
1586,-431,-189
1056,-466,-178
773,-609,-252
500,-633,-238
209,-532,-234
-7,-323,-259
-203,-226,-218
-347,-174,-163
-445,-143,-132
-590,-93,-263
-700,-35,-381
-683,-28,-366
-605,-20,-312
-828,55,-643
-1342,230,-1431
-1932,433,-2239
-2184,450,-2660
-2088,327,-2903
-1941,302,-2942
-1845,299,-2783
-1993,338,-3005
-2186,383,-3256
-2273,380,-3392
-2351,394,-3441
-2363,469,-3338
-2357,498,-3162
-2359,461,-3025
-2345,483,-2841
-2193,470,-2547
-1991,409,-2236
-1848,300,-1943
-1683,153,-1683
-1435,-68,-1438
-1003,-208,-1172
-718,-273,-992
-544,-281,-821
-427,-257,-656
-349,-207,-503
-291,-161,-365
-251,-118,-257
-224,-65,-189
-195,-30,-144
-174,-14,-120
-169,-10,-109
-164,-7,-102
-105,-6,-29
53,23,199
277,143,601
537,385,1150
757,699,1683
870,931,1919
845,971,1722
723,857,1248
573,698,742
418,551,336
277,440,43
156,347,-148
73,273,-253
9,221,-287
