4711,1129,1666
4728,1138,1622
4693,1142,1585
4691,1156,1533
4673,1289,1370
4687,1184,1521
4715,1175,1417
4670,1175,1410
4696,1206,1360
4686,1201,1356
4675,1183,1368
4657,1208,1270
4673,1187,1288
4676,1334,1273
4669,1332,1241
4691,1215,1315
4687,1191,1342
4656,1211,1278
4668,1225,1362
4702,1219,1302
4718,1228,1383
4712,1182,1324
4694,1414,1236
4689,1341,1277
4683,1191,1333
4713,1223,1332
4692,1186,1324
4672,1201,1352
4665,1210,1302
4687,1218,1376
4702,1229,1335
4689,1312,1273
4637,1300,1253
4675,1193,1332
4652,1213,1328
4671,1237,1344
4701,1179,1343
4673,1203,1367
4672,1199,1329
4694,1210,1381
4678,1403,1269
4669,1343,1229
4671,1208,1262
4674,1198,1311
4679,1205,1325
4645,1242,1361
4670,1214,1255
4692,1235,1306
4703,1222,1219
4699,1276,1211
4669,1336,1206
4669,1228,1264
4671,1196,1300
4646,1219,1296
4673,1238,1225
4654,1218,1228
4670,1217,1270
4673,1200,1239
4671,1209,1241
4698,1331,1123
4682,1217,1241
4699,1221,1199
4692,1207,1254
4671,1238,1217
4674,1227,1295
4689,1221,1254
4664,1191,1285
4676,1174,1309
4666,1339,1185
4656,1317,1214
4676,1212,1212
4670,1164,1266
4657,1208,1259
4691,1182,1264
4686,1220,1178
4648,1173,1174
4664,1220,1253
4691,1306,1185
4666,1330,1165
4641,1211,1277
4659,1215,1372
4649,1202,1268
4660,1223,1296
4658,1175,1296
4653,1186,1237
4645,1223,1291
4663,1366,1204
4664,1351,1220
4664,1216,1297
4672,1203,1279
4701,1237,1302
4668,1206,1284
4656,1231,1276
4652,1201,1221
4666,1214,1299
4638,1415,1125
4639,1482,1159
4696,1448,1164
4671,1383,1102
4694,1319,1155
4671,1226,1273
4674,1208,1321
4668,1223,1275
4700,1207,1259
4657,1416,1189
4674,1417,1111
4705,1380,1158
4672,1363,1239
4658,1242,1325
4691,1226,1218
4676,1209,1236
4663,1235,1338
4650,1252,1282
4662,1193,1285
4664,1321,1191
4670,1218,1234
4670,1202,1319
4663,1241,1213
4676,1217,1132
4665,1233,1279
4667,1238,1260
4653,1214,1307
4680,1208,1237
4672,1350,1166
4659,1237,1201
4664,1267,1168
4651,1222,1227
4649,1194,1231
4653,1235,1230
4678,1242,1217
4644,1269,1192
4653,1243,1279
4684,1363,1102
4692,1347,1068
4689,1259,1259
4675,1219,1192
4697,1243,1180
4670,1242,1213
4652,1242,1220
4690,1230,1254
4662,1220,1222
4677,1472,1115
4681,1347,1207
4648,1221,1198
4669,1221,1211
4625,1240,1287
4678,1247,1265
4669,1263,1194
4659,1250,1224
4650,1282,1180
4690,1472,1063
4643,1380,1121
4687,1259,1208
4687,1251,1200
4648,1240,1218
4652,1238,1248
4666,1242,1269
4684,1250,1260
4650,1252,1227
4660,1415,1130
4638,1373,1093
4689,1244,1275
4672,1247,1183
4689,1249,1201
4651,1250,1250
4662,1230,1196
4679,1246,1177
4694,1265,1162
4681,1426,1166
4641,1370,1126
4647,1272,1270
4646,1229,1250
4689,1256,1169
4696,1218,1219
4683,1244,1195
4685,1212,1251
4666,1210,1223
4645,1246,1233
4662,1326,1199
4662,1258,1232
4678,1250,1211
4671,1234,1227
4711,1227,1220
4708,1238,1207
4699,1191,1159
4684,1211,1223
4628,1183,1225
4644,1356,1094
4665,1261,1201
4644,1238,1137
4677,1225,1187
4668,1216,1229
4650,1236,1154
4675,1226,1183
4678,1244,1194
4686,1234,1151
4658,1345,1135
4701,1350,1137
4668,1256,1147
4641,1259,1214
4672,1256,1237
4646,1271,1156
4659,1273,1183
4663,1266,1212
4664,1269,1225
4655,1439,1049
4678,1356,1087
4677,1276,1302
4643,1264,1235
4661,1217,1232
4639,1249,1215
4673,1238,1115
4664,1219,1286
4664,1256,1223
4673,1403,1122
4663,1357,1090
4649,1257,1213
4654,1256,1226
4651,1244,1249
4678,1257,1218
4694,1280,1208
4662,1216,1224
4684,1197,1221
4697,1376,1112
4670,1351,1104
4697,1272,1223
4649,1268,1205
4686,1278,1215
4680,1275,1158
4696,1238,1133
4668,1267,1242
4658,1258,1217
4688,1268,1179
4689,1334,1144
4683,1251,1203
4680,1237,1183
4678,1242,1172
4694,1251,1165
4647,1245,1197
4679,1243,1164
4703,1234,1257
4691,1260,1161
4676,1407,1162
4663,1234,1132
4670,1212,1172
4643,1255,1191
4658,1223,1164
4648,1248,1184
4672,1203,1168
4650,1251,1206
4665,1235,1207
4643,1465,1055
4643,1496,1053
4631,1492,1049
4679,1457,1142
4656,1359,1111
4636,1362,1093
4678,1220,1200
4642,1220,1178
4639,1254,1285
4674,1361,1097
4661,1372,1089
4654,1263,1219
4633,1288,1226
4663,1242,1257
4622,1269,1189
4651,1264,1218
4623,1264,1222
4636,1283,1211
4687,1419,1002
4659,1384,1047
4638,1390,1036
4655,1288,1166
4658,1268,1209
4677,1269,1184
4676,1252,1248
4658,1292,1155
4668,1297,1169
4642,1294,1116
4675,1386,1090
4664,1285,1190
4668,1236,1136
4650,1283,1190
4666,1234,1104
4686,1260,1195
4677,1217,1186
4675,1246,1154
4664,1521,1052
4662,1415,1085
4693,1263,1165
4639,1293,1179
4660,1268,1152
4692,1285,1201
4692,1272,1150
4670,1255,1178
4657,1291,1165
4662,1251,1146
4679,1372,1056
4669,1226,1164
4683,1267,1135
4671,1271,1165
4660,1268,1178
4643,1252,1155
4675,1267,1221
4676,1285,1186
4667,1280,1180
4665,1373,1120
4669,1252,1157
4647,1238,1197
4678,1246,1212
4673,1302,1166
4656,1252,1134
4655,1259,1248
4658,1275,1169
4636,1275,1194
4653,1423,1083
4689,1373,1192
4674,1247,1174
4666,1257,1147
4635,1239,1221
4692,1253,1138
4708,1279,1173
4691,1276,1086
4676,1283,1156
4682,1474,1107
4696,1387,1025
4697,1282,1097
4682,1279,1166
4700,1268,1195
4679,1265,1197
4680,1282,1226
4670,1251,1168
4646,1248,1167
4686,1470,1083
4639,1401,1139
4630,1247,1196
4643,1257,1187
4639,1274,1164
4660,1245,1160
4626,1246,1235
4646,1273,1149
4651,1277,1100
4635,1263,1149
4657,1381,1065
4642,1281,1093
4674,1241,1131
4653,1298,1165
4681,1246,1104
4654,1263,1131
4693,1258,1196
4661,1256,1150
4666,1386,1097
4697,1379,1071
4696,1261,1181
4678,1254,1215
4667,1237,1245
4679,1210,1221
4716,1250,1135
4654,1231,1206
4686,1219,1245
4663,1226,1116
4661,1370,1112
4655,1251,1116
4636,1241,1214
4653,1251,1131
4659,1242,1165
4647,1223,1171
4673,1235,1211
4681,1229,1081
4686,1261,1178
4651,1330,1059
4699,1291,1181
4650,1234,1158
4684,1266,1190
4678,1258,1179
4689,1263,1195
4650,1264,1207
4683,1259,1205
4680,1273,1200
4678,1391,1074
4670,1323,1171
4693,1245,1151
4666,1243,1198
4678,1257,1142
4688,1229,1143
4680,1227,1142
4701,1226,1181
4668,1274,1213
4685,1462,1104
4707,1414,1116
4702,1451,1048
4710,1412,977
4702,1444,1080
4689,1364,1038
4661,1345,1125
4646,1256,1165
4640,1224,1241
4672,1399,1145
4677,1363,1028
4683,1282,1143
4651,1276,1131
4702,1249,1143
4665,1234,1210
4677,1219,1207
4675,1249,1184
4684,1266,1209
4651,1256,1218
4695,1355,1090
4678,1245,1206
4681,1233,1195
4697,1251,1174
4663,1229,1198
4675,1255,1151
4668,1233,1186
4643,1220,1232
4674,1235,1136
4709,1332,1086
4630,1239,1163
4704,1251,1206
4646,1234,1161
4688,1226,1165
4658,1270,1221
4679,1232,1219
4695,1276,1183
4661,1273,1175
4688,1340,1159
4698,1244,1151
4700,1231,1137
4668,1222,1181
4677,1232,1217
4665,1253,1165
4657,1243,1188
4703,1239,1236
4680,1248,1222
4691,1345,1102
4691,1367,1114
4665,1242,1219
4661,1241,1270
4696,1261,1146
4677,1243,1177
4683,1232,1183
4680,1214,1190
4682,1238,1170
4699,1368,1138
4682,1361,1123
4663,1229,1185
4656,1300,1225
4678,1263,1222
4663,1231,1163
4665,1205,1239
4677,1235,1180
4682,1261,1221
4647,1434,1092
4668,1363,1075
4638,1231,1232
4636,1259,1174
4653,1262,1195
4695,1239,1173
4662,1266,1195
4661,1273,1219
4663,1242,1176
4670,1284,1139
4681,1332,1089
4693,1234,1173
4693,1241,1222
4701,1220,1145
4667,1219,1195
4658,1259,1147
4679,1254,1174
4662,1252,1265
4717,1298,1146
4710,1347,1173
4642,1225,1203
4690,1244,1183
4675,1219,1200
4694,1256,1150
4645,1259,1093
4675,1248,1251
4673,1246,1213
4649,1254,1230
4650,1385,1115
4653,1214,1217
4679,1226,1121
4683,1226,1152
4682,1270,1128
4672,1256,1148
4681,1287,1185
4681,1261,1145
4676,1248,1162
4636,1376,1067
4650,1256,1158
4680,1230,1134
4664,1266,1131
4676,1233,1204
4674,1264,1140
4697,1237,1141
4667,1265,1156
4666,1260,1167
4672,1357,1141
4676,1346,1141
4662,1253,1134
4673,1232,1165
4670,1258,1145
4646,1250,1123
4673,1282,1244
4637,1240,1182
4669,1253,1185
4663,1470,1078
4670,1334,1089
4693,1207,1127
4702,1213,1117
4664,1248,1195
4684,1208,1219
4670,1240,1216
4658,1230,1229
4655,1255,1130
4662,1450,1119
4661,1377,1139
4686,1256,1170
4657,1283,1143
4618,1238,1125
4644,1248,1205
4668,1244,1152
4664,1269,1148
4637,1246,1232
4666,1242,1162
4636,1340,1038
4667,1227,1194
4632,1238,1217
4658,1239,1201
4605,1230,1150
4624,1232,1210
4628,1227,1184
4642,1254,1170
4662,1231,1145
4650,1331,1119
4646,1236,1224
4623,1248,1269
4652,1255,1140
4637,1211,1131
4628,1234,1156
4656,1241,1234
4652,1248,1219
4638,1279,1217
4647,1422,1168
4633,1477,1145
4624,1446,1078
4665,1440,1175
4634,1335,1121
4634,1218,1195
4659,1222,1261
4629,1257,1203
4628,1236,1142
4625,1346,1126
4646,1228,1219
4665,1230,1251
4637,1201,1184
4682,1218,1167
4671,1218,1184
4660,1249,1208
4704,1210,1250
4648,1251,1178
4707,1354,1131
4660,1335,1113
4668,1240,1214
4682,1210,1305
4698,1242,1257
4681,1225,1207
4702,1239,1258
4670,1228,1274
4687,1236,1221
4648,1409,1149
4681,1352,1148
4661,1255,1203
4667,1232,1275
4699,1242,1201
4666,1238,1248
4728,1222,1228
4671,1212,1303
4661,1234,1298
4669,1407,1146
4669,1350,1128
4690,1235,1260
4684,1292,1180
4681,1263,1285
4694,1240,1182
4671,1234,1298
4698,1200,1261
4688,1230,1256
4684,1235,1252
4672,1380,1238
4711,1242,1247
4684,1250,1200
4659,1259,1266
4671,1227,1261
4655,1224,1271
4709,1251,1316
4698,1246,1233
4666,1229,1222
4683,1355,1134
4662,1273,1209
4649,1228,1336
4675,1251,1299
4672,1246,1243
4633,1229,1290
4665,1249,1283
4690,1223,1268
4647,1266,1235
4670,1364,1167
4678,1230,1276
4668,1243,1130
4657,1228,1308
4652,1240,1224
4661,1248,1291
4713,1252,1294
4678,1244,1310
4676,1223,1247
4699,1409,1177
4653,1329,1140
4650,1265,1302
4660,1243,1250
4671,1231,1258
4651,1246,1241
4654,1235,1235
4673,1276,1193
4664,1246,1207
4661,1422,1197
4646,1369,1100
4678,1262,1215
4672,1298,1215
4663,1273,1250
4659,1250,1207
4646,1243,1189
4680,1228,1262
4667,1237,1265
4668,1426,1205
4684,1378,1172
4676,1261,1236
4666,1237,1265
4685,1235,1239
4673,1236,1205
4661,1241,1278
4661,1241,1180
4677,1245,1258
4666,1256,1275
4667,1362,1143
4694,1254,1265
4694,1247,1201
4681,1214,1226
4687,1227,1175
4691,1246,1250
4673,1233,1228
4656,1220,1268
4679,1223,1191
4692,1310,1099
4658,1247,1175
4656,1265,1281
4694,1254,1309
4695,1218,1241
4708,1241,1233
4682,1232,1247
4678,1258,1196
4670,1245,1215
4706,1354,1183
4683,1250,1239
4696,1263,1282
4690,1230,1256
4672,1239,1262
4685,1245,1200
4675,1247,1216
4667,1240,1129
4673,1226,1240
4669,1360,1199
4657,1251,1189
4665,1229,1238
4672,1244,1232
4675,1223,1241
4647,1262,1182
4698,1242,1305
4633,1211,1251
4689,1229,1171
4695,1446,1137
4667,1367,1179
4663,1236,1268
4678,1225,1226
4702,1252,1252
4635,1245,1272
4655,1250,1317
4658,1251,1226
4662,1244,1287
4654,1428,1177
4659,1352,1233
4667,1220,1288
4662,1284,1146
4667,1237,1241
4669,1241,1183
4644,1252,1260
4635,1245,1237
4642,1258,1197
4668,1462,1059
4686,1489,1114
4689,1507,1127
4692,1460,1086
4649,1414,1111
4679,1284,1175
4669,1286,1181
4668,1278,1287
4674,1305,1241
4711,1275,1267
4698,1362,1184
4668,1268,1277
4662,1252,1232
4652,1291,1206
4678,1277,1212
4646,1275,1311
4655,1278,1237
4671,1243,1216
4706,1257,1211
4697,1393,1225
4682,1275,1392
4690,1296,1357
4714,1279,1311
4717,1292,1284
4754,1304,1362
4773,1299,1369
4771,1310,1464
4756,1313,1390
4780,1393,1367
4741,1306,1469
4740,1308,1433
4762,1301,1565
4757,1279,1518
4779,1286,1608
4801,1333,1689
4795,1319,1641
4808,1278,1714
4791,1396,1675
4842,1385,1796
4835,1231,1955
4828,1238,1967
4840,1205,1999
4818,1209,2102
4846,1162,2036
4840,1168,2233
4842,1170,2346
4846,1256,2296
4875,1242,2306
4838,1164,2458
4854,1135,2469
4826,1128,2557
4821,1097,2623
4845,1101,2648
4812,1117,2687
4847,1098,2744
4836,1258,2622
4824,1203,2651
4858,1069,2768
4872,1080,2754
4813,1065,2652
4826,1056,2664
4789,1040,2659
4807,999,2538
4839,978,2575
4814,1008,2511
4790,1081,2437
4805,918,2415
4821,932,2408
4865,875,2321
4932,847,2145
4939,847,2107
5017,785,2092
5121,788,2035
5119,798,2069
5197,958,1933
5260,895,1981
5337,783,2028
5346,782,2074
5406,776,2006
5429,742,2077
5504,774,2029
5524,766,1988
5564,775,1996
5584,942,1954
5631,809,1946
5694,808,1963
5688,819,2031
5714,840,1960
5724,836,1978
5773,870,1921
5820,922,1925
5827,943,1977
5870,1062,1814
5867,991,1889
5920,996,1904
5916,1070,1930
5994,1083,1935
5995,1126,1966
6033,1196,1909
6019,1224,1919
6008,1271,1878
6047,1426,1767
6035,1445,1730
6052,1372,1677
6042,1352,1573
6006,1349,1347
5988,1292,1087
5885,1297,936
5845,1314,772
5801,1290,648
5721,1503,420
5628,1431,343
5616,1312,317
5596,1320,281
5559,1346,315
5530,1382,251
5443,1353,127
5417,1421,170
5356,1451,120
5265,1664,51
5238,1661,136
5153,1554,249
5143,1630,251
5069,1657,308
5085,1697,320
5060,1734,381
5023,1778,381
5024,1833,467
5030,1865,554
5032,1970,545
4986,1891,648
5032,1953,737
4993,1999,730
5008,2014,779
4943,2031,863
4956,2076,899
4964,2070,822
4967,2118,902
4962,2256,803
4911,2162,974
4930,2212,955
4891,2196,997
4869,2208,929
4870,2269,995
4821,2269,1027
4854,2306,1108
4849,2334,983
4804,2474,989
4822,2402,1064
4807,2405,1067
4790,2421,1092
4792,2497,1068
4772,2506,1098
4787,2536,1051
4783,2528,1039
4761,2617,1164
4759,2770,1079
4786,2828,1073
4726,2867,996
4740,2885,1113
4760,2798,1032
4742,2722,1163
4740,2730,1041
4726,2731,1114
4712,2773,1082
4738,2903,1071
4732,2905,941
4735,2815,1109
4702,2868,1141
4732,2890,979
4731,2921,1028
4720,2917,1031
4733,2938,1056
4725,2958,969
4705,3176,934
4691,3133,891
4708,3015,995
4677,3015,914
4665,3037,993
4711,3009,998
4697,3047,938
4689,3020,852
4658,3054,808
4648,3176,718
4631,3222,702
4588,3058,737
4607,3121,720
4575,3146,681
4549,3144,683
4549,3172,603
4511,3185,579
4501,3234,629
4421,3246,609
4436,3389,488
4481,3299,614
4404,3341,725
4421,3322,657
4383,3363,643
4409,3347,729
4365,3393,671
4361,3405,737
4331,3436,745
4327,3638,697
4303,3593,698
4283,3488,844
4265,3524,803
4260,3545,844
4216,3541,820
4233,3546,870
4194,3582,874
4180,3569,953
4141,3732,793
4125,3605,907
4088,3637,926
4092,3670,885
4072,3679,775
4026,3717,821
4041,3708,782
4039,3718,748
4000,3727,742
3962,3870,652
3949,3900,613
3935,3767,652
3899,3780,706
3877,3820,719
3845,3827,717
3797,3864,679
3791,3854,575
3782,3921,566
3748,4130,515
3725,4045,534
3693,3941,578
3689,3938,490
3675,3957,566
3683,3954,494
3689,3951,495
3636,3932,489
3663,3951,472
3639,4169,421
3607,4106,409
3580,3952,529
3603,3972,496
3581,3991,446
3566,3986,430
3530,3986,481
3572,4002,493
3592,3975,528
3566,3962,461
3563,4091,478
3604,3951,543
3614,3926,572
3625,3941,519
3636,3892,557
3621,3932,494
3634,3984,570
3574,3977,540
3586,3975,523
3561,4081,514
3558,3974,444
3629,3931,493
3622,3965,562
3593,3954,481
3603,3941,577
3596,3981,584
3621,3977,654
3590,3970,636
3593,4105,479
3601,3983,635
3631,3958,679
3633,3952,687
3644,3983,701
3651,3975,798
3675,3977,774
3655,3974,825
3688,3979,930
3671,4215,856
3670,4034,1023
3655,3945,1042
3678,3954,1060
3697,3935,1174
3668,3972,1210
3678,3994,1222
3674,4006,1248
3619,3996,1341
3635,4125,1342
3621,4141,1381
3630,4031,1544
3625,4047,1512
3589,4045,1571
3598,4061,1519
3576,4117,1629
3545,4082,1600
3529,4076,1595
3537,4335,1702
3485,4356,1619
3477,4356,1730
3442,4339,1734
3433,4273,1848
3455,4274,1962
3437,4162,2124
3393,4190,2177
3391,4162,2275
3404,4327,2255
3365,4315,2394
3357,4217,2484
3376,4234,2489
3349,4197,2526
3342,4218,2583
3353,4208,2493
3356,4232,2491
3372,4223,2483
3387,4215,2497
3431,4349,2396
3423,4203,2442
3380,4227,2444
3430,4198,2358
3452,4218,2431
3437,4213,2383
3386,4235,2315
3364,4255,2315
3377,4241,2286
3363,4331,2216
3318,4235,2219
3341,4235,2224
3359,4274,2225
3327,4239,2235
3341,4226,2221
3340,4252,2270
3291,4271,2305
3340,4252,2302
3308,4376,2274
3286,4284,2371
3270,4294,2443
3249,4277,2487
3233,4277,2453
3264,4308,2584
3235,4294,2642
3266,4278,2641
3264,4268,2707
3218,4392,2630
3237,4382,2738
3243,4253,2833
3232,4254,2868
3238,4236,2966
3272,4202,3006
3232,4186,2990
3273,4159,3097
3287,4156,3036
3295,4317,3077
3276,4255,3130
3282,4134,3279
3315,4118,3334
3309,4104,3343
3351,4079,3540
3391,4065,3487
3374,4067,3485
3381,4051,3596
3427,4231,3504
3422,4151,3546
3381,4010,3684
3402,4001,3747
3427,3980,3713
3424,3981,3690
3431,4016,3782
3398,4001,3774
3426,3987,3777
3441,3986,3795
3464,4108,3752
3504,3963,3820
3457,3963,3813
3475,3963,3799
3465,3957,3883
3455,3929,3809
3446,3938,3822
3455,3950,3781
3445,3950,3905
3471,4033,3839
3471,3927,3837
3496,3931,3890
3518,3942,3884
3480,3934,3892
3479,3944,3863
3488,3924,3914
3476,3923,3877
3474,3964,3880
3479,4033,3807
3461,3909,3794
3466,3920,3854
3462,3942,3845
3451,3960,3846
3490,3967,3864
3473,3960,3816
3476,3970,3794
3423,3955,3788
3451,4096,3688
3461,4007,3800
3489,3977,3861
3481,3961,3812
3471,3964,3776
3455,4011,3834
3488,4020,3716
3482,4013,3745
3448,4030,3709
3476,4133,3688
3460,4091,3677
3456,3979,3759
3482,3975,3655
3468,4000,3762
3474,4015,3693
3452,3992,3759
3435,4003,3688
3414,4014,3669
3443,4235,3517
3436,4145,3611
3454,4008,3594
3457,4008,3685
3424,4017,3685
3405,4000,3634
3409,4036,3685
3403,4032,3694
3442,4015,3682
3412,4198,3647
3407,4128,3557
3405,4002,3677
3414,3968,3639
3447,3995,3651
3456,3984,3575
3430,4025,3618
3447,4004,3562
3428,4021,3633
3430,3996,3675
3431,4139,3563
3412,4028,3650
3384,3996,3617
3388,4008,3642
3393,4003,3595
3424,4047,3590
3419,3995,3633
3414,4050,3555
3441,4050,3574
3424,4146,3558
3431,4062,3634
3403,4028,3642
3412,4017,3640
3399,4030,3575
3427,4022,3599
3411,4026,3619
3440,4038,3642
3419,4034,3601
3448,4216,3510
3401,4256,3519
3415,4225,3520
3396,4133,3528
3391,4115,3556
3382,3993,3556
3398,4009,3643
3395,4010,3618
3388,4040,3631
3372,4115,3576
3424,4104,3487
3403,4010,3661
3393,4006,3597
3369,3988,3540
3390,3999,3583
3404,3998,3568
3399,4011,3518
3402,3984,3583
3418,4093,3534
3384,4108,3501
3409,4026,3549
3440,4034,3593
3397,4002,3583
3384,4013,3591
3414,4011,3635
3396,4009,3584
3388,3987,3605
3418,4171,3585
3422,4080,3523
3382,3981,3582
3430,3998,3495
3414,4027,3600
3396,4001,3561
3408,4046,3588
3410,4012,3589
3398,4037,3597
3404,4077,3536
3433,4171,3528
3449,4017,3577
3443,4029,3615
3395,4035,3492
3407,4031,3540
3401,4038,3602
3429,4033,3539
3407,4034,3592
3432,4070,3538
3437,4185,3456
3444,4045,3654
3389,4047,3540
3407,4029,3555
3405,4065,3530
3422,4040,3565
3386,4035,3552
3388,4018,3531
3392,4038,3574
3406,4158,3451
3396,4023,3648
3426,4007,3593
3409,4048,3630
3397,4035,3587
3410,4018,3526
3409,4027,3528
3418,4028,3544
3414,4058,3570
3392,4185,3478
3411,4030,3643
3393,4083,3511
3384,4010,3586
3410,4032,3543
3392,4021,3607
3381,4036,3609
3382,4037,3573
3404,4037,3474
3402,4145,3449
3405,4160,3418
3405,4016,3531
3399,4039,3531
3369,4032,3611
3427,4024,3547
3413,4053,3573
3389,4045,3551
3403,4004,3576
3404,4209,3509
3428,4137,3482
3391,4001,3523
3434,4005,3522
3404,4026,3565
3413,3995,3563
3409,4008,3519
3428,4016,3587
3415,4009,3547
3418,4205,3465
3395,4108,3505
3394,4005,3516
3418,4002,3489
3370,4041,3543
3367,4032,3549
3406,4054,3542
3397,4027,3510
3379,4012,3517
3365,4008,3526
3417,4147,3400
3418,4027,3513
3402,4015,3536
3391,4024,3581
3385,3986,3566
3383,4032,3610
3406,4038,3559
3405,4017,3568
3413,3993,3547
3411,4155,3485
3395,4023,3545
3425,4012,3550
3401,4031,3518
3389,4041,3516
3415,4049,3589
3370,4067,3525
3390,4026,3582
3447,4043,3560
3429,4175,3482
3421,4047,3476
3419,4028,3501
3404,4042,3554
3377,4010,3518
3384,4013,3559
3427,4065,3558
3420,4047,3518
3443,4008,3533
3420,4243,3377
3401,4157,3481
3457,4044,3551
3394,4011,3520
3408,4030,3524
3414,4022,3550
3407,4008,3516
3433,4032,3596
3436,4027,3518
3397,4133,3445
3382,4128,3448
3372,3988,3558
3389,3965,3498
3399,4006,3570
3435,3987,3607
3404,4000,3543
3383,3991,3455
3415,4010,3523
3411,4215,3459
3415,4131,3393
3421,4003,3467
3401,4011,3499
3412,4030,3565
3370,4052,3509
3375,4026,3544
3400,3997,3586
3402,4047,3499
3385,4097,3468
3374,4195,3330
3410,4236,3323
3413,4226,3389
3392,4117,3454
3389,4005,3480
3411,4025,3517
3406,4015,3520
3405,4020,3540
3361,3995,3518
3405,4136,3411
3411,4030,3536
3412,4018,3550
3407,4020,3537
3368,4033,3527
3358,4038,3539
3393,4021,3573
3406,4034,3551
3407,4046,3486
3375,4105,3440
3398,4036,3503
3367,4056,3545
3386,3987,3549
3376,4045,3506
3370,4040,3514
3390,4049,3570
3403,4035,3470
3393,4040,3524
3411,4151,3472
3387,4064,3547
3410,4047,3543
3385,4068,3522
3410,4074,3432
3411,4016,3496
3416,4053,3433
3416,4045,3477
3430,4038,3475
3403,4129,3429
3422,4172,3414
3416,4034,3476
3435,4050,3467
3388,4015,3520
3418,4043,3437
3393,4040,3533
3423,4049,3496
3374,4050,3427
3427,4232,3380
3399,4152,3413
3406,4037,3482
3420,4035,3549
3368,4033,3481
3393,4025,3547
3385,4041,3519
3410,4043,3465
3381,4021,3478
3394,4246,3435
3405,4132,3391
3410,4037,3508
3440,4013,3532
3410,4036,3536
3439,4026,3523
3441,4032,3523
3445,4009,3503
3407,4032,3429
3375,4056,3536
3370,4136,3402
3375,4026,3436
3381,4053,3496
3430,3995,3537
3408,4010,3436
3408,4007,3419
3408,4008,3502
3399,3997,3454
3392,4010,3594
3388,4113,3358
3401,3991,3538
3377,4014,3482
3389,4033,3462
3412,4024,3476
3383,4027,3565
3396,4007,3515
3386,4015,3466
3393,4035,3480
3401,4125,3447
3434,3984,3457
3444,3999,3477
3422,4002,3443
3402,4031,3522
3404,4023,3478
3388,4008,3459
3384,4034,3457
3400,4029,3434
3374,4142,3435
3415,4052,3470
3413,4055,3485
3372,3992,3489
3390,3997,3511
3389,4002,3500
3395,3991,3510
3383,4012,3468
3392,4038,3460
3390,4134,3400
3394,4129,3411
3393,3984,3481
3418,4045,3486
3401,4044,3452
3407,4036,3585
3390,4011,3499
3387,4037,3417
3422,4035,3477
3407,4228,3381
3382,4145,3445
3405,4025,3611
3438,4030,3500
3396,4034,3515
3409,4012,3561
3426,4007,3513
3412,4025,3492
3450,4026,3550
3412,4169,3373
3399,4128,3372
3398,3994,3499
3408,4022,3496
3399,4032,3466
3408,4004,3451
3419,4015,3516
3423,4041,3511
3388,4010,3560
3413,4000,3463
3385,4146,3423
3408,4029,3545
3408,4031,3487
3396,4013,3511
3371,4057,3505
3374,4048,3450
3381,4041,3513
3373,4037,3470
3372,4011,3543
3380,4112,3418
3381,3987,3558
3388,4016,3547
3400,4004,3410
3374,4026,3443
3365,4000,3397
3361,4000,3448
3406,3983,3494
3370,4017,3443
3393,4131,3471
3343,4031,3446
3397,3970,3454
3395,4017,3453
3422,4029,3426
3388,4025,3448
3412,3983,3476
3365,4008,3467
3388,4006,3521
3407,4173,3384
3423,4240,3371
3387,4225,3325
3406,4197,3421
3374,4134,3418
3378,3999,3489
3375,4018,3469
3379,3998,3438
3418,3998,3461
3406,4130,3314
3402,4088,3368
3398,3980,3470
3401,3983,3465
3414,4030,3447
3404,3978,3453
3391,3999,3512
3396,3983,3579
3367,3998,3469
3390,4178,3454
3413,4131,3392
3401,3946,3496
3385,4008,3501
3407,4023,3510
3416,4024,3472
3410,3992,3462
3434,3987,3501
3406,3977,3464
3427,4032,3441
3428,4108,3354
3443,4091,3382
3437,3988,3591
3417,3962,3562
3440,3999,3507
3398,3992,3522
3415,3984,3541
3396,4007,3547
3416,3996,3560
3398,4115,3364
3396,3991,3469
3438,4020,3442
3438,3985,3456
3413,4039,3496
3424,4025,3472
3424,3995,3437
3442,4028,3418
3424,4011,3455
3441,4095,3439
3411,4018,3447
3428,3998,3481
3381,3958,3520
3422,4009,3544
3413,3978,3482
3388,3977,3529
3361,3965,3539
3384,4002,3563
3427,4112,3461
3407,3981,3516
3442,4003,3474
3414,3990,3503
3403,3980,3525
3410,4019,3530
3398,3983,3526
3396,3994,3543
3407,3995,3537
3432,4095,3480
3405,4094,3402
3420,3954,3563
3409,3948,3508
3393,3983,3535
3398,3984,3521
3446,3998,3540
3406,3983,3416
3401,3986,3498
3407,4202,3440
3391,4136,3473
3402,3988,3530
3390,4004,3482
3411,3975,3554
3398,3978,3499
3408,3991,3470
3441,3993,3543
3398,4014,3459
3432,4194,3429
3443,4102,3447
3422,3951,3535
3405,3989,3589
3430,4021,3488
3395,4036,3512
3420,3998,3464
3443,3983,3526
3408,3996,3606
3408,3997,3566
3421,4124,3395
3436,4012,3634
3441,4002,3600
3439,3994,3551
3427,4002,3508
3437,4021,3534
3429,3994,3542
3456,4011,3544
3420,4018,3505
3445,4120,3459
3420,4032,3513
3445,3989,3582
3434,4027,3534
3438,3991,3594
3456,4007,3533
3438,4022,3487
3431,4022,3486
3443,4016,3509
3422,4088,3512
3435,3958,3578
3397,3983,3516
3426,4000,3496
3412,3981,3535
3431,3996,3525
3407,3978,3467
3418,3978,3508
3431,4001,3432
3441,4118,3449
3391,4021,3504
3383,3986,3569
3413,4001,3566
3432,3996,3544
3409,4027,3535
3415,3997,3586
3445,3989,3496
3428,4003,3555
3413,4111,3403
3429,4093,3568
3422,4009,3506
3432,4020,3533
3427,4021,3579
3424,3993,3498
3437,3997,3499
3442,3991,3521
3450,4022,3623
3416,4179,3467
3416,4175,3340
3412,4171,3462
3435,4204,3462
