-356,1930,686
-371,1940,689
-375,1941,698
-376,1933,704
-377,1936,708
-393,1932,719
-406,1925,726
-429,1918,729
-465,1907,733
-484,1892,737
-499,1881,738
-518,1867,738
-536,1847,738
-552,1826,731
-580,1802,720
-604,1781,703
-630,1762,680
-668,1731,654
-702,1695,627
-737,1660,593
-774,1618,554
-810,1566,513
-851,1514,466
-886,1452,411
-916,1390,356
-950,1321,295
-983,1248,228
-1002,1167,158
-1015,1088,90
-1012,1016,18
-999,946,-51
-972,877,-119
-937,806,-194
-887,738,-269
-822,669,-342
-740,595,-414
-641,523,-478
-546,459,-549
-438,406,-644
-308,343,-731
-182,283,-810
-60,226,-891
72,169,-965
211,114,-1038
350,61,-1105
478,6,-1163
602,-54,-1206
720,-117,-1240
826,-182,-1260
927,-247,-1274
1023,-313,-1275
1108,-383,-1264
1191,-444,-1258
1267,-500,-1250
1317,-559,-1248
1357,-617,-1252
1368,-677,-1272
1347,-741,-1326
1300,-829,-1409
1249,-943,-1523
1184,-1061,-1647
1119,-1174,-1773
1081,-1259,-1861
1033,-1320,-1909
973,-1393,-1926
895,-1451,-1931
833,-1487,-1924
789,-1507,-1930
762,-1499,-1941
744,-1485,-1953
742,-1470,-1966
751,-1452,-1976
764,-1433,-1980
772,-1418,-1995
768,-1404,-2007
755,-1399,-2004
720,-1395,-1988
672,-1395,-1973
619,-1401,-1935
553,-1413,-1893
476,-1435,-1851
374,-1468,-1812
268,-1519,-1760
165,-1574,-1703
69,-1634,-1635
-16,-1693,-1562
-77,-1749,-1492
-121,-1799,-1417
-152,-1841,-1334
-170,-1875,-1245
-170,-1898,-1159
-158,-1909,-1065
-142,-1905,-968
-129,-1883,-867
-111,-1842,-758
-85,-1789,-648
-65,-1722,-539
-43,-1646,-425
-19,-1558,-312
0,-1453,-198
14,-1342,-89
22,-1223,10
22,-1096,124
6,-968,232
-19,-851,337
-48,-742,438
-69,-637,531
-89,-541,625
-108,-454,717
-132,-368,805
-160,-283,894
-182,-204,979
-205,-131,1054
-219,-71,1124
-254,-7,1182
-270,58,1236
-286,125,1291
-304,191,1355
-325,256,1425
-342,311,1501
-366,366,1570
-391,419,1631
-412,472,1695
-418,525,1749
-422,584,1796
-420,657,1847
-408,738,1896
-389,826,1946
-367,918,2002
-341,1018,2069
-312,1117,2140
-285,1219,2212
-264,1320,2287
-248,1428,2369
-237,1533,2452
-251,1631,2535
-280,1713,2620
-330,1783,2704
-410,1819,2774
-525,1820,2821
-686,1788,2836
-913,1757,2802
-1173,1727,2731
-1429,1670,2641
-1678,1595,2540
-1899,1523,2428
-2077,1449,2303
-2197,1372,2164
-2281,1305,2013
-2305,1260,1868
-2284,1232,1719
-2235,1216,1584
-2133,1216,1463
-1947,1243,1343
-1734,1300,1230
-1552,1363,1153
-1373,1421,1096
-1205,1469,1029
-1056,1514,969
-937,1561,927
-832,1587,893
-739,1599,871
-663,1612,848
-605,1633,829
-574,1649,812
-565,1670,792
-573,1688,777
-590,1709,760
-610,1728,740
-633,1737,721
-664,1744,697
-690,1746,674
-715,1745,651
-744,1738,626
-774,1722,599
-804,1698,565
-824,1669,523
-844,1632,472
-865,1583,412
-883,1534,348
-898,1483,282
-915,1426,210
-932,1367,147
-948,1303,91
-957,1233,34
-970,1155,-22
-977,1073,-66
-982,987,-115
-985,898,-169
-982,807,-225
-966,703,-287
-942,602,-353
-905,495,-400
-875,397,-478
-814,296,-560
-736,188,-639
-665,77,-710
-587,-28,-788
-496,-126,-863
-385,-224,-937
-264,-326,-1018
-129,-422,-1106
10,-508,-1198
176,-583,-1279
345,-653,-1352
525,-726,-1419
700,-803,-1478
879,-882,-1526
1059,-959,-1562
1225,-1035,-1581
1377,-1117,-1585
1468,-1175,-1566
1523,-1212,-1529
1583,-1249,-1502
1644,-1285,-1500
1677,-1309,-1541
1670,-1332,-1646
1594,-1352,-1827
1514,-1358,-2082
1418,-1373,-2381
1254,-1413,-2644
1084,-1488,-2801
957,-1555,-2829
919,-1588,-2740
1001,-1603,-2575
1189,-1597,-2375
1368,-1581,-2190
1511,-1546,-2072
1640,-1478,-2046
1675,-1379,-2090
1663,-1309,-2150
1632,-1265,-2181
1594,-1227,-2193
1547,-1196,-2215
1466,-1169,-2239
1372,-1144,-2253
1278,-1127,-2242
1171,-1125,-2221
1054,-1141,-2190
924,-1175,-2145
788,-1216,-2091
657,-1268,-2029
523,-1333,-1955
398,-1408,-1880
280,-1484,-1800
166,-1557,-1719
70,-1628,-1634
-12,-1691,-1550
-65,-1739,-1461
-99,-1766,-1373
-128,-1781,-1284
-153,-1785,-1199
-172,-1773,-1119
-193,-1749,-1034
-215,-1718,-940
-232,-1676,-850
-241,-1625,-758
-241,-1553,-652
-245,-1474,-551
-255,-1391,-445
-269,-1308,-347
-282,-1221,-253
-299,-1129,-164
-325,-1028,-83
-359,-927,-20
-396,-829,44
-435,-740,98
-486,-652,146
-539,-566,193
-594,-491,241
-646,-426,292
-698,-360,346
-740,-293,400
-739,-242,464
-765,-187,516
-756,-137,564
-724,-92,617
-686,-52,686
-625,-6,751
-561,52,815
-489,110,876
-412,181,928
-332,249,974
-255,322,1009
-175,399,1030
-100,482,1038
-36,570,1039
34,664,1030
90,756,1003
139,847,950
177,944,902
212,1042,852
249,1149,803
288,1254,762
344,1340,743
409,1423,775
495,1506,864
573,1578,1008
627,1650,1182
652,1728,1381
628,1788,1585
556,1807,1765
388,1818,1876
104,1860,1911
-234,1874,1941
-588,1844,1999
-940,1811,2063
-1237,1769,2105
-1441,1694,2111
-1529,1606,2079
-1528,1528,2045
-1440,1471,2043
-1307,1446,2064
-1108,1432,2062
-858,1428,2015
-593,1453,1945
-340,1503,1855
-134,1557,1760
-9,1604,1674
44,1633,1617
53,1650,1576
112,1659,1508
160,1669,1436
131,1683,1408
72,1696,1415
10,1696,1420
-59,1691,1422
-133,1684,1427
-225,1668,1432
-325,1649,1437
-423,1630,1447
-513,1623,1459
-585,1621,1476
-645,1619,1495
-687,1617,1518
-721,1612,1535
-754,1597,1541
-777,1571,1530
-797,1542,1502
-819,1504,1455
-834,1463,1396
-858,1417,1325
-877,1360,1242
-896,1299,1147
-913,1246,1046
-918,1193,931
-916,1122,803
-916,1036,683
-905,942,570
-891,845,454
-878,747,337
-848,647,222
-815,538,111
-765,433,-3
-707,324,-104
-649,209,-209
-577,104,-342
-494,0,-471
-411,-100,-589
-322,-221,-696
-224,-344,-798
-123,-459,-899
-26,-572,-1001
86,-673,-1106
212,-769,-1198
347,-862,-1280
475,-947,-1361
605,-1029,-1440
732,-1105,-1512
849,-1173,-1573
958,-1235,-1620
1045,-1294,-1658
1114,-1338,-1668
1180,-1365,-1665
1253,-1380,-1658
1333,-1382,-1669
1401,-1383,-1715
1462,-1376,-1800
1514,-1367,-1938
1545,-1356,-2117
1594,-1341,-2334
1696,-1346,-2564
1685,-1379,-2735
1560,-1410,-2775
1407,-1464,-2695
1306,-1523,-2544
1283,-1577,-2374
1333,-1627,-2235
1382,-1657,-2174
1373,-1657,-2194
1302,-1639,-2255
1240,-1618,-2333
1194,-1599,-2411
1160,-1569,-2475
1115,-1546,-2502
1085,-1526,-2506
1072,-1517,-2488
1054,-1505,-2455
1025,-1492,-2414
980,-1486,-2362
928,-1483,-2304
857,-1488,-2248
770,-1512,-2190
669,-1547,-2128
561,-1589,-2059
452,-1644,-1980
332,-1711,-1900
214,-1780,-1818
111,-1851,-1733
28,-1918,-1647
-43,-1985,-1557
-94,-2039,-1463
-129,-2073,-1361
-154,-2095,-1264
-167,-2105,-1170
-175,-2099,-1071
-178,-2077,-968
-180,-2047,-867
-179,-2002,-755
-175,-1944,-642
-184,-1879,-533
-192,-1812,-421
-194,-1744,-310
-205,-1665,-197
-219,-1584,-88
-238,-1506,3
-264,-1425,102
-287,-1349,203
-304,-1273,301
-346,-1181,380
-370,-1089,443
-393,-1000,501
-429,-912,567
-471,-829,642
-509,-744,719
-537,-670,791
-556,-590,861
-566,-506,934
-585,-424,1012
-600,-340,1089
-613,-254,1164
-623,-174,1239
-632,-95,1313
-631,-24,1390
-626,56,1462
-605,139,1536
-566,230,1618
-518,323,1699
-457,425,1785
-389,543,1879
-314,668,1978
-237,791,2096
-164,910,2239
-112,1027,2404
-72,1135,2579
-23,1249,2748
11,1377,2893
22,1501,3005
-8,1621,3073
-90,1708,3083
-236,1770,3054
-439,1813,2993
-683,1841,2938
-946,1850,2877
-1212,1832,2801
-1481,1787,2713
-1693,1712,2615
-1852,1610,2496
-1986,1502,2349
-2067,1417,2212
-2059,1369,2080
-1940,1346,1943
-1759,1360,1797
-1572,1384,1643
-1428,1401,1503
-1296,1425,1389
-1108,1454,1280
-936,1481,1173
-821,1503,1099
-748,1521,1046
-677,1534,1002
-617,1541,960
-582,1542,925
-555,1543,889
-522,1549,852
-487,1560,808
-465,1569,771
-444,1576,730
-428,1586,689
-417,1595,647
-413,1614,610
-411,1625,575
-411,1637,538
-401,1652,511
-385,1664,487
-372,1670,462
-360,1679,438
-359,1679,415
-368,1670,395
-378,1661,370
-402,1648,354
-428,1633,341
-462,1606,331
-499,1576,325
-533,1538,317
-573,1498,308
-617,1451,298
-658,1395,279
-699,1334,256
-744,1262,228
-785,1194,197
-821,1117,157
-848,1033,112
-873,939,61
-886,838,-2
-896,725,-65
-901,605,-144
-894,488,-233
-877,368,-331
-848,240,-430
-803,111,-529
-748,-12,-636
-675,-122,-749
-574,-229,-862
-456,-333,-983
-325,-420,-1105
-182,-499,-1212
-47,-578,-1312
96,-660,-1404
250,-741,-1489
402,-817,-1555
558,-882,-1612
706,-944,-1650
840,-1014,-1661
944,-1083,-1633
1042,-1154,-1590
1157,-1215,-1552
1257,-1265,-1532
1334,-1298,-1557
1371,-1330,-1642
1375,-1367,-1781
1326,-1403,-1960
1244,-1446,-2140
1137,-1492,-2283
992,-1524,-2353
838,-1557,-2331
737,-1616,-2226
709,-1670,-2065
767,-1669,-1878
870,-1656,-1701
974,-1652,-1548
1064,-1627,-1421
1047,-1591,-1386
957,-1544,-1432
885,-1516,-1497
842,-1522,-1541
807,-1529,-1562
769,-1535,-1552
723,-1554,-1527
674,-1574,-1497
604,-1600,-1456
527,-1637,-1400
444,-1684,-1325
358,-1739,-1242
273,-1806,-1151
191,-1869,-1058
110,-1930,-971
36,-1985,-889
-28,-2039,-807
-85,-2081,-726
-134,-2108,-640
-176,-2133,-559
-202,-2143,-477
-222,-2133,-395
-227,-2117,-320
-223,-2084,-244
-221,-2028,-170
-217,-1959,-93
-208,-1885,-28
-214,-1807,43
-225,-1721,116
-242,-1625,183
-264,-1530,249
-291,-1435,311
-319,-1335,372
-351,-1239,430
-390,-1146,479
-435,-1058,520
-476,-978,549
-511,-910,577
-557,-850,603
-596,-788,634
-628,-731,657
-649,-673,679
-663,-604,698
-672,-533,712
-671,-464,724
-663,-392,744
-652,-319,764
-635,-241,787
-607,-159,825
-590,-85,865
-593,-24,907
-607,52,960
-610,131,1026
-603,206,1097
-597,282,1168
-589,366,1240
-581,455,1305
-573,548,1367
-576,631,1430
-585,709,1492
-593,781,1572
-604,842,1683
-607,889,1813
-596,938,1965
-586,997,2130
-575,1073,2304
-555,1163,2478
-513,1250,2642
-450,1405,2786
-355,1612,2873
-306,1770,2867
-370,1850,2766
-536,1899,2587
-733,1941,2406
-905,1995,2308
-993,2060,2322
-975,2117,2407
-906,2121,2482
-818,2086,2484
-703,2050,2398
-608,1996,2235
-553,1926,2024
-490,1866,1808
-415,1845,1621
-358,1867,1477
-350,1879,1363
-379,1865,1250
-438,1849,1117
-538,1838,969
-676,1829,838
-806,1832,739
-897,1857,663
-935,1901,608
-931,1946,560
-894,1988,535
-825,2029,543
-739,2068,578
-635,2104,614
-531,2135,639
-432,2152,658
-344,2148,668
-272,2127,671
-216,2095,662
-171,2061,651
-140,2014,641
-128,1966,631
-127,1923,618
-132,1878,602
-143,1833,597
-169,1778,587
-204,1713,563
-251,1630,524
-312,1541,476
-379,1449,423
-464,1348,356
-555,1237,278
-643,1129,200
-726,1012,121
-807,885,43
-892,743,-35
-975,591,-111
-1046,438,-193
-1113,279,-281
-1158,130,-360
-1186,-4,-431
-1188,-121,-495
-1179,-243,-535
-1158,-367,-575
-1100,-461,-646
-1017,-546,-713
-923,-639,-769
-820,-739,-826
-703,-835,-899
-580,-929,-983
-438,-1008,-1087
-276,-1076,-1189
-102,-1132,-1285
94,-1185,-1374
307,-1227,-1444
518,-1269,-1499
731,-1314,-1538
932,-1363,-1563
1120,-1415,-1568
1294,-1472,-1549
1453,-1538,-1507
1623,-1616,-1441
1792,-1715,-1385
1889,-1816,-1367
1876,-1923,-1422
1761,-2021,-1554
1564,-2104,-1752
1371,-2197,-1979
1234,-2371,-2170
1105,-2616,-2271
845,-2845,-2251
293,-2974,-2117
-272,-2958,-1985
-624,-2760,-1903
-777,-2453,-1887
-916,-2210,-1909
-992,-2110,-1834
-959,-2080,-1612
-879,-2090,-1322
-840,-2097,-1054
-795,-2063,-906
-751,-2002,-951
-692,-1940,-1193
-552,-1864,-1525
-354,-1768,-1790
-195,-1661,-1910
-120,-1575,-1892
-72,-1529,-1822
-50,-1519,-1738
-43,-1511,-1661
-57,-1495,-1598
-90,-1476,-1535
-137,-1456,-1466
-200,-1440,-1402
-257,-1427,-1344
-310,-1405,-1276
-365,-1371,-1213
-445,-1319,-1171
-521,-1243,-1110
-588,-1150,-1021
-634,-1054,-920
-642,-960,-804
-660,-874,-663
-715,-800,-506
-770,-736,-340
-827,-683,-166
-907,-651,-18
-1002,-616,100
-1091,-583,196
-1207,-564,269
-1360,-552,324
-1492,-539,380
-1548,-529,459
-1557,-516,560
-1530,-490,667
-1487,-464,763
-1467,-438,847
-1445,-406,917
-1420,-375,960
-1386,-343,1013
-1323,-304,1065
-1244,-253,1104
-1161,-186,1147
-1087,-113,1183
-1004,-41,1213
-920,35,1239
-833,115,1266
-756,200,1297
-695,289,1325
-638,382,1352
-578,466,1380
-513,547,1408
-434,629,1438
-340,709,1470
-224,791,1498
-107,867,1517
-1,968,1533
107,1076,1550
196,1187,1557
261,1296,1551
301,1391,1546
326,1467,1556
331,1493,1575
352,1464,1590
360,1400,1601
311,1335,1609
209,1290,1608
71,1277,1614
-90,1280,1645
-226,1290,1685
-263,1325,1694
-287,1370,1689
-420,1368,1664
-591,1318,1612
-690,1268,1537
-755,1309,1371
-735,1500,1186
-545,1828,1039
-199,2214,924
157,2494,847
438,2595,777
621,2598,687
729,2585,583
765,2567,472
722,2530,367
607,2466,289
451,2389,232
302,2314,184
173,2270,149
66,2262,139
-10,2272,143
-49,2277,162
-71,2280,192
-84,2292,218
-81,2310,236
-67,2315,246
-40,2308,259
-3,2283,271
26,2255,268
61,2220,262
87,2180,260
109,2132,269
122,2087,282
125,2053,288
108,2017,298
82,1971,312
37,1913,327
-18,1840,332
-87,1757,330
-163,1664,318
-258,1564,296
-355,1469,263
-462,1368,218
-568,1265,172
-669,1157,124
-757,1046,77
-829,931,25
-890,826,-24
-922,725,-65
-923,612,-114
-910,493,-170
-878,369,-225
-836,238,-284
-774,108,-370
-684,-31,-451
-580,-157,-535
-462,-288,-614
-331,-420,-690
-193,-551,-765
-64,-677,-847
74,-802,-930
213,-920,-1013
349,-1032,-1097
481,-1151,-1175
603,-1258,-1251
721,-1358,-1318
848,-1453,-1375
997,-1549,-1397
1151,-1636,-1388
1301,-1702,-1363
1464,-1737,-1334
1646,-1745,-1304
1830,-1724,-1283
2007,-1668,-1291
2142,-1589,-1362
2204,-1509,-1494
2302,-1496,-1646
2437,-1575,-1748
2447,-1629,-1793
2424,-1610,-1789
2492,-1555,-1732
2548,-1494,-1657
2551,-1431,-1593
2537,-1347,-1556
2506,-1235,-1549
2453,-1115,-1583
2360,-1021,-1647
2230,-962,-1726
2067,-925,-1803
1872,-901,-1869
1664,-892,-1932
1454,-899,-1996
1252,-920,-2055
1055,-948,-2108
860,-984,-2153
680,-1024,-2174
521,-1076,-2165
382,-1130,-2126
266,-1185,-2068
169,-1238,-1992
92,-1292,-1908
39,-1339,-1815
1,-1378,-1726
-28,-1418,-1645
-41,-1446,-1562
-50,-1463,-1485
-44,-1468,-1409
-40,-1471,-1332
-33,-1456,-1254
-25,-1436,-1173
-30,-1406,-1087
-47,-1368,-1000
-65,-1325,-916
-80,-1272,-832
-102,-1217,-755
-130,-1160,-680
-161,-1091,-612
-191,-1023,-546
-226,-961,-483
-258,-904,-425
-293,-843,-371
-330,-784,-317
-370,-725,-266
-409,-661,-218
-449,-600,-171
-489,-545,-134
-525,-489,-96
-559,-438,-68
-586,-386,-51
-603,-330,-36
-618,-270,-19
-619,-208,-3
-617,-138,8
-606,-69,28
-582,5,52
-550,83,76
-512,163,105
-483,241,143
-441,324,177
-396,402,215
-351,483,254
-309,566,285
-263,657,312
-202,755,343
-147,864,380
-103,988,421
-74,1112,473
-48,1224,549
-19,1331,649
-2,1432,776
7,1530,921
4,1634,1076
-6,1739,1242
-30,1842,1418
-60,1941,1597
-94,2009,1768
-174,2034,1914
-340,2024,2027
-597,1963,2088
-910,1872,2104
-1221,1764,2079
-1494,1651,2041
-1714,1536,2001
-1919,1430,1955
-2084,1324,1914
-2209,1237,1916
-2232,1175,1939
-2165,1137,1927
-2050,1141,1879
-1906,1185,1806
-1731,1262,1710
-1555,1333,1597
-1390,1401,1476
-1230,1475,1352
-1073,1544,1226
-941,1618,1102
-858,1703,1008
-817,1780,945
-797,1835,914
-763,1880,885
-709,1919,858
-687,1972,840
-720,2014,832
-760,2041,821
-761,2055,797
-744,2063,775
-722,2074,764
-704,2081,754
-697,2080,736
-696,2074,711
-697,2056,684
-703,2028,654
-710,2000,616
-725,1968,569
-748,1921,514
-778,1868,452
-808,1812,387
-830,1754,326
-848,1690,263
-860,1624,202
-867,1554,149
-869,1480,97
-874,1402,47
-871,1319,3
-857,1231,-43
-836,1146,-79
-804,1053,-122
-764,956,-174
-722,854,-230
-679,752,-290
-634,646,-347
-580,530,-401
-521,418,-458
-445,300,-530
-372,181,-591
-299,59,-648
-219,-53,-707
-138,-157,-762
-64,-265,-818
24,-373,-871
122,-471,-924
224,-559,-977
336,-637,-1032
458,-700,-1076
594,-750,-1114
737,-799,-1145
894,-850,-1157
1052,-903,-1153
1213,-952,-1135
1380,-994,-1106
1561,-1027,-1075
1736,-1052,-1060
1903,-1079,-1068
2048,-1103,-1107
2153,-1115,-1164
2212,-1118,-1245
2247,-1124,-1339
2277,-1150,-1420
2291,-1196,-1473
2283,-1270,-1501
2250,-1366,-1494
2183,-1471,-1459
2095,-1559,-1396
2006,-1628,-1326
1908,-1680,-1288
1792,-1715,-1281
1650,-1736,-1301
1493,-1759,-1347
1328,-1782,-1414
1169,-1806,-1473
1033,-1819,-1525
917,-1825,-1573
822,-1833,-1616
759,-1834,-1640
725,-1838,-1651
707,-1832,-1650
697,-1820,-1633
695,-1807,-1602
685,-1798,-1559
673,-1786,-1517
661,-1778,-1472
643,-1776,-1424
613,-1772,-1374
572,-1772,-1329
520,-1785,-1282
454,-1802,-1237
391,-1822,-1197
330,-1846,-1149
270,-1860,-1103
211,-1871,-1053
160,-1882,-998
126,-1875,-933
96,-1857,-861
78,-1830,-786
67,-1788,-712
57,-1737,-629
46,-1671,-545
32,-1589,-459
17,-1503,-376
-11,-1407,-298
-47,-1303,-223
-89,-1209,-156
-145,-1111,-90
-213,-1020,-42
-282,-944,11
-356,-873,63
-433,-809,111
-498,-746,157
-556,-683,199
-614,-629,236
-665,-574,271
-706,-523,309
-752,-451,322
-764,-388,342
-780,-325,376
-792,-264,422
-795,-206,469
-785,-133,515
-759,-64,568
-729,14,623
-695,99,670
-655,186,719
-611,273,761
-560,374,792
-500,480,831
-433,601,863
-361,742,899
-295,896,933
-232,1046,985
-170,1185,1065
-111,1329,1177
-68,1477,1320
-37,1626,1488
-19,1774,1672
-35,1913,1866
-75,2038,2037
-151,2151,2186
-282,2231,2317
-466,2273,2417
-698,2283,2483
-962,2262,2516
-1243,2228,2511
-1503,2181,2464
-1710,2135,2393
-1863,2092,2317
-1952,2045,2243
-2003,2004,2189
-2016,1986,2177
-1995,1971,2166
-1943,1954,2131
-1870,1951,2073
-1765,1968,1998
-1640,1986,1901
-1523,2013,1804
-1428,2030,1711
-1369,2031,1607
-1308,2035,1497
-1262,2043,1397
-1252,2058,1324
-1265,2078,1266
-1308,2096,1219
-1300,2110,1176
-1225,2122,1128
-1160,2148,1098
-1102,2179,1081
-1055,2205,1066
-1023,2226,1053
-991,2238,1033
-960,2246,1007
-942,2252,984
-935,2249,963
-941,2239,944
-960,2230,926
-990,2217,908
-1027,2200,888
-1057,2182,869
-1081,2156,847
-1097,2122,815
-1107,2079,775
-1112,2027,734
-1128,1970,679
-1151,1900,615
-1169,1815,544
-1190,1724,468
-1208,1628,387
-1217,1530,311
-1211,1423,230
-1193,1314,147
-1169,1203,68
-1131,1085,-11
-1075,970,-79
-1003,845,-149
-927,716,-218
-853,580,-282
-755,433,-370
-642,296,-450
-523,155,-534
-401,14,-616
-270,-113,-703
-131,-251,-796
14,-388,-896
175,-515,-1000
343,-626,-1104
507,-724,-1203
681,-814,-1294
858,-893,-1368
1034,-967,-1428
1209,-1034,-1465
1381,-1094,-1498
1544,-1147,-1517
1695,-1193,-1521
1837,-1235,-1518
1968,-1274,-1520
2077,-1306,-1546
2162,-1342,-1599
2216,-1386,-1680
2237,-1426,-1785
2232,-1463,-1889
2216,-1509,-1990
2199,-1562,-2068
2162,-1621,-2096
2107,-1671,-2066
2060,-1698,-1993
2016,-1700,-1888
1981,-1682,-1773
1941,-1662,-1668
1871,-1647,-1601
1766,-1648,-1583
1634,-1655,-1599
1500,-1665,-1641
1377,-1686,-1702
1269,-1706,-1758
1182,-1732,-1802
1100,-1752,-1832
1021,-1769,-1849
942,-1779,-1854
866,-1791,-1851
801,-1801,-1830
733,-1819,-1804
670,-1833,-1770
610,-1846,-1730
547,-1858,-1683
491,-1863,-1626
439,-1869,-1575
390,-1867,-1525
349,-1864,-1470
319,-1853,-1412
289,-1826,-1349
268,-1797,-1281
261,-1760,-1204
268,-1718,-1118
274,-1664,-1027
277,-1594,-934
269,-1524,-844
245,-1446,-756
201,-1364,-660
159,-1278,-574
106,-1197,-495
49,-1114,-425
-5,-1026,-356
-58,-939,-293
-111,-856,-235
-169,-774,-187
-227,-693,-146
-276,-613,-107
-329,-538,-77
-373,-470,-54
-425,-401,-34
-460,-332,-34
-495,-271,-23
-530,-217,-7
-561,-172,17
-586,-119,51
-600,-69,100
-596,-26,155
-575,26,215
-541,85,277
-496,157,347
-431,240,419
-351,346,488
-263,457,564
-173,571,647
-93,698,742
-14,827,849
67,960,966
141,1097,1095
205,1230,1223
249,1355,1349
281,1471,1483
287,1585,1602
271,1687,1699
226,1771,1775
142,1836,1817
8,1881,1819
-158,1903,1788
-380,1915,1728
-630,1922,1651
-891,1924,1574
-1143,1912,1508
-1362,1881,1461
-1555,1820,1455
-1721,1745,1476
-1860,1665,1518
-1982,1579,1564
-2080,1492,1603
-2138,1417,1627
-2163,1375,1632
-2147,1368,1613
-2093,1392,1578
-2011,1438,1529
-1944,1490,1490
-1870,1541,1451
-1739,1579,1412
-1574,1619,1375
-1426,1662,1356
-1335,1703,1350
-1279,1739,1348
-1179,1773,1327
-1028,1795,1294
-916,1810,1277
-826,1826,1269
-748,1835,1255
-696,1838,1248
-650,1825,1249
-609,1801,1248
-590,1768,1257
-597,1725,1262
-614,1681,1252
-639,1637,1232
-671,1586,1205
-700,1524,1172
-718,1463,1121
-727,1390,1068
-724,1314,1003
-711,1243,925
-688,1163,843
-655,1075,744
-620,984,637
-589,898,529
-546,818,422
-499,731,311
-440,649,203
-362,567,94
-276,492,-12
-176,417,-106
-72,348,-206
46,278,-303
179,211,-396
325,143,-480
470,65,-558
604,-14,-642
731,-82,-729
851,-145,-825
973,-209,-919
1094,-266,-1011
1204,-323,-1106
1313,-379,-1199
1414,-433,-1289
1504,-486,-1374
1585,-536,-1462
1659,-590,-1537
1738,-638,-1600
1814,-688,-1648
1882,-742,-1663
1952,-801,-1637
2024,-848,-1595
2095,-877,-1531
2152,-885,-1450
2226,-896,-1382
2293,-899,-1355
2344,-908,-1390
2371,-930,-1481
2362,-955,-1579
2333,-973,-1645
2269,-1000,-1660
2206,-1053,-1618
2155,-1128,-1533
2081,-1159,-1429
2013,-1197,-1329
1957,-1244,-1242
1893,-1293,-1174
1791,-1334,-1129
1672,-1374,-1127
1529,-1402,-1167
1390,-1427,-1240
1253,-1455,-1332
1122,-1490,-1420
985,-1530,-1494
855,-1573,-1536
732,-1624,-1556
606,-1672,-1547
487,-1719,-1518
374,-1761,-1477
269,-1784,-1423
170,-1797,-1367
63,-1798,-1317
-40,-1786,-1267
-125,-1767,-1221
-199,-1744,-1176
-259,-1721,-1128
-301,-1693,-1068
-329,-1655,-1007
-346,-1617,-944
-354,-1573,-874
-346,-1517,-799
-329,-1451,-719
-303,-1379,-633
-279,-1303,-543
-260,-1231,-450
-248,-1159,-364
-242,-1077,-280
-248,-996,-203
-265,-920,-130
-291,-844,-63
-323,-766,-4
-361,-699,64
-408,-636,127
-442,-580,193
-529,-505,242
-553,-452,274
-593,-400,330
-632,-338,388
-677,-284,443
-729,-231,496
-790,-173,544
-841,-117,590
-884,-68,638
-920,-19,688
-950,39,735
-973,99,787
-988,169,840
-996,242,892
-995,319,945
-988,392,1002
-969,471,1059
-937,547,1110
-903,631,1156
-838,711,1198
-780,796,1233
-711,890,1256
-636,1000,1270
-565,1120,1278
-517,1234,1285
-487,1336,1315
-465,1433,1375
-448,1518,1464
-432,1585,1582
-410,1647,1731
-389,1714,1902
-401,1808,2058
-452,1926,2188
-558,2001,2286
-779,2003,2346
-1112,1951,2375
-1500,1861,2386
-1862,1747,2380
-2136,1617,2359
-2320,1484,2328
-2433,1355,2293
-2483,1243,2234
-2494,1137,2141
-2466,1011,2026
-2371,895,1910
-2250,824,1795
-2109,792,1707
-1939,783,1614
-1780,776,1494
-1634,785,1348
-1474,814,1192
-1345,866,1064
-1251,920,955
-1150,967,850
-1044,1018,744
-954,1075,665
-878,1130,614
-823,1178,593
-771,1218,582
-717,1258,568
-668,1296,554
-629,1328,542
-589,1354,528
-560,1370,508
-549,1374,482
-540,1376,453
-537,1374,424
-535,1375,399
-530,1370,375
-525,1348,356
-509,1321,340
-481,1291,332
-457,1259,331
-432,1217,326
-401,1170,318
-372,1119,305
-354,1068,286
-341,1002,259
-337,924,222
-334,840,176
-332,757,120
-326,676,61
-321,591,-6
-311,503,-66
-297,418,-137
-274,334,-220
-238,251,-302
-192,178,-383
-137,100,-460
-78,17,-537
-12,-56,-620
68,-121,-704
159,-190,-786
253,-258,-886
366,-322,-985
477,-383,-1082
586,-445,-1170
697,-509,-1251
804,-571,-1326
902,-633,-1401
1003,-699,-1471
1093,-771,-1532
1178,-842,-1591
1251,-915,-1652
1320,-993,-1714
1382,-1070,-1775
1439,-1150,-1833
1491,-1225,-1882
1541,-1298,-1920
1605,-1367,-1936
1681,-1436,-1925
1761,-1506,-1873
1844,-1574,-1792
1939,-1621,-1671
2042,-1626,-1511
2169,-1601,-1341
2322,-1592,-1217
2439,-1597,-1181
2482,-1610,-1250
2446,-1638,-1412
2401,-1686,-1607
2314,-1729,-1749
2198,-1725,-1794
2126,-1694,-1745
2069,-1652,-1647
2028,-1611,-1556
1978,-1567,-1513
1913,-1544,-1534
1820,-1545,-1595
1706,-1542,-1673
1568,-1534,-1739
1415,-1541,-1799
1260,-1553,-1855
1104,-1563,-1901
963,-1557,-1926
833,-1549,-1944
711,-1538,-1943
598,-1526,-1930
493,-1516,-1903
405,-1515,-1868
335,-1518,-1829
285,-1516,-1769
243,-1519,-1702
200,-1518,-1626
158,-1518,-1548
115,-1512,-1473
65,-1506,-1403
6,-1499,-1338
-49,-1491,-1271
-98,-1473,-1206
-151,-1451,-1134
-209,-1428,-1054
-262,-1402,-968
-320,-1362,-876
-380,-1321,-781
-430,-1275,-690
-483,-1219,-609
-534,-1159,-530
-578,-1094,-450
-614,-1036,-372
-651,-973,-296
-690,-909,-224
-726,-850,-152
-756,-783,-82
-784,-716,-26
-804,-652,32
-819,-589,87
-833,-524,144
-837,-455,202
-845,-387,265
-849,-321,337
-875,-246,414
-871,-176,477
-867,-112,553
-865,-48,640
-861,20,724
-863,94,797
-856,167,865
-856,247,924
-859,327,986
-857,407,1049
-856,482,1110
-840,561,1165
-812,636,1216
-778,720,1265
-737,817,1312
-673,919,1355
-598,1036,1397
-517,1165,1437
-442,1308,1485
-371,1452,1546
-300,1592,1629
-235,1730,1732
-167,1864,1856
-102,1999,1988
-40,2144,2117
18,2301,2236
28,2443,2341
-33,2565,2419
-160,2636,2452
-371,2646,2443
-654,2620,2399
-957,2590,2323
-1254,2549,2233
-1548,2477,2141
-1785,2369,2075
-1960,2231,2010
-2065,2088,1939
-2080,1984,1870
-2013,1920,1795
-1890,1880,1708
-1726,1860,1599
-1549,1849,1470
-1376,1842,1323
-1232,1849,1182
-1128,1868,1054
-1038,1875,947
-923,1878,853
-821,1900,772
-761,1923,711
-727,1934,666
-712,1945,632
-708,1953,613
-695,1956,594
-681,1957,576
-668,1954,561
-658,1948,545
-663,1949,524
-668,1951,500
-673,1958,465
-668,1969,429
-651,1983,395
-629,1997,368
-601,2008,337
-573,2014,315
-550,2015,300
-533,2007,289
-518,1991,279
-512,1961,265
-513,1919,256
-516,1865,241
-527,1812,222
-544,1746,203
-561,1675,179
-577,1603,160
-584,1524,137
-587,1440,106
-589,1347,72
-592,1248,33
-595,1137,-9
-596,1023,-48
-596,898,-87
-596,766,-142
-595,629,-201
-586,491,-262
-572,347,-322
-554,204,-380
-526,63,-439
-479,-68,-498
-414,-192,-560
-340,-320,-623
-249,-443,-689
-147,-562,-752
-44,-675,-818
82,-779,-885
224,-873,-951
379,-958,-1018
545,-1037,-1076
713,-1111,-1129
874,-1183,-1170
1043,-1242,-1196
1208,-1300,-1188
1369,-1358,-1150
1523,-1414,-1094
1670,-1458,-1016
1830,-1486,-955
1984,-1506,-955
2092,-1510,-1025
2148,-1493,-1175
2179,-1468,-1372
2181,-1456,-1553
2201,-1467,-1695
2204,-1538,-1773
2150,-1637,-1762
2077,-1701,-1673
2056,-1717,-1546
2093,-1705,-1409
2132,-1669,-1275
2110,-1619,-1175
2009,-1568,-1148
1861,-1531,-1198
1675,-1509,-1297
1479,-1496,-1422
1287,-1501,-1547
1099,-1517,-1658
927,-1538,-1741
769,-1558,-1788
625,-1573,-1815
497,-1591,-1818
390,-1605,-1797
300,-1626,-1749
218,-1659,-1689
160,-1696,-1617
107,-1730,-1542
72,-1763,-1465
40,-1787,-1389
17,-1809,-1315
8,-1829,-1242
4,-1841,-1167
4,-1844,-1095
5,-1841,-1017
4,-1829,-949
-7,-1808,-883
-14,-1781,-817
-25,-1751,-742
-35,-1713,-662
-55,-1664,-577
-70,-1608,-494
-81,-1551,-413
-91,-1487,-340
-103,-1417,-259
-124,-1347,-176
-155,-1278,-93
-200,-1210,-27
-244,-1134,41
-283,-1059,102
-329,-982,159
-368,-906,211
-406,-829,248
-445,-754,281
-471,-685,317
-495,-618,347
-500,-562,381
-535,-488,403
-521,-425,404
-518,-358,422
-517,-286,448
-511,-215,479
-510,-144,511
-509,-72,547
-506,-6,587
-498,59,628
-486,126,664
-467,198,700
-445,282,735
-409,377,768
-365,480,796
-330,596,827
-299,725,859
-274,863,900
-254,987,961
-251,1102,1041
-250,1212,1146
-256,1316,1270
-261,1422,1409
-260,1546,1551
-287,1683,1696
-340,1812,1842
-427,1911,1985
-580,1951,2118
-798,1931,2204
-1089,1867,2214
-1403,1779,2159
-1704,1691,2073
-1962,1594,1991
-2156,1483,1933
-2276,1366,1895
-2306,1252,1865
-2240,1155,1829
-2083,1074,1775
-1882,1037,1695
-1673,1047,1598
-1473,1086,1487
-1268,1147,1359
-1067,1214,1237
-906,1274,1123
-805,1314,1026
-721,1349,925
-624,1385,830
-540,1438,765
-479,1499,725
-427,1552,702
-399,1599,682
-382,1640,665
-365,1667,655
-367,1682,643
-383,1690,629
-397,1689,612
-410,1687,589
-427,1684,565
-439,1684,537
-444,1680,506
-447,1677,479
-451,1672,457
-452,1660,431
-454,1644,413
-468,1625,391
-486,1597,365
-511,1562,337
-546,1522,300
-588,1471,264
-631,1417,216
-677,1361,173
-719,1305,123
-750,1245,74
-771,1181,24
-783,1107,-27
-787,1032,-61
-786,952,-101
-781,861,-146
-774,768,-199
-765,669,-252
-745,558,-308
-721,452,-371
-697,345,-425
-660,232,-488
-598,114,-563
-538,-3,-628
-469,-107,-693
-391,-211,-759
-310,-314,-830
-214,-409,-904
-112,-498,-981
-3,-582,-1053
120,-662,-1122
255,-740,-1185
400,-815,-1242
544,-888,-1294
683,-960,-1346
822,-1023,-1393
964,-1082,-1435
1110,-1142,-1463
1252,-1201,-1453
1380,-1268,-1402
1487,-1332,-1313
1594,-1377,-1205
1720,-1395,-1116
1848,-1385,-1080
1940,-1371,-1128
1957,-1374,-1289
1892,-1396,-1491
1866,-1445,-1653
1856,-1531,-1736
1810,-1601,-1700
1783,-1643,-1562
1805,-1671,-1380
1851,-1673,-1217
1888,-1654,-1103
1890,-1625,-1063
1846,-1596,-1084
1760,-1569,-1145
1651,-1545,-1229
1520,-1524,-1325
1397,-1512,-1418
1274,-1516,-1499
1164,-1514,-1559
1054,-1504,-1597
943,-1492,-1620
828,-1474,-1617
723,-1459,-1589
623,-1453,-1545
535,-1450,-1488
459,-1449,-1420
385,-1445,-1336
329,-1443,-1251
278,-1429,-1169
224,-1408,-1085
177,-1378,-998
139,-1341,-918
103,-1298,-839
58,-1250,-760
12,-1193,-682
-35,-1132,-619
-85,-1062,-554
-147,-984,-471
-213,-909,-374
-280,-839,-273
-347,-775,-167
-410,-712,-68
-468,-648,36
-513,-583,165
-555,-516,299
-594,-455,435
-631,-385,560
-661,-314,681
-692,-240,788
-706,-159,886
-711,-76,984
-710,4,1072
-710,99,1158
-704,192,1246
-693,289,1328
-682,384,1399
-669,482,1464
-654,581,1528
-639,683,1585
-620,780,1638
-597,875,1685
-566,973,1725
-527,1065,1758
-480,1161,1781
-430,1259,1798
-379,1362,1809
-322,1469,1817
-274,1578,1817
-232,1678,1815
-205,1767,1820
-193,1852,1826
-192,1919,1838
-199,1978,1859
-214,2032,1879
-245,2082,1898
-290,2130,1913
-351,2188,1933
-434,2247,1967
-531,2283,2006
-644,2289,2025
-764,2269,2009
-910,2224,1948
-1074,2158,1825
-1246,2089,1668
-1390,2034,1506
-1490,1983,1363
-1534,1930,1247
-1532,1866,1158
-1498,1802,1096
-1438,1740,1051
-1368,1690,1007
-1299,1651,946
-1239,1626,881
-1173,1605,811
-1119,1593,733
-1060,1583,649
-1010,1579,579
-954,1575,527
-902,1566,482
-849,1556,451
-795,1538,421
-740,1517,391
-689,1496,355
-632,1480,314
-574,1468,264
-519,1465,209
-469,1462,155
-425,1463,105
-383,1461,58
-348,1460,15
-315,1457,-26
-291,1455,-53
-266,1453,-75
-245,1450,-104
-238,1439,-129
-233,1430,-149
-239,1417,-167
-256,1401,-183
-274,1374,-198
-303,1341,-208
-342,1304,-218
-387,1260,-231
-433,1213,-239
-485,1163,-247
-537,1113,-254
-591,1056,-258
-648,996,-268
-698,934,-277
-751,869,-288
-798,803,-299
-840,732,-313
-868,658,-325
-893,579,-342
-913,495,-363
-925,404,-385
-931,305,-411
-925,201,-436
-918,92,-463
-898,-13,-492
-866,-118,-528
-823,-231,-555
-777,-346,-589
-698,-459,-634
-612,-569,-669
-519,-669,-704
-405,-756,-737
-277,-839,-771
-144,-918,-809
-5,-984,-849
155,-1041,-887
311,-1092,-920
470,-1139,-947
620,-1184,-960
765,-1237,-951
908,-1289,-915
1041,-1356,-862
1157,-1427,-796
1269,-1493,-716
1380,-1552,-629
1498,-1608,-554
1620,-1659,-534
1694,-1713,-588
1693,-1769,-707
1625,-1832,-861
1529,-1903,-1007
1455,-1966,-1112
1404,-2024,-1166
1358,-2084,-1177
1312,-2140,-1164
1259,-2175,-1125
1216,-2187,-1058
1230,-2196,-986
1254,-2185,-922
1285,-2154,-872
1308,-2102,-848
1320,-2039,-837
1296,-1963,-865
1240,-1897,-916
1163,-1853,-984
1066,-1827,-1047
956,-1814,-1101
831,-1808,-1139
691,-1811,-1156
554,-1814,-1148
423,-1818,-1122
298,-1827,-1079
181,-1842,-1027
79,-1857,-974
-1,-1869,-920
-54,-1874,-866
-86,-1870,-814
-101,-1866,-762
-100,-1853,-706
-88,-1832,-645
-76,-1804,-579
-57,-1764,-508
-34,-1720,-437
-19,-1668,-372
-12,-1610,-306
-10,-1543,-230
-10,-1472,-152
-10,-1397,-77
-13,-1314,-11
-23,-1233,65
-40,-1148,138
-66,-1060,203
-96,-976,265
-132,-890,317
-173,-806,363
-208,-728,399
-243,-649,439
-278,-568,478
-299,-496,516
-314,-424,549
-321,-350,579
-323,-275,602
-313,-199,619
-295,-121,627
-275,-54,635
-245,14,639
-204,86,651
-188,172,663
-137,246,666
-106,319,682
-78,398,698
-50,475,706
-19,564,714
18,663,714
52,768,710
81,883,703
102,1001,697
106,1113,702
99,1208,726
86,1295,766
84,1378,826
87,1457,906
75,1546,994
54,1653,1095
7,1770,1221
-64,1866,1365
-180,1912,1505
-361,1902,1597
-605,1847,1624
-887,1768,1580
-1175,1677,1489
-1437,1586,1387
-1644,1506,1307
-1788,1415,1267
-1863,1325,1263
-1845,1248,1267
-1759,1186,1268
-1637,1146,1249
-1509,1131,1202
-1393,1142,1132
-1273,1178,1049
-1150,1239,952
-1029,1305,863
-903,1365,782
-771,1421,721
-668,1473,688
-585,1516,671
-522,1551,657
-471,1593,651
-410,1632,637
-347,1672,620
-293,1706,612
-255,1727,610
-236,1748,602
-230,1768,590
-237,1777,580
-246,1789,567
-257,1795,553
-266,1793,538
-284,1789,520
-308,1776,503
-332,1760,489
-363,1739,473
-403,1710,455
-447,1671,442
-493,1628,424
-544,1579,408
-597,1527,386
-644,1466,358
-687,1397,330
-724,1323,303
-754,1242,278
-778,1153,255
-802,1057,229
-825,949,202
-847,830,172
-866,703,142
-879,577,107
-875,452,66
-860,321,19
-839,180,-31
-806,41,-76
-744,-89,-130
-676,-218,-189
-596,-352,-252
-481,-479,-342
-349,-593,-416
-215,-704,-491
-67,-803,-563
92,-895,-633
262,-983,-692
433,-1057,-739
611,-1124,-771
780,-1183,-782
942,-1243,-772
1100,-1307,-737
1255,-1377,-675
1418,-1436,-599
1580,-1467,-531
1746,-1478,-469
1917,-1471,-449
2043,-1437,-487
2148,-1391,-585
2235,-1363,-715
2316,-1379,-829
2398,-1462,-892
2444,-1573,-881
2454,-1674,-811
2487,-1758,-716
2536,-1806,-613
2573,-1806,-503
2554,-1750,-415
2481,-1666,-360
2332,-1598,-369
2131,-1558,-439
1895,-1541,-541
1636,-1533,-659
1378,-1542,-781
1122,-1563,-881
890,-1577,-936
687,-1583,-958
496,-1580,-959
309,-1562,-935
156,-1543,-901
37,-1535,-844
-55,-1524,-767
-118,-1517,-687
-164,-1514,-608
-183,-1509,-530
-180,-1499,-448
-151,-1479,-368
-107,-1444,-286
-62,-1393,-203
-9,-1332,-123
27,-1255,-48
48,-1166,32
48,-1070,116
23,-973,203
-19,-883,294
-74,-794,385
-143,-708,478
-233,-628,571
-325,-550,653
-434,-478,741
-538,-410,840
-629,-345,949
-710,-282,1063
-782,-220,1176
-840,-157,1286
-874,-90,1394
-892,-22,1498
-899,51,1586
-900,132,1660
-899,213,1718
-899,291,1769
-928,377,1802
-934,449,1823
-961,510,1849
-998,562,1877
-1047,603,1907
-1110,642,1949
-1183,671,2002
-1254,691,2074
-1328,708,2173
-1410,719,2290
-1490,729,2420
-1564,747,2563
-1637,770,2723
-1701,802,2906
-1754,822,3103
-1819,845,3286
-1869,868,3446
-1922,900,3590
-1954,931,3739
-1967,958,3883
-1970,985,4009
-1943,1017,4128
-1879,1065,4255
-1790,1123,4383
-1691,1185,4500
-1573,1257,4613
-1435,1347,4712
-1285,1443,4793
-1130,1537,4850
-959,1617,4889
-783,1685,4902
-619,1741,4883
-477,1777,4827
-357,1790,4731
-246,1793,4603
-143,1792,4440
-49,1779,4250
42,1753,4053
111,1704,3837
151,1631,3601
152,1536,3358
130,1420,3120
92,1303,2893
40,1178,2685
-28,1047,2484
-104,912,2297
-211,777,2120
-330,651,1962
-467,542,1827
-601,455,1720
-710,380,1652
-794,323,1607
-844,283,1577
-858,264,1549
-828,269,1526
-762,275,1500
-669,286,1472
-562,294,1434
-440,302,1383
-310,307,1319
-164,319,1231
-22,324,1129
131,317,1015
279,312,887
418,309,755
543,307,619
663,308,489
777,319,361
879,333,240
970,351,123
1058,371,7
1134,386,-97
1204,395,-211
1274,391,-325
1341,378,-444
1402,362,-553
1455,347,-650
1500,336,-747
1534,322,-835
1562,308,-916
1585,289,-991
1599,272,-1057
1608,255,-1117
1614,240,-1161
1617,226,-1197
1621,211,-1225
1619,198,-1249
1626,185,-1266
1631,177,-1282
1635,165,-1298
1640,150,-1309
1635,125,-1311
1630,96,-1314
1624,63,-1313
1604,28,-1318
1576,-17,-1323
1551,-60,-1332
1520,-112,-1339
1486,-172,-1339
1459,-231,-1345
1442,-269,-1354
1444,-289,-1368
1460,-307,-1393
1488,-317,-1425
1541,-310,-1471
1625,-280,-1534
1733,-250,-1587
1855,-206,-1632
1992,-146,-1652
2142,-82,-1648
2295,-20,-1609
2448,46,-1540
2606,112,-1451
2763,195,-1352
2905,315,-1252
3014,460,-1163
3066,625,-1074
3080,806,-982
3083,970,-890
3062,1069,-769
2994,1099,-595
2857,1097,-366
2678,1091,-81
2477,1178,261
2244,1371,604
2073,1509,940
2003,1554,1367
1929,1655,1829
1940,1863,2109
2099,2024,2163
2286,2052,2037
2377,1930,1814
2303,1776,1543
1934,1868,1216
1467,2150,865
1292,2127,532
1313,1981,247
1391,1866,-19
1452,1771,-238
1458,1682,-399
1410,1606,-548
1271,1427,-757
1129,1304,-1021
951,1507,-1171
1009,1600,-1195
1141,1711,-1142
1274,1828,-1071
1395,1926,-1020
1581,1996,-937
1833,2092,-817
2076,2077,-698
2367,1824,-684
2520,1987,-594
2588,2106,-362
2508,2097,-193
2331,2038,-190
2140,1962,-290
2003,1918,-337
1868,1887,-288
1683,1834,-190
1507,1740,-99
1351,1643,-26
1202,1550,32
1055,1453,58
934,1346,64
864,1252,101
821,1164,168
772,1081,207
708,1002,242
616,930,273
496,852,292
366,778,296
239,724,276
100,701,236
-10,680,179
-69,660,109
-89,638,45
-94,614,-17
-82,596,-74
-51,578,-136
29,560,-189
136,546,-221
256,514,-233
407,483,-225
565,535,-191
722,666,-144
817,792,-64
803,856,79
536,1276,58
-326,2438,-562
-1961,3013,-1476
-3102,2247,-1923
-1900,1676,-1694
-1043,1801,-1347
-1173,1717,-1284
-1521,1530,-1418
-2078,1170,-1710
-2022,1187,-1695
-2329,1407,-1553
-3010,980,-1198
-2487,665,-844
-2219,971,-221
-2755,1538,402
-2997,1480,176
-2147,1415,-563
-1261,1646,-546
-587,1901,-70
-389,1911,167
-234,1563,166
323,1373,-185
7,1264,-665
100,776,-633
1153,1083,133
1271,1499,1052
739,863,661
173,596,-237
697,873,-205
1744,1146,737
1285,935,306
743,423,-695
1001,453,-294
1775,654,335
1428,141,-322
1015,8,-1035
921,-10,-1130
1024,51,-1095
617,-143,-1604
-125,-144,-1776
-936,-12,-1461
-624,-217,-1239
-284,-240,-1130
-292,-147,-922
-408,-241,-1340
-601,-443,-2013
-964,-259,-2083
-1167,-176,-1501
-1198,-555,-1231
-1636,-409,-1461
-1775,-225,-1445
-1471,-298,-1275
-1476,-191,-1570
-1591,-254,-1829
-1678,-193,-1837
-1724,-143,-1802
-1898,-211,-1666
-2055,-189,-1604
-2131,-188,-1657
-2080,-174,-1761
-1906,-140,-1808
-1761,-75,-1785
-1695,-6,-1761
-1605,71,-1741
-1474,170,-1721
-1324,296,-1700
-1144,404,-1696
-982,547,-1709
-896,700,-1734
-853,844,-1775
-847,986,-1813
-845,1140,-1820
-804,1302,-1817
-716,1453,-1798
-592,1555,-1734
-435,1656,-1654
-271,1701,-1548
-105,1706,-1454
-7,1636,-1382
-12,1481,-1346
-87,1308,-1336
-201,1085,-1267
-345,774,-1132
-461,451,-960
-585,145,-771
-780,-97,-625
-1011,-282,-538
-1210,-413,-481
-1338,-487,-432
-1395,-503,-381
-1333,-463,-303
-1154,-382,-227
-873,-277,-177
-543,-152,-98
-228,-32,-51
38,75,-20
254,170,32
415,245,70
526,307,92
616,357,119
693,397,146
758,420,168
803,426,179
837,424,184
862,416,192
893,401,200
941,379,227
988,350,257
1005,326,290
1003,309,312
1013,312,337
1006,318,342
1010,324,331
1007,319,319
981,306,303
924,279,271
834,245,234
715,197,200
581,149,173
445,107,147
320,67,123
211,40,104
124,22,86
65,9,72
31,8,55
11,4,39
0,9,19
-3,14,-2
-6,17,-20
-10,20,-42
-21,36,-55
-24,56,-65
-19,78,-79
-10,96,-89
2,113,-101
2,127,-106
-3,134,-106
-6,136,-106
7,140,-109
18,133,-116
14,130,-125
23,128,-127
28,125,-123
32,122,-124
30,116,-129
20,105,-132
10,93,-129
-6,89,-130
-17,81,-129
-30,65,-125
-41,55,-122
-53,44,-114
-55,33,-111
-62,26,-105
-58,19,-96
-50,13,-89
-43,14,-82
-31,10,-75
-19,11,-71
-12,14,-68
-1,22,-64
-1,26,-58
-4,17,-53
-11,9,-53
-23,2,-52
-34,-8,-50
-51,-17,-50
-72,-22,-46
-88,-30,-45
-103,-36,-42
-118,-42,-38
-129,-44,-32
-131,-49,-30
-135,-53,-21
-140,-50,-15
-140,-48,-10
-135,-46,-4
-122,-45,0
-107,-42,11
-93,-37,19
-83,-32,24
-72,-29,26
-57,-23,31
-35,-19,37
-25,-14,40
-9,-7,47
5,-3,52
17,1,50
22,3,51
28,6,53
31,10,53
37,9,51
37,16,53
34,17,52
31,20,50
26,18,45
15,17,45
7,15,43
2,15,41
-5,12,39
-11,8,36
-13,10,36
-15,8,35
-14,6,33
-15,4,29
-20,3,30
-20,3,32
-20,1,33
-21,-6,33
-24,-4,32
-23,-2,34
-24,-4,32
-22,-3,37
-15,-1,35
-9,-1,31
-1,3,31
4,5,29
9,5,29
11,12,31
18,18,29
17,18,25
12,21,26
9,23,22
6,24,20
-2,23,19
-7,22,15
-13,22,17
-20,19,14
-24,17,15
-33,21,15
-37,18,12
-40,14,10
-39,17,11
-39,12,6
-40,9,6
-36,8,5
-29,11,5
-26,18,3
-17,24,2
-10,33,-5
-1,46,-10
13,62,-6
16,78,-6
5,92,-8
-15,103,-8
-24,112,-3
-29,120,9
-29,122,19
-23,122,31
-6,127,48
16,131,72
58,138,115
105,145,172
137,144,235
169,136,303
201,126,378
256,116,469
329,92,592
446,83,720
546,60,860
600,13,1033
667,-5,1202
781,-23,1333
880,-39,1412
940,-80,1468
956,-170,1540
916,-256,1586
902,-318,1595
795,-368,1560
438,-338,1473
266,-222,1361
586,-146,1387
834,-132,1537
639,-200,1668
321,-323,1704
166,-394,1702
76,-401,1702
51,-371,1709
30,-388,1697
-93,-514,1612
-218,-670,1512
-162,-771,1483
-58,-799,1515
5,-815,1632
19,-841,1732
-68,-883,1735
-230,-892,1648
-281,-906,1590
-179,-942,1622
-95,-937,1704
-65,-914,1684
13,-874,1624
121,-870,1655
234,-936,1724
306,-1021,1703
305,-1073,1699
340,-1097,1758
389,-1127,1812
452,-1161,1824
499,-1185,1831
487,-1222,1818
453,-1248,1769
445,-1188,1712
432,-1138,1674
402,-1093,1622
373,-1092,1514
343,-1078,1391
335,-1063,1278
352,-1067,1201
386,-1042,1179
469,-1013,1201
592,-997,1227
657,-1008,1189
645,-1002,1117
626,-991,1102
592,-983,1095
520,-971,1038
440,-965,971
373,-960,899
301,-940,859
227,-918,830
167,-894,789
118,-866,734
85,-835,666
57,-775,602
39,-708,522
17,-630,431
-10,-555,330
-23,-478,210
-23,-413,79
-29,-373,-43
-9,-348,-129
61,-320,-166
164,-290,-170
247,-272,-159
284,-262,-149
263,-257,-153
193,-250,-157
92,-243,-155
-23,-239,-138
-117,-237,-123
-189,-242,-102
-231,-240,-81
-235,-239,-62
-209,-230,-55
-162,-212,-51
-108,-196,-41
-52,-182,-28
3,-173,-15
49,-172,-7
80,-184,1
95,-205,8
105,-222,17
110,-247,26
115,-273,32
117,-306,40
115,-343,45
122,-379,50
138,-421,51
154,-462,51
172,-508,52
185,-553,52
205,-602,51
231,-657,53
264,-703,58
287,-760,58
312,-817,57
328,-873,54
347,-934,48
371,-990,39
390,-1039,29
410,-1088,19
436,-1128,16
456,-1158,6
478,-1187,-6
504,-1209,-17
537,-1227,-28
573,-1245,-31
617,-1270,-33
638,-1272,-40
646,-1270,-35
644,-1281,-41
638,-1291,-38
621,-1284,-25
593,-1270,-22
569,-1258,-27
537,-1241,-17
500,-1222,-1
460,-1205,20
417,-1192,33
393,-1185,32
369,-1172,28
342,-1151,34
323,-1124,42
318,-1100,59
317,-1071,85
321,-1044,102
329,-1018,118
330,-993,132
321,-966,132
304,-938,134
288,-906,145
262,-875,158
233,-844,162
203,-813,163
177,-782,163
152,-751,162
125,-710,167
107,-665,168
100,-624,171
103,-579,174
106,-535,174
108,-498,169
117,-467,167
134,-434,172
150,-403,187
161,-374,196
163,-351,202
168,-331,204
167,-312,210
161,-300,215
149,-284,219
139,-271,231
134,-259,236
126,-248,242
115,-237,245
103,-228,249
94,-212,250
85,-195,252
75,-180,259
68,-167,261
61,-157,260
59,-138,256
61,-112,258
57,-89,263
51,-66,265
49,-45,264
49,-27,266
48,-9,269
51,14,271
53,39,271
64,65,271
74,91,271
74,110,267
78,127,264
79,147,256
78,162,247
84,180,240
84,193,238
88,199,236
90,203,227
89,213,218
89,218,205
86,226,190
80,230,174
73,234,160
72,236,152
71,238,143
68,240,134
61,241,120
59,238,110
57,234,96
53,233,77
41,231,61
38,225,42
28,219,30
22,213,23
19,207,14
9,200,6
3,190,-2
-1,176,-13
-1,165,-24
0,150,-31
-10,134,-38
-10,124,-40
-16,106,-42
-25,95,-47
-33,79,-49
-46,62,-51
-57,49,-52
-67,32,-52
-76,20,-53
-85,6,-54
-99,-5,-55
-115,-10,-55
-135,-15,-53
-152,-23,-53
-162,-25,-52
-164,-22,-50
-166,-19,-46
-161,-16,-32
-152,-4,-14
-139,3,-3
-132,7,6
-125,12,10
-121,21,12
-140,27,24
-198,18,34
-261,7,39
-308,16,42
-326,37,45
-314,56,43
-283,80,48
-243,105,43
-189,125,38
-138,143,41
-108,163,46
-86,184,46
-68,200,42
-47,218,33
-27,225,17
-12,232,3
-6,244,-13
-8,258,-28
-13,274,-41
-33,288,-54
-53,303,-70
-71,320,-100
-92,336,-123
-121,362,-145
-163,387,-164
-218,413,-190
-282,447,-220
-335,488,-248
-375,534,-263
-404,580,-261
-437,622,-250
-460,661,-236
-483,694,-221
-517,718,-218
-550,737,-214
-579,746,-207
-612,744,-201
-648,741,-200
-689,737,-199
-719,733,-195
-754,728,-186
-799,724,-168
-844,705,-148
-870,680,-147
-898,664,-157
-910,644,-156
-914,615,-153
-911,583,-160
-895,549,-163
-866,514,-165
-833,479,-171
-789,446,-181
-737,416,-184
-689,386,-183
-642,353,-178
-591,320,-175
-546,283,-170
-502,248,-170
-458,217,-163
-407,187,-152
-362,160,-141
-311,141,-126
-255,134,-101
-210,123,-78
-176,104,-63
-144,89,-55
-122,73,-52
-110,58,-42
-108,41,-30
-109,22,-18
-116,4,-8
-136,-13,-3
-159,-28,2
-181,-32,5
-196,-33,7
-208,-31,10
-211,-21,12
-204,-6,13
-194,15,14
-190,34,16
-194,55,14
-198,67,16
-202,73,27
-205,76,35
-208,76,41
-211,77,46
-208,82,56
-199,85,70
-194,81,80
-191,78,84
-184,72,80
-185,65,73
-177,63,63
-167,57,56
-160,46,51
-152,35,43
-144,24,38
-143,14,34
-138,5,28
-125,-3,23
-108,-5,21
-89,-6,18
-69,-8,24
-41,-11,37
-24,-19,53
-8,-32,64
6,-46,77
19,-59,100
26,-69,124
29,-79,140
30,-90,152
30,-97,155
39,-95,159
53,-87,159
65,-80,159
78,-73,161
85,-65,164
90,-58,161
85,-59,156
77,-64,144
66,-69,130
60,-71,123
55,-76,119
46,-78,118
29,-82,116
20,-84,126
13,-88,133
-3,-91,142
-14,-94,151
-22,-96,159
-27,-101,170
-31,-105,177
-34,-107,187
-26,-107,194
-19,-108,196
-16,-107,195
-9,-104,194
-6,-101,195
0,-100,193
0,-101,192
-6,-98,191
-12,-98,195
-14,-97,202
-13,-98,211
-21,-98,222
-27,-99,238
-31,-100,250
-36,-97,268
-39,-94,283
-39,-88,298
-34,-85,314
-37,-83,332
-37,-81,350
-29,-80,370
-28,-81,386
-31,-82,404
-37,-88,414
-42,-94,426
-50,-96,436
-61,-101,450
-66,-107,467
-68,-114,480
-75,-118,488
-79,-123,499
-82,-124,507
-93,-131,503
-104,-133,502
-107,-131,509
-113,-131,512
-126,-134,508
-149,-132,504
-170,-132,498
-187,-125,497
-190,-110,498
-181,-101,508
-170,-95,515
-165,-91,512
-169,-92,504
-182,-95,497
-194,-93,494
-197,-84,502
-208,-82,510
-222,-80,511
-231,-80,516
-251,-82,508
-267,-83,498
-274,-85,487
-266,-82,479
-253,-78,470
-225,-70,467
-196,-60,462
-170,-56,456
-156,-61,445
-150,-65,432
-143,-73,416
-139,-81,411
-128,-87,409
-118,-88,404
-110,-94,398
-96,-96,397
-73,-93,396
-47,-93,389
-22,-99,378
-6,-102,369
4,-107,355
11,-110,338
16,-116,323
13,-118,303
4,-122,289
-1,-128,287
-6,-134,295
-5,-138,308
1,-143,316
10,-147,332
13,-155,347
13,-167,364
12,-182,378
9,-201,386
2,-222,388
1,-246,389
5,-273,388
9,-303,380
15,-334,372
21,-365,358
23,-389,338
30,-412,323
44,-436,307
67,-455,292
94,-469,274
123,-477,256
150,-478,235
176,-478,213
204,-475,189
238,-466,175
278,-448,160
317,-431,151
355,-411,148
391,-394,151
427,-382,162
459,-369,171
482,-353,184
500,-340,203
507,-330,220
505,-321,230
492,-315,242
473,-305,247
458,-306,247
442,-306,253
425,-301,257
421,-300,271
412,-300,286
406,-294,296
401,-292,300
391,-295,302
384,-291,306
386,-294,316
397,-295,327
412,-299,343
425,-303,357
442,-308,366
463,-311,386
497,-317,420
526,-323,457
548,-329,488
564,-334,508
574,-342,522
583,-344,534
593,-339,547
606,-333,560
630,-328,574
653,-323,584
673,-320,591
686,-321,597
693,-321,599
704,-321,599
711,-321,588
718,-323,582
705,-322,578
687,-319,567
673,-321,549
659,-317,538
645,-314,526
622,-310,519
589,-307,508
565,-307,490
544,-302,484
519,-301,475
503,-301,472
496,-299,469
481,-300,459
470,-301,447
452,-303,434
441,-304,421
428,-298,405
420,-301,390
421,-304,374
426,-310,361
429,-315,350
427,-323,335
427,-331,318
430,-337,303
430,-344,294
433,-354,287
435,-364,279
435,-365,272
435,-364,267
437,-362,261
439,-359,258
436,-363,258
434,-367,255
426,-373,251
423,-378,252
424,-389,255
431,-395,260
433,-397,263
432,-400,263
431,-401,265
431,-398,265
429,-399,259
426,-394,252
423,-386,244
417,-377,232
413,-373,221
412,-365,212
406,-356,201
404,-351,193
399,-339,184
389,-327,173
379,-311,166
371,-298,161
358,-280,157
354,-258,151
347,-241,138
340,-227,121
332,-211,105
327,-206,93
316,-198,77
303,-191,54
293,-186,33
289,-174,24
293,-159,21
300,-145,19
303,-133,11
311,-127,4
308,-118,-12
302,-105,-30
301,-97,-45
307,-94,-52
309,-91,-57
311,-93,-68
313,-98,-79
305,-109,-94
292,-139,-117
278,-122,-146
276,-87,-177
265,-76,-198
257,-66,-226
251,-59,-256
246,-47,-280
234,-39,-307
231,-36,-325
235,-31,-340
244,-26,-356
251,-19,-368
257,-11,-374
263,0,-380
268,11,-383
276,25,-381
286,43,-382
297,49,-390
307,55,-404
314,58,-421
316,60,-441
322,68,-471
337,85,-505
348,105,-534
358,126,-563
377,151,-584
398,178,-602
419,208,-622
440,239,-636
462,273,-642
491,309,-635
515,339,-630
547,369,-626
561,391,-631
567,411,-645
573,419,-650
581,424,-644
582,427,-624
578,424,-598
575,416,-576
572,401,-555
568,381,-534
582,361,-521
604,336,-491
634,315,-475
687,290,-471
720,268,-423
714,241,-390
710,204,-383
717,178,-378
723,157,-365
738,138,-342
762,130,-306
789,118,-279
811,116,-259
825,118,-238
829,120,-210
824,129,-187
798,137,-166
758,145,-144
716,157,-123
669,170,-101
625,176,-87
569,178,-65
502,184,-39
431,186,-15
366,190,2
312,191,8
271,196,8
243,203,36
236,194,56
235,184,73
240,166,90
260,148,117
279,125,137
287,99,156
299,66,165
320,28,176
348,-19,195
389,-61,217
438,-107,240
490,-160,252
562,-215,261
653,-244,270
755,-253,279
894,-237,278
1070,-172,276
1276,-31,290
1548,188,332
1929,354,413
2300,446,505
2586,457,615
2792,403,733
2866,323,780
2816,239,745
2692,192,636
2519,170,475
2337,170,285
2173,162,72
2032,150,-133
1878,134,-342
1708,108,-534
1539,88,-679
1373,64,-784
1196,48,-862
1006,48,-922
805,52,-962
607,50,-989
417,45,-1004
243,27,-995
88,-19,-976
-54,-86,-955
-195,-176,-929
-370,-333,-913
-531,-519,-915
-670,-675,-930
-795,-784,-933
-892,-877,-913
-963,-1000,-867
-1008,-1098,-803
-1052,-1132,-738
-1087,-1120,-685
-1069,-1107,-648
-1002,-1093,-615
-937,-1097,-589
-915,-1084,-573
-928,-1020,-575
-925,-925,-570
-906,-830,-549
-903,-752,-523
-919,-696,-509
-947,-637,-513
-995,-602,-537
-1037,-537,-559
-1057,-470,-567
-1090,-412,-577
-1134,-358,-591
-1182,-309,-613
-1229,-267,-630
-1282,-228,-634
-1339,-188,-639
-1397,-148,-636
-1446,-115,-629
-1478,-94,-620
-1517,-84,-611
-1571,-75,-595
-1629,-83,-580
-1678,-99,-558
-1719,-121,-535
-1755,-139,-516
-1788,-154,-498
-1826,-155,-478
-1868,-144,-440
-1892,-127,-384
-1906,-108,-306
-1918,-94,-223
-1925,-78,-145
-1926,-71,-72
-1917,-75,-2
-1889,-86,67
-1861,-99,117
-1835,-109,146
-1799,-111,157
-1750,-99,149
-1676,-83,144
-1579,-65,137
-1473,-51,131
-1368,-40,132
-1263,-43,135
-1164,-55,150
-1085,-67,178
-995,-103,226
-891,-124,306
-813,-99,395
-750,-63,488
-692,-16,585
-646,46,676
-613,109,758
-598,196,833
-589,283,906
-594,325,985
-607,329,1057
-629,332,1122
-646,356,1184
-664,396,1249
-698,422,1311
-764,429,1363
-839,424,1401
-900,430,1426
-946,444,1439
-984,469,1449
-1015,497,1453
-1034,521,1461
-1047,544,1470
-1061,574,1478
-1078,601,1488
-1097,618,1498
-1120,622,1516
-1148,621,1538
-1190,607,1561
-1234,553,1590
-1266,581,1629
-1292,659,1639
-1327,691,1629
-1367,672,1603
-1427,645,1570
-1498,650,1547
-1552,673,1533
-1600,694,1519
-1652,713,1501
-1720,722,1482
-1793,734,1452
-1861,756,1410
-1927,777,1369
-1973,794,1329
-2008,818,1288
-2041,844,1254
-2073,875,1223
-2100,904,1187
-2121,929,1156
-2141,953,1119
-2171,978,1083
-2209,998,1041
-2254,1008,994
-2312,1002,931
-2380,991,867
-2458,985,807
-2525,978,752
-2596,971,704
-2668,953,668
-2733,928,639
-2794,901,613
-2847,876,580
-2891,858,548
-2932,851,521
-2956,842,495
-2960,843,468
-2962,854,441
-2959,871,413
-2942,897,389
-2915,924,369
-2892,951,348
-2871,974,334
-2850,990,320
-2834,999,299
-2819,1002,283
-2808,996,258
-2811,984,224
-2808,957,193
-2807,919,169
-2801,876,146
-2783,831,132
-2764,780,125
-2746,731,122
-2722,680,119
-2699,627,118
-2675,567,117
-2638,512,124
-2595,462,132
-2550,414,137
-2501,370,149
-2444,325,161
-2380,285,173
-2300,251,194
-2199,219,218
-2101,198,239
-1990,188,261
-1874,186,281
-1761,191,298
-1652,201,312
-1552,211,322
-1470,220,327
-1399,231,332
-1335,239,330
-1283,250,328
-1250,259,323
-1226,270,321
-1210,276,313
-1203,286,310
-1195,292,306
-1198,301,301
-1199,317,300
-1208,327,298
-1234,329,295
-1256,329,286
-1282,326,273
-1313,320,268
-1338,315,271
-1360,312,277
-1383,304,281
-1397,296,280
-1409,290,276
-1408,284,272
-1402,275,272
-1390,267,280
-1374,257,285
-1358,243,293
-1344,231,303
-1329,218,316
-1310,210,332
-1288,200,350
-1259,194,367
-1230,191,389
-1198,188,416
-1171,179,440
-1143,174,461
-1113,167,482
-1085,161,503
-1048,165,520
-1015,173,535
-978,169,547
-935,160,561
-899,145,568
-866,143,582
-832,150,600
-792,158,620
-751,155,638
-715,152,653
-683,138,663
-657,117,669
-627,100,678
-590,83,692
-545,75,713
-497,73,746
-437,72,779
-372,68,810
-305,58,840
-241,45,862
-185,24,883
-152,-11,902
-128,-52,921
-112,-97,947
-111,-160,978
-123,-239,1008
-141,-333,1041
-155,-438,1082
-186,-540,1123
-232,-648,1167
-258,-745,1217
-263,-831,1258
-258,-901,1278
-264,-954,1285
-281,-1006,1290
-265,-1087,1279
-214,-1088,1280
-178,-1044,1293
-172,-999,1287
-176,-928,1263
-167,-882,1198
-163,-850,1082
-141,-823,933
-98,-795,775
-55,-766,618
1,-748,464
57,-737,306
105,-747,145
151,-769,-11
193,-798,-157
238,-835,-305
283,-877,-447
319,-931,-584
349,-994,-717
377,-1062,-842
399,-1140,-965
425,-1209,-1080
455,-1270,-1187
487,-1328,-1285
518,-1376,-1378
566,-1421,-1460
625,-1468,-1537
686,-1505,-1615
753,-1529,-1693
827,-1547,-1770
902,-1562,-1848
987,-1572,-1915
1081,-1571,-1980
1173,-1565,-2037
1271,-1562,-2090
1369,-1552,-2136
1469,-1535,-2185
1566,-1521,-2229
1659,-1506,-2264
1756,-1495,-2294
1850,-1484,-2330
1935,-1467,-2366
2015,-1456,-2409
2097,-1440,-2448
2172,-1424,-2477
2230,-1413,-2497
2282,-1405,-2519
2329,-1394,-2538
2364,-1379,-2551
2389,-1360,-2570
2404,-1340,-2595
2399,-1320,-2623
2382,-1294,-2649
2362,-1265,-2677
2333,-1230,-2702
2297,-1192,-2727
2259,-1143,-2750
2220,-1089,-2769
2183,-1035,-2778
2147,-983,-2781
2105,-928,-2769
2064,-873,-2751
2020,-823,-2725
1972,-769,-2689
1925,-718,-2663
1874,-667,-2636
1821,-617,-2603
1768,-572,-2564
1715,-532,-2517
1656,-495,-2469
1597,-452,-2413
1541,-404,-2347
1492,-354,-2276
1450,-300,-2196
1414,-243,-2119
1385,-186,-2041
1360,-133,-1961
1333,-86,-1885
1301,-43,-1812
1265,5,-1737
1230,48,-1664
1185,88,-1589
1145,122,-1511
1108,151,-1430
1065,178,-1353
1020,203,-1266
981,228,-1173
934,248,-1082
895,267,-992
854,286,-907
805,304,-820
754,319,-733
711,334,-646
665,339,-559
617,347,-467
574,349,-374
539,349,-295
496,347,-223
456,335,-151
415,320,-89
365,304,-35
317,286,33
280,273,112
239,267,199
208,257,283
173,244,366
119,234,462
87,222,581
98,224,687
85,236,783
72,235,868
72,236,937
75,240,994
82,234,1051
100,224,1111
118,227,1173
119,245,1240
115,255,1307
101,261,1372
79,264,1434
50,255,1492
8,232,1551
-39,204,1610
-83,171,1683
-133,141,1752
-195,128,1822
-261,131,1901
-333,141,1987
-409,142,2076
-472,135,2173
-522,126,2268
-566,112,2364
-600,101,2450
-629,96,2526
-641,83,2590
-641,75,2640
-625,76,2681
-597,79,2703
-549,90,2707
-471,113,2701
-368,148,2673
-260,188,2629
-139,232,2574
-14,275,2509
128,323,2439
286,376,2359
442,423,2264
593,458,2157
729,489,2042
838,528,1924
928,563,1806
983,593,1686
1012,623,1576
999,652,1479
935,662,1400
837,660,1338
719,656,1282
576,648,1238
414,638,1200
234,624,1163
44,607,1128
-145,586,1090
-338,570,1061
-534,551,1043
-714,538,1027
-880,530,1009
-1036,523,983
-1180,520,955
-1311,528,924
-1429,539,890
-1533,554,863
-1623,572,835
-1698,591,807
-1761,613,778
-1812,638,752
-1852,661,721
-1877,685,692
-1894,705,661
-1898,724,631
-1891,747,608
-1882,765,582
-1865,781,559
-1843,794,542
-1813,804,527
-1778,812,516
-1734,821,507
-1689,830,504
-1644,834,502
-1596,835,495
-1550,835,484
-1503,832,475
-1458,822,469
-1414,809,463
-1376,798,457
-1335,779,448
-1303,753,436
-1274,731,428
-1251,707,418
-1220,681,413
-1192,654,408
-1172,626,406
-1144,601,401
-1112,579,388
-1089,555,377
-1062,533,370
-1038,508,359
-1013,488,349
-989,471,334
-973,451,318
-963,432,303
-945,415,288
-926,394,275
-904,374,264
-884,353,252
-862,333,239
-839,311,227
-819,288,213
-800,265,203
-779,244,188
-757,220,174
-734,197,166
-706,177,156
-674,155,144
-641,132,137
-608,112,133
-574,90,130
-543,66,130
-506,46,133
-469,24,143
-435,7,155
-394,-11,173
-351,-25,189
-312,-35,213
-266,-45,236
-221,-50,259
-175,-54,281
-130,-59,300
-88,-65,320
-53,-67,341
-13,-69,360
31,-74,373
65,-77,387
103,-82,398
137,-91,405
167,-97,406
189,-102,402
207,-108,398
222,-118,389
229,-126,380
229,-135,370
228,-145,357
216,-156,339
198,-168,321
173,-186,298
138,-204,278
99,-226,254
52,-254,228
6,-281,205
-51,-310,186
-100,-340,165
-156,-373,146
-219,-412,129
-276,-454,117
-331,-503,114
-370,-563,128
-404,-640,147
-435,-732,179
-461,-822,220
-466,-915,273
-448,-998,342
-402,-1061,412
-331,-1090,474
-238,-1068,519
-111,-1008,571
35,-916,599
220,-797,571
413,-679,488
598,-579,357
762,-504,203
910,-446,53
1039,-414,-69
1151,-404,-182
1253,-409,-285
1332,-434,-390
1405,-473,-494
1474,-524,-592
1538,-582,-679
1592,-642,-756
1641,-703,-824
1689,-766,-892
1728,-825,-957
1764,-878,-1018
1795,-928,-1078
1821,-971,-1140
1846,-1004,-1195
1862,-1031,-1254
1879,-1056,-1313
1892,-1076,-1375
1897,-1095,-1438
1901,-1109,-1497
1896,-1123,-1549
1889,-1138,-1603
1875,-1143,-1657
1853,-1143,-1706
1824,-1150,-1754
1790,-1149,-1798
1757,-1147,-1844
1718,-1145,-1884
1679,-1139,-1923
1642,-1130,-1956
1606,-1125,-1988
1568,-1119,-2019
1529,-1111,-2047
1492,-1094,-2074
1455,-1078,-2097
1420,-1058,-2120
1384,-1041,-2147
1350,-1018,-2170
1318,-993,-2188
1290,-967,-2205
1263,-938,-2213
1240,-905,-2220
1222,-872,-2224
1205,-837,-2219
1197,-799,-2207
1192,-750,-2189
1188,-696,-2168
1188,-643,-2145
1185,-580,-2115
1182,-519,-2088
1174,-462,-2054
1169,-398,-2016
1166,-335,-1976
1158,-273,-1933
1140,-209,-1889
1117,-146,-1844
1100,-92,-1804
1082,-44,-1752
1062,6,-1702
1040,60,-1651
1016,110,-1600
993,157,-1544
966,205,-1492
930,251,-1443
897,292,-1394
868,329,-1342
834,363,-1296
808,394,-1249
779,423,-1201
752,449,-1155
726,472,-1112
691,493,-1069
653,510,-1023
612,526,-976
574,544,-933
533,555,-887
493,565,-839
453,581,-796
413,599,-756
375,609,-714
334,616,-675
295,622,-642
263,623,-614
232,625,-585
202,621,-560
172,620,-533
146,619,-508
120,611,-483
100,604,-458
85,598,-432
74,583,-402
75,573,-371
79,564,-339
85,548,-306
94,536,-273
108,528,-236
123,521,-199
146,515,-156
171,506,-112
201,495,-71
234,488,-39
267,484,-5
295,477,37
323,472,76
350,467,115
362,461,150
349,453,179
323,440,211
292,422,248
253,399,286
206,366,326
153,328,373
96,281,424
33,222,485
-32,162,549
-90,105,627
-155,67,706
-232,47,769
-304,31,845
-371,19,929
-441,6,1017
-508,-13,1111
-566,-32,1214
-617,-51,1318
-667,-68,1424
-712,-83,1525
-747,-96,1632
-773,-101,1738
-783,-89,1839
-777,-67,1937
-757,-30,2025
-719,17,2109
-660,74,2183
-587,134,2244
-502,201,2294
-408,265,2333
-307,332,2357
-208,395,2373
-116,454,2382
-40,499,2379
41,533,2365
106,554,2343
157,573,2308
190,578,2266
203,575,2220
200,566,2166
165,556,2110
102,540,2043
21,522,1980
-73,502,1913
-178,482,1841
-308,472,1765
-455,453,1695
-608,420,1635
-759,381,1584
-910,349,1546
-1055,324,1517
-1193,308,1495
-1319,290,1481
-1430,275,1469
-1531,267,1459
-1619,267,1452
-1696,274,1448
-1758,277,1440
-1804,283,1430
-1847,295,1417
-1883,309,1404
-1905,326,1393
-1917,342,1386
-1918,363,1378
-1909,384,1369
-1899,404,1361
-1874,424,1354
-1840,448,1346
-1804,468,1337
-1764,488,1326
-1721,509,1314
-1679,528,1301
-1643,550,1288
-1623,573,1276
-1604,598,1270
-1585,619,1267
-1569,635,1268
-1548,651,1266
-1528,664,1262
-1517,672,1258
-1507,677,1254
-1502,688,1258
-1500,689,1260
-1500,696,1265
-1496,697,1277
-1497,700,1286
-1504,704,1298
-1510,706,1315
-1513,707,1337
-1504,708,1357
-1489,710,1379
-1470,711,1397
-1440,713,1412
-1406,720,1425
-1369,719,1437
-1322,720,1453
-1275,720,1471
-1220,724,1482
-1168,728,1492
-1110,733,1501
-1047,739,1506
-978,747,1514
-902,747,1521
-825,747,1521
-746,751,1518
-662,749,1519
-581,740,1517
-504,734,1511
-429,721,1503
-357,705,1488
-287,686,1480
-218,666,1470
-152,645,1451
-91,618,1433
-40,588,1410
15,560,1387
73,534,1358
122,508,1330
162,481,1299
198,451,1259
232,427,1222
263,406,1183
287,378,1138
301,349,1087
315,318,1035
323,292,981
326,258,920
321,222,862
313,187,802
302,147,737
284,114,672
261,80,602
240,43,537
219,4,466
190,-27,397
167,-58,327
141,-87,258
110,-122,194
76,-159,131
52,-207,72
24,-251,20
0,-302,-24
-11,-349,-57
-20,-396,-88
-22,-438,-125
-19,-478,-167
-13,-508,-210
6,-524,-257
31,-538,-309
55,-547,-371
85,-550,-431
119,-554,-491
155,-561,-554
190,-576,-616
227,-588,-677
260,-606,-735
289,-625,-792
316,-651,-845
351,-679,-895
387,-703,-939
427,-729,-984
467,-758,-1030
516,-781,-1078
569,-807,-1120
623,-829,-1159
685,-848,-1199
750,-866,-1242
825,-880,-1285
904,-899,-1330
986,-915,-1382
1057,-932,-1438
1133,-946,-1497
1200,-962,-1562
1269,-973,-1624
1334,-981,-1683
1393,-986,-1745
1440,-992,-1807
1481,-991,-1864
1521,-990,-1919
1555,-990,-1968
1584,-990,-2009
1609,-993,-2043
1633,-993,-2071
1654,-989,-2091
1676,-988,-2104
1696,-984,-2107
1716,-979,-2109
1732,-972,-2106
1750,-962,-2098
1764,-953,-2086
1778,-943,-2065
1790,-929,-2047
1806,-904,-2018
1818,-882,-1994
1823,-858,-1969
1824,-830,-1943
1825,-800,-1909
1817,-764,-1881
1814,-735,-1847
1812,-703,-1815
1809,-665,-1782
1807,-630,-1748
1798,-595,-1714
1791,-562,-1684
1783,-533,-1658
1774,-506,-1629
1758,-482,-1603
1736,-462,-1580
1719,-440,-1558
1700,-420,-1534
1684,-402,-1510
1668,-384,-1487
1651,-369,-1466
1641,-352,-1436
1631,-338,-1411
1617,-321,-1380
1612,-308,-1347
1611,-295,-1313
1616,-282,-1288
1618,-273,-1260
1619,-263,-1231
1624,-253,-1204
1631,-242,-1183
1641,-234,-1157
1650,-223,-1132
1657,-213,-1110
1666,-200,-1092
1664,-185,-1071
1667,-168,-1049
1663,-147,-1035
1655,-125,-1020
1641,-105,-1008
1618,-87,-994
1589,-71,-983
1549,-47,-981
1502,-20,-976
1461,4,-967
1413,18,-956
1361,32,-939
1304,46,-919
1247,61,-902
1191,70,-884
1134,76,-871
1082,80,-855
1032,80,-844
980,79,-825
925,78,-807
865,70,-792
812,66,-776
760,66,-758
704,68,-742
649,71,-727
596,68,-715
547,65,-704
506,67,-687
474,65,-665
442,59,-644
414,55,-627
389,49,-605
369,44,-580
357,41,-557
348,32,-532
343,27,-505
342,19,-476
342,12,-440
347,-1,-402
356,-13,-364
365,-23,-320
376,-33,-272
388,-45,-223
399,-57,-170
414,-66,-113
432,-78,-56
456,-88,-1
477,-94,71
500,-105,144
518,-114,224
534,-123,305
553,-133,388
569,-140,472
579,-154,555
582,-163,642
583,-173,729
576,-183,810
562,-198,887
544,-213,962
524,-221,1033
495,-230,1101
463,-242,1163
434,-256,1225
401,-269,1282
360,-281,1332
321,-286,1379
289,-295,1424
254,-311,1468
216,-325,1506
179,-343,1547
143,-368,1586
108,-403,1625
70,-443,1664
32,-485,1707
-11,-523,1743
-56,-555,1774
-92,-578,1806
-134,-598,1840
-181,-620,1879
-227,-652,1923
-269,-692,1971
-306,-737,2017
-339,-787,2062
-371,-836,2109
-403,-881,2161
-428,-933,2216
-448,-981,2275
-462,-1014,2337
-468,-1038,2402
-456,-1050,2475
-422,-1047,2557
-372,-1029,2633
-306,-985,2709
-220,-924,2780
-123,-849,2840
-18,-763,2887
110,-681,2915
251,-598,2924
398,-519,2914
547,-451,2883
681,-389,2820
793,-335,2739
884,-295,2642
951,-264,2531
995,-247,2411
1020,-230,2283
1018,-221,2156
995,-218,2025
957,-213,1898
902,-213,1777
840,-218,1666
767,-232,1563
682,-246,1475
578,-253,1395
461,-255,1318
332,-255,1234
185,-248,1155
26,-246,1087
-131,-246,1024
-299,-243,976
-473,-238,937
-640,-235,904
-802,-227,867
-956,-212,832
-1098,-195,813
-1226,-169,791
-1320,-136,771
-1404,-104,756
-1478,-71,745
-1530,-36,734
-1565,8,725
-1582,50,718
-1587,93,714
-1575,131,706
-1554,168,694
-1522,203,686
-1480,230,677
-1432,256,664
-1380,279,645
-1325,301,627
-1262,325,602
-1196,344,584
-1126,364,566
-1058,385,547
-999,405,526
-938,426,509
-880,444,495
-825,458,489
-785,469,480
-755,473,471
-727,476,464
-705,473,461
-687,471,464
-673,460,466
-670,444,465
-669,427,475
-670,412,487
-682,393,500
-693,373,508
-707,351,514
-720,330,525
-738,305,528
-754,285,532
-770,264,543
-783,249,548
-796,233,551
-807,217,556
-813,205,561
-810,187,568
-807,176,574
-799,165,582
-780,159,589
-760,151,597
-741,142,608
-722,133,616
-702,122,624
-682,107,633
-662,92,640
-643,73,648
-623,59,659
-604,40,667
-579,17,677
-553,-3,685
-529,-26,691
-507,-48,696
-485,-70,704
-458,-90,711
-431,-115,720
-393,-142,728
-354,-162,735
-318,-191,745
-283,-214,749
-242,-242,755
-198,-269,760
-158,-293,768
-109,-322,772
-66,-347,773
-18,-372,775
28,-398,775
76,-427,773
122,-452,769
170,-471,762
212,-491,751
249,-512,739
284,-532,728
309,-548,712
336,-563,694
362,-582,674
382,-600,652
402,-621,622
416,-637,588
433,-653,553
445,-671,513
458,-688,472
474,-702,422
488,-709,375
511,-694,332
530,-682,289
565,-665,248
620,-644,207
695,-628,156
783,-601,97
883,-579,23
996,-558,-52
1109,-533,-135
1220,-504,-239
1325,-476,-344
1415,-446,-449
1483,-413,-554
1524,-374,-655
1541,-337,-748
1532,-301,-831
1498,-263,-903
1444,-217,-971
1364,-175,-1041
1278,-139,-1103
1171,-116,-1151
1052,-105,-1198
912,-93,-1241
749,-79,-1279
583,-68,-1307
412,-68,-1319
249,-69,-1328
87,-73,-1334
-71,-74,-1340
-219,-74,-1342
-362,-79,-1340
-485,-91,-1337
-585,-103,-1326
-666,-120,-1308
-729,-142,-1284
-768,-158,-1259
-790,-166,-1223
-788,-168,-1187
-765,-161,-1149
-733,-156,-1107
-679,-143,-1068
-614,-127,-1022
-533,-111,-977
-437,-91,-936
-338,-72,-888
-233,-51,-843
-128,-32,-803
-27,-7,-764
75,19,-722
172,43,-685
261,67,-649
334,85,-620
388,103,-596
429,122,-573
449,136,-554
452,153,-544
439,165,-539
410,178,-537
367,198,-533
315,216,-531
252,232,-533
183,248,-532
108,263,-531
29,270,-533
-48,281,-533
-119,289,-534
-200,297,-539
-278,301,-539
-354,304,-542
-424,310,-544
-487,313,-548
-541,313,-549
-585,315,-548
-622,315,-548
-654,319,-547
-679,322,-546
-695,324,-541
-709,323,-537
-716,322,-535
-721,322,-533
-717,326,-523
-708,330,-510
-700,330,-496
-689,332,-485
-671,338,-473
-661,340,-458
-643,343,-444
-626,345,-425
-605,346,-410
-590,347,-391
-573,348,-371
-561,344,-355
-547,338,-340
-530,331,-326
-517,324,-311
-508,314,-297
-496,303,-287
-488,290,-278
-481,276,-271
-479,268,-261
-474,258,-253
-471,248,-248
-471,233,-242
-476,227,-231
-475,217,-222
-479,207,-217
-484,198,-208
-493,188,-201
-502,183,-191
-505,178,-179
-507,174,-173
-511,176,-161
-517,177,-149
-516,175,-136
-515,178,-121
-508,187,-105
-499,193,-87
-485,201,-72
-471,211,-59
-458,221,-52
-441,232,-44
-425,245,-22
-410,259,-10
-395,274,7
-382,285,23
-370,300,47
-360,309,67
-355,324,83
-352,338,103
-351,345,121
-356,356,143
-369,368,163
-382,380,183
-401,384,203
-417,391,228
-438,399,251
-461,407,277
-493,411,304
-522,414,329
-551,421,359
-581,429,386
-615,431,413
-645,425,441
-672,417,468
-700,409,497
-721,399,527
-738,392,557
-752,383,593
-760,372,623
-762,366,658
-756,360,692
-749,348,726
-743,334,762
-733,319,800
-718,301,836
-705,286,872
-686,279,913
-668,282,962
-656,287,1017
-642,292,1073
-618,282,1125
-586,262,1180
-545,227,1233
-482,190,1276
-406,148,1315
-314,102,1349
-195,51,1376
-68,-1,1389
87,-48,1398
268,-90,1395
460,-127,1386
660,-161,1367
868,-190,1338
1078,-204,1293
1281,-212,1236
1464,-203,1161
1618,-184,1075
1742,-152,971
1831,-114,848
1887,-79,712
1897,-45,567
1860,-3,417
1786,27,258
1682,56,98
1543,74,-47
1379,88,-178
1200,98,-296
1008,103,-398
809,107,-483
606,106,-564
391,102,-631
176,90,-689
-25,75,-746
-208,58,-802
-383,39,-847
-540,12,-889
-670,-10,-921
-772,-33,-943
-852,-53,-951
-899,-70,-946
-922,-82,-929
-926,-88,-906
-908,-88,-879
-870,-83,-843
-823,-75,-803
-767,-67,-765
-699,-60,-733
-619,-47,-702
-541,-29,-679
-458,-5,-658
-380,21,-641
-303,53,-629
-233,86,-617
-171,116,-602
-119,148,-577
-81,183,-547
-54,211,-510
-34,229,-472
-19,246,-427
-10,260,-375
-9,263,-322
-14,265,-275
-18,264,-222
-28,264,-172
-40,263,-127
-58,262,-86
-75,259,-56
-89,259,-36
-108,258,-10
-134,258,7
-164,254,22
-194,253,33
-226,255,45
-255,252,62
-289,255,73
-317,253,84
-350,258,96
-379,260,103
-407,259,112
-436,258,119
-468,255,123
-498,255,131
-522,253,142
-548,247,149
-577,242,154
-602,233,164
-629,221,169
-654,210,174
-673,200,180
-697,183,187
-715,164,195
-727,146,205
-738,124,218
-742,103,231
-742,81,246
-741,54,266
-726,31,285
-708,7,301
-688,-16,320
-656,-38,347
-623,-55,372
-585,-68,393
-544,-83,419
-492,-97,443
-439,-108,467
-376,-122,494
-309,-130,521
-235,-140,544
-157,-147,569
-79,-150,593
6,-151,614
98,-148,636
192,-140,655
284,-129,669
377,-115,681
463,-103,690
542,-90,691
618,-75,688
687,-61,677
745,-57,657
792,-56,628
828,-57,600
852,-63,566
863,-70,532
865,-76,502
849,-76,471
838,-72,438
826,-63,403
814,-49,367
809,-38,326
807,-36,271
811,-39,204
819,-52,127
824,-76,36
820,-103,-54
811,-132,-139
797,-164,-234
770,-194,-344
730,-222,-456
692,-251,-566
654,-279,-664
622,-308,-752
590,-334,-836
564,-362,-918
543,-389,-996
526,-413,-1073
518,-436,-1155
518,-456,-1231
522,-469,-1309
528,-482,-1385
531,-498,-1461
540,-513,-1531
543,-525,-1595
546,-539,-1649
559,-551,-1700
572,-564,-1744
588,-576,-1778
613,-585,-1806
644,-591,-1829
682,-593,-1842
734,-595,-1848
787,-592,-1846
840,-588,-1836
902,-587,-1823
968,-581,-1801
1030,-577,-1773
1098,-570,-1743
1169,-560,-1712
1237,-545,-1680
1303,-527,-1653
1367,-506,-1623
1427,-483,-1598
1482,-461,-1575
1536,-437,-1557
1580,-413,-1543
1625,-385,-1528
1665,-360,-1512
1701,-330,-1495
1735,-307,-1482
1766,-284,-1470
1791,-262,-1453
1811,-239,-1435
1821,-215,-1420
1834,-194,-1404
1839,-175,-1378
1846,-157,-1351
1849,-143,-1327
1852,-132,-1305
1850,-122,-1287
1851,-109,-1262
1848,-99,-1235
1834,-90,-1211
1818,-83,-1186
1799,-76,-1158
1780,-67,-1136
1765,-59,-1108
1753,-50,-1086
1741,-41,-1059
1724,-27,-1033
1709,-12,-1008
1692,11,-984
1676,34,-964
