1487,197,-354
1369,191,-361
1248,188,-368
1119,189,-380
988,186,-392
857,184,-403
720,183,-422
592,184,-439
463,188,-456
341,189,-473
219,188,-492
96,187,-510
-18,188,-524
-108,191,-538
-199,186,-550
-287,179,-555
-369,175,-561
-445,169,-564
-517,161,-562
-575,155,-563
-630,153,-561
-678,152,-554
-716,148,-547
-745,142,-536
-771,143,-526
-785,135,-511
-791,132,-495
-787,128,-471
-779,124,-446
-766,125,-422
-747,127,-397
-722,130,-371
-694,135,-344
-664,145,-320
-631,161,-296
-595,174,-267
-563,184,-243
-535,187,-216
-508,175,-184
-484,161,-138
-462,144,-86
-442,125,-37
-422,110,25
-411,98,87
-406,102,143
-403,116,188
-402,134,209
-407,159,218
-410,179,219
-410,193,206
-403,196,195
-389,183,188
-370,163,187
-344,140,190
-311,117,191
-275,96,188
-234,74,180
-185,54,170
-132,31,153
-85,3,131
-36,-20,112
26,-30,90
93,-41,75
158,-50,56
219,-58,37
278,-62,25
340,-64,13
400,-64,5
459,-62,1
519,-59,3
583,-57,12
641,-49,22
704,-43,33
765,-33,48
822,-20,66
875,-6,81
921,14,96
968,30,114
1000,44,126
1024,55,135
1028,64,147
1026,65,158
1012,63,171
989,60,192
955,54,211
912,45,228
859,41,248
803,42,265
746,41,280
685,35,295
621,30,309
557,25,317
493,19,329
429,10,335
368,0,338
311,-12,338
262,-23,336
220,-36,336
188,-51,342
169,-66,343
160,-76,347
160,-88,354
165,-104,356
180,-117,363
205,-132,368
238,-149,374
276,-161,383
323,-171,393
382,-180,401
441,-188,413
504,-192,423
574,-193,433
645,-194,444
715,-193,456
776,-189,465
845,-183,478
907,-176,492
969,-172,503
1026,-166,514
1078,-159,527
1128,-156,544
1173,-156,557
1222,-153,572
1265,-150,586
1303,-148,602
1337,-143,614
1371,-142,625
1397,-142,634
1417,-139,645
1435,-139,647
1451,-140,649
1462,-144,654
1462,-148,655
1459,-156,648
1447,-160,646
1430,-162,640
1414,-169,628
1391,-172,614
1370,-175,593
1351,-183,574
1329,-190,554
1317,-199,529
1309,-208,508
1313,-216,489
1322,-227,464
1335,-238,438
1360,-252,411
1388,-260,384
1414,-266,356
1446,-275,326
1485,-288,299
1526,-297,270
1565,-301,242
1606,-307,209
1645,-312,179
1694,-321,153
1740,-328,120
1788,-334,92
1844,-338,65
1895,-344,41
1946,-351,20
1996,-359,-5
2051,-359,-27
2101,-365,-47
2152,-369,-58
2200,-370,-77
2249,-374,-96
2296,-378,-116
2340,-384,-135
2383,-384,-154
2425,-386,-172
2464,-385,-190
2503,-384,-210
2542,-384,-231
2581,-382,-250
2613,-378,-270
2642,-377,-289
2670,-379,-314
2698,-376,-335
2721,-382,-354
2739,-389,-380
2756,-391,-406
2769,-392,-431
2778,-394,-455
2786,-393,-477
2799,-395,-504
2809,-396,-536
2813,-395,-564
2818,-397,-589
2825,-395,-616
2828,-390,-645
2836,-383,-670
2844,-377,-697
2839,-367,-724
2844,-359,-753
2842,-354,-783
2839,-343,-807
2832,-336,-833
2825,-324,-856
2815,-318,-878
2802,-305,-897
2788,-291,-914
2768,-275,-929
2748,-256,-943
2721,-234,-962
2692,-211,-974
2662,-185,-982
2627,-158,-996
2586,-133,-1006
2542,-107,-1013
2495,-81,-1018
2432,-60,-1023
2362,-35,-1025
2295,-5,-1026
2212,25,-1025
2124,54,-1024
2033,81,-1028
1933,109,-1030
1829,137,-1031
1719,160,-1029
1605,183,-1031
1485,204,-1031
1361,222,-1031
1235,240,-1028
1107,260,-1027
977,272,-1029
841,287,-1032
709,302,-1039
580,316,-1043
456,328,-1049
334,344,-1052
204,355,-1051
82,358,-1050
-31,365,-1056
-136,371,-1056
-249,374,-1054
-360,383,-1052
-467,386,-1047
-569,390,-1044
-666,394,-1039
-762,395,-1038
-852,403,-1034
-943,402,-1028
-1028,407,-1022
-1108,411,-1017
-1185,411,-1016
-1257,410,-1013
-1316,408,-1009
-1373,407,-1006
-1422,400,-997
-1459,395,-978
-1489,384,-960
-1515,371,-941
-1537,357,-919
-1555,337,-898
-1567,316,-875
-1568,293,-850
-1564,273,-822
-1551,253,-798
-1533,234,-773
-1501,213,-744
-1460,192,-712
-1415,169,-682
-1358,143,-654
-1301,121,-621
-1236,100,-587
-1162,75,-550
-1083,48,-513
-1003,28,-476
-920,6,-437
-833,-14,-397
-745,-35,-362
-656,-54,-324
-566,-71,-285
-481,-86,-246
-389,-101,-209
-294,-119,-173
-201,-137,-130
-107,-155,-94
-22,-174,-60
71,-191,-35
168,-213,-1
259,-235,34
355,-254,71
451,-272,100
547,-294,127
639,-312,155
732,-333,183
825,-352,213
918,-366,239
1009,-378,262
1092,-390,284
1174,-403,303
1251,-413,322
1322,-423,341
1388,-434,361
1451,-444,378
1508,-451,389
1561,-462,408
1599,-477,421
1633,-483,434
1665,-493,451
1685,-502,460
1700,-508,476
1708,-516,488
1709,-520,503
1702,-526,520
1692,-535,538
1674,-543,552
1654,-545,569
1630,-549,586
1599,-551,604
1564,-555,620
1528,-553,637
1491,-549,653
1441,-542,665
1389,-529,670
1340,-515,669
1279,-501,669
1210,-483,661
1127,-462,654
1037,-438,647
934,-416,640
829,-395,632
724,-377,621
616,-364,610
509,-355,592
398,-347,573
285,-340,550
176,-340,521
76,-335,496
-18,-332,471
-100,-328,444
-181,-327,413
-256,-328,378
-318,-325,346
-373,-321,311
-410,-316,273
-444,-313,234
-462,-312,197
-469,-309,161
-466,-305,122
-450,-300,89
-428,-290,52
-401,-280,19
-369,-266,-18
-327,-246,-49
-280,-224,-68
-230,-199,-101
-171,-173,-130
-117,-143,-159
-69,-115,-187
-22,-89,-212
26,-67,-232
69,-43,-254
106,-17,-269
136,10,-282
158,41,-290
175,71,-297
178,100,-304
171,129,-306
155,160,-307
130,183,-303
104,208,-302
69,233,-299
30,254,-293
-14,275,-285
-55,297,-276
-95,319,-262
-132,341,-252
-176,362,-239
-218,379,-220
-260,402,-205
-300,417,-190
-333,431,-171
-367,447,-157
-398,461,-138
-427,473,-119
-453,486,-106
-475,497,-90
-489,506,-74
-503,517,-61
-509,524,-53
-521,530,-47
-520,536,-36
-510,542,-21
-500,548,-9
-485,549,-2
-467,555,4
-443,559,11
-420,560,13
-390,561,17
-357,564,23
-320,564,25
-280,566,26
-237,568,24
-194,568,24
-148,569,22
-106,570,16
-66,572,12
-25,577,10
16,579,5
52,581,2
87,582,-2
120,586,-8
149,587,-15
166,587,-22
179,585,-30
186,582,-38
185,585,-44
181,582,-50
174,574,-53
167,572,-56
153,574,-63
134,570,-73
115,556,-85
95,548,-95
77,541,-100
59,533,-109
30,522,-117
3,513,-124
-26,502,-131
-56,492,-134
-85,479,-137
-116,469,-141
-152,458,-148
-194,447,-157
-228,439,-160
-269,424,-158
-309,410,-160
-345,397,-163
-382,383,-166
-412,370,-170
-444,352,-169
-481,331,-166
-517,314,-164
-553,297,-154
-594,279,-143
-635,261,-123
-676,245,-106
-718,227,-92
-764,211,-78
-814,199,-69
-853,182,-61
-888,170,-54
-925,157,-50
-955,146,-34
-978,136,-11
-1003,124,13
-1027,116,37
-1050,110,68
-1076,105,102
-1106,102,130
-1135,97,158
-1159,89,186
-1188,82,217
-1216,78,251
-1236,75,281
-1254,69,316
-1267,62,347
-1281,53,376
-1289,45,408
-1295,41,437
-1294,32,464
-1297,23,491
-1295,14,520
-1287,7,547
-1286,0,575
-1276,0,605
-1267,-8,629
-1258,-16,654
-1246,-25,682
-1229,-34,705
-1214,-39,728
-1197,-43,756
-1175,-50,778
-1151,-59,801
-1119,-65,826
-1085,-70,848
-1052,-76,867
-1015,-86,891
-980,-94,913
-937,-98,930
-894,-105,951
-848,-113,968
-799,-118,985
-749,-124,996
-699,-123,1006
-654,-125,1020
-611,-125,1030
-566,-125,1036
-520,-125,1041
-473,-119,1047
-426,-117,1048
-389,-113,1045
-351,-114,1042
-310,-110,1043
-272,-107,1037
-237,-103,1029
-207,-104,1018
-173,-100,1006
-137,-99,999
-112,-100,984
-90,-98,968
-67,-95,948
-44,-91,929
-16,-87,906
4,-82,885
19,-76,863
41,-71,833
54,-67,806
71,-63,777
84,-56,748
92,-50,722
95,-45,691
101,-43,660
106,-43,628
102,-39,598
101,-36,570
101,-33,540
97,-27,509
86,-25,479
77,-26,448
69,-22,418
57,-13,390
40,-10,359
29,-3,325
17,0,299
1,3,273
-23,6,249
-45,13,222
-62,18,195
-81,24,169
-106,32,147
-125,38,126
-148,45,103
-170,50,80
-192,58,56
-209,64,36
-226,71,17
-241,73,-2
-254,77,-16
-261,83,-34
-268,89,-48
-274,92,-55
-279,98,-63
-289,106,-75
-289,111,-88
-280,115,-104
-277,119,-115
-274,126,-126
-271,130,-137
-263,132,-147
-253,132,-156
-245,135,-165
-237,144,-177
-223,154,-186
-215,155,-195
-203,157,-204
-190,159,-212
-173,162,-224
-160,165,-231
-150,165,-242
-134,165,-251
-124,164,-258
-111,163,-265
-93,166,-277
-81,165,-281
-68,164,-286
-55,164,-300
-39,167,-314
-26,162,-319
-13,160,-326
8,161,-329
21,160,-339
29,159,-346
31,157,-350
36,158,-358
40,157,-368
42,155,-376
41,149,-383
43,147,-391
40,148,-399
32,143,-404
30,139,-407
23,136,-416
13,135,-418
5,130,-419
-5,129,-423
-11,127,-429
-19,122,-432
-26,116,-437
-32,118,-443
-36,111,-445
-45,106,-450
-49,103,-450
-54,99,-451
-61,94,-455
-64,91,-455
-64,85,-451
-66,83,-454
-67,80,-460
-74,71,-462
-76,70,-462
-75,69,-457
-76,66,-450
-74,60,-449
-65,56,-444
-56,59,-444
-43,56,-439
-27,52,-437
-10,50,-432
10,47,-423
34,39,-413
57,37,-405
76,34,-399
94,27,-394
113,20,-385
128,16,-376
144,11,-368
155,4,-360
167,-2,-351
180,-9,-342
187,-15,-333
191,-18,-325
194,-25,-318
199,-32,-311
202,-37,-300
200,-42,-292
198,-45,-288
195,-51,-284
197,-56,-276
192,-58,-266
189,-62,-260
191,-66,-252
185,-68,-244
185,-72,-232
192,-74,-222
189,-75,-211
191,-79,-204
191,-79,-195
189,-81,-185
190,-87,-177
187,-89,-166
187,-88,-157
188,-90,-147
185,-90,-140
183,-93,-130
183,-96,-119
189,-99,-109
193,-98,-100
202,-101,-87
208,-102,-78
215,-103,-66
223,-103,-59
226,-105,-54
226,-105,-51
229,-103,-46
227,-102,-39
219,-104,-31
215,-102,-20
208,-100,-13
202,-97,-3
195,-97,4
194,-93,10
196,-90,20
190,-86,30
185,-86,38
185,-85,47
188,-84,53
188,-82,57
194,-78,67
196,-77,78
201,-79,87
206,-76,95
204,-76,105
197,-77,112
189,-76,118
182,-74,123
164,-70,129
150,-67,135
139,-65,140
125,-62,145
112,-58,148
99,-55,149
94,-55,152
93,-53,162
94,-51,168
98,-48,175
111,-46,180
123,-45,185
134,-42,193
145,-41,198
154,-41,203
159,-38,209
156,-37,210
156,-34,214
155,-32,216
151,-28,215
152,-25,222
150,-23,223
152,-17,225
154,-15,228
158,-9,231
162,-4,231
163,-1,230
164,0,229
168,4,232
173,9,232
172,10,236
172,12,237
170,14,236
165,14,237
161,21,235
157,24,234
153,29,235
151,30,234
149,33,231
147,36,230
146,36,230
144,40,229
145,42,225
144,42,223
140,44,223
140,45,224
139,49,227
134,48,228
124,46,226
122,46,220
118,51,219
116,51,212
115,51,209
122,52,203
126,51,198
133,48,196
144,43,199
151,43,201
161,44,198
167,42,195
173,39,192
178,40,192
181,42,189
183,46,183
182,43,179
183,40,175
183,37,171
185,36,170
186,36,168
184,38,166
180,40,163
178,40,159
176,38,156
172,39,153
166,40,149
160,39,142
156,38,133
150,38,125
142,37,121
135,39,114
133,38,109
125,38,100
128,41,95
128,40,93
128,40,90
130,42,80
137,43,71
141,41,63
147,41,53
153,42,49
162,40,41
163,37,34
159,38,31
154,38,23
147,36,12
136,37,8
125,36,5
110,35,-2
94,36,-9
78,35,-16
64,33,-23
55,31,-25
41,26,-31
33,26,-37
24,24,-42
16,21,-44
8,18,-45
-5,17,-51
-14,13,-53
-22,12,-52
-28,12,-53
-36,10,-54
-41,10,-58
-43,7,-60
-42,5,-62
-38,4,-64
-32,5,-63
-30,0,-66
-21,1,-67
-17,-2,-67
-6,-7,-67
2,-11,-63
2,-12,-62
10,-10,-62
22,-11,-62
28,-12,-65
36,-14,-64
43,-13,-61
49,-12,-61
55,-12,-62
64,-17,-60
69,-17,-59
77,-18,-58
82,-18,-57
83,-19,-56
86,-18,-57
89,-15,-56
88,-19,-55
87,-17,-55
87,-20,-55
87,-19,-55
83,-18,-57
85,-18,-56
87,-18,-56
89,-17,-55
93,-16,-54
96,-16,-54
96,-15,-53
95,-12,-54
93,-13,-53
92,-11,-54
92,-12,-53
95,-7,-54
93,-4,-55
98,-2,-54
98,2,-53
95,2,-53
99,5,-54
102,3,-54
100,5,-53
96,5,-53
95,6,-53
95,11,-53
101,14,-52
98,15,-52
93,10,-52
92,11,-51
88,13,-52
88,17,-50
89,17,-48
84,17,-44
89,17,-43
93,20,-40
90,20,-36
88,22,-33
89,23,-30
92,26,-26
94,23,-22
94,26,-18
96,31,-12
100,32,-10
101,33,-7
103,29,-4
104,30,2
106,30,6
108,31,9
112,35,12
111,34,16
105,33,15
109,34,25
114,34,26
117,33,32
116,32,33
119,34,34
123,33,41
124,35,41
122,35,41
125,34,41
130,37,41
131,36,43
130,38,45
133,38,47
136,37,49
140,38,48
147,40,52
154,46,52
160,44,58
173,46,68
185,47,72
198,47,79
203,49,83
205,51,82
198,49,82
183,46,80
162,44,71
139,47,61
117,49,54
102,48,49
88,48,44
75,48,43
71,44,43
66,41,41
59,37,36
53,37,36
53,34,28
49,31,21
49,28,18
48,24,15
51,25,12
53,24,9
60,24,6
63,22,6
65,20,4
66,20,2
69,19,0
67,18,-1
64,16,-6
61,12,-8
60,13,-7
63,10,-12
61,10,-14
57,9,-17
56,6,-17
57,5,-13
58,4,-13
54,2,-14
49,-1,-16
43,-1,-15
38,-2,-17
35,-2,-16
31,-1,-19
30,0,-17
26,-5,-17
24,-3,-14
27,-3,-14
28,-5,-16
26,-4,-20
23,-3,-20
20,-2,-19
16,-1,-21
14,-3,-23
16,-2,-24
15,-3,-25
21,-3,-24
24,-6,-24
27,-4,-27
28,-2,-27
29,-1,-27
28,0,-23
33,1,-23
40,5,-18
45,9,-15
55,12,-15
61,9,-19
66,12,-20
69,13,-17
71,15,-15
76,19,-13
78,18,-11
75,22,-10
75,25,-9
73,24,-8
68,25,-12
63,27,-9
59,30,-5
56,30,-1
56,32,1
55,39,2
57,41,3
59,39,3
64,37,9
72,40,14
75,43,20
74,44,25
75,44,27
75,42,29
72,42,34
69,46,39
61,43,40
55,40,44
43,36,46
33,35,50
21,34,52
13,32,54
4,30,58
-1,29,63
-1,25,65
-11,25,67
-17,26,73
-28,25,72
-28,21,76
-35,22,78
-43,22,81
-48,20,88
-49,18,91
-50,17,93
-52,18,98
-54,19,100
-54,19,101
-54,18,104
-50,18,106
-49,18,109
-45,19,108
-39,25,109
-31,28,110
-26,27,111
-24,24,110
-16,22,112
-12,23,113
-13,20,115
-13,22,117
-16,26,114
-16,22,114
-17,22,113
-18,23,114
-17,23,113
-18,23,112
-16,23,110
-13,24,108
-8,23,109
-12,22,110
-9,20,107
1,19,109
4,15,107
2,14,100
1,14,100
3,8,100
1,7,99
1,5,98
-3,2,95
-10,4,93
-11,9,92
-19,11,89
-28,7,87
-32,6,84
-36,7,79
-35,12,79
-31,14,77
-27,11,79
-21,11,81
-9,11,77
3,13,77
15,12,75
23,12,74
34,10,72
41,8,69
42,6,68
45,11,67
43,11,65
39,10,65
33,9,62
23,7,59
19,6,58
15,6,58
9,6,59
4,3,56
3,3,57
0,3,56
0,3,56
0,1,57
-4,2,56
0,-4,52
2,-4,57
3,-3,53
7,-4,50
12,-1,53
21,-2,51
29,-1,50
34,-1,51
43,-2,52
50,1,52
58,-2,52
63,-4,52
70,0,53
73,4,52
79,3,51
77,0,51
78,1,51
83,4,51
81,7,49
78,7,47
81,4,47
77,3,46
68,5,41
65,6,39
67,8,39
64,7,36
57,8,31
58,8,28
54,6,23
50,8,19
52,9,18
46,10,14
46,10,15
47,6,10
46,5,4
46,4,-1
44,5,-4
42,3,-7
43,3,-15
40,4,-17
39,4,-19
35,1,-25
37,4,-29
37,4,-32
37,2,-37
34,2,-40
36,0,-45
37,0,-48
34,-3,-51
30,-3,-52
31,-6,-52
32,-3,-52
29,-6,-53
34,-7,-54
34,-7,-54
37,-9,-55
41,-13,-58
39,-10,-61
36,-11,-63
38,-12,-65
39,-15,-65
39,-17,-64
41,-19,-67
40,-23,-67
38,-25,-70
40,-27,-66
39,-26,-63
35,-25,-63
35,-26,-61
31,-26,-59
33,-26,-58
26,-29,-61
27,-28,-56
27,-29,-54
27,-30,-53
19,-29,-53
16,-27,-53
14,-30,-52
15,-32,-52
19,-35,-51
17,-33,-48
19,-34,-48
24,-35,-47
29,-36,-44
36,-38,-42
41,-37,-42
45,-39,-42
50,-40,-42
54,-40,-40
58,-40,-40
61,-43,-40
67,-45,-38
72,-45,-37
71,-46,-36
72,-48,-31
72,-47,-30
73,-47,-29
76,-46,-27
75,-46,-27
74,-45,-24
69,-44,-23
67,-41,-20
65,-40,-18
60,-38,-16
57,-40,-12
56,-36,-9
58,-37,-6
55,-34,-5
53,-32,-4
47,-30,-2
46,-29,0
46,-29,0
45,-26,2
45,-26,4
45,-22,7
45,-23,5
47,-22,6
49,-23,7
48,-22,10
45,-23,13
43,-22,13
41,-17,16
44,-17,19
42,-15,19
43,-13,19
42,-10,22
42,-8,26
43,-6,27
40,-3,30
36,-2,29
38,-4,31
39,0,36
38,-1,39
36,-1,40
35,2,42
31,2,45
32,3,44
31,8,48
28,6,50
30,8,54
31,10,55
29,10,58
28,11,60
26,13,60
23,13,64
24,12,64
21,14,68
18,17,68
19,17,70
15,19,70
12,21,69
10,19,72
10,19,75
11,20,73
11,22,78
8,21,80
3,20,76
3,22,78
0,25,80
-2,25,80
-4,23,85
-4,25,83
-3,23,85
-5,23,84
-8,22,87
-11,21,87
-12,20,86
-14,23,87
-16,26,90
-14,28,91
-16,28,89
-16,26,90
-15,26,92
-11,28,94
-7,27,95
-6,25,97
-6,26,100
-6,26,97
-8,30,94
-8,30,100
-8,30,102
-8,30,99
-9,30,95
-16,29,93
-19,30,96
-21,33,96
-25,32,93
-31,33,95
-34,36,95
-38,38,92
-43,34,91
-44,35,91
-45,35,88
-51,37,87
-56,41,85
-56,44,85
-58,43,83
-60,43,83
-62,47,83
-60,47,83
-54,48,84
-54,48,81
-55,48,78
-55,49,75
-57,53,71
-59,53,68
-61,51,66
-60,51,64
-62,51,63
-61,50,61
-61,45,57
-55,43,57
-49,43,60
-46,43,57
-43,43,57
-42,42,57
-46,41,58
-44,40,57
-43,39,57
-47,43,58
-47,46,58
-51,46,61
-49,48,63
-45,50,64
-41,50,67
-35,53,74
-27,54,77
-22,49,79
-18,50,81
-15,53,81
-9,52,81
-6,56,81
-2,57,81
1,60,80
5,61,82
9,61,79
13,62,78
14,61,75
18,63,78
19,64,76
17,67,74
14,67,66
7,72,62
3,76,58
0,70,59
-10,71,56
-19,71,53
-24,76,49
-31,78,43
-35,79,42
-37,79,42
-41,81,39
-45,82,36
-47,86,36
-47,86,32
-48,90,31
-42,90,30
-42,90,29
-41,92,26
-40,93,22
-39,94,21
-36,95,19
-35,94,22
-35,93,19
-34,93,13
-30,95,16
-23,92,14
-25,94,13
-25,97,11
-23,91,6
-25,89,11
-26,90,7
-25,92,7
-24,88,8
-25,90,7
-25,91,9
-22,89,7
-21,88,8
-21,86,8
-19,88,6
-20,87,8
-17,85,6
-17,85,6
-19,80,4
-20,80,4
-19,79,5
-17,79,3
-15,75,2
-13,71,4
-13,69,-1
-16,62,0
-14,60,-1
-13,61,-2
-8,59,-2
-9,54,1
-9,52,1
-6,49,3
-3,45,3
-4,41,2
1,39,2
6,39,0
6,39,1
9,33,-3
12,31,-2
14,29,-2
22,27,-3
25,27,-5
31,27,-5
30,20,-6
29,16,-8
31,15,-11
29,11,-12
31,7,-15
32,8,-17
29,8,-18
27,4,-21
28,0,-22
24,-1,-25
22,0,-28
23,2,-27
24,3,-28
19,2,-31
13,2,-32
11,-1,-31
10,-4,-31
8,-4,-33
5,-3,-36
5,1,-33
7,2,-34
11,-2,-34
12,0,-33
16,2,-32
21,4,-31
27,0,-34
25,-1,-35
26,0,-33
32,4,-31
33,5,-30
29,4,-26
30,6,-25
29,5,-21
28,5,-19
26,7,-20
27,7,-16
24,8,-15
20,11,-15
14,11,-9
13,14,-4
8,16,-1
0,16,-1
-6,16,3
-10,18,10
-16,22,12
-23,22,14
-26,24,14
-29,26,16
-34,26,18
-36,26,21
-37,28,22
-36,29,21
-37,31,20
-34,33,22
-38,32,20
-41,33,18
-40,33,17
-44,35,16
-45,31,17
-51,31,16
-53,30,17
-59,26,18
-61,26,19
-66,21,19
-69,18,21
-68,16,26
-68,16,30
-69,14,33
-67,14,37
-65,11,43
-65,9,42
-66,8,46
-60,8,53
-57,5,52
-51,6,53
-52,3,54
-48,0,55
-44,-3,59
-42,-4,58
-36,-4,56
-30,-9,55
-23,-13,58
-16,-17,59
-13,-20,58
-8,-19,60
-3,-20,60
-1,-19,60
2,-22,60
9,-23,60
9,-24,61
0,-25,62
1,-24,63
1,-23,65
3,-21,69
3,-20,71
0,-18,72
-2,-17,73
-4,-18,76
-4,-15,77
-3,-14,82
-3,-10,85
-5,-8,83
-9,-9,83
-10,-7,86
-9,-10,87
-9,-13,83
-7,-10,84
-1,-11,88
1,-10,88
4,-9,89
5,-9,92
8,-8,89
10,-7,86
14,-8,84
14,-8,84
18,-6,86
18,-8,88
13,-6,84
12,-4,83
18,-1,85
15,3,87
10,4,82
9,7,81
10,10,78
9,10,71
14,8,68
14,4,66
14,5,67
13,5,65
15,3,66
13,4,65
10,6,64
10,8,63
10,8,58
5,13,54
0,17,56
0,16,55
-2,18,50
4,18,47
6,18,49
7,21,48
9,22,47
13,22,47
13,22,43
6,23,39
6,23,38
9,26,39
9,27,40
8,26,39
4,28,36
2,29,33
4,31,33
5,31,34
7,30,29
6,31,27
7,30,25
10,28,21
12,26,16
16,27,16
14,28,15
15,25,13
14,29,12
14,30,10
13,30,8
14,24,4
14,25,1
18,26,2
19,26,-1
18,26,-5
21,22,-5
21,19,-7
18,22,-8
18,23,-8
21,21,-6
23,21,-7
21,20,-10
19,25,-9
20,22,-12
19,20,-13
19,21,-14
18,20,-15
20,17,-15
21,18,-14
23,18,-13
20,16,-18
20,17,-17
18,14,-18
19,14,-18
20,13,-16
16,11,-16
17,10,-15
18,7,-18
20,5,-17
20,5,-18
19,3,-16
20,0,-16
28,0,-15
28,-2,-17
24,-3,-19
30,-1,-13
35,-3,-11
36,-5,-12
37,-9,-13
39,-9,-8
41,-10,-9
42,-12,-10
45,-13,-8
46,-17,-9
47,-14,-10
48,-15,-9
48,-19,-10
48,-21,-6
49,-19,-2
49,-20,-2
52,-23,-2
53,-23,-2
50,-23,0
50,-24,3
52,-27,6
49,-26,7
46,-28,4
46,-28,6
45,-29,6
49,-29,4
50,-29,6
48,-30,3
54,-31,6
59,-30,9
62,-29,12
59,-29,8
57,-31,9
60,-29,10
59,-28,6
58,-26,8
57,-27,10
56,-27,12
57,-23,15
59,-27,14
58,-27,11
53,-28,13
47,-24,14
36,-22,15
24,-23,12
17,-21,11
2,-22,9
-8,-19,9
-8,-19,4
-6,-19,9
-1,-16,14
2,-13,18
8,-13,21
14,-12,22
15,-17,21
22,-13,23
26,-11,25
33,-12,26
33,-13,28
31,-13,28
28,-14,30
23,-14,30
21,-13,33
20,-14,35
16,-11,38
18,-8,38
18,-6,38
22,-5,37
21,-5,43
21,-5,45
25,-4,50
25,-4,51
19,-2,51
16,-3,55
14,-1,54
13,-3,55
11,-4,56
7,0,57
6,0,58
4,0,58
2,0,60
-2,-5,63
-1,-2,67
3,-3,73
5,-2,73
3,-2,76
4,1,76
8,3,76
12,6,76
11,5,74
13,6,71
19,3,72
21,5,75
30,-1,79
35,-4,84
37,-1,86
36,-2,91
36,-2,91
34,1,88
32,-3,84
31,-3,80
24,0,81
15,-2,78
13,-1,77
10,1,76
7,-2,72
4,-1,71
-4,-5,72
-10,-3,72
-13,-2,72
-14,-1,71
-16,3,68
-13,5,64
-13,5,62
-13,5,59
-9,6,56
-2,8,53
2,4,54
3,5,51
7,4,51
8,7,49
6,8,49
3,7,50
2,9,46
-4,11,47
-8,12,45
-11,12,43
-16,15,41
-17,18,41
-15,16,41
-18,17,40
-23,19,37
-24,21,38
-26,18,36
-29,16,33
-37,16,31
-42,15,32
-40,16,32
-41,18,31
-47,19,29
-48,20,22
-52,19,20
-54,15,19
-56,18,17
-57,21,11
-54,23,13
-55,22,12
-52,20,9
-52,19,5
-48,18,4
-45,19,3
-41,21,4
-39,22,3
-37,22,6
-30,23,6
-27,25,6
-19,26,5
-14,30,7
-8,31,10
-3,28,9
2,30,10
5,31,13
10,30,13
20,29,18
25,26,23
26,28,23
30,29,25
31,29,21
31,29,19
34,32,21
35,32,20
31,30,21
30,27,18
24,26,18
11,24,20
4,25,19
-1,23,13
-9,21,10
-15,25,12
-21,24,17
-27,25,11
-31,27,9
-30,24,8
-27,24,5
-23,28,6
-21,27,7
-17,28,7
-14,27,3
-10,28,2
-2,28,4
3,30,7
7,28,9
4,33,9
2,34,8
3,33,10
4,32,10
4,34,9
5,32,9
3,34,11
2,34,11
0,36,11
-2,35,10
-4,32,9
-8,33,10
-10,30,14
-13,32,15
-13,31,15
-13,31,18
-14,27,15
-13,27,19
-12,26,19
-13,27,18
-12,28,20
-5,27,22
-7,21,24
-4,23,24
5,22,29
9,23,33
9,23,31
10,24,30
15,22,31
17,21,31
19,19,32
21,16,33
26,17,33
21,16,34
19,14,37
21,15,38
22,16,36
24,14,37
22,16,40
19,15,40
20,13,39
24,12,42
25,13,43
26,13,43
28,12,46
27,7,46
23,8,48
22,9,46
23,8,46
18,10,47
17,10,45
15,9,47
16,10,46
15,10,48
17,14,48
23,14,48
26,13,49
28,16,53
28,15,54
32,14,53
38,14,53
40,14,54
42,15,52
47,16,49
49,17,52
54,17,56
56,17,62
55,18,66
59,20,67
59,22,65
63,27,67
61,29,66
63,27,62
63,31,61
59,35,62
57,31,62
46,31,57
43,28,55
36,24,56
29,24,57
21,25,53
12,26,49
14,23,46
22,26,53
35,29,54
53,31,58
67,24,63
81,19,64
96,11,65
101,0,65
105,-8,58
100,-11,56
86,-13,55
71,-18,57
54,-24,58
38,-22,58
23,-21,57
10,-22,52
1,-19,47
-4,-15,38
-6,-14,34
-5,-14,33
1,-13,27
22,-10,24
36,-12,19
59,-13,14
84,-9,12
101,-8,14
114,-12,17
124,-18,19
132,-18,19
140,-10,15
151,12,9
155,23,-3
153,21,-14
165,20,-22
183,21,-26
198,24,-26
207,24,-28
218,22,-29
222,19,-36
221,17,-41
224,9,-41
231,1,-34
229,1,-22
208,10,-20
181,14,-33
156,12,-47
140,11,-52
128,16,-53
117,20,-52
97,25,-52
88,27,-53
90,33,-53
96,32,-53
110,29,-53
127,24,-52
141,23,-52
157,23,-52
172,21,-52
190,26,-52
207,30,-53
217,28,-52
225,28,-52
236,28,-52
242,28,-52
254,26,-52
263,28,-52
272,31,-52
286,31,-51
293,28,-48
301,28,-45
303,23,-44
303,18,-42
308,18,-41
312,18,-45
314,12,-45
311,10,-42
312,5,-38
312,3,-34
306,1,-26
298,3,-21
286,1,-18
272,-5,-16
262,-11,-15
243,-12,-10
223,-14,-6
205,-15,-2
179,-18,4
153,-25,9
129,-29,10
106,-28,11
83,-31,13
62,-31,10
47,-34,11
32,-35,12
22,-40,13
17,-40,13
10,-43,15
9,-44,13
7,-40,17
7,-39,16
9,-42,16
9,-42,16
8,-43,17
7,-45,17
6,-43,19
6,-43,19
5,-41,16
-2,-39,17
-4,-36,18
-7,-31,15
-4,-29,15
-3,-27,16
3,-28,21
8,-25,24
16,-20,22
25,-19,22
31,-17,24
36,-20,28
47,-18,32
59,-16,35
71,-15,37
78,-14,39
90,-12,37
104,-13,40
109,-15,43
115,-12,46
122,-16,49
126,-17,48
128,-15,50
125,-16,53
127,-15,52
130,-16,55
127,-15,58
127,-16,61
123,-13,61
126,-11,60
124,-15,61
120,-14,63
120,-13,65
119,-15,67
117,-16,65
116,-18,66
114,-16,63
112,-20,62
113,-20,62
117,-18,61
120,-18,60
122,-19,61
124,-24,59
128,-27,58
131,-27,58
129,-29,52
120,-36,50
116,-33,47
112,-34,48
105,-39,48
98,-41,46
95,-40,45
86,-41,44
77,-40,41
63,-43,33
47,-48,26
30,-47,18
18,-44,14
5,-49,9
-7,-54,3
-15,-57,0
-20,-63,-4
-22,-69,-5
-16,-74,-5
-5,-83,-10
8,-90,-15
27,-99,-20
49,-107,-21
78,-115,-22
112,-128,-24
143,-138,-29
180,-146,-31
217,-155,-33
262,-164,-38
307,-168,-41
360,-174,-45
412,-183,-47
473,-192,-50
537,-204,-49
600,-211,-48
664,-213,-49
728,-221,-47
794,-230,-46
856,-238,-44
921,-251,-41
976,-261,-37
1025,-266,-34
1070,-274,-31
1111,-284,-31
1148,-294,-31
1179,-306,-34
1214,-319,-37
1236,-325,-38
1253,-336,-40
1268,-347,-40
1279,-354,-41
1291,-363,-45
1300,-373,-46
1307,-379,-45
1311,-385,-48
1316,-395,-47
1319,-402,-47
1321,-412,-50
1323,-418,-52
1326,-424,-52
1324,-430,-52
1324,-439,-52
1320,-447,-52
1316,-456,-52
1307,-463,-51
1303,-470,-51
1297,-476,-52
1285,-485,-48
1276,-493,-47
1271,-495,-45
1265,-498,-42
1259,-506,-40
1256,-514,-41
1249,-520,-37
1245,-525,-36
1242,-531,-35
1238,-534,-36
1237,-537,-37
1236,-542,-37
1238,-541,-39
1236,-546,-40
1240,-547,-48
1242,-549,-49
1251,-553,-50
1262,-557,-52
1269,-560,-53
1280,-567,-54
1292,-574,-54
1309,-576,-53
1324,-578,-54
1328,-583,-58
1339,-583,-59
1340,-586,-61
1346,-588,-61
1344,-588,-64
1337,-592,-67
1329,-595,-65
1322,-597,-62
1310,-598,-60
1298,-597,-62
1289,-598,-61
1287,-597,-55
1294,-591,-53
1300,-587,-49
1310,-582,-41
1316,-579,-29
1322,-574,-21
1324,-568,-12
1320,-560,-6
1310,-554,-2
1297,-548,3
1280,-538,6
1258,-528,7
1234,-519,6
1208,-508,11
1187,-497,20
1163,-488,19
1138,-483,20
1110,-481,21
1086,-477,19
1059,-474,19
1034,-467,16
1015,-458,15
995,-455,14
979,-451,8
966,-445,2
953,-439,-4
937,-438,-10
920,-436,-16
903,-431,-24
890,-424,-32
886,-420,-45
894,-413,-52
909,-414,-53
933,-413,-54
969,-406,-54
999,-398,-56
1025,-392,-59
1052,-388,-59
1073,-381,-62
1086,-372,-68
1098,-365,-74
1110,-357,-77
1118,-351,-79
1123,-347,-81
1126,-336,-84
1127,-327,-89
1132,-317,-93
1137,-311,-91
1148,-301,-84
1162,-286,-76
1174,-270,-74
1180,-264,-67
1177,-258,-61
1166,-256,-56
1149,-259,-53
1125,-261,-50
1101,-260,-46
1075,-261,-40
1041,-260,-38
989,-265,-39
909,-279,-41
818,-287,-44
718,-296,-47
591,-299,-53
437,-284,-74
276,-269,-91
136,-287,-91
62,-301,-79
61,-304,-69
109,-309,-62
183,-324,-56
277,-341,-56
370,-347,-64
441,-344,-69
493,-341,-70
522,-332,-71
522,-319,-82
502,-300,-103
474,-285,-135
461,-273,-162
479,-262,-174
522,-248,-167
574,-243,-148
611,-243,-132
622,-250,-129
607,-257,-144
568,-262,-160
511,-265,-176
447,-269,-195
393,-274,-213
352,-275,-221
322,-277,-224
298,-280,-232
284,-283,-244
275,-279,-253
268,-272,-264
265,-267,-268
272,-255,-270
282,-251,-269
305,-249,-268
332,-234,-280
358,-218,-288
408,-207,-290
458,-208,-288
494,-212,-281
490,-211,-285
465,-205,-300
431,-195,-321
401,-185,-330
391,-170,-330
412,-147,-334
459,-123,-336
537,-102,-326
627,-102,-307
689,-93,-283
714,-79,-271
721,-64,-264
710,-44,-262
683,-20,-262
647,0,-260
611,16,-252
559,37,-248
507,59,-245
469,84,-235
441,105,-222
408,128,-208
362,153,-206
315,176,-209
269,203,-202
227,228,-192
179,257,-179
123,284,-176
56,310,-188
-7,334,-200
-47,361,-200
-86,386,-194
-120,414,-194
-153,440,-197
-200,465,-203
-248,488,-214
-296,506,-224
-342,524,-235
-384,542,-239
-422,563,-243
-450,576,-243
-472,590,-246
-481,603,-251
-487,618,-254
-494,640,-259
-502,650,-275
-514,664,-289
-522,677,-299
-522,692,-301
-519,705,-299
-519,714,-300
-532,731,-309
-557,746,-331
-582,760,-352
-597,768,-365
-600,782,-370
-600,792,-377
-594,811,-383
-591,827,-385
-603,838,-380
-631,847,-382
-688,860,-391
-769,862,-407
-861,863,-419
-950,858,-426
-1034,850,-429
-1119,843,-426
-1206,836,-431
-1282,825,-440
-1357,809,-452
-1418,796,-471
-1467,789,-487
-1498,777,-506
-1508,769,-529
-1493,761,-550
-1454,753,-566
-1393,742,-581
-1310,738,-592
-1210,731,-607
-1098,723,-619
-982,714,-629
-862,708,-632
-749,701,-636
-642,693,-641
-550,684,-653
-482,679,-668
-426,672,-692
-380,674,-710
-336,672,-724
-287,676,-740
-234,675,-750
-173,679,-758
-109,688,-767
-34,698,-774
51,709,-778
138,722,-780
215,733,-785
290,745,-792
353,754,-799
406,761,-805
453,772,-807
493,786,-809
540,799,-808
585,810,-808
625,815,-811
667,824,-812
702,831,-809
738,838,-809
764,839,-810
780,840,-807
793,846,-805
798,854,-802
800,858,-799
789,865,-795
777,871,-792
752,877,-784
721,883,-778
683,887,-776
640,892,-773
595,904,-765
548,918,-761
504,925,-749
466,937,-739
432,954,-734
414,967,-726
401,985,-715
394,1000,-708
395,1010,-704
400,1018,-699
416,1026,-694
432,1034,-695
451,1041,-695
473,1048,-704
499,1053,-710
536,1062,-718
574,1068,-728
616,1072,-738
664,1078,-746
715,1084,-756
767,1089,-765
819,1090,-773
865,1089,-780
903,1092,-789
935,1096,-795
956,1097,-804
963,1100,-814
965,1102,-826
954,1110,-838
937,1113,-849
915,1112,-857
891,1109,-862
873,1107,-857
856,1103,-847
842,1099,-837
826,1096,-824
818,1090,-807
825,1084,-781
838,1075,-755
856,1068,-724
874,1055,-693
888,1039,-658
890,1027,-624
881,1009,-590
859,985,-557
822,959,-526
774,933,-489
719,897,-444
666,863,-400
610,822,-357
555,782,-307
499,734,-260
449,687,-214
400,643,-169
364,600,-121
335,559,-74
311,523,-43
297,486,-18
288,460,1
288,439,4
298,425,-6
318,422,-30
343,420,-60
366,426,-106
382,429,-167
383,435,-231
373,449,-304
365,459,-382
375,465,-449
393,468,-505
412,469,-553
438,464,-594
466,457,-629
495,450,-657
528,446,-669
569,439,-677
610,431,-681
654,419,-676
700,409,-665
748,398,-649
789,386,-626
825,373,-601
861,364,-578
887,356,-554
912,345,-526
940,332,-492
963,320,-456
978,303,-424
983,281,-391
983,261,-354
985,239,-319
989,219,-286
1005,201,-252
1030,181,-213
1060,156,-172
1088,133,-131
1119,114,-93
1148,98,-61
1168,85,-37
1182,78,-6
1183,70,22
1165,67,40
1131,70,50
1077,76,58
1014,86,61
940,103,57
864,123,49
809,146,36
770,166,22
753,184,4
747,187,-13
755,192,-30
769,198,-40
786,201,-52
798,198,-66
803,191,-87
798,186,-110
786,179,-131
767,167,-159
743,156,-188
722,139,-212
705,121,-239
692,109,-270
690,93,-300
700,76,-329
716,54,-350
738,35,-365
767,18,-384
795,1,-404
817,-12,-420
828,-22,-434
833,-30,-453
827,-41,-469
813,-47,-483
792,-53,-499
771,-65,-514
748,-71,-524
716,-78,-534
682,-83,-550
652,-87,-557
628,-92,-565
601,-96,-576
575,-106,-586
548,-109,-595
529,-117,-599
511,-125,-604
484,-131,-608
456,-135,-615
412,-149,-620
365,-161,-631
316,-178,-637
259,-204,-639
199,-231,-643
136,-260,-647
81,-293,-648
31,-339,-645
-11,-386,-640
-40,-430,-638
-42,-471,-624
-10,-510,-602
59,-541,-578
148,-566,-565
235,-593,-568
304,-615,-583
350,-637,-598
371,-658,-610
380,-677,-610
378,-695,-608
359,-710,-613
328,-719,-631
294,-725,-685
221,-734,-747
174,-724,-806
134,-698,-840
81,-697,-852
57,-650,-813
126,-567,-695
15,-647,-576
-34,-704,-541
37,-690,-572
43,-676,-608
-28,-665,-645
-30,-609,-635
-26,-564,-587
-79,-501,-525
-98,-461,-466
-135,-417,-429
-217,-356,-381
-338,-306,-331
-436,-250,-256
-542,-208,-149
-648,-173,-26
-759,-170,93
-910,-151,139
-1005,-134,152
-1073,-142,150
-1146,-129,153
-1175,-108,173
-1224,-114,183
-1255,-85,198
-1253,-88,201
-1237,-109,185
-1192,-116,185
-1147,-125,169
-1101,-148,142
-1060,-161,117
-1042,-162,90
-1028,-146,75
-1010,-130,75
-1006,-121,81
-988,-109,89
-979,-99,90
-970,-88,78
-954,-74,60
-925,-56,49
-881,-54,30
-825,-45,21
-759,-23,21
-689,-11,16
-619,-3,12
-538,16,19
-457,28,22
-388,32,18
-335,49,15
-291,77,21
-251,96,32
-212,105,46
-191,110,54
-173,119,65
-159,127,68
-166,138,68
-184,150,69
-207,158,66
-227,165,65
-247,170,58
-268,175,60
-289,185,65
-304,190,68
-300,182,75
-304,183,81
-320,190,87
-332,198,90
-349,195,89
-370,190,89
-392,187,88
-420,181,85
-440,173,82
-459,167,84
-465,157,86
-469,144,87
-481,131,83
-497,120,73
-509,111,63
-517,98,51
-520,94,43
-516,85,34
-508,78,18
-494,74,5
-472,75,-6
-444,73,-17
-410,71,-28
-376,72,-41
-338,76,-47
-297,81,-50
-256,83,-52
-218,84,-52
-187,85,-54
-157,76,-55
-132,71,-54
-116,68,-54
-106,66,-53
-93,65,-52
-86,59,-51
-85,55,-51
-84,54,-48
-88,49,-42
-89,45,-43
-94,44,-39
-95,48,-35
-99,42,-28
-97,39,-26
-96,40,-22
-95,39,-17
-89,39,-15
-82,38,-10
-76,42,-2
-71,43,2
-66,40,6
-63,39,10
-63,39,13
-64,41,16
-64,45,16
-65,44,12
-69,46,20
-73,52,23
-76,52,23
-77,51,28
-74,56,34
-69,62,38
-62,67,40
-57,69,44
-49,72,47
-44,75,43
-46,76,41
-38,78,36
-34,73,37
-31,70,38
-28,70,45
-21,69,49
-16,69,51
-12,72,56
-13,73,59
-19,71,60
-26,76,65
-32,78,67
-40,72,65
-42,69,65
-44,69,67
-50,64,69
-55,60,71
-55,57,72
-59,54,67
-61,48,66
-59,50,65
-58,48,65
-55,49,67
-51,50,62
-49,47,62
-43,48,64
-36,49,62
-30,51,63
-23,49,64
-11,48,60
-6,48,58
0,45,56
8,45,53
14,42,52
16,39,53
12,37,51
10,38,50
9,38,49
4,34,41
-5,35,41
-19,34,40
-25,31,39
-34,28,39
-46,30,34
-54,29,34
-60,26,34
-67,24,36
-71,22,35
-75,20,32
-79,17,30
-84,13,25
-84,14,23
-83,12,24
-83,13,24
-81,11,23
-79,10,21
-75,11,22
-68,11,23
-64,12,28
-56,14,26
-49,7,24
-47,5,22
-37,0,22
-24,2,21
-18,1,23
-14,1,19
-3,3,18
4,-2,20
11,-4,19
16,-7,19
22,-9,18
29,-4,19
32,-5,14
34,-9,16
38,-12,14
35,-10,11
34,-9,9
31,-16,7
34,-13,7
35,-12,9
32,-11,9
25,-11,6
20,-15,3
14,-10,0
9,-8,-2
5,-9,-1
-1,-7,-3
-6,-5,-6
-12,-5,-3
-14,-1,-5
-19,1,-4
-20,3,-2
-21,-2,-5
-23,-1,-4
-24,1,2
-23,1,-1
-25,1,-1
-25,-2,-1
-28,-2,0
-24,3,3
-25,6,4
-27,8,0
-24,10,3
-26,8,2
-24,9,-3
-19,9,2
-15,12,8
-9,15,9
-7,16,6
-3,17,4
-2,18,10
-1,18,9
1,20,10
0,21,6
2,20,6
0,23,9
-2,24,9
-3,23,10
-3,25,11
-3,28,10
-7,31,10
-7,31,12
-7,31,12
-10,35,9
-16,35,9
-21,36,9
-20,33,10
-22,35,9
-26,35,10
-27,39,12
-23,39,12
-24,36,13
-26,37,15
-26,39,17
-26,41,18
-23,40,19
-31,42,21
-34,43,19
-39,43,19
-41,42,21
-42,37,21
-43,36,12
-48,37,12
-55,36,10
-60,37,9
-66,41,9
-70,43,5
-71,46,6
-73,47,10
-66,50,15
-56,52,15
-42,50,12
-30,51,8
-19,49,4
-14,56,-5
-10,59,-12
-1,62,-17
0,68,-20
-2,72,-23
5,77,-21
4,78,-17
-4,76,-20
-5,78,-24
-9,77,-28
-9,75,-26
-11,75,-21
-9,79,-19
-12,82,-16
-18,81,-11
-19,84,-8
-22,81,1
-22,79,11
-26,80,21
-30,80,35
-39,81,42
-47,83,49
-60,80,52
-73,81,53
-84,82,56
-95,84,57
-104,82,59
-116,86,61
-115,87,63
-114,86,67
-108,90,71
-105,94,73
-94,98,79
-80,97,83
-71,95,83
-60,91,84
-54,88,85
-50,82,80
-50,74,72
-55,61,67
-61,50,60
-63,34,56
-63,22,51
-66,11,46
-62,-1,41
-61,-8,39
-59,-19,36
-54,-25,31
-45,-32,24
-35,-39,19
-25,-41,12
-12,-42,7
7,-44,-2
22,-46,-12
38,-42,-20
58,-38,-31
78,-36,-36
99,-35,-38
113,-36,-44
122,-37,-48
127,-38,-50
126,-39,-52
126,-39,-52
112,-38,-52
97,-38,-50
78,-36,-48
62,-32,-49
40,-26,-43
17,-22,-35
-4,-20,-28
-15,-22,-20
-23,-21,-14
-32,-22,-7
-39,-20,-2
-41,-22,-1
-46,-26,6
-44,-26,8
-45,-29,8
-44,-31,9
-40,-30,10
-37,-30,6
-29,-32,12
-24,-33,9
-11,-33,7
0,-34,4
10,-33,1
24,-29,3
36,-27,8
49,-26,10
61,-24,9
69,-19,11
77,-18,7
80,-20,11
81,-21,13
84,-17,12
80,-11,15
74,-8,17
68,-6,20
59,-3,20
49,-3,20
41,0,20
33,1,24
19,2,26
8,0,28
2,-1,28
-7,2,30
-11,4,32
-14,2,31
-13,2,32
-13,4,35
-11,8,34
-5,6,30
2,5,32
7,8,36
15,12,38
18,11,35
23,13,37
32,15,39
28,14,41
30,18,38
29,20,38
30,18,39
28,18,37
21,20,34
16,19,35
10,16,37
2,19,39
-5,18,35
-12,18,36
-17,17,34
-24,16,34
-25,15,33
-25,13,31
-25,14,28
-19,13,27
-17,13,26
-18,14,23
-17,8,23
-18,8,21
-19,9,16
-17,9,17
-10,12,18
-6,12,17
-5,12,18
-1,12,17
-1,10,18
1,15,13
-1,16,13
-4,16,12
-8,17,9
-13,17,5
-17,13,7
-24,14,3
-28,16,3
-29,17,3
-27,16,3
-26,16,4
-26,14,4
-30,16,7
-23,18,6
-21,13,7
-22,13,7
-22,15,2
-19,12,3
-20,11,5
-20,9,7
-11,11,11
-6,9,13
0,9,13
3,9,11
5,7,13
10,5,16
10,6,12
16,7,9
19,7,10
25,4,9
23,1,11
25,1,13
31,2,14
34,2,15
31,7,15
30,5,16
27,3,17
26,2,16
22,7,17
17,7,15
18,9,18
12,6,22
7,9,22
7,9,22
7,13,23
2,12,19
-2,10,17
-2,12,18
4,14,21
4,16,22
4,15,24
6,15,22
6,17,22
4,17,24
3,17,23
7,16,25
11,17,23
10,15,24
14,18,25
15,18,28
14,16,27
13,14,28
13,16,27
17,17,25
15,16,23
15,17,24
14,15,21
12,14,24
11,18,22
10,16,25
8,13,25
8,16,27
7,12,23
7,9,17
10,10,17
14,9,14
12,14,15
9,10,14
10,10,12
8,8,13
7,9,13
5,11,13
3,12,14
0,12,16
-5,12,19
-5,13,20
-10,14,19
-10,14,21
-5,15,25
-4,17,26
-2,17,27
-3,17,24
-3,15,23
-2,15,23
0,15,21
0,14,16
3,12,19
8,11,18
11,11,16
15,12,16
19,15,16
24,12,18
32,12,17
35,15,13
36,15,16
32,12,15
32,12,14
32,14,13
28,15,14
22,15,11
20,13,10
19,16,13
12,16,13
7,15,12
7,16,13
3,16,16
0,17,15
0,16,16
2,15,20
2,18,19
0,20,20
-1,19,23
2,20,23
-2,22,25
1,23,29
3,22,29
1,20,24
-1,21,25
2,25,29
2,27,29
3,24,28
2,26,26
1,24,26
1,23,27
-3,23,24
-5,21,24
-3,22,24
-1,25,23
-2,24,25
0,19,24
-2,21,22
-5,24,21
-4,26,23
-2,27,23
0,26,24
-3,24,24
-2,18,26
-3,21,26
0,25,26
-1,23,25
-2,24,27
-1,26,27
3,25,28
5,22,27
4,22,28
10,23,28
14,24,28
14,24,28
10,23,31
12,22,30
14,23,28
10,21,27
9,21,23
8,24,24
6,28,26
3,24,25
1,28,24
-3,30,23
-2,26,26
-5,24,25
-7,23,22
-8,24,25
-8,26,24
-10,26,25
-11,29,26
-11,31,25
-10,29,23
-10,29,25
-12,30,23
-11,32,24
-8,28,23
-7,29,21
-2,30,20
1,35,23
-2,33,27
-3,31,26
-3,35,24
-4,34,21
-6,35,21
-9,33,21
-11,32,24
-14,30,21
-15,30,22
-13,32,24
-11,30,26
-10,29,27
-10,29,28
-10,31,27
-8,30,27
-5,31,27
-4,28,25
-7,27,25
0,27,25
2,28,25
0,25,26
-3,27,27
-3,28,25
-1,28,24
-2,23,25
-1,24,24
-1,24,28
-2,25,29
-1,25,25
-2,25,26
-2,22,25
-2,22,26
-2,23,26
1,21,24
-1,22,26
-1,18,24
3,19,25
6,16,24
4,18,23
6,20,23
6,22,24
10,21,21
9,21,25
9,19,24
9,19,24
7,20,24
4,23,22
-1,22,22
-1,18,23
-2,19,23
-5,19,20
-4,18,20
-4,19,23
2,19,23
4,18,25
4,18,22
6,20,21
6,21,20
6,22,17
3,20,14
4,19,15
2,21,16
-2,22,16
-7,20,16
-13,20,18
-17,21,21
-22,23,19
-21,24,20
-23,26,19
-22,25,21
-21,26,23
-20,23,24
-17,22,23
-13,22,22
-10,23,24
-7,19,22
-7,17,20
-7,17,20
0,16,19
9,18,21
11,17,20
18,20,20
25,21,21
29,22,20
30,22,19
34,19,25
34,22,24
31,21,22
32,19,21
28,19,20
23,19,20
17,21,22
11,22,23
8,18,20
3,18,19
2,19,20
1,18,19
-2,18,22
-4,20,22
-5,22,20
-6,24,21
-5,25,21
-4,24,21
-4,24,19
-5,23,18
-2,27,22
-2,25,24
-2,25,25
-3,23,24
-2,26,23
-3,26,25
-5,26,24
-5,26,25
-3,29,23
-6,26,26
-8,28,25
-9,31,24
-10,29,25
-6,28,24
-6,27,24
-7,27,22
-12,28,21
-11,30,25
-14,29,24
-11,29,24
-12,31,22
-17,29,21
-18,30,21
-14,29,25
-16,28,24
-17,30,21
-23,28,18
-18,28,22
-13,31,24
-10,31,25
-11,30,23
-11,29,23
-9,27,23
-8,27,24
-9,31,26
-12,31,22
-10,27,22
-10,28,22
-12,29,20
-10,28,20
-9,31,21
-13,28,21
-16,28,20
-17,32,15
-19,29,14
-19,26,16
-16,31,16
-19,32,18
-18,30,18
-20,31,16
-23,31,15
-21,28,17
-17,30,13
-20,29,12
-18,29,13
-15,26,18
-14,29,21
-18,31,20
-16,30,18
-12,30,19
-8,27,18
-10,27,19
-12,27,18
-10,27,19
-10,28,18
-6,24,20
-8,27,23
-10,25,20
-7,21,19
-7,22,22
-8,25,21
-6,25,22
-9,21,21
-7,24,23
-7,23,20
-8,19,21
-7,24,22
-3,22,23
-7,19,22
-5,20,23
-9,19,22
-5,20,21
0,21,25
1,19,21
5,16,22
5,16,22
2,16,25
0,18,22
2,20,22
3,21,24
3,17,25
3,15,24
6,12,20
4,10,21
6,12,25
6,13,24
8,11,25
9,14,24
10,15,23
7,11,24
10,11,23
10,12,22
13,9,23
10,11,26
7,10,26
9,9,23
10,11,23
8,12,23
6,13,27
12,10,30
11,14,29
12,14,31
16,13,31
16,12,29
16,10,29
14,13,28
12,20,26
13,19,24
11,17,25
13,17,26
11,17,26
11,14,26
11,14,27
13,16,28
13,17,31
10,16,28
10,15,30
8,22,31
7,24,34
3,18,33
1,20,33
-1,23,31
0,20,29
-3,17,28
-3,18,32
3,17,32
5,18,32
11,16,31
13,16,30
11,16,31
10,15,26
11,15,25
13,17,26
16,18,26
10,22,25
10,21,28
7,21,25
4,21,25
-3,22,27
0,19,26
3,19,26
1,18,30
2,16,32
2,14,30
5,14,31
2,12,32
6,14,27
11,14,27
13,13,29
17,9,30
19,6,27
30,8,27
38,8,32
44,8,32
52,7,32
59,7,35
60,8,34
60,5,35
63,1,32
64,1,34
61,4,33
60,7,32
57,4,33
52,4,35
47,5,33
44,6,33
40,7,33
32,5,32
27,8,31
23,13,31
24,12,30
19,13,30
16,12,28
13,17,29
7,17,28
6,18,25
5,19,25
-1,16,25
1,18,27
5,23,31
2,22,31
0,23,32
1,20,31
4,20,32
3,21,32
1,22,31
2,22,29
2,23,31
2,19,30
3,20,31
4,16,30
4,16,30
6,17,27
9,18,25
9,20,28
11,20,31
11,19,29
13,22,30
13,20,32
13,18,33
14,18,31
13,19,28
13,20,27
11,18,27
12,18,28
10,17,31
10,18,35
13,21,36
10,21,30
11,20,28
11,20,31
9,17,30
9,14,32
12,17,32
13,17,29
13,15,28
9,13,27
5,12,25
11,16,29
14,16,28
14,16,26
12,12,26
8,12,25
5,15,26
6,14,25
9,14,27
7,16,23
8,17,23
7,13,23
7,14,25
8,15,22
4,16,21
7,15,23
9,18,28
6,19,24
5,18,24
5,17,28
7,17,26
9,20,23
8,17,22
9,18,25
8,19,26
10,18,26
7,19,24
9,17,25
8,17,24
5,17,24
5,19,23
8,22,23
4,20,24
5,18,24
2,18,26
1,19,22
1,21,22
-2,24,22
-4,24,19
-3,19,19
-1,20,19
-8,19,20
-9,21,22
-7,21,21
-8,22,21
-5,20,19
-4,21,19
-8,22,20
-7,23,21
-6,24,22
-10,25,22
-11,27,20
-7,23,23
-2,23,24
0,22,24
2,20,25
2,17,24
6,21,24
10,23,22
10,19,25
14,17,26
16,18,24
17,18,25
22,14,25
20,11,24
22,10,24
22,11,26
24,12,25
20,10,25
22,10,29
30,15,31
32,14,32
33,13,30
31,11,31
31,10,32
37,12,34
35,11,35
34,13,35
34,12,34
36,13,34
33,12,37
28,13,32
26,13,34
24,13,35
23,13,31
20,13,31
20,16,30
20,12,31
17,15,31
14,16,33
16,14,32
14,16,32
14,14,33
11,15,32
9,13,32
9,14,33
11,17,35
12,17,32
13,18,32
9,14,35
10,13,34
15,15,32
13,11,30
11,12,29
9,11,27
9,8,28
9,8,30
9,9,30
11,8,29
10,2,27
8,4,26
10,7,26
8,4,26
10,1,24
12,3,25
15,5,23
13,2,26
6,2,25
8,1,24
8,2,22
9,-1,22
7,-7,19
14,-8,20
20,-6,23
21,-7,21
20,-8,21
20,-10,17
25,-10,17
23,-6,13
24,-6,12
25,-5,15
23,-7,14
19,-4,11
14,-2,13
9,0,17
2,-1,18
-1,0,19
-4,2,18
-3,2,18
0,3,17
4,-1,21
2,0,22
3,2,23
3,-2,25
3,-2,21
9,-2,23
12,0,22
17,0,20
18,-4,18
29,-4,21
41,2,21
45,0,25
50,-2,24
53,-1,24
57,2,27
60,-1,25
64,-1,25
62,-2,24
57,-4,26
56,-3,25
52,2,27
46,0,28
40,1,26
33,0,23
32,5,25
24,9,23
20,8,23
15,9,23
11,13,26
8,15,22
4,13,22
4,18,25
0,16,22
-4,18,23
-3,20,25
-5,17,23
-6,18,23
-1,20,26
-2,22,25
-1,24,23
-4,20,24
1,19,24
0,18,27
3,16,28
2,18,24
0,17,25
2,18,21
6,16,22
7,14,23
8,12,23
10,11,22
17,10,20
21,12,20
21,9,22
24,4,20
23,3,21
29,5,21
26,3,19
24,1,20
26,1,21
27,1,21
25,-1,20
24,-2,21
26,0,21
29,1,23
35,2,23
30,-1,23
27,-6,25
29,-5,23
31,-3,19
34,1,22
35,2,23
32,1,21
34,0,21
32,2,21
33,2,21
30,2,23
29,1,21
24,2,21
26,3,22
25,1,24
22,3,22
22,4,20
20,3,22
18,4,24
20,6,22
19,7,23
15,6,23
16,8,24
15,9,26
17,13,25
18,13,32
17,12,32
18,13,29
18,13,28
17,11,28
20,13,30
17,13,31
18,17,30
18,15,32
17,13,30
21,11,31
22,8,30
25,8,29
26,5,31
27,4,34
30,8,37
29,6,30
29,9,32
33,6,34
34,5,33
35,5,34
32,4,33
28,4,29
29,3,29
25,1,30
25,0,29
25,-1,30
26,3,29
25,5,27
27,0,28
30,5,29
33,6,29
34,3,31
33,1,31
31,4,30
30,4,28
28,6,29
26,5,29
28,4,28
25,4,25
21,2,27
20,2,29
20,2,29
20,-1,26
18,0,28
18,-1,27
15,1,26
19,0,26
16,-1,23
11,0,26
12,3,27
14,0,25
13,-3,24
14,-2,22
17,0,24
19,0,24
20,-3,28
22,2,30
24,1,28
28,-1,26
25,1,26
22,4,25
23,3,28
20,6,27
20,4,24
19,7,26
21,7,28
19,4,27
15,5,24
15,3,27
17,4,27
18,8,28
23,10,25
25,9,28
25,8,28
23,10,30
21,8,31
19,9,31
18,8,30
17,5,29
17,8,31
16,8,30
16,12,30
14,11,32
9,9,33
11,13,34
11,13,35
8,13,34
8,11,33
9,14,30
13,13,29
16,13,32
15,10,33
19,11,32
17,13,33
20,12,33
23,13,32
24,13,37
25,12,36
25,12,34
26,15,32
26,13,35
26,10,34
26,13,33
26,12,35
24,12,35
22,9,36
20,8,40
17,11,42
15,11,41
19,8,40
18,6,41
25,6,41
33,9,39
40,9,40
42,7,40
47,7,38
51,8,37
53,10,37
54,12,37
48,9,35
45,15,35
36,16,33
24,18,36
12,18,36
1,21,36
-10,22,37
-24,22,36
-35,19,36
-40,16,38
-46,17,34
-47,17,31
-49,15,31
-48,12,29
-43,13,29
-36,14,27
-33,15,23
-28,12,18
-21,9,15
-12,11,14
-7,9,12
2,5,8
11,6,7
18,6,12
27,6,7
31,3,6
30,5,7
36,2,8
37,-2,7
35,-1,5
39,0,6
39,-4,8
37,-5,9
36,-8,10
43,-6,13
45,-6,13
50,-6,14
56,-3,18
54,-1,21
54,-2,23
59,2,26
61,4,31
63,7,34
62,6,36
62,8,34
64,10,36
60,14,39
59,14,40
56,16,41
47,19,43
39,23,44
34,27,43
36,28,40
29,29,44
21,34,46
15,35,49
7,36,49
5,39,47
4,40,49
-2,44,47
-5,46,49
-7,44,47
-5,46,48
-3,50,50
-8,50,52
-7,51,51
-9,52,49
-4,53,49
-1,52,50
2,51,50
0,48,49
-6,50,50
-5,49,49
-2,47,47
0,45,49
0,47,49
-5,46,47
-1,44,45
3,41,45
1,42,46
4,38,43
7,37,43
9,34,44
11,32,42
14,31,39
12,30,38
14,30,35
18,28,37
17,28,37
16,29,35
13,28,35
13,30,33
12,27,31
6,24,30
10,21,30
8,22,32
5,24,30
1,20,31
-3,20,29
-8,19,29
-9,17,28
-7,18,31
-6,23,30
-6,20,29
-6,17,28
-5,18,29
-3,17,28
-2,17,28
0,14,26
2,14,28
-1,16,29
0,13,27
0,15,23
4,13,22
3,10,23
5,9,26
12,8,26
17,9,23
18,8,21
21,6,19
29,3,20
37,5,25
40,10,29
42,4,26
41,7,20
44,3,22
52,2,25
55,3,29
58,6,35
58,9,41
57,15,43
48,19,42
43,18,42
43,21,44
40,24,45
41,26,46
41,30,46
42,32,42
50,33,41
60,32,42
75,36,43
89,38,45
95,38,45
105,36,47
104,34,45
106,35,42
102,33,41
106,31,34
108,36,35
109,36,40
109,36,38
105,40,41
106,39,42
101,35,46
91,35,49
80,35,48
70,36,50
63,34,51
52,33,50
41,31,45
32,34,42
25,30,41
17,29,45
5,31,49
-11,32,47
-27,30,41
-39,29,41
-50,29,37
-56,32,34
-56,33,33
-58,34,37
-58,39,40
-59,40,39
-63,38,36
-66,35,37
-62,33,35
-59,37,37
-59,37,41
-55,40,38
-55,38,32
-53,36,33
-51,35,30
-49,33,31
-41,35,31
-36,33,29
-28,32,31
-27,32,30
-28,28,26
-28,31,24
-29,31,22
-29,29,23
-27,24,21
-31,24,20
-35,22,18
-35,24,17
-40,21,17
-44,19,14
-44,20,15
-44,21,18
-44,18,16
-44,17,14
-44,17,12
-39,15,9
-34,18,11
-31,15,10
-31,17,9
-30,19,6
-26,15,9
-21,13,6
-17,12,6
-17,17,9
-17,16,12
-17,15,9
-21,17,11
-15,19,13
-12,18,12
-13,14,15
-9,15,17
-8,14,13
-4,13,13
-2,9,15
0,7,15
1,7,14
4,12,12
9,10,11
11,9,12
9,11,12
7,12,11
6,12,11
13,15,13
24,12,15
25,12,15
22,13,17
24,17,20
23,17,21
20,14,20
15,18,16
10,22,19
1,24,15
-1,23,17
-1,22,20
-1,24,21
0,24,22
7,24,22
4,28,20
4,30,18
2,27,20
-3,24,21
-8,26,18
-12,31,20
-15,32,21
-21,31,22
-21,34,24
-27,33,25
-27,31,23
-29,28,22
-27,32,24
-21,28,24
-21,27,26
-23,28,26
-19,28,25
-17,23,22
-11,23,21
-7,23,22
-1,25,20
2,24,20
-3,23,21
-1,22,22
2,24,19
2,22,18
3,23,18
2,25,21
2,22,21
4,20,19
0,21,20
-2,22,19
0,21,20
-2,24,22
-3,23,23
-6,22,24
-6,24,22
-9,23,20
-12,22,21
-8,23,23
-7,25,23
-5,25,22
-2,27,26
-2,28,25
-3,22,22
-1,26,23
0,27,22
0,28,21
-1,25,22
0,24,21
4,23,22
-1,23,23
-1,27,23
0,26,22
-2,27,23
-6,24,24
-4,23,23
-4,24,20
-3,27,22
-3,30,24
-4,28,23
-4,24,26
-6,26,24
-6,27,22
-8,28,20
-9,27,22
-4,29,26
-5,29,27
-2,27,24
-3,29,25
-4,30,23
-5,28,26
-4,26,27
-5,28,25
-2,24,25
-9,28,25
-9,27,26
-9,24,27
-9,22,23
-9,22,23
-9,24,24
-8,27,24
-6,26,24
-10,21,22
-11,21,22
-7,22,22
-5,21,20
-6,18,21
-4,15,23
-4,17,22
-5,18,23
0,16,19
3,15,20
5,19,24
2,18,24
-2,17,19
2,15,17
6,12,21
5,14,21
4,10,22
6,10,23
11,9,25
9,6,23
9,8,20
9,7,20
7,8,22
10,10,21
12,9,22
10,6,20
10,5,22
10,8,22
13,8,21
12,8,20
13,6,22
13,2,25
16,5,26
14,5,25
16,4,25
12,2,23
13,4,23
17,4,23
22,5,22
22,5,22
21,8,21
23,9,24
23,11,23
21,7,24
25,9,26
25,5,26
22,6,24
19,7,23
18,9,23
18,10,23
12,8,24
11,8,26
10,13,24
11,14,24
8,9,26
3,10,27
6,11,28
3,11,28
2,8,25
0,12,26
1,10,27
6,11,25
4,11,24
7,11,29
9,15,32
10,13,31
13,10,27
15,8,26
18,7,25
21,6,26
21,6,24
26,10,24
27,10,24
26,7,25
27,5,22
30,4,22
31,7,22
32,6,21
31,5,23
31,5,23
32,9,25
27,7,25
26,5,27
25,6,27
27,7,29
24,7,28
22,6,26
22,8,23
25,6,24
21,6,17
21,10,18
23,12,17
23,10,19
23,11,20
21,12,19
17,15,20
13,18,20
11,14,22
8,12,22
6,19,23
-5,20,25
-7,20,25
-4,22,27
-3,20,28
-3,16,29
-3,20,29
1,17,32
6,14,32
11,13,32
14,11,29
19,11,28
22,9,29
24,9,29
33,15,27
40,13,27
45,9,26
44,7,28
47,8,28
52,6,32
57,7,31
56,6,26
52,4,27
50,1,25
45,2,24
44,4,19
47,4,23
44,3,25
43,1,25
40,-2,25
43,0,22
41,-1,24
43,-3,25
46,-1,21
48,3,23
49,2,24
48,2,24
49,2,23
46,2,22
42,2,25
41,1,24
40,-1,25
38,4,23
39,8,29
37,3,28
35,3,27
32,4,29
31,5,31
26,4,30
25,4,28
24,4,29
24,6,32
24,7,30
22,6,29
25,8,32
25,7,30
20,6,30
20,12,33
20,12,34
24,15,31
22,13,31
22,10,29
18,14,24
15,17,26
15,14,26
20,16,24
23,20,28
27,22,30
31,26,34
33,23,38
31,24,35
24,26,32
18,25,33
14,27,36
10,31,34
6,32,35
2,32,37
-6,37,37
-9,42,38
-14,41,39
-24,43,36
-32,45,36
-42,47,34
-53,51,32
-62,52,30
-69,49,31
-78,51,29
-90,51,28
-101,48,25
-110,51,24
-119,54,14
-122,56,9
-120,54,6
-121,51,12
-123,45,14
-127,46,16
-132,36,15
-141,36,15
-147,33,21
-149,31,26
-143,27,30
-136,19,33
-130,15,33
-122,10,33
-112,3,36
-95,-6,37
-76,-15,37
-56,-22,37
-29,-32,33
-3,-41,31
22,-47,32
49,-57,28
73,-66,22
101,-70,19
123,-75,14
135,-83,10
151,-86,7
165,-91,7
174,-95,5
177,-97,2
175,-95,2
165,-89,0
159,-84,-1
141,-82,1
117,-86,3
94,-83,1
86,-79,-4
81,-77,-10
77,-72,-18
74,-65,-15
68,-54,-5
74,-51,11
99,-60,16
104,-44,15
101,-29,19
101,-28,18
102,-23,23
93,-8,31
81,5,35
77,8,32
68,16,22
57,26,17
55,38,14
47,55,21
31,69,33
13,77,46
-13,93,57
-39,106,62
-64,116,61
-87,129,62
-107,137,64
-123,142,67
-130,147,68
-134,156,74
-137,161,75
-140,165,69
-144,166,69
-147,166,70
-147,169,69
-143,174,68
-141,175,66
-141,178,67
-142,181,65
-144,181,64
-144,174,64
-146,174,63
-142,173,62
-134,168,61
-122,162,56
-117,159,52
-112,150,51
-105,138,52
-99,134,54
-88,128,54
-76,114,50
-68,104,42
-64,98,40
-56,95,36
-53,87,36
-49,80,40
-41,72,41
-28,61,40
-19,53,32
-9,43,24
2,40,17
15,35,19
28,28,25
43,17,27
54,9,25
64,5,20
76,2,18
83,-3,13
85,-7,13
87,-14,17
89,-20,17
92,-22,12
96,-27,15
98,-28,9
103,-28,5
104,-29,7
104,-31,6
104,-30,5
101,-33,6
96,-30,6
88,-31,2
78,-32,-2
70,-30,-1
59,-28,0
48,-26,1
39,-23,3
26,-18,4
15,-15,3
5,-13,3
-4,-10,3
-14,-9,7
-21,-7,6
-22,-2,7
-26,0,8
-25,2,10
-23,1,10
-16,4,9
-14,8,13
-10,9,14
-4,10,14
1,13,18
8,14,20
12,15,23
14,16,20
14,19,20
13,20,23
8,19,24
2,20,25
-4,18,20
-12,20,19
-18,21,22
-22,20,17
-30,18,10
-32,17,8
-30,21,6
-32,22,4
-28,24,2
-22,19,2
-13,19,2
-5,23,2
-1,26,0
0,24,0
3,22,-1
3,20,-1
-2,22,-1
-2,21,-3
-4,19,-3
-8,22,-1
-7,27,1
-3,22,0
0,22,1
-3,25,3
-8,26,6
-12,28,3
-15,30,5
-18,31,9
-16,33,13
-16,34,11
-18,34,13
-22,39,14
-24,40,12
-24,43,14
-26,44,11
-28,43,11
-31,45,10
-30,48,11
-31,44,15
-28,44,16
-29,44,14
-31,44,14
-30,45,14
-28,45,15
-27,45,19
-27,47,19
-24,47,20
-20,47,25
-19,46,23
-17,41,24
-21,41,26
-22,39,25
-20,39,25
-18,36,26
-18,30,26
-14,32,28
-12,30,29
-10,25,31
-11,25,30
-11,21,29
-12,20,28
-5,16,29
-4,12,31
0,13,29
2,13,27
3,8,26
8,3,29
12,2,28
13,1,29
20,0,27
27,-3,27
28,-2,26
30,-7,24
33,-11,22
32,-11,23
36,-8,28
42,-9,23
45,-11,23
47,-13,19
47,-13,19
47,-10,18
48,-9,20
50,-7,23
49,-9,20
42,-8,20
41,-5,17
33,-2,14
20,-1,13
11,6,10
6,6,10
4,10,12
-5,13,13
-15,15,14
-17,17,15
-19,19,15
-25,22,15
-26,22,17
-28,25,18
-37,28,17
-40,33,19
-41,30,21
-47,35,20
-50,33,16
-54,37,19
-58,41,22
-58,40,22
-62,40,21
-64,44,17
-61,44,19
-58,46,20
-58,46,22
-56,48,23
-52,47,23
-52,45,22
-48,44,20
-45,42,21
-40,44,19
-37,40,21
-36,42,20
-31,41,21
-30,38,19
-24,39,18
-25,37,22
-24,34,23
-20,33,20
-15,31,18
-12,30,20
-7,31,21
-1,28,22
0,21,18
3,21,18
11,22,16
12,19,15
11,19,11
11,15,11
15,18,14
22,23,17
23,21,18
20,20,20
22,23,19
20,21,15
19,17,15
16,19,19
15,22,21
8,23,17
6,26,17
3,25,20
4,23,18
-2,25,17
-5,29,14
-9,25,13
-7,26,14
-9,25,11
-9,25,12
-11,27,11
-10,29,10
-10,29,10
-8,26,9
-10,26,11
-13,29,13
-13,30,10
-13,29,8
-12,27,8
-6,30,12
-9,32,13
-11,26,17
-10,27,15
-11,29,16
-8,31,14
-10,34,14
-6,33,12
-5,34,10
-3,32,11
-2,35,12
-2,37,15
-8,35,17
-7,34,19
-7,37,19
-13,36,20
-21,36,21
-22,39,20
-24,37,23
-24,40,26
-20,42,26
-18,35,26
-17,37,25
-12,35,26
-8,33,24
-9,34,23
-6,37,27
-4,34,28
-4,33,26
-2,35,24
0,35,20
2,38,22
4,36,23
4,33,26
4,31,27
6,34,20
3,32,24
1,32,23
-5,29,22
-7,29,24
-6,30,23
-6,32,22
-13,33,23
-16,31,25
-15,29,26
-15,27,25
-11,27,26
-13,24,24
-20,22,20
-18,19,18
-11,18,20
-11,20,20
-11,15,18
-6,10,19
4,8,23
11,10,23
17,7,21
21,7,23
29,6,27
30,6,24
36,5,25
42,0,26
48,2,30
51,-2,31
54,-6,31
56,-4,32
60,-4,34
59,-6,36
58,-6,37
56,-6,37
60,-7,37
63,-8,35
57,-10,37
52,-10,40
55,-9,40
57,-5,40
54,-5,38
51,-4,37
49,-5,36
45,-1,36
44,1,37
46,1,39
42,2,39
41,2,37
42,2,38
39,1,40
32,0,42
32,1,38
33,3,40
31,1,35
29,5,35
28,1,36
26,1,35
25,3,35
28,3,34
28,1,32
27,3,31
27,8,31
26,4,31
26,1,27
29,1,29
31,2,28
35,2,27
39,-1,28
41,-3,23
41,-3,24
47,-4,29
46,-5,28
51,-7,30
57,-9,30
54,-8,32
50,-10,33
50,-8,32
48,-7,36
47,-9,36
45,-11,34
45,-9,34
42,-8,32
38,-7,33
39,-10,33
41,-8,35
39,-6,37
38,-7,33
39,-8,31
40,-7,33
42,-8,35
42,-6,34
39,-4,34
43,-3,34
46,-4,33
46,-6,34
43,-9,33
42,-10,34
48,-5,35
46,-6,37
44,-3,35
40,-2,34
37,-4,36
36,-4,36
33,-3,36
30,-5,34
32,-2,36
33,-1,36
32,1,31
35,4,32
33,2,31
35,4,33
35,6,34
36,6,32
37,4,30
39,7,28
43,5,29
42,8,30
46,7,30
