5607,3617,-1809
5756,3913,-523
6020,4035,754
6164,3897,1588
6243,3430,1946
6344,2772,2059
6287,1997,1922
5971,1165,1507
5460,376,992
4902,-312,547
4411,-839,252
3970,-1263,36
3633,-1546,-104
3323,-1739,-210
3007,-1908,-278
2682,-2012,-322
2383,-2038,-369
2109,-2001,-414
1870,-1924,-460
1666,-1822,-503
1430,-1621,-541
1202,-1356,-537
1005,-1100,-517
888,-849,-485
742,-649,-468
659,-449,-402
606,-249,-313
552,-86,-223
503,73,-127
449,227,-45
417,371,-8
390,496,-10
345,606,-38
294,706,-38
279,781,-51
281,840,-56
305,874,-50
333,899,-26
388,934,3
425,936,5
483,962,8
564,997,12
634,1049,16
712,1122,5
785,1179,-19
861,1200,-65
963,1203,-114
1083,1196,-157
1248,1162,-191
1460,1120,-181
1721,1079,-131
2052,1042,-46
2454,1019,59
2887,1007,146
3330,1022,207
3753,1039,218
4138,1032,183
4473,1028,163
4692,1025,173
4830,1030,235
4847,1004,326
4828,976,448
4764,973,578
4681,948,677
4524,977,783
4525,1048,885
4670,1154,952
5030,1293,970
5577,1410,867
6070,1538,712
6400,1636,601
6564,1674,588
6615,1707,686
6582,1716,836
6523,1699,1000
6454,1649,1158
6399,1564,1301
6368,1456,1424
6348,1334,1542
6334,1220,1666
6316,1106,1780
6294,990,1864
6270,874,1893
6285,776,1804
6459,688,1459
7005,490,990
7983,234,743
9036,-65,341
9612,-310,-657
9164,-553,-1842
7853,-678,-2651
6310,-695,-3023
5022,-567,-3133
4169,-537,-3344
3705,-444,-3479
3482,-218,-3508
3582,-29,-3605
3914,119,-3829
4640,186,-4117
5562,98,-4538
6469,-36,-4869
7120,-161,-5041
7537,-325,-5118
7656,-531,-5008
7469,-707,-4749
7056,-778,-4388
6537,-811,-3994
6002,-785,-3576
5513,-715,-3191
5100,-596,-2829
4744,-475,-2529
4440,-374,-2301
4353,-223,-1675
5248,325,1223
7086,1266,5368
7653,1895,6386
7022,2170,5284
5778,2131,3515
4346,1944,1809
3163,1765,545
2361,1675,-293
1849,1585,-840
1539,1427,-1106
1298,1362,-1234
1091,1344,-1235
922,1291,-1105
826,973,-802
762,696,-595
699,555,-486
645,487,-433
583,466,-400
528,483,-364
451,558,-323
390,718,-263
380,871,-183
425,983,-70
509,1042,82
621,1061,252
733,1033,366
839,981,456
909,899,485
966,791,445
957,664,337
913,546,196
899,458,78
911,393,-22
935,338,-128
982,285,-229
1034,228,-325
1106,175,-421
1201,132,-502
1323,65,-569
1488,8,-609
1680,-20,-613
1914,-22,-590
2193,-16,-545
2524,1,-474
2901,13,-387
3320,12,-279
3769,6,-144
4232,-43,-13
4657,-133,120
5000,-267,234
5313,-429,337
5600,-596,420
5912,-765,472
6264,-911,498
6611,-1052,469
6906,-1183,412
7088,-1317,322
7195,-1432,229
7281,-1460,101
7537,-1397,65
7786,-1244,133
7733,-1092,243
7480,-969,449
7206,-831,738
6995,-620,1065
6837,-356,1362
6751,-87,1547
6771,145,1493
6939,435,1278
7300,843,1013
7795,1265,643
8249,1581,254
8187,1659,-337
7501,1656,-974
6530,1464,-1698
5622,1288,-2350
4992,1245,-2877
4669,1332,-3303
4711,1524,-3561
4893,1744,-3779
5162,1957,-3962
5424,2136,-4143
5713,2205,-4277
6109,2086,-4226
6195,2115,-4098
6061,2237,-3924
5826,2358,-3755
5577,2436,-3625
5346,2532,-3532
5178,2680,-3431
5059,2790,-3345
4961,2841,-3261
4881,2834,-3202
4842,2800,-3120
4816,2753,-3018
4753,2675,-2893
4629,2565,-2747
4458,2369,-2610
4280,2149,-2465
4159,1954,-2163
4135,1759,-1542
4355,1536,-316
5208,1234,1743
6160,848,3296
6398,385,3407
5862,-121,2580
4916,-620,1483
3911,-1111,547
3056,-1575,-170
2393,-1960,-725
1931,-2187,-1114
1595,-2149,-1355
1455,-2055,-1383
1426,-1821,-1261
1398,-1378,-1043
1217,-698,-806
1088,-291,-583
997,-106,-438
957,-61,-367
952,-138,-334
988,-276,-309
1038,-437,-277
1088,-556,-241
1149,-591,-194
1169,-556,-195
1181,-480,-176
1190,-355,-143
1187,-213,-134
1155,-78,-160
1100,53,-205
1058,183,-274
1000,324,-367
927,453,-472
856,573,-546
810,662,-590
778,696,-636
763,717,-666
787,720,-681
852,692,-698
950,689,-678
1075,697,-622
1219,714,-543
1374,747,-458
1551,776,-357
1743,801,-245
1967,852,-121
2200,924,1
2448,999,120
2692,1085,235
2947,1161,324
3195,1248,389
3423,1309,433
3652,1358,477
3844,1426,514
3984,1476,523
4115,1517,494
4216,1546,449
4305,1567,418
4365,1575,404
4416,1551,429
4439,1542,510
4498,1544,641
4613,1534,775
4836,1540,887
5126,1569,901
5558,1586,831
5994,1566,718
6305,1524,602
6452,1479,503
6510,1422,488
6528,1347,528
6548,1255,601
6582,1160,704
6599,1065,823
6595,992,969
6570,938,1134
6522,907,1288
6477,896,1418
6438,886,1494
6447,877,1482
6533,873,1340
6731,863,1038
7092,815,681
7431,755,346
7469,621,-34
7075,504,-405
6292,490,-851
5406,525,-1394
4710,504,-1956
4328,382,-2465
4193,229,-2966
4230,89,-3418
4340,-23,-3799
4480,-9,-4023
4596,147,-4063
4677,388,-4049
4882,523,-4057
5135,569,-4077
5463,548,-4091
5771,463,-4087
6017,299,-4059
6185,145,-3961
6180,10,-3838
6067,-159,-3724
5890,-318,-3597
5670,-399,-3417
5430,-432,-3188
5143,-386,-2902
4878,-309,-2468
4935,-226,-1148
5674,-79,1335
6496,84,3369
6699,269,4052
6307,421,3690
5587,503,2854
4760,521,1936
3967,533,1168
3330,612,589
2898,763,156
2566,914,-180
2281,1035,-421
2028,1156,-613
1774,1275,-750
1528,1383,-919
1321,1449,-1058
1174,1462,-1084
1055,1441,-1031
922,1384,-966
832,1258,-896
760,1129,-824
720,1003,-704
701,878,-571
685,758,-449
692,643,-330
704,537,-207
714,446,-104
724,361,-18
742,279,53
770,200,100
800,123,126
836,59,128
876,9,113
916,-45,74
965,-96,16
1015,-141,-68
1072,-186,-167
1145,-216,-267
1227,-239,-362
1327,-251,-428
1437,-254,-470
1567,-250,-471
1712,-243,-433
1882,-221,-336
2077,-177,-181
2290,-131,8
2526,-75,192
2752,-15,330
2981,41,405
3207,107,427
3438,174,391
3657,217,323
3889,257,274
4032,270,218
4163,294,210
4255,306,225
4373,325,271
4555,385,348
4770,487,433
4957,603,461
5146,732,428
5308,795,369
5380,783,272
5442,724,158
5510,651,103
5486,557,96
5392,446,151
5305,351,274
5291,310,458
5372,311,654
5501,339,803
5630,398,884
5690,460,898
5662,559,891
5588,661,898
5523,756,931
5504,880,984
5602,1092,1006
5914,1455,938
6566,1923,735
7488,2405,345
8295,2743,-172
8317,2873,-538
7400,2717,-813
6258,2320,-1187
5326,1904,-1597
4699,1626,-1978
4365,1520,-2333
4248,1589,-2655
4264,1778,-2943
4315,1991,-3272
4416,2237,-3562
4601,2479,-3749
4876,2541,-3520
5110,2646,-3458
5326,2817,-3524
5448,2928,-3623
5538,3025,-3687
5607,3075,-3703
5643,3113,-3646
5602,3072,-3596
5554,2991,-3531
5492,2915,-3458
5433,2911,-3326
5348,2925,-3148
5237,2987,-2823
5092,3091,-2231
5045,3316,-1148
5174,3546,288
5480,3612,1625
5949,3384,2589
6282,2849,2873
6187,2105,2492
5693,1278,1741
5002,459,898
4289,-297,163
3691,-925,-376
3258,-1420,-733
2973,-1735,-952
2735,-1889,-1098
2512,-1933,-1191
2280,-1889,-1175
2096,-1749,-1061
1947,-1569,-906
1762,-1362,-837
1565,-1069,-804
1458,-816,-685
1401,-584,-526
1399,-352,-345
1420,-178,-170
1425,-44,-19
1389,87,102
1343,165,148
1284,237,150
1230,316,127
1170,403,74
1123,504,12
1076,610,-61
1027,704,-130
993,772,-195
966,831,-254
949,855,-300
948,878,-334
972,904,-326
1028,936,-313
1082,947,-301
1149,1001,-248
1244,1059,-189
1327,1132,-128
1410,1191,-93
1496,1225,-87
1607,1287,-65
1714,1324,-68
1839,1332,-73
1988,1356,-65
2137,1383,-61
2295,1402,-49
2451,1411,-40
2629,1409,-24
2792,1401,4
2988,1385,87
3214,1377,213
3458,1383,353
3675,1393,473
3860,1398,579
3979,1390,644
4103,1404,675
4182,1378,674
4244,1332,674
4288,1299,680
4341,1285,704
4494,1276,759
4659,1325,806
4982,1424,863
5307,1529,887
5609,1607,894
5878,1647,887
6008,1639,862
5986,1579,831
5881,1477,788
5750,1315,737
5627,1144,713
5536,974,727
5482,845,804
5471,751,928
5509,680,1087
5598,619,1252
5763,618,1362
6024,690,1312
6469,747,1078
7056,764,660
7611,653,83
7877,448,-576
7447,211,-1141
6488,92,-1558
5473,38,-1798
4696,-1,-1906
4245,-24,-1958
4090,-21,-2065
4155,-25,-2302
4365,-8,-2610
4552,90,-2930
4680,402,-3206
4897,772,-3384
5194,990,-3526
5576,1067,-3607
5907,1034,-3661
6179,931,-3708
6375,779,-3753
6548,666,-3746
6637,609,-3688
6701,586,-3558
6657,540,-3405
6643,333,-2894
6796,-21,-1769
7220,-325,-36
7708,-480,1651
7808,-444,2523
7474,-279,2620
6857,-79,2338
6111,108,1912
5389,289,1360
4726,476,726
4110,694,133
3624,991,-306
3234,1326,-611
2855,1586,-836
2464,1768,-984
2079,1892,-1048
1712,1979,-1070
1409,2053,-1030
1191,2084,-936
1034,2070,-821
935,2031,-694
882,1945,-575
860,1842,-460
863,1714,-366
877,1572,-272
893,1426,-176
910,1281,-80
937,1148,31
965,1018,142
987,896,253
1013,776,346
1036,654,408
1052,530,442
1067,429,437
1073,337,401
1070,267,349
1072,213,279
1079,169,203
1098,143,122
1120,118,27
1152,99,-75
1178,99,-158
1191,122,-207
1194,159,-234
1209,191,-252
1242,223,-254
1295,245,-236
1375,236,-236
1513,147,-288
1706,-9,-364
1948,-173,-361
2216,-286,-248
2508,-345,-48
2828,-357,192
3146,-366,405
3445,-360,571
3705,-365,675
3909,-388,702
4081,-393,683
4260,-345,664
4487,-266,643
4753,-136,633
5034,52,615
5268,332,609
5402,597,587
5410,816,554
5286,936,509
5127,962,404
5054,931,236
5122,901,76
5245,841,-63
5353,753,-154
5470,594,-142
5565,465,-12
5596,411,229
5591,467,550
5588,609,913
5619,792,1261
5680,996,1558
5793,1201,1793
5915,1396,1954
6005,1593,2045
6036,1776,2039
6103,1948,1902
6368,2240,1665
6852,2715,1247
7490,3219,611
8043,3494,-180
7828,3413,-771
6826,2936,-1025
5579,2251,-1130
4532,1611,-1258
3768,1200,-1429
3278,977,-1606
3033,916,-1789
2992,965,-2015
3172,1066,-2295
3537,1245,-2573
4022,1489,-2814
4548,1781,-3030
4983,2030,-3249
5250,2253,-3385
5367,2453,-3410
5362,2591,-3376
5323,2576,-3135
5292,2535,-2997
5268,2509,-2956
5252,2543,-2916
5213,2652,-2804
5143,2834,-2542
5080,3105,-1972
5124,3447,-1005
5317,3714,160
5573,3776,1096
5775,3577,1611
5811,3144,1723
5662,2572,1564
5389,1964,1318
5032,1388,1089
4667,891,911
4352,463,766
4084,83,617
3850,-280,431
3622,-580,241
3407,-810,86
3216,-989,-52
3017,-1101,-165
2792,-1156,-256
2556,-1156,-348
2343,-1119,-435
2167,-1033,-507
1998,-902,-555
1819,-730,-557
1677,-518,-542
1558,-301,-514
1446,-95,-497
1380,109,-496
1355,300,-463
1366,444,-368
1384,540,-238
1371,620,-119
1330,696,-17
1287,758,75
1255,802,152
1220,842,208
1186,855,243
1149,841,266
1141,820,275
1130,795,265
1134,768,232
1148,753,204
1163,766,209
1195,764,160
1263,814,43
1350,890,-107
1443,962,-233
1541,1041,-296
1651,1142,-287
1795,1244,-233
1966,1334,-139
2172,1421,-3
2421,1489,185
2684,1527,383
2946,1535,543
3182,1534,626
3379,1526,649
3553,1521,632
3649,1502,581
3683,1508,519
3691,1547,457
3693,1598,405
3715,1656,375
3771,1711,369
3887,1755,394
4034,1790,434
4261,1836,496
4569,1930,549
4976,2071,574
5371,2187,582
5618,2243,619
5679,2244,718
5620,2220,870
5529,2161,1036
5463,2057,1190
5444,1928,1323
5449,1792,1450
5447,1645,1567
5458,1512,1674
5490,1398,1754
5576,1303,1759
5817,1217,1596
6290,1148,1283
7041,1152,909
7825,1200,311
8316,1000,-456
8052,659,-1023
6988,358,-1379
5732,163,-1608
4813,110,-1708
4362,103,-1811
4354,8,-2083
4615,-183,-2635
4998,-383,-3306
5386,-566,-3873
5509,-421,-3804
5608,-85,-3513
5987,91,-3544
6448,104,-3680
6776,39,-3778
6906,-58,-3810
6955,-167,-3820
6867,-249,-3774
6677,-313,-3669
6408,-324,-3510
6095,-284,-3290
5925,-143,-2652
6148,162,-1231
7031,682,1153
7915,1242,3094
8200,1660,3741
7869,1881,3447
7198,1904,2791
6369,1824,2007
5465,1703,1162
4589,1563,353
3804,1458,-371
3141,1407,-864
2615,1443,-1157
2219,1479,-1311
1921,1501,-1377
1679,1513,-1375
1468,1523,-1317
1292,1481,-1221
1163,1359,-1074
1086,1056,-828
1034,807,-663
973,673,-578
913,623,-531
842,621,-473
768,674,-404
722,790,-310
692,898,-166
707,988,11
765,1034,224
851,1040,437
943,1008,619
1030,933,731
1085,833,744
1089,701,662
1065,567,528
1023,440,371
978,330,218
928,239,98
889,172,-3
850,122,-76
823,91,-135
816,79,-168
829,74,-206
882,46,-277
969,-31,-406
1100,-133,-547
1270,-205,-650
1483,-273,-702
1713,-325,-679
1974,-334,-551
2300,-329,-307
2672,-306,36
3026,-282,408
3338,-257,738
3567,-271,932
3701,-324,978
3773,-365,963
3807,-387,898
3813,-388,804
3882,-315,706
4071,-136,617
4391,179,548
4678,508,399
4972,713,195
5159,911,20
5167,1114,-88
5092,1283,-114
5006,1367,-128
5014,1349,-157
5140,1315,-119
5275,1256,1
5411,1146,166
5573,1001,349
5727,855,537
5867,726,716
5978,624,873
6009,575,990
5997,538,1040
5932,588,1148
5863,764,1322
5797,1014,1498
5857,1378,1604
6240,1875,1551
7046,2557,1341
8187,3314,1029
9176,3719,469
9102,3588,-242
7679,3029,-934
5910,2283,-1570
4578,1688,-2000
3706,1375,-2247
3110,1242,-2411
2851,1300,-2576
2901,1458,-2747
3393,1499,-2634
4093,1522,-2511
4759,1689,-2648
5382,1945,-2906
5857,2209,-3229
6208,2489,-3475
6386,2700,-3652
6423,2843,-3716
6378,2916,-3714
6262,3075,-3631
6105,3210,-3532
5901,3246,-3440
5703,3202,-3386
5484,3078,-3337
5265,2952,-3264
5052,2829,-3161
4864,2750,-2931
4751,2874,-2304
4793,3263,-1084
5070,3720,441
5502,3971,1737
5999,3875,2555
6431,3455,2830
6580,2773,2649
6316,1959,2103
5659,1094,1271
4816,267,383
3985,-500,-416
3264,-1182,-997
2663,-1731,-1411
2139,-2137,-1747
1646,-2396,-2006
1316,-2427,-1974
1195,-2189,-1641
1210,-1901,-1191
1248,-1620,-727
1318,-1340,-342
1357,-1004,-13
1366,-655,245
1376,-355,418
1359,-164,450
1321,-65,410
1246,-29,349
1186,47,305
1122,135,234
1078,234,157
1023,337,36
995,416,-107
991,538,-202
1016,595,-311
1029,633,-382
1051,682,-411
1079,758,-418
1135,852,-419
1203,926,-406
1274,996,-393
1342,1028,-376
1415,1038,-335
1475,1044,-284
1538,1028,-244
1583,1039,-195
1658,1037,-161
1728,1034,-137
1830,1023,-106
1912,1033,-78
2076,1017,-41
2265,988,3
2428,944,54
2591,909,108
2826,909,193
3100,918,279
3312,967,361
3519,1000,418
3690,1001,462
3757,1000,498
3779,1021,547
3811,1057,625
3846,1081,706
3892,1127,790
3977,1216,887
4126,1328,973
4286,1441,1056
4499,1545,1123
4812,1640,1213
5114,1703,1291
5330,1705,1334
5443,1666,1343
5485,1609,1287
5496,1581,1204
5514,1564,1085
5553,1551,948
5582,1500,797
5582,1389,675
5550,1212,603
5486,1015,586
5423,832,647
5398,686,793
5454,579,1012
5651,528,1250
6006,610,1361
6582,553,1298
7383,384,1113
8272,179,803
8741,-100,291
8328,-357,-407
7228,-487,-1170
6056,-490,-1794
5211,-422,-2206
4794,-364,-2414
4664,-408,-2552
4703,-462,-2639
4763,-456,-2695
4777,-394,-2776
4656,-173,-2794
4673,149,-2843
4920,398,-3018
5442,475,-3273
6031,426,-3491
6485,359,-3612
6817,172,-3704
7029,-124,-3703
7063,-450,-3590
6972,-752,-3332
6844,-1072,-2978
6683,-1311,-2524
6586,-1410,-1954
6585,-1380,-1259
6648,-1229,-458
6706,-936,414
6734,-518,1241
6543,-120,1734
6136,222,1808
5577,561,1595
4974,869,1210
4348,1119,734
3759,1315,268
3185,1496,-122
2673,1682,-460
2231,1869,-829
1943,1993,-917
1735,2086,-889
1604,2079,-863
1488,2023,-864
1394,1921,-826
1339,1789,-778
1305,1664,-695
1283,1555,-604
1277,1420,-502
1278,1281,-382
1295,1137,-237
1330,990,-104
1372,845,15
1408,705,113
1433,554,173
1426,402,191
1381,263,178
1332,150,147
1275,45,98
1250,-56,47
1243,-140,12
1264,-241,-53
1306,-335,-115
1380,-425,-184
1477,-510,-269
1561,-579,-346
1651,-599,-386
1741,-607,-417
1831,-630,-450
1906,-672,-497
1976,-747,-568
2018,-803,-597
2073,-844,-576
2137,-877,-510
2183,-921,-453
2225,-972,-406
2249,-1039,-385
2288,-1099,-376
2352,-1138,-362
2455,-1140,-333
2588,-1125,-316
2747,-1115,-320
2934,-1091,-327
3129,-1036,-313
3339,-952,-295
3587,-826,-228
3853,-618,-100
4078,-319,52
4291,2,223
4504,292,420
4740,569,600
4980,828,756
5192,1026,836
5324,1186,859
5361,1284,778
5334,1287,568
5292,1240,314
5306,1184,126
5434,1070,7
5570,1000,-16
5640,963,31
5638,917,120
5576,884,259
5485,878,440
5391,890,636
5340,903,849
5342,926,1082
5490,981,1252
5803,1160,1285
6487,1485,1129
7502,1888,752
8606,2180,136
9287,2123,-599
8670,1846,-1020
7214,1483,-1151
5683,1086,-1344
4623,748,-1642
4111,598,-1988
3909,672,-2358
3925,837,-2726
4119,1069,-3074
4531,1405,-3390
5134,1814,-3534
5775,2058,-3421
6211,2316,-3493
6400,2541,-3644
6363,2675,-3755
6212,2754,-3784
6012,2794,-3701
5832,2765,-3578
5698,2737,-3467
5613,2710,-3386
5581,2674,-3316
5557,2610,-3234
5533,2487,-3159
5433,2384,-3059
5260,2303,-2944
5040,2209,-2818
4796,2105,-2689
4550,1988,-2522
4370,1975,-2118
4365,2109,-1275
4524,2241,-12
4984,2324,1429
5559,2275,2531
5919,2016,2932
5868,1575,2680
5425,1044,2006
4730,516,1141
3947,8,290
3227,-450,-386
2680,-883,-868
2268,-1276,-1144
1951,-1590,-1256
1708,-1794,-1229
1498,-1879,-1110
1313,-1822,-952
1056,-1495,-899
954,-1093,-576
984,-675,-176
1024,-279,166
1051,-3,371
1060,171,469
1052,314,496
1042,443,455
1034,536,360
1015,551,211
989,569,105
981,579,-13
978,616,-111
985,616,-209
992,604,-279
1028,590,-331
1066,587,-372
1124,581,-378
1201,599,-367
1276,649,-343
1366,675,-311
1463,689,-280
1557,735,-222
1642,807,-152
1732,886,-88
1802,952,-43
1894,968,-18
2004,950,1
2146,926,40
2296,884,79
2467,830,122
2644,820,194
2834,821,290
3030,779,389
3209,728,517
3375,720,656
3481,714,744
3514,709,779
3546,734,781
3608,800,774
3714,881,757
3823,953,711
3952,1008,653
4068,1062,618
4240,1112,615
4478,1159,642
4807,1243,706
5130,1354,783
5325,1444,843
5366,1515,922
5323,1573,983
5328,1611,1045
5443,1588,1101
5569,1457,1103
5647,1251,1091
5680,1037,1122
5686,814,1181
5695,606,1303
5738,447,1493
5819,312,1699
5927,245,1876
6102,202,1920
6433,213,1780
7080,308,1566
7960,469,1357
8749,523,1045
8957,232,359
8252,-161,-454
6849,-365,-1202
5451,-321,-1834
4390,-49,-2359
3979,51,-2493
4032,43,-2499
4226,-14,-2670
4449,-181,-2945
4641,-315,-3153
4836,-283,-3230
4777,82,-3266
4644,481,-3271
4719,662,-3230
4967,661,-3215
5425,544,-3254
5897,368,-3307
6364,112,-3302
6773,-276,-3181
7101,-735,-2914
7278,-1085,-2483
7339,-1284,-1944
7312,-1283,-1295
7234,-1081,-569
7131,-717,216
7028,-358,953
6794,-34,1531
6440,299,1872
6002,630,1931
5479,958,1734
4910,1249,1368
4354,1488,921
3801,1679,425
3196,1824,-288
2698,1910,-745
2347,1964,-1021
2083,1981,-1134
1864,1949,-1139
1673,1897,-1142
1512,1806,-1147
1375,1671,-1091
1274,1530,-961
1214,1353,-765
1203,1166,-532
1261,973,-263
1337,793,33
1443,586,327
1552,395,577
1662,188,740
1763,-14,799
1804,-181,746
1801,-346,621
1759,-493,469
1670,-591,327
1565,-665,195
1423,-692,90
1290,-686,-1
1169,-689,-99
1079,-700,-192
1015,-712,-265
983,-706,-314
982,-690,-351
1016,-655,-373
1082,-607,-373
1171,-573,-355
1278,-534,-318
1390,-480,-272
1515,-405,-219
1650,-333,-176
1782,-267,-125
1913,-201,-74
2058,-151,-30
2241,-84,42
2419,-31,126
2562,15,211
2728,88,325
2879,163,428
3006,214,499
3168,307,576
3355,452,645
3550,556,659
3768,623,644
4006,740,657
4189,833,655
4380,948,642
4578,1087,651
4800,1268,654
4989,1336,496
5109,1327,296
5124,1283,132
5145,1232,5
5220,1162,-62
5225,983,-62
5135,744,20
5037,518,183
5037,334,381
5169,192,562
5379,99,727
5591,54,867
5736,32,984
5768,32,1093
5724,72,1204
5636,168,1331
5572,324,1487
5538,531,1656
5568,788,1794
5710,1122,1865
6069,1549,1803
6678,2049,1570
7489,2510,1137
8441,2905,731
8818,3166,221
8040,2977,-428
6708,2435,-1133
5439,1886,-1707
4502,1556,-2071
3981,1515,-2340
3673,1637,-2473
3464,1840,-2487
3387,1992,-2487
3334,2118,-2537
3445,2230,-2638
3607,2379,-2819
3897,2576,-2968
4255,2694,-3095
4586,2813,-3176
4823,2910,-3237
5014,2950,-3167
5141,3031,-3129
5176,2999,-3157
5294,2940,-3127
5249,3062,-3072
5179,3066,-2998
5171,3044,-2790
5164,3094,-2377
5184,3283,-1592
5248,3539,-464
5518,3625,886
5951,3396,1855
6171,2882,2081
6031,2212,1686
5663,1535,1058
5212,918,462
4829,394,-25
4535,-60,-409
4327,-347,-624
4145,-544,-700
3933,-703,-706
3643,-834,-654
3353,-892,-554
3085,-872,-463
2849,-803,-391
2666,-696,-322
2465,-553,-279
2261,-379,-269
2073,-181,-296
1892,18,-326
1763,202,-328
1678,325,-284
1622,403,-246
1594,445,-224
1565,457,-206
1556,458,-212
1527,458,-227
1475,468,-241
1426,494,-232
1383,526,-204
1350,554,-163
1342,586,-112
1338,621,-71
1333,645,-35
1354,669,-17
1409,705,-3
1474,740,9
1558,770,21
1641,793,24
1720,815,14
1789,826,-7
1854,835,-36
1966,841,-61
2047,862,-86
2124,910,-89
2225,980,-74
2331,1011,-66
2434,1040,-44
2518,1072,-23
2566,1069,-16
2605,1076,-13
2601,1096,-21
2712,1179,31
2799,1253,85
2907,1316,122
3001,1407,139
3127,1481,176
3180,1526,200
3275,1564,232
3355,1594,250
3422,1629,276
3517,1666,283
3698,1709,311
3843,1771,395
3977,1824,536
4168,1869,710
4395,1942,876
4640,2047,1015
4843,2149,1121
4990,2216,1180
4997,2263,1203
5025,2298,1174
5060,2317,1068
5090,2339,901
5121,2289,693
5164,2105,489
5223,1850,391
5282,1586,422
5321,1361,563
5358,1170,777
5413,993,1064
5443,838,1376
5467,682,1666
5504,515,1856
5603,361,1859
5829,230,1581
6252,117,1057
6849,-14,376
7377,-260,-373
7509,-581,-868
7024,-825,-1010
6106,-920,-1076
5129,-928,-1225
4470,-898,-1406
4126,-831,-1599
4035,-770,-1911
4151,-786,-2385
4330,-756,-2893
4475,-645,-3330
4682,-488,-3648
4864,-256,-3803
4934,82,-3727
5054,414,-3555
5263,566,-3462
5535,609,-3401
5848,570,-3327
6275,387,-3182
6743,85,-2891
7193,-192,-2419
7468,-352,-1797
7647,-375,-1056
7652,-209,-266
7518,58,505
7269,364,1138
6846,677,1549
6351,952,1735
5825,1199,1710
5321,1419,1522
4805,1634,1057
4362,1856,578
3942,2069,218
3548,2250,-115
3104,2397,-519
2684,2461,-823
2321,2448,-976
2005,2367,-1029
1769,2240,-1032
1590,2084,-1004
1484,1899,-960
1420,1687,-893
1421,1477,-803
1444,1263,-713
1462,1043,-623
1472,841,-504
1500,639,-383
1539,453,-239
1597,283,-88
1634,137,91
1657,-6,257
1658,-136,400
1644,-243,498
1618,-334,528
1586,-414,519
1555,-477,473
1510,-554,377
1460,-630,264
1435,-690,153
1408,-757,46
1385,-821,-61
1398,-851,-125
1433,-846,-152
1494,-816,-154
1574,-786,-147
1654,-747,-128
1727,-679,-91
1802,-596,-42
1869,-496,5
1947,-397,38
2045,-317,70
2154,-269,106
2259,-223,141
2366,-169,167
2481,-122,186
2601,-78,185
2745,-18,196
2909,55,215
3094,161,236
3271,274,256
3424,399,288
3557,524,319
3666,655,349
3774,792,374
3911,930,402
4072,1070,439
4264,1203,476
4479,1275,489
4715,1248,464
4900,1188,410
5011,1046,316
5069,812,199
5112,577,99
5202,399,42
5382,334,85
5595,350,201
5761,407,337
5848,489,465
5874,594,584
5859,710,705
5810,830,829
5734,958,974
5645,1115,1142
5559,1310,1340
5515,1533,1527
5582,1796,1666
5847,2102,1715
6367,2495,1637
7064,2928,1386
7755,3246,971
8061,3435,641
7578,3323,429
6583,2737,-18
5518,1946,-743
4719,1332,-1470
4179,1050,-2074
3810,1029,-2542
3636,1207,-2874
3694,1470,-3058
3905,1763,-3161
4185,2055,-3304
4455,2345,-3507
4726,2676,-3706
4923,2924,-3828
5023,3064,-3860
5083,3195,-3756
5174,3257,-3493
5362,3193,-3110
5429,3186,-2797
5437,3311,-2479
5494,3561,-2073
5602,3842,-1572
5689,3952,-1045
5775,3871,-495
5848,3693,132
5905,3382,794
5933,2929,1291
5885,2349,1462
5727,1728,1323
5518,1111,997
5342,551,618
5155,30,236
4971,-361,-62
4749,-627,-221
4454,-869,-321
4117,-1075,-430
3709,-1291,-565
3340,-1435,-692
3011,-1482,-780
2720,-1495,-851
2455,-1461,-886
2249,-1359,-889
2072,-1205,-870
1915,-1014,-831
1773,-811,-780
1648,-607,-720
1529,-412,-647
1456,-228,-559
1407,-47,-453
1382,117,-347
1379,247,-248
1378,378,-154
1384,502,-73
1380,616,-13
1368,723,25
1349,809,27
1330,878,4
1304,921,-41
1262,945,-89
1231,971,-129
1201,1015,-150
1180,1077,-159
1168,1130,-161
1147,1183,-154
1136,1232,-148
1144,1275,-136
1169,1307,-147
1213,1337,-162
1280,1395,-170
1365,1468,-178
1453,1558,-175
1565,1627,-176
1712,1694,-185
1911,1743,-181
2153,1784,-151
2419,1818,-90
2684,1850,-10
2961,1876,92
3221,1885,185
3447,1894,265
3647,1887,313
3823,1894,320
3960,1888,259
4029,1871,190
4033,1854,114
3993,1831,53
3896,1805,-5
3825,1784,-39
3815,1801,-22
3930,1852,35
4264,1953,141
4655,2034,207
4960,2100,235
5163,2158,262
5279,2213,297
5339,2254,352
5367,2282,441
5399,2288,569
5460,2250,721
5551,2172,878
5637,2089,1041
5691,1997,1188
5703,1904,1324
5681,1814,1446
5641,1717,1561
5644,1603,1660
5722,1472,1690
5960,1326,1603
6453,1184,1417
7180,1080,1103
7914,945,462
8113,692,-570
7412,441,-1702
6191,196,-2484
5061,23,-2836
4206,-139,-3017
3735,-339,-3132
3583,-568,-3305
3640,-777,-3495
3768,-933,-3660
3857,-952,-3618
3680,-803,-3086
4010,-731,-2916
4801,-741,-3118
5847,-688,-3505
6878,-655,-3899
7723,-668,-4155
8289,-753,-3967
8471,-756,-3191
8401,-637,-1824
8179,-315,-204
7926,23,1051
7711,378,1679
7362,691,1787
6824,942,1571
6183,1167,1156
5537,1419,665
4950,1673,194
4396,1891,-340
3904,2048,-826
3483,2133,-1223
3138,2183,-1477
2803,2224,-1621
2504,2184,-1644
2259,2095,-1624
2019,2019,-1567
1833,1842,-1474
1832,1246,-1217
1811,814,-1034
1709,607,-956
1550,519,-911
1347,614,-864
1125,936,-730
925,1385,-423
864,1744,13
988,1904,484
1221,1872,863
1477,1738,1070
1675,1542,1096
1810,1360,1003
1873,1186,829
1878,998,610
1793,785,380
1678,599,205
1576,446,84
1497,312,-14
1446,191,-80
1428,96,-122
1439,24,-161
1459,-49,-199
1510,-140,-255
1604,-259,-321
1724,-413,-400
1849,-563,-464
1997,-701,-480
2148,-813,-453
2278,-899,-388
2396,-962,-301
2475,-1012,-205
2549,-1028,-111
2618,-1036,-35
2704,-1017,36
2803,-970,100
2865,-900,143
2916,-811,171
2996,-709,194
3112,-608,186
3244,-480,177
3388,-322,166
3520,-159,149
3641,-3,128
3742,153,117
3847,298,122
3966,451,168
4086,602,244
4249,749,342
4444,896,442
4642,1022,495
4821,1110,496
4964,1144,449
5035,1119,383
5020,1019,302
4959,838,233
4922,634,213
4896,458,212
4936,332,221
5041,264,225
5175,247,259
5288,263,304
5344,293,373
5348,325,471
5326,371,609
5303,451,794
5297,572,1019
5335,730,1237
5458,946,1406
5828,1249,1474
6581,1711,1462
7591,2221,1389
8588,2602,1099
8861,2576,420
7894,2123,-511
6318,1463,-1473
4902,921,-2228
3963,681,-2713
3433,727,-3030
3164,932,-3245
3155,1241,-3323
3294,1558,-3289
3531,1851,-3270
3809,2147,-3286
4159,2439,-3329
4513,2719,-3390
4936,2931,-3444
5321,2892,-3221
5665,2866,-3115
5901,2867,-3076
6023,2908,-3037
6097,3076,-2881
6081,3328,-2519
6055,3664,-1879
6064,3997,-1004
6166,4142,127
6507,4125,1361
6945,3856,2231
7098,3319,2373
6810,2566,1858
6202,1747,1046
5460,934,87
4790,208,-746
4298,-357,-1305
3981,-754,-1538
3877,-1070,-1529
3779,-1324,-1416
3577,-1549,-1302
3300,-1706,-1186
3002,-1812,-1068
2774,-1792,-879
2590,-1664,-678
2413,-1443,-496
2243,-1184,-371
2087,-937,-290
1938,-705,-250
1840,-497,-241
1786,-294,-240
1719,-110,-244
1651,84,-255
1579,265,-269
1513,445,-275
1471,587,-280
1434,697,-291
1423,829,-302
1427,910,-300
1428,954,-301
1437,967,-304
1464,977,-276
1494,964,-253
1536,957,-218
1582,959,-172
1649,925,-146
1738,903,-128
1815,925,-121
1871,962,-140
1904,1021,-180
1932,1082,-229
1963,1144,-264
1998,1203,-286
2038,1271,-278
2075,1337,-252
2120,1385,-229
2162,1400,-225
2237,1409,-216
2324,1429,-222
2440,1446,-233
2579,1451,-222
2729,1449,-190
2852,1460,-126
2947,1462,-48
3041,1467,43
3113,1444,124
3168,1410,180
3237,1397,238
3312,1399,275
3358,1376,295
3370,1333,300
3350,1288,278
3351,1251,248
3417,1241,228
3584,1278,222
3853,1327,216
4213,1331,185
4523,1313,162
4711,1342,188
4780,1428,283
4788,1524,396
4780,1591,496
4792,1634,554
4857,1678,569
4979,1720,556
5145,1741,514
5324,1742,468
5497,1710,436
5597,1636,442
5602,1531,496
5532,1394,603
5424,1252,751
5304,1134,932
5279,1050,1090
5469,979,1144
6045,902,1114
6980,798,1047
8070,692,769
8933,446,28
9003,91,-983
8071,-300,-1814
6704,-556,-2231
5455,-687,-2441
4597,-770,-2638
4183,-764,-2830
4064,-735,-3075
4116,-768,-3399
4317,-791,-3591
4763,-805,-3783
5216,-641,-3800
5705,-396,-3738
6325,-222,-3870
6895,-139,-4049
7203,-152,-4154
7209,-134,-4119
7003,-144,-3983
6685,-154,-3785
6364,-170,-3582
6092,-181,-3397
5931,-206,-3057
5925,-199,-2469
6136,-49,-1455
6564,327,65
7114,774,1473
7481,1237,2285
7416,1613,2462
6908,1838,2186
6084,1951,1621
5145,1952,891
4240,1916,125
3485,1850,-534
2892,1825,-1099
2469,1829,-1542
2205,1824,-1745
2079,1740,-1770
1979,1644,-1704
1838,1554,-1633
1684,1514,-1547
1550,1560,-1385
1478,1619,-1135
1460,1641,-817
1485,1611,-480
1518,1550,-165
1562,1436,111
1616,1275,325
1648,1094,488
1655,917,585
1619,739,632
1563,582,639
1506,422,599
1446,300,548
1417,183,471
1410,55,367
1422,-104,248
1439,-170,183
1472,-263,110
1511,-363,35
1578,-425,-10
1635,-483,-47
1682,-553,-108
1727,-594,-155
1752,-618,-203
1740,-633,-247
1728,-609,-265
1738,-544,-259
1757,-476,-246
1780,-415,-224
1804,-363,-206
1860,-306,-175
1930,-261,-137
1989,-228,-100
2084,-197,-51
2215,-155,12
2335,-120,69
2460,-78,133
2612,-21,186
2788,48,223
2909,93,224
3049,148,230
3214,206,255
3391,262,301
3562,322,350
3773,412,422
3984,517,482
4253,646,560
4569,764,638
4814,827,680
5027,847,729
5216,828,773
5254,733,755
5104,553,654
4936,343,501
4860,144,330
5015,14,235
5354,19,260
5627,92,295
5759,192,343
5764,299,421
5704,405,540
5615,521,685
5539,693,887
5463,894,1117
5417,1106,1350
5409,1303,1525
5533,1539,1613
5894,1876,1592
6528,2431,1505
7278,3025,1316
7936,3491,983
8006,3718,556
7251,3486,16
6095,2875,-691
4994,2219,-1429
4211,1715,-2017
3772,1492,-2380
3522,1539,-2540
3436,1803,-2677
3563,2141,-2920
3901,2453,-3314
4445,2722,-3742
4978,3019,-4090
5352,3265,-4309
5803,3074,-4280
6004,2820,-4117
5915,2661,-3862
5688,2591,-3556
5496,2679,-3230
5362,2824,-2980
5318,3148,-2776
5285,3529,-2562
5257,3897,-2235
5213,4204,-1690
5188,4411,-905
5265,4462,-5
5403,4322,845
5474,3924,1427
5535,3379,1792
5538,2739,1962
5414,2057,1925
5155,1365,1674
4787,688,1282
4397,62,860
4029,-548,426
3780,-1144,60
3562,-1549,-162
3347,-1794,-297
3096,-1946,-447
2846,-2024,-608
2607,-2030,-738
2364,-1983,-796
2133,-1846,-787
1912,-1646,-746
1734,-1436,-677
1604,-1186,-591
1460,-964,-534
1355,-755,-475
1321,-534,-400
1255,-343,-337
1181,-174,-268
1113,-16,-210
1062,123,-165
1031,249,-130
1004,360,-84
995,464,-38
1016,533,-7
1045,579,13
1107,614,31
1178,654,46
1269,709,52
1366,767,70
1489,842,77
1615,921,62
1744,1007,29
1862,1077,-25
1959,1135,-82
2032,1185,-123
2105,1229,-124
2162,1270,-100
2219,1308,-63
2280,1353,-25
2360,1405,14
2458,1460,55
2580,1511,93
2711,1555,122
2854,1585,145
2984,1600,157
3117,1606,172
3272,1591,206
3403,1545,244
3484,1477,274
3519,1375,282
3555,1276,297
3562,1188,294
3569,1111,279
3627,1052,278
3793,1051,310
4050,1102,358
4344,1173,377
4655,1265,366
4918,1370,358
5054,1438,361
5064,1492,407
4979,1551,493
4891,1606,589
4862,1636,652
4912,1610,672
5010,1518,674
5116,1396,686
5216,1268,725
5313,1152,803
5375,1035,905
5447,950,1020
5604,893,1107
5912,838,1096
6398,767,1056
7161,689,1036
8082,579,907
8797,430,453
8921,249,-218
8213,107,-850
7080,-14,-1272
6025,-93,-1475
5267,-145,-1607
4836,-264,-1843
4675,-447,-2235
4589,-568,-2660
4594,-639,-3052
4625,-576,-3286
4660,-231,-3203
5092,-61,-3332
5679,-86,-3638
6280,-177,-3932
6723,-283,-4123
6926,-373,-4178
6954,-438,-4140
6876,-428,-3961
6662,-431,-3718
6308,-415,-3452
5890,-364,-3167
5506,-306,-2891
5148,-247,-2620
5026,-266,-1976
5422,-292,-620
6398,-130,1514
7218,211,3227
7373,562,3723
6996,915,3465
6290,1225,2913
5396,1483,2204
4489,1643,1357
3635,1746,472
2896,1813,-312
2293,1837,-901
1900,1856,-1242
1608,1892,-1450
1411,1900,-1536
1294,1866,-1520
1232,1766,-1427
1200,1627,-1246
1190,1517,-1012
1194,1412,-748
1199,1291,-476
1212,1175,-202
1262,1057,80
1329,920,355
1407,770,626
1500,617,843
1561,462,972
1594,309,995
1600,171,914
1592,41,749
1579,-98,538
1572,-233,290
1568,-356,55
1585,-447,-148
1590,-527,-320
1584,-590,-461
1591,-626,-556
1581,-648,-612
1573,-655,-638
1597,-635,-625
1627,-592,-580
1670,-543,-522
1739,-484,-447
1838,-415,-357
1949,-335,-255
2054,-248,-157
2172,-171,-81
2319,-96,-22
2493,-33,33
2690,7,75
2875,33,112
3042,56,155
3180,48,209
3299,40,268
3420,53,354
3535,97,470
3691,189,597
3788,244,701
3920,345,813
4040,466,836
4096,543,734
4177,663,628
4302,842,548
4448,1051,459
4618,1166,345
4696,1159,152
4689,1059,-88
4666,875,-267
4624,638,-300
4590,419,-195
4625,239,-20
4771,118,167
4998,71,321
5224,101,433
5407,171,497
5525,245,540
5587,331,598
5628,428,683
5672,566,813
5731,766,1017
5810,1035,1283
5902,1335,1567
6059,1639,1822
6382,1957,1967
6916,2335,1975
7659,2775,1808
8444,3205,1506
8730,3441,1017
8010,3212,150
6624,2473,-1061
5448,1744,-1912
4540,1374,-2347
3923,1241,-2499
3523,1251,-2472
3280,1386,-2243
3204,1656,-1951
3257,1943,-1763
3414,2208,-1759
3655,2401,-1879
3939,2585,-2093
4244,2752,-2349
4493,2879,-2610
4720,2970,-2799
4939,3069,-2902
5145,3183,-2955
5332,3305,-2940
5463,3379,-2885
5526,3433,-2784
5504,3504,-2611
5361,3501,-2381
5061,3322,-2199
4768,3185,-1894
4585,3129,-1392
4512,3111,-752
4549,3063,-71
4654,2938,527
4737,2706,939
4721,2375,1127
4587,1958,1141
4368,1462,1015
4142,936,781
3924,439,534
3727,-35,331
3560,-496,164
3376,-838,60
3181,-1036,5
2958,-1176,-74
2717,-1280,-192
2462,-1352,-330
2205,-1386,-475
1980,-1396,-603
1779,-1384,-721
1605,-1334,-813
1472,-1228,-848
1393,-1091,-841
1305,-936,-796
1218,-751,-726
1131,-550,-636
1053,-348,-558
988,-147,-475
932,36,-405
892,193,-350
854,322,-309
847,427,-280
878,522,-262
935,617,-227
994,692,-187
1078,752,-145
1185,811,-117
1311,867,-93
1462,912,-64
1627,969,-29
1791,1006,15
1979,1060,23
2180,1124,26
2393,1208,47
2600,1307,64
2775,1411,104
2916,1527,145
3023,1633,176
3112,1719,177
3186,1808,160
3259,1878,131
3324,1933,103
3380,1959,92
3454,1974,121
3529,1977,170
3595,1957,223
3655,1913,242
3700,1849,242
3693,1758,213
3647,1660,166
3638,1569,110
3672,1476,55
3812,1395,-4
4181,1412,5
4596,1439,12
4874,1425,-16
5002,1399,-42
5014,1416,-24
4971,1468,23
4912,1547,75
4878,1644,116
4911,1758,169
5019,1871,249
5184,1979,375
5370,2043,508
5529,2065,646
5630,2048,771
5659,1998,884
5621,1927,1003
5564,1849,1116
5537,1778,1193
5674,1738,1212
6135,1737,1222
6861,1781,1237
7690,1849,1052
8326,1772,439
8453,1502,-585
7801,1110,-1629
6682,788,-2322
5666,538,-2576
4887,298,-2594
4289,97,-2569
3815,-18,-2581
3450,-119,-2585
3135,-292,-2357
3094,-453,-2250
3503,-604,-2479
4128,-752,-2863
4954,-900,-3360
5882,-1023,-3891
6776,-1145,-4419
7503,-1170,-4779
7857,-1109,-4909
7804,-948,-4793
7369,-761,-4495
6794,-600,-4150
6319,-434,-3620
6078,-237,-2868
6141,40,-1837
6445,331,-672
6824,497,263
7024,617,823
6897,752,1075
6462,903,1111
5812,1040,975
5070,1157,740
4332,1268,477
3655,1381,227
3040,1479,-8
2552,1560,-205
2161,1636,-393
1869,1695,-561
1658,1754,-694
1501,1789,-761
1400,1782,-787
1319,1774,-802
1240,1738,-792
1176,1670,-743
1140,1588,-638
1138,1477,-471
1184,1340,-257
1270,1181,-24
1373,1026,219
1475,874,430
1552,716,586
1595,566,681
1602,424,713
1577,302,679
1531,183,598
1492,86,500
1448,10,399
1421,-44,290
1387,-89,190
1374,-121,116
1377,-149,50
1397,-166,-9
1460,-183,-57
1539,-196,-100
1635,-222,-153
1753,-259,-208
1882,-288,-264
2024,-299,-305
2168,-311,-334
2292,-308,-348
2404,-293,-332
2507,-257,-291
2610,-212,-226
2721,-158,-147
2846,-95,-66
2965,-47,0
3067,2,44
3195,71,84
3299,131,112
3409,196,142
3436,223,147
3471,277,180
3490,316,201
3561,342,229
3696,395,279
3870,430,312
4124,503,344
4405,597,329
4635,643,245
4842,711,172
4972,801,154
4957,859,197
4795,856,293
4616,800,419
4501,722,530
4512,615,601
4790,528,673
5085,476,716
5295,463,752
5394,475,805
5397,478,863
5347,483,919
5259,522,974
5238,608,1022
5449,828,1047
6024,1255,1033
7008,1815,879
8268,2377,512
9368,2781,33
9403,2979,-234
8390,2684,-419
6981,2000,-832
5744,1328,-1415
4918,941,-2000
4318,787,-2566
3849,806,-3041
3557,933,-3388
3484,1166,-3619
3624,1549,-3921
3917,1951,-4216
4230,2362,-4395
4451,2380,-3728
4676,2239,-3140
5038,2171,-3052
5421,2200,-3099
5776,2340,-3148
6026,2492,-3205
6181,2718,-3212
6183,2953,-3171
6081,3283,-2984
5854,3705,-2659
5571,4147,-2171
5336,4499,-1549
5220,4657,-888
5237,4613,-259
5321,4377,255
5369,3981,577
5359,3419,710
5356,2802,758
5297,2169,778
5143,1566,763
4885,1020,704
4577,542,609
4248,112,462
3921,-268,291
3604,-652,80
3296,-1017,-138
3015,-1356,-397
2778,-1612,-691
2578,-1838,-892
2426,-1967,-987
2264,-1989,-1003
2104,-1926,-955
1955,-1796,-871
1817,-1620,-788
1693,-1419,-696
1602,-1204,-619
1555,-989,-567
1544,-748,-504
1500,-484,-448
1452,-266,-424
1436,-103,-431
1447,28,-438
1465,137,-427
1502,229,-407
1534,302,-378
1571,369,-321
1608,433,-257
1644,492,-164
1686,548,-69
1728,614,45
1788,684,158
1857,767,255
1931,865,332
2003,970,373
2051,1062,355
2083,1139,283
2096,1190,192
2108,1240,91
2136,1297,-8
2165,1357,-99
2207,1439,-177
2203,1498,-266
2255,1531,-358
2329,1568,-409
2472,1595,-402
2631,1604,-326
2796,1598,-174
2953,1573,3
3072,1533,191
3177,1479,360
3260,1409,493
3291,1338,569
3280,1271,569
3283,1217,514
3293,1182,418
3335,1166,310
3453,1161,210
3631,1188,135
3842,1224,98
4070,1273,114
4315,1349,184
4525,1423,300
4661,1476,448
4752,1519,605
4821,1545,738
4856,1551,820
4907,1542,801
5074,1513,757
5293,1477,720
5447,1404,679
5547,1288,714
5598,1163,822
5602,1043,960
5564,927,1108
5529,813,1253
5524,710,1378
5592,606,1408
5884,490,1298
6537,353,1067
7479,228,751
8495,64,365
9003,-145,24
8490,-332,-330
7143,-337,-724
5635,-299,-1144
4462,-295,-1577
3793,-302,-1996
3536,-383,-2401
3539,-554,-2846
3579,-750,-3311
3708,-941,-3684
3897,-1055,-3869
4116,-1034,-3862
4298,-784,-3588
4461,-354,-3336
5153,-121,-3417
6065,-29,-3587
6971,-136,-3660
7726,-425,-3464
8195,-808,-2953
8331,-1163,-2206
8061,-1228,-1317
7792,-1091,-447
7600,-799,306
7391,-430,848
7070,-72,1128
6750,286,1223
6342,607,1159
5918,899,1007
5475,1180,799
5032,1450,541
4583,1666,240
4107,1821,-94
3637,1923,-438
3142,1974,-766
2739,1961,-994
2420,1851,-1124
2195,1683,-1163
2045,1530,-1110
1930,1365,-1002
1845,1204,-861
1790,1048,-694
1747,914,-519
1687,807,-353
1629,687,-216
1617,541,-100
1608,336,-23
1614,138,32
1641,-22,108
1659,-155,175
1655,-213,241
1647,-269,297
1590,-266,335
1542,-289,330
1517,-313,310
1487,-322,270
1491,-342,238
1518,-416,154
1526,-531,49
1537,-540,19
1578,-529,1
1644,-559,-28
1693,-587,-69
1727,-599,-120
1751,-562,-164
1787,-528,-205
1838,-489,-244
1908,-437,-262
1978,-370,-242
2063,-297,-190
2153,-222,-130
2242,-148,-72
2336,-92,-41
2446,-49,-9
2534,-52,0
2614,-65,15
2699,-64,37
2769,-68,46
2840,-60,50
2938,-38,71
3073,-10,127
3201,-1,195
3362,24,307
3504,34,401
3619,37,456
3747,52,496
3921,87,530
4129,127,557
4375,129,538
4642,104,471
4876,95,383
5041,97,312
5126,92,289
5148,46,313
5107,-20,378
5058,-90,468
5033,-145,549
5075,-161,621
5190,-134,689
5356,-75,751
5496,-11,792
5573,53,815
5562,130,843
5477,228,887
5381,348,964
5337,500,1053
5473,726,1113
5879,1075,1130
6633,1551,1119
7707,2062,1069
8837,2397,934
9451,2408,840
8786,2021,690
7281,1414,241
5804,765,-458
4883,504,-1120
4398,543,-1727
4030,730,-2265
3721,960,-2683
3614,1234,-2935
3656,1511,-3109
3766,1768,-3317
3968,2063,-3564
4259,2240,-3734
4527,2343,-3751
4925,2243,-3468
5219,2239,-3390
5375,2227,-3471
5494,2264,-3499
5573,2344,-3440
5648,2497,-3262
5681,2758,-3001
5651,3014,-2687
5605,3276,-2234
5573,3540,-1551
5621,3802,-638
5771,3965,324
5924,3955,1104
5925,3684,1524
5803,3222,1652
5686,2633,1574
5539,1936,1316
5311,1235,930
4993,575,490
4626,-28,65
4232,-536,-288
3840,-921,-581
3501,-1223,-893
3244,-1485,-1056
3009,-1642,-1132
2802,-1702,-1146
2615,-1733,-1117
2446,-1708,-1057
2296,-1645,-976
2159,-1537,-863
2030,-1392,-736
1950,-1202,-594
1915,-989,-459
1902,-756,-322
1864,-527,-225
1833,-325,-160
1810,-156,-146
1785,-5,-159
1764,113,-195
1756,211,-241
1759,298,-289
1760,369,-333
1752,424,-348
1733,463,-353
1723,520,-331
1723,601,-289
1724,680,-241
1713,739,-198
1705,802,-142
1714,861,-102
1742,908,-70
1794,972,-37
1828,1025,-25
1899,1075,-15
1964,1116,-21
2043,1147,-48
2133,1190,-75
2215,1238,-87
2290,1281,-94
2358,1314,-96
2426,1345,-88
2516,1388,-55
2588,1423,-27
2675,1445,8
2766,1466,68
2871,1466,137
2986,1450,213
3076,1446,275
3196,1423,328
3329,1388,387
3411,1334,431
3474,1273,453
3496,1202,436
3514,1137,392
3546,1090,327
3621,1065,267
3771,1072,238
3995,1099,250
4254,1121,285
4514,1122,347
4732,1100,422
4888,1077,509
4980,1058,583
5044,1060,630
5121,1066,655
5237,1060,662
5369,1037,650
5507,994,652
5630,928,686
5699,835,759
5715,726,877
5672,617,1020
5607,519,1177
5566,436,1305
5629,409,1361
5921,430,1316
6556,467,1315
7346,435,1354
8028,329,1211
8326,80,698
7983,-223,-69
7021,-413,-880
5925,-493,-1457
5087,-533,-1768
4561,-608,-1945
4212,-718,-2119
3964,-795,-2313
3809,-823,-2518
3757,-812,-2721
3735,-589,-2817
3940,-361,-2938
4534,-235,-3200
5254,-229,-3580
5977,-322,-3996
6568,-450,-4320
6956,-521,-4488
7177,-603,-4537
7187,-656,-4433
6966,-643,-4215
6588,-538,-3877
6213,-397,-3514
5845,-279,-3158
5585,-237,-2695
5549,-224,-2045
5898,-203,-1035
6512,-72,302
7051,155,1508
7345,461,2317
7197,797,2548
6644,1128,2353
5795,1408,1879
4857,1625,1241
3975,1758,553
3237,1831,-138
2633,1860,-727
2169,1868,-1153
1869,1813,-1421
1694,1709,-1564
1546,1602,-1614
1403,1503,-1591
1280,1375,-1548
1209,1216,-1455
1153,1078,-1318
1102,958,-1129
1073,861,-843
1082,768,-491
1176,656,-119
1313,526,246
1476,393,576
1634,245,825
1748,100,971
1814,-38,1011
1830,-158,971
1807,-252,866
1752,-334,718
1684,-405,538
1604,-471,336
1518,-543,128
1420,-592,-67
1328,-630,-243
1258,-676,-415
1213,-736,-581
1203,-797,-715
1225,-833,-788
1265,-845,-761
1350,-848,-716
1470,-863,-708
1599,-886,-690
1745,-912,-645
1907,-933,-560
2081,-941,-443
2304,-927,-274
2575,-888,-74
2863,-829,125
3137,-746,296
3384,-648,419
3587,-531,494
3762,-408,525
3908,-264,520
4046,-114,486
4161,36,444
4271,209,425
4367,390,406
4464,562,383
4625,722,364
4808,886,347
4984,1059,343
5159,1212,318
5295,1288,243
5435,1326,141
5501,1302,16
5426,1161,-104
5263,936,-153
5117,721,-106
5023,545,-19
5030,415,84
5142,342,181
5305,332,265
5455,359,340
5540,415,398
5547,511,461
5507,609,553
5451,708,675
5419,818,821
5494,978,945
5826,1258,992
6490,1703,933
7382,2171,789
8359,2568,600
8812,2700,235
8251,2357,-445
7026,1670,-1287
5885,1108,-1955
5082,789,-2414
4526,679,-2736
4076,696,-2963
3705,792,-3073
3592,921,-2979
3623,1073,-2932
3825,1280,-3046
4178,1490,-3286
4587,1729,-3527
4948,1921,-3756
5291,1865,-3675
5586,1786,-3569
5751,1807,-3561
5716,1876,-3616
5582,1905,-3653
5430,1902,-3596
5312,1884,-3452
5207,1839,-3314
5096,1741,-3176
4981,1781,-2941
4875,1970,-2536
4873,2346,-1804
5029,2830,-734
5358,3234,457
5802,3375,1612
6264,3117,2343
6524,2593,2548
6342,1967,2303
5792,1359,1794
5064,801,1176
4337,309,575
3699,-86,78
3228,-409,-313
2901,-699,-609
2677,-948,-801
2511,-1156,-908
2372,-1317,-947
2242,-1398,-929
2106,-1409,-882
1970,-1372,-839
1840,-1305,-823
1733,-1211,-796
1654,-1098,-765
1598,-978,-717
1570,-833,-646
1554,-677,-568
1544,-509,-496
1520,-339,-428
1483,-183,-374
1440,-50,-337
1409,49,-318
1382,132,-299
1364,201,-271
1361,248,-239
1373,278,-203
1395,297,-163
1437,304,-115
1490,306,-69
1555,298,-38
1622,309,-9
1694,331,19
1768,370,33
1856,410,38
1976,441,28
2108,476,3
2259,531,-24
2408,593,-44
2547,639,-57
2675,678,-54
2792,738,-22
2906,786,27
3056,840,111
3180,893,189
3299,927,266
3403,954,323
3493,978,379
3603,970,410
3715,955,429
3810,934,436
3876,892,436
3886,854,413
3865,857,375
3833,869,313
3858,865,241
3914,897,203
4044,916,191
4190,947,206
4426,988,237
4692,1083,274
4897,1215,300
5020,1340,353
5065,1435,459
5103,1476,607
5169,1446,725
5273,1368,812
5408,1257,879
5556,1132,936
5677,1002,1000
5749,888,1068
5776,795,1143
5762,712,1232
5718,637,1329
5665,562,1434
5621,463,1533
5597,355,1573
5658,252,1487
5920,108,1273
6414,-89,1019
7031,-340,764
7475,-670,479
7509,-962,183
6983,-1061,-223
6104,-987,-738
5229,-884,-1292
4584,-830,-1801
4149,-850,-2284
3933,-941,-2745
3940,-1038,-3118
4097,-1148,-3478
4374,-1205,-3777
4792,-1161,-3952
5170,-1023,-4038
5389,-672,-4049
5757,-338,-4082
6205,-139,-4091
6544,-106,-4037
6770,-246,-3892
6871,-449,-3602
6834,-637,-3184
6674,-728,-2699
6472,-688,-2144
6302,-527,-1474
6285,-298,-648
6404,-85,355
6512,126,1358
6504,302,2088
6373,471,2447
6091,654,2473
5688,839,2250
5177,1023,1876
4623,1201,1398
4019,1365,800
3416,1523,242
2876,1643,-206
2452,1697,-581
2148,1694,-852
1905,1620,-1053
1714,1489,-1196
1572,1322,-1254
1471,1176,-1200
1378,1065,-1075
1295,999,-887
1225,921,-684
1157,816,-499
1120,696,-332
1099,548,-196
1046,396,-100
1040,240,-33
1030,119,37
1032,10,88
1048,-73,137
1054,-126,181
1043,-168,202
1053,-208,202
1077,-225,199
1128,-248,185
1180,-271,157
1245,-280,158
1324,-297,148
1407,-317,117
1508,-338,104
1618,-364,81
1733,-384,62
1855,-405,42
1983,-412,43
2090,-424,44
2206,-433,58
2321,-451,54
2450,-472,44
2580,-503,31
2717,-535,29
2851,-561,34
2992,-584,49
3138,-595,82
3276,-591,117
3405,-577,162
3535,-546,213
3665,-489,260
3803,-405,313
3947,-302,368
4065,-190,422
4150,-89,472
4216,4,531
4266,100,586
4327,190,630
4428,272,638
4610,313,609
4835,284,538
5056,221,462
5241,158,419
5284,67,421
5212,-67,462
5095,-207,528
4993,-325,595
4938,-400,652
4983,-429,699
5126,-408,736
5323,-354,760
5514,-293,773
5599,-227,799
5603,-109,876
5542,38,1011
5447,179,1174
5333,306,1344
5227,411,1506
5217,543,1624
5427,724,1654
5864,1002,1589
6526,1379,1374
7352,1734,1022
8003,2024,639
7920,2113,188
6917,1899,-292
5557,1507,-863
4440,1189,-1365
3833,1118,-1730
3633,1239,-2010
3674,1479,-2278
3827,1752,-2598
4048,2008,-3025
4353,2194,-3480
4651,2382,-3878
4885,2576,-4179
5121,2807,-4278
5245,2979,-4216
5242,3080,-4034
5173,3140,-3784
5138,3208,-3480
5169,3299,-3141
5252,3413,-2819
5377,3570,-2500
5546,3685,-2158
5783,3778,-1665
6086,3876,-971
6404,3897,-168
6689,3774,570
6789,3486,1083
6764,3086,1336
6637,2555,1347
6414,1869,1180
6080,1108,933
5688,369,689
5309,-285,499
4955,-841,361
4611,-1281,265
4274,-1578,153
3890,-1778,22
3488,-1906,-113
3083,-1999,-259
2706,-2060,-408
2352,-2046,-499
2053,-1960,-547
1812,-1805,-547
1613,-1591,-506
1457,-1355,-463
1400,-1110,-421
1429,-881,-393
1424,-676,-381
1392,-476,-360
1350,-278,-341
1301,-91,-318
1253,88,-274
1208,236,-226
1172,343,-173
1149,432,-129
1118,502,-84
1103,550,-44
1084,603,0
1074,643,41
1077,670,67
1105,681,64
1128,693,50
1151,704,21
1202,776,3
1266,870,-43
1343,956,-134
1412,1016,-253
1488,1036,-354
1553,1051,-426
1624,1063,-473
1692,1073,-488
1766,1095,-475
1831,1145,-435
1917,1210,-374
2016,1280,-286
2146,1322,-174
2336,1358,2
2586,1384,230
2882,1380,479
3206,1362,719
3499,1321,908
3709,1229,982
3787,1082,909
3819,937,755
3817,831,560
3812,776,386
3869,790,280
4022,888,274
4192,1005,310
4364,1119,353
4608,1271,410
4920,1432,482
5202,1551,578
5361,1603,662
5399,1625,729
5405,1667,783
5436,1742,839
5512,1797,889
5600,1816,934
5711,1795,974
5798,1725,1018
5843,1602,1058
5849,1459,1122
5809,1299,1218
5762,1118,1348
5725,944,1505
5720,794,1660
5760,635,1738
5898,527,1720
6180,477,1647
6789,540,1587
7501,652,1381
7666,607,561
7406,189,-483
6748,-188,-1333
5869,-418,-1895
5036,-582,-2216
4427,-745,-2433
4076,-889,-2568
3917,-974,-2682
3904,-984,-2843
3975,-842,-3036
4120,-488,-3127
4572,-242,-3277
5157,-112,-3498
5826,-93,-3773
6444,-139,-4058
6992,-220,-4257
7423,-230,-4332
7687,-244,-4274
7730,-243,-4095
7505,-264,-3840
7128,-325,-3551
6638,-364,-3211
6249,-406,-2683
6038,-367,-1872
6173,-228,-649
6534,21,759
6807,302,1905
6862,597,2584
6644,915,2807
6188,1215,2732
5561,1494,2438
4835,1729,1924
4042,1883,1213
3254,1962,438
2596,2046,-266
2032,2111,-819
1624,2102,-1147
1287,2052,-1347
1040,1988,-1437
900,1849,-1457
845,1659,-1388
826,1477,-1255
815,1339,-1090
822,1217,-890
857,1083,-689
879,980,-474
919,893,-234
983,800,42
1066,693,359
1157,554,687
1253,399,971
1335,222,1149
1375,64,1204
1389,-103,1135
1382,-277,966
1382,-484,744
1373,-658,529
1356,-791,304
1364,-918,111
1378,-1008,-66
1390,-1074,-224
1409,-1102,-336
1451,-1103,-420
1508,-1093,-474
1573,-1066,-495
1656,-1031,-485
1756,-999,-444
1858,-970,-380
1968,-950,-302
2093,-903,-224
2257,-827,-137
2462,-716,-39
2695,-556,80
2950,-375,200
3206,-197,302
3440,-22,385
3648,153,451
3827,294,478
3959,404,465
4054,500,427
4135,574,369
4195,656,319
4249,731,270
4313,808,222
4397,897,187
4537,998,163
4715,1105,158
4871,1182,151
4949,1214,152
4930,1194,143
4851,1129,115
4823,1040,116
4902,884,133
5032,721,156
5198,611,192
5366,549,228
5496,511,255
5542,484,298
5506,481,379
5423,501,504
5326,553,663
5250,651,861
5207,801,1097
5207,1008,1348
5319,1284,1544
5689,1670,1641
6406,2194,1622
7400,2760,1507
8598,3251,1173
9299,3265,302
8545,2706,-910
6873,1948,-2004
5393,1407,-2635
4337,1122,-2854
3652,1060,-2842
3325,1167,-2663
3285,1378,-2470
3486,1650,-2505
3846,1958,-2815
4345,2348,-3229
4898,2750,-3589
5335,3067,-3812
5585,3231,-3819
5691,3124,-3581
5752,2868,-3258
5730,2763,-3053
5662,2763,-2903
5639,2826,-2754
5645,2919,-2637
5638,3003,-2552
5562,3116,-2439
5402,3218,-2261
5209,3288,-1986
5046,3332,-1595
4976,3323,-1113
4984,3216,-590
5082,3047,-75
5212,2825,382
5299,2538,745
5305,2181,989
5227,1724,1222
5047,1203,1299
4746,671,1159
4367,186,857
3941,-294,423
3587,-719,30
3267,-997,-269
2981,-1257,-466
2710,-1491,-585
2472,-1655,-632
2270,-1700,-627
2090,-1653,-590
1920,-1547,-544
1764,-1383,-517
1604,-1189,-516
1450,-971,-530
1376,-727,-522
1317,-511,-520
1246,-334,-515
1185,-172,-505
1151,-36,-488
1123,86,-440
1114,188,-384
1132,271,-336
1149,346,-289
1171,412,-239
1191,456,-192
1214,506,-142
1245,569,-85
1277,655,-33
1333,779,41
1399,920,117
1451,1029,127
1510,1106,105
1563,1162,76
1622,1193,33
1675,1203,-27
1733,1215,-75
1804,1233,-114
1896,1257,-141
1994,1303,-153
2114,1354,-161
2246,1398,-158
2395,1443,-139
2544,1472,-106
2690,1478,-54
2824,1458,13
2958,1419,109
3090,1361,222
3205,1283,356
3316,1199,485
3432,1102,593
3579,1000,686
3726,915,742
3856,825,747
3984,758,708
4145,743,645
4306,750,555
4474,792,458
4630,871,386
4745,991,329
4836,1144,283
4811,1311,247
4780,1480,273
4826,1637,382
4932,1798,533
5082,1981,696
5237,2095,826
5350,2140,928
5395,2107,1013
5394,2015,1116
5370,1876,1252
5350,1712,1413
5373,1536,1557
5471,1359,1646
5695,1187,1588
6094,1027,1412
6774,919,1176
7670,801,866
8473,531,394
8775,219,-188
8229,-24,-716
7050,-125,-1149
5820,-143,-1446
4862,-166,-1653
4292,-258,-1877
4033,-446,-2193
3941,-591,-2517
4001,-636,-2823
4175,-588,-3122
4484,-477,-3342
4736,-223,-3329
5342,-25,-3502
6077,103,-3763
6717,155,-3975
7139,83,-4133
7387,-69,-4231
7418,-217,-4190
7138,-205,-3973
6744,-163,-3680
6321,-201,-3271
6032,-290,-2771
6022,-382,-2126
6353,-406,-1137
6921,-244,186
7348,0,1492
7578,273,2332
7466,585,2639
7012,915,2557
6267,1211,2133
5348,1430,1419
4402,1603,550
3561,1738,-277
2847,1851,-934
2326,1934,-1388
1924,1991,-1676
1662,1989,-1810
1502,1970,-1789
1373,1931,-1692
1300,1824,-1523
1264,1715,-1330
1249,1635,-1111
1251,1553,-856
1273,1458,-572
1323,1344,-250
1408,1194,92
1518,1037,437
1621,861,754
1695,674,962
1731,428,1015
1699,184,945
1618,-17,785
1527,-182,593
1433,-310,408
1334,-406,240
1268,-500,104
1220,-554,-13
1198,-622,-125
1185,-651,-219
1201,-691,-285
1242,-715,-319
1292,-700,-340
1370,-672,-337
1483,-674,-318
1606,-689,-279
1718,-704,-220
1810,-718,-155
1878,-723,-96
1946,-711,-35
2036,-679,36
2148,-638,113
2272,-592,184
2407,-536,242
2531,-461,285
2650,-378,314
2762,-279,332
2875,-177,340
3006,-72,335
3137,52,315
3285,187,290
3449,331,257
3584,464,233
3715,570,230
3832,664,252
3955,779,305
4082,887,365
4258,981,417
4438,1046,439
4605,1080,435
4712,1059,398
4757,964,320
4767,794,232
4778,609,176
4805,468,176
4895,357,207
5035,263,236
5199,198,272
5343,160,325
5448,153,402
5519,174,509
5562,215,654
5595,290,847
5632,436,1096
5681,628,1341
5738,849,1533
5863,1094,1634
6161,1411,1600
6703,1885,1443
7421,2388,1171
8159,2762,738
8364,2852,142
7696,2502,-563
6671,1979,-1251
5792,1616,-1767
5118,1407,-2148
4607,1289,-2442
4229,1252,-2646
3973,1269,-2725
3835,1315,-2792
3860,1388,-2946
4071,1527,-3168
4444,1772,-3447
4919,2109,-3664
5313,2419,-3807
5600,2668,-3872
5760,2821,-3862
5984,2810,-3642
6103,2840,-3387
6112,2858,-3165
6005,2881,-2992
5812,2911,-2822
5596,2953,-2608
5431,3056,-2232
5399,3242,-1535
5549,3441,-491
5845,3554,720
6326,3491,1910
6762,3143,2600
6818,2551,2589
6424,1859,2096
5745,1154,1423
4994,498,792
4352,-47,308
3864,-604,-211
3538,-1057,-538
3271,-1390,-780
3016,-1645,-997
2768,-1787,-1141
2555,-1822,-1174
2335,-1771,-1112
2122,-1660,-1045
1917,-1527,-984
1744,-1357,-884
1598,-1159,-759
1504,-955,-612
1445,-738,-455
1407,-518,-327
1345,-295,-207
1274,-96,-104
1210,66,-16
1167,190,41
1137,286,80
1129,347,86
1134,384,69
1148,403,21
1160,407,-33
1170,407,-89
1174,422,-137
1184,452,-162
1197,477,-176
1212,523,-167
1230,573,-152
1242,616,-130
1265,669,-98
1288,727,-65
1329,771,-31
1392,825,-8
1469,892,9
1559,960,12
1663,1034,8
1801,1118,2
1952,1204,-7
2105,1293,-15
2279,1377,-7
2465,1454,5
2670,1529,33
2880,1579,62
3109,1619,102
3356,1643,146
3602,1642,202
3825,1639,268
3989,1626,321
4082,1606,337
4095,1578,314
4098,1534,280
4086,1510,242
4078,1506,200
4112,1514,129
4205,1535,35
4417,1623,-45
4733,1719,-106
4984,1755,-186
5093,1783,-217
5106,1843,-166
5094,1891,-65
5116,1932,79
5193,1975,241
5337,2009,401
5526,2029,559
5710,2015,690
5852,1958,798
5934,1875,889
5968,1781,993
5976,1677,1104
5973,1547,1220
5994,1414,1316
6137,1283,1377
6507,1119,1448
7164,938,1570
7984,831,1635
8648,678,1287
8671,473,372
7937,298,-695
6827,71,-1545
5867,-158,-2092
5151,-390,-2443
4634,-589,-2711
4283,-725,-2973
4091,-851,-3184
3936,-916,-3346
3697,-747,-3249
3871,-643,-3329
4349,-646,-3604
5024,-749,-3956
5738,-876,-4258
6360,-1047,-4520
6839,-1216,-4708
7127,-1316,-4734
7126,-1308,-4606
6953,-1204,-4316
6620,-1050,-3954
6229,-899,-3609
5883,-784,-3218
5755,-722,-2506
5952,-583,-1357
6443,-294,126
6886,102,1432
7077,538,2163
6959,922,2354
6550,1251,2254
5937,1511,1980
5231,1725,1578
4499,1873,1060
3811,1984,496
3207,2071,-57
2657,2111,-533
2224,2125,-870
1847,2109,-1127
1540,2013,-1262
1354,1812,-1272
1280,1655,-1222
1216,1531,-1115
1195,1425,-935
1182,1316,-705
1195,1183,-452
1227,1028,-233
1311,854,-30
1355,692,144
1349,541,289
1337,406,401
1306,273,471
1277,122,495
1225,-23,461
1181,-141,395
1143,-258,292
1119,-363,190
1107,-445,91
1113,-508,11
1131,-547,-63
1156,-578,-134
1190,-599,-182
1256,-578,-208
1342,-528,-224
1467,-494,-233
1615,-462,-240
1767,-420,-261
1930,-396,-281
2088,-390,-277
2230,-380,-255
2347,-356,-211
2449,-325,-156
2522,-278,-102
2603,-217,-56
2693,-141,-23
2788,-54,-4
2894,37,4
3030,127,13
3164,232,37
3305,345,83
3444,455,132
3570,546,176
3663,610,208
3768,710,248
3896,829,300
4038,952,347
4164,1047,361
4322,1127,366
4507,1213,342
4648,1253,265
4755,1222,149
4838,1182,69
4883,1130,31
4884,1075,59
4889,1000,138
4945,922,234
5064,854,332
5202,817,404
5316,821,432
5376,871,420
5362,930,395
5319,1000,423
5237,1062,488
5166,1138,611
5137,1254,775
5209,1434,944
5482,1721,1071
6039,2144,1108
6861,2665,981
7883,3218,690
8812,3736,387
9036,3985,195
8313,3718,-121
7130,3066,-681
6043,2370,-1278
5214,1863,-1751
4616,1584,-2081
4188,1491,-2313
3876,1543,-2555
3649,1692,-2906
3556,1895,-3359
3574,2150,-3836
3683,2425,-4294
3811,2772,-4614
3969,3106,-4642
4081,3286,-4419
4223,3297,-3982
4426,3274,-3508
4647,3257,-3193
4875,3299,-2968
5103,3430,-2736
5315,3657,-2403
5488,3907,-1933
5530,4023,-1445
5559,4062,-896
5621,4047,-333
5685,3903,155
5698,3584,461
5591,3096,554
5405,2515,450
5172,1928,242
4924,1174,-65
4676,538,-341
4473,96,-503
4304,-226,-579
4139,-423,-566
3932,-502,-479
3654,-568,-387
3375,-571,-280
3089,-560,-202
2777,-548,-176
2518,-481,-150
2310,-381,-123
2141,-298,-121
2006,-200,-131
1884,-86,-137
1761,22,-165
1627,118,-194
1516,197,-219
1423,264,-223
1358,335,-202
1303,415,-165
1257,503,-126
1217,576,-98
1181,628,-76
1158,661,-58
1106,678,-47
1026,636,-45
977,594,-20
952,578,0
963,587,10
1004,594,27
1070,597,41
1128,586,28
1171,574,2
1214,577,-39
1272,599,-65
1361,646,-71
1475,701,-48
1606,752,-11
1742,789,45
1885,812,101
2034,832,153
2171,834,181
2332,829,188
2505,841,198
2714,858,217
2974,864,247
3199,892,275
3366,923,298
3531,954,335
3714,983,407
3834,1043,486
3913,1081,570
3915,1115,628
3871,1140,669
3759,1188,653
3669,1252,615
3700,1356,571
3753,1447,474
3860,1544,372
4043,1658,298
4381,1770,248
4745,1867,210
4940,1968,222
4949,2034,312
4816,2075,461
4653,2121,594
4542,2189,648
4527,2288,629
4623,2395,572
4809,2440,509
5015,2376,461
5194,2280,492
5329,2191,602
5426,2095,751
5533,2008,917
5684,1926,1049
5921,1836,1074
6315,1759,989
6984,1733,824
7909,1797,631
8741,1828,460
9106,1697,494
8667,1532,582
7571,1393,438
6329,1244,30
5549,978,-515
5116,681,-1189
4842,357,-1971
4647,1,-2797
4516,-349,-3576
4455,-689,-4241
4415,-990,-4592
4401,-1187,-4623
4455,-1343,-4486
4533,-1386,-4231
4679,-1311,-3930
4863,-1163,-3668
5143,-896,-3314
5673,-805,-3049
6283,-817,-2656
6865,-844,-1912
7355,-822,-933
7365,-649,-95
7230,-315,410
7103,0,618
6879,257,698
6527,457,765
6074,638,792
5591,820,749
5094,1013,642
4616,1216,474
4194,1414,273
3821,1590,71
3474,1750,-125
3176,1882,-303
2898,1972,-448
2631,2016,-572
2399,1991,-635
2258,1870,-665
2114,1751,-633
1935,1651,-566
1758,1554,-492
1603,1460,-419
1465,1361,-356
1361,1256,-317
1291,1127,-296
1239,1004,-274
1188,880,-241
1127,762,-197
1054,653,-153
982,557,-120
964,492,-67
968,416,-28
954,345,-2
972,285,12
994,200,8
1041,90,-24
1086,-17,-56
1146,-97,-79
1217,-165,-102
1266,-216,-117
1303,-236,-120
1313,-196,-117
1314,-124,-110
1337,-63,-103
1397,-12,-96
1490,28,-80
1623,52,-48
1764,52,-15
1907,38,32
2061,24,69
2228,19,99
2412,33,129
2617,63,156
2823,100,179
2993,131,197
3173,164,237
3362,215,296
3512,259,350
3703,332,432
3910,431,525
4106,511,594
4275,586,621
4407,646,607
4470,574,479
4513,489,330
4614,443,214
4772,417,103
4937,414,-22
5063,474,-160
5162,594,-224
5231,671,-238
5269,666,-195
5292,576,-102
5318,437,31
5385,325,195
5514,252,372
5672,259,532
5814,340,678
5913,474,818
5965,627,954
5988,792,1075
5999,960,1188
6023,1143,1278
6033,1339,1358
6061,1562,1442
6142,1849,1515
6354,2208,1522
6767,2626,1410
7319,3062,1197
7931,3473,952
8281,3738,706
7867,3619,338
6926,3089,-300
5979,2427,-1030
5259,1921,-1660
4771,1651,-2152
4480,1573,-2543
4194,1618,-2816
3883,1690,-3022
3657,1756,-3214
3546,1774,-3425
3522,1853,-3541
3605,2017,-3558
3666,2156,-3601
3793,2339,-3640
3910,2484,-3658
4027,2592,-3600
4177,2672,-3486
4448,2667,-3297
4754,2563,-3045
4830,2498,-2858
4823,2473,-2675
4783,2527,-2452
4702,2637,-2188
4563,2815,-1827
4408,3043,-1288
4297,3283,-539
4316,3446,347
4583,3411,1224
4972,3129,1960
5187,2600,2244
5077,1909,2010
4711,1184,1420
4263,537,735
3833,-75,40
3471,-636,-532
3174,-1009,-772
2936,-1205,-808
2702,-1289,-808
2449,-1238,-831
2237,-1095,-857
2061,-930,-865
1941,-724,-847
1857,-533,-851
1778,-377,-901
1710,-275,-935
1623,-174,-929
1529,-56,-861
1439,96,-736
1381,223,-578
1329,364,-425
1283,490,-275
1234,630,-137
1179,765,-32
1124,876,33
1091,960,50
1079,1021,41
1083,1059,-4
1092,1027,-69
1097,950,-124
1119,886,-170
1171,844,-188
1237,812,-193
1318,803,-187
1396,812,-174
1441,814,-165
1474,807,-156
1516,800,-134
1587,797,-114
1687,796,-94
1810,815,-66
1964,858,-27
2148,915,12
2348,977,42
2571,1043,65
2836,1097,84
3109,1149,108
3319,1192,96
3474,1234,78
3585,1263,70
3703,1300,93
3770,1360,126
3871,1407,192
3983,1479,263
4159,1527,341
4365,1564,407
4582,1616,475
4862,1673,524
5240,1690,578
5604,1697,654
5932,1740,699
6293,1766,733
6455,1834,742
6481,1927,751
6466,1968,737
6382,1996,670
6209,2015,550
6053,1999,434
5979,1869,361
5938,1674,381
5908,1484,529
5942,1317,805
6037,1186,1140
6184,1108,1436
6407,1071,1534
6774,1057,1375
7323,1080,1031
7878,1112,445
8186,975,-455
7987,714,-1267
7217,539,-1767
6250,452,-2054
5478,394,-2189
5014,353,-2228
4747,293,-2369
4597,219,-2674
4580,90,-3122
4626,-107,-3600
4774,-314,-4010
4799,-436,-4059
4995,-477,-4062
5118,-372,-3912
5513,-356,-3921
5886,-399,-3995
6240,-512,-4048
6412,-614,-4027
6408,-630,-3884
6276,-573,-3633
6014,-503,-3366
5732,-463,-3095
5473,-421,-2753
5326,-315,-2237
5400,-112,-1457
5669,203,-369
6008,580,856
6172,919,1780
6020,1156,2203
5637,1291,2236
5130,1383,2064
4611,1470,1748
4095,1558,1311
3593,1633,827
3099,1719,377
2622,1785,-109
2189,1785,-556
1823,1754,-919
1506,1688,-1160
1279,1582,-1303
1124,1476,-1411
1041,1373,-1375
1002,1277,-1261
990,1194,-1125
988,1095,-995
1010,964,-855
1054,809,-670
1080,673,-459
1065,546,-232
1043,403,-38
1027,232,124
1048,46,221
1035,-122,245
1019,-272,241
1010,-418,211
992,-545,155
984,-626,101
979,-668,52
988,-680,4
991,-665,-45
986,-596,-73
1007,-522,-96
1046,-465,-110
1120,-408,-109
1227,-359,-94
1369,-315,-61
1521,-271,-24
1669,-225,9
1809,-179,24
1937,-141,34
2074,-120,37
2203,-105,27
2351,-90,19
2527,-51,16
2722,-6,11
2942,77,16
3166,187,43
3398,328,119
3623,473,216
3838,619,313
4038,772,409
4237,913,498
4441,1063,589
4675,1227,664
4905,1378,712
5102,1509,723
5273,1627,725
5352,1660,683
5306,1558,545
5206,1394,388
5097,1150,191
5088,911,1
5200,715,-141
5363,598,-171
5491,556,-132
5574,612,-24
5611,726,124
5628,850,299
5610,957,516
5576,1044,762
5533,1141,1023
5514,1299,1274
5586,1461,1452
5906,1663,1458
6570,2010,1242
7445,2449,769
8322,2859,227
8728,3168,-107
8232,3066,-137
7147,2494,-234
6008,1736,-574
5076,1094,-1079
4374,709,-1637
3899,622,-2156
3629,714,-2620
3584,901,-3047
3777,1145,-3457
4104,1470,-3912
4451,1828,-4425
4713,2196,-4828
4941,2308,-4488
5104,2265,-4193
5120,2146,-4200
5103,2010,-4224
5117,1862,-4151
5178,1744,-3981
5263,1712,-3733
5332,1838,-3404
5402,2231,-2908
5547,2995,-2007
5884,3975,-737
6334,4740,467
6745,5017,1342
6983,4755,1781
6950,4144,1807
6587,3371,1520
6043,2538,1045
5477,1765,544
4986,1127,137
4605,634,-132
4292,252,-307
4033,-53,-369
3765,-326,-364
3491,-549,-364
3194,-727,-403
2873,-893,-499
2603,-949,-580
2343,-920,-665
2087,-829,-733
1899,-751,-732
1787,-654,-670
1728,-513,-562
1674,-375,-458
1584,-237,-375
1478,-126,-321
1389,-21,-268
1331,60,-219
1286,145,-158
1256,228,-89
1243,306,-12
1240,385,70
1231,449,129
1201,494,169
1154,502,192
1122,486,199
1109,468,198
1107,453,189
1120,443,182
1132,452,168
1151,469,156
1174,487,123
1232,504,112
1299,514,108
1392,537,120
1493,570,145
1597,603,167
1738,630,190
1903,644,211
2015,657,210
2162,660,207
2320,635,216
2462,647,246
2626,652,279
2796,641,296
2942,653,318
3071,680,333
3202,699,355
3256,708,365
3257,749,369
3272,832,406
3307,924,458
3403,969,523
3565,971,616
3792,952,727
4044,905,832
4285,849,903
4512,819,940
4709,839,930
4864,910,857
5025,1031,726
5174,1180,586
5295,1308,470
5385,1411,423
5415,1483,453
5409,1496,569
5399,1426,738
5419,1329,949
5512,1208,1140
5731,1117,1208
6153,1126,1105
6857,1171,884
7869,1291,594
8848,1327,239
9263,1126,-33
8827,955,-148
7803,903,-374
6712,870,-790
5879,803,-1252
5366,678,-1689
5066,452,-2198
4911,124,-2751
4845,-200,-3224
4771,-502,-3595
4611,-624,-3665
4431,-518,-3468
4662,-226,-3362
5326,-147,-3590
6215,-212,-3912
6904,-304,-4163
7307,-450,-4241
7413,-596,-4082
7334,-809,-3653
7224,-1046,-2980
7232,-1223,-2110
7375,-1244,-1128
7367,-1012,-212
7379,-739,569
7278,-522,1202
7059,-318,1728
6705,-71,2085
6246,246,2229
5750,603,2170
5186,1010,1872
4559,1406,1327
3932,1685,648
3424,1799,-36
3008,1838,-602
2733,1809,-987
2490,1730,-1249
2226,1627,-1404
1972,1539,-1437
1749,1440,-1371
1570,1344,-1238
1476,1233,-1041
1414,1141,-834
1347,1048,-632
1317,933,-454
1313,807,-273
1339,664,-96
1389,507,82
1450,334,236
1526,141,355
1576,-46,432
1611,-229,452
1619,-395,412
1586,-506,353
1543,-612,270
1486,-706,160
1436,-783,54
1393,-843,-72
1344,-877,-187
1308,-862,-253
1290,-816,-292
1268,-732,-303
1258,-600,-279
1286,-460,-222
1367,-338,-155
1440,-219,-101
1496,-110,-54
1557,-19,-22
1649,59,8
1763,122,34
1898,176,47
2033,220,72
2159,292,121
2257,373,183
2346,461,264
2460,540,361
2577,616,449
2679,686,504
2790,758,544
2886,835,556
2959,915,555
3043,1008,566
3152,1121,589
3322,1241,592
3524,1353,595
3724,1429,553
3927,1463,468
4124,1473,371
4291,1486,288
4424,1469,241
4548,1402,229
4711,1297,237
4898,1111,281
5040,862,356
5094,583,429
5135,323,505
5218,146,589
5331,62,673
5451,34,755
5532,43,838
5553,67,929
5521,94,1046
5437,146,1183
5372,234,1350
5351,381,1541
5402,579,1714
5541,804,1802
5887,1134,1735
6556,1621,1484
7573,2185,1100
8639,2717,623
9086,3024,66
8196,2872,-547
6632,2334,-1139
5204,1762,-1634
4183,1331,-1971
3550,1126,-2216
3223,1182,-2488
3152,1384,-2805
3348,1630,-3187
3671,1903,-3595
4087,2253,-3914
4507,2726,-4148
4910,2902,-3957
5224,2857,-3704
5367,2798,-3663
5492,2780,-3598
5583,2867,-3499
5634,2980,-3376
5676,3165,-3165
5724,3440,-2826
5747,3731,-2369
5791,4012,-1792
5839,4251,-1106
5878,4355,-424
5904,4237,126
5890,3898,490
5884,3382,705
5831,2762,748
5722,2088,697
5567,1384,613
5346,728,496
5041,173,349
4695,-297,172
4345,-702,-40
4043,-1002,-219
3746,-1224,-366
3484,-1361,-476
3268,-1404,-538
3061,-1426,-562
2830,-1422,-575
2608,-1368,-580
2398,-1258,-567
2213,-1105,-540
2031,-936,-506
1880,-745,-461
1736,-554,-414
1589,-396,-386
1513,-230,-339
1465,-65,-285
1427,82,-228
1404,215,-164
1379,352,-114
1345,466,-84
1304,556,-80
1262,615,-107
1226,675,-148
1196,742,-176
1188,804,-208
1180,866,-222
1180,906,-222
1187,954,-208
1203,1003,-191
1214,1046,-169
1232,1099,-130
1255,1141,-95
1290,1176,-66
1323,1237,-34
1397,1269,-13
1495,1289,14
1626,1297,42
1771,1304,86
1915,1312,132
2072,1323,187
2253,1349,260
2463,1366,337
2634,1361,394
2820,1334,448
3080,1319,529
3327,1298,601
3525,1248,616
3599,1156,566
3656,1085,500
3726,1062,459
3762,1052,422
3820,1002,387
3894,947,356
4040,893,338
4185,878,324
4328,892,302
4492,944,296
4710,1053,324
4930,1184,362
5043,1322,402
5072,1456,443
5075,1571,483
5102,1644,513
5183,1666,532
5292,1623,550
5414,1541,603
5517,1447,714
5577,1340,876
5618,1238,1070
5657,1168,1258
5736,1164,1403
5957,1211,1456
6486,1231,1438
7341,1253,1287
8330,1285,788
8985,1204,-46
8769,1015,-804
7689,834,-1265
6359,669,-1507
5306,522,-1586
4660,387,-1588
4307,262,-1605
4142,140,-1721
4060,6,-1989
4078,-106,-2321
4179,-210,-2678
4057,-138,-2784
4055,27,-2889
4515,142,-3149
5242,255,-3435
6027,372,-3636
6598,371,-3802
6990,253,-3936
7226,86,-3996
7312,-132,-3883
7273,-498,-3487
7132,-841,-2837
7048,-1087,-1957
7076,-1131,-939
7144,-899,31
7141,-462,809
6999,-45,1284
6668,278,1429
6201,557,1320
5640,807,1023
5041,1041,624
4462,1244,205
3935,1403,-189
3463,1572,-532
3034,1747,-815
2656,1916,-996
2317,2032,-1084
2026,2078,-1103
1789,2080,-1069
1596,2017,-996
1458,1962,-879
1395,1888,-741
1409,1787,-599
1456,1664,-434
1508,1530,-245
1571,1386,-41
1644,1236,160
1715,1090,333
1771,939,480
1800,772,574
1796,594,621
1757,422,625
1686,300,599
1588,199,542
1490,83,458
1410,-30,352
1329,-122,255
1266,-225,148
1209,-293,65
1164,-341,-4
1144,-399,-91
1146,-467,-188
1160,-534,-271
1185,-602,-346
1240,-672,-418
1318,-703,-461
1399,-710,-486
1489,-701,-488
1582,-667,-457
1680,-611,-409
1795,-541,-343
1926,-458,-265
2074,-371,-188
2229,-282,-111
2389,-192,-46
2577,-101,4
2748,-31,24
2937,61,42
3138,161,49
3347,258,56
3548,349,57
3720,438,79
3845,523,111
3936,598,143
4018,661,170
4138,725,201
4285,799,256
4464,876,321
4651,958,385
4825,1035,444
4962,1083,484
5065,1095,523
5163,1062,533
5258,1006,540
5293,924,559
5284,819,579
5292,724,582
5372,655,562
5482,626,551
5574,639,565
5631,690,612
5625,762,698
5574,846,792
5484,939,924
5407,1045,1092
5373,1205,1273
5479,1411,1353
5864,1741,1272
6654,2214,975
7746,2674,506
8757,2982,1
8704,3182,-320
7589,2996,-698
6174,2367,-1365
4932,1748,-1942
4079,1329,-2267
3583,1210,-2424
3318,1361,-2576
3278,1650,-2810
3498,2002,-3148
3911,2360,-3581
4436,2726,-4073
4887,3060,-4474
5342,3230,-4457
5588,3306,-4324
5574,3387,-4246
5415,3436,-4132
5273,3421,-3929
5189,3347,-3696
5168,3249,-3480
5192,3099,-3312
5238,2927,-3186
5261,2778,-3044
5232,2723,-2766
5167,2740,-2264
5179,2796,-1368
5321,2785,-117
5769,2794,1477
6378,2658,2795
6663,2281,3197
6420,1726,2811
5813,1103,2066
5053,491,1316
4380,-109,666
3912,-663,172
3608,-1179,-186
3453,-1501,-322
3318,-1665,-327
3148,-1730,-298
2929,-1696,-273
2689,-1598,-273
2410,-1505,-304
2165,-1362,-373
1962,-1152,-429
1793,-887,-468
1647,-608,-479
1515,-348,-488
1430,-112,-489
1381,76,-473
1356,264,-462
1328,440,-457
1307,595,-439
1272,698,-399
1229,760,-342
1184,812,-300
1155,857,-266
1145,893,-229
1145,931,-198
1175,956,-177
1204,971,-176
1249,947,-174
1296,949,-156
1335,939,-127
1398,924,-72
1500,863,-12
1596,820,53
1673,783,87
1791,729,118
1921,691,139
2049,676,143
2161,684,173
2331,673,226
2487,673,264
2678,682,323
2827,712,375
2932,731,379
3014,737,346
3069,760,301
3168,816,295
3330,867,302
3397,934,277
3386,1020,248
3412,1064,211
3431,1105,175
3513,1137,185
3677,1113,219
3921,1066,281
4206,1010,357
4521,950,443
4833,941,540
5081,1010,646
5294,1147,734
5427,1325,784
5426,1511,808
5408,1657,828
5366,1799,840
5344,1870,863
5331,1855,884
5343,1750,914
5364,1577,973
5385,1405,1094
5390,1247,1264
5388,1105,1451
5415,980,1588
5533,880,1546
5876,751,1306
6462,615,972
7164,501,555
7718,256,-17
7892,36,-536
7432,-95,-882
6540,-75,-1176
5632,-18,-1438
4973,-1,-1602
4664,-44,-1812
4512,-152,-2293
4514,-342,-2979
4665,-573,-3665
4856,-761,-4174
4969,-814,-4334
4961,-547,-4090
4859,-61,-3672
5052,226,-3544
5445,358,-3578
5881,365,-3668
6271,380,-3674
6537,410,-3566
6697,362,-3367
6791,91,-2913
6797,-259,-2217
6851,-501,-1307
7006,-513,-210
7255,-290,896
7299,87,1723
7069,460,2168
6709,708,2290
6284,914,2213
5816,1114,1963
5312,1315,1547
4763,1509,951
4140,1812,179
3764,1934,-239
3413,1931,-562
3028,1943,-822
2671,1939,-1001
2366,1927,-1066
2114,1897,-1107
1914,1818,-1130
1769,1678,-1120
1656,1515,-1086
1594,1349,-1018
1552,1187,-908
1497,1068,-752
1490,936,-549
1507,816,-340
1494,720,-130
1491,612,63
1509,511,241
1563,370,349
1611,203,392
1618,33,383
1604,-132,326
1567,-289,248
1528,-446,145
1470,-550,56
1410,-626,-25
1348,-671,-95
1313,-689,-148
1311,-691,-175
1328,-644,-192
1316,-542,-211
1312,-418,-211
1311,-315,-215
1325,-224,-208
1350,-123,-177
1402,-40,-133
