363,2684,1593
419,2653,1683
471,2605,1778
455,2608,1820
517,2617,1791
544,2641,2023
622,2626,2073
693,2602,2226
754,2589,2336
763,2532,2460
789,2528,2532
868,2467,2688
988,2437,2764
979,2388,2793
1031,2341,2886
1115,2334,2996
1120,2270,3126
1150,2225,3199
1204,2200,3404
1202,2142,3470
1250,2128,3502
1248,2083,3620
1298,2087,3635
1270,2070,3703
1300,2082,3697
1288,2134,3611
1222,2178,3564
1215,2223,3442
1127,2315,3330
1053,2378,3083
975,2479,3058
816,2572,2899
689,2652,2769
600,2798,2628
464,2857,2536
361,2914,2480
236,2983,2447
133,3040,2407
80,3094,2462
58,3119,2486
48,3116,2648
55,3088,2844
98,3059,3030
156,3014,3301
262,2943,3487
315,2891,3635
435,2777,3730
506,2690,3893
596,2680,3855
665,2672,3944
695,2676,3737
731,2637,3689
742,2611,3544
755,2633,3458
806,2574,3294
818,2613,3291
785,2561,3204
812,2592,3184
822,2611,3094
805,2610,2994
817,2592,3119
867,2561,3279
852,2539,3360
907,2520,3443
925,2469,3614
937,2420,3678
1000,2422,3801
1022,2406,3898
1087,2310,3812
1082,2280,3938
1124,2244,3935
1158,2264,3882
1153,2225,3704
1212,2217,3485
1245,2166,3349
1255,2081,3234
1277,2053,3082
1294,1966,2913
1285,1953,2886
1287,1977,2762
1276,1979,2731
1215,1982,2643
1161,2088,2564
1101,2158,2561
974,2263,2449
859,2386,2322
775,2474,2123
621,2610,2064
458,2625,1923
367,2742,1813
256,2761,1725
180,2835,1697
177,2857,1705
137,2884,1756
153,2922,1880
173,2929,1923
227,2896,2188
286,2883,2315
345,2867,2313
415,2856,2548
488,2819,2506
572,2752,2668
617,2739,2704
676,2711,2776
691,2644,2830
736,2647,2961
775,2633,2871
796,2617,2830
801,2590,2786
807,2609,2887
799,2605,2722
782,2580,2752
778,2606,2656
761,2583,2665
767,2594,2599
798,2583,2618
835,2518,2547
857,2474,2626
861,2451,2605
899,2391,2595
955,2364,2587
972,2330,2590
977,2318,2688
1046,2285,2631
1065,2266,2732
1095,2251,2710
1133,2223,2769
1160,2162,2679
1160,2106,2716
1204,2047,2711
1212,2021,2648
1245,1993,2600
1208,1962,2589
1201,2006,2558
1176,2080,2580
1086,2104,2417
1042,2158,2375
948,2268,2283
864,2372,2172
728,2463,2069
622,2585,1919
465,2650,1789
401,2688,1738
231,2773,1703
172,2789,1614
87,2856,1662
84,2905,1804
84,2935,1832
73,2960,1897
98,2982,2108
140,2967,2128
199,2989,2180
219,2944,2238
280,2891,2316
340,2887,2374
396,2855,2342
411,2777,2286
484,2766,2209
484,2703,2155
480,2700,1983
483,2691,2009
532,2663,1993
505,2670,2021
510,2645,1933
478,2633,1976
505,2667,1890
499,2654,2009
544,2647,1998
583,2639,2005
623,2629,2153
664,2552,2183
681,2572,2258
729,2522,2286
801,2478,2305
832,2445,2365
879,2435,2327
887,2339,2370
947,2305,2274
972,2264,2373
1039,2200,2364
1089,2129,2362
1135,2058,2398
1124,2006,2408
1142,1998,2464
1142,1974,2373
1156,1988,2382
1131,2006,2232
1091,2035,2313
1029,2078,2196
993,2144,2144
927,2233,2017
823,2341,1935
746,2358,1812
658,2402,1730
520,2469,1665
476,2490,1370
370,2519,1299
305,2532,1347
266,2560,1294
206,2550,1217
185,2531,1226
205,2511,1149
252,2424,1166
290,2390,1116
363,2302,966
427,2191,1219
490,2129,1278
557,2121,1255
604,2058,1360
630,2061,1396
677,2037,1413
680,2082,1412
686,2102,1458
662,2167,1352
662,2213,1535
636,2260,1476
577,2292,1446
558,2292,1465
483,2392,1434
446,2417,1452
473,2447,1436
410,2486,1499
413,2498,1515
464,2491,1531
455,2450,1481
485,2425,1489
545,2371,1456
573,2305,1456
640,2251,1480
697,2257,1547
736,2200,1641
773,2173,1716
801,2122,1651
860,2099,1743
906,2082,1854
948,2043,1892
948,2005,1921
963,1981,1977
946,1963,1838
935,1971,1784
901,1971,1716
861,1991,1563
815,2058,1574
733,2088,1523
662,2194,1522
586,2270,1445
496,2294,1315
469,2318,1249
382,2335,1215
348,2382,1177
326,2377,1134
282,2406,1128
259,2425,1138
239,2438,1128
255,2422,1165
196,2426,1178
240,2450,1110
202,2471,1066
194,2481,1077
164,2472,972
210,2492,1015
144,2481,1011
173,2488,1148
154,2531,1180
154,2551,1146
122,2628,1247
131,2679,1287
159,2774,1452
160,2812,1388
110,2867,1644
122,2920,1794
115,2951,1837
136,2964,1990
182,2949,2197
256,2897,2314
327,2909,2379
414,2849,2418
456,2795,2361
559,2726,2434
646,2703,2468
767,2637,2574
791,2550,2684
867,2491,2754
886,2437,2607
982,2399,2698
1017,2311,2678
1097,2220,2661
1160,2211,2749
1179,2178,2745
1194,2105,2747
1184,2136,2699
1180,2104,2771
1149,2141,2806
1129,2159,2704
1100,2235,2676
1028,2294,2557
954,2354,2489
894,2416,2534
836,2491,2482
761,2570,2428
697,2588,2283
583,2642,2010
529,2648,1879
484,2667,1887
494,2704,1905
471,2736,1978
424,2741,2038
432,2736,1958
446,2725,1868
423,2723,1854
377,2748,1825
348,2714,1752
350,2736,1715
361,2689,1637
309,2682,1679
295,2674,1588
266,2707,1558
219,2722,1556
203,2789,1513
163,2780,1602
168,2816,1669
176,2865,1771
154,2883,1802
150,2916,1849
116,2904,1913
111,2939,1886
151,2977,1952
221,2938,2010
224,2925,2070
290,2882,2159
349,2798,2171
440,2800,2155
493,2709,2121
558,2679,2054
572,2627,2130
635,2559,2017
654,2527,2062
713,2495,2091
768,2471,2132
746,2428,2235
818,2421,2226
831,2400,2320
836,2387,2361
860,2385,2451
873,2422,2521
829,2463,2471
813,2508,2496
773,2552,2444
687,2610,2483
532,2687,2317
405,2807,2061
257,2881,1933
106,2902,1724
-65,2905,1473
-233,2903,1344
-409,2897,1105
-555,2872,1042
-669,2894,952
-790,2933,929
-871,2929,854
-937,2982,925
-985,3017,1028
-945,3005,1074
-935,3056,1188
-927,3103,1196
-868,3097,1184
-813,3101,1227
-750,3120,1243
-705,3108,1248
-627,3128,1376
-530,3132,1493
-465,3111,1582
-349,3073,1666
-237,3058,1723
-151,3030,1737
-35,2997,1874
108,2941,2009
270,2904,2091
400,2849,2406
547,2792,2466
659,2717,2666
744,2608,2753
855,2519,2784
923,2412,2692
982,2342,2693
1043,2267,2616
1088,2216,2540
1104,2149,2640
1142,2138,2632
1172,2093,2698
1197,1999,2775
1238,2007,2679
1259,2002,2779
1261,2028,2834
1229,2043,2862
1190,2068,2720
1162,2145,2829
1145,2206,2769
1061,2265,2778
1020,2351,2695
929,2420,2682
847,2507,2435
764,2569,2446
623,2653,2235
462,2693,1965
324,2808,1770
192,2808,1641
96,2839,1554
-16,2853,1352
-146,2862,1267
-228,2969,1274
-282,3044,1463
-340,3133,1619
-399,3152,1779
-428,3225,1903
-478,3244,2108
-478,3263,2182
-482,3275,2287
-514,3303,2372
-518,3273,2378
-530,3256,2314
-577,3258,2343
-540,3239,2207
-529,3238,2166
-559,3236,1974
-554,3203,1869
-538,3180,1802
-535,3184,1683
-476,3181,1753
-412,3143,1683
-346,3146,1889
-205,3084,1922
-96,3056,2014
36,2995,2101
205,2940,2222
348,2879,2505
474,2822,2576
606,2733,2529
667,2609,2552
751,2591,2593
823,2498,2520
863,2443,2418
926,2359,2512
955,2297,2505
1013,2286,2421
1023,2181,2420
1044,2171,2324
1030,2121,2419
1017,2145,2394
1015,2139,2404
1012,2212,2216
992,2223,2404
942,2263,2398
906,2383,2445
827,2423,2415
759,2517,2446
657,2629,2373
523,2713,2216
432,2784,2231
290,2870,1905
201,2860,1912
31,2915,1706
-30,2927,1553
-81,2914,1354
-153,2865,1299
-200,2849,1185
-193,2832,1217
-159,2824,1209
-167,2798,1123
-133,2835,1323
-127,2830,1364
-32,2850,1473
35,2822,1580
90,2865,1666
159,2844,1755
240,2846,1827
262,2794,1838
346,2770,1925
374,2745,1989
446,2699,1985
489,2642,1883
566,2551,1893
646,2460,1762
665,2383,1828
714,2344,1859
798,2300,1918
880,2215,1916
949,2186,2170
986,2195,2286
1045,2107,2391
1060,2122,2532
1103,2092,2544
1151,2067,2574
1125,2086,2613
1118,2139,2738
1147,2131,2774
1157,2174,2769
1113,2182,2856
1126,2120,2864
1153,2145,2874
1156,2111,2841
1131,2145,2834
1168,2155,2731
1160,2152,2712
1101,2185,2571
1045,2212,2454
991,2247,2414
922,2307,2284
849,2343,2108
748,2402,2042
688,2448,1967
623,2470,1812
562,2437,1668
482,2418,1443
466,2399,1431
413,2456,1445
394,2509,1549
407,2586,1689
415,2668,1828
401,2730,1754
380,2707,1819
403,2719,1899
382,2718,1874
419,2684,1712
391,2703,1825
372,2668,1828
448,2697,1775
427,2622,1733
430,2651,1731
403,2646,1721
448,2642,1769
477,2637,1753
447,2601,1797
464,2627,1935
501,2642,1910
556,2628,1981
583,2609,2036
607,2567,2139
672,2549,2190
748,2486,2189
798,2457,2231
808,2400,2294
886,2373,2445
884,2320,2485
947,2312,2316
952,2277,2437
969,2237,2421
998,2203,2411
1035,2136,2467
1054,2161,2505
1066,2151,2337
1111,2125,2494
1072,2143,2549
1104,2176,2537
1065,2217,2471
1021,2244,2447
931,2244,2402
951,2289,2286
832,2320,2192
789,2351,1961
676,2397,1781
623,2424,1622
497,2378,1432
369,2328,1305
308,2250,1090
161,2244,965
82,2324,925
-5,2419,902
-66,2580,896
-61,2645,1084
-96,2784,1244
-110,2851,1294
-96,2879,1353
-107,2880,1451
-121,2958,1565
-97,2968,1588
-77,2966,1715
-65,2987,1644
-91,2988,1743
-48,3017,1787
-47,3034,1783
-61,3037,1891
-13,3012,1904
11,3010,1939
21,2988,1960
88,2993,2022
143,2985,1974
155,2935,2138
220,2929,2138
301,2865,2173
408,2817,2145
520,2724,2286
598,2666,2471
675,2616,2528
748,2580,2670
807,2520,2570
811,2496,2808
887,2437,2850
904,2439,2790
931,2380,2780
975,2380,2820
1010,2326,2849
1017,2301,2745
1013,2299,2828
1023,2302,2777
1025,2298,2788
984,2306,2675
962,2378,2751
955,2373,2726
914,2410,2639
873,2437,2600
786,2479,2457
724,2573,2409
599,2657,2211
473,2639,1945
436,2679,1793
290,2694,1597
145,2688,1384
24,2733,1221
-131,2780,1181
-253,2858,1094
-383,2912,1167
-452,2976,1206
-533,3007,1140
-589,3002,1173
-684,3014,1236
-645,3019,1183
-731,3014,1065
-719,3033,1116
-717,3059,1203
-702,3035,1247
-707,3104,1274
-659,3124,1285
-657,3132,1410
-564,3135,1500
-564,3153,1538
-510,3159,1697
-453,3157,1714
-392,3171,1864
-317,3172,1806
-231,3139,1987
-87,3137,1920
33,3060,2123
126,2981,2305
257,2934,2284
369,2844,2296
508,2788,2403
564,2707,2515
656,2653,2464
678,2614,2575
743,2567,2481
770,2557,2644
839,2512,2735
868,2499,2835
937,2464,2961
950,2479,3080
945,2451,3089
982,2398,3182
985,2397,3294
980,2429,3201
937,2456,3359
932,2482,3448
897,2482,3409
884,2554,3346
784,2615,3253
742,2684,3121
643,2741,3018
599,2764,2782
471,2789,2456
362,2851,2204
243,2863,1925
156,2886,1745
70,2967,1696
-61,3022,1726
-178,3066,1733
-305,3119,1755
-375,3182,1811
-462,3201,1851
-514,3238,1960
-525,3233,1915
-616,3281,1889
-601,3216,1927
-634,3226,1891
-613,3260,1914
-583,3252,1917
-618,3282,2024
-577,3296,1971
-545,3285,2134
-507,3268,2272
-496,3264,2314
-413,3230,2278
-384,3221,2356
-271,3212,2421
-226,3167,2488
-160,3188,2506
-22,3139,2536
115,3090,2658
193,3048,2729
277,2986,2922
404,2903,3042
489,2886,3134
558,2791,3290
595,2749,3338
653,2716,3469
681,2663,3484
775,2615,3451
795,2572,3432
857,2571,3467
892,2523,3509
910,2452,3526
926,2464,3467
922,2457,3551
944,2474,3518
928,2456,3509
910,2477,3549
870,2508,3416
827,2559,3432
774,2572,3288
680,2699,3170
591,2755,2910
488,2834,2770
348,2889,2591
237,2976,2352
111,2985,2219
-48,3040,2042
-208,3090,1903
-289,3118,1802
-398,3181,1805
-475,3180,1827
-571,3168,1763
-607,3193,1744
-661,3203,1733
-650,3261,1901
-681,3229,1798
-698,3230,1886
-668,3254,1907
-638,3275,1988
-554,3279,2181
-554,3250,2290
-499,3256,2419
-433,3229,2523
-380,3257,2515
-283,3204,2625
-164,3138,2755
-2,3092,2869
104,3043,2899
334,2936,3003
431,2859,3051
590,2753,3069
714,2694,3169
790,2560,3075
929,2441,3256
1019,2369,3334
1102,2281,3294
1166,2226,3337
1170,2169,3396
1264,2094,3426
1290,2050,3441
1313,1995,3545
1354,1988,3531
1398,1905,3634
1393,1885,3682
1414,1888,3684
1415,1864,3717
1423,1846,3842
1391,1880,3808
1387,1931,3954
1312,1988,3874
1281,2048,3828
1215,2114,3760
1158,2199,3622
1075,2319,3343
952,2414,3247
828,2544,2994
691,2649,2807
560,2725,2657
417,2799,2553
299,2873,2286
182,2967,2350
80,3035,2258
-28,3073,2268
-132,3139,2275
-190,3148,2239
-256,3175,2170
-324,3190,2187
-350,3201,2241
-343,3211,2177
-358,3209,2290
-375,3198,2333
-342,3179,2248
-354,3182,2376
-299,3162,2369
-277,3151,2411
-243,3164,2354
-177,3103,2326
-112,3083,2385
-30,3060,2458
39,3002,2448
181,2947,2545
307,2896,2548
406,2815,2667
531,2783,2671
655,2708,2786
784,2573,2907
903,2481,2973
941,2415,2884
1008,2370,2791
1039,2301,2744
1043,2249,2753
1053,2195,2718
1089,2123,2698
1104,2081,2721
1167,2046,2740
1200,1995,2854
1216,1996,2799
1233,2044,3018
1197,2101,3039
1200,2099,3012
1195,2144,3049
1147,2206,3065
1124,2254,3040
1050,2356,2968
953,2408,2912
832,2518,2912
738,2606,2914
630,2723,2804
534,2788,2772
443,2883,2774
325,2942,2760
260,2985,2801
187,3015,2880
96,3021,2855
43,3044,3030
25,3094,2994
2,3089,2997
-16,3088,3006
-41,3129,2859
-38,3125,2794
-44,3097,2623
-76,3083,2540
-46,3074,2352
-21,3036,2038
-61,3021,2103
-33,3004,1892
-10,2960,1826
16,2910,1724
87,2882,1758
108,2826,1847
201,2838,1813
272,2830,1889
311,2794,1913
385,2751,2001
425,2750,2092
549,2703,2239
659,2656,2359
713,2571,2446
787,2568,2452
825,2486,2523
872,2450,2484
894,2374,2383
913,2326,2451
923,2327,2463
959,2238,2519
975,2239,2483
1028,2200,2564
1094,2208,2652
1118,2179,2712
1125,2183,2829
1089,2189,2766
1076,2173,2984
1113,2240,3057
1075,2278,3129
1065,2322,3118
1008,2351,3153
982,2421,3112
894,2478,2949
836,2567,2900
726,2614,2740
597,2707,2452
479,2776,2299
337,2834,2195
245,2895,2133
142,2965,2038
27,3016,2090
-126,3086,2136
-205,3141,2203
-293,3172,2244
-385,3256,2314
-478,3230,2267
-526,3234,2253
-538,3233,2243
-552,3255,2271
-497,3246,2211
-556,3230,2181
-562,3244,2145
-498,3215,2155
-496,3225,2167
-434,3194,2129
-352,3192,2226
-259,3123,2223
-187,3095,2155
-109,3075,2220
-22,3019,2302
130,2970,2332
233,2962,2414
342,2896,2510
454,2790,2573
540,2737,2795
659,2679,2909
759,2590,3098
825,2561,3260
888,2465,3283
930,2448,3443
979,2377,3462
1054,2335,3474
1105,2310,3462
1111,2279,3346
1164,2229,3358
1177,2214,3380
1204,2173,3329
1210,2158,3234
1177,2142,3279
1187,2158,3203
1140,2155,3171
1177,2190,3168
1091,2265,3058
1021,2345,3046
942,2387,2959
886,2453,2828
754,2555,2646
666,2614,2412
556,2629,2245
397,2668,1858
255,2669,1628
81,2773,1476
-113,2843,1326
-270,2891,1376
-356,2959,1369
-520,3045,1523
-609,3099,1669
-664,3184,1639
-775,3118,1632
-818,3209,1764
-811,3168,1799
-837,3162,1739
-823,3174,1775
-820,3191,1738
-775,3172,1753
-787,3148,1746
-706,3141,1800
-621,3115,1646
-509,3093,1797
-415,3066,1782
-298,3051,1920
-188,2984,1932
-45,2997,2086
99,2890,2182
232,2827,2284
362,2760,2274
527,2682,2264
633,2588,2394
706,2501,2602
788,2400,2621
845,2372,2705
917,2311,2716
970,2288,2858
991,2254,2929
1045,2238,3022
1078,2215,3082
1115,2171,3243
1095,2150,3372
1104,2148,3443
1146,2160,3413
1164,2156,3535
1150,2184,3566
1112,2213,3521
1085,2235,3430
1026,2298,3399
969,2347,3348
894,2385,3222
846,2402,3167
778,2526,3013
688,2639,2957
544,2683,2819
441,2797,2655
303,2853,2432
151,2927,2152
65,3020,2193
-76,3013,2181
-185,3037,2182
-267,3116,2249
-352,3130,2371
-448,3156,2319
-529,3130,2387
-534,3143,2263
-563,3132,2294
-563,3153,2376
-546,3126,2330
-553,3154,2249
-542,3103,2234
-496,3097,2161
-462,3094,2124
-395,3088,2171
-355,3038,2197
-273,3058,2238
-240,3015,2260
-107,3022,2351
-40,2989,2374
67,2983,2559
205,2912,2606
299,2827,2592
426,2763,2600
503,2676,2577
593,2611,2523
695,2503,2470
747,2445,2367
751,2368,2368
823,2276,2286
804,2255,2240
863,2213,2262
911,2140,2267
952,2086,2179
961,2026,2292
1039,2009,2263
1035,1991,2420
1042,2003,2549
1071,2074,2609
1056,2064,2720
1093,2111,2745
1045,2162,2788
1080,2207,2796
1018,2240,2763
932,2301,2593
891,2380,2525
760,2438,2398
684,2445,2190
581,2516,1907
445,2537,1602
347,2489,1364
180,2451,1133
103,2386,1040
-34,2386,903
-106,2448,861
-177,2453,824
-212,2480,850
-251,2551,768
-231,2606,944
-246,2701,989
-199,2717,1023
-213,2806,1182
-146,2856,1238
-115,2888,1487
-33,2894,1709
7,2909,1766
82,2918,1858
109,2921,1991
180,2888,2125
223,2903,2185
307,2854,2172
372,2796,2167
445,2780,2127
455,2693,2214
500,2668,2190
635,2575,2210
727,2491,2249
839,2404,2312
909,2310,2410
950,2245,2388
1025,2192,2363
1021,2130,2365
1087,2111,2472
1097,2058,2462
1105,2012,2539
1132,2023,2593
1186,1946,2724
1201,1974,2737
1234,1969,2827
1241,1972,2696
1271,1956,2872
1285,1964,2874
1238,1989,2817
1228,2006,2732
1171,2084,2602
1133,2114,2494
1053,2142,2262
929,2163,2150
834,2196,1837
712,2232,1621
614,2233,1477
506,2165,1239
428,2120,1114
332,2059,958
235,1993,856
190,1965,901
95,2060,885
157,2244,966
165,2367,1082
206,2481,1141
250,2599,1367
255,2669,1589
335,2769,1829
384,2822,2071
404,2833,2419
429,2837,2563
485,2847,2817
500,2806,2878
512,2803,3028
507,2806,3044
497,2806,3112
534,2793,3060
539,2777,2926
550,2755,2808
562,2781,2790
595,2767,2658
658,2744,2573
685,2664,2637
717,2611,2562
776,2597,2663
806,2522,2781
922,2514,2885
943,2463,2964
989,2443,3131
1051,2391,3229
1066,2369,3404
1120,2341,3539
1134,2263,3527
1175,2277,3667
1243,2208,3652
1313,2166,3646
1276,2116,3665
1332,2083,3501
1364,2008,3578
1328,2051,3468
1353,2034,3501
1320,2014,3245
1273,2033,3092
1225,2066,2901
1158,2124,2744
1150,2148,2535
1007,2162,2321
939,2183,2033
855,2176,1728
729,2177,1657
651,2191,1551
541,2144,1360
445,2194,1273
400,2237,1289
392,2382,1290
340,2502,1374
326,2556,1380
312,2620,1449
280,2714,1559
270,2722,1653
284,2794,1765
324,2798,1816
285,2878,1905
333,2837,1980
339,2861,1983
317,2832,2057
371,2824,2010
412,2815,2051
390,2791,2177
433,2790,2079
454,2766,2107
472,2697,2107
501,2719,2059
608,2650,2143
655,2594,2192
700,2524,2073
843,2416,2345
906,2320,2521
1005,2275,2530
1090,2188,2639
1148,2132,2741
1186,2086,2773
1221,2016,2844
1260,1987,2784
1289,1926,2843
1303,1857,3035
1366,1797,2988
1404,1751,3063
1452,1696,3026
1468,1617,3158
1495,1636,3241
1515,1599,3222
1511,1612,3239
1490,1605,3260
1487,1621,3263
1466,1674,3218
1430,1734,3045
1398,1732,3023
1372,1824,2888
1287,1871,2648
1229,1887,2417
1166,1865,2362
1045,1899,2058
969,1918,1942
875,2015,1832
813,2160,1982
726,2355,2056
675,2527,2261
633,2695,2414
549,2783,2623
474,2800,2888
388,2860,2983
354,2898,2987
368,2892,2978
310,2953,2899
264,2946,2785
246,2935,2556
266,2913,2452
210,2906,2151
238,2887,2052
221,2877,1948
228,2837,1938
240,2867,1899
282,2814,1873
318,2804,1834
351,2786,1919
370,2745,1940
381,2758,1971
421,2730,2096
473,2676,2143
585,2585,2142
633,2563,2198
703,2515,2173
759,2435,2151
792,2390,2146
851,2358,2168
877,2333,2190
910,2299,2180
910,2307,2227
991,2272,2205
981,2265,2417
992,2274,2512
1011,2246,2575
1044,2274,2689
1063,2266,2749
1053,2275,2887
1003,2311,2919
989,2333,2859
936,2395,2701
854,2476,2702
760,2558,2589
687,2616,2458
614,2664,2315
454,2712,2113
306,2750,1811
223,2751,1611
88,2798,1460
31,2803,1306
-110,2806,1276
-209,2836,1195
-313,2903,1137
-446,2955,1086
-519,2961,1104
-596,2972,1147
-661,2995,1068
-719,3021,1096
-741,3028,1005
-761,3094,1177
-722,3102,1218
-762,3133,1302
-698,3140,1497
-711,3163,1488
-657,3208,1640
-644,3236,1731
-552,3216,1929
-499,3229,1885
-369,3225,2122
-294,3185,2333
-172,3178,2442
-73,3125,2534
93,3067,2512
198,3009,2549
349,2951,2524
477,2849,2563
608,2730,2425
708,2630,2415
792,2516,2344
832,2459,2269
857,2380,2244
865,2332,2043
879,2276,2133
921,2217,2206
959,2205,2239
983,2156,2286
1022,2154,2391
996,2214,2342
1010,2205,2477
1035,2232,2575
1002,2253,2594
999,2353,2596
970,2399,2546
866,2421,2495
791,2479,2393
726,2564,2245
572,2591,2104
505,2641,1888
382,2681,1707
247,2764,1527
140,2724,1447
49,2733,1266
-24,2668,1116
-115,2612,1008
-144,2565,899
-129,2526,812
-184,2475,775
-116,2404,850
-65,2382,913
40,2378,926
108,2362,965
162,2383,1136
218,2416,1291
303,2453,1306
316,2522,1489
402,2553,1614
410,2572,1722
460,2618,1796
494,2664,1925
535,2659,1999
507,2692,1968
546,2649,2073
553,2620,1982
584,2600,2089
548,2639,1993
605,2605,2053
656,2589,2136
708,2551,2149
772,2477,2255
808,2462,2306
878,2446,2373
958,2378,2413
975,2353,2595
1026,2300,2653
1080,2307,2647
1098,2278,2797
1125,2236,2764
1162,2214,2767
1179,2159,2744
1205,2122,2720
1218,2098,2775
1218,2076,2724
1195,2063,2773
1180,2054,2751
1149,2101,2638
1129,2136,2555
1012,2219,2414
939,2298,2260
832,2325,2122
707,2363,1785
581,2492,1719
412,2521,1421
273,2550,1283
135,2508,1167
17,2484,978
-164,2498,869
-267,2500,769
-346,2570,729
-442,2606,651
-504,2732,731
-538,2851,892
-486,2956,1108
-439,3025,1254
-398,3091,1615
-332,3161,1810
-217,3152,2109
-189,3161,2446
-94,3172,2657
-38,3111,2858
33,3089,2943
93,3058,3053
120,3019,3104
208,3010,3023
297,2993,3006
340,2944,3020
369,2889,2995
414,2901,2832
472,2853,2903
508,2806,2977
605,2767,2940
720,2663,2988
745,2650,3041
816,2596,3163
890,2508,3187
946,2462,3155
987,2430,3203
990,2406,3209
1005,2342,3265
1071,2367,3297
1080,2320,3202
1081,2302,3162
1124,2275,3216
1175,2251,3178
1137,2233,3186
1158,2220,3196
1133,2207,3040
1141,2265,3080
1140,2276,3114
1068,2350,3069
1011,2364,2921
952,2473,2792
834,2528,2590
703,2615,2305
563,2620,1938
376,2644,1561
253,2599,1334
75,2604,1092
-67,2595,954
-185,2493,752
-341,2467,642
-404,2404,538
-458,2376,522
-484,2376,515
-445,2368,437
-386,2414,621
-315,2463,616
-227,2509,685
-158,2588,794
-72,2632,965
55,2662,1226
130,2687,1331
239,2764,1561
295,2770,1647
355,2791,1895
448,2761,2073
493,2751,2185
534,2762,2251
570,2743,2247
605,2706,2371
629,2686,2343
691,2643,2399
720,2558,2310
783,2531,2351
828,2495,2336
809,2492,2423
883,2454,2471
914,2442,2452
904,2404,2457
954,2351,2479
996,2352,2610
1001,2322,2551
1043,2312,2651
1055,2310,2713
1065,2308,2895
1102,2296,2945
1103,2272,3099
1130,2248,2988
1112,2251,3016
1112,2264,3015
1060,2271,2721
993,2291,2703
967,2313,2420
878,2345,2020
741,2300,1761
576,2234,1392
425,2158,1145
220,2027,819
14,1896,670
-164,1819,431
-325,1734,386
-537,1704,401
-591,1676,361
-708,1667,319
-753,1738,310
-821,1854,357
-813,1915,304
-764,2046,277
-765,2210,201
-655,2372,400
-607,2549,555
-465,2702,670
-356,2809,991
-236,2897,1209
-147,3003,1499
-55,3010,1774
56,3022,2042
162,2996,2222
255,2959,2361
317,2899,2479
429,2864,2416
499,2827,2480
555,2780,2450
629,2666,2393
718,2568,2482
814,2504,2420
861,2444,2493
907,2341,2618
1002,2325,2677
1097,2194,2621
1119,2176,2678
1157,2119,2719
1228,2011,2697
1266,1974,2874
1296,1921,2801
1331,1888,2917
1389,1855,2925
1401,1803,2912
1406,1778,3080
1417,1770,3159
1435,1753,3084
1434,1736,3117
1410,1769,2991
1401,1841,3004
1333,1858,2914
1274,1954,2699
1228,1998,2627
1136,2053,2416
1076,2162,2285
930,2192,2089
859,2240,1941
721,2285,1764
627,2303,1581
539,2311,1424
402,2337,1309
289,2360,1088
211,2316,924
142,2282,902
68,2249,782
40,2251,779
-71,2253,705
-95,2305,729
-121,2371,739
-131,2414,769
-140,2493,834
-160,2589,906
-145,2673,908
-133,2701,970
-101,2782,1149
-78,2819,1277
-34,2889,1350
-13,2931,1481
16,2898,1454
93,2888,1753
113,2892,1678
175,2901,1858
255,2842,1941
332,2772,1995
510,2707,2061
587,2691,2240
649,2579,2284
721,2534,2292
797,2471,2351
859,2411,2373
926,2325,2300
938,2255,2251
969,2232,2224
1014,2139,2348
1073,2086,2351
1121,2029,2366
1173,1990,2499
1182,1978,2583
1189,1993,2594
1189,1980,2526
1187,2043,2528
1134,2089,2427
1072,2158,2407
1027,2195,2289
929,2227,2275
858,2340,2035
769,2447,1985
684,2498,2036
596,2545,1925
521,2597,1912
434,2645,1839
389,2639,1694
306,2699,1712
229,2792,1640
174,2801,1506
117,2875,1596
62,2934,1707
-24,2989,1736
-76,3011,1709
-131,3044,1750
-208,3077,1723
-224,3114,1710
-242,3118,1678
-271,3082,1783
-242,3135,1771
-258,3105,1787
-246,3112,1792
-212,3099,1813
-192,3083,1854
-153,3096,1814
-129,3042,2003
-53,3102,2078
11,3017,2021
107,2983,2099
269,2899,2159
364,2866,2309
493,2794,2415
565,2707,2397
680,2598,2454
801,2529,2545
885,2463,2512
864,2393,2365
920,2365,2305
920,2297,2241
942,2242,2242
922,2210,2200
