-17,30,8
-19,33,5
-18,33,5
-15,35,2
-19,33,5
-24,34,6
-26,34,4
-27,31,3
-24,29,4
-25,27,5
-30,30,5
-33,30,7
-28,31,9
-26,32,9
-25,32,8
-24,29,6
-25,25,9
-31,23,10
-26,23,10
-24,22,11
-21,21,10
-25,20,9
-22,21,8
-17,25,9
-13,25,11
-13,23,9
-14,21,10
-11,23,9
-9,21,13
-10,20,10
-10,20,12
-9,19,13
-5,18,11
-3,21,8
-1,20,11
5,18,13
3,25,15
1,27,17
8,25,14
8,29,24
10,39,35
17,31,23
13,17,12
10,10,8
23,19,11
31,30,15
27,35,17
21,37,13
18,32,13
25,30,12
24,27,13
24,26,13
23,27,11
24,24,10
28,26,11
29,28,6
26,27,6
26,28,10
24,25,8
24,22,8
24,25,6
22,25,6
24,23,5
21,23,9
20,22,13
17,24,11
9,32,19
14,40,26
18,37,21
5,24,11
5,19,2
16,22,4
23,30,8
16,28,9
9,26,10
7,22,10
6,22,10
4,23,8
5,23,11
0,34,23
3,52,40
16,44,33
12,28,24
7,22,13
8,32,9
19,50,13
20,62,14
16,65,13
16,67,19
16,67,18
9,65,18
5,69,24
11,83,33
10,89,37
17,91,35
7,89,32
5,93,28
14,99,23
14,111,21
13,121,25
10,131,23
7,127,18
5,125,19
0,125,19
0,129,21
2,133,25
-6,131,25
-10,135,22
-3,133,22
-2,134,23
-1,129,24
-1,127,23
-5,125,21
-2,124,24
-3,119,27
-7,119,27
-9,122,26
-10,121,31
-16,135,45
-17,155,59
-1,156,54
-19,122,28
-32,112,22
-18,133,35
-20,146,35
-30,144,32
-39,138,26
-45,135,29
-49,141,30
-50,141,30
-54,139,30
-59,140,33
-63,138,36
-67,132,35
-70,128,33
-73,127,31
-77,121,28
-78,118,31
-81,116,32
-83,111,37
-84,111,37
-83,110,38
-86,105,36
-94,100,35
-92,93,38
-88,81,28
-96,72,15
-91,67,8
-82,70,15
-80,75,19
-84,72,15
-96,57,9
-98,34,4
-96,25,2
-92,22,0
-87,24,0
-85,27,0
-85,20,-2
-78,14,-4
-79,10,-3
-77,4,-6
-74,-2,-8
-72,-4,-7
-74,-3,-7
-74,-9,-9
-73,-12,-9
-71,-12,-11
-69,-11,-13
-70,-14,-12
-67,-18,-14
-66,-17,-14
-65,-17,-12
-67,-15,-12
-67,-13,-10
-66,-9,-11
-65,-5,-11
-66,1,-10
-67,4,-11
-66,2,-10
-66,2,-8
-69,8,2
-62,12,3
-61,7,-1
-65,1,-4
-62,3,-2
-61,11,6
-62,16,6
-64,22,6
-67,22,5
-64,25,8
-61,25,13
-61,22,18
-61,16,18
-63,13,17
-64,7,15
-61,12,13
-56,18,14
-59,22,12
-59,26,12
-53,31,12
-57,33,8
-58,39,5
-57,40,4
-57,46,5
-58,53,0
-62,63,-4
-60,68,-3
-61,73,-2
-62,81,-4
-60,87,-3
-60,94,3
-63,106,12
-59,122,21
-54,143,32
-44,163,50
-20,178,63
-18,164,61
-36,136,61
-23,141,92
-12,159,118
-38,116,95
-39,69,80
0,58,76
43,65,74
67,65,60
55,44,46
60,30,45
76,18,45
92,-5,38
87,-21,28
90,-10,27
106,11,33
122,32,43
142,53,52
166,58,58
177,44,64
187,21,67
194,-13,73
202,-49,82
230,-73,88
261,-101,92
265,-125,97
268,-138,104
270,-155,101
262,-170,103
273,-162,127
303,-156,147
317,-204,133
296,-289,111
250,-334,104
219,-311,113
215,-260,110
226,-233,74
236,-213,40
251,-172,21
257,-111,14
249,-64,12
235,-23,20
218,10,21
204,40,22
201,53,21
207,52,17
207,46,16
211,36,9
207,26,5
198,18,3
193,7,1
190,-8,1
185,-14,1
178,-19,0
169,-27,-1
160,-30,-5
158,-35,-4
153,-33,-5
148,-29,-4
143,-26,-6
139,-24,-5
140,-26,-6
132,-25,-5
121,-21,1
120,-13,-1
119,-6,0
109,-1,2
102,4,1
94,3,4
85,-4,4
73,-9,4
61,-8,5
46,-8,4
36,-3,4
28,3,4
17,5,2
3,5,-1
-5,7,-2
-15,9,-1
-27,8,0
-49,10,-2
-58,15,1
-62,21,3
-67,24,9
-80,17,6
-92,10,6
-100,5,8
-114,7,7
-130,7,4
-151,12,10
-172,21,16
-192,25,14
-213,25,6
-227,25,7
-236,26,6
-247,22,5
-262,13,-1
-272,14,1
-285,10,2
-303,3,1
-316,-2,-4
-326,-6,-8
-335,-9,-11
-346,-12,-15
-350,-12,-21
-359,-5,-21
-361,-2,-23
-364,3,-26
-368,12,-28
-372,22,-29
-379,32,-27
-386,44,-29
-386,54,-30
-388,61,-26
-390,67,-27
-382,73,-29
-383,82,-24
-380,86,-22
-379,88,-18
-383,83,-25
-415,51,-30
-428,-13,-10
-381,-9,39
-297,54,58
-221,115,30
-153,209,-19
-91,310,-28
-52,340,21
-58,265,78
-124,96,120
-177,-96,126
-189,-245,108
-180,-312,89
-189,-302,74
-197,-245,59
-204,-141,45
-205,-8,35
-187,144,25
-173,275,23
-164,348,27
-167,364,20
-170,335,17
-179,286,13
-181,233,9
-180,187,13
-176,146,19
-168,112,22
-149,72,17
-138,29,11
-128,-10,6
-115,-44,6
-114,-64,7
-107,-70,10
-104,-70,11
-100,-65,4
-97,-58,0
-85,-43,-1
-78,-31,-2
-68,-24,-7
-60,-26,-10
-57,-34,-15
-55,-45,-18
-47,-52,-24
-31,-60,-29
-23,-64,-36
-18,-65,-36
-11,-65,-37
6,-64,-37
8,-64,-38
14,-64,-37
21,-66,-37
29,-68,-32
39,-70,-29
41,-70,-26
52,-70,-17
57,-71,-16
60,-74,-12
69,-75,-11
80,-79,-7
85,-84,-1
94,-92,0
97,-99,2
99,-103,5
105,-111,8
111,-119,13
116,-126,14
113,-127,17
109,-124,18
109,-119,21
107,-121,23
109,-119,25
104,-113,28
99,-114,32
95,-109,33
93,-106,33
84,-102,36
67,-100,38
55,-101,42
48,-100,46
36,-106,49
20,-105,54
-1,-103,62
-15,-105,71
-27,-109,79
-44,-115,87
-56,-119,96
-68,-126,107
-79,-130,119
-94,-135,127
-110,-139,135
-122,-146,144
-134,-155,153
-151,-158,163
-159,-162,168
-165,-166,179
-171,-169,185
-172,-173,189
-169,-172,194
-170,-164,192
-169,-158,192
-163,-160,189
-155,-159,188
-140,-166,186
-132,-165,188
-125,-170,189
-116,-174,185
-114,-175,185
-110,-173,185
-105,-167,183
-105,-165,184
-97,-166,186
-87,-162,191
-82,-148,189
-79,-130,185
-75,-108,177
-70,-89,172
-66,-73,165
-65,-62,158
-63,-49,149
-64,-37,145
-60,-25,138
-56,-14,127
-55,-7,114
-54,-3,100
-47,10,84
-35,18,72
-26,27,57
-17,34,46
-6,44,35
4,47,24
11,49,14
22,45,6
31,37,1
40,33,-2
49,26,-8
55,21,-12
69,18,-17
77,16,-19
84,15,-17
96,26,-18
105,36,-16
109,47,-13
111,58,-15
116,65,-12
123,70,-12
123,77,-10
122,84,-7
123,86,-7
119,92,-11
114,99,-11
110,106,-9
108,109,-11
102,115,-9
99,118,-9
99,123,-10
96,129,-12
96,130,-13
95,131,-12
89,129,-9
86,128,-12
82,124,-9
83,119,-11
81,115,-9
79,113,-10
74,109,-9
70,107,-10
66,108,-8
54,105,-8
45,105,-10
42,103,-8
40,107,-8
34,109,-6
33,110,-5
28,115,-5
25,119,-5
19,121,-7
15,122,-9
7,126,-9
-2,123,-12
-8,119,-14
-21,115,-18
-20,109,-18
-24,99,-20
-32,91,-23
-36,87,-21
-39,90,-22
-47,86,-21
-49,82,-24
-52,79,-22
-52,71,-22
-53,64,-24
-60,59,-25
-62,54,-22
-63,52,-19
-65,52,-19
-66,53,-18
-65,52,-16
-63,55,-18
-65,53,-19
-67,47,-18
-72,45,-18
-73,44,-16
-69,43,-13
-68,43,-16
-67,38,-21
-63,34,-24
-66,36,-25
-66,38,-23
-64,37,-22
-62,34,-23
-62,38,-24
-61,37,-23
-60,31,-24
-59,28,-25
-60,22,-23
-56,19,-24
-56,15,-23
-55,13,-23
-56,13,-23
-54,7,-25
-52,10,-28
-44,16,-30
-40,17,-30
-34,12,-27
-30,9,-31
-23,4,-32
-17,1,-32
-17,-3,-35
-13,-7,-35
-15,-12,-35
-11,-12,-33
-5,-10,-35
-4,-13,-37
1,-14,-32
1,-16,-34
6,-19,-41
12,-20,-43
17,-18,-44
23,-19,-45
25,-16,-45
29,-11,-48
33,-10,-51
33,-6,-52
37,-2,-53
40,3,-59
42,5,-64
46,3,-71
46,-2,-73
49,-7,-77
53,-9,-81
57,-9,-87
60,-6,-90
67,-4,-91
65,-3,-94
66,-5,-92
75,-9,-93
78,-17,-97
78,-21,-96
74,-20,-94
77,-18,-94
81,-19,-90
83,-12,-93
82,-16,-92
85,-16,-91
89,-12,-86
89,-3,-83
94,3,-79
96,10,-78
92,12,-79
94,12,-78
94,9,-75
97,-1,-70
98,-1,-65
107,-2,-62
108,0,-61
111,6,-63
113,13,-66
115,13,-65
117,13,-65
116,17,-65
114,15,-68
117,14,-66
123,13,-66
127,12,-65
125,10,-63
124,15,-60
123,16,-59
125,19,-59
130,23,-56
132,23,-54
134,25,-60
131,29,-55
128,31,-51
127,31,-52
135,33,-52
132,33,-52
132,37,-51
136,35,-47
135,38,-47
135,46,-43
142,50,-38
145,52,-37
144,48,-33
146,48,-30
147,47,-23
147,47,-17
151,48,-14
149,52,-7
147,52,-5
145,52,-3
149,48,3
146,51,5
148,56,9
153,58,11
149,61,17
147,65,21
145,67,24
145,69,28
140,66,31
137,61,32
127,57,35
125,53,39
126,53,39
129,58,42
123,62,43
118,66,42
117,69,41
118,69,37
119,72,37
120,71,34
120,61,32
121,49,35
111,40,36
106,34,34
106,27,37
107,28,40
105,33,40
104,35,41
101,32,42
95,36,41
96,39,45
96,38,47
92,41,50
90,41,52
86,44,51
84,51,54
84,58,49
81,63,47
79,65,48
74,62,51
66,61,53
63,58,49
62,58,46
59,61,46
57,63,48
60,60,43
62,62,43
61,63,45
54,59,44
52,54,42
50,55,39
47,53,38
50,55,37
47,58,38
47,56,35
47,52,33
46,45,32
49,37,28
49,27,19
44,19,16
40,13,13
38,16,11
40,14,12
37,10,12
35,6,13
35,7,8
37,5,8
34,-1,7
29,-6,4
27,-10,6
23,-6,11
23,1,14
21,6,12
20,6,7
16,5,9
18,1,11
19,-4,14
18,-9,10
16,-13,9
13,-21,11
8,-28,10
3,-34,10
0,-31,11
-3,-27,13
-6,-18,10
-10,-13,9
-13,-14,11
-19,-16,9
-24,-17,11
-24,-19,10
-29,-21,9
-28,-20,5
-27,-21,4
-30,-24,6
-30,-28,7
-31,-30,5
-32,-31,5
-29,-35,6
-27,-41,4
-27,-41,2
-29,-42,-2
-28,-41,-1
-28,-37,-1
-23,-35,-3
-24,-32,-2
-17,-31,-2
-21,-33,-5
-23,-32,-5
-20,-32,-3
-16,-29,-7
-17,-27,-6
-15,-24,-5
-10,-21,-7
-10,-17,-4
-7,-13,-5
-6,-9,-4
1,-12,-1
3,-10,-3
5,-10,-1
7,-8,3
12,-4,2
14,-4,2
17,1,3
19,1,3
23,-1,4
27,1,6
34,2,9
37,1,9
38,6,7
44,4,9
47,1,12
51,-1,12
57,0,14
56,2,16
62,2,17
58,1,17
61,-1,18
61,-5,15
67,-7,16
72,-8,16
74,-9,17
69,-13,15
65,-14,17
67,-12,18
66,-8,14
64,-2,11
62,-3,10
57,-6,10
55,-6,7
54,-14,5
47,-16,5
45,-14,8
45,-9,5
45,-3,7
44,3,7
37,6,8
29,3,7
26,0,12
27,2,11
19,5,15
21,9,15
21,12,19
20,13,13
17,17,15
12,15,14
8,12,12
2,9,11
1,5,11
4,2,12
2,7,14
-1,10,15
-1,12,14
-5,17,16
-9,18,15
-8,17,17
-7,18,18
-6,17,15
-8,14,14
-9,9,11
-10,7,13
-8,5,13
-7,3,10
-10,1,8
-15,0,11
-11,1,14
-10,4,13
-13,2,13
-13,0,14
-13,-2,12
-16,-5,12
-18,-6,11
-19,-8,11
-18,-7,9
-26,-7,7
-26,-8,6
-27,-11,6
-31,-10,5
-30,-10,5
-32,-6,4
-36,-1,6
-43,6,8
-41,13,6
-42,16,4
-40,20,4
-43,21,4
-47,23,8
-50,22,9
-48,20,10
-45,23,11
-45,29,14
-44,29,15
-44,35,17
-45,41,20
-44,46,23
-42,47,23
-44,48,24
-48,46,22
-50,44,25
-51,44,25
-50,49,26
-48,51,23
-47,51,26
-53,50,24
-55,49,25
-58,48,22
-58,49,20
-59,48,19
-61,49,18
-60,53,14
-61,51,12
-62,48,11
-64,46,10
-63,45,10
-61,45,10
-63,40,8
-64,33,5
-64,31,5
-65,27,3
-67,23,2
-71,24,4
-71,22,2
-72,25,-1
-72,24,-3
-72,24,-4
-72,23,-1
-74,24,-1
-75,27,-3
-74,27,-4
-71,27,-9
-73,25,-5
-72,24,-5
-70,22,-7
-67,23,-8
-66,19,-9
-66,15,-8
-66,10,-9
-65,6,-10
-63,2,-9
-63,0,-8
-60,-2,-10
-58,-3,-9
-59,-5,-9
-59,-9,-10
-55,-10,-9
-52,-6,-8
-53,-3,-6
-53,1,-3
-50,0,-4
-47,2,-2
-46,3,-1
-42,7,0
-42,6,1
-45,10,2
-43,12,6
-43,11,5
-39,13,3
-39,14,8
-41,11,10
-41,14,12
-40,16,11
-40,15,12
-34,24,14
-34,29,13
-34,24,14
-36,27,16
-38,26,14
-39,27,14
-41,30,16
-45,29,15
-45,33,15
-42,36,15
-40,40,14
-36,40,20
-42,39,22
-45,34,19
-45,34,21
-45,35,19
-46,41,23
-41,46,22
-37,50,24
-35,51,25
-39,50,23
-37,49,21
-36,44,25
-32,43,25
-30,41,22
-25,35,22
-25,37,19
-23,36,19
-18,33,17
-12,30,17
-12,27,16
-10,26,16
-8,23,18
-5,26,21
0,25,21
2,23,21
2,18,20
5,16,21
0,14,21
-2,13,22
2,15,20
5,17,21
6,20,19
3,26,19
2,24,18
8,25,12
6,25,13
7,23,15
16,22,11
12,19,15
17,12,14
21,10,12
21,7,13
20,2,14
18,0,12
24,-1,11
20,3,14
18,4,15
25,7,18
23,7,15
20,11,16
18,10,18
23,13,16
21,14,15
19,15,17
19,22,15
18,19,15
14,20,16
14,18,14
12,18,14
11,16,13
8,18,14
5,17,13
5,16,14
2,13,12
3,12,8
0,11,10
1,12,10
3,12,12
1,11,14
-1,12,10
0,14,10
1,14,9
0,9,8
-1,11,11
-4,11,8
-8,8,7
-6,7,8
-9,10,10
-8,13,12
-7,17,12
-6,19,11
-8,18,13
-9,15,16
-10,16,19
-14,20,20
-16,20,21
-15,22,23
-16,26,25
-16,30,27
-18,34,25
-13,32,22
-12,32,22
-12,35,24
-14,31,23
-17,31,25
-18,32,25
-22,36,22
-19,39,21
-15,39,19
-12,37,16
-12,33,14
-10,30,12
-9,29,13
-5,29,15
-2,28,10
0,25,9
-6,16,14
-6,12,12
-5,5,12
-4,4,12
-3,5,14
-4,4,13
-5,9,12
-7,12,13
-7,14,11
-9,17,9
-13,20,14
-9,18,10
-9,17,12
-11,21,12
-15,22,11
-18,23,12
-18,23,10
-16,23,12
-18,24,17
-19,22,18
-20,17,15
-19,17,16
-22,17,14
-25,19,17
-23,17,17
-28,19,19
-30,23,16
-29,24,14
-29,26,14
-28,23,15
-25,22,18
-24,22,16
-26,18,16
-25,17,12
-26,16,11
-27,14,10
-27,14,11
-25,15,12
-18,15,12
-18,20,16
-20,21,15
-18,18,15
-18,15,15
-19,15,17
-22,12,16
-23,13,16
-22,20,15
-21,24,16
-14,28,15
-17,31,17
-15,32,20
-14,35,21
-12,35,23
-15,35,24
-15,35,22
-6,41,23
-6,42,20
-7,36,13
-7,35,10
-5,31,12
0,30,11
1,30,8
-5,30,10
-4,22,12
-6,19,16
-3,14,18
-4,12,23
-8,13,27
-8,16,30
-9,22,28
-9,28,27
-8,30,26
-12,31,23
-14,34,22
-15,35,23
-16,40,21
-14,40,15
-14,33,14
-16,31,13
-14,27,13
-15,21,9
-16,18,6
-18,12,4
-18,11,4
-18,9,6
-19,8,7
-19,11,9
-19,13,10
-22,20,13
-27,21,14
-31,20,12
-33,21,10
-31,19,11
-35,23,15
-35,26,14
-34,26,11
-37,23,12
-37,18,9
-35,15,10
-34,12,12
-29,9,11
-32,9,9
-33,12,9
-31,13,9
-30,7,13
-33,8,15
-29,12,15
-27,15,16
-27,17,12
-31,23,11
-28,30,12
-27,32,8
-22,34,3
-22,29,4
-25,23,0
-24,15,0
-18,9,5
-21,11,6
-24,6,5
-24,3,7
-23,4,10
-25,8,13
-26,15,19
-26,18,23
-28,24,25
-30,32,24
-32,35,23
-35,35,18
-34,38,17
-33,36,14
-35,33,11
-34,24,10
-41,18,7
-43,17,7
-42,18,6
-39,19,7
-36,20,5
-38,22,6
-37,23,9
-41,20,10
-42,20,11
-42,23,10
-43,23,7
-40,25,6
-35,25,8
-34,17,7
-39,11,6
-38,9,7
-38,6,10
-34,14,8
-32,15,11
-34,19,12
-31,22,10
-30,21,10
-31,17,11
-30,16,9
-30,13,9
-25,12,8
-24,12,10
-24,11,11
-27,10,11
-25,7,8
-25,4,8
-29,4,6
-31,11,9
-28,19,14
-31,29,15
-32,30,14
-35,34,15
-39,31,12
-37,29,12
-33,32,11
-30,28,12
-28,29,8
-27,27,12
-27,18,11
-28,13,9
-27,7,8
-29,2,10
-27,1,12
-24,1,11
-22,3,9
-24,9,5
-20,13,6
-20,13,5
-22,6,6
-25,1,7
-26,7,5
-22,4,3
-21,6,3
-24,9,3
-26,12,4
-25,11,5
-25,12,3
-21,16,4
-26,15,6
-23,10,4
-27,6,6
-27,7,4
-23,4,-1
-21,5,1
-21,8,1
-21,11,3
-23,10,6
-24,12,4
-24,10,5
-22,12,5
-19,16,6
-23,14,7
-19,14,7
-17,15,7
-18,14,8
-19,13,7
-17,9,6
-19,4,9
-20,5,5
-21,0,4
-21,3,5
-17,5,6
-18,8,5
-16,4,6
-15,7,6
-16,9,2
-14,5,2
-14,4,1
-11,0,-1
-13,-4,-2
-15,-3,-1
-14,2,-2
-15,2,-1
-13,2,1
-13,3,2
-13,3,-2
-14,0,1
-12,0,0
-13,3,0
-13,5,3
-15,4,4
-12,10,3
-11,11,1
-9,9,-3
-5,7,-2
-2,7,2
-3,3,3
-3,6,0
-3,7,-2
-3,8,2
-5,11,3
-1,14,2
1,21,4
3,26,0
-2,24,-2
-8,21,-3
-10,14,-3
-13,13,4
-11,11,5
-8,15,6
-6,21,6
-7,21,5
-7,22,6
-5,14,4
-8,13,2
-12,12,4
-17,8,2
-20,8,1
-15,13,2
-11,19,2
-13,20,0
-15,23,1
-15,26,1
-19,21,-4
-27,8,-6
-27,4,-6
-24,9,-4
-21,11,-3
-19,17,-3
-22,22,-5
-23,24,-4
-25,24,-4
-28,19,-2
-28,15,-3
-27,15,-4
-23,16,-4
-18,21,-2
-20,20,-1
-27,24,1
-26,21,-2
-27,17,-2
-29,17,-3
-29,17,-4
-31,15,-4
-32,17,-4
-34,18,-5
-27,17,-2
-20,15,-3
-21,11,-2
-22,7,-3
-23,4,-3
-17,-1,-4
-18,-4,-4
-20,-10,-5
-20,-11,-5
-23,-12,-4
-26,-7,-1
-24,-1,2
-25,4,0
-23,4,1
-24,6,0
-26,10,4
-26,11,1
-30,8,4
-31,12,6
-34,10,6
-31,7,6
-32,6,9
-36,13,11
-32,17,9
-33,20,13
-36,21,11
-36,15,9
-35,14,11
-35,12,13
-38,6,12
-35,7,12
-35,13,11
-32,12,11
-36,13,11
-35,15,14
-39,15,13
-38,17,12
-39,16,12
-38,12,14
-40,12,11
-41,9,10
-37,7,6
-42,7,6
-41,10,8
-41,12,9
-42,10,10
-40,7,11
-38,10,9
-38,9,10
-34,3,6
-34,-1,2
-35,-4,4
-34,-7,1
-31,-10,-3
-27,-9,1
-31,-11,4
-29,-13,2
-26,-13,1
-29,-13,2
-26,-10,1
-25,-9,1
-22,-7,2
-23,-12,1
-25,-14,2
-22,-12,3
-25,-16,3
-23,-16,3
-20,-15,0
-18,-11,2
-23,-8,3
-24,-5,4
-20,1,6
-19,-6,5
-19,-10,6
-21,-9,7
-18,-6,7
-20,-3,6
-16,-1,3
-17,6,2
-16,10,4
-14,8,6
-15,8,9
-12,5,8
-14,9,7
-10,11,8
-8,13,9
-11,13,9
-12,10,13
-12,12,13
-11,12,10
-8,10,10
-5,10,14
-5,10,15
-4,11,17
-6,8,15
-5,6,16
-10,6,14
-7,5,14
-6,2,17
-7,6,18
-9,9,16
-7,10,17
0,10,14
0,6,12
-2,2,12
-4,3,15
-6,-1,17
-6,2,17
-5,7,16
-3,8,19
-8,8,18
-6,12,20
-4,12,15
-1,9,15
1,7,16
2,4,13
2,3,13
-2,-3,11
-2,-8,9
-5,-8,12
-4,-5,14
-4,-2,11
-5,2,11
-5,4,12
-6,1,15
-7,-3,11
-10,-6,14
-14,-6,15
-14,-9,12
-12,-6,15
-14,2,16
-15,6,16
-17,13,17
-17,14,16
-18,10,14
-17,11,13
-19,10,14
-19,8,12
-17,6,11
-19,4,13
-19,1,15
-21,5,12
-21,7,11
-19,7,12
-23,10,13
-21,10,12
-23,9,13
-21,10,12
-19,7,10
-24,10,11
-25,14,10
-20,19,13
-21,23,17
-28,19,18
-25,20,19
-24,19,17
-24,18,19
-21,21,21
-19,19,20
-18,15,17
-17,14,14
-18,10,13
-18,14,16
-18,14,14
-15,15,14
-11,14,14
-9,15,12
-6,17,12
-9,15,11
-9,10,8
-6,12,11
-2,12,11
-4,12,8
-4,14,10
-1,16,11
-3,13,6
-7,17,8
-5,18,9
-4,17,9
2,18,10
-2,21,12
2,22,15
5,22,15
3,24,13
2,22,16
6,21,15
3,20,15
3,19,16
-1,19,14
-2,21,13
-3,19,14
-1,17,18
-1,19,19
2,23,16
1,24,15
1,20,17
0,17,19
-7,17,19
-6,14,18
-6,15,17
-3,18,15
-5,14,14
-6,11,14
-7,9,14
-7,11,13
-7,9,10
-7,7,9
-9,2,9
-10,0,8
-9,1,5
-9,5,7
-6,6,5
-7,3,4
-7,3,4
-7,7,1
-5,5,5
-5,10,9
-5,12,6
-7,12,4
-6,11,8
-3,15,9
-5,16,14
-5,16,18
-5,19,20
-3,24,20
-1,26,23
-1,27,24
-6,29,24
-5,29,21
-5,30,18
-7,37,23
-7,34,23
-11,35,22
-13,37,24
-11,35,24
-7,32,24
-6,29,22
-8,29,20
-8,23,19
-6,25,19
-8,25,19
-5,22,20
-4,21,18
-7,24,19
-6,26,18
2,25,19
5,26,14
10,19,13
7,16,16
10,15,14
7,12,14
8,12,14
12,12,16
23,14,15
23,14,15
23,12,9
24,12,9
28,14,12
28,10,14
27,12,10
20,11,8
22,12,11
27,13,11
26,14,9
23,16,8
26,17,8
26,15,6
21,11,6
18,9,8
19,9,6
18,14,9
19,16,7
19,20,5
16,20,3
18,25,5
21,29,10
20,25,8
18,19,9
19,16,11
22,13,12
23,12,13
18,11,14
22,14,11
22,16,12
24,16,13
21,18,11
16,17,10
16,18,11
16,14,11
15,14,12
9,11,9
8,10,10
10,9,13
6,11,9
5,11,7
2,13,10
-2,9,7
4,13,6
2,11,3
1,12,3
-1,8,3
-2,10,3
-1,8,3
0,8,4
-1,7,4
0,10,5
-1,8,1
1,5,0
5,5,3
4,10,-2
3,11,4
3,12,6
3,10,6
3,9,3
3,9,2
-1,8,6
1,9,7
2,9,8
0,13,10
9,16,9
9,18,8
12,21,10
14,23,11
12,27,10
12,30,13
14,30,12
15,32,14
16,31,14
14,32,16
12,30,16
15,27,14
13,25,15
13,26,15
16,24,17
10,27,17
10,28,15
12,28,16
8,30,19
9,32,18
8,35,16
5,34,17
2,30,18
2,29,13
4,26,12
1,29,15
-3,28,15
-1,28,13
-6,29,11
-11,30,14
-9,30,11
-9,33,11
-12,33,13
-12,30,8
-12,27,9
-16,26,11
-17,28,9
-14,27,8
-15,28,10
-16,27,11
-17,29,12
-19,29,10
-23,28,11
-24,27,10
-21,26,10
-18,24,13
-20,26,16
-24,20,16
-28,19,19
-21,18,17
-20,16,19
-22,18,19
-21,17,16
-21,14,18
-20,10,13
-16,7,16
-17,3,17
-19,2,15
-18,4,13
-17,3,14
-15,2,17
-11,2,16
-11,2,17
-13,0,15
-14,-1,13
-10,-3,16
-13,-7,16
-9,-11,12
-6,-12,9
-16,-13,10
-16,-21,7
-16,-23,6
-13,-21,5
-13,-21,5
-13,-17,4
-16,-13,3
-18,-9,7
-20,-9,2
-22,-8,4
-22,-2,5
-21,-2,4
-30,-3,5
-30,-2,8
-28,-1,9
-34,4,10
-36,13,13
-39,21,11
-42,28,11
-44,28,17
-46,27,15
-49,29,13
-47,28,15
-50,26,14
-50,25,13
-46,22,11
-48,21,10
-49,19,12
-50,20,14
-49,24,12
-47,26,16
-52,28,20
-58,31,21
-56,33,20
-55,35,21
-56,37,19
-58,37,19
-57,37,20
-59,39,20
-58,38,21
-57,37,20
-58,41,19
-59,42,21
-57,39,18
-59,36,17
-58,30,13
-55,21,12
-52,21,10
-49,21,9
-55,19,9
-48,18,11
-45,19,10
-46,15,9
-45,14,7
-44,16,6
-38,13,5
-34,11,8
-39,8,8
-37,4,5
-36,1,7
-35,5,7
-37,4,5
-37,4,5
-36,7,7
-35,7,5
-36,5,5
-30,4,5
-26,0,4
-24,0,6
-21,2,8
-17,6,9
-13,6,10
-14,5,13
-16,6,12
-15,5,13
-12,4,13
-5,7,14
-4,4,13
-7,5,14
-3,10,15
-1,6,12
1,4,13
3,4,11
2,1,12
-2,0,13
-1,2,14
-1,1,13
-2,5,13
1,7,14
2,6,14
4,9,16
6,6,18
4,6,16
3,3,14
3,7,16
3,8,14
2,10,13
3,9,12
5,10,14
3,14,15
4,14,15
7,10,14
5,4,14
0,6,13
-3,8,14
-4,5,12
-4,5,11
-8,6,13
-4,2,11
-5,-3,7
-4,-1,10
-3,0,10
-4,0,8
-8,-2,8
-8,0,10
-12,1,10
-10,4,8
-7,3,7
-8,3,6
-15,1,5
-13,0,4
-15,0,5
-16,3,7
-17,6,7
-14,6,9
-15,5,8
-15,3,10
-14,-2,13
-17,-2,17
-19,-3,19
-20,-1,16
-18,6,15
-17,17,17
-9,26,14
-8,32,11
-7,33,8
2,31,6
-7,27,7
-6,22,7
-10,18,3
-11,10,2
-8,11,1
-9,6,5
-11,3,11
-6,2,10
-10,-2,12
-17,-5,16
-19,-10,17
-21,-8,19
-21,-3,20
-21,4,22
-18,13,21
-20,17,21
-22,20,23
-22,18,23
-25,17,23
-19,16,21
-15,16,15
-15,15,14
-17,12,13
-13,9,16
-13,9,14
-13,8,12
-12,9,13
-18,10,13
-20,9,12
-20,10,10
-22,11,10
-24,11,7
-26,16,2
-25,16,-3
-24,12,-7
-25,7,-10
-23,0,-16
-18,-5,-20
-21,-11,-19
-18,-15,-24
-17,-22,-28
-11,-31,-30
-7,-39,-30
-4,-43,-30
-5,-45,-29
-6,-43,-28
-4,-46,-29
-5,-49,-29
-2,-44,-25
4,-42,-23
2,-41,-20
2,-36,-17
-3,-34,-13
2,-33,-12
-1,-27,-12
-3,-19,-9
-6,-9,-5
-8,-3,-1
-6,4,0
-10,11,-4
-9,12,-7
-5,10,-7
-8,5,-8
-9,1,-12
-7,-4,-13
-6,-7,-13
-8,-12,-8
-6,-10,-8
-8,-9,-6
-14,-5,-2
-16,0,0
-19,4,1
-17,10,4
-15,14,5
-17,19,9
-21,27,13
-26,34,11
-28,40,10
-31,43,6
-27,47,4
-31,41,4
-33,34,6
-34,28,4
-39,22,2
-44,16,-2
-44,11,-3
-44,9,-4
-45,6,-9
-50,1,-9
-51,1,-7
-50,4,-6
-50,4,-7
-53,4,-2
-54,4,-3
-51,2,-5
-49,7,-4
-48,8,-2
-47,8,-1
-46,6,-3
-45,8,-1
-46,6,0
-43,2,3
-38,1,1
-37,0,1
-35,-2,2
-32,-6,4
-29,-8,0
-30,-9,1
-27,-8,1
-28,-11,7
-28,-10,8
-27,-10,8
-26,-4,6
-23,-3,6
-24,3,4
-19,3,3
-18,1,4
-17,0,2
-20,0,3
-18,3,5
-19,5,6
-19,8,6
-13,10,7
-13,8,6
-12,7,7
-12,4,9
-10,1,7
-10,4,7
-15,3,8
-12,5,13
-12,8,14
-11,8,11
-11,5,9
-9,5,7
-6,4,9
-9,3,9
-13,3,12
-14,2,9
-14,5,8
-16,6,10
-22,8,8
-21,8,7
-26,9,10
-27,6,11
-23,8,9
-22,6,9
-28,5,8
-31,4,7
-33,4,7
-31,2,9
-33,-1,9
-34,3,12
-37,12,13
-37,13,12
-36,14,12
-37,15,10
-38,16,9
-37,17,9
-34,18,12
-34,18,11
-28,18,9
-28,20,12
-31,12,12
-28,9,11
-22,7,13
-23,3,15
-24,3,15
-26,6,14
-24,5,16
-23,6,16
-22,7,15
-23,6,15
-28,6,16
-26,7,16
-25,4,16
-25,7,17
-23,7,16
-21,9,16
-24,7,16
-24,9,13
-22,13,15
-23,13,15
-20,14,17
-18,16,17
-12,22,17
-15,19,12
-14,14,10
-14,14,7
-11,15,11
-12,17,12
-13,13,11
-14,11,13
-18,11,13
-18,9,13
-16,8,9
-19,11,9
-24,12,7
-26,12,7
-22,15,8
-21,21,11
-17,24,12
-16,25,10
-18,25,10
-21,18,10
-19,19,11
-18,20,11
-19,16,12
-22,14,13
-24,9,12
-21,12,9
-19,10,13
-22,7,12
-22,8,12
-16,10,11
-18,9,10
-22,8,14
-20,11,12
-22,10,13
-24,6,14
-27,5,15
-27,5,12
-27,5,12
-23,5,12
-25,6,10
-27,5,11
-28,7,12
-29,5,11
-32,7,12
-34,3,12
-37,1,8
-38,3,10
-46,3,10
-45,3,10
-45,3,11
-47,2,9
-48,-2,8
-51,-4,9
-55,-3,9
-55,-2,11
-60,-1,12
-58,1,15
-59,1,16
-63,2,18
-65,-1,21
-67,-1,18
-70,-7,20
-75,-9,24
-74,-9,25
-72,-10,23
-73,-7,26
-77,-7,27
-78,-7,26
-81,-5,28
-81,-3,27
-81,0,29
-82,-1,30
-82,2,26
-83,4,24
-82,5,23
-85,2,25
-89,-4,26
-95,-7,24
-96,-8,21
-94,-8,22
-93,-4,23
-98,-3,27
-96,-2,26
-92,-5,24
-99,-7,25
-97,-3,23
-101,-4,22
-102,-2,21
-107,1,24
-108,3,28
-107,5,27
-105,7,25
-108,7,25
-109,10,25
-114,12,25
-117,8,21
-123,9,21
-125,15,19
-128,22,19
-137,29,18
-140,44,19
-139,52,21
-142,58,21
-140,62,18
-146,69,14
-148,72,14
-152,71,16
-149,76,16
-147,86,17
-149,91,17
-145,98,14
-146,110,19
-147,118,23
-147,120,23
-150,124,23
-151,123,22
-153,120,23
-147,120,23
-143,120,23
-143,121,21
-141,123,21
-135,126,20
-130,126,23
-124,122,23
-118,120,21
-114,116,22
-112,115,20
-105,110,21
-102,113,20
-98,109,23
-90,106,23
-84,102,24
-83,96,25
-82,90,23
-77,84,19
-75,83,19
-74,84,17
-71,84,10
-70,87,13
-67,91,12
-66,94,10
-67,96,5
-66,100,6
-69,97,4
-69,99,0
-73,98,-2
-76,93,-2
-78,89,-2
-77,89,1
-77,86,1
-79,90,2
-81,89,2
-80,88,6
-79,88,8
-82,91,12
-83,92,16
-82,91,19
-78,87,20
-78,77,21
-77,68,21
-78,60,23
-77,52,23
-78,50,22
-79,51,20
-78,51,16
-79,54,16
-76,57,16
-68,53,13
-66,46,9
-67,40,7
-67,42,8
-66,47,8
-64,49,9
-58,48,11
-52,48,8
-41,49,10
-31,52,14
-19,59,17
-15,67,23
-7,72,27
1,78,28
7,84,34
8,92,33
13,94,33
25,93,32
35,90,28
46,82,23
54,77,17
61,71,14
72,65,7
75,60,1
86,56,-3
88,57,-6
95,60,-14
103,60,-22
113,60,-18
118,55,-18
119,48,-21
125,47,-21
132,47,-22
138,48,-23
145,48,-24
155,50,-24
158,56,-22
174,65,-19
183,72,-16
199,78,-16
220,82,-21
239,84,-21
259,86,-23
268,82,-26
278,85,-25
282,90,-26
284,88,-28
289,97,-33
291,104,-30
290,111,-27
282,116,-24
278,121,-19
272,130,-8
255,135,1
242,139,12
232,142,27
228,141,46
212,137,66
193,129,91
172,123,119
151,117,156
140,118,197
139,133,237
139,155,277
141,185,311
157,224,339
171,270,356
190,310,360
209,337,357
228,349,344
255,347,316
277,340,278
298,327,239
327,314,195
362,301,144
398,292,93
428,290,43
461,289,-10
489,290,-47
520,280,-73
554,268,-101
577,259,-127
597,265,-147
627,272,-166
662,284,-184
695,297,-206
731,313,-220
764,329,-231
792,341,-237
817,344,-239
845,347,-230
877,347,-221
899,354,-212
921,366,-202
945,382,-194
969,398,-184
991,410,-177
1001,423,-172
1014,433,-168
1020,445,-162
1024,456,-157
1032,465,-146
1044,469,-139
1047,472,-134
1049,468,-129
1054,465,-120
1054,459,-111
1037,445,-99
1023,426,-88
1012,400,-83
995,374,-77
980,348,-76
966,325,-72
955,307,-70
950,305,-74
943,309,-76
937,324,-80
927,343,-82
924,365,-81
918,387,-85
910,411,-85
900,433,-83
881,456,-83
866,475,-81
853,489,-82
844,494,-80
846,492,-77
852,486,-81
855,475,-85
844,453,-90
835,421,-97
839,383,-105
840,345,-110
845,308,-118
851,267,-131
861,233,-142
870,199,-151
891,163,-166
908,126,-182
926,94,-191
940,66,-197
947,42,-203
959,24,-206
960,10,-201
950,6,-184
943,8,-157
932,22,-119
915,47,-77
900,72,-44
888,97,-10
877,111,34
862,123,81
821,146,132
754,176,187
683,222,246
604,279,290
482,318,307
337,304,297
190,208,266
85,34,237
50,-185,201
51,-429,147
62,-640,78
59,-779,-7
58,-844,-91
80,-839,-179
114,-777,-262
114,-679,-333
94,-564,-390
70,-444,-428
36,-333,-443
-1,-246,-425
-27,-179,-370
-38,-131,-290
-58,-97,-203
-105,-74,-119
-183,-44,-35
-283,23,65
-368,129,177
-416,264,300
-443,407,436
-478,550,574
-536,666,700
-581,744,806
-602,756,881
-629,703,924
-648,601,943
-648,458,947
-649,302,933
-657,136,891
-665,-3,835
-694,-80,788
-724,-124,758
-741,-92,733
-735,-17,713
-702,42,707
-695,52,702
-704,26,694
-706,-16,692
-703,-43,695
-704,-66,700
-709,-93,707
-714,-131,708
-712,-175,704
-710,-216,688
-708,-247,683
-692,-271,682
-684,-288,673
-674,-292,665
-651,-302,660
-620,-314,642
-612,-310,620
-609,-296,600
-614,-290,585
-611,-289,569
-605,-278,557
-592,-268,554
-576,-264,560
-556,-261,568
-531,-251,570
-501,-244,565
-479,-244,550
-469,-251,525
-455,-253,505
-438,-265,490
-414,-281,488
-398,-302,494
-406,-324,492
-424,-350,492
-438,-382,487
-441,-421,478
-434,-456,457
-428,-496,413
-410,-538,354
-390,-574,283
-377,-600,208
-380,-611,141
-383,-595,95
-389,-545,59
-396,-463,39
-408,-369,31
-415,-285,22
-418,-227,0
-424,-208,-32
-434,-225,-71
-445,-264,-121
-467,-320,-183
-499,-386,-245
-541,-466,-315
-587,-546,-381
-657,-623,-436
-756,-683,-471
-870,-707,-479
-1016,-662,-459
-978,-481,-360
-506,-211,-196
239,-77,-128
754,-203,-101
791,-336,82
292,-222,381
-365,-16,607
-596,40,823
-523,-252,1000
-320,-830,1019
-4,-1392,916
266,-1759,740
432,-1857,548
497,-1713,393
491,-1402,262
456,-1033,101
434,-724,-76
435,-518,-249
429,-410,-408
428,-362,-532
422,-350,-614
406,-321,-680
383,-257,-744
353,-176,-808
356,-104,-871
372,-61,-914
383,-23,-937
384,29,-937
384,106,-913
401,205,-861
433,323,-789
476,445,-709
502,544,-630
509,621,-551
521,680,-488
549,750,-443
553,838,-420
534,825,-307
692,845,-294
730,947,-332
722,1129,-424
741,1329,-515
783,1474,-543
780,1500,-529
781,1429,-492
809,1349,-475
799,1290,-485
758,1237,-503
748,1180,-509
766,1128,-499
769,1066,-474
769,1005,-432
778,946,-384
775,892,-336
759,833,-291
751,764,-247
749,698,-213
746,665,-191
736,654,-181
683,630,-173
591,589,-157
498,537,-139
426,489,-117
361,444,-86
281,407,-56
191,371,-27
100,347,16
2,324,63
-76,292,110
-117,246,142
-112,173,157
-75,67,154
-30,-53,141
19,-169,118
41,-289,90
50,-389,65
51,-463,42
43,-510,24
37,-537,7
26,-562,-10
11,-586,-33
13,-617,-57
17,-652,-88
20,-690,-118
15,-742,-151
11,-810,-176
22,-896,-199
27,-996,-216
18,-1104,-240
-8,-1206,-276
-88,-1288,-317
-273,-1320,-347
-429,-1265,-347
-480,-1090,-302
-481,-841,-223
-466,-553,-171
-412,-215,-215
-271,197,-338
-112,661,-462
-41,1093,-542
-70,1398,-548
-190,1569,-484
-326,1626,-400
-412,1599,-339
-450,1520,-288
-456,1390,-220
-414,1196,-121
-346,944,-9
-320,647,98
-344,349,177
-359,105,241
-364,-61,302
-375,-175,367
-387,-283,428
-401,-397,482
-434,-496,521
-516,-566,549
-603,-586,570
-661,-561,599
-715,-496,644
-743,-397,683
-783,-304,698
-842,-211,700
-860,-97,713
-853,21,746
-844,141,800
-844,249,877
-839,304,960
-831,301,1020
-835,264,1057
-846,195,1073
-837,107,1074
-809,52,1075
-777,23,1071
-741,24,1055
-699,41,1022
-653,48,992
-611,56,961
-562,68,926
-512,88,885
-473,120,843
-434,161,797
-399,190,740
-372,199,677
-352,189,625
-307,156,593
-258,97,565
-236,19,522
-207,-73,446
-175,-178,367
-138,-296,287
-110,-414,216
-95,-530,139
-76,-628,64
-58,-692,-3
-33,-702,-54
-8,-663,-101
15,-589,-148
39,-490,-185
76,-388,-216
108,-307,-235
138,-263,-255
175,-260,-274
196,-305,-299
191,-390,-329
161,-498,-355
126,-610,-380
76,-720,-414
6,-848,-472
-56,-1028,-566
-117,-1232,-687
-180,-1392,-787
-225,-1448,-815
-258,-1365,-764
-328,-1159,-682
-255,-804,-542
75,-343,-359
485,62,-218
629,338,-76
594,584,203
486,886,628
83,1066,1056
-496,953,1365
-1011,502,1495
-1007,-29,1435
-592,-606,1247
-164,-1219,982
-18,-1623,710
-130,-1670,486
-343,-1413,347
-462,-1040,233
-419,-705,114
-343,-471,-27
-309,-339,-209
-281,-282,-406
-238,-257,-594
-185,-227,-760
-174,-160,-894
-205,-66,-992
-225,51,-1062
-238,165,-1106
-240,276,-1120
-230,363,-1113
-249,404,-1086
-293,402,-1046
-299,444,-966
-213,595,-842
-51,893,-678
182,1342,-502
477,1858,-368
720,2269,-307
817,2467,-306
779,2431,-330
705,2200,-346
666,1832,-361
625,1414,-363
555,1024,-354
490,679,-342
454,399,-331
456,192,-325
478,46,-322
498,-58,-324
508,-130,-324
510,-178,-322
515,-189,-320
530,-171,-319
550,-122,-313
556,-30,-311
552,112,-322
526,280,-326
479,428,-313
410,547,-288
345,642,-250
288,704,-214
233,731,-174
193,717,-133
186,654,-104
184,530,-80
181,369,-66
184,201,-63
196,66,-55
200,-27,-45
185,-97,-35
165,-193,-31
154,-327,-38
148,-484,-51
154,-637,-81
160,-773,-126
169,-882,-181
164,-951,-223
141,-990,-254
124,-1023,-263
113,-1082,-257
106,-1192,-263
95,-1352,-277
93,-1537,-296
111,-1708,-312
128,-1823,-317
152,-1859,-307
192,-1829,-299
233,-1716,-302
174,-1482,-294
-17,-1142,-246
-209,-652,-163
-383,1,-49
-497,704,56
-448,1336,-7
-193,1863,-263
223,2310,-508
578,2594,-578
583,2631,-504
201,2521,-398
-312,2449,-354
-729,2430,-328
-862,2350,-252
-660,2132,-134
-365,1782,-5
-232,1363,111
-329,930,235
-469,483,345
-550,-14,459
-577,-538,571
-608,-1030,644
-661,-1413,677
-733,-1633,691
-808,-1684,707
-838,-1609,747
-826,-1466,785
-814,-1277,821
-817,-1061,851
-856,-840,886
-897,-635,938
-913,-470,992
-934,-358,1032
-978,-280,1070
-1007,-201,1113
-1013,-108,1143
-1018,-10,1171
-1002,129,1200
-955,286,1207
-860,428,1192
-726,554,1152
-603,664,1103
-499,754,1050
-400,816,988
-321,843,925
-261,834,867
-191,780,804
-129,685,739
-90,564,665
-92,436,590
-114,304,533
-115,165,478
-86,10,418
-58,-153,345
-39,-338,241
-38,-511,120
-37,-655,0
-13,-762,-101
31,-828,-195
76,-862,-270
121,-880,-326
158,-890,-365
195,-900,-392
232,-918,-419
267,-940,-449
302,-974,-494
328,-1019,-555
330,-1058,-625
299,-1095,-693
243,-1128,-748
172,-1150,-798
109,-1158,-842
51,-1163,-893
13,-1156,-956
-5,-1110,-1029
-26,-1028,-1101
-34,-876,-1104
124,-598,-989
475,-241,-821
843,62,-711
1107,339,-587
1088,773,-268
779,1500,243
343,2353,806
-30,2997,1271
-404,3011,1487
-616,2299,1516
-377,1191,1476
143,69,1343
431,-821,1103
358,-1316,872
125,-1345,713
-102,-1053,565
-243,-665,398
-224,-318,211
-92,-111,16
42,-33,-137
174,-25,-327
308,-89,-555
395,-191,-777
361,-252,-958
264,-249,-1097
200,-198,-1197
176,-120,-1269
156,-46,-1313
52,-27,-1323
-115,-101,-1316
-232,-186,-1290
-176,-90,-1166
61,355,-912
475,1158,-655
893,2041,-539
1132,2676,-580
1170,2893,-679
1130,2711,-774
1102,2230,-869
1077,1605,-933
1014,996,-958
937,550,-951
904,340,-905
926,339,-815
1000,466,-716
1062,618,-605
1101,732,-485
1115,791,-351
1112,782,-226
1097,718,-114
1056,624,-24
979,510,56
895,401,128
818,333,187
731,305,227
625,280,250
501,218,256
369,118,259
243,-9,252
136,-141,230
47,-289,188
-8,-424,126
-40,-535,58
-62,-620,-4
-92,-685,-52
-140,-725,-95
-182,-727,-150
-187,-666,-210
-150,-551,-257
-92,-418,-290
-49,-338,-320
-20,-353,-343
-30,-488,-368
-71,-742,-376
-136,-1106,-387
-209,-1528,-397
-281,-1934,-408
-346,-2226,-405
-369,-2346,-362
-328,-2268,-282
-228,-2051,-192
-77,-1761,-153
22,-1429,-169
-97,-1003,-156
-335,-433,-67
-589,269,100
-832,967,223
-833,1489,91
-340,1853,-204
390,2130,-411
871,2283,-438
849,2236,-358
402,2078,-271
-98,1990,-269
-379,1975,-352
-419,1910,-406
-308,1680,-353
-150,1261,-214
-83,707,-74
-124,165,29
-184,-264,140
-222,-609,243
-234,-903,335
-268,-1162,421
-372,-1380,488
-476,-1507,571
-559,-1518,658
-616,-1448,742
-663,-1333,833
-697,-1187,932
-750,-1027,1043
-815,-858,1147
-881,-696,1240
-936,-537,1313
-984,-374,1358
-1034,-214,1385
-1076,-83,1399
-1117,48,1410
-1129,205,1419
-1091,377,1414
-1046,544,1386
-991,692,1331
-912,830,1271
-819,940,1213
-718,1020,1163
-597,1060,1125
-485,1057,1088
-396,1020,1047
-328,955,1013
-234,854,983
-114,728,945
-20,578,898
43,408,843
77,209,787
103,-11,736
123,-240,673
133,-487,606
148,-739,528
177,-977,430
222,-1186,325
271,-1355,233
301,-1471,153
313,-1537,76
312,-1563,10
317,-1540,-35
325,-1491,-68
338,-1429,-117
363,-1360,-189
388,-1287,-276
413,-1210,-370
408,-1136,-455
362,-1066,-532
302,-1018,-597
243,-996,-652
198,-985,-705
168,-969,-769
130,-932,-852
87,-854,-945
29,-730,-1019
-29,-594,-1083
-103,-444,-1128
-240,-268,-1129
-423,-18,-1048
-343,391,-832
225,925,-549
896,1355,-374
1424,1726,-45
1450,2283,599
761,2896,1144
-27,3317,1499
-553,3067,1738
-733,2037,1765
-305,813,1603
376,-272,1337
627,-1162,1101
473,-1675,949
214,-1796,825
1,-1658,661
-93,-1398,465
-60,-1145,251
43,-1003,10
153,-908,-227
263,-815,-517
378,-704,-803
433,-542,-1033
402,-326,-1186
327,-90,-1292
269,179,-1342
248,439,-1331
224,620,-1273
144,639,-1205
8,500,-1150
-87,319,-1092
-102,236,-985
-19,435,-776
239,976,-521
598,1716,-328
873,2360,-249
960,2684,-263
898,2646,-306
835,2338,-358
784,1873,-406
708,1373,-447
638,963,-480
598,706,-487
589,602,-477
609,611,-455
624,650,-422
623,661,-392
618,618,-366
604,536,-346
591,436,-336
557,331,-319
496,236,-302
432,162,-277
379,120,-250
335,104,-217
290,108,-173
240,136,-124
181,186,-71
116,237,-18
40,253,33
-33,228,68
-82,151,89
-110,47,93
-106,-60,74
-67,-169,40
-8,-285,1
48,-387,-38
75,-477,-75
58,-547,-104
16,-594,-126
-6,-609,-135
7,-593,-124
45,-581,-104
83,-634,-106
79,-789,-122
45,-1038,-135
15,-1359,-138
-1,-1716,-145
-4,-2050,-167
-9,-2295,-176
-1,-2406,-147
62,-2361,-76
190,-2204,2
344,-1972,55
400,-1647,79
210,-1214,112
-27,-622,183
-124,121,308
-297,886,427
-377,1542,349
-14,2130,29
500,2673,-322
775,3104,-527
728,3307,-514
301,3322,-390
-212,3303,-353
-541,3201,-411
-560,2874,-417
-312,2284,-331
-68,1498,-217
5,682,-112
-84,16,-3
-194,-484,125
-277,-900,247
-343,-1285,351
-370,-1651,413
-390,-1943,472
-469,-2119,527
-525,-2170,594
-485,-2109,671
-459,-1944,748
-506,-1699,823
-570,-1433,877
-624,-1194,925
-669,-998,980
-750,-840,1055
-866,-687,1132
-968,-507,1194
-987,-270,1198
-961,17,1137
-901,349,1045
-812,646,940
-741,877,871
-660,1018,830
-574,1063,805
-515,1060,784
-487,1045,773
-457,1029,771
-412,1010,768
-356,969,762
-285,880,759
-219,726,757
-166,511,760
-106,245,759
-45,-54,733
4,-357,672
51,-637,576
73,-875,461
69,-1063,347
64,-1194,241
87,-1271,145
129,-1302,66
182,-1302,-4
237,-1283,-65
307,-1253,-135
390,-1229,-209
475,-1215,-290
551,-1205,-374
596,-1201,-456
603,-1207,-541
575,-1217,-647
542,-1235,-789
502,-1264,-969
466,-1271,-1160
444,-1217,-1303
433,-1107,-1387
409,-932,-1434
343,-721,-1434
210,-467,-1370
40,-152,-1213
137,263,-920
692,729,-598
1397,1053,-370
1722,1287,-40
1371,1621,522
665,2057,1082
19,2364,1431
-535,2182,1557
-750,1590,1537
-482,739,1416
-50,-178,1226
135,-907,1047
57,-1310,905
-90,-1384,791
-233,-1234,640
-342,-982,468
-379,-754,245
-293,-618,-34
-97,-509,-332
109,-361,-617
234,-171,-852
263,32,-1029
230,246,-1167
193,416,-1281
156,521,-1357
72,509,-1397
-87,388,-1402
-224,311,-1348
-266,345,-1230
-189,518,-1035
2,888,-793
297,1444,-599
588,2053,-501
739,2479,-479
744,2586,-500
705,2405,-513
682,2019,-494
650,1583,-443
588,1235,-373
566,1043,-298
578,949,-217
597,867,-146
595,771,-96
539,647,-67
463,513,-51
411,399,-46
374,279,-47
325,145,-45
287,39,-35
252,-11,-13
216,-24,6
160,-28,22
70,-26,32
-35,-32,43
-140,-50,48
-247,-82,45
-316,-140,25
-357,-217,-14
-369,-291,-52
-366,-339,-102
-362,-365,-152
-371,-347,-190
-371,-275,-203
-369,-157,-203
-369,-38,-192
-389,37,-184
-437,16,-181
-486,-103,-177
-523,-317,-173
-545,-600,-167
-540,-893,-156
-520,-1145,-140
-478,-1284,-118
-409,-1302,-90
-338,-1267,-59
-272,-1245,-27
-221,-1278,31
-161,-1373,98
-90,-1504,158
-12,-1617,166
-43,-1644,150
-247,-1511,161
-445,-1091,252
-615,-441,410
-646,236,454
-354,888,190
148,1556,-240
526,2152,-577
627,2535,-682
396,2695,-647
-43,2799,-657
-444,2896,-786
-608,2856,-856
-479,2589,-762
-213,2099,-574
-46,1471,-387
-51,833,-193
-168,253,0
-273,-249,187
-327,-700,367
-385,-1089,531
-463,-1385,631
-573,-1589,693
-678,-1658,771
-700,-1605,849
-658,-1478,918
-678,-1312,982
-776,-1158,1015
-842,-1022,1030
-875,-919,1033
-922,-855,1022
-990,-797,1018
-1090,-720,1033
-1187,-608,1070
-1250,-447,1096
-1263,-236,1086
-1245,7,1043
-1177,303,987
-1042,582,933
-901,794,889
-796,941,857
-702,1024,843
-628,1061,832
-580,1085,823
-522,1086,806
-441,1055,780
-351,992,759
-259,886,744
-196,731,736
-156,524,728
-114,256,695
-91,-52,629
-74,-371,521
-52,-680,391
-3,-952,256
47,-1172,128
111,-1339,20
172,-1460,-62
223,-1530,-133
262,-1564,-193
309,-1576,-243
366,-1574,-287
428,-1565,-336
499,-1532,-402
558,-1466,-467
595,-1363,-516
590,-1232,-563
553,-1089,-613
517,-968,-674
488,-885,-763
451,-837,-868
399,-795,-984
351,-744,-1104
308,-657,-1189
268,-523,-1225
210,-371,-1215
98,-205,-1180
-78,-8,-1092
-319,280,-925
-449,700,-662
-14,1284,-291
837,1770,-51
1404,1991,126
1361,2246,592
759,2640,1102
75,3000,1405
-307,3112,1626
-666,2616,1733
-826,1612,1703
-633,441,1509
-240,-551,1243
-8,-1250,1020
-16,-1550,842
-199,-1482,649
-404,-1164,438
-414,-792,197
-202,-540,-75
60,-405,-363
279,-340,-662
401,-312,-926
408,-261,-1141
366,-177,-1302
352,-98,-1409
306,-104,-1473
215,-159,-1498
141,-171,-1447
168,-29,-1281
337,323,-1026
624,884,-776
939,1568,-583
1165,2143,-452
1250,2390,-407
1238,2236,-434
1190,1754,-473
1126,1163,-465
1049,704,-415
1009,479,-341
1014,441,-261
1034,486,-192
1048,540,-147
1023,580,-110
953,600,-73
870,598,-51
780,541,-35
693,413,-23
596,264,-17
501,136,-8
418,51,7
363,23,31
331,28,62
291,53,87
255,89,111
222,119,130
195,143,130
177,155,112
167,162,79
170,160,37
171,150,-16
153,141,-67
99,138,-118
35,154,-158
-22,182,-178
-58,188,-197
-75,121,-222
-85,-51,-251
-82,-308,-280
-75,-634,-299
-71,-951,-309
-60,-1198,-306
-29,-1362,-287
14,-1477,-254
55,-1569,-198
91,-1664,-128
118,-1768,-63
120,-1827,-31
-21,-1783,31
-303,-1602,124
-521,-1234,242
-663,-720,386
-705,-215,462
-407,233,291
246,742,-20
873,1295,-231
1092,1689,-316
795,1830,-294
222,1935,-254
-199,2180,-292
-342,2461,-388
-239,2556,-419
-40,2358,-341
89,1856,-209
44,1176,-74
-94,523,68
-175,27,212
-214,-324,351
-243,-586,487
-338,-799,613
-509,-1019,696
-648,-1234,780
-672,-1396,862
-650,-1483,924
-661,-1480,990
-707,-1413,1055
-728,-1314,1101
-762,-1214,1133
-828,-1129,1129
-915,-1031,1129
-1013,-899,1134
-1070,-698,1128
-1081,-426,1087
-1038,-106,1011
-969,228,914
-881,565,840
-762,848,800
-655,1029,770
-560,1118,744
-478,1137,726
-427,1124,715
-374,1088,707
-308,1042,709
-236,990,726
-186,920,750
-154,810,767
-130,631,757
-83,391,722
-30,112,671
29,-173,606
80,-470,520
104,-754,422
90,-1019,323
65,-1253,226
30,-1424,130
13,-1535,44
18,-1603,-35
56,-1648,-115
114,-1675,-199
182,-1668,-278
247,-1633,-358
286,-1584,-434
273,-1532,-503
230,-1478,-587
181,-1405,-682
150,-1296,-786
157,-1143,-899
174,-956,-1037
188,-726,-1175
187,-474,-1296
182,-224,-1387
150,15,-1432
61,246,-1417
-79,466,-1357
-241,683,-1246
-425,897,-1084
-603,1128,-891
-458,1375,-665
189,1538,-489
998,1554,-294
1428,1639,178
1074,1937,795
225,2348,1195
-617,2712,1413
-1240,2687,1523
-1268,2160,1525
-690,1327,1522
12,398,1431
392,-406,1305
380,-924,1166
112,-1146,974
-216,-1159,762
-387,-1075,531
-319,-1018,251
-135,-993,-45
85,-940,-349
313,-829,-639
423,-665,-889
399,-464,-1112
325,-273,-1316
239,-181,-1458
131,-243,-1554
11,-335,-1595
-20,-343,-1548
46,-212,-1398
173,104,-1145
391,653,-869
656,1350,-663
851,1941,-544
933,2242,-512
903,2204,-537
832,1908,-548
774,1523,-502
719,1192,-414
692,976,-319
670,857,-237
625,784,-161
564,727,-100
483,685,-60
391,631,-49
295,538,-55
197,422,-76
119,304,-91
64,216,-89
39,170,-63
31,186,-26
43,244,23
79,333,69
119,419,105
134,467,125
108,454,136
38,384,136
-47,267,124
-97,125,94
-129,-4,40
-115,-84,-23
-84,-115,-82
-61,-97,-147
-34,-46,-210
-29,40,-247
-49,100,-260
-80,72,-262
-126,-75,-267
-161,-363,-283
-194,-766,-308
-232,-1198,-331
-245,-1525,-340
-215,-1648,-322
-155,-1594,-263
-103,-1494,-178
-59,-1435,-97
-8,-1447,-34
75,-1507,19
80,-1562,54
-125,-1526,109
-345,-1294,230
-453,-851,442
-483,-359,653
-309,48,613
152,469,299
667,1012,-27
821,1531,-238
574,1875,-339
141,2126,-356
-212,2384,-407
-388,2574,-498
-319,2546,-516
-115,2250,-439
18,1754,-300
8,1195,-131
-72,682,50
-165,273,238
-249,-46,413
-334,-327,587
-421,-624,725
-491,-921,817
-533,-1178,869
-538,-1354,898
-557,-1416,916
-593,-1358,942
-645,-1235,966
-669,-1097,978
-676,-977,962
-678,-880,941
-698,-789,914
-752,-697,896
-800,-587,899
-837,-430,913
-803,-225,924
-713,9,916
-605,253,886
-504,478,838
-422,689,800
-326,859,788
-238,964,786
-201,1019,789
-180,1019,805
-140,962,813
-77,857,814
-30,726,805
-13,545,781
-25,320,748
-23,73,712
7,-165,667
35,-398,607
58,-607,528
59,-797,432
41,-962,329
9,-1089,224
-23,-1179,129
-31,-1224,46
-6,-1235,-33
55,-1215,-111
136,-1170,-206
228,-1117,-295
302,-1068,-368
332,-1041,-423
305,-1043,-474
242,-1079,-534
159,-1118,-613
91,-1142,-735
68,-1138,-904
76,-1099,-1100
99,-1019,-1276
119,-903,-1404
121,-744,-1477
50,-568,-1511
-134,-355,-1501
-361,-18,-1377
-227,505,-1076
374,1105,-748
1047,1520,-540
1435,1874,-152
1181,2361,489
393,2868,1007
-449,3046,1312
-1082,2525,1495
-1055,1486,1564
-384,287,1470
155,-834,1255
181,-1668,1056
-57,-2063,939
-279,-2031,849
-435,-1721,714
-450,-1293,551
-319,-903,360
-147,-664,113
-9,-572,-203
116,-575,-569
196,-582,-911
194,-529,-1184
153,-448,-1391
80,-435,-1579
-27,-522,-1761
-149,-670,-1885
-129,-651,-1851
35,-341,-1613
298,262,-1217
576,1183,-786
788,2231,-474
932,3076,-307
1049,3475,-268
1102,3385,-290
1088,2905,-297
1014,2201,-277
892,1464,-226
751,870,-158
648,493,-112
609,290,-91
590,187,-82
554,122,-69
498,78,-60
409,70,-57
318,99,-53
263,144,-61
232,191,-75
207,253,-76
187,319,-69
165,354,-63
132,341,-54
82,277,-44
12,180,-27
-54,71,-8
-77,-20,0
-74,-57,3
-44,-48,-3
16,-17,-23
68,21,-55
79,54,-97
39,92,-139
-34,117,-155
-111,77,-157
-197,-75,-155
-240,-364,-164
-249,-765,-183
-239,-1206,-203
-210,-1591,-234
-166,-1814,-254
-133,-1852,-243
-105,-1793,-184
-74,-1731,-109
-45,-1702,-34
-10,-1711,50
28,-1750,128
82,-1791,180
183,-1760,194
144,-1616,224
-72,-1254,309
-330,-587,485
-629,231,704
-692,961,671
-199,1578,254
572,2153,-220
1137,2627,-505
1238,2810,-542
725,2753,-443
-13,2732,-415
-512,2809,-549
-602,2770,-678
-371,2460,-641
-84,1887,-490
48,1190,-313
2,569,-122
-128,89,63
-252,-280,273
-308,-626,468
-335,-998,618
-373,-1372,728
-424,-1664,814
-477,-1838,890
-523,-1880,970
-535,-1794,1028
-565,-1629,1053
-606,-1418,1064
-624,-1198,1078
-645,-986,1093
-681,-803,1091
-773,-636,1085
-903,-467,1103
-1029,-294,1154
-1052,-106,1197
-982,137,1194
-882,435,1156
-785,747,1111
-710,1025,1082
-632,1217,1063
-543,1318,1046
-460,1340,1029
-377,1303,1008
-261,1227,976
-182,1107,939
-175,967,918
-179,802,909
-166,604,891
-156,364,851
-151,102,788
-131,-138,696
-82,-380,574
-36,-620,441
2,-834,304
21,-1018,174
21,-1163,53
4,-1264,-46
5,-1324,-126
41,-1357,-202
81,-1375,-280
114,-1359,-369
148,-1303,-460
169,-1231,-542
159,-1163,-592
104,-1123,-618
43,-1110,-650
12,-1111,-712
6,-1111,-824
4,-1097,-977
-10,-1040,-1146
-19,-917,-1288
-37,-739,-1378
-98,-542,-1407
-243,-298,-1372
-396,37,-1249
-218,549,-981
310,1146,-696
802,1588,-529
1095,1945,-234
966,2456,294
318,3045,806
-475,3378,1189
-1171,2974,1457
-1312,1901,1534
-658,693,1453
-8,-448,1237
29,-1428,927
-323,-2037,679
-637,-2172,531
-753,-1924,436
-734,-1467,331
-635,-1009,197
-484,-691,35
-367,-553,-147
-303,-539,-379
-255,-595,-631
-229,-642,-863
-268,-662,-1069
-332,-668,-1254
-389,-688,-1411
-506,-810,-1561
-663,-1056,-1689
-712,-1093,-1667
-496,-543,-1413
-113,567,-1039
285,1955,-726
552,3165,-564
626,3871,-521
625,4007,-529
606,3647,-551
557,2918,-571
550,2071,-571
569,1326,-559
551,793,-534
504,478,-491
513,311,-449
566,230,-397
599,188,-355
605,121,-337
570,-20,-319
501,-208,-315
422,-398,-336
346,-540,-353
288,-615,-332
254,-607,-274
245,-520,-200
274,-358,-130
324,-142,-71
381,69,-31
418,256,3
410,397,35
343,470,52
242,468,48
152,409,31
109,335,-8
114,281,-51
136,250,-99
146,250,-143
132,287,-166
113,340,-157
77,348,-121
31,240,-93
-31,-29,-96
-80,-447,-120
-122,-923,-143
-117,-1319,-168
-55,-1519,-194
58,-1499,-203
200,-1340,-167
329,-1179,-121
413,-1093,-93
462,-1083,-83
430,-1095,-79
171,-1037,-61
-173,-790,25
-589,-371,259
-896,0,469
-541,244,347
356,453,-36
1109,787,-422
1329,1122,-684
893,1184,-788
212,1186,-824
-230,1351,-895
-374,1535,-994
-173,1532,-1026
141,1314,-943
325,973,-758
325,611,-517
302,248,-283
282,-116,-88
224,-456,97
155,-743,305
126,-996,490
117,-1222,624
134,-1407,693
141,-1513,738
120,-1515,810
103,-1432,910
74,-1304,1009
-7,-1163,1073
-77,-1013,1096
-131,-865,1082
-163,-707,1060
-196,-569,1047
-240,-440,1044
-296,-301,1046
-340,-148,1054
-357,21,1055
-362,242,1059
-343,504,1064
-266,781,1039
-166,1030,979
-58,1207,929
50,1273,907
125,1235,892
141,1136,885
96,994,876
40,836,865
11,680,863
22,536,878
49,400,882
69,233,855
81,5,802
106,-276,730
132,-587,651
144,-892,565
153,-1163,470
158,-1376,376
157,-1517,277
146,-1578,189
150,-1586,108
169,-1554,28
205,-1500,-40
262,-1451,-106
331,-1408,-206
404,-1368,-323
428,-1342,-451
396,-1335,-578
340,-1346,-707
306,-1350,-834
329,-1313,-960
400,-1239,-1100
471,-1132,-1256
489,-965,-1383
454,-728,-1450
368,-434,-1464
235,-102,-1431
73,269,-1349
-111,675,-1208
-349,1098,-1001
-315,1614,-655
359,2186,-225
1283,2499,18
1938,2648,393
1744,2881,1016
805,3087,1441
-204,3101,1754
-928,2577,1914
-1209,1494,1826
-867,220,1515
-245,-926,1070
80,-1831,760
16,-2345,607
-263,-2403,493
-523,-2114,307
-589,-1713,45
-459,-1364,-208
-297,-1157,-476
-199,-1060,-741
-111,-991,-959
-39,-885,-1130
-16,-687,-1256
-60,-406,-1329
-99,-83,-1379
-136,186,-1428
-221,311,-1469
-362,317,-1493
-457,353,-1460
-436,526,-1314
-337,877,-1042
-101,1435,-722
242,2148,-448
560,2791,-287
729,3128,-241
719,3081,-257
610,2707,-270
519,2101,-273
483,1461,-223
455,961,-157
431,663,-106
423,507,-76
408,430,-48
406,387,-13
415,337,15
388,273,33
344,197,52
303,135,70
239,101,100
163,92,141
98,105,185
29,126,218
-26,131,232
-56,102,233
-69,27,216
-67,-62,182
-55,-147,146
-23,-225,113
20,-289,72
57,-335,30
71,-351,-14
85,-345,-42
90,-342,-61
80,-385,-88
58,-503,-112
41,-714,-129
19,-1003,-152
-18,-1347,-176
-47,-1698,-202
-73,-2006,-223
-86,-2191,-230
-72,-2218,-224
-31,-2088,-173
36,-1859,-92
117,-1634,-34
194,-1429,-8
146,-1212,7
-43,-915,33
-183,-462,88
-257,90,227
-227,604,331
-23,1008,209
398,1370,-97
784,1744,-371
885,2026,-513
699,2171,-534
336,2276,-494
-9,2443,-481
-157,2584,-525
-92,2544,-532
73,2259,-446
218,1754,-297
288,1108,-166
224,488,-57
83,7,63
-26,-348,201
-75,-641,351
-139,-886,502
-248,-1091,619
-343,-1266,685
-396,-1380,731
-451,-1399,782
-508,-1316,837
-565,-1155,871
-631,-941,916
-676,-722,980
-686,-539,1043
-727,-394,1098
-821,-263,1145
-887,-100,1204
-889,100,1237
-863,314,1223
-834,517,1161
-778,726,1084
-702,901,1027
-630,1015,985
-581,1065,949
-541,1065,934
-494,1034,933
-441,994,929
-384,963,920
-328,928,908
-262,879,884
-212,812,854
-206,719,839
-196,597,827
-185,441,798
-147,254,744
-98,33,656
-72,-189,545
-42,-405,421
4,-598,292
72,-764,168
153,-900,52
242,-989,-52
323,-1050,-134
395,-1099,-208
444,-1143,-278
481,-1187,-355
513,-1222,-432
527,-1253,-493
527,-1281,-562
509,-1321,-662
471,-1373,-797
417,-1424,-959
370,-1453,-1113
333,-1424,-1237
311,-1346,-1341
279,-1241,-1428
204,-1104,-1486
50,-891,-1478
-33,-534,-1346
218,-8,-1052
699,551,-773
1005,972,-615
943,1452,-280
523,2125,276
-5,2788,778
-421,3169,1179
-865,2978,1478
-1101,2207,1654
-817,1075,1632
-242,-108,1358
51,-1072,1038
-99,-1561,844
-417,-1552,694
-668,-1224,539
-730,-734,370
-569,-258,188
-318,59,-16
-134,172,-274
-40,103,-567
-25,-74,-836
-41,-254,-1052
-64,-401,-1207
-107,-558,-1329
-175,-736,-1450
-254,-926,-1545
-295,-993,-1514
-203,-735,-1324
33,-107,-1035
395,846,-757
716,1920,-589
867,2749,-517
933,3125,-503
996,3013,-525
1027,2531,-534
1009,1893,-502
953,1284,-415
880,806,-328
853,505,-266
862,374,-220
861,369,-172
829,445,-135
749,510,-104
638,479,-67
542,382,-35
449,273,7
385,194,49
333,155,85
281,155,122
229,174,165
193,184,211
155,151,247
106,58,260
42,-74,239
-6,-206,196
-25,-303,148
-27,-347,96
-4,-335,50
23,-288,7
43,-193,-31
51,-77,-50
39,8,-56
9,17,-57
-40,-102,-71
-78,-385,-100
-127,-798,-148
-183,-1251,-198
-202,-1652,-245
-178,-1933,-287
-135,-2050,-288
-69,-2016,-229
10,-1929,-138
101,-1872,-72
193,-1856,-55
219,-1828,-74
-23,-1726,-71
-345,-1371,29
-614,-691,284
-922,79,491
-959,766,310
-330,1394,-143
610,1934,-462
1221,2293,-502
1212,2369,-364
589,2257,-244
-92,2228,-285
-488,2287,-447
-508,2245,-549
-261,1975,-515
-82,1462,-402
-92,857,-258
-178,351,-91
-230,-13,101
-233,-276,317
-247,-495,519
-306,-716,677
-355,-956,762
-410,-1181,814
-490,-1336,870
-537,-1412,923
-545,-1417,968
-575,-1349,1018
-616,-1228,1058
-641,-1092,1093
-675,-938,1120
-742,-751,1130
-825,-565,1121
-872,-381,1124
-895,-210,1131
-846,-15,1109
-742,256,1051
-628,562,991
-532,836,948
-440,1032,921
-352,1146,906
-264,1208,901
-154,1234,920
-55,1241,950
1,1224,968
26,1163,965
70,1035,928
105,815,867
104,492,789
74,86,707
44,-330,640
45,-730,566
87,-1083,481
126,-1369,377
154,-1576,257
183,-1701,148
220,-1775,60
278,-1820,-20
348,-1853,-92
434,-1867,-179
521,-1879,-300
574,-1871,-445
575,-1837,-598
537,-1757,-732
474,-1653,-841
426,-1546,-953
404,-1445,-1094
383,-1344,-1262
341,-1213,-1419
294,-1032,-1535
236,-810,-1596
148,-557,-1599
19,-288,-1553
-148,-6,-1464
-377,335,-1307
-545,789,-1036
-237,1380,-607
492,1888,-267
1135,2103,-87
1381,2326,345
778,2677,907
-227,2994,1252
-1143,3039,1457
-1790,2589,1569
-1875,1698,1532
-1283,589,1296
-525,-423,1003
-241,-1161,805
-428,-1515,692
-712,-1495,580
-906,-1247,394
-903,-908,181
-679,-594,-24
-445,-408,-286
-343,-392,-599
-237,-446,-869
-141,-503,-1087
-124,-557,-1275
-172,-639,-1434
-256,-736,-1558
-311,-832,-1647
-303,-811,-1663
-247,-537,-1528
-136,27,-1259
93,861,-980
409,1819,-793
658,2595,-693
764,3013,-639
786,3058,-595
810,2818,-559
861,2391,-522
874,1895,-460
830,1422,-373
776,1036,-283
777,807,-194
813,720,-125
838,720,-65
817,756,-14
753,766,34
673,724,64
576,634,86
484,526,115
403,434,152
346,372,190
325,336,219
308,303,223
296,260,208
297,185,178
288,69,136
260,-70,89
211,-228,24
160,-393,-47
105,-515,-105
44,-567,-151
-17,-542,-181
-57,-460,-202
-72,-394,-216
-77,-419,-231
-99,-595,-264
-141,-892,-301
-179,-1233,-335
-197,-1543,-355
-197,-1772,-369
-166,-1889,-361
-121,-1900,-324
-87,-1858,-264
-76,-1819,-196
-61,-1816,-136
-28,-1832,-97
42,-1818,-98
14,-1710,-112
-217,-1446,-90
-524,-951,7
-813,-281,211
-907,386,366
-610,923,243
107,1337,-70
750,1730,-373
912,2109,-563
610,2406,-583
111,2632,-532
-359,2865,-540
-677,3035,-620
-706,2953,-658
-470,2569,-590
-183,1965,-431
-70,1276,-247
-111,669,-73
-252,199,98
-369,-152,278
-432,-442,453
-428,-739,598
-388,-1066,692
-373,-1347,754
-402,-1508,802
-432,-1534,845
-453,-1469,891
-521,-1359,945
-605,-1185,1008
-650,-966,1068
-651,-757,1123
-648,-590,1176
-696,-469,1213
-796,-385,1245
-829,-275,1241
-793,-98,1193
-743,151,1131
-666,443,1075
-567,722,1038
-473,932,1018
-406,1052,1010
-354,1112,1006
-298,1157,995
-237,1170,991
-134,1145,988
-62,1071,970
-57,942,915
-96,729,842
-154,465,766
-198,172,691
-216,-126,618
-212,-430,532
-177,-721,422
-132,-985,296
-81,-1206,166
-41,-1357,39
0,-1437,-74
54,-1459,-170
142,-1447,-239
256,-1422,-292
381,-1406,-335
488,-1397,-363
550,-1370,-398
569,-1306,-443
545,-1212,-518
520,-1110,-632
518,-1034,-795
505,-984,-995
460,-933,-1200
415,-853,-1353
396,-738,-1444
369,-610,-1489
269,-489,-1509
83,-369,-1497
-144,-233,-1446
-407,-44,-1310
-724,256,-1089
-711,762,-721
14,1354,-317
1080,1681,-60
1818,1886,391
1483,2194,1037
397,2453,1437
-562,2488,1668
-1056,2154,1816
-1248,1342,1765
-1004,247,1578
-506,-812,1297
-175,-1587,1045
-126,-1935,858
-282,-1906,655
-512,-1635,394
-646,-1293,92
-578,-978,-212
-394,-750,-527
-176,-601,-848
17,-508,-1107
141,-394,-1266
156,-272,-1398
88,-191,-1517
-1,-219,-1595
-82,-356,-1638
-167,-485,-1637
-189,-489,-1572
-136,-308,-1414
-59,114,-1148
112,848,-829
404,1776,-579
695,2594,-430
854,3048,-359
863,3095,-323
798,2806,-314
749,2284,-317
718,1665,-300
652,1100,-267
594,692,-244
580,495,-201
595,444,-142
626,454,-103
624,472,-97
591,483,-108
533,461,-122
489,421,-117
450,389,-90
418,377,-54
363,384,1
301,389,54
249,365,96
228,296,132
257,177,142
305,20,125
338,-122,90
354,-216,49
340,-256,12
297,-238,-4
221,-181,-12
119,-136,-17
14,-159,-19
-67,-318,-26
-102,-612,-41
-87,-948,-70
-35,-1218,-102
30,-1333,-118
98,-1295,-117
174,-1195,-119
232,-1136,-121
245,-1151,-99
222,-1240,-60
200,-1396,-11
215,-1590,41
268,-1764,56
243,-1834,65
13,-1773,118
-175,-1463,210
-284,-913,361
-427,-330,457
-381,250,230
91,976,-204
690,1745,-561
1066,2297,-683
993,2582,-610
433,2710,-544
-105,2850,-594
-388,2931,-669
-384,2783,-629
-149,2379,-480
70,1818,-287
107,1233,-64
-5,699,176
-117,234,401
-192,-165,615
-260,-555,779
-375,-963,862
-513,-1353,886
-619,-1632,906
-625,-1740,941
-577,-1715,978
-568,-1624,999
-602,-1483,1001
-626,-1297,1028
-623,-1122,1079
-646,-970,1136
-726,-814,1166
-809,-626,1153
-843,-365,1096
-801,-32,1038
-711,317,997
-607,631,978
-511,883,965
-412,1054,960
-321,1150,958
-242,1203,967
-152,1216,977
-52,1193,969
29,1116,955
75,990,941
80,813,935
41,561,925
1,257,905
-27,-56,868
-39,-367,794
-41,-649,694
-17,-890,579
36,-1099,449
106,-1267,319
185,-1391,193
261,-1464,79
311,-1492,-23
363,-1493,-108
428,-1459,-193
508,-1403,-276
567,-1334,-354
582,-1251,-435
550,-1156,-516
487,-1051,-614
414,-951,-736
361,-876,-879
319,-860,-1059
275,-896,-1255
223,-948,-1422
177,-967,-1536
157,-917,-1565
128,-793,-1525
28,-611,-1462
-195,-344,-1338
-488,91,-1104
-428,762,-702
87,1458,-339
784,1955,-40
1225,2453,487
923,3000,1055
227,3362,1381
-393,3289,1655
-940,2560,1862
-1180,1331,1830
-752,106,1581
-237,-923,1249
-122,-1645,990
-309,-1960,802
-547,-1939,577
-755,-1692,335
-763,-1344,107
-548,-967,-131
-304,-669,-406
-134,-508,-719
-38,-449,-1018
7,-409,-1248
-18,-359,-1389
-82,-381,-1483
-160,-491,-1559
-297,-699,-1610
-392,-875,-1602
-395,-843,-1482
-346,-487,-1187
-170,259,-830
171,1385,-542
572,2536,-360
833,3331,-260
908,3621,-222
889,3450,-222
800,2926,-219
705,2194,-190
647,1390,-157
581,684,-120
548,242,-67
583,64,-9
634,45,31
633,82,23
577,102,-5
487,78,-31
426,46,-51
385,26,-63
335,26,-59
273,46,-30
223,92,21
221,141,69
232,174,103
224,172,121
206,131,118
192,56,97
202,-9,79
243,-43,55
295,-24,16
313,47,-15
276,153,-18
180,241,-7
57,250,-1
-59,95,9
-146,-232,10
-195,-676,-9
-199,-1099,-22
-167,-1377,-20
-87,-1462,-12
20,-1376,-8
121,-1219,20
178,-1092,65
178,-1063,118
165,-1139,172
169,-1291,232
217,-1468,269
220,-1581,276
-9,-1562,297
-263,-1303,357
-390,-806,476
-471,-291,583
-318,137,439
220,619,48
972,1233,-318
1447,1757,-530
1354,2056,-567
757,2254,-569
177,2483,-701
-14,2631,-881
91,2538,-907
221,2148,-776
294,1557,-592
283,923,-368
167,382,-116
58,-48,116
0,-422,337
-42,-781,516
-133,-1094,655
-325,-1325,780
-461,-1482,877
-509,-1575,937
-548,-1547,994
-606,-1381,1055
-637,-1165,1106
-656,-971,1126
-716,-820,1141
-781,-701,1177
-861,-600,1236
-967,-482,1289
-1042,-303,1277
-1040,-38,1193
-965,325,1069
-839,711,935
-726,1016,824
-652,1193,762
-582,1266,748
-504,1269,761
-414,1222,780
-314,1142,778
-235,1034,757
-192,908,727
-187,761,684
-196,584,628
-196,375,581
-164,138,556
-104,-115,541
-27,-389,533
53,-669,508
103,-941,461
125,-1191,388
117,-1387,310
84,-1521,243
56,-1578,171
55,-1568,88
98,-1511,-4
189,-1423,-112
288,-1327,-233
357,-1248,-349
377,-1199,-451
352,-1171,-532
323,-1171,-608
332,-1157,-701
381,-1103,-808
432,-993,-934
456,-837,-1081
461,-648,-1219
449,-460,-1338
397,-279,-1407
285,-105,-1412
123,69,-1365
-80,255,-1268
-308,448,-1117
-546,652,-923
-549,928,-634
-23,1236,-318
730,1345,-143
1199,1317,122
940,1446,637
135,1682,1012
-764,1756,1149
-1274,1586,1213
-1334,1182,1200
-1006,541,1107
-522,-157,982
-232,-771,856
-271,-1148,804
-475,-1214,742
-653,-1058,587
-715,-833,392
-661,-677,175
-551,-620,-72
-419,-612,-350
-241,-604,-657
-91,-528,-926
-55,-345,-1132
-78,-138,-1292
-72,24,-1434
-81,84,-1534
-135,32,-1587
-181,4,-1562
-123,105,-1443
-52,347,-1197
97,814,-868
381,1510,-574
745,2306,-394
1060,2914,-317
1236,3157,-295
1276,3028,-300
1223,2597,-309
1131,1977,-303
1044,1275,-283
944,632,-258
836,165,-234
777,-71,-213
764,-135,-193
759,-105,-192
717,-56,-195
662,-28,-203
603,-27,-214
565,-26,-208
536,16,-183
523,98,-150
535,214,-110
546,321,-74
538,383,-46
488,378,-19
411,293,6
319,156,10
237,3,-7
174,-123,-31
138,-208,-62
139,-233,-99
154,-186,-149
152,-87,-190
97,42,-207
-17,152,-199
-169,167,-177
-342,41,-141
-469,-209,-109
-529,-553,-82
-519,-892,-57
-450,-1137,-42
-352,-1216,-31
-260,-1163,-12
-170,-1054,12
-80,-976,39
-18,-979,60
16,-1070,77
29,-1236,97
72,-1432,95
66,-1578,84
-155,-1612,88
-420,-1423,139
-601,-1031,279
-627,-627,389
-294,-313,248
361,11,-85
1025,482,-417
1323,958,-638
1051,1335,-735
451,1698,-774
-30,2145,-902
-193,2553,-1068
-95,2738,-1085
103,2620,-942
248,2240,-732
249,1728,-496
101,1176,-262
-66,612,-37
-168,104,226
-222,-319,519
-267,-694,759
-374,-999,925
-490,-1242,1025
-564,-1402,1107
-588,-1433,1195
-607,-1322,1264
-642,-1149,1292
-694,-975,1283
-770,-813,1270
