590,-2224,-3530
489,-2364,-3312
232,-2987,-3204
698,-2559,-3267
599,-2835,-3039
418,-3528,-2707
975,-2397,-3276
860,-2364,-3124
722,-2333,-3100
448,-2167,-3267
115,-2282,-3299
47,-2271,-3233
115,-2172,-3178
136,-2257,-3168
188,-2396,-3110
195,-2550,-3027
225,-2623,-3012
295,-2667,-3109
315,-2677,-3252
271,-2595,-3183
203,-2481,-3074
212,-2481,-3112
275,-2568,-3180
340,-2599,-3171
371,-2571,-3125
392,-2554,-3155
448,-2589,-3276
505,-2574,-3342
537,-2503,-3327
591,-2433,-3280
600,-2365,-3223
582,-2318,-3146
596,-2322,-3120
642,-2357,-3163
698,-2406,-3201
743,-2457,-3213
764,-2542,-3207
739,-2625,-3148
680,-2664,-3077
607,-2643,-3018
517,-2556,-2979
442,-2446,-2992
375,-2352,-3056
302,-2274,-3119
233,-2181,-3171
156,-2123,-3229
91,-2113,-3315
51,-2088,-3351
11,-2096,-3412
-38,-2030,-3432
-129,-1881,-3417
-228,-1816,-3337
-318,-1840,-3222
-364,-1913,-3171
-369,-2049,-3181
-345,-2094,-3151
-319,-2146,-3158
-329,-2224,-3237
-409,-2180,-3327
-513,-2044,-3348
-631,-1972,-3260
-737,-1930,-3148
-771,-1975,-3102
-739,-2122,-3110
-701,-2225,-3153
-673,-2231,-3136
-668,-2268,-3096
-685,-2308,-3067
-692,-2277,-3037
-675,-2210,-3009
-651,-2134,-3000
-615,-2063,-2995
-558,-2033,-3007
-504,-2022,-3051
-456,-2006,-3100
-434,-2018,-3165
-438,-2033,-3214
-461,-2030,-3255
-489,-2010,-3279
-501,-1974,-3279
-473,-1955,-3256
-430,-1959,-3214
-366,-1967,-3128
-294,-2098,-3120
-259,-2092,-3109
-256,-2154,-3167
-258,-2139,-3206
-259,-2109,-3256
-256,-2081,-3333
-258,-2048,-3408
-242,-2018,-3456
-219,-1981,-3487
-197,-1972,-3534
-183,-1986,-3583
-171,-1991,-3626
-161,-1987,-3661
-152,-1987,-3696
-135,-2006,-3723
-111,-2006,-3727
-88,-1989,-3745
-60,-2007,-3768
-28,-2038,-3774
-1,-2008,-3772
17,-1990,-3782
29,-1978,-3804
30,-1966,-3819
27,-1975,-3816
16,-1961,-3753
-20,-1928,-3697
-45,-1861,-3663
-56,-1810,-3656
-51,-1744,-3669
-37,-1696,-3673
-12,-1684,-3686
22,-1695,-3693
37,-1749,-3690
44,-1804,-3740
41,-1761,-3802
15,-1689,-3887
-3,-1647,-3999
-12,-1618,-4086
6,-1630,-4140
33,-1630,-4147
41,-1637,-4142
25,-1611,-4121
-6,-1559,-4070
-55,-1525,-4026
-100,-1516,-3971
-118,-1532,-3916
-112,-1536,-3869
-111,-1567,-3811
-111,-1652,-3764
-87,-1709,-3728
-65,-1711,-3703
-42,-1684,-3678
-33,-1653,-3658
-41,-1643,-3655
-59,-1623,-3650
-68,-1635,-3659
-67,-1685,-3687
-73,-1699,-3724
-69,-1674,-3748
-76,-1653,-3780
-85,-1618,-3783
-100,-1651,-3828
-101,-1629,-3853
-92,-1573,-3846
-88,-1559,-3850
-95,-1571,-3858
-98,-1584,-3854
-97,-1606,-3852
-88,-1633,-3848
-74,-1639,-3842
-60,-1653,-3851
-50,-1637,-3837
-58,-1640,-3835
-70,-1638,-3828
-89,-1644,-3847
-72,-1624,-3840
-66,-1634,-3837
-61,-1637,-3841
-63,-1630,-3843
-62,-1621,-3837
-63,-1613,-3878
-36,-1589,-3829
-43,-1593,-3814
-63,-1600,-3816
-80,-1605,-3815
-80,-1606,-3823
-82,-1612,-3859
-40,-1608,-3801
-30,-1623,-3771
-54,-1646,-3756
-86,-1652,-3751
-100,-1654,-3747
-107,-1632,-3823
-73,-1634,-3765
-67,-1642,-3719
-95,-1657,-3710
-113,-1650,-3730
-100,-1636,-3731
-84,-1636,-3722
-80,-1631,-3721
-80,-1613,-3724
-82,-1597,-3732
-74,-1595,-3735
-72,-1607,-3746
-80,-1595,-3757
-92,-1600,-3760
-99,-1622,-3763
-98,-1620,-3775
-87,-1607,-3791
-86,-1620,-3791
-82,-1613,-3778
-83,-1603,-3770
-75,-1604,-3766
-76,-1629,-3758
-73,-1617,-3753
-78,-1585,-3767
-71,-1561,-3782
-42,-1574,-3774
-25,-1603,-3731
-20,-1612,-3686
-36,-1630,-3696
-34,-1622,-3665
-33,-1598,-3669
-41,-1603,-3701
-36,-1580,-3709
-49,-1569,-3741
-56,-1556,-3758
-62,-1540,-3781
-60,-1512,-3789
-56,-1487,-3767
-66,-1475,-3736
-80,-1477,-3721
-84,-1473,-3709
-86,-1468,-3663
-95,-1505,-3646
-103,-1551,-3652
-106,-1609,-3665
-94,-1625,-3660
-95,-1672,-3696
-88,-1718,-3705
-68,-1797,-3727
-34,-1729,-3734
-29,-1591,-3721
-54,-1518,-3720
-85,-1485,-3725
-110,-1475,-3720
-105,-1503,-3743
-73,-1529,-3766
-49,-1528,-3772
-31,-1561,-3789
-25,-1591,-3795
-28,-1625,-3813
-37,-1634,-3827
-38,-1634,-3823
-45,-1624,-3851
-58,-1579,-3865
-68,-1566,-3878
-77,-1591,-3894
-82,-1617,-3894
-70,-1613,-3910
-61,-1583,-3923
-49,-1581,-3952
-28,-1544,-3954
-31,-1455,-3922
-58,-1453,-3910
-78,-1500,-3908
-72,-1555,-3897
-53,-1610,-3860
-76,-1557,-3783
-175,-1539,-3726
-102,-1526,-3803
-43,-1458,-3890
-52,-1367,-3828
-116,-1409,-3784
-169,-1487,-3772
-180,-1531,-3730
-156,-1547,-3706
-108,-1567,-3684
-61,-1565,-3687
-40,-1565,-3680
-54,-1575,-3709
-76,-1551,-3754
-102,-1513,-3809
-110,-1467,-3860
-114,-1446,-3905
-104,-1453,-3928
-100,-1459,-3938
-95,-1494,-3969
-73,-1549,-3983
-49,-1556,-3994
-22,-1513,-4014
1,-1490,-4026
3,-1505,-4007
3,-1537,-4008
7,-1549,-4010
22,-1541,-3993
25,-1528,-3973
15,-1509,-3961
1,-1481,-3947
-17,-1462,-3926
-26,-1455,-3905
-32,-1467,-3882
-35,-1483,-3854
-26,-1493,-3831
-26,-1502,-3812
-28,-1498,-3800
-37,-1491,-3791
-54,-1485,-3789
-62,-1471,-3788
-68,-1464,-3793
-69,-1460,-3800
-68,-1458,-3803
-68,-1457,-3807
-68,-1463,-3808
-64,-1468,-3810
-58,-1470,-3813
-55,-1468,-3818
-49,-1472,-3823
-43,-1478,-3825
-37,-1485,-3824
-36,-1491,-3825
-33,-1495,-3833
-32,-1491,-3839
-32,-1488,-3843
-57,-1508,-3938
-20,-1536,-3856
-29,-1528,-3834
-49,-1499,-3849
-65,-1475,-3846
-58,-1474,-3851
-46,-1478,-3853
-39,-1483,-3849
-37,-1486,-3842
-35,-1486,-3834
-41,-1488,-3825
-45,-1486,-3823
-48,-1486,-3817
-46,-1482,-3815
-48,-1480,-3817
-52,-1480,-3821
-55,-1479,-3826
-60,-1477,-3831
-62,-1475,-3835
-65,-1473,-3834
-66,-1475,-3831
-63,-1476,-3827
-58,-1477,-3824
-57,-1477,-3823
-60,-1482,-3822
-59,-1485,-3821
-59,-1484,-3820
-56,-1482,-3817
-51,-1482,-3821
-54,-1484,-3814
-53,-1491,-3806
-48,-1493,-3809
-45,-1491,-3815
-43,-1489,-3815
-42,-1491,-3813
-45,-1496,-3813
-46,-1499,-3814
-43,-1498,-3813
-41,-1495,-3816
-45,-1489,-3819
-43,-1485,-3823
-46,-1479,-3826
-48,-1478,-3834
-51,-1477,-3836
-53,-1475,-3837
-53,-1476,-3835
-47,-1481,-3831
-42,-1481,-3832
-40,-1483,-3846
2,-1473,-3785
-13,-1493,-3791
-44,-1470,-3822
-62,-1454,-3837
-63,-1453,-3843
-54,-1465,-3846
-46,-1473,-3840
-46,-1481,-3829
-47,-1480,-3817
-51,-1487,-3815
-49,-1489,-3812
-49,-1485,-3813
-47,-1480,-3817
-44,-1477,-3823
-49,-1478,-3828
-50,-1480,-3822
-50,-1482,-3826
-49,-1479,-3823
-54,-1479,-3822
-54,-1479,-3820
-55,-1479,-3823
-57,-1480,-3823
-55,-1478,-3821
-55,-1480,-3819
-58,-1481,-3817
-60,-1481,-3815
-61,-1479,-3815
-60,-1482,-3813
-56,-1483,-3813
-57,-1485,-3812
-51,-1482,-3813
-48,-1480,-3819
-47,-1472,-3828
-48,-1463,-3838
-82,-1472,-3982
-35,-1470,-3871
-37,-1473,-3839
-70,-1461,-3863
-87,-1444,-3880
-76,-1436,-3895
-56,-1438,-3898
-43,-1445,-3900
-46,-1451,-3890
-50,-1455,-3880
-51,-1461,-3874
-28,-1427,-3846
-28,-1477,-3815
-44,-1473,-3822
-65,-1462,-3832
-69,-1459,-3830
-62,-1464,-3826
-55,-1467,-3826
-50,-1471,-3827
-42,-1472,-3823
-45,-1469,-3823
-49,-1469,-3828
-50,-1464,-3838
-53,-1458,-3844
-57,-1457,-3846
-56,-1452,-3848
-54,-1454,-3845
-47,-1456,-3836
-40,-1463,-3826
-38,-1470,-3822
-31,-1477,-3816
-26,-1480,-3811
-27,-1482,-3813
-25,-1478,-3822
-29,-1470,-3827
-38,-1468,-3839
-41,-1462,-3846
-43,-1455,-3846
-46,-1449,-3851
-49,-1450,-3856
-49,-1452,-3861
-49,-1452,-3854
-43,-1454,-3851
-45,-1456,-3848
-52,-1458,-3848
-59,-1453,-3849
-60,-1450,-3852
-65,-1449,-3850
-70,-1450,-3850
-73,-1455,-3850
-75,-1455,-3849
-81,-1460,-3843
-82,-1467,-3834
-83,-1469,-3824
-79,-1471,-3819
-80,-1476,-3816
-80,-1479,-3812
-71,-1478,-3812
-68,-1481,-3810
-70,-1485,-3806
-73,-1483,-3800
-70,-1486,-3801
-63,-1486,-3799
-58,-1486,-3800
-57,-1488,-3800
-53,-1486,-3806
-59,-1483,-3814
-59,-1481,-3820
-60,-1480,-3821
-58,-1478,-3826
-58,-1475,-3828
-56,-1475,-3825
-53,-1474,-3827
-47,-1477,-3825
-50,-1475,-3829
-51,-1472,-3837
-46,-1465,-3842
-42,-1459,-3847
-44,-1455,-3850
-42,-1454,-3852
-43,-1459,-3851
-43,-1467,-3851
-40,-1470,-3848
-41,-1472,-3844
-47,-1473,-3844
-46,-1475,-3835
-50,-1476,-3833
-52,-1470,-3831
-54,-1474,-3829
-53,-1474,-3831
-53,-1474,-3826
-51,-1476,-3823
-54,-1474,-3825
-56,-1472,-3825
-57,-1468,-3823
-60,-1471,-3826
-61,-1468,-3826
-62,-1461,-3828
-61,-1458,-3832
-62,-1457,-3834
-100,-1477,-3992
-40,-1557,-3893
-30,-1544,-3808
-72,-1483,-3828
-103,-1430,-3847
-108,-1419,-3858
-86,-1433,-3863
-66,-1447,-3866
-47,-1462,-3854
-52,-1467,-3843
-58,-1469,-3837
-59,-1471,-3827
-57,-1465,-3828
-61,-1466,-3834
-60,-1460,-3834
-60,-1461,-3838
-65,-1465,-3838
-64,-1463,-3834
-64,-1463,-3832
-62,-1465,-3832
-59,-1465,-3835
-57,-1467,-3836
-58,-1465,-3840
-61,-1466,-3841
-62,-1466,-3838
-61,-1460,-3839
-62,-1459,-3838
-64,-1454,-3838
-61,-1454,-3836
-61,-1458,-3834
-58,-1461,-3835
-60,-1465,-3836
-64,-1467,-3835
-59,-1465,-3834
-57,-1463,-3835
-56,-1465,-3835
-56,-1464,-3834
-57,-1462,-3832
-57,-1463,-3830
-55,-1470,-3832
-49,-1476,-3830
-48,-1478,-3826
-49,-1478,-3824
-54,-1476,-3823
-55,-1474,-3822
-55,-1470,-3824
-53,-1469,-3831
-53,-1469,-3836
-54,-1466,-3842
-59,-1465,-3847
-63,-1463,-3847
-63,-1460,-3844
-64,-1460,-3843
-61,-1462,-3846
-63,-1462,-3844
-65,-1462,-3844
-70,-1463,-3842
-71,-1463,-3846
-69,-1460,-3844
-69,-1461,-3843
-71,-1460,-3840
-73,-1458,-3841
-70,-1463,-3840
-68,-1466,-3834
-68,-1467,-3833
-69,-1469,-3828
-67,-1469,-3830
-67,-1463,-3832
-69,-1463,-3836
-65,-1466,-3838
-65,-1466,-3835
-62,-1467,-3831
-60,-1463,-3827
-60,-1469,-3822
-57,-1473,-3821
-54,-1474,-3822
-53,-1477,-3820
-50,-1480,-3822
-48,-1478,-3822
-48,-1479,-3822
-45,-1480,-3826
-45,-1479,-3827
-43,-1476,-3827
-47,-1475,-3830
-45,-1475,-3835
-46,-1476,-3834
-50,-1472,-3836
-54,-1468,-3835
-64,-1467,-3835
-64,-1465,-3836
-65,-1464,-3840
-64,-1465,-3837
-60,-1466,-3839
-57,-1466,-3840
-61,-1467,-3837
-60,-1470,-3834
-61,-1471,-3826
-64,-1472,-3821
-61,-1471,-3821
-62,-1472,-3822
-64,-1469,-3823
-67,-1470,-3827
-66,-1471,-3829
-68,-1468,-3832
-68,-1467,-3829
-70,-1469,-3828
-66,-1471,-3828
-66,-1474,-3825
-61,-1476,-3822
-58,-1474,-3822
-60,-1471,-3824
-62,-1469,-3829
-65,-1466,-3830
-62,-1467,-3835
-61,-1462,-3833
-59,-1457,-3835
-59,-1459,-3837
-59,-1461,-3840
-60,-1464,-3835
-55,-1468,-3831
-55,-1472,-3827
-53,-1472,-3829
-53,-1469,-3831
-55,-1466,-3832
-57,-1463,-3835
-60,-1463,-3838
-61,-1460,-3837
-62,-1463,-3838
-63,-1465,-3838
-64,-1463,-3837
-64,-1460,-3841
-62,-1461,-3840
-61,-1460,-3834
-61,-1461,-3838
-58,-1461,-3838
-55,-1466,-3838
-55,-1467,-3837
-55,-1463,-3835
-55,-1464,-3830
-60,-1465,-3831
-59,-1461,-3830
-62,-1463,-3828
-64,-1470,-3828
-61,-1471,-3836
-59,-1465,-3838
-59,-1460,-3840
-60,-1455,-3841
-59,-1455,-3843
-56,-1455,-3844
-56,-1461,-3848
-54,-1463,-3845
-50,-1463,-3840
-52,-1464,-3838
-54,-1462,-3836
-53,-1463,-3830
-55,-1468,-3826
-51,-1468,-3828
-50,-1470,-3829
-51,-1463,-3830
-54,-1463,-3833
-56,-1462,-3837
-61,-1461,-3838
-58,-1459,-3842
-57,-1455,-3842
-59,-1456,-3845
-60,-1458,-3843
-59,-1464,-3841
-58,-1462,-3836
-60,-1462,-3838
-58,-1459,-3839
-62,-1460,-3838
-59,-1457,-3837
-60,-1456,-3838
-57,-1461,-3839
-56,-1464,-3835
-56,-1464,-3835
-52,-1464,-3839
-53,-1463,-3839
-53,-1467,-3848
4,-1493,-3800
1,-1532,-3773
-46,-1480,-3804
-92,-1431,-3839
-105,-1412,-3856
-91,-1428,-3863
-69,-1438,-3870
-56,-1456,-3858
-51,-1464,-3845
-50,-1473,-3831
-53,-1481,-3820
-55,-1472,-3818
-56,-1467,-3818
-59,-1457,-3823
-60,-1449,-3830
-61,-1452,-3835
-62,-1452,-3840
-59,-1456,-3845
-56,-1455,-3848
-56,-1452,-3851
-58,-1452,-3850
-55,-1454,-3851
-60,-1456,-3852
-61,-1457,-3855
-59,-1457,-3853
-63,-1460,-3851
-64,-1459,-3846
-62,-1462,-3841
-65,-1462,-3836
-64,-1465,-3829
-63,-1468,-3830
-63,-1469,-3829
-61,-1467,-3830
-67,-1469,-3827
-73,-1466,-3831
-84,-1462,-3834
-91,-1458,-3837
-94,-1453,-3839
-94,-1451,-3843
-92,-1453,-3841
-87,-1455,-3833
-83,-1453,-3830
-82,-1453,-3826
-78,-1457,-3826
-75,-1459,-3823
-67,-1465,-3816
-65,-1471,-3814
-60,-1472,-3812
-57,-1481,-3815
-56,-1480,-3818
-59,-1475,-3824
-61,-1471,-3826
-61,-1470,-3827
-63,-1470,-3833
-62,-1467,-3834
-60,-1466,-3839
-59,-1465,-3841
-63,-1464,-3846
-64,-1463,-3845
-62,-1464,-3844
-65,-1466,-3842
-63,-1467,-3840
-62,-1467,-3833
-65,-1469,-3830
-64,-1473,-3831
-65,-1468,-3834
-67,-1468,-3835
-68,-1465,-3836
-72,-1466,-3832
-71,-1467,-3827
-72,-1470,-3831
-69,-1468,-3830
-69,-1464,-3831
-70,-1463,-3829
-69,-1466,-3824
-71,-1470,-3819
-70,-1473,-3817
-66,-1471,-3816
-69,-1469,-3816
-67,-1469,-3818
-68,-1465,-3828
-71,-1462,-3835
-71,-1462,-3837
-71,-1462,-3840
-69,-1465,-3841
-67,-1470,-3837
-64,-1470,-3834
-60,-1472,-3828
-59,-1473,-3823
-56,-1472,-3825
-59,-1469,-3830
-60,-1465,-3834
-64,-1468,-3835
-65,-1466,-3834
-68,-1467,-3831
-69,-1465,-3830
-69,-1459,-3833
-69,-1459,-3835
-72,-1460,-3834
-72,-1456,-3838
-73,-1451,-3845
-70,-1453,-3840
-72,-1455,-3842
-72,-1455,-3839
-70,-1453,-3840
-68,-1455,-3840
-70,-1459,-3837
-69,-1464,-3839
-62,-1463,-3841
-66,-1462,-3844
-67,-1460,-3844
-69,-1456,-3844
-70,-1457,-3841
-70,-1458,-3838
-70,-1465,-3836
-65,-1466,-3836
-61,-1464,-3835
-61,-1466,-3832
-61,-1467,-3832
-61,-1462,-3833
-62,-1464,-3836
-63,-1460,-3839
-65,-1462,-3838
-63,-1461,-3836
-61,-1467,-3835
-64,-1464,-3834
-62,-1462,-3833
-62,-1459,-3836
-59,-1464,-3836
-61,-1461,-3838
-64,-1456,-3837
-65,-1454,-3839
-64,-1454,-3840
-63,-1454,-3839
-61,-1455,-3834
-59,-1457,-3834
-61,-1458,-3834
-65,-1460,-3834
-70,-1457,-3837
-72,-1457,-3837
-68,-1458,-3836
-62,-1461,-3834
-65,-1463,-3836
-65,-1463,-3835
-65,-1460,-3834
-64,-1459,-3832
-62,-1461,-3835
-62,-1459,-3837
-67,-1461,-3838
-70,-1460,-3840
-68,-1460,-3840
-71,-1456,-3841
-69,-1455,-3842
-70,-1454,-3845
-71,-1455,-3848
-68,-1454,-3845
-70,-1458,-3847
-67,-1456,-3847
-69,-1455,-3846
-65,-1454,-3848
-67,-1448,-3850
-72,-1449,-3846
-70,-1451,-3843
-70,-1455,-3840
-70,-1458,-3841
-66,-1456,-3839
-94,-1475,-3979
-37,-1539,-3880
-40,-1524,-3812
-88,-1472,-3827
-112,-1434,-3841
-100,-1430,-3845
-74,-1438,-3849
-59,-1452,-3854
-54,-1464,-3842
-58,-1465,-3831
-64,-1462,-3827
-66,-1462,-3830
-61,-1457,-3837
-60,-1455,-3841
-63,-1451,-3850
-68,-1445,-3858
-73,-1444,-3856
-75,-1444,-3857
-73,-1451,-3857
-70,-1455,-3855
-67,-1460,-3852
-68,-1462,-3848
-67,-1462,-3846
-68,-1460,-3836
-69,-1464,-3831
-69,-1467,-3831
-71,-1466,-3827
-74,-1466,-3830
-73,-1465,-3829
-80,-1464,-3829
-82,-1463,-3837
-84,-1463,-3838
-84,-1460,-3838
-85,-1456,-3838
-88,-1456,-3835
-86,-1455,-3834
-84,-1456,-3828
-79,-1462,-3821
-71,-1465,-3819
-64,-1468,-3817
-59,-1470,-3818
-61,-1473,-3818
-59,-1472,-3815
-60,-1469,-3822
-57,-1469,-3825
-61,-1470,-3828
-60,-1473,-3829
-62,-1474,-3833
-60,-1467,-3836
-63,-1461,-3842
-64,-1456,-3843
-66,-1454,-3844
-68,-1458,-3848
-66,-1459,-3846
-69,-1454,-3836
-69,-1456,-3834
-63,-1459,-3831
-58,-1456,-3831
-59,-1457,-3833
-64,-1456,-3837
-64,-1454,-3840
-61,-1454,-3838
-63,-1455,-3835
-62,-1457,-3832
-60,-1460,-3831
-61,-1461,-3830
-62,-1462,-3830
-65,-1461,-3831
-69,-1462,-3833
-72,-1463,-3835
-69,-1464,-3832
-70,-1468,-3829
-72,-1465,-3829
-67,-1466,-3827
-67,-1471,-3826
-63,-1471,-3827
-61,-1468,-3833
-60,-1467,-3836
-61,-1467,-3840
-58,-1471,-3839
-52,-1475,-3833
-53,-1473,-3831
-57,-1475,-3831
-60,-1476,-3829
-61,-1476,-3829
-57,-1477,-3833
-53,-1476,-3835
-51,-1476,-3834
-53,-1476,-3835
-58,-1470,-3840
-61,-1468,-3839
-61,-1469,-3842
-64,-1466,-3841
-65,-1466,-3843
-67,-1468,-3843
-72,-1470,-3842
-71,-1470,-3835
-69,-1466,-3836
-70,-1468,-3832
-71,-1466,-3836
-68,-1466,-3836
-66,-1465,-3835
-65,-1467,-3832
-63,-1473,-3834
-65,-1472,-3830
-62,-1475,-3830
-62,-1473,-3823
-60,-1474,-3821
-59,-1474,-3824
-63,-1474,-3822
-58,-1475,-3821
-60,-1475,-3822
-58,-1475,-3824
-56,-1477,-3833
-57,-1475,-3833
-60,-1474,-3836
-58,-1470,-3836
-58,-1470,-3835
-60,-1469,-3833
-59,-1465,-3834
-59,-1466,-3832
-55,-1468,-3835
-59,-1467,-3835
-59,-1468,-3833
-58,-1469,-3835
-61,-1471,-3835
-61,-1472,-3837
-62,-1471,-3832
-62,-1468,-3833
-61,-1466,-3832
-63,-1468,-3830
-55,-1468,-3831
-57,-1467,-3830
-57,-1465,-3831
-57,-1470,-3833
-56,-1472,-3836
-61,-1469,-3839
-62,-1469,-3842
-59,-1466,-3841
-57,-1468,-3836
-58,-1469,-3835
-61,-1469,-3835
-63,-1472,-3829
-61,-1474,-3827
-57,-1473,-3830
-59,-1475,-3828
-59,-1475,-3829
-59,-1472,-3826
-55,-1470,-3829
-57,-1470,-3833
-53,-1470,-3836
-54,-1468,-3837
-58,-1468,-3838
-61,-1466,-3838
-62,-1464,-3838
-58,-1464,-3843
-56,-1468,-3844
-53,-1472,-3841
-53,-1475,-3843
-55,-1473,-3846
-56,-1465,-3855
-58,-1466,-3859
-60,-1459,-3867
-61,-1455,-3868
-61,-1458,-3866
-66,-1463,-3862
-66,-1469,-3853
-65,-1471,-3854
-62,-1473,-3851
-56,-1474,-3849
-56,-1478,-3843
-59,-1481,-3840
-56,-1485,-3832
-52,-1487,-3826
-44,-1492,-3816
-44,-1490,-3814
-42,-1496,-3813
-39,-1499,-3812
-40,-1508,-3809
-43,-1511,-3810
-45,-1504,-3811
-46,-1501,-3813
-53,-1501,-3818
-58,-1499,-3822
-61,-1502,-3821
-59,-1509,-3820
-55,-1514,-3819
-50,-1513,-3820
-45,-1518,-3812
-39,-1520,-3803
-38,-1515,-3800
-41,-1511,-3796
-42,-1510,-3796
-42,-1517,-3796
-40,-1525,-3800
-36,-1527,-3807
-39,-1526,-3813
-39,-1528,-3813
-38,-1528,-3815
-39,-1525,-3813
-42,-1529,-3809
-42,-1530,-3809
-48,-1536,-3808
-52,-1536,-3797
-61,-1538,-3788
-65,-1535,-3783
-63,-1536,-3783
-62,-1541,-3784
-61,-1543,-3782
-60,-1543,-3785
-56,-1543,-3788
-53,-1541,-3791
-55,-1537,-3800
-56,-1534,-3810
-58,-1531,-3814
-55,-1531,-3817
-56,-1531,-3822
-52,-1534,-3815
-54,-1534,-3807
-49,-1535,-3798
-41,-1539,-3788
-35,-1542,-3777
-32,-1548,-3770
-30,-1553,-3764
-30,-1554,-3759
-27,-1553,-3757
-28,-1552,-3757
-32,-1545,-3763
-38,-1538,-3772
-42,-1532,-3778
-46,-1528,-3789
-48,-1529,-3797
-44,-1527,-3801
-48,-1523,-3806
-45,-1520,-3810
-45,-1518,-3812
-47,-1520,-3812
-46,-1516,-3810
-42,-1515,-3810
-40,-1513,-3812
-66,-1526,-3918
-28,-1559,-3831
-35,-1544,-3803
-58,-1518,-3811
-70,-1492,-3820
-73,-1484,-3831
-72,-1496,-3882
-28,-1521,-3825
-42,-1522,-3827
-60,-1501,-3844
-76,-1482,-3858
-76,-1481,-3867
-65,-1483,-3874
-61,-1483,-3879
-54,-1489,-3880
-55,-1492,-3877
-58,-1488,-3873
-57,-1491,-3869
-51,-1489,-3859
-51,-1497,-3851
-48,-1503,-3840
-48,-1500,-3831
-45,-1500,-3826
-45,-1501,-3823
-46,-1504,-3823
-47,-1501,-3821
-48,-1497,-3823
-52,-1493,-3821
-53,-1488,-3816
-55,-1489,-3818
-58,-1494,-3816
-57,-1496,-3819
-57,-1498,-3817
-53,-1500,-3819
-56,-1501,-3823
-63,-1502,-3823
-64,-1503,-3821
-60,-1499,-3823
-57,-1503,-3818
-50,-1503,-3822
-48,-1500,-3821
-50,-1503,-3819
-53,-1506,-3817
-52,-1501,-3816
-52,-1504,-3812
-48,-1510,-3808
-49,-1510,-3810
-45,-1513,-3809
-45,-1512,-3812
-46,-1507,-3816
-49,-1508,-3820
-47,-1505,-3823
-47,-1505,-3827
-48,-1509,-3826
-46,-1512,-3818
-47,-1512,-3816
-47,-1515,-3813
-44,-1516,-3813
-44,-1512,-3816
-46,-1513,-3815
-49,-1511,-3818
-50,-1510,-3823
-53,-1508,-3823
-53,-1505,-3824
-52,-1504,-3822
-51,-1506,-3823
-49,-1506,-3827
-50,-1509,-3829
-54,-1508,-3827
-54,-1505,-3827
-54,-1508,-3826
-55,-1509,-3825
-55,-1513,-3827
-53,-1513,-3825
-49,-1514,-3821
-49,-1514,-3816
-47,-1519,-3812
-45,-1525,-3810
-44,-1528,-3807
-45,-1530,-3800
-49,-1531,-3792
-47,-1531,-3790
-46,-1530,-3789
-47,-1533,-3787
-52,-1527,-3784
-53,-1522,-3787
-53,-1522,-3791
-52,-1518,-3796
-51,-1519,-3794
-53,-1518,-3795
-51,-1517,-3795
-48,-1514,-3794
-49,-1515,-3795
-47,-1517,-3797
-45,-1520,-3800
-45,-1521,-3800
-46,-1522,-3797
-48,-1524,-3802
-42,-1523,-3802
-41,-1524,-3796
-43,-1516,-3802
-45,-1514,-3804
-48,-1514,-3804
-48,-1513,-3803
-49,-1510,-3804
-48,-1511,-3806
-48,-1506,-3810
-47,-1508,-3810
-46,-1502,-3814
-48,-1499,-3819
18,-1455,-3731
3,-1522,-3740
-43,-1490,-3779
-74,-1466,-3808
-83,-1460,-3826
-70,-1474,-3837
-53,-1481,-3843
-64,-1506,-3941
-30,-1547,-3856
-47,-1525,-3837
-65,-1494,-3839
-71,-1474,-3846
-65,-1469,-3857
-57,-1468,-3866
-51,-1470,-3872
-52,-1476,-3869
-55,-1477,-3868
-60,-1482,-3859
-61,-1482,-3852
-64,-1491,-3882
-23,-1523,-3821
-43,-1522,-3810
-72,-1492,-3818
-81,-1469,-3818
-80,-1467,-3823
-74,-1473,-3826
-72,-1476,-3829
-71,-1479,-3825
-73,-1478,-3825
-72,-1471,-3831
-76,-1470,-3834
-68,-1470,-3840
-62,-1467,-3842
-62,-1466,-3842
-58,-1472,-3841
-57,-1477,-3833
-53,-1477,-3827
-48,-1482,-3821
-46,-1482,-3819
-47,-1484,-3818
-45,-1484,-3819
-46,-1482,-3816
-48,-1483,-3818
-46,-1483,-3826
-48,-1475,-3830
-48,-1470,-3830
-51,-1468,-3832
-52,-1467,-3834
-48,-1467,-3837
-51,-1465,-3840
-54,-1466,-3842
-59,-1465,-3843
-56,-1463,-3841
-56,-1469,-3836
-52,-1472,-3836
-53,-1476,-3835
-53,-1477,-3833
-54,-1476,-3829
-57,-1477,-3832
-56,-1479,-3830
-56,-1477,-3831
-55,-1478,-3831
-58,-1483,-3846
-11,-1517,-3790
-34,-1523,-3787
-71,-1481,-3810
-93,-1449,-3821
-93,-1450,-3834
-79,-1454,-3838
-64,-1462,-3844
-63,-1476,-3833
-59,-1477,-3826
-63,-1482,-3823
-65,-1480,-3822
-63,-1473,-3821
-64,-1472,-3827
-60,-1471,-3830
-62,-1470,-3830
-60,-1470,-3830
-58,-1472,-3832
-55,-1476,-3832
-55,-1477,-3833
-52,-1482,-3834
-53,-1477,-3833
-22,-1403,-3813
-12,-1477,-3765
-45,-1469,-3791
-83,-1445,-3812
-94,-1431,-3832
-83,-1447,-3839
-66,-1454,-3845
-60,-1465,-3848
-61,-1463,-3838
-70,-1463,-3839
-73,-1460,-3839
-73,-1457,-3841
-66,-1456,-3842
-65,-1465,-3842
-63,-1466,-3841
-62,-1469,-3840
-60,-1468,-3834
-63,-1470,-3834
-61,-1473,-3832
-59,-1470,-3832
-60,-1468,-3836
-66,-1469,-3831
-69,-1466,-3830
-68,-1466,-3829
-69,-1465,-3835
-66,-1464,-3840
-66,-1461,-3875
-31,-1506,-3819
-50,-1494,-3815
-83,-1464,-3830
-91,-1448,-3842
-85,-1451,-3843
-71,-1456,-3850
-66,-1462,-3848
-64,-1466,-3838
-68,-1468,-3835
-67,-1474,-3825
-62,-1475,-3826
-65,-1470,-3824
-68,-1469,-3829
-69,-1469,-3831
-71,-1466,-3827
-73,-1467,-3825
-72,-1464,-3829
-72,-1463,-3828
-76,-1459,-3832
-75,-1456,-3833
-74,-1460,-3832
-76,-1465,-3825
-73,-1468,-3825
-71,-1466,-3825
-76,-1467,-3825
-74,-1468,-3824
-73,-1468,-3823
-75,-1467,-3824
-74,-1465,-3823
-74,-1467,-3826
-75,-1467,-3828
-75,-1466,-3831
-78,-1464,-3834
-74,-1464,-3829
-71,-1463,-3829
-69,-1462,-3829
-68,-1463,-3829
-70,-1457,-3833
-72,-1460,-3834
-71,-1460,-3838
-73,-1464,-3840
-74,-1462,-3838
-75,-1460,-3841
-73,-1462,-3841
-74,-1457,-3843
-78,-1456,-3846
-75,-1459,-3851
-73,-1458,-3849
-72,-1461,-3842
-73,-1463,-3837
-69,-1465,-3836
-70,-1469,-3834
-75,-1465,-3835
-79,-1462,-3836
-81,-1458,-3835
-80,-1459,-3837
-76,-1456,-3839
-73,-1455,-3839
-74,-1455,-3839
-76,-1459,-3839
-76,-1464,-3836
-75,-1465,-3838
-77,-1465,-3833
-77,-1463,-3834
-81,-1463,-3833
-81,-1465,-3830
-78,-1464,-3828
-77,-1466,-3827
-77,-1466,-3833
-76,-1465,-3835
-74,-1461,-3839
-75,-1459,-3839
-77,-1455,-3841
-74,-1457,-3840
-75,-1456,-3837
-77,-1455,-3836
-75,-1457,-3838
-73,-1455,-3836
-72,-1459,-3831
-70,-1460,-3828
-71,-1461,-3829
-73,-1461,-3832
-71,-1460,-3833
-69,-1457,-3833
-70,-1457,-3833
-68,-1461,-3835
-64,-1464,-3837
-61,-1464,-3837
-59,-1462,-3840
-57,-1456,-3845
-60,-1448,-3845
-62,-1449,-3849
-64,-1453,-3850
-63,-1452,-3849
-66,-1450,-3847
-72,-1446,-3850
-76,-1445,-3855
-74,-1447,-3856
-72,-1449,-3855
-69,-1453,-3854
-70,-1456,-3848
-73,-1458,-3845
-79,-1461,-3841
-81,-1464,-3835
-82,-1468,-3833
-80,-1466,-3827
-81,-1466,-3825
-83,-1465,-3821
-84,-1462,-3823
-88,-1461,-3829
-90,-1455,-3832
-91,-1454,-3838
-94,-1452,-3841
-95,-1451,-3844
-93,-1449,-3845
-88,-1448,-3846
-90,-1451,-3841
-85,-1455,-3837
-81,-1457,-3837
-78,-1458,-3836
-75,-1462,-3836
-72,-1464,-3832
-71,-1465,-3826
-74,-1465,-3819
-72,-1468,-3815
-72,-1469,-3820
-72,-1469,-3827
-72,-1466,-3834
-70,-1464,-3837
-73,-1458,-3838
-74,-1457,-3836
-74,-1459,-3835
-68,-1459,-3834
-69,-1463,-3836
-65,-1464,-3838
-66,-1462,-3839
-69,-1459,-3837
-71,-1457,-3840
-73,-1459,-3842
-71,-1460,-3838
-73,-1460,-3836
-75,-1458,-3833
-72,-1459,-3835
-72,-1461,-3835
-71,-1459,-3838
-77,-1458,-3842
-81,-1457,-3841
-82,-1457,-3840
-81,-1456,-3844
-87,-1453,-3839
-86,-1452,-3835
-81,-1456,-3836
-79,-1464,-3829
-75,-1469,-3825
-75,-1470,-3822
-77,-1468,-3822
-76,-1466,-3825
-72,-1460,-3832
-72,-1461,-3833
-71,-1462,-3838
-74,-1462,-3846
-71,-1460,-3847
-72,-1460,-3848
-74,-1462,-3849
-74,-1464,-3844
-71,-1463,-3837
-70,-1464,-3832
-71,-1466,-3828
-76,-1466,-3828
-78,-1465,-3828
-82,-1463,-3831
-83,-1462,-3831
-84,-1457,-3834
-85,-1458,-3834
-86,-1454,-3834
-85,-1455,-3831
-83,-1455,-3829
-88,-1454,-3830
-85,-1458,-3832
-84,-1457,-3833
-80,-1456,-3834
-83,-1455,-3834
-84,-1457,-3840
-82,-1457,-3837
-82,-1456,-3837
-85,-1458,-3837
-84,-1457,-3837
-84,-1458,-3840
-79,-1452,-3839
-80,-1454,-3842
-77,-1457,-3840
-75,-1459,-3840
-76,-1459,-3839
-74,-1458,-3837
-75,-1460,-3838
-70,-1459,-3835
-69,-1458,-3837
-74,-1455,-3839
-73,-1456,-3843
-73,-1458,-3843
-76,-1459,-3842
-74,-1460,-3837
-74,-1456,-3840
-77,-1456,-3842
-79,-1455,-3846
-75,-1454,-3846
-74,-1451,-3842
-74,-1455,-3841
-74,-1459,-3846
-69,-1458,-3845
-69,-1454,-3842
-73,-1452,-3841
-76,-1453,-3844
-75,-1458,-3844
-75,-1459,-3842
-76,-1456,-3840
-77,-1456,-3835
-81,-1455,-3837
-85,-1455,-3834
-86,-1457,-3830
-87,-1459,-3831
-88,-1459,-3837
-84,-1462,-3832
-83,-1455,-3831
-84,-1456,-3830
-87,-1455,-3830
-88,-1457,-3828
-88,-1452,-3828
-85,-1450,-3830
-83,-1452,-3830
-85,-1451,-3831
-85,-1457,-3831
-85,-1458,-3832
-83,-1456,-3835
-80,-1457,-3838
-83,-1456,-3836
-83,-1455,-3840
-85,-1452,-3840
-84,-1453,-3839
-83,-1456,-3838
-81,-1456,-3842
-80,-1456,-3836
-78,-1453,-3837
-78,-1458,-3835
-77,-1455,-3840
-77,-1459,-3840
-81,-1458,-3843
-79,-1458,-3841
-81,-1457,-3842
-80,-1457,-3840
-79,-1457,-3841
-79,-1456,-3838
-82,-1458,-3834
-79,-1462,-3835
-75,-1461,-3830
-78,-1460,-3830
-81,-1461,-3829
-84,-1458,-3833
-83,-1458,-3835
-81,-1461,-3833
-79,-1459,-3831
-79,-1459,-3833
-79,-1457,-3834
-81,-1457,-3834
-81,-1457,-3835
-81,-1455,-3833
-84,-1457,-3832
-83,-1457,-3837
-86,-1455,-3837
-80,-1456,-3837
-80,-1456,-3835
-80,-1456,-3838
-81,-1453,-3835
-78,-1461,-3832
-76,-1460,-3834
-75,-1462,-3836
-72,-1459,-3841
-73,-1459,-3844
-73,-1457,-3846
-72,-1458,-3845
-69,-1467,-3843
-68,-1462,-3839
-70,-1455,-3834
-71,-1452,-3834
-72,-1453,-3835
-74,-1449,-3833
-71,-1452,-3837
-68,-1453,-3845
-72,-1452,-3846
-78,-1449,-3845
-79,-1449,-3847
-79,-1449,-3848
-76,-1445,-3851
-72,-1451,-3854
-69,-1455,-3848
-75,-1455,-3842
-74,-1458,-3838
-79,-1461,-3833
-82,-1461,-3830
-86,-1462,-3834
-84,-1466,-3831
-84,-1465,-3828
-82,-1462,-3829
-81,-1462,-3834
-84,-1460,-3841
-86,-1459,-3845
-88,-1461,-3845
-86,-1458,-3847
-84,-1458,-3844
-88,-1455,-3844
-89,-1453,-3842
-84,-1453,-3842
-81,-1457,-3839
-78,-1462,-3836
-73,-1462,-3832
-71,-1467,-3827
-69,-1465,-3821
-71,-1469,-3814
-72,-1474,-3812
-63,-1474,-3819
-59,-1470,-3829
-62,-1462,-3838
-64,-1461,-3841
-68,-1455,-3845
-71,-1454,-3845
-71,-1455,-3846
-65,-1457,-3842
-66,-1463,-3840
-67,-1465,-3839
-70,-1466,-3838
-68,-1467,-3834
-71,-1468,-3837
-73,-1469,-3835
-73,-1468,-3837
-77,-1469,-3832
-75,-1467,-3832
-77,-1466,-3831
-76,-1462,-3831
-78,-1463,-3836
-78,-1461,-3835
-78,-1464,-3839
-83,-1466,-3836
-85,-1460,-3841
-82,-1461,-3837
-80,-1460,-3834
-80,-1463,-3828
-77,-1466,-3828
-76,-1467,-3826
-71,-1474,-3823
-75,-1474,-3827
-75,-1478,-3833
-77,-1476,-3832
-75,-1475,-3835
-72,-1471,-3839
-71,-1467,-3841
-69,-1467,-3841
-69,-1465,-3845
-69,-1461,-3845
-72,-1458,-3842
-75,-1459,-3843
-73,-1457,-3841
-72,-1462,-3840
-74,-1461,-3837
-76,-1466,-3837
-81,-1467,-3841
-87,-1466,-3839
-89,-1462,-3838
-88,-1461,-3835
-85,-1464,-3833
-84,-1464,-3836
-80,-1466,-3834
-79,-1469,-3830
-73,-1474,-3821
-76,-1480,-3812
-76,-1481,-3819
-72,-1473,-3824
-72,-1470,-3835
-71,-1471,-3838
-77,-1470,-3837
-80,-1473,-3830
-79,-1476,-3823
-75,-1479,-3825
-76,-1477,-3823
-77,-1472,-3823
-78,-1469,-3822
-79,-1471,-3825
-77,-1476,-3828
-74,-1476,-3827
-67,-1476,-3826
-66,-1480,-3825
-72,-1479,-3825
-74,-1483,-3822
-77,-1482,-3824
-73,-1483,-3823
-71,-1485,-3822
-73,-1484,-3822
-73,-1484,-3822
-75,-1482,-3828
-76,-1478,-3829
-77,-1476,-3833
-73,-1478,-3834
-78,-1479,-3831
-75,-1477,-3827
-71,-1477,-3823
-72,-1483,-3828
-71,-1487,-3820
-68,-1484,-3818
-68,-1486,-3815
-68,-1487,-3820
-74,-1486,-3821
-72,-1484,-3823
-72,-1481,-3825
-72,-1480,-3831
-71,-1477,-3832
-72,-1475,-3836
-72,-1476,-3837
-70,-1478,-3833
-71,-1477,-3837
-71,-1479,-3834
-71,-1479,-3830
-74,-1481,-3827
-75,-1480,-3826
-77,-1480,-3826
-79,-1482,-3826
-80,-1481,-3827
-81,-1479,-3828
-81,-1479,-3828
-77,-1480,-3829
-76,-1476,-3825
-77,-1476,-3827
-75,-1476,-3828
-78,-1479,-3826
-75,-1479,-3828
-70,-1475,-3829
-76,-1477,-3832
-72,-1474,-3832
-70,-1471,-3832
-73,-1467,-3833
-78,-1471,-3836
-80,-1473,-3833
-81,-1474,-3826
-77,-1476,-3825
-74,-1480,-3824
-73,-1481,-3823
-73,-1482,-3825
-74,-1476,-3829
-76,-1475,-3832
-81,-1473,-3834
-81,-1473,-3836
-77,-1471,-3838
-75,-1467,-3833
-73,-1469,-3836
-76,-1470,-3832
-75,-1473,-3831
-74,-1472,-3828
-72,-1480,-3827
-71,-1482,-3827
-74,-1483,-3823
-76,-1480,-3820
-70,-1480,-3823
-71,-1480,-3829
-75,-1477,-3831
-77,-1476,-3828
-72,-1475,-3831
-68,-1478,-3828
-67,-1483,-3829
-63,-1488,-3829
-62,-1486,-3824
-66,-1482,-3827
-65,-1476,-3826
-66,-1473,-3832
-64,-1469,-3833
-67,-1472,-3837
-69,-1471,-3841
-70,-1465,-3843
-74,-1463,-3845
-76,-1460,-3847
-79,-1464,-3847
-80,-1468,-3848
-85,-1470,-3846
-86,-1470,-3838
-90,-1469,-3835
-89,-1473,-3827
-91,-1476,-3823
-94,-1484,-3813
-90,-1488,-3812
-86,-1488,-3809
-84,-1486,-3810
-81,-1481,-3817
-81,-1471,-3830
-78,-1463,-3836
-75,-1463,-3849
-73,-1468,-3850
-67,-1476,-3846
-65,-1479,-3843
-64,-1479,-3832
-65,-1478,-3827
-67,-1479,-3830
-69,-1476,-3828
-69,-1477,-3829
-66,-1478,-3824
-64,-1475,-3824
-67,-1476,-3819
-71,-1477,-3815
-72,-1478,-3813
-70,-1479,-3816
-71,-1477,-3825
-71,-1475,-3827
-72,-1472,-3831
-76,-1473,-3833
-77,-1471,-3837
-78,-1469,-3838
-78,-1469,-3834
-75,-1469,-3835
-72,-1476,-3833
-74,-1475,-3835
-73,-1474,-3831
-72,-1476,-3830
-72,-1474,-3832
-75,-1474,-3831
-74,-1474,-3829
-72,-1473,-3830
-75,-1476,-3834
-76,-1475,-3834
-78,-1472,-3834
-79,-1472,-3836
-83,-1468,-3839
-88,-1467,-3837
-90,-1468,-3837
-88,-1471,-3834
-90,-1471,-3833
-85,-1481,-3828
-76,-1480,-3826
-76,-1481,-3822
-71,-1480,-3822
-74,-1476,-3825
-74,-1475,-3826
-76,-1472,-3830
-79,-1473,-3832
-75,-1474,-3829
-74,-1477,-3825
-72,-1479,-3824
-73,-1475,-3823
-73,-1474,-3826
-73,-1470,-3829
-71,-1465,-3829
-75,-1466,-3832
-75,-1464,-3836
-72,-1463,-3834
-73,-1464,-3837
-74,-1464,-3837
-75,-1462,-3839
-75,-1459,-3841
-73,-1459,-3846
-74,-1457,-3844
-76,-1460,-3844
-73,-1460,-3844
-73,-1460,-3845
-70,-1464,-3843
-73,-1470,-3840
-71,-1471,-3835
-70,-1471,-3833
-69,-1470,-3830
-71,-1470,-3830
-74,-1470,-3832
-74,-1467,-3831
-76,-1464,-3835
-75,-1464,-3834
-73,-1466,-3833
-74,-1467,-3834
-70,-1468,-3837
-73,-1464,-3834
-74,-1465,-3837
-76,-1466,-3837
-74,-1468,-3835
-72,-1466,-3836
-68,-1465,-3834
-69,-1466,-3834
-71,-1466,-3830
-75,-1465,-3829
-76,-1465,-3831
-75,-1465,-3834
-76,-1465,-3833
-76,-1464,-3836
-77,-1462,-3837
-75,-1463,-3839
-76,-1462,-3836
-77,-1463,-3838
-74,-1465,-3838
-71,-1465,-3837
-73,-1466,-3834
-75,-1467,-3833
-77,-1463,-3835
-75,-1463,-3837
-76,-1462,-3837
-75,-1461,-3839
-73,-1461,-3839
-75,-1461,-3840
-73,-1460,-3837
-71,-1459,-3838
-72,-1461,-3834
-76,-1466,-3831
-76,-1465,-3833
-76,-1462,-3834
-73,-1464,-3832
-74,-1465,-3834
-71,-1463,-3837
-69,-1460,-3841
-71,-1459,-3842
-75,-1454,-3842
-74,-1457,-3843
-77,-1456,-3842
-74,-1460,-3842
-74,-1460,-3841
-71,-1460,-3839
-71,-1460,-3839
-72,-1458,-3840
-70,-1463,-3838
-75,-1461,-3837
-69,-1462,-3838
-73,-1464,-3839
-69,-1465,-3838
-70,-1463,-3833
-75,-1460,-3834
-73,-1459,-3832
-72,-1456,-3831
-74,-1459,-3834
-74,-1461,-3835
-77,-1459,-3833
-76,-1459,-3830
-73,-1459,-3829
-74,-1461,-3826
-73,-1459,-3830
-74,-1458,-3834
-77,-1456,-3836
-80,-1455,-3839
-77,-1452,-3843
-76,-1454,-3845
-74,-1455,-3845
-70,-1460,-3845
-64,-1461,-3844
-30,-1383,-3807
-10,-1488,-3723
-52,-1471,-3781
-81,-1437,-3816
-87,-1421,-3834
-83,-1438,-3843
-71,-1439,-3848
-62,-1451,-3848
-60,-1457,-3840
-67,-1461,-3845
-76,-1457,-3845
-80,-1448,-3849
-82,-1444,-3855
-81,-1446,-3858
-82,-1452,-3857
-80,-1455,-3852
-76,-1454,-3846
-80,-1453,-3842
-80,-1456,-3839
-79,-1464,-3834
-79,-1466,-3831
-78,-1469,-3820
-78,-1472,-3823
-78,-1466,-3831
-80,-1454,-3838
-85,-1446,-3843
-84,-1447,-3847
-81,-1449,-3848
-77,-1453,-3846
-74,-1459,-3846
-75,-1461,-3850
-72,-1457,-3848
-74,-1451,-3847
-75,-1447,-3847
-75,-1450,-3843
-74,-1455,-3843
-71,-1458,-3842
-70,-1459,-3839
-71,-1465,-3831
-71,-1464,-3820
-73,-1465,-3819
-75,-1464,-3824
-75,-1464,-3827
-70,-1459,-3829
-72,-1459,-3833
-75,-1456,-3835
-72,-1451,-3837
-71,-1453,-3834
-70,-1457,-3834
-70,-1458,-3835
-68,-1456,-3836
-65,-1462,-3834
-62,-1458,-3835
-61,-1459,-3835
-62,-1458,-3837
-64,-1456,-3837
-68,-1459,-3839
-67,-1462,-3840
-66,-1461,-3839
-68,-1463,-3840
-73,-1461,-3837
-77,-1457,-3836
-77,-1455,-3836
-80,-1457,-3834
-81,-1456,-3836
-80,-1455,-3833
-80,-1458,-3832
-81,-1456,-3828
-78,-1461,-3829
-76,-1464,-3825
-72,-1464,-3822
-71,-1462,-3824
-74,-1459,-3832
-79,-1456,-3837
-78,-1454,-3840
-76,-1454,-3839
-75,-1456,-3836
-74,-1456,-3840
-74,-1456,-3838
-77,-1455,-3838
-110,-1412,-3984
-51,-1504,-3814
-62,-1486,-3810
-91,-1438,-3840
-102,-1413,-3846
-95,-1422,-3856
-84,-1428,-3862
-75,-1440,-3857
-66,-1447,-3851
-69,-1451,-3849
-71,-1450,-3849
-74,-1444,-3845
-74,-1440,-3844
-71,-1442,-3847
-71,-1440,-3850
-72,-1444,-3847
-76,-1444,-3842
-74,-1447,-3835
-75,-1449,-3836
-77,-1451,-3840
-74,-1451,-3840
-74,-1449,-3842
-76,-1449,-3839
-78,-1448,-3839
-76,-1449,-3840
-76,-1449,-3842
-74,-1447,-3842
-73,-1443,-3843
-74,-1448,-3846
-74,-1447,-3845
-73,-1445,-3845
-75,-1444,-3845
-76,-1443,-3842
-75,-1446,-3841
-76,-1446,-3840
-76,-1446,-3839
-77,-1447,-3838
-73,-1448,-3832
-69,-1449,-3834
-69,-1447,-3836
-69,-1448,-3832
-71,-1451,-3835
-68,-1448,-3838
-67,-1451,-3837
-68,-1450,-3840
-68,-1450,-3844
-71,-1447,-3847
-68,-1450,-3850
-71,-1450,-3850
-71,-1445,-3857
-35,-1461,-3807
-40,-1502,-3791
-73,-1463,-3835
-92,-1426,-3850
-94,-1424,-3860
-84,-1433,-3862
-75,-1440,-3857
-71,-1446,-3851
-73,-1446,-3845
-74,-1451,-3842
-75,-1451,-3836
-75,-1447,-3835
-76,-1440,-3841
-79,-1437,-3842
-79,-1440,-3840
-78,-1443,-3835
-76,-1444,-3832
-75,-1444,-3834
-71,-1446,-3834
-71,-1447,-3831
-73,-1440,-3837
-74,-1438,-3845
-72,-1443,-3846
-70,-1444,-3845
-68,-1447,-3844
-70,-1445,-3847
-73,-1440,-3851
-75,-1437,-3848
-76,-1437,-3849
-77,-1438,-3851
-78,-1439,-3849
-78,-1441,-3849
-80,-1442,-3847
-81,-1442,-3845
-84,-1440,-3840
-84,-1439,-3839
-87,-1443,-3840
-85,-1445,-3841
-85,-1442,-3843
-80,-1438,-3846
-81,-1439,-3848
-83,-1439,-3845
-83,-1441,-3845
-81,-1439,-3843
-80,-1441,-3843
-76,-1443,-3843
-72,-1443,-3845
-74,-1443,-3842
-77,-1444,-3842
-74,-1440,-3841
-68,-1441,-3839
-68,-1444,-3842
-66,-1448,-3842
-65,-1449,-3839
-63,-1444,-3839
-66,-1440,-3839
-67,-1439,-3843
-65,-1444,-3850
-66,-1437,-3858
-75,-1425,-3863
-131,-1412,-4025
-92,-1484,-3899
-93,-1479,-3869
-105,-1433,-3884
-106,-1409,-3883
-103,-1415,-3879
-93,-1423,-3881
-80,-1432,-3877
-72,-1443,-3872
-71,-1445,-3874
-79,-1444,-3882
-87,-1449,-3881
-87,-1452,-3877
-87,-1452,-3872
-89,-1450,-3863
-94,-1454,-3860
-98,-1450,-3858
-105,-1447,-3858
-106,-1452,-3858
-106,-1457,-3874
-105,-1456,-3886
-110,-1445,-3889
-126,-1430,-3883
-146,-1422,-3873
-162,-1419,-3862
-166,-1424,-3853
-164,-1429,-3843
-159,-1432,-3832
-159,-1437,-3820
-158,-1432,-3810
-159,-1433,-3807
-159,-1436,-3814
-163,-1439,-3818
-165,-1439,-3814
-173,-1439,-3810
-179,-1440,-3806
-177,-1446,-3816
-168,-1444,-3825
-150,-1439,-3834
-135,-1432,-3843
-129,-1430,-3841
-129,-1429,-3848
-137,-1436,-3862
-137,-1431,-3881
-124,-1430,-3901
-110,-1425,-3923
-100,-1423,-3932
-94,-1424,-3953
-84,-1418,-3965
-79,-1423,-3977
-68,-1437,-3973
-61,-1451,-3971
-48,-1479,-3981
-23,-1506,-3986
-2,-1531,-3999
20,-1559,-4016
32,-1600,-4052
59,-1627,-4074
79,-1676,-4098
99,-1730,-4122
124,-1788,-4148
157,-1852,-4156
208,-1938,-4194
273,-2045,-4252
355,-2131,-4308
434,-2211,-4358
500,-2310,-4466
552,-2297,-4501
564,-2233,-4489
558,-2173,-4407
563,-2204,-4387
616,-2241,-4363
640,-2286,-4256
636,-2501,-4334
725,-2722,-4544
785,-2717,-4419
862,-2744,-4479
850,-2825,-4616
907,-2621,-4278
885,-2657,-4268
803,-2798,-4429
800,-2815,-4480
862,-2694,-4465
937,-2566,-4554
1030,-2413,-4680
1103,-2323,-4867
1170,-2244,-5053
1216,-2128,-5144
1185,-2016,-5204
1100,-1903,-5203
1010,-1769,-5144
949,-1652,-5089
916,-1576,-5049
908,-1525,-5046
926,-1531,-5270
1026,-1487,-5267
1108,-1413,-5126
1142,-1312,-5051
1162,-1263,-5025
1194,-1262,-4979
1212,-1250,-4909
1195,-1219,-4816
1160,-1170,-4723
1116,-1100,-4647
1073,-988,-4594
1042,-825,-4480
1011,-662,-4405
984,-514,-4385
979,-374,-4390
983,-217,-4417
991,-44,-4440
1000,140,-4452
1001,319,-4468
1007,478,-4480
1009,589,-4528
1018,674,-4603
1025,775,-4633
1020,897,-4588
1000,1027,-4494
974,1132,-4362
944,1196,-4226
905,1211,-4122
879,1206,-4057
867,1201,-4015
874,1206,-3961
885,1229,-3903
895,1265,-3837
895,1306,-3775
888,1351,-3730
872,1399,-3692
851,1439,-3671
836,1489,-3659
818,1541,-3645
798,1602,-3635
785,1656,-3624
770,1700,-3606
760,1729,-3598
752,1748,-3590
743,1751,-3573
733,1736,-3566
736,1703,-3542
740,1662,-3513
744,1624,-3469
740,1585,-3434
729,1542,-3408
706,1492,-3379
681,1455,-3337
652,1422,-3290
617,1377,-3248
585,1327,-3208
548,1280,-3176
510,1232,-3158
473,1184,-3140
437,1140,-3113
401,1102,-3086
371,1069,-3049
333,1035,-3009
294,1002,-2972
238,965,-2940
173,927,-2917
107,888,-2888
38,846,-2857
-26,796,-2824
-89,749,-2790
-156,708,-2749
-227,671,-2703
-288,638,-2657
-347,611,-2614
-407,590,-2566
-454,580,-2527
-495,582,-2481
-550,598,-2432
-614,624,-2401
-689,643,-2399
-763,659,-2424
-830,669,-2464
-885,668,-2512
-930,662,-2561
-963,645,-2595
-994,623,-2632
-1019,596,-2654
-1047,574,-2663
-1082,568,-2672
-1121,573,-2678
-1155,600,-2689
-1185,655,-2700
-1215,731,-2708
-1242,814,-2721
-1273,898,-2742
-1306,975,-2762
-1342,1046,-2784
-1374,1110,-2816
-1404,1163,-2861
-1425,1221,-2911
-1437,1274,-2959
-1444,1336,-3008
-1458,1410,-3045
-1469,1493,-3080
-1480,1569,-3128
-1488,1635,-3166
-1494,1697,-3191
-1503,1762,-3202
-1521,1812,-3227
-1543,1840,-3240
-1581,1874,-3234
-1624,1904,-3227
-1672,1915,-3240
-1708,1907,-3262
-1732,1883,-3297
-1728,1852,-3327
-1699,1814,-3347
-1659,1774,-3370
-1611,1731,-3388
-1571,1699,-3375
-1543,1675,-3344
-1530,1657,-3300
-1533,1642,-3231
-1555,1620,-3172
-1593,1595,-3130
-1639,1567,-3096
-1681,1550,-3086
-1714,1539,-3080
-1739,1524,-3082
-1751,1512,-3093
-1754,1507,-3126
-1748,1505,-3189
-1722,1494,-3294
-1687,1477,-3420
-1653,1447,-3547
-1614,1439,-3651
-1596,1445,-3731
-1587,1445,-3778
-1589,1440,-3789
-1570,1424,-3736
-1415,1390,-3604
-1179,1270,-3743
-926,1279,-3710
-627,1075,-3777
-441,839,-3810
-590,831,-3847
-910,1038,-3875
-1201,1357,-3758
-1457,1855,-3955
-1550,2468,-4435
-1417,2875,-5003
-1117,2966,-5521
-794,2837,-5883
-561,2659,-6063
-423,2544,-6054
-350,2444,-5898
-303,2311,-5638
-287,2189,-5313
-309,2121,-4960
-378,2072,-4611
-481,1993,-4275
-566,1884,-3947
-630,1783,-3675
-686,1694,-3496
-733,1623,-3445
-764,1561,-3466
-785,1509,-3466
-783,1465,-3420
-738,1414,-3386
-663,1354,-3413
-578,1251,-3427
-513,1126,-3423
-482,970,-3466
-466,788,-3454
-461,621,-3378
-465,491,-3303
-480,391,-3274
-497,314,-3247
-513,256,-3195
-526,191,-3139
-525,112,-3109
-514,41,-3115
-487,-28,-3142
-450,-98,-3175
-412,-151,-3225
-381,-173,-3292
-352,-183,-3357
-331,-182,-3428
-319,-174,-3501
-321,-172,-3562
-331,-179,-3623
-347,-200,-3685
-353,-240,-3748
-353,-302,-3794
-352,-373,-3837
-350,-446,-3870
-344,-517,-3905
-333,-584,-3952
-308,-659,-3988
-273,-741,-4013
-241,-827,-4017
-208,-919,-4010
-176,-1030,-4006
-143,-1162,-4008
-116,-1299,-3991
-93,-1423,-3939
-79,-1525,-3873
-59,-1611,-3815
-31,-1698,-3734
-5,-1785,-3611
15,-1845,-3418
1,-1837,-3239
-39,-1770,-3132
-94,-1682,-3096
-147,-1598,-3104
-194,-1537,-3132
-223,-1510,-3171
-229,-1522,-3224
-227,-1573,-3308
-214,-1642,-3412
-207,-1715,-3518
-205,-1773,-3619
-224,-1799,-3694
-266,-1802,-3758
-336,-1792,-3787
-436,-1770,-3789
-530,-1750,-3756
-636,-1730,-3742
-750,-1721,-3810
-846,-1715,-3892
-924,-1673,-3951
-982,-1597,-4005
-1014,-1510,-4055
-1029,-1444,-4112
-1027,-1402,-4160
-1003,-1386,-4207
-957,-1398,-4256
-890,-1433,-4298
-809,-1473,-4328
-735,-1516,-4354
-651,-1557,-4366
-566,-1591,-4342
-469,-1595,-4300
-387,-1559,-4325
-314,-1506,-4533
-215,-1503,-4803
-85,-1562,-4997
48,-1624,-5072
152,-1627,-5051
212,-1569,-5007
239,-1487,-4964
252,-1405,-4925
263,-1359,-4868
263,-1327,-4796
253,-1308,-4724
237,-1300,-4640
211,-1300,-4583
189,-1305,-4577
178,-1314,-4605
173,-1304,-4642
163,-1264,-4684
144,-1202,-4734
123,-1134,-4778
91,-1064,-4810
49,-968,-4808
1,-855,-4770
-19,-771,-4725
-30,-719,-4691
-59,-666,-4645
-123,-565,-4647
-173,-449,-4688
-219,-305,-4750
-246,-137,-4800
-244,37,-4839
-255,218,-4983
-267,401,-5144
-290,595,-5246
-327,815,-5254
-374,1038,-5210
-447,1224,-5138
-538,1359,-5029
-657,1457,-4921
-784,1533,-4780
-893,1590,-4593
-977,1626,-4390
-1042,1633,-4167
-1081,1615,-3933
-1099,1561,-3721
-1091,1476,-3534
-1057,1373,-3359
-988,1277,-3198
-884,1189,-3036
-762,1108,-2892
-635,1047,-2776
-521,1005,-2705
-413,983,-2677
-309,979,-2672
-213,996,-2685
-132,1046,-2727
-50,1110,-2786
45,1167,-2846
142,1207,-2880
233,1231,-2896
297,1241,-2919
328,1266,-2931
341,1305,-2950
341,1357,-2977
336,1425,-3019
342,1504,-3086
363,1589,-3173
397,1679,-3266
451,1765,-3394
523,1839,-3543
585,1905,-3699
621,1961,-3842
621,1999,-3960
574,2025,-4019
491,2027,-4036
379,2003,-4010
256,1955,-3945
126,1899,-3879
3,1850,-3810
-105,1815,-3738
-209,1773,-3706
-273,1683,-3724
-295,1561,-3713
-293,1470,-3690
-279,1380,-3705
-258,1290,-3753
-259,1215,-3813
-270,1183,-3904
-301,1180,-4023
-330,1194,-4146
-348,1191,-4238
-378,1154,-4284
-436,1105,-4297
-513,1041,-4282
-597,984,-4246
-656,916,-4229
-703,870,-4193
-721,855,-4167
-712,839,-4154
-679,822,-4095
-624,801,-4049
-569,772,-4031
-506,738,-4016
-441,695,-4008
-377,654,-3976
-314,627,-3956
-268,630,-3933
-221,662,-3920
-180,720,-3954
-143,771,-4019
-123,849,-4098
-104,924,-4176
-104,994,-4224
-120,1055,-4252
-137,1072,-4267
-149,1065,-4250
-157,1032,-4214
-150,974,-4161
-134,918,-4118
-120,859,-4088
-118,796,-4081
-121,735,-4078
-136,689,-4079
-165,657,-4080
-189,630,-4108
-219,608,-4159
-244,611,-4225
-265,634,-4291
-274,658,-4335
-269,687,-4344
-264,730,-4320
-258,761,-4275
-254,791,-4193
-261,845,-4084
-269,884,-3960
-273,942,-3811
-264,1004,-3656
-239,1055,-3520
-208,1107,-3405
-164,1159,-3324
-101,1185,-3297
-15,1200,-3324
86,1194,-3426
185,1151,-3572
262,1097,-3711
321,1017,-3835
349,918,-3930
353,804,-3991
341,665,-4029
335,508,-4060
338,337,-4075
341,158,-4074
341,-9,-4053
320,-141,-4035
283,-208,-4035
236,-199,-4041
198,-121,-4057
164,6,-4088
125,159,-4115
85,326,-4128
42,476,-4110
-21,617,-4074
-94,739,-4034
-166,850,-3975
-222,954,-3902
-268,1034,-3819
-300,1086,-3731
-329,1109,-3651
-362,1116,-3587
-396,1119,-3543
-419,1101,-3507
-428,1064,-3484
-406,1012,-3494
-364,940,-3525
-323,885,-3589
-283,830,-3696
-253,784,-3823
-232,738,-3915
-219,700,-3971
-200,657,-4013
-181,636,-4064
-145,642,-4101
-86,658,-4097
7,670,-4067
138,660,-4034
288,648,-4007
447,652,-3996
613,680,-4016
772,738,-4058
923,821,-4070
1053,927,-4037
1166,1044,-3985
1259,1159,-3965
1327,1271,-4033
1390,1302,-4159
1423,1277,-4239
1412,1255,-4217
1357,1203,-4207
1239,1110,-4300
1072,969,-4468
870,791,-4606
645,616,-4690
385,457,-4760
118,331,-4820
-143,243,-4839
-364,154,-4791
-543,71,-4677
-668,3,-4535
-753,-31,-4373
-808,-18,-4181
-835,55,-3960
-827,191,-3745
-776,401,-3559
-683,606,-3537
-550,794,-3580
-407,969,-3607
-287,1122,-3562
-213,1262,-3462
-179,1373,-3373
-159,1463,-3279
-131,1550,-3195
-92,1639,-3124
-32,1723,-3069
39,1800,-3043
127,1848,-3090
223,1857,-3183
320,1858,-3248
411,1869,-3261
493,1877,-3253
588,1873,-3284
708,1842,-3351
854,1794,-3412
997,1750,-3429
1133,1714,-3411
1249,1681,-3378
1341,1652,-3319
1406,1626,-3227
1460,1626,-3097
1526,1647,-2938
1618,1665,-2790
1732,1677,-2659
1863,1674,-2557
1992,1647,-2475
2125,1603,-2380
2257,1545,-2301
2379,1446,-2232
2467,1324,-2161
2505,1233,-2090
2481,1187,-2015
2394,1211,-1950
2270,1311,-1913
2161,1467,-1877
2089,1649,-1847
2037,1850,-1829
1973,2067,-1798
1891,2255,-1786
1810,2357,-1797
1730,2408,-1837
1668,2393,-1888
1650,2303,-1943
1670,2145,-1991
1719,1923,-2022
1772,1666,-2043
1810,1407,-2053
1827,1164,-2060
1826,948,-2070
1805,767,-2105
1789,621,-2183
1777,490,-2299
1779,383,-2445
1793,290,-2625
1822,228,-2831
1868,192,-3056
1926,198,-3259
1981,234,-3428
2033,287,-3551
2079,346,-3624
2124,427,-3662
2174,523,-3681
2241,643,-3705
2355,781,-3743
2490,940,-3798
2626,1134,-3824
2756,1327,-3860
2883,1489,-3932
3015,1638,-4009
3147,1825,-4095
3302,2043,-4198
3485,2278,-4327
3707,2527,-4450
3923,2749,-4573
4143,2939,-4681
4365,3090,-4789
4587,3198,-4887
4810,3292,-4959
5037,3378,-5014
5264,3439,-5049
5487,3466,-5063
5703,3462,-5067
5906,3446,-5062
6087,3434,-5068
6265,3438,-5062
6437,3454,-5028
6605,3479,-4976
6761,3505,-4917
6898,3552,-4854
7024,3611,-4797
7128,3692,-4741
7219,3780,-4681
7282,3861,-4611
7316,3929,-4518
7330,3982,-4420
7335,4036,-4293
7332,4095,-4168
7333,4145,-4062
7347,4176,-3968
7386,4194,-3863
7429,4193,-3760
7467,4173,-3639
7505,4125,-3503
7549,4048,-3328
7578,3965,-3131
7574,3874,-2956
7545,3778,-2807
7488,3679,-2693
7402,3577,-2605
7310,3472,-2536
7205,3364,-2478
7096,3243,-2446
6997,3120,-2406
6903,3004,-2348
6807,2896,-2295
6706,2786,-2238
6608,2666,-2184
6504,2539,-2136
6391,2412,-2090
6275,2287,-2044
6167,2165,-2013
6042,2071,-1961
5897,1976,-1904
5752,1863,-1853
5596,1741,-1782
5428,1598,-1665
5226,1454,-1525
4993,1339,-1383
4737,1246,-1264
4488,1156,-1164
4259,1060,-1059
4044,970,-951
3848,877,-830
3674,775,-723
3516,679,-631
3370,574,-548
3233,467,-470
3100,362,-399
2970,272,-351
2843,192,-304
2723,125,-259
2616,69,-216
2509,22,-195
2415,-30,-190
2337,-89,-179
2270,-157,-175
2203,-229,-166
2134,-298,-152
2054,-353,-149
1969,-397,-149
1876,-428,-146
1778,-457,-141
1678,-476,-123
1571,-496,-109
1468,-515,-93
1372,-528,-76
1283,-538,-62
1200,-542,-56
1130,-548,-51
1070,-550,-49
1023,-557,-41
982,-566,-39
940,-570,-44
901,-584,-50
858,-597,-61
811,-616,-72
769,-631,-86
724,-642,-102
677,-657,-136
632,-672,-179
597,-700,-224
569,-736,-273
547,-779,-326
535,-815,-377
532,-850,-441
538,-888,-526
554,-932,-619
579,-977,-710
614,-1022,-798
651,-1065,-880
688,-1097,-955
719,-1122,-1024
744,-1137,-1081
768,-1148,-1137
795,-1150,-1197
823,-1148,-1252
851,-1142,-1309
884,-1126,-1367
913,-1103,-1422
948,-1075,-1478
981,-1041,-1533
1013,-1006,-1585
1046,-972,-1634
1082,-935,-1688
1124,-898,-1745
1168,-859,-1806
1230,-821,-1863
1299,-774,-1917
1373,-716,-1962
1446,-654,-2018
1525,-588,-2084
1596,-526,-2156
1667,-467,-2234
1733,-411,-2313
1799,-355,-2404
1859,-303,-2498
1921,-256,-2590
1988,-215,-2686
2050,-179,-2781
2114,-144,-2870
2171,-109,-2957
2231,-68,-3029
2290,-29,-3103
2345,16,-3160
2400,63,-3218
2457,115,-3278
2515,170,-3331
2579,222,-3374
2644,276,-3403
2718,333,-3424
2803,387,-3436
2895,450,-3439
2990,514,-3442
3089,579,-3445
3186,647,-3441
3284,720,-3443
3377,795,-3449
3467,873,-3454
3550,949,-3472
3627,1030,-3494
3692,1113,-3521
3755,1194,-3545
3802,1277,-3574
3842,1362,-3588
3869,1443,-3604
3887,1523,-3613
3903,1596,-3620
3914,1658,-3628
3919,1716,-3628
3931,1758,-3619
3956,1797,-3602
3996,1826,-3576
4049,1846,-3543
4129,1858,-3511
4222,1872,-3477
4333,1871,-3440
4451,1862,-3400
4577,1848,-3358
4711,1834,-3306
4857,1816,-3258
5007,1795,-3217
5166,1771,-3178
5338,1747,-3153
5513,1730,-3145
5688,1718,-3144
5861,1708,-3138
6028,1706,-3130
6192,1704,-3118
6355,1708,-3084
6503,1714,-3034
6646,1729,-2973
6783,1741,-2903
6909,1757,-2822
7028,1765,-2745
7142,1771,-2661
7245,1773,-2581
7350,1768,-2505
7451,1756,-2427
7545,1740,-2359
7637,1720,-2306
7713,1689,-2262
7768,1659,-2226
7807,1630,-2202
7827,1602,-2178
7833,1575,-2161
7827,1558,-2152
7807,1545,-2145
7777,1533,-2135
7733,1531,-2127
7682,1529,-2110
7621,1528,-2095
7554,1517,-2061
7476,1506,-2014
7404,1494,-1958
7328,1477,-1895
7253,1453,-1837
7179,1427,-1778
7104,1391,-1723
7027,1352,-1666
6950,1310,-1607
6864,1265,-1544
6777,1221,-1480
6686,1172,-1425
6588,1125,-1367
6488,1078,-1311
6385,1032,-1258
6279,987,-1207
6174,941,-1150
6071,897,-1086
5960,850,-1025
5859,806,-968
5750,762,-912
5648,716,-855
5549,670,-794
5452,617,-732
5355,568,-677
5257,521,-627
5159,474,-582
5064,425,-529
4972,374,-481
4886,329,-432
4810,283,-387
4739,233,-352
4671,177,-319
4609,125,-292
4558,67,-273
4517,2,-258
4485,-70,-244
4459,-148,-231
4439,-224,-211
4425,-296,-194
4413,-372,-177
4409,-452,-161
4403,-531,-146
4409,-608,-125
4415,-674,-99
4420,-731,-75
4436,-783,-49
4443,-832,-31
4447,-881,-16
4451,-923,-4
4446,-951,0
4440,-975,-2
4432,-996,-6
4422,-1017,-7
4413,-1035,-8
4403,-1048,-15
4381,-1061,-20
4357,-1071,-25
4325,-1078,-31
4283,-1080,-40
4239,-1081,-44
4192,-1079,-47
4145,-1073,-57
4097,-1066,-68
4039,-1056,-77
3979,-1043,-91
3915,-1032,-106
3855,-1018,-120
3795,-1009,-127
3729,-1002,-142
3664,-990,-155
3594,-976,-168
3524,-966,-180
3453,-956,-184
3383,-948,-187
3313,-942,-191
3241,-935,-196
3176,-922,-199
3113,-914,-202
3045,-908,-203
2993,-902,-209
2938,-899,-211
2884,-897,-212
2842,-900,-210
2807,-910,-199
2768,-925,-182
2723,-936,-164
2682,-948,-151
2641,-961,-134
2601,-970,-121
2563,-975,-108
2530,-979,-96
2492,-992,-79
2462,-999,-62
2430,-1002,-50
2390,-1000,-43
2350,-1000,-33
2308,-1003,-16
2268,-1005,-4
2230,-1005,5
2187,-1004,16
2149,-1008,24
2119,-1010,27
2089,-1016,25
2066,-1020,19
2051,-1025,12
2037,-1030,-3
2031,-1038,-16
2029,-1042,-33
2039,-1047,-50
2050,-1051,-63
2065,-1054,-75
2088,-1059,-91
2117,-1060,-103
2146,-1061,-119
2179,-1056,-135
2213,-1054,-146
2246,-1052,-156
2281,-1042,-166
2310,-1034,-179
2341,-1026,-189
2365,-1016,-204
2388,-1005,-214
2409,-998,-221
2427,-993,-233
2443,-988,-248
2463,-985,-263
2472,-982,-282
2481,-979,-307
2493,-977,-340
2511,-978,-373
2530,-975,-410
2556,-974,-446
2589,-970,-477
2624,-969,-507
2656,-964,-535
2689,-959,-560
2716,-953,-586
2739,-949,-606
2763,-939,-627
2786,-926,-638
2807,-916,-650
2826,-895,-651
2847,-884,-659
2870,-865,-666
2890,-853,-670
2908,-843,-678
2932,-835,-692
2950,-832,-717
2971,-831,-741
2997,-835,-764
3031,-837,-788
3072,-838,-815
3116,-843,-840
3167,-846,-860
3220,-850,-879
3278,-853,-895
3332,-852,-910
3384,-853,-927
3436,-856,-941
3487,-854,-951
3535,-853,-965
3585,-852,-980
3633,-852,-993
3679,-856,-1002
3730,-864,-1013
3778,-866,-1024
3825,-876,-1041
3867,-883,-1055
3908,-894,-1063
3955,-906,-1075
3995,-918,-1082
4040,-926,-1086
4072,-937,-1086
4099,-945,-1091
4116,-954,-1088
4117,-965,-1087
4110,-979,-1088
4095,-985,-1083
4064,-992,-1079
4025,-996,-1073
3978,-994,-1062
3927,-991,-1048
3876,-985,-1030
3831,-972,-1002
3796,-953,-969
3784,-920,-931
3799,-879,-892
3840,-838,-861
3907,-800,-850
3993,-769,-853
4087,-755,-869
4198,-757,-899
4313,-765,-934
4437,-774,-974
4556,-784,-1008
4668,-789,-1034
4772,-793,-1059
4876,-793,-1074
4983,-782,-1082
5082,-769,-1077
5182,-752,-1062
5278,-732,-1039
5362,-711,-1009
5435,-698,-960
5501,-680,-896
5554,-665,-822
5585,-654,-741
5600,-646,-653
5605,-646,-563
5599,-648,-468
5581,-657,-380
5550,-665,-301
5515,-669,-227
5469,-679,-172
5421,-696,-130
5372,-716,-100
5313,-738,-82
5256,-758,-76
5211,-774,-80
5180,-800,-99
5170,-826,-130
5165,-854,-164
5150,-881,-206
5126,-903,-245
5077,-926,-286
4998,-949,-325
4894,-976,-364
4778,-998,-400
4640,-1021,-433
4499,-1053,-469
4357,-1087,-496
4224,-1113,-513
4090,-1143,-530
3958,-1175,-531
3830,-1209,-525
3702,-1242,-529
3575,-1283,-541
3459,-1318,-560
3354,-1354,-585
3269,-1385,-605
3202,-1397,-621
3159,-1395,-635
3138,-1384,-638
3136,-1370,-634
3155,-1362,-627
3183,-1357,-621
3220,-1354,-618
3262,-1344,-615
3291,-1329,-617
3314,-1310,-631
3319,-1277,-646
3313,-1234,-660
3293,-1177,-683
3256,-1107,-705
3216,-1026,-712
3164,-944,-726
3113,-865,-741
3067,-785,-761
3025,-717,-773
2989,-657,-787
2951,-609,-796
2911,-566,-807
2881,-532,-822
2854,-510,-833
2834,-492,-845
2816,-486,-852
2812,-488,-859
2821,-500,-869
2844,-513,-879
2877,-535,-904
2919,-563,-928
2959,-581,-948
3007,-597,-963
3050,-613,-966
3096,-627,-955
3140,-647,-933
3186,-667,-904
3230,-690,-875
3274,-720,-846
3313,-751,-826
3358,-790,-804
3398,-824,-790
3435,-860,-778
3478,-892,-769
3519,-926,-760
3562,-953,-760
3606,-979,-760
3653,-998,-766
3704,-1010,-772
3755,-1017,-777
3814,-1019,-790
3870,-1017,-807
3918,-1008,-814
3960,-997,-819
3994,-988,-833
4012,-977,-852
4022,-969,-866
4028,-952,-868
4023,-933,-868
4019,-914,-869
4010,-892,-871
3996,-873,-876
3979,-853,-887
3960,-828,-898
3928,-803,-900
3891,-768,-886
3853,-729,-856
3821,-699,-829
3794,-686,-821
3774,-673,-821
3757,-659,-827
3742,-645,-837
3726,-631,-851
3701,-622,-862
3676,-613,-859
3653,-606,-851
3627,-615,-855
3600,-635,-860
3580,-656,-861
3574,-672,-865
3590,-700,-876
3621,-742,-908
3664,-781,-949
3716,-816,-995
3776,-849,-1057
3848,-864,-1122
3923,-869,-1184
3995,-852,-1251
4060,-818,-1313
4127,-770,-1367
4200,-720,-1412
4274,-671,-1439
4337,-622,-1455
4398,-581,-1454
4457,-539,-1442
4513,-498,-1413
4573,-461,-1382
4635,-432,-1354
4704,-411,-1338
4776,-400,-1327
4857,-400,-1319
4955,-402,-1313
5079,-419,-1307
5229,-435,-1316
5393,-444,-1332
5578,-443,-1332
5768,-438,-1319
5949,-429,-1285
6119,-425,-1239
6277,-426,-1180
6413,-432,-1109
6529,-435,-1035
6625,-447,-957
6708,-462,-878
6781,-492,-811
6839,-539,-755
6879,-602,-723
6881,-675,-707
6838,-768,-705
6741,-861,-711
6599,-962,-718
6409,-1055,-727
6182,-1136,-729
5929,-1205,-729
5664,-1262,-729
5391,-1313,-720
5129,-1354,-695
4869,-1395,-656
4623,-1420,-601
4392,-1437,-534
4190,-1432,-457
4004,-1411,-380
3845,-1376,-295
3720,-1336,-228
3630,-1289,-162
3549,-1224,-96
3486,-1152,-48
3445,-1074,-23
3419,-990,-9
3410,-895,-4
3407,-799,-17
3413,-710,-46
3426,-623,-84
3438,-540,-123
3443,-464,-174
3447,-396,-227
3438,-334,-278
3429,-272,-327
3410,-217,-375
3383,-167,-422
3351,-123,-466
3310,-80,-510
3265,-45,-556
3217,-22,-599
3165,4,-642
3107,22,-679
3056,24,-703
2994,13,-717
2928,-1,-729
2861,-18,-734
2785,-31,-743
2712,-39,-752
2644,-51,-753
2579,-66,-747
2518,-83,-740
2467,-102,-730
2425,-121,-719
2384,-145,-701
2350,-170,-687
2321,-197,-661
2299,-232,-634
2281,-269,-604
2271,-306,-571
2271,-349,-536
2277,-393,-499
2291,-439,-457
2305,-479,-416
2325,-510,-395
2353,-545,-380
2389,-579,-367
2433,-618,-355
2483,-657,-348
2538,-698,-343
2598,-744,-336
2661,-784,-332
2728,-820,-328
2798,-846,-325
2862,-862,-329
2932,-876,-347
3005,-898,-371
3078,-915,-401
3146,-929,-436
3211,-941,-468
3269,-948,-495
3318,-945,-526
3359,-933,-562
3386,-915,-597
3401,-902,-630
3406,-884,-668
3404,-866,-707
3385,-851,-747
3361,-842,-790
3329,-830,-831
3297,-821,-860
3262,-811,-890
3228,-798,-915
3198,-786,-945
3180,-778,-975
3162,-764,-1000
3154,-754,-1023
3153,-738,-1048
3155,-731,-1065
3161,-721,-1088
3180,-713,-1109
3208,-714,-1129
3251,-721,-1142
3308,-734,-1153
3372,-752,-1164
3446,-774,-1173
3530,-800,-1178
3621,-826,-1187
3716,-855,-1201
3814,-879,-1213
3918,-907,-1221
4010,-928,-1240
4107,-948,-1252
4212,-967,-1262
4328,-994,-1270
4445,-1023,-1280
4560,-1055,-1289
4667,-1079,-1295
4753,-1092,-1290
4820,-1098,-1263
4876,-1086,-1213
4928,-1067,-1138
4989,-1035,-1050
5074,-999,-958
5196,-963,-893
5366,-944,-878
5577,-944,-905
5825,-976,-968
6074,-1020,-1056
6290,-1062,-1145
6436,-1092,-1228
6498,-1108,-1304
6468,-1111,-1374
6355,-1111,-1432
6169,-1098,-1471
5937,-1082,-1488
5677,-1053,-1488
5399,-1014,-1459
5117,-966,-1398
4852,-911,-1319
4604,-866,-1206
4387,-825,-1072
4216,-786,-924
4090,-740,-783
4029,-691,-651
4051,-643,-547
4138,-603,-481
4299,-577,-455
4503,-577,-458
4724,-589,-491
4943,-602,-543
5135,-606,-605
5299,-604,-662
5430,-588,-717
5533,-569,-768
5609,-550,-806
5660,-530,-827
5696,-514,-833
5712,-510,-819
5704,-516,-795
5672,-533,-761
5621,-554,-716
5551,-577,-661
5466,-600,-600
5375,-622,-532
5275,-637,-469
5174,-652,-420
5078,-668,-380
4979,-676,-349
4885,-690,-329
4789,-696,-313
4694,-700,-305
4599,-705,-300
4502,-711,-302
4412,-717,-310
4332,-723,-329
4277,-736,-351
4239,-749,-370
4219,-752,-392
4201,-750,-412
4188,-742,-439
4171,-731,-452
4149,-712,-459
4115,-694,-453
4061,-672,-442
3991,-650,-433
3913,-625,-419
3836,-601,-404
3764,-574,-389
3704,-552,-370
3652,-532,-352
3613,-516,-334
3585,-503,-313
3565,-495,-300
3553,-489,-286
3541,-484,-279
3528,-477,-271
3514,-467,-272
3503,-459,-272
3492,-446,-278
3482,-432,-285
3477,-419,-294
3471,-403,-302
3469,-390,-309
3470,-378,-323
3473,-368,-331
3479,-360,-342
3480,-354,-345
3476,-353,-349
3470,-354,-351
3454,-352,-347
3433,-344,-342
3403,-342,-343
3367,-343,-331
3327,-339,-321
3286,-343,-306
3248,-346,-294
3219,-350,-281
3194,-349,-266
3170,-354,-259
3155,-360,-249
3140,-364,-246
3124,-371,-243
3111,-381,-239
3096,-388,-233
3079,-388,-230
3070,-387,-224
3073,-380,-216
3088,-375,-210
3110,-371,-203
3144,-363,-195
3192,-358,-188
3248,-353,-183
3314,-349,-177
3381,-347,-168
3454,-341,-160
3528,-344,-157
3598,-348,-148
3663,-356,-143
3729,-367,-134
3803,-384,-128
3872,-403,-120
3941,-429,-113
3999,-453,-110
4049,-481,-110
4080,-511,-114
4096,-547,-118
4101,-578,-123
4099,-610,-126
4079,-641,-129
4062,-669,-131
4057,-693,-137
4079,-707,-138
4145,-709,-143
4253,-704,-144
4402,-694,-160
4570,-691,-179
4743,-702,-207
4902,-729,-235
5024,-768,-268
5099,-820,-300
5116,-876,-334
5072,-935,-369
4980,-981,-408
4855,-1028,-453
4719,-1077,-508
4583,-1143,-575
4458,-1214,-660
4345,-1293,-761
4247,-1374,-871
4172,-1457,-984
4105,-1538,-1102
4058,-1611,-1214
4029,-1672,-1303
4024,-1722,-1372
4044,-1759,-1431
4085,-1774,-1481
4170,-1786,-1527
4289,-1785,-1566
4438,-1779,-1594
4605,-1764,-1614
4776,-1738,-1627
4926,-1702,-1636
5052,-1647,-1640
5152,-1587,-1633
5212,-1480,-1593
5232,-1368,-1552
5227,-1270,-1535
5198,-1185,-1537
5145,-1105,-1544
5064,-1027,-1558
4961,-947,-1573
4853,-868,-1586
4730,-791,-1602
4595,-717,-1621
4458,-634,-1640
4321,-549,-1659
4194,-454,-1681
4065,-355,-1704
3939,-250,-1730
3820,-152,-1752
3700,-59,-1768
3588,26,-1783
3475,105,-1789
3371,178,-1788
3273,237,-1778
3179,286,-1756
3093,323,-1734
3018,344,-1704
2945,349,-1676
2886,335,-1648
2834,310,-1595
2789,268,-1535
2745,217,-1481
2703,166,-1443
2668,111,-1422
2641,54,-1398
2619,4,-1385
2605,-45,-1372
2596,-98,-1365
2596,-157,-1360
2599,-213,-1363
2612,-273,-1362
2625,-330,-1361
2639,-386,-1364
2656,-444,-1365
2680,-505,-1363
2711,-574,-1356
2739,-642,-1352
2773,-714,-1342
2805,-786,-1330
2843,-864,-1311
2878,-945,-1292
2915,-1030,-1266
2953,-1113,-1232
2993,-1198,-1200
3031,-1279,-1167
3065,-1362,-1134
3097,-1437,-1099
3124,-1507,-1071
3150,-1578,-1044
3170,-1642,-1020
3185,-1697,-1003
3196,-1750,-987
3198,-1797,-975
3189,-1833,-964
3169,-1864,-954
3141,-1879,-945
3107,-1887,-931
3061,-1889,-919
3016,-1882,-906
2969,-1868,-896
2927,-1846,-882
2890,-1819,-862
2870,-1791,-848
2864,-1761,-833
2871,-1737,-825
2896,-1711,-823
2924,-1679,-834
2956,-1659,-861
3000,-1640,-885
3050,-1632,-908
3105,-1629,-917
3156,-1626,-922
3210,-1628,-918
3258,-1632,-920
3313,-1637,-919
3370,-1645,-924
3435,-1654,-925
3508,-1666,-930
3587,-1685,-937
3674,-1708,-934
3761,-1726,-931
3850,-1747,-927
3930,-1769,-926
4012,-1793,-930
4078,-1826,-923
4148,-1860,-913
4204,-1886,-898
4249,-1910,-886
4272,-1929,-862
4281,-1937,-834
4268,-1938,-796
4232,-1927,-753
4182,-1907,-703
4139,-1878,-644
4094,-1843,-582
4063,-1795,-506
4051,-1742,-417
4078,-1679,-313
4166,-1613,-212
4324,-1557,-142
4562,-1518,-116
4872,-1509,-141
5228,-1540,-212
5607,-1602,-321
5954,-1683,-465
6235,-1757,-625
6419,-1820,-792
6496,-1858,-947
6459,-1883,-1075
6331,-1899,-1181
6141,-1908,-1245
5906,-1921,-1265
5644,-1926,-1241
5387,-1924,-1173
5152,-1919,-1061
4951,-1907,-906
4799,-1886,-729
4700,-1853,-536
4672,-1815,-348
4712,-1773,-176
4812,-1730,-37
4957,-1688,66
5133,-1654,133
5319,-1627,169
5498,-1610,173
5658,-1591,153
5786,-1568,120
5881,-1533,82
5946,-1492,44
5985,-1443,19
6003,-1385,-4
6003,-1321,-22
5997,-1249,-37
5973,-1169,-39
5937,-1084,-31
5886,-994,-17
5814,-903,1
5722,-811,27
5607,-724,54
5468,-649,82
5321,-585,114
5152,-534,153
4976,-482,195
4794,-435,228
4610,-395,257
4433,-355,273
4274,-324,285
4141,-302,283
4020,-288,269
3919,-277,255
3831,-271,244
3762,-268,232
3706,-265,212
3663,-258,185
3637,-259,154
3621,-259,133
3614,-267,123
3604,-271,113
3597,-279,101
3591,-294,101
3585,-312,107
3584,-339,124
3585,-377,147
3592,-417,181
3601,-457,220
3611,-505,261
3622,-556,301
3638,-611,343
3656,-661,383
3677,-717,416
3700,-763,446
3730,-809,472
3763,-862,493
3791,-908,510
3814,-947,531
3831,-981,547
3853,-1008,555
3868,-1035,565
3882,-1053,574
3884,-1066,579
3872,-1064,578
3849,-1049,573
3810,-1026,569
3755,-1003,566
3687,-982,560
3614,-959,547
3537,-945,524
3464,-921,499
3393,-903,479
3327,-880,450
3270,-868,414
3228,-859,374
3204,-863,325
3189,-883,272
3187,-915,215
3196,-956,159
3218,-1011,95
3252,-1072,37
3297,-1131,-18
3356,-1187,-65
3428,-1228,-98
3503,-1259,-125
3582,-1281,-144
3664,-1292,-143
3752,-1285,-122
3848,-1259,-78
3947,-1214,-25
4053,-1160,22
4172,-1114,64
4287,-1081,96
4383,-1082,108
4430,-1109,100
4424,-1159,72
4359,-1234,38
4249,-1330,-15
4115,-1434,-73
3974,-1534,-116
3853,-1618,-157
3776,-1698,-209
3750,-1766,-274
3776,-1835,-355
3850,-1903,-443
3950,-1974,-534
4050,-2048,-634
4136,-2121,-730
4202,-2192,-822
4232,-2247,-905
4229,-2287,-963
4198,-2306,-1000
4148,-2308,-1012
4092,-2289,-994
4030,-2268,-967
3967,-2243,-928
3910,-2224,-873
3857,-2211,-810
3810,-2201,-739
3761,-2193,-672
3720,-2187,-600
3682,-2184,-534
3647,-2180,-470
3606,-2167,-406
3563,-2135,-341
3513,-2092,-279
3460,-2040,-217
3401,-1977,-158
3341,-1899,-111
3280,-1818,-73
3214,-1732,-39
3148,-1648,-6
3081,-1564,28
3021,-1483,59
2959,-1408,85
2903,-1328,123
2841,-1246,149
2783,-1175,164
2727,-1102,179
2667,-1032,195
2611,-967,203
2563,-909,210
2524,-857,213
2486,-807,212
2449,-765,207
2415,-728,195
2384,-695,172
2356,-662,142
2329,-637,112
2305,-617,86
2289,-602,53
2280,-588,30
2276,-579,15
2280,-567,-3
2297,-567,-12
2324,-577,-19
2361,-596,-25
2412,-630,-22
2470,-669,-14
2538,-718,4
2613,-773,32
2703,-834,63
2799,-899,104
2905,-969,145
3021,-1031,198
3152,-1094,241
3297,-1162,273
3466,-1240,311
3656,-1332,354
3862,-1445,399
4075,-1579,437
4295,-1741,470
4520,-1934,499
4741,-2148,528
4955,-2382,565
5151,-2614,607
5312,-2832,658
5447,-3023,719
5546,-3183,784
5610,-3307,850
5639,-3389,916
5632,-3437,992
5619,-3454,1070
5588,-3438,1146
5551,-3399,1226
5504,-3332,1293
5460,-3244,1356
5415,-3136,1402
5374,-3020,1437
5340,-2902,1471
5299,-2787,1491
5247,-2672,1499
5189,-2565,1486
5110,-2452,1458
5023,-2346,1414
4928,-2245,1358
4831,-2154,1292
4737,-2068,1222
4634,-1981,1150
4535,-1898,1075
4433,-1830,1003
4344,-1771,927
4257,-1723,865
4179,-1679,812
4111,-1646,765
4045,-1627,721
3984,-1624,685
3932,-1637,660
3886,-1658,642
3840,-1692,630
3801,-1731,621
3760,-1770,610
3725,-1811,599
3696,-1853,588
3679,-1898,578
3666,-1946,571
3661,-1994,570
3672,-2047,577
3684,-2101,587
3698,-2158,609
3722,-2216,637
3747,-2276,666
3780,-2332,697
3817,-2388,732
3850,-2452,759
3879,-2506,787
3913,-2554,816
3938,-2604,847
3964,-2646,872
3982,-2685,898
3998,-2724,918
4004,-2756,927
4007,-2781,931
4015,-2803,919
4013,-2813,903
4010,-2818,874
4005,-2813,842
3990,-2796,807
3973,-2774,776
3955,-2748,746
3929,-2724,713
3897,-2704,675
3867,-2684,646
3835,-2666,614
3798,-2648,593
3763,-2631,564
3724,-2616,538
3683,-2604,508
3644,-2593,479
3604,-2585,448
3561,-2580,421
3520,-2574,396
3475,-2565,374
3433,-2554,350
3384,-2537,331
3337,-2515,316
3287,-2492,309
3237,-2466,299
3188,-2442,286
3133,-2415,272
3074,-2391,261
3014,-2361,252
2959,-2336,248
2903,-2310,241
2847,-2284,234
2786,-2260,227
2733,-2240,223
2679,-2221,216
2630,-2201,209
2582,-2179,206
2536,-2157,206
2496,-2136,205
2461,-2114,203
2430,-2092,199
2404,-2075,188
2380,-2059,178
2360,-2044,163
2342,-2035,155
2330,-2026,141
2322,-2020,131
2319,-2016,121
2315,-2017,106
2318,-2021,86
2320,-2027,64
2323,-2035,46
2327,-2042,25
2334,-2041,12
2337,-2041,-9
2339,-2035,-32
2339,-2028,-55
2341,-2012,-82
2341,-1989,-104
2340,-1962,-128
2342,-1945,-145
2357,-1928,-162
2373,-1910,-176
2399,-1886,-195
2439,-1867,-206
2478,-1853,-224
2533,-1852,-242
2595,-1856,-255
2667,-1861,-269
2745,-1867,-281
2830,-1869,-288
2917,-1874,-292
3012,-1880,-298
3112,-1891,-304
3219,-1910,-311
3339,-1939,-317
3460,-1978,-318
3588,-2018,-317
3709,-2057,-324
3829,-2093,-333
3942,-2132,-344
4041,-2165,-358
4141,-2195,-388
4240,-2228,-425
4334,-2251,-468
4424,-2272,-520
4518,-2277,-572
4610,-2268,-624
4694,-2252,-680
4770,-2230,-747
4842,-2202,-813
4910,-2164,-872
4976,-2123,-921
5022,-2087,-970
5048,-2051,-1014
5060,-2007,-1048
5052,-1963,-1070
5029,-1924,-1087
4990,-1887,-1094
4933,-1854,-1093
4861,-1827,-1092
4781,-1797,-1089
4692,-1764,-1080
4602,-1737,-1069
4510,-1708,-1052
4415,-1678,-1038
4319,-1651,-1023
4234,-1625,-1006
4167,-1596,-995
4101,-1573,-990
4045,-1550,-994
3996,-1538,-1004
3958,-1530,-1017
3919,-1517,-1019
3882,-1517,-1023
3856,-1525,-1022
3835,-1540,-1016
3809,-1555,-1001
3776,-1569,-994
3744,-1582,-981
3715,-1593,-972
3681,-1606,-963
3655,-1616,-957
3635,-1627,-955
3609,-1639,-956
3589,-1653,-954
3574,-1670,-957
3558,-1691,-957
3540,-1705,-956
3520,-1714,-956
3492,-1725,-963
3465,-1735,-976
3434,-1745,-987
3405,-1754,-991
3370,-1750,-993
3329,-1738,-996
3281,-1719,-1000
3230,-1689,-1008
3184,-1656,-1019
3144,-1621,-1027
3101,-1584,-1032
3063,-1547,-1044
3031,-1517,-1051
3008,-1491,-1049
2985,-1469,-1041
2960,-1448,-1031
2936,-1440,-1017
2913,-1434,-1011
2890,-1429,-1006
2871,-1433,-1010
2858,-1441,-1017
2844,-1457,-1021
2834,-1474,-1029
2832,-1499,-1042
2834,-1529,-1052
2839,-1560,-1066
2851,-1597,-1086
2863,-1636,-1101
2876,-1670,-1113
2886,-1706,-1125
2898,-1740,-1137
2907,-1774,-1146
2909,-1806,-1151
2907,-1832,-1156
2895,-1859,-1159
2888,-1881,-1164
2878,-1901,-1163
2871,-1927,-1158
2864,-1953,-1149
2854,-1979,-1142
2849,-2000,-1134
2838,-2023,-1119
2827,-2037,-1104
2816,-2054,-1086
2807,-2068,-1069
2794,-2088,-1047
2778,-2105,-1030
2762,-2122,-1014
2745,-2146,-1002
2727,-2167,-991
2712,-2187,-978
2699,-2204,-962
2681,-2215,-944
2664,-2225,-932
2643,-2236,-920
2625,-2248,-905
2614,-2266,-897
2603,-2277,-882
2595,-2286,-867
2594,-2298,-857
2595,-2311,-844
2596,-2322,-835
2600,-2338,-827
2605,-2356,-816
2615,-2378,-806
2628,-2399,-804
2642,-2425,-801
2666,-2458,-802
2688,-2485,-801
2718,-2524,-805
2754,-2564,-806
2795,-2592,-806
2837,-2611,-805
2884,-2627,-809
2936,-2638,-813
2991,-2650,-817
3047,-2662,-822
3105,-2677,-821
3166,-2689,-822
3224,-2699,-826
3280,-2708,-828
3332,-2714,-828
3384,-2719,-830
3435,-2722,-829
3482,-2725,-823
3526,-2726,-821
3564,-2721,-819
3600,-2716,-820
3622,-2704,-818
3630,-2689,-812
3631,-2664,-802
3614,-2635,-787
3585,-2596,-775
3552,-2551,-756
3525,-2505,-734
3511,-2450,-704
3519,-2394,-670
3562,-2339,-639
3648,-2300,-614
3780,-2286,-590
3950,-2313,-587
4132,-2376,-612
4328,-2471,-669
4516,-2588,-740
4682,-2713,-815
4812,-2837,-891
4904,-2950,-963
4952,-3053,-1015
4964,-3131,-1045
4948,-3175,-1045
4903,-3184,-1032
4849,-3164,-988
4795,-3135,-929
4740,-3094,-859
4696,-3054,-782
4661,-3009,-709
4628,-2965,-632
4593,-2914,-557
4551,-2858,-482
4507,-2795,-411
4463,-2721,-342
4423,-2636,-273
4393,-2549,-217
4374,-2460,-168
4374,-2383,-132
4385,-2307,-119
4404,-2248,-122
4428,-2202,-148
4451,-2176,-180
4467,-2168,-221
4464,-2173,-266
4447,-2185,-313
4413,-2195,-359
4369,-2212,-407
4316,-2230,-439
4260,-2246,-461
4197,-2260,-484
4148,-2270,-495
4094,-2276,-494
4032,-2269,-491
3970,-2253,-479
3902,-2228,-463
3833,-2192,-439
3766,-2152,-414
3700,-2108,-382
3638,-2074,-344
3576,-2041,-308
3523,-2014,-274
3480,-1989,-241
3439,-1965,-219
3410,-1949,-205
3389,-1936,-195
3364,-1931,-196
3347,-1927,-207
3327,-1921,-228
3309,-1908,-256
3286,-1893,-282
3267,-1869,-314
3240,-1844,-335
3213,-1819,-355
3186,-1792,-371
3158,-1766,-385
3133,-1744,-403
3112,-1730,-421
3092,-1712,-436
3077,-1701,-447
3062,-1690,-459
3049,-1675,-469
3036,-1663,-477
3032,-1638,-482
3028,-1617,-487
3025,-1587,-489
3021,-1555,-491
3019,-1528,-489
3015,-1500,-492
3016,-1469,-481
3017,-1443,-474
3019,-1419,-468
3020,-1399,-458
3021,-1387,-450
3024,-1371,-439
3033,-1368,-433
3042,-1369,-425
3047,-1380,-421
3054,-1385,-417
3066,-1387,-408
3069,-1386,-405
3068,-1382,-405
3067,-1379,-407
3067,-1372,-412
3064,-1367,-418
3059,-1360,-426
3054,-1349,-440
3049,-1338,-454
3042,-1320,-464
3032,-1311,-471
3023,-1297,-473
3008,-1278,-476
2992,-1256,-472
2971,-1234,-464
2950,-1211,-459
2934,-1189,-453
2910,-1169,-442
2900,-1152,-439
2891,-1142,-438
2881,-1134,-433
2866,-1128,-426
2855,-1121,-420
2842,-1115,-411
2834,-1107,-397
2830,-1091,-380
2841,-1073,-364
2869,-1052,-350
2911,-1035,-339
2966,-1017,-329
3039,-1001,-327
3119,-990,-331
3206,-980,-339
3296,-976,-355
3384,-970,-368
3483,-974,-383
3587,-978,-399
3687,-976,-413
3783,-979,-425
3874,-980,-439
3962,-987,-451
4043,-997,-468
4113,-1005,-481
4178,-1021,-500
4229,-1034,-518
4268,-1053,-533
4298,-1069,-541
4327,-1085,-540
4360,-1095,-534
4412,-1096,-509
4493,-1082,-476
4612,-1049,-439
4771,-1004,-411
4974,-962,-396
5203,-928,-389
5429,-911,-399
5642,-913,-423
5812,-937,-467
5925,-976,-523
5961,-1031,-598
5929,-1099,-679
5827,-1177,-765
5675,-1261,-848
5498,-1339,-935
5309,-1422,-1020
5123,-1503,-1108
4950,-1580,-1197
4784,-1646,-1296
4629,-1698,-1385
4493,-1741,-1458
4363,-1776,-1514
4242,-1790,-1546
4139,-1784,-1553
4054,-1762,-1521
3995,-1719,-1475
3957,-1661,-1435
3965,-1586,-1376
4007,-1511,-1329
4082,-1438,-1294
4184,-1365,-1267
4304,-1299,-1259
4423,-1236,-1262
4525,-1174,-1267
4596,-1107,-1269
4632,-1041,-1272
4634,-969,-1272
4609,-897,-1267
4555,-826,-1263
4491,-752,-1253
4424,-676,-1244
4348,-601,-1232
4273,-527,-1221
4205,-460,-1214
4149,-398,-1209
4089,-342,-1200
4036,-294,-1192
3984,-253,-1186
3936,-214,-1182
3890,-186,-1172
3840,-170,-1169
3796,-159,-1168
3750,-158,-1171
3706,-172,-1160
3662,-206,-1124
3609,-243,-1097
3549,-284,-1079
3492,-326,-1069
3435,-371,-1058
3387,-409,-1044
3347,-447,-1022
3309,-487,-1001
3277,-528,-977
3245,-572,-953
3220,-615,-926
3199,-659,-896
3175,-711,-867
3157,-768,-832
3143,-821,-791
3128,-876,-749
3113,-929,-717
3105,-982,-683
3097,-1034,-655
3094,-1087,-627
3091,-1138,-599
3090,-1187,-576
3096,-1231,-557
3103,-1278,-536
3110,-1326,-526
3121,-1365,-519
3137,-1398,-517
3149,-1434,-519
3160,-1468,-524
3171,-1493,-530
3179,-1514,-536
3188,-1527,-541
3196,-1534,-544
3206,-1540,-550
3214,-1548,-557
3217,-1554,-572
3216,-1564,-588
3217,-1567,-600
3216,-1564,-607
3207,-1562,-604
3199,-1555,-600
3187,-1546,-611
3173,-1531,-632
3158,-1515,-651
3148,-1496,-655
3136,-1476,-656
3124,-1450,-657
3119,-1423,-657
3115,-1402,-663
3113,-1381,-664
3115,-1362,-674
3124,-1344,-681
3139,-1329,-693
3159,-1320,-710
3179,-1317,-731
3204,-1315,-756
3235,-1306,-779
3270,-1304,-805
3311,-1303,-832
3358,-1299,-859
3415,-1295,-880
3473,-1290,-901
3546,-1291,-919
3616,-1290,-932
3695,-1288,-948
3775,-1290,-960
3854,-1293,-967
3929,-1294,-977
4000,-1292,-984
4059,-1296,-990
4107,-1305,-994
4148,-1309,-1002
4168,-1314,-1003
4170,-1314,-1005
4152,-1309,-1003
4126,-1298,-997
4072,-1287,-985
4009,-1276,-973
3932,-1258,-955
3847,-1237,-930
3757,-1210,-902
3672,-1184,-868
3588,-1153,-835
3517,-1125,-795
3469,-1100,-741
3449,-1078,-673
3475,-1056,-581
3561,-1035,-485
3720,-1020,-419
3953,-1027,-399
4256,-1062,-437
4613,-1118,-533
4973,-1192,-674
5294,-1286,-842
5549,-1387,-1030
5701,-1485,-1222
5742,-1572,-1387
5671,-1637,-1499
5515,-1677,-1546
5303,-1705,-1521
5087,-1716,-1438
4894,-1709,-1298
4741,-1685,-1115
4651,-1646,-901
4635,-1600,-685
4688,-1537,-478
4798,-1472,-304
4945,-1413,-169
5112,-1360,-79
5274,-1319,-26
5413,-1285,-6
5520,-1262,-8
5586,-1240,-47
5619,-1218,-120
5626,-1191,-211
5625,-1157,-305
5613,-1123,-405
5607,-1083,-495
5603,-1046,-578
5599,-1009,-649
5592,-980,-709
5578,-955,-758
5543,-936,-797
5491,-922,-822
5415,-913,-830
5321,-910,-820
5215,-916,-796
5100,-920,-764
4985,-929,-722
4876,-933,-675
4770,-937,-632
4678,-943,-594
4590,-944,-562
4505,-940,-532
4429,-932,-506
4353,-919,-485
4280,-907,-471
4207,-888,-462
4143,-873,-456
4074,-850,-451
4013,-828,-452
3958,-802,-454
3918,-782,-461
3882,-765,-474
3853,-746,-486
3829,-727,-498
3808,-708,-507
3795,-686,-514
3780,-664,-524
3767,-639,-530
3752,-617,-542
3735,-593,-548
3715,-569,-558
3703,-548,-566
3695,-524,-575
3700,-504,-577
3714,-485,-583
3729,-466,-586
3751,-441,-586
3772,-420,-582
3791,-400,-573
3802,-383,-564
3806,-364,-557
3802,-349,-543
3789,-331,-532
3773,-313,-518
3756,-299,-509
3739,-285,-497
3728,-274,-485
3709,-263,-463
3689,-263,-444
3667,-265,-428
3643,-268,-411
3618,-276,-396
3585,-287,-377
3550,-298,-359
3514,-309,-344
3477,-318,-333
3438,-326,-320
3401,-331,-313
3357,-337,-310
3315,-345,-306
3274,-350,-300
3226,-363,-300
3177,-375,-297
3133,-392,-292
3093,-406,-288
3058,-418,-284
3021,-435,-277
2991,-452,-275
2974,-469,-274
2973,-488,-270
2983,-505,-268
3008,-522,-271
3044,-540,-275
3096,-560,-283
3150,-579,-289
3210,-601,-293
3266,-625,-292
3328,-652,-289
3391,-671,-290
3456,-687,-292
3524,-698,-301
3596,-704,-302
3683,-700,-294
3789,-683,-288
3923,-664,-278
4068,-638,-272
4236,-613,-272
4428,-598,-277
4624,-596,-286
4807,-607,-301
4953,-640,-317
5049,-683,-326
5077,-725,-335
5045,-771,-336
4967,-823,-332
4854,-862,-330
4727,-896,-328
4606,-911,-340
4513,-916,-359
4453,-927,-399
4443,-945,-461
4466,-969,-535
4515,-1002,-624
4570,-1036,-711
4617,-1068,-801
4640,-1102,-882
4648,-1133,-953
4643,-1160,-1020
4614,-1183,-1080
4582,-1199,-1125
4538,-1207,-1159
4487,-1212,-1186
4431,-1211,-1205
4372,-1205,-1208
4307,-1194,-1200
4231,-1176,-1188
4163,-1158,-1160
4082,-1135,-1135
3996,-1106,-1093
3909,-1069,-1046
3831,-1024,-1004
3770,-973,-966
3728,-921,-933
3712,-869,-919
3719,-817,-916
3754,-756,-932
3808,-698,-966
3881,-639,-1007
3961,-585,-1055
4031,-530,-1109
4095,-479,-1164
4154,-431,-1220
4206,-384,-1274
4241,-334,-1320
4278,-292,-1363
4308,-256,-1407
4337,-222,-1443
4357,-199,-1474
4380,-189,-1502
4388,-193,-1521
4385,-209,-1531
4369,-239,-1535
4341,-276,-1538
4305,-331,-1526
4263,-399,-1498
4206,-463,-1446
4136,-524,-1405
4052,-573,-1375
3966,-616,-1348
3879,-655,-1320
3791,-686,-1289
3711,-716,-1263
3625,-744,-1235
3549,-768,-1208
3476,-790,-1181
3408,-817,-1157
3347,-842,-1129
3291,-870,-1102
3245,-900,-1076
3207,-935,-1051
3173,-975,-1024
3146,-1011,-986
3124,-1050,-948
3101,-1089,-912
3089,-1124,-878
3083,-1161,-850
3085,-1196,-823
3090,-1225,-798
3099,-1253,-782
3112,-1275,-769
3129,-1298,-762
3148,-1321,-762
3164,-1340,-763
3181,-1350,-764
3199,-1358,-769
3213,-1353,-781
3226,-1351,-794
3233,-1346,-803
3237,-1338,-812
3242,-1328,-813
3241,-1313,-819
3240,-1294,-818
3238,-1270,-820
3238,-1249,-821
3238,-1229,-818
3238,-1210,-812
3240,-1193,-808
3252,-1177,-802
3265,-1160,-797
3279,-1156,-796
3289,-1148,-796
3302,-1138,-801
3324,-1133,-807
3349,-1128,-816
3376,-1129,-824
3399,-1128,-839
3419,-1131,-854
3440,-1134,-863
3457,-1142,-874
3470,-1149,-879
3477,-1156,-879
3477,-1165,-876
3475,-1170,-873
3467,-1172,-863
3459,-1175,-842
3448,-1177,-825
3442,-1177,-802
3440,-1176,-776
3439,-1175,-752
3445,-1175,-728
3460,-1171,-714
3474,-1167,-704
3492,-1160,-700
3516,-1160,-702
3540,-1158,-707
3568,-1159,-715
3592,-1160,-724
3610,-1153,-736
3633,-1141,-744
3662,-1131,-753
3694,-1116,-759
3727,-1106,-761
3767,-1094,-755
3813,-1082,-738
3869,-1067,-717
3943,-1048,-690
4030,-1029,-654
4152,-1016,-627
4310,-1000,-613
4502,-996,-617
4726,-999,-647
4961,-1016,-702
5187,-1043,-775
5385,-1078,-868
5539,-1123,-977
5621,-1182,-1090
5611,-1238,-1188
5508,-1282,-1252
5324,-1311,-1277
5083,-1316,-1256
4813,-1306,-1197
4547,-1285,-1110
4306,-1262,-1001
4099,-1235,-871
3934,-1200,-726
3812,-1159,-586
3729,-1118,-451
3694,-1075,-335
3701,-1028,-243
3752,-975,-181
3833,-921,-147
3933,-863,-144
4035,-813,-163
4146,-757,-194
4261,-714,-236
4387,-680,-291
4532,-652,-352
4692,-621,-409
4857,-589,-463
5024,-547,-507
5186,-507,-557
5338,-464,-599
