3920,-918,-577
3924,-911,-569
3924,-918,-563
3918,-925,-574
3918,-915,-575
3925,-901,-566
3933,-893,-557
3932,-890,-556
3935,-878,-552
3930,-867,-544
3929,-856,-538
3918,-846,-532
3905,-830,-521
3898,-817,-510
3893,-800,-495
3885,-789,-482
3878,-777,-476
3872,-767,-470
3864,-760,-464
3857,-759,-464
3851,-756,-465
3842,-755,-465
3837,-756,-466
3831,-762,-463
3826,-762,-464
3824,-763,-461
3824,-770,-465
3823,-773,-470
3832,-772,-474
3843,-774,-475
3854,-781,-483
3863,-785,-491
3874,-790,-493
3884,-798,-500
3893,-807,-510
3904,-815,-518
3908,-823,-523
3913,-829,-532
3915,-837,-540
3918,-842,-543
3922,-847,-553
3928,-862,-563
3930,-873,-573
3935,-882,-578
3934,-890,-582
3937,-894,-591
3939,-900,-599
3940,-909,-604
3938,-916,-608
3938,-924,-614
3937,-924,-618
3934,-928,-616
3929,-930,-613
3923,-932,-612
3922,-932,-607
3918,-936,-606
3916,-941,-606
3911,-944,-612
3909,-943,-603
3909,-950,-597
3908,-959,-597
3907,-962,-597
3902,-967,-592
3906,-972,-588
3906,-973,-584
3900,-977,-579
3900,-982,-572
3897,-973,-565
3895,-972,-552
3888,-971,-549
3883,-972,-542
3882,-973,-538
3879,-973,-536
3875,-968,-530
3869,-966,-532
3868,-963,-528
3867,-957,-525
3865,-960,-521
3865,-964,-521
3868,-961,-521
3869,-958,-520
3870,-957,-519
3876,-954,-519
3876,-956,-521
3883,-956,-519
3889,-955,-518
3891,-957,-521
3892,-957,-520
3893,-956,-519
3898,-952,-523
3903,-951,-522
3906,-944,-524
3909,-943,-528
3912,-942,-531
3915,-941,-537
3915,-940,-538
3921,-938,-543
3919,-941,-546
3915,-940,-545
3913,-940,-546
3907,-936,-548
3901,-935,-547
3903,-931,-550
3900,-930,-549
3896,-933,-551
3892,-930,-558
3891,-924,-554
3890,-928,-551
3885,-933,-549
3881,-935,-547
3878,-937,-545
3881,-936,-543
3880,-936,-546
3882,-932,-544
3883,-932,-544
3881,-933,-542
3877,-933,-546
3878,-932,-539
3877,-933,-533
3877,-933,-528
3878,-935,-532
3879,-936,-533
3880,-928,-521
3884,-928,-516
3883,-930,-520
3884,-935,-516
3882,-936,-519
3886,-935,-516
3886,-933,-518
3887,-937,-519
3888,-937,-513
3887,-941,-511
3889,-937,-508
3891,-937,-511
3892,-934,-508
3890,-934,-507
3890,-933,-508
3889,-934,-510
3894,-932,-513
3892,-931,-512
3899,-932,-514
3901,-929,-513
3907,-926,-513
3907,-923,-514
3911,-919,-517
3919,-918,-518
3919,-913,-518
3924,-909,-520
3922,-913,-521
3918,-912,-519
3915,-909,-521
3912,-908,-522
3909,-911,-523
3904,-915,-527
3904,-917,-522
3901,-920,-522
3902,-921,-525
3899,-918,-523
3894,-918,-524
3891,-918,-520
3889,-923,-520
3889,-923,-521
3889,-915,-517
3895,-912,-515
3904,-916,-517
3915,-919,-520
3924,-917,-517
3933,-918,-514
3940,-919,-510
3949,-924,-510
3954,-926,-512
3957,-928,-513
3955,-929,-513
3950,-929,-515
3945,-933,-510
3938,-934,-507
3930,-939,-509
3921,-943,-512
3915,-942,-513
3912,-942,-516
3909,-945,-515
3908,-945,-518
3911,-942,-520
3908,-939,-524
3908,-935,-524
3904,-936,-517
3901,-937,-512
3897,-938,-508
3894,-939,-505
3892,-942,-505
3891,-938,-507
3890,-929,-511
3890,-927,-509
3888,-928,-502
3887,-930,-499
3882,-927,-496
3883,-928,-493
3885,-926,-493
3886,-919,-492
3887,-920,-488
3892,-917,-485
3893,-917,-484
3898,-914,-480
3900,-912,-481
3904,-915,-480
3904,-912,-482
3901,-908,-481
3900,-904,-479
3896,-901,-475
3894,-899,-479
3892,-896,-478
3888,-892,-477
3888,-889,-479
3889,-884,-481
3893,-882,-484
3891,-880,-486
3896,-879,-490
3904,-876,-487
3906,-879,-487
3908,-877,-490
3903,-875,-490
3905,-877,-492
3911,-878,-491
3911,-878,-494
3914,-879,-493
3918,-883,-495
3918,-878,-498
3918,-882,-499
3920,-879,-506
3919,-884,-508
3916,-884,-506
3917,-883,-504
3915,-885,-505
3908,-888,-508
3908,-888,-502
3906,-889,-501
3906,-892,-503
3903,-892,-503
3902,-890,-506
3903,-893,-505
3903,-895,-500
3905,-899,-501
3903,-898,-504
3903,-894,-500
3900,-898,-494
3905,-903,-499
3908,-903,-502
3910,-900,-493
3911,-901,-489
3913,-903,-488
3916,-907,-488
3913,-912,-485
3912,-912,-486
3913,-915,-481
3915,-919,-475
3916,-918,-475
3914,-919,-477
3915,-917,-477
3917,-918,-477
3916,-920,-477
3917,-919,-476
3918,-918,-474
3914,-913,-476
3911,-910,-478
3908,-906,-480
3909,-904,-482
3909,-902,-484
3911,-902,-490
3910,-899,-490
3908,-899,-498
3904,-897,-501
3904,-896,-507
3907,-894,-507
3906,-891,-505
3902,-890,-507
3904,-890,-507
3906,-885,-503
3907,-883,-503
3911,-884,-507
3909,-883,-510
3914,-882,-512
3914,-880,-510
3918,-878,-512
3921,-882,-515
3921,-880,-515
3927,-879,-517
3923,-874,-515
3921,-870,-508
3922,-873,-503
3925,-872,-500
3932,-877,-501
3932,-880,-499
3932,-875,-496
3927,-869,-495
3927,-866,-491
3929,-869,-489
3926,-870,-487
3924,-873,-485
3921,-871,-485
3920,-871,-487
3919,-867,-488
3918,-864,-487
3917,-866,-486
3919,-869,-487
3918,-869,-484
3918,-865,-477
3917,-865,-473
3918,-861,-472
3916,-862,-473
3915,-865,-473
3916,-866,-476
3916,-868,-477
3915,-865,-480
3915,-864,-485
3907,-866,-479
3902,-862,-478
3898,-866,-473
3897,-874,-474
3895,-877,-477
3889,-875,-480
3888,-874,-478
3893,-874,-482
3892,-879,-481
3891,-882,-486
3890,-880,-487
3889,-882,-487
3893,-884,-490
3891,-884,-491
3895,-887,-497
3898,-893,-497
3903,-900,-497
3908,-901,-496
3915,-899,-495
3921,-895,-490
3920,-899,-485
3923,-902,-484
3929,-909,-476
3928,-923,-474
3921,-922,-470
3913,-924,-468
3906,-934,-468
3902,-941,-464
3904,-951,-464
3903,-958,-470
3902,-963,-474
3902,-967,-476
3901,-969,-473
3900,-970,-472
3903,-974,-477
3904,-973,-479
3906,-974,-479
3907,-975,-485
3914,-973,-480
3919,-971,-482
3926,-970,-486
3937,-968,-489
3947,-970,-495
3957,-968,-499
3964,-964,-506
3970,-960,-512
3970,-951,-517
3969,-945,-518
3966,-938,-521
3958,-928,-526
3951,-919,-532
3943,-913,-534
3932,-905,-536
3921,-897,-542
3915,-892,-544
3909,-887,-547
3903,-885,-548
3898,-884,-550
3895,-881,-550
3893,-872,-550
3891,-869,-548
3890,-866,-543
3887,-864,-542
3886,-861,-543
3888,-859,-543
3888,-858,-539
3890,-854,-535
3891,-851,-529
3889,-848,-524
3891,-842,-519
3889,-844,-513
3885,-847,-512
3886,-844,-513
3888,-844,-509
3889,-837,-499
3894,-833,-496
3898,-835,-493
3900,-839,-493
3901,-837,-492
3901,-835,-492
3899,-838,-490
3899,-839,-486
3897,-840,-486
3893,-841,-481
3894,-844,-478
3890,-848,-482
3890,-849,-482
3898,-849,-478
3903,-850,-480
3914,-853,-482
3916,-849,-488
3926,-846,-492
3930,-845,-495
3937,-847,-498
3939,-848,-502
3937,-848,-508
3939,-850,-511
3937,-851,-514
3935,-849,-514
3932,-849,-518
3929,-851,-523
3925,-851,-524
3922,-849,-531
3920,-852,-533
3921,-854,-535
3922,-854,-537
3923,-850,-544
3920,-852,-548
3918,-852,-547
3919,-850,-548
3918,-851,-546
3916,-848,-546
3916,-845,-545
3914,-845,-544
3913,-844,-538
3913,-845,-537
3911,-841,-536
3912,-839,-534
3912,-836,-530
3913,-833,-528
3914,-832,-525
3916,-832,-527
3918,-831,-525
3918,-831,-524
3917,-832,-521
3917,-828,-519
3915,-824,-517
3918,-823,-517
3918,-820,-514
3918,-819,-512
3917,-818,-508
3919,-813,-513
3919,-808,-512
3917,-805,-508
3918,-802,-508
3916,-797,-509
3914,-798,-510
3914,-797,-513
3916,-796,-509
3914,-790,-514
3916,-790,-513
3916,-788,-511
3914,-785,-510
3914,-784,-512
3914,-779,-513
3914,-778,-513
3911,-777,-517
3911,-775,-518
3912,-774,-522
3915,-772,-525
3915,-772,-525
3916,-773,-528
3916,-776,-528
3918,-777,-532
3917,-777,-531
3917,-778,-532
3917,-784,-536
3915,-783,-537
3916,-786,-535
3918,-788,-532
3917,-793,-531
3921,-801,-535
3919,-798,-530
3925,-807,-530
3925,-810,-529
3924,-810,-527
3922,-814,-526
3922,-816,-530
3925,-821,-532
3925,-824,-533
3923,-823,-531
3924,-824,-531
3926,-823,-529
3927,-823,-532
3924,-829,-533
3922,-828,-534
3923,-834,-535
3922,-832,-532
3927,-836,-530
3924,-840,-531
3923,-842,-530
3923,-845,-528
3922,-846,-525
3918,-846,-526
3914,-845,-527
3913,-843,-529
3914,-843,-528
3912,-842,-531
3912,-842,-531
3911,-842,-532
3909,-836,-533
3907,-834,-534
3909,-831,-537
3910,-828,-540
3906,-827,-543
3910,-826,-544
3915,-823,-543
3917,-817,-540
3918,-814,-539
3919,-812,-540
3919,-813,-541
3919,-811,-540
3917,-809,-543
3916,-810,-543
3913,-813,-546
3912,-814,-544
3913,-812,-545
3913,-814,-544
3914,-815,-548
3916,-814,-547
3918,-819,-551
3918,-817,-551
3921,-816,-550
3922,-816,-549
3925,-813,-546
3928,-815,-545
3933,-819,-541
3937,-818,-542
3939,-820,-542
3946,-825,-540
3954,-824,-538
3960,-827,-538
3962,-831,-544
3962,-834,-549
3964,-838,-551
3965,-837,-551
3959,-838,-549
3955,-841,-547
3950,-844,-549
3945,-844,-550
3942,-844,-549
3934,-842,-552
3927,-841,-555
3923,-841,-555
3924,-840,-554
3918,-838,-555
3916,-832,-556
3914,-835,-556
3907,-832,-555
3902,-827,-555
3900,-822,-554
3902,-817,-552
3901,-812,-551
3906,-811,-550
3908,-807,-549
3904,-799,-548
3905,-804,-546
3907,-805,-547
3907,-804,-544
3908,-803,-541
3911,-805,-541
3911,-801,-536
3913,-798,-535
3916,-797,-531
3919,-797,-531
3921,-795,-527
3921,-793,-529
3919,-795,-532
3920,-802,-530
3914,-802,-529
3909,-800,-523
3904,-794,-522
3900,-793,-521
3897,-795,-521
3902,-795,-521
3910,-796,-521
3915,-795,-521
3923,-796,-525
3932,-793,-528
3936,-797,-528
3936,-795,-529
3935,-798,-533
3931,-798,-534
3933,-795,-535
3930,-799,-535
3926,-800,-538
3923,-805,-538
3925,-806,-536
3922,-803,-538
3922,-806,-542
3916,-814,-546
3916,-816,-546
3916,-817,-547
3916,-817,-550
3911,-816,-547
3908,-816,-546
3903,-816,-545
3902,-819,-548
3902,-821,-549
3904,-823,-549
3905,-825,-546
3909,-823,-547
3908,-824,-542
3913,-823,-542
3914,-821,-543
3917,-825,-542
3921,-825,-543
3918,-827,-543
3920,-826,-539
3922,-825,-543
3920,-822,-540
3923,-824,-538
3922,-823,-537
3921,-824,-536
3919,-826,-536
3921,-824,-534
3917,-821,-532
3919,-819,-533
3920,-821,-533
3917,-821,-532
3920,-821,-532
3920,-819,-533
3917,-817,-531
3918,-815,-529
3918,-818,-531
3917,-815,-534
3918,-809,-536
3920,-809,-536
3917,-807,-536
3918,-804,-535
3919,-805,-535
3913,-801,-536
3914,-797,-540
3916,-798,-543
3913,-795,-544
3917,-795,-544
3917,-793,-544
3917,-790,-543
3917,-792,-544
3915,-793,-545
3915,-794,-543
3914,-794,-544
3912,-797,-543
3915,-800,-544
3915,-802,-544
3914,-799,-544
3918,-803,-543
3923,-807,-540
3922,-806,-542
3921,-803,-541
3922,-805,-541
3922,-809,-537
3919,-811,-537
3920,-811,-540
3921,-813,-539
3925,-815,-543
3926,-818,-538
3924,-818,-536
3924,-819,-534
3928,-822,-534
3927,-821,-535
3926,-824,-537
3930,-824,-537
3926,-826,-542
3924,-827,-544
3924,-827,-538
3925,-829,-536
3923,-825,-535
3922,-824,-535
3918,-823,-533
3917,-823,-532
3916,-821,-534
3913,-814,-532
3909,-813,-527
3909,-814,-533
3909,-810,-533
3908,-807,-534
3910,-807,-533
3914,-798,-533
3917,-795,-527
3914,-791,-522
3919,-788,-521
3918,-785,-522
3920,-783,-526
3921,-781,-526
3920,-783,-526
3914,-781,-526
3910,-782,-525
3912,-783,-527
3910,-782,-526
3909,-782,-526
3906,-782,-527
3908,-784,-526
3905,-782,-522
3905,-781,-520
3909,-780,-524
3913,-776,-523
3918,-777,-521
3927,-777,-520
3938,-779,-521
3946,-779,-522
3952,-780,-523
3960,-787,-524
3968,-788,-527
3964,-795,-529
3965,-799,-534
3961,-805,-532
3954,-811,-534
3948,-815,-533
3942,-819,-532
3933,-823,-532
3922,-825,-532
3918,-828,-532
3916,-832,-531
3912,-833,-533
3911,-836,-534
3908,-832,-537
3907,-830,-540
3906,-831,-537
3902,-832,-535
3905,-832,-530
3908,-827,-534
3909,-826,-536
3908,-826,-533
3909,-822,-533
3911,-818,-531
3915,-817,-529
3918,-817,-530
3923,-820,-535
3924,-824,-530
3928,-821,-530
3931,-816,-521
3927,-813,-518
3924,-811,-513
3922,-814,-510
3922,-820,-509
3921,-824,-506
3926,-828,-509
3929,-829,-514
3929,-829,-513
3928,-831,-515
3920,-831,-515
3917,-831,-509
3913,-831,-509
3914,-829,-509
3918,-822,-503
3918,-819,-497
3924,-817,-500
3929,-815,-501
3935,-812,-509
3940,-814,-517
3946,-817,-522
3951,-817,-522
3949,-820,-523
3945,-818,-521
3943,-820,-522
3932,-819,-520
3931,-819,-515
3927,-821,-518
3925,-818,-518
3926,-814,-512
3926,-820,-512
3925,-822,-512
3920,-824,-512
3915,-827,-512
3915,-830,-512
3916,-830,-514
3922,-831,-515
3921,-826,-517
3918,-825,-516
3919,-825,-515
3918,-825,-511
3920,-826,-509
3920,-823,-507
3923,-826,-506
3920,-824,-507
3922,-825,-506
3922,-826,-508
3924,-827,-508
3923,-823,-508
3923,-824,-508
3925,-823,-504
3924,-825,-501
3925,-824,-506
3926,-826,-503
3923,-828,-503
3922,-825,-501
3923,-827,-499
3925,-825,-494
3926,-824,-496
3927,-827,-496
3927,-826,-492
3924,-825,-491
3926,-823,-494
3926,-820,-490
3923,-819,-489
3923,-817,-487
3926,-815,-489
3929,-816,-490
3928,-815,-489
3926,-812,-496
3931,-807,-493
3931,-805,-498
3930,-808,-497
3926,-808,-497
3922,-807,-497
3924,-807,-499
3922,-809,-500
3921,-810,-499
3924,-811,-499
3922,-811,-501
3925,-810,-498
3929,-811,-502
3926,-811,-497
3929,-811,-498
3923,-813,-502
3924,-811,-500
3922,-811,-495
3921,-809,-499
3924,-805,-494
3930,-810,-496
3930,-807,-494
3931,-809,-501
3930,-809,-498
3932,-805,-499
3932,-809,-495
3933,-808,-499
3927,-810,-496
3929,-811,-495
3932,-812,-493
3928,-813,-497
3926,-810,-501
3926,-810,-495
3927,-811,-496
3929,-813,-498
3930,-815,-498
3932,-815,-499
3927,-814,-497
3926,-811,-497
3925,-810,-494
3924,-808,-495
3924,-808,-492
3923,-809,-493
3921,-804,-493
3921,-804,-497
3920,-806,-497
3918,-806,-495
3918,-802,-492
3916,-801,-491
3915,-801,-490
3922,-800,-488
3925,-797,-486
3926,-792,-485
3927,-790,-481
3930,-792,-482
3932,-793,-485
3926,-793,-488
3924,-794,-489
3923,-798,-486
3920,-801,-487
3918,-802,-490
3916,-804,-491
3914,-807,-492
3912,-805,-492
3914,-801,-494
3918,-802,-494
3915,-799,-493
3917,-800,-493
3922,-803,-491
3928,-798,-490
3938,-796,-487
3949,-797,-493
3958,-802,-492
3966,-802,-498
3967,-808,-498
3973,-812,-498
3971,-817,-496
3966,-820,-498
3958,-826,-499
3948,-831,-495
3942,-832,-496
3930,-837,-495
3926,-839,-496
3916,-839,-499
3913,-840,-499
3914,-840,-502
3910,-839,-501
3910,-837,-499
3909,-835,-500
3907,-831,-504
3911,-831,-500
3912,-832,-495
3916,-825,-495
3914,-822,-492
3917,-818,-495
3917,-817,-497
3918,-812,-494
3919,-810,-498
3921,-810,-492
3918,-811,-494
3919,-810,-491
3917,-816,-487
3913,-813,-481
3913,-813,-483
3914,-819,-478
3914,-822,-476
3918,-825,-472
3921,-825,-471
3920,-826,-471
3925,-824,-471
3925,-826,-473
3925,-822,-473
3922,-823,-474
3919,-825,-476
3915,-821,-475
3911,-819,-474
3907,-815,-476
3909,-816,-474
3914,-815,-478
3919,-818,-480
3923,-816,-484
3928,-817,-487
3928,-819,-488
3928,-821,-492
3932,-826,-492
3934,-828,-497
3935,-826,-498
3931,-830,-494
3926,-830,-496
3925,-835,-499
3928,-841,-499
3930,-844,-500
3927,-846,-503
3929,-849,-501
3926,-853,-504
3927,-855,-505
3928,-857,-506
3926,-855,-510
3921,-857,-512
3916,-855,-511
3917,-854,-511
3921,-851,-510
3922,-850,-507
3924,-848,-506
3921,-847,-508
3921,-847,-505
3921,-849,-505
3920,-851,-498
3920,-850,-496
3925,-850,-488
3923,-851,-485
3925,-853,-485
3921,-851,-484
3920,-853,-483
3920,-853,-482
3924,-853,-480
3923,-853,-481
3921,-855,-476
3922,-848,-474
3921,-851,-475
3918,-850,-475
3917,-845,-475
3920,-842,-476
3920,-841,-478
3919,-841,-480
3921,-837,-480
3922,-835,-480
3924,-828,-482
3925,-826,-485
3927,-820,-483
3926,-818,-486
3931,-816,-490
3934,-812,-491
3934,-810,-490
3932,-811,-490
3929,-813,-491
3925,-812,-495
3928,-811,-492
3928,-810,-495
3926,-809,-499
3929,-810,-500
3929,-813,-505
3928,-815,-504
3924,-819,-503
3925,-817,-504
3923,-820,-503
3923,-820,-500
3923,-821,-502
3922,-823,-501
3923,-826,-499
3922,-828,-499
3923,-825,-499
3923,-823,-499
3930,-823,-497
3931,-823,-498
3932,-825,-500
3933,-824,-498
3933,-826,-499
3937,-829,-493
3940,-830,-493
3939,-828,-492
3936,-827,-493
3939,-832,-490
3941,-835,-490
3938,-839,-494
3933,-839,-492
3933,-837,-493
3930,-839,-489
3933,-841,-491
3929,-841,-493
3926,-841,-493
3927,-840,-491
3927,-837,-490
3927,-835,-497
3925,-837,-493
3921,-833,-497
3922,-831,-495
3922,-832,-494
3920,-833,-491
3921,-831,-487
3921,-823,-484
3921,-813,-485
3922,-812,-484
3927,-811,-487
3930,-817,-489
3930,-821,-492
3929,-818,-488
3924,-817,-486
3921,-809,-483
3917,-811,-487
3913,-811,-484
3911,-813,-486
3910,-818,-487
3911,-818,-487
3915,-821,-487
3914,-823,-492
3917,-824,-491
3923,-820,-493
3923,-816,-493
3926,-817,-492
3929,-813,-497
3934,-815,-497
3944,-816,-498
3953,-814,-497
3960,-810,-499
3969,-810,-502
3977,-814,-507
3984,-819,-512
3984,-827,-514
3981,-828,-513
3979,-829,-518
3971,-834,-521
3963,-835,-526
3956,-834,-530
3950,-831,-533
3947,-830,-533
3945,-830,-537
3943,-832,-538
3943,-832,-540
3943,-829,-539
3940,-828,-542
3944,-836,-542
3948,-839,-544
3953,-839,-552
3967,-844,-559
3986,-850,-568
4007,-856,-576
4032,-875,-595
4054,-897,-623
4078,-914,-653
4108,-929,-685
4143,-935,-702
4177,-942,-717
4204,-944,-722
4220,-945,-717
4235,-945,-706
4243,-952,-698
4250,-974,-692
4261,-1010,-691
4278,-1056,-728
4301,-1104,-783
4322,-1147,-850
4359,-1195,-928
4410,-1255,-1011
4478,-1331,-1087
4558,-1421,-1175
4645,-1521,-1273
4736,-1615,-1374
4819,-1699,-1497
4902,-1762,-1582
4965,-1806,-1646
5011,-1833,-1692
5033,-1862,-1715
5050,-1893,-1745
5059,-1913,-1745
5065,-1935,-1704
5062,-1967,-1639
5035,-1999,-1561
4978,-2034,-1515
4903,-2081,-1507
4827,-2150,-1512
4759,-2243,-1537
4695,-2362,-1599
4655,-2497,-1686
4644,-2640,-1781
4654,-2790,-1865
4691,-2945,-1944
4742,-3109,-2002
4807,-3282,-2043
4877,-3450,-2061
4940,-3599,-2045
4987,-3731,-2008
5013,-3847,-1976
5001,-3944,-1939
4969,-4020,-1879
4920,-4088,-1816
4854,-4167,-1778
4776,-4234,-1740
4690,-4294,-1706
4608,-4350,-1697
4527,-4407,-1711
4460,-4467,-1732
4409,-4528,-1755
4372,-4577,-1763
4339,-4622,-1766
4312,-4667,-1747
4291,-4713,-1704
4277,-4756,-1659
4259,-4811,-1624
4224,-4878,-1610
4181,-4936,-1606
4137,-4983,-1591
4079,-5009,-1562
4009,-5028,-1525
3921,-5027,-1474
3822,-5004,-1399
3712,-4974,-1325
3594,-4922,-1249
3477,-4871,-1173
3368,-4823,-1100
3266,-4781,-1026
3181,-4750,-957
3096,-4726,-897
3015,-4701,-846
2930,-4677,-796
2851,-4652,-752
2762,-4623,-718
2661,-4592,-688
2556,-4557,-655
2445,-4529,-614
2337,-4515,-560
2229,-4518,-497
2127,-4539,-422
2025,-4561,-362
1925,-4582,-300
1837,-4599,-230
1757,-4622,-153
1683,-4640,-70
1618,-4652,21
1565,-4660,114
1518,-4660,197
1477,-4644,293
1443,-4606,407
1416,-4572,529
1391,-4551,644
1364,-4544,748
1339,-4532,821
1307,-4490,889
1264,-4425,952
1211,-4342,1010
1142,-4240,1064
1062,-4147,1106
977,-4053,1125
886,-3960,1138
793,-3864,1161
696,-3764,1196
589,-3656,1242
486,-3553,1308
372,-3453,1356
260,-3364,1395
154,-3278,1421
55,-3201,1439
-42,-3128,1460
-132,-3060,1485
-217,-3001,1515
-300,-2948,1554
-380,-2896,1586
-456,-2855,1605
-528,-2823,1612
-588,-2789,1613
-643,-2761,1616
-697,-2721,1614
-754,-2667,1606
-813,-2600,1576
-874,-2521,1546
-933,-2435,1515
-992,-2351,1489
-1049,-2262,1470
-1104,-2191,1446
-1156,-2129,1434
-1200,-2058,1429
-1246,-1986,1421
-1288,-1920,1405
-1322,-1857,1371
-1349,-1796,1341
-1377,-1742,1307
-1397,-1693,1272
-1409,-1650,1236
-1412,-1624,1184
-1408,-1612,1130
-1400,-1606,1079
-1379,-1592,1046
-1368,-1576,1021
-1364,-1563,982
-1362,-1550,928
-1366,-1529,854
-1367,-1496,774
-1363,-1445,692
-1358,-1381,619
-1347,-1315,555
-1332,-1244,499
-1305,-1177,446
-1282,-1111,401
-1261,-1036,351
-1243,-958,295
-1227,-874,239
-1205,-795,190
-1178,-724,148
-1151,-661,101
-1119,-605,30
-1085,-560,-48
-1044,-520,-120
-1000,-469,-187
-960,-400,-265
-918,-321,-368
-878,-237,-488
-844,-143,-603
-802,-36,-698
-762,81,-773
-726,205,-827
-703,339,-898
-683,479,-984
-673,630,-1079
-674,793,-1189
-679,962,-1295
-686,1139,-1392
-692,1317,-1478
-710,1500,-1557
-726,1690,-1635
-737,1886,-1715
-744,2088,-1796
-746,2278,-1864
-750,2457,-1918
-748,2633,-1971
-744,2820,-2035
-748,3016,-2125
-766,3227,-2231
-795,3451,-2340
-819,3671,-2442
-851,3885,-2539
-884,4082,-2630
-920,4270,-2704
-952,4446,-2775
-978,4600,-2846
-1000,4744,-2914
-1028,4884,-2968
-1055,5019,-3017
-1085,5145,-3057
-1115,5264,-3090
-1145,5381,-3114
-1176,5496,-3137
-1210,5612,-3158
-1247,5719,-3179
-1282,5820,-3200
-1316,5917,-3221
-1352,6011,-3247
-1385,6081,-3274
-1414,6145,-3292
-1438,6199,-3303
-1458,6243,-3304
-1476,6282,-3301
-1491,6316,-3298
-1509,6333,-3287
-1520,6330,-3270
-1527,6308,-3256
-1532,6270,-3235
-1526,6204,-3211
-1515,6117,-3190
-1504,6008,-3164
-1493,5888,-3133
-1482,5765,-3104
-1465,5645,-3071
-1455,5525,-3044
-1441,5399,-3024
-1409,5277,-2996
-1373,5161,-2967
-1335,5050,-2943
-1295,4937,-2919
-1253,4831,-2891
-1211,4732,-2863
-1178,4630,-2830
-1153,4527,-2795
-1132,4423,-2763
-1117,4314,-2729
-1116,4207,-2699
-1119,4101,-2670
-1123,3992,-2645
-1135,3878,-2618
-1151,3758,-2587
-1167,3636,-2559
-1188,3519,-2534
-1209,3400,-2512
-1234,3284,-2491
-1260,3173,-2471
-1281,3067,-2455
-1306,2967,-2439
-1326,2875,-2420
-1339,2788,-2397
-1354,2710,-2366
-1362,2636,-2328
-1372,2563,-2288
-1376,2497,-2248
-1373,2431,-2200
-1368,2366,-2154
-1363,2300,-2101
-1355,2236,-2050
-1343,2161,-2004
-1327,2081,-1956
-1317,1993,-1908
-1307,1897,-1855
-1308,1794,-1799
-1320,1688,-1738
-1342,1579,-1675
-1376,1473,-1613
-1424,1370,-1565
-1475,1273,-1518
-1527,1173,-1477
-1570,1075,-1436
-1614,982,-1399
-1647,895,-1350
-1687,821,-1298
-1724,741,-1245
-1759,664,-1197
-1793,594,-1148
-1834,526,-1092
-1867,458,-1053
-1901,399,-1016
-1930,337,-974
-1956,268,-916
-1980,194,-848
-2008,110,-783
-2038,35,-718
-2078,-35,-656
-2123,-104,-603
-2169,-173,-554
-2220,-240,-508
-2271,-303,-459
-2320,-367,-416
-2363,-433,-379
-2402,-501,-329
-2439,-564,-277
-2474,-634,-224
-2515,-709,-170
-2558,-792,-117
-2607,-877,-70
-2667,-970,-32
-2728,-1054,7
-2796,-1133,49
-2866,-1203,93
-2935,-1274,115
-2991,-1347,135
-3048,-1421,159
-3091,-1508,200
-3136,-1609,261
-3195,-1707,331
-3266,-1807,412
-3355,-1908,494
-3457,-2018,578
-3570,-2133,661
-3693,-2249,754
-3823,-2357,838
-3960,-2463,908
-4093,-2565,974
-4219,-2668,1042
-4334,-2784,1099
-4433,-2895,1147
-4529,-2996,1177
-4618,-3094,1209
-4699,-3182,1239
-4784,-3255,1268
-4867,-3316,1314
-4956,-3374,1347
-5040,-3425,1360
-5118,-3465,1369
-5193,-3500,1376
-5257,-3529,1366
-5313,-3558,1344
-5360,-3591,1309
-5387,-3622,1266
-5403,-3660,1211
-5406,-3690,1149
-5393,-3719,1079
-5374,-3737,1002
-5352,-3747,918
-5323,-3748,816
-5296,-3743,719
-5266,-3723,624
-5231,-3692,528
-5198,-3649,441
-5169,-3587,354
-5128,-3518,273
-5083,-3444,198
-5039,-3370,140
-4990,-3291,99
-4947,-3211,75
-4911,-3122,61
-4872,-3033,51
-4839,-2948,47
-4804,-2859,40
-4769,-2779,36
-4722,-2705,22
-4666,-2626,10
-4609,-2546,-4
-4545,-2484,-11
-4481,-2426,-6
-4416,-2375,-2
-4359,-2331,2
-4312,-2286,10
-4263,-2239,11
-4212,-2194,14
-4153,-2148,12
-4100,-2099,10
-4046,-2042,7
-3983,-1988,1
-3930,-1932,-17
-3874,-1868,-24
-3822,-1806,-21
-3775,-1746,-8
-3736,-1686,15
-3703,-1630,41
-3667,-1575,74
-3634,-1525,100
-3599,-1478,120
-3554,-1439,128
-3502,-1394,130
-3436,-1343,109
-3364,-1293,60
-3290,-1246,-13
-3218,-1195,-103
-3138,-1139,-189
-3064,-1075,-269
-2997,-1009,-346
-2936,-935,-425
-2886,-860,-495
-2847,-778,-545
-2811,-695,-568
-2786,-609,-578
-2764,-519,-580
-2746,-429,-571
-2734,-345,-565
-2719,-267,-556
-2692,-185,-567
-2662,-99,-596
-2625,-29,-645
-2584,39,-724
-2536,113,-812
-2489,180,-904
-2438,247,-983
-2387,315,-1066
-2346,385,-1159
-2312,454,-1244
-2289,522,-1309
-2279,594,-1354
-2272,673,-1377
-2267,736,-1387
-2256,796,-1382
-2246,857,-1370
-2239,919,-1360
-2222,974,-1361
-2194,1026,-1372
-2167,1077,-1392
-2142,1136,-1416
-2118,1202,-1454
-2100,1268,-1505
-2071,1331,-1561
-2051,1390,-1615
-2024,1449,-1675
-1993,1511,-1736
-1965,1569,-1784
-1940,1628,-1831
-1913,1683,-1876
-1891,1747,-1918
-1875,1818,-1966
-1863,1886,-2011
-1852,1958,-2047
-1844,2028,-2073
-1839,2103,-2103
-1831,2178,-2135
-1826,2255,-2170
-1821,2331,-2196
-1811,2398,-2209
-1804,2466,-2223
-1795,2535,-2238
-1794,2604,-2263
-1791,2675,-2299
-1790,2747,-2335
-1786,2820,-2375
-1779,2897,-2426
-1775,2969,-2478
-1762,3046,-2523
-1748,3127,-2568
-1739,3211,-2618
-1736,3300,-2668
-1732,3393,-2716
-1725,3491,-2760
-1729,3588,-2802
-1727,3688,-2848
-1731,3782,-2903
-1741,3870,-2959
-1734,3952,-3010
-1731,4030,-3048
-1732,4102,-3082
-1729,4177,-3106
-1731,4246,-3127
-1733,4311,-3152
-1736,4378,-3175
-1737,4434,-3194
-1736,4494,-3212
-1736,4550,-3228
-1739,4603,-3246
-1736,4650,-3263
-1735,4690,-3278
-1730,4729,-3292
-1726,4768,-3305
-1728,4795,-3313
-1726,4822,-3312
-1722,4846,-3312
-1725,4858,-3309
-1725,4867,-3296
-1724,4869,-3281
-1720,4861,-3263
-1713,4847,-3241
-1709,4828,-3217
-1708,4800,-3200
-1707,4773,-3187
-1707,4745,-3178
-1707,4720,-3166
-1709,4690,-3157
-1699,4654,-3155
-1690,4615,-3148
-1679,4572,-3135
-1663,4522,-3125
-1649,4470,-3110
-1635,4414,-3091
-1613,4355,-3060
-1601,4298,-3024
-1590,4243,-2992
-1576,4179,-2953
-1564,4115,-2914
-1547,4047,-2877
-1535,3971,-2834
-1528,3893,-2794
-1522,3814,-2748
-1522,3734,-2705
-1524,3657,-2664
-1532,3587,-2631
-1543,3515,-2602
-1556,3444,-2572
-1575,3379,-2543
-1593,3310,-2520
-1604,3237,-2491
-1622,3165,-2461
-1640,3090,-2428
-1663,3010,-2403
-1684,2933,-2377
-1704,2853,-2350
-1725,2775,-2319
-1743,2696,-2295
-1758,2615,-2261
-1773,2536,-2224
-1788,2458,-2186
-1801,2377,-2145
-1819,2297,-2104
-1838,2215,-2061
-1851,2137,-2019
-1866,2060,-1979
-1884,1984,-1941
-1903,1913,-1904
-1927,1840,-1869
-1947,1765,-1838
-1966,1688,-1808
-1983,1611,-1770
-1999,1531,-1732
-2012,1453,-1685
-2031,1375,-1643
-2046,1302,-1602
-2069,1234,-1559
-2097,1168,-1519
-2121,1103,-1486
-2146,1036,-1453
-2180,968,-1421
-2215,909,-1378
-2248,843,-1334
-2284,786,-1287
-2323,726,-1245
-2359,676,-1204
-2394,625,-1159
-2427,575,-1110
-2458,536,-1067
-2494,493,-1027
-2531,458,-995
-2568,428,-969
-2603,393,-954
-2637,350,-939
-2665,302,-923
-2687,251,-901
-2705,198,-869
-2726,133,-835
-2748,73,-799
-2784,20,-759
-2816,-38,-723
-2848,-88,-692
-2877,-137,-667
-2906,-182,-633
-2923,-228,-600
-2939,-276,-570
-2951,-333,-539
-2964,-393,-509
-2975,-451,-484
-2985,-496,-460
-2997,-534,-438
-3004,-568,-417
-3018,-604,-397
-3031,-639,-383
-3049,-680,-361
-3072,-722,-339
-3104,-770,-313
-3152,-824,-280
-3207,-890,-242
-3264,-964,-196
-3330,-1039,-141
-3397,-1119,-95
-3467,-1195,-62
-3534,-1265,-41
-3592,-1332,-33
-3635,-1398,-27
-3666,-1461,-18
-3697,-1527,-2
-3727,-1597,27
-3764,-1668,53
-3807,-1751,91
-3857,-1840,126
-3922,-1940,163
-4001,-2036,197
-4084,-2134,237
-4171,-2241,284
-4261,-2346,327
-4349,-2452,368
-4432,-2552,401
-4510,-2645,438
-4583,-2733,470
-4653,-2814,510
-4714,-2906,563
-4776,-2995,617
-4840,-3083,675
-4901,-3159,731
-4955,-3235,786
-5005,-3304,839
-5049,-3372,896
-5083,-3436,940
-5106,-3489,975
-5125,-3538,999
-5130,-3584,1001
-5128,-3617,990
-5122,-3653,969
-5107,-3683,942
-5085,-3700,909
-5051,-3706,871
-5019,-3698,822
-4985,-3668,763
-4956,-3626,688
-4926,-3576,616
-4890,-3514,537
-4857,-3441,457
-4826,-3353,383
-4794,-3258,322
-4758,-3160,263
-4727,-3055,212
-4688,-2949,170
-4650,-2846,124
-4611,-2744,74
-4569,-2648,22
-4522,-2547,-25
-4472,-2449,-63
-4423,-2353,-102
-4379,-2264,-138
-4337,-2186,-159
-4302,-2109,-169
-4267,-2038,-169
-4233,-1974,-160
-4198,-1909,-150
-4171,-1852,-129
-4134,-1800,-115
-4102,-1752,-107
-4063,-1708,-98
-4019,-1661,-90
-3971,-1615,-86
-3930,-1566,-90
-3890,-1521,-100
-3849,-1479,-110
-3808,-1435,-117
-3772,-1397,-133
-3739,-1357,-156
-3707,-1309,-168
-3676,-1256,-169
-3652,-1201,-174
-3634,-1135,-185
-3614,-1062,-199
-3601,-984,-212
-3585,-908,-232
-3561,-834,-250
-3533,-759,-265
-3511,-694,-281
-3491,-630,-301
-3463,-572,-318
-3436,-528,-329
-3410,-488,-338
-3389,-452,-347
-3369,-423,-356
-3342,-401,-362
-3312,-381,-383
-3287,-363,-419
-3254,-341,-470
-3226,-317,-516
-3197,-291,-560
-3164,-259,-599
-3136,-218,-642
-3109,-167,-692
-3088,-109,-738
-3066,-50,-779
-3045,19,-813
-3021,95,-835
-2998,161,-858
-2985,229,-874
-2970,300,-885
-2945,365,-898
-2925,420,-906
-2894,472,-916
-2863,519,-928
-2822,564,-952
-2787,606,-984
-2752,648,-1033
-2717,688,-1089
-2676,730,-1150
-2642,770,-1211
-2609,814,-1261
-2574,861,-1315
-2543,915,-1364
-2518,973,-1419
-2500,1033,-1460
-2485,1094,-1487
-2470,1153,-1510
-2461,1205,-1530
-2449,1262,-1545
-2438,1310,-1552
-2424,1361,-1555
-2412,1407,-1555
-2389,1444,-1554
-2364,1475,-1553
-2343,1505,-1568
-2323,1539,-1597
-2298,1569,-1630
-2272,1594,-1660
-2245,1622,-1689
-2220,1648,-1719
-2191,1679,-1753
-2174,1713,-1794
-2158,1746,-1834
-2144,1786,-1875
-2126,1826,-1915
-2113,1874,-1952
-2094,1918,-1991
-2084,1958,-2020
-2069,1995,-2043
-2057,2035,-2059
-2041,2076,-2078
-2034,2129,-2113
-2027,2187,-2161
-2025,2246,-2202
-2024,2309,-2241
-2017,2367,-2273
-2008,2418,-2290
-1997,2465,-2307
-1987,2521,-2331
-1978,2566,-2367
-1969,2612,-2407
-1957,2656,-2446
-1947,2699,-2486
-1947,2758,-2535
-1949,2823,-2595
-1952,2894,-2656
-1955,2971,-2720
-1956,3050,-2778
-1962,3137,-2834
-1966,3233,-2887
-1968,3340,-2939
-1967,3456,-2993
-1972,3575,-3046
-1976,3701,-3097
-1981,3834,-3151
-1987,3967,-3199
-1997,4099,-3247
-2007,4235,-3291
-2015,4367,-3332
-2020,4494,-3370
-2024,4608,-3395
-2030,4712,-3418
-2035,4809,-3432
-2040,4893,-3442
-2047,4966,-3441
-2055,5030,-3444
-2066,5078,-3447
-2074,5114,-3450
-2081,5138,-3454
-2090,5154,-3456
-2092,5161,-3459
-2096,5162,-3465
-2095,5148,-3470
-2090,5119,-3468
-2078,5081,-3462
-2065,5026,-3447
-2048,4956,-3428
-2032,4873,-3393
-2016,4780,-3353
-2011,4687,-3303
-2004,4593,-3255
-1996,4491,-3201
-1987,4380,-3145
-1973,4267,-3085
-1958,4162,-3028
-1944,4054,-2977
-1931,3949,-2931
-1913,3844,-2887
-1905,3743,-2854
-1894,3642,-2818
-1885,3549,-2787
-1875,3457,-2755
-1872,3368,-2723
-1865,3277,-2694
-1859,3191,-2659
-1848,3108,-2624
-1844,3017,-2580
-1835,2925,-2538
-1832,2826,-2498
-1838,2730,-2466
-1848,2640,-2432
-1863,2552,-2397
-1878,2466,-2363
-1893,2386,-2325
-1911,2311,-2291
-1923,2247,-2258
-1933,2182,-2218
-1947,2118,-2186
-1958,2053,-2148
-1971,1990,-2107
-1986,1923,-2066
-2008,1844,-2019
-2034,1765,-1977
-2063,1688,-1942
-2096,1612,-1903
-2127,1531,-1859
-2160,1450,-1814
-2190,1371,-1770
-2223,1296,-1737
-2250,1221,-1709
-2273,1145,-1681
-2293,1070,-1653
-2308,997,-1623
-2320,923,-1591
-2331,853,-1557
-2342,785,-1524
-2354,713,-1485
-2370,640,-1438
-2384,575,-1392
-2403,511,-1346
-2421,445,-1297
-2449,384,-1248
-2474,319,-1195
-2500,250,-1144
-2526,182,-1094
-2546,121,-1048
-2575,60,-1005
-2599,3,-961
-2623,-49,-918
-2649,-94,-877
-2670,-141,-839
-2687,-183,-804
-2701,-225,-775
-2706,-271,-742
-2713,-317,-703
-2716,-370,-662
-2721,-421,-621
-2729,-475,-573
-2742,-531,-522
-2757,-583,-459
-2787,-640,-397
-2821,-704,-340
-2856,-764,-290
-2890,-825,-228
-2919,-892,-165
-2943,-958,-96
-2970,-1026,-32
-2999,-1096,25
-3027,-1157,76
-3061,-1221,121
-3094,-1278,158
-3130,-1337,190
-3170,-1390,227
-3218,-1443,275
-3279,-1499,317
-3341,-1556,361
-3412,-1616,407
-3479,-1676,452
-3542,-1744,493
-3596,-1811,533
-3647,-1881,579
-3699,-1961,621
-3748,-2038,658
-3796,-2116,694
-3846,-2194,727
-3908,-2269,758
-3973,-2338,787
-4039,-2402,812
-4114,-2466,840
-4186,-2541,874
-4257,-2624,908
-4332,-2711,936
-4407,-2802,961
-4479,-2886,976
-4554,-2959,994
-4627,-3037,1020
-4693,-3111,1038
-4753,-3188,1046
-4801,-3256,1047
-4839,-3321,1041
-4875,-3378,1031
-4902,-3425,1015
-4931,-3466,988
-4955,-3491,956
-4976,-3502,923
-5000,-3501,893
-5019,-3495,856
-5038,-3482,823
-5058,-3471,783
-5072,-3457,738
-5075,-3437,677
-5066,-3411,619
-5052,-3395,553
-5032,-3371,497
-5007,-3340,442
-4984,-3303,396
-4962,-3270,356
-4930,-3236,317
-4887,-3200,284
-4846,-3159,255
-4798,-3110,234
-4753,-3056,220
-4704,-2998,210
-4662,-2936,202
-4615,-2872,200
-4568,-2809,203
-4521,-2748,208
-4474,-2684,216
-4427,-2621,214
-4376,-2560,208
-4320,-2503,199
-4265,-2448,182
-4205,-2396,167
-4148,-2344,150
-4096,-2294,130
-4044,-2244,112
-3993,-2185,88
-3941,-2128,54
-3890,-2072,23
-3837,-2019,4
-3787,-1960,1
-3744,-1902,2
-3704,-1844,7
-3676,-1785,16
-3650,-1726,23
-3623,-1667,16
-3590,-1608,2
-3553,-1547,-22
-3510,-1481,-58
-3459,-1414,-99
-3409,-1345,-160
-3360,-1278,-224
-3309,-1215,-285
-3255,-1154,-342
-3202,-1092,-387
-3156,-1032,-428
-3114,-969,-460
-3082,-911,-487
-3057,-854,-507
-3037,-799,-530
-3022,-737,-561
-3005,-678,-599
-2983,-623,-639
-2958,-556,-684
-2935,-488,-740
-2911,-421,-797
-2879,-353,-842
-2845,-285,-887
-2813,-216,-923
-2784,-148,-953
-2759,-84,-980
-2739,-33,-1006
-2718,24,-1032
-2696,79,-1060
-2677,139,-1092
-2656,203,-1123
-2632,266,-1158
-2604,320,-1191
-2576,380,-1228
-2544,437,-1283
-2519,501,-1351
-2496,570,-1415
-2475,641,-1479
-2455,710,-1536
-2439,781,-1573
-2428,844,-1595
-2419,910,-1610
-2411,974,-1621
-2398,1035,-1636
-2381,1093,-1647
-2361,1150,-1666
-2341,1201,-1675
-2326,1245,-1684
-2317,1283,-1692
-2313,1328,-1707
-2312,1372,-1738
-2309,1416,-1774
-2305,1462,-1812
-2299,1505,-1844
-2289,1536,-1864
-2273,1568,-1885
-2264,1609,-1917
-2258,1656,-1967
-2258,1708,-2016
-2260,1766,-2058
-2257,1820,-2083
-2250,1876,-2109
-2243,1929,-2134
-2238,1979,-2166
-2231,2029,-2197
-2225,2074,-2221
-2226,2129,-2246
-2225,2176,-2264
-2224,2214,-2290
-2221,2250,-2309
-2215,2281,-2327
-2216,2315,-2345
-2218,2345,-2359
-2222,2369,-2377
-2221,2388,-2390
-2224,2408,-2403
-2226,2427,-2421
-2229,2455,-2445
-2233,2493,-2489
-2239,2543,-2538
-2241,2596,-2593
-2239,2649,-2646
-2237,2707,-2691
-2229,2770,-2725
-2227,2831,-2763
-2226,2890,-2798
-2219,2953,-2830
-2218,3008,-2859
-2212,3058,-2878
-2209,3100,-2895
-2209,3139,-2915
-2212,3173,-2935
-2218,3208,-2961
-2220,3249,-2990
-2226,3280,-3031
-2229,3320,-3078
-2233,3365,-3125
-2236,3408,-3179
-2236,3456,-3227
-2237,3507,-3264
-2237,3552,-3299
-2237,3594,-3324
-2234,3630,-3347
-2237,3667,-3364
-2236,3701,-3374
-2236,3736,-3378
-2231,3777,-3384
-2235,3820,-3384
-2240,3864,-3379
-2242,3907,-3374
-2243,3945,-3367
-2242,3979,-3355
-2240,4017,-3348
-2240,4049,-3341
-2242,4074,-3337
-2245,4102,-3332
-2242,4121,-3327
-2239,4135,-3320
-2238,4149,-3318
-2230,4160,-3313
-2225,4166,-3311
-2218,4164,-3306
-2211,4153,-3304
-2201,4132,-3299
-2191,4108,-3292
-2176,4082,-3278
-2166,4048,-3261
-2155,4014,-3243
-2146,3973,-3222
-2144,3933,-3199
-2143,3886,-3179
-2139,3843,-3155
-2142,3793,-3130
-2149,3743,-3100
-2150,3689,-3071
-2152,3629,-3042
-2154,3572,-3011
-2159,3511,-2975
-2164,3444,-2938
-2172,3378,-2901
-2176,3314,-2865
-2183,3240,-2833
-2189,3165,-2804
-2194,3082,-2771
-2194,2996,-2741
-2195,2907,-2708
-2199,2817,-2671
-2205,2728,-2640
-2208,2636,-2610
-2213,2550,-2575
-2218,2464,-2545
-2220,2383,-2512
-2223,2305,-2478
-2229,2233,-2445
-2237,2162,-2412
-2233,2097,-2381
-2231,2033,-2361
-2229,1968,-2338
-2226,1902,-2318
-2224,1832,-2293
-2221,1758,-2268
-2219,1678,-2241
-2220,1592,-2213
-2220,1504,-2186
-2219,1410,-2150
-2222,1313,-2107
-2233,1219,-2059
-2245,1130,-2005
-2260,1049,-1955
-2283,969,-1908
-2305,890,-1865
-2327,815,-1817
-2351,751,-1779
-2374,693,-1747
-2391,641,-1716
-2410,595,-1694
-2425,550,-1656
-2438,501,-1622
-2444,456,-1583
-2455,411,-1542
-2472,367,-1500
-2488,329,-1454
-2508,290,-1400
-2533,254,-1349
-2561,222,-1303
-2594,201,-1266
-2625,176,-1232
-2650,155,-1202
-2672,129,-1163
-2693,98,-1128
-2709,64,-1097
-2721,31,-1064
-2731,-3,-1029
-2735,-52,-988
-2743,-101,-943
-2750,-147,-891
-2760,-199,-822
-2775,-250,-748
-2794,-299,-671
-2823,-353,-602
-2850,-405,-536
-2880,-453,-482
-2910,-490,-436
-2937,-520,-395
-2960,-542,-361
-2973,-560,-333
-2981,-574,-302
-2991,-597,-266
-2996,-623,-234
-3000,-655,-206
-3003,-694,-174
-3011,-730,-129
-3022,-766,-71
-3033,-815,-5
-3038,-871,68
-3047,-934,146
-3050,-997,217
-3057,-1060,287
-3061,-1125,353
-3068,-1178,414
-3077,-1230,476
-3099,-1286,528
-3141,-1335,579
-3187,-1390,634
-3246,-1456,684
-3311,-1526,749
-3384,-1609,814
-3470,-1702,876
-3564,-1797,932
-3663,-1892,988
-3747,-1995,1041
-3830,-2090,1092
-3906,-2186,1143
-3968,-2284,1199
-4023,-2383,1254
-4076,-2484,1310
-4124,-2568,1360
-4174,-2646,1402
-4235,-2713,1442
-4297,-2767,1480
-4359,-2817,1504
-4416,-2864,1524
-4470,-2908,1529
-4522,-2949,1525
-4566,-2992,1512
-4610,-3035,1490
-4651,-3080,1455
-4692,-3117,1416
-4728,-3162,1368
-4759,-3208,1317
-4783,-3251,1253
-4804,-3292,1196
-4821,-3327,1138
-4841,-3355,1077
-4858,-3374,1008
-4868,-3383,938
-4872,-3395,858
-4876,-3397,783
-4872,-3391,712
-4866,-3378,648
-4855,-3359,596
-4848,-3337,544
-4837,-3306,503
-4823,-3273,472
-4813,-3237,442
-4789,-3195,413
-4761,-3155,377
-4714,-3118,351
-4669,-3070,331
-4627,-3024,301
-4583,-2978,266
-4536,-2934,237
-4487,-2890,207
-4425,-2848,176
-4363,-2813,156
-4296,-2774,139
-4232,-2738,127
-4167,-2697,114
-4113,-2652,107
-4054,-2605,95
-3998,-2552,70
-3947,-2490,44
-3896,-2435,13
-3843,-2380,-30
-3788,-2316,-56
-3734,-2255,-75
-3688,-2188,-85
-3653,-2126,-93
-3626,-2066,-103
-3603,-2002,-113
-3579,-1931,-128
-3556,-1857,-150
-3529,-1786,-178
-3497,-1712,-202
-3463,-1637,-228
-3422,-1567,-266
-3383,-1495,-313
-3336,-1434,-353
-3288,-1376,-388
-3237,-1316,-415
-3197,-1250,-453
-3165,-1191,-499
-3133,-1139,-555
-3101,-1083,-611
-3068,-1017,-653
-3025,-955,-680
-2996,-881,-709
-2973,-800,-737
-2953,-712,-773
-2934,-631,-811
-2911,-545,-849
-2886,-460,-876
-2864,-369,-908
-2838,-278,-947
-2816,-194,-986
-2791,-116,-1025
-2764,-55,-1054
-2737,1,-1067
-2713,58,-1079
-2689,116,-1101
-2665,172,-1140
-2642,229,-1192
-2614,285,-1243
-2579,342,-1285
-2537,388,-1312
-2500,437,-1336
-2467,485,-1367
-2437,531,-1392
-2419,590,-1429
-2399,646,-1470
-2380,707,-1512
-2362,772,-1557
-2345,828,-1594
-2323,885,-1611
-2302,944,-1611
-2282,1002,-1611
-2265,1066,-1619
-2252,1136,-1637
-2231,1216,-1664
-2203,1295,-1702
-2172,1370,-1741
-2144,1452,-1786
-2122,1543,-1851
-2115,1638,-1938
-2111,1739,-2029
-2108,1834,-2118
-2107,1929,-2193
-2098,2013,-2248
-2092,2101,-2291
-2096,2196,-2336
-2107,2301,-2382
-2125,2412,-2428
-2142,2530,-2468
-2161,2641,-2514
-2180,2751,-2548
-2202,2871,-2575
-2224,2998,-2599
-2258,3130,-2636
-2283,3265,-2672
-2322,3419,-2702
-2345,3564,-2737
-2360,3712,-2774
-2368,3865,-2813
-2369,4013,-2850
-2370,4164,-2890
-2374,4313,-2925
-2381,4465,-2954
-2387,4617,-2988
-2394,4763,-3018
-2402,4901,-3047
-2404,5031,-3063
-2414,5142,-3080
-2421,5236,-3095
-2432,5318,-3099
-2435,5386,-3092
-2441,5444,-3085
-2440,5488,-3065
-2435,5516,-3049
-2421,5527,-3026
-2404,5524,-3003
-2385,5508,-2979
-2365,5478,-2957
-2343,5434,-2940
-2324,5378,-2928
-2315,5325,-2915
-2305,5255,-2908
-2293,5185,-2893
-2278,5105,-2877
-2259,5013,-2853
-2226,4910,-2823
-2194,4797,-2796
-2159,4680,-2764
-2122,4562,-2736
-2082,4451,-2706
-2045,4341,-2675
-2008,4228,-2649
-1969,4120,-2631
-1928,4018,-2615
-1894,3914,-2598
-1861,3812,-2585
-1829,3720,-2563
-1798,3620,-2537
-1770,3519,-2505
-1739,3416,-2477
-1707,3318,-2447
-1678,3216,-2422
-1649,3121,-2399
-1623,3032,-2381
-1599,2934,-2364
-1565,2833,-2343
-1535,2720,-2308
-1505,2600,-2264
-1475,2479,-2219
-1444,2360,-2171
-1419,2234,-2125
-1391,2101,-2072
-1362,1963,-2012
-1335,1825,-1947
-1324,1676,-1884
-1320,1521,-1824
-1328,1371,-1771
-1337,1222,-1724
-1350,1077,-1679
-1364,927,-1638
-1380,784,-1583
-1397,645,-1519
-1412,510,-1466
-1433,381,-1412
-1455,258,-1352
-1479,134,-1283
-1500,10,-1202
-1525,-117,-1117
-1553,-245,-1029
-1594,-373,-956
-1641,-494,-880
-1692,-603,-803
-1751,-712,-721
-1812,-817,-641
-1865,-933,-555
-1915,-1063,-464
-1967,-1201,-381
-2012,-1336,-305
-2058,-1477,-220
-2109,-1606,-136
-2167,-1727,-64
-2226,-1829,9
-2291,-1927,84
-2363,-2009,160
-2430,-2078,238
-2499,-2122,320
-2570,-2168,415
-2635,-2213,514
-2694,-2265,613
-2757,-2321,702
-2812,-2373,778
-2865,-2423,859
-2917,-2475,935
-2978,-2527,1006
-3048,-2576,1077
-3122,-2631,1145
-3200,-2691,1206
-3270,-2753,1255
-3329,-2817,1311
-3384,-2874,1363
-3437,-2930,1401
-3491,-2976,1426
-3549,-3015,1444
-3610,-3046,1460
-3668,-3081,1466
-3722,-3114,1467
-3766,-3146,1461
-3805,-3178,1449
-3841,-3209,1429
-3868,-3243,1394
-3898,-3277,1356
-3933,-3309,1309
-3961,-3340,1257
-3979,-3379,1207
-3989,-3418,1156
-4001,-3454,1107
-4021,-3488,1050
-4043,-3525,992
-4069,-3559,921
-4095,-3583,847
-4125,-3604,770
-4156,-3617,695
-4186,-3630,615
-4216,-3632,535
-4244,-3630,449
-4272,-3628,363
-4292,-3624,281
-4307,-3628,197
-4317,-3629,129
-4328,-3633,80
-4335,-3638,50
-4348,-3634,33
-4369,-3636,30
-4386,-3637,20
-4394,-3640,12
-4393,-3638,8
-4382,-3632,7
-4365,-3622,7
-4344,-3610,11
-4320,-3597,12
-4294,-3578,13
-4272,-3556,15
-4243,-3542,15
-4216,-3529,11
-4180,-3514,9
-4144,-3497,8
-4100,-3478,17
-4058,-3456,35
-4024,-3429,53
-3990,-3409,68
-3950,-3389,84
-3911,-3362,100
-3871,-3331,112
-3831,-3297,120
-3792,-3254,127
-3758,-3211,130
-3729,-3166,125
-3694,-3121,122
-3665,-3079,127
-3638,-3037,137
-3609,-2997,157
-3596,-2957,171
-3582,-2908,184
-3574,-2859,186
-3565,-2809,189
-3550,-2761,187
-3534,-2724,175
-3507,-2688,155
-3480,-2650,133
-3453,-2606,109
-3428,-2560,84
-3406,-2515,58
-3381,-2464,44
-3357,-2408,39
-3338,-2345,35
-3327,-2275,31
-3313,-2212,29
-3296,-2148,29
-3280,-2082,25
-3262,-2015,16
-3240,-1943,-6
-3217,-1871,-37
-3195,-1801,-80
-3172,-1722,-127
-3148,-1645,-175
-3126,-1573,-229
-3101,-1503,-275
-3076,-1433,-311
-3055,-1362,-329
-3030,-1295,-338
-3017,-1228,-332
-3007,-1153,-333
-3003,-1067,-340
-2994,-977,-354
-2985,-892,-388
-2958,-813,-447
-2920,-737,-512
-2877,-662,-564
-2832,-584,-614
-2790,-509,-669
-2751,-440,-733
-2717,-371,-800
-2687,-302,-862
-2657,-230,-928
-2623,-161,-994
-2588,-96,-1049
-2553,-35,-1075
-2523,36,-1094
-2494,106,-1090
-2469,179,-1075
-2456,245,-1062
-2446,318,-1049
-2433,393,-1035
-2415,470,-1036
-2399,551,-1065
-2377,632,-1128
-2351,712,-1198
-2321,795,-1265
-2297,887,-1328
-2271,983,-1393
-2241,1071,-1463
-2214,1157,-1532
-2198,1235,-1599
-2186,1308,-1651
-2167,1371,-1672
-2145,1434,-1677
-2123,1488,-1673
-2100,1530,-1658
-2083,1567,-1641
-2073,1600,-1636
-2072,1625,-1635
-2071,1643,-1634
-2069,1660,-1631
-2061,1665,-1636
-2049,1675,-1649
-2031,1702,-1680
-2014,1734,-1746
-1999,1779,-1831
-1983,1836,-1924
-1966,1908,-2022
-1952,1984,-2126
-1944,2082,-2229
-1936,2181,-2320
-1940,2286,-2397
-1943,2390,-2461
-1952,2484,-2515
-1962,2567,-2553
-1968,2639,-2568
-1974,2712,-2569
-1990,2790,-2567
-2011,2880,-2573
-2034,2979,-2596
-2066,3095,-2633
-2099,3222,-2687
-2128,3355,-2755
-2146,3500,-2825
-2156,3646,-2899
-2163,3794,-2983
-2169,3945,-3072
-2178,4097,-3163
-2187,4246,-3254
-2193,4396,-3337
-2198,4543,-3417
-2198,4687,-3493
-2205,4828,-3561
-2214,4961,-3621
-2224,5082,-3662
-2229,5193,-3692
-2235,5282,-3707
-2242,5352,-3710
-2253,5399,-3700
-2259,5425,-3679
-2261,5424,-3644
-2261,5398,-3604
-2257,5363,-3566
-2255,5308,-3526
-2251,5245,-3488
-2244,5168,-3455
-2243,5080,-3429
-2241,4990,-3411
-2238,4895,-3393
-2233,4802,-3377
-2225,4712,-3361
-2217,4621,-3349
-2205,4535,-3336
-2192,4451,-3328
-2188,4362,-3321
-2179,4284,-3315
-2161,4209,-3298
-2151,4131,-3274
-2138,4047,-3249
-2123,3961,-3218
-2113,3871,-3183
-2106,3779,-3150
-2099,3689,-3112
-2088,3601,-3066
-2076,3509,-3024
-2061,3416,-2975
-2050,3322,-2925
-2043,3224,-2876
-2035,3128,-2829
-2024,3040,-2782
-2018,2949,-2730
-2011,2865,-2681
-2003,2783,-2635
-1997,2705,-2593
-1990,2631,-2546
-1985,2557,-2505
-1972,2479,-2469
-1951,2394,-2430
-1923,2301,-2390
-1897,2202,-2351
-1874,2095,-2304
-1851,1986,-2256
-1838,1877,-2206
-1834,1758,-2154
-1830,1648,-2106
-1833,1536,-2063
-1841,1433,-2016
-1859,1328,-1969
-1878,1225,-1926
-1903,1120,-1883
-1926,1019,-1839
-1958,912,-1793
-1989,818,-1747
-2019,738,-1710
-2045,653,-1671
-2067,573,-1632
-2087,488,-1586
-2105,405,-1540
-2128,324,-1492
-2156,254,-1438
-2187,185,-1391
-2220,120,-1351
-2247,57,-1316
-2273,-2,-1281
-2305,-58,-1245
-2333,-111,-1211
-2356,-177,-1174
-2376,-243,-1127
-2404,-314,-1077
-2434,-387,-1027
-2464,-464,-974
-2498,-546,-926
-2531,-626,-874
-2561,-705,-812
-2590,-784,-752
-2622,-862,-701
-2653,-935,-658
-2682,-1008,-628
-2709,-1078,-603
-2734,-1149,-576
-2758,-1211,-547
-2788,-1262,-499
-2823,-1306,-438
-2868,-1355,-377
-2920,-1405,-312
-2981,-1458,-259
-3047,-1508,-209
-3114,-1572,-154
-3174,-1638,-89
-3236,-1714,-36
-3288,-1788,35
-3330,-1860,111
-3370,-1927,193
-3411,-1998,262
-3443,-2066,330
-3475,-2129,404
-3511,-2187,484
-3551,-2243,551
-3593,-2296,613
-3639,-2349,664
-3688,-2397,715
-3736,-2446,763
-3787,-2481,806
-3841,-2508,842
-3897,-2538,870
-3951,-2565,890
-3995,-2597,906
-4034,-2633,918
-4073,-2671,935
-4107,-2709,953
-4136,-2753,964
-4171,-2793,980
-4210,-2835,998
-4250,-2881,1018
-4284,-2930,1038
-4315,-2981,1057
-4346,-3026,1077
-4365,-3065,1096
-4390,-3103,1115
-4407,-3140,1130
-4424,-3169,1131
-4436,-3191,1126
-4441,-3210,1119
-4446,-3220,1105
-4448,-3222,1086
-4449,-3225,1069
-4450,-3228,1053
-4442,-3218,1038
-4433,-3202,1023
-4421,-3183,1002
-4411,-3159,979
-4398,-3141,957
-4388,-3122,932
-4366,-3099,906
-4342,-3079,873
-4315,-3060,846
-4282,-3050,817
-4250,-3040,781
-4214,-3027,749
-4182,-3013,716
-4148,-2996,680
-4121,-2979,643
-4091,-2953,607
-4056,-2927,570
-4028,-2895,534
-4001,-2864,501
-3976,-2836,485
-3956,-2802,466
-3941,-2772,459
-3930,-2740,457
-3926,-2701,452
-3922,-2667,443
-3918,-2625,431
-3905,-2586,416
-3889,-2551,397
-3864,-2518,376
-3834,-2482,345
-3795,-2447,316
-3754,-2412,282
-3708,-2385,243
-3662,-2364,206
-3616,-2338,168
-3574,-2311,121
-3538,-2287,75
-3499,-2257,31
-3466,-2221,-20
-3433,-2176,-82
-3403,-2131,-153
-3370,-2090,-225
-3336,-2043,-284
-3306,-1993,-337
-3283,-1940,-388
-3268,-1887,-436
-3264,-1833,-486
-3259,-1778,-535
-3257,-1719,-569
-3247,-1665,-599
-3237,-1610,-628
-3229,-1550,-655
-3211,-1483,-678
-3192,-1421,-703
-3177,-1358,-730
-3156,-1288,-757
-3134,-1219,-786
-3117,-1153,-827
-3086,-1089,-881
-3050,-1029,-946
-3009,-973,-993
-2966,-911,-1038
-2927,-851,-1091
-2895,-789,-1148
-2861,-724,-1207
-2827,-664,-1266
-2793,-596,-1317
-2761,-523,-1361
-2725,-449,-1396
-2689,-381,-1412
-2658,-305,-1418
-2635,-236,-1425
-2616,-165,-1433
-2596,-95,-1443
-2573,-29,-1447
-2553,45,-1455
-2530,114,-1465
-2507,185,-1475
-2479,250,-1487
-2451,315,-1513
-2417,389,-1559
-2381,465,-1617
-2351,544,-1683
-2319,622,-1758
-2298,698,-1832
-2281,781,-1893
-2271,867,-1959
-2260,942,-2009
-2256,1024,-2033
-2246,1101,-2042
-2228,1177,-2047
-2213,1253,-2055
-2203,1328,-2069
-2197,1397,-2074
-2188,1461,-2080
-2180,1516,-2095
-2168,1563,-2115
-2159,1612,-2129
-2146,1667,-2140
-2133,1722,-2160
-2145,1802,-2190
-2149,1881,-2228
-2138,1929,-2280
-2123,1981,-2330
-2113,2037,-2376
-2110,2104,-2426
-2112,2182,-2476
-2123,2270,-2527
-2141,2366,-2588
-2159,2478,-2653
-2174,2589,-2712
-2192,2694,-2757
-2201,2785,-2780
-2212,2876,-2798
-2228,2954,-2812
-2241,3035,-2823
-2255,3118,-2834
-2273,3202,-2843
-2297,3292,-2862
-2325,3384,-2888
-2358,3489,-2919
-2389,3590,-2952
-2413,3699,-2990
-2435,3810,-3037
-2451,3923,-3092
-2460,4031,-3148
-2467,4134,-3205
-2468,4239,-3259
-2462,4335,-3299
-2464,4427,-3332
-2460,4509,-3349
-2457,4580,-3359
-2459,4635,-3365
-2464,4676,-3363
-2467,4703,-3354
-2468,4716,-3343
-2469,4719,-3328
-2468,4710,-3318
-2464,4690,-3312
-2455,4665,-3305
-2450,4637,-3294
-2442,4599,-3283
-2433,4548,-3266
-2416,4490,-3249
-2400,4420,-3225
-2384,4346,-3203
-2368,4267,-3182
-2348,4182,-3162
-2324,4094,-3136
-2298,4005,-3107
-2275,3910,-3076
-2253,3810,-3044
-2241,3713,-3012
-2229,3610,-2981
-2219,3505,-2952
-2206,3415,-2917
-2198,3321,-2888
-2198,3230,-2860
-2199,3145,-2827
-2202,3068,-2799
-2204,2987,-2773
-2204,2916,-2743
-2205,2846,-2714
-2208,2773,-2680
-2209,2697,-2644
-2209,2621,-2605
-2204,2547,-2566
-2204,2473,-2531
-2205,2393,-2498
-2210,2320,-2462
-2213,2252,-2429
-2225,2183,-2401
-2234,2116,-2370
-2249,2052,-2338
-2262,1983,-2309
-2274,1911,-2271
-2284,1841,-2239
-2295,1775,-2204
-2312,1710,-2176
-2329,1654,-2146
-2349,1603,-2124
-2364,1556,-2102
-2379,1515,-2084
-2385,1465,-2064
-2384,1409,-2034
-2383,1347,-2000
-2379,1287,-1965
-2380,1229,-1923
-2390,1167,-1877
-2405,1108,-1828
-2428,1047,-1780
-2455,986,-1741
-2484,930,-1718
-2522,876,-1699
-2550,817,-1677
-2577,756,-1642
-2596,697,-1608
-2615,637,-1577
-2637,576,-1547
-2659,516,-1528
-2686,470,-1507
-2713,430,-1494
-2732,386,-1478
-2740,341,-1456
-2742,287,-1423
-2740,233,-1386
-2745,178,-1349
-2755,117,-1306
-2771,56,-1259
-2795,-6,-1206
-2824,-71,-1157
-2857,-140,-1111
-2890,-209,-1066
-2929,-264,-1026
-2968,-327,-998
-3006,-378,-975
-3037,-425,-949
-3063,-474,-916
-3088,-515,-889
-3108,-555,-862
-3134,-593,-848
-3157,-625,-837
-3176,-656,-819
-3195,-686,-787
-3212,-724,-752
-3228,-768,-714
-3253,-813,-666
-3278,-858,-610
-3307,-904,-552
-3345,-960,-502
-3385,-1009,-454
-3425,-1065,-411
-3463,-1116,-367
-3495,-1168,-333
-3528,-1223,-303
-3559,-1277,-278
-3588,-1332,-250
-3615,-1385,-218
-3652,-1441,-180
-3691,-1493,-141
-3745,-1547,-108
-3808,-1598,-71
-3874,-1648,-34
-3941,-1701,-7
-4010,-1751,15
-4068,-1799,30
-4118,-1848,49
-4164,-1895,64
-4204,-1945,82
-4240,-1997,97
-4279,-2058,115
-4320,-2121,130
-4360,-2190,152
-4399,-2249,175
-4451,-2304,190
-4500,-2358,206
-4549,-2412,219
-4587,-2458,240
-4629,-2502,262
-4668,-2540,278
-4700,-2571,294
-4724,-2595,302
-4742,-2617,302
-4751,-2639,295
-4752,-2653,285
-4745,-2661,268
-4732,-2668,245
-4714,-2673,228
-4693,-2683,212
-4671,-2694,203
-4651,-2710,192
-4634,-2724,185
-4622,-2730,181
-4606,-2737,171
-4585,-2744,147
-4553,-2738,128
-4518,-2722,111
-4474,-2709,101
-4431,-2697,92
-4390,-2675,83
-4357,-2653,61
-4320,-2628,39
-4286,-2586,23
-4250,-2542,14
-4217,-2495,1
-4188,-2443,-18
-4160,-2392,-43
-4130,-2340,-67
-4101,-2281,-83
-4068,-2232,-93
-4037,-2188,-108
-4012,-2143,-124
-3993,-2099,-137
-3972,-2058,-159
-3951,-2021,-178
-3927,-1985,-195
-3902,-1948,-205
-3879,-1901,-220
-3860,-1855,-235
-3841,-1812,-255
-3819,-1764,-277
-3795,-1716,-299
-3770,-1661,-312
-3741,-1602,-320
-3715,-1537,-332
-3693,-1470,-352
-3666,-1405,-383
-3632,-1345,-429
-3595,-1288,-481
-3552,-1225,-531
-3502,-1167,-566
-3458,-1106,-602
-3418,-1045,-638
-3393,-988,-679
-3369,-933,-717
-3343,-882,-749
-3317,-822,-776
-3283,-756,-786
-3247,-692,-799
-3221,-631,-828
-3196,-566,-863
-3166,-497,-901
-3134,-429,-945
-3103,-358,-991
-3067,-288,-1027
-3036,-215,-1063
-3009,-134,-1105
-2985,-55,-1156
-2965,26,-1209
-2941,103,-1256
-2910,174,-1297
-2879,240,-1323
-2848,306,-1334
-2826,367,-1343
-2811,423,-1361
-2793,475,-1379
-2777,534,-1404
-2759,588,-1429
-2739,649,-1450
-2721,709,-1462
-2704,773,-1482
-2693,844,-1505
-2680,913,-1528
-2663,979,-1554
-2646,1051,-1589
-2627,1127,-1638
-2609,1205,-1683
-2596,1284,-1714
-2587,1365,-1744
-2575,1442,-1771
-2557,1510,-1801
-2545,1580,-1827
-2538,1638,-1835
-2538,1683,-1842
-2538,1731,-1847
-2537,1778,-1852
-2531,1818,-1857
-2519,1850,-1867
-2510,1882,-1893
-2502,1917,-1921
-2495,1955,-1950
-2490,1997,-1981
-2484,2039,-2017
-2488,2092,-2058
-2490,2142,-2099
-2498,2190,-2142
-2502,2247,-2182
-2501,2298,-2213
-2501,2347,-2233
-2502,2400,-2255
-2502,2447,-2279
-2506,2502,-2295
-2507,2556,-2310
-2509,2610,-2327
-2510,2660,-2353
-2514,2723,-2390
-2520,2783,-2416
-2532,2840,-2445
-2544,2901,-2475
-2548,2955,-2510
-2560,3006,-2548
-2561,3053,-2582
-2566,3097,-2617
-2571,3147,-2658
-2581,3201,-2693
-2593,3257,-2730
-2608,3318,-2765
-2625,3378,-2796
-2641,3450,-2827
-2655,3525,-2857
-2674,3610,-2887
-2690,3698,-2907
-2701,3788,-2927
-2713,3881,-2952
-2721,3966,-2970
-2721,4037,-2987
-2722,4105,-3006
-2721,4169,-3015
-2729,4227,-3023
-2734,4277,-3024
-2744,4326,-3021
-2751,4367,-3018
-2763,4404,-3017
-2771,4434,-3016
-2774,4452,-3024
-2767,4455,-3029
-2752,4448,-3027
-2734,4436,-3022
-2713,4404,-3013
-2695,4360,-2992
-2673,4310,-2961
-2656,4250,-2926
-2644,4180,-2891
-2638,4105,-2864
-2626,4031,-2834
-2612,3951,-2802
-2589,3862,-2771
-2564,3777,-2737
-2538,3689,-2695
-2512,3596,-2652
-2491,3497,-2610
-2473,3393,-2563
-2454,3283,-2511
-2437,3172,-2460
-2428,3057,-2408
-2418,2944,-2359
-2410,2839,-2318
-2403,2736,-2273
-2394,2640,-2230
-2388,2550,-2189
-2389,2459,-2158
-2383,2369,-2119
-2378,2281,-2077
-2370,2192,-2028
-2364,2105,-1983
-2350,2017,-1940
-2340,1933,-1889
-2330,1857,-1840
-2319,1779,-1790
-2315,1706,-1741
-2311,1631,-1683
-2306,1543,-1619
-2300,1448,-1555
-2306,1347,-1493
-2318,1249,-1429
-2332,1145,-1360
-2350,1048,-1289
-2379,947,-1227
-2409,851,-1178
-2437,757,-1127
-2460,670,-1085
-2483,584,-1035
-2505,496,-986
-2531,410,-940
-2553,326,-900
-2573,245,-861
-2600,173,-838
-2626,109,-820
-2648,60,-804
-2668,19,-788
-2690,-19,-767
-2707,-61,-743
-2719,-109,-711
-2726,-170,-654
-2740,-247,-594
-2758,-329,-531
-2792,-414,-471
-2837,-493,-408
-2883,-571,-352
-2936,-653,-310
-3001,-730,-265
-3060,-805,-233
-3117,-882,-203
-3172,-954,-175
-3228,-1021,-159
-3275,-1082,-155
-3321,-1133,-150
-3373,-1168,-156
-3415,-1207,-150
-3456,-1250,-140
-3499,-1303,-119
-3543,-1363,-91
-3600,-1431,-57
-3664,-1502,-26
-3730,-1578,11
-3803,-1650,49
-3873,-1723,89
-3951,-1801,125
-4023,-1874,160
-4092,-1945,183
-4159,-2014,200
-4231,-2077,211
-4300,-2133,216
-4359,-2197,228
-4410,-2261,244
-4460,-2322,260
-4508,-2388,279
-4548,-2450,293
-4592,-2509,309
-4632,-2564,322
-4665,-2619,345
-4698,-2671,371
-4731,-2724,392
-4756,-2779,411
-4770,-2824,433
-4774,-2863,459
-4782,-2896,480
-4780,-2924,501
-4775,-2953,515
-4761,-2977,536
-4740,-3004,551
-4717,-3029,561
-4680,-3051,572
-4635,-3064,595
-4596,-3071,611
-4562,-3073,622
-4524,-3061,628
-4490,-3044,631
-4457,-3017,618
-4422,-2987,597
-4384,-2948,566
-4343,-2899,522
-4301,-2842,468
-4261,-2782,415
-4228,-2712,358
-4194,-2633,299
-4164,-2556,251
-4138,-2478,209
-4119,-2402,169
-4099,-2328,138
-4081,-2259,118
-4059,-2190,105
-4042,-2123,99
-4024,-2060,94
-4011,-2000,93
-3988,-1944,95
-3963,-1893,95
-3930,-1841,96
-3903,-1792,89
-3877,-1744,76
-3843,-1701,54
-3814,-1655,27
-3780,-1606,-5
-3746,-1562,-33
-3712,-1519,-60
-3680,-1473,-85
-3648,-1418,-102
-3616,-1359,-117
-3586,-1301,-140
-3565,-1242,-162
-3536,-1176,-190
-3502,-1111,-222
-3464,-1049,-248
-3425,-989,-273
-3384,-924,-298
-3350,-865,-325
-3319,-808,-356
-3285,-757,-384
-3257,-708,-415
-3225,-655,-457
-3198,-596,-516
-3165,-529,-584
-3139,-471,-653
-3109,-415,-720
-3081,-356,-783
-3059,-292,-838
-3037,-224,-895
-3014,-158,-945
-2995,-88,-993
-2973,-25,-1034
-2951,35,-1073
-2929,104,-1112
-2909,172,-1149
-2886,241,-1192
-2869,314,-1236
-2849,377,-1284
-2824,434,-1333
-2799,488,-1376
-2775,549,-1418
-2756,607,-1454
-2738,662,-1488
-2722,725,-1523
-2716,796,-1566
-2712,873,-1608
-2711,956,-1655
-2710,1041,-1695
-2708,1120,-1739
-2713,1203,-1775
-2705,1281,-1806
-2701,1349,-1836
-2690,1415,-1863
-2684,1476,-1875
-2669,1531,-1890
-2657,1579,-1896
-2643,1630,-1914
-2634,1682,-1927
-2627,1732,-1944
-2624,1778,-1956
-2629,1818,-1969
-2637,1859,-1977
-2646,1897,-1995
-2656,1943,-2026
-2657,1988,-2061
-2665,2030,-2099
-2666,2076,-2128
-2669,2119,-2159
-2671,2155,-2187
-2672,2197,-2211
-2673,2229,-2235
-2678,2265,-2259
-2677,2300,-2276
-2682,2334,-2281
-2684,2363,-2287
-2685,2388,-2290
-2682,2410,-2284
-2678,2424,-2280
-2683,2439,-2280
-2679,2455,-2297
-2668,2479,-2315
-2663,2509,-2342
-2656,2551,-2377
-2644,2598,-2414
-2642,2648,-2456
-2643,2702,-2494
-2635,2748,-2529
-2630,2791,-2558
-2626,2830,-2578
-2626,2867,-2593
-2626,2902,-2606
-2626,2936,-2618
-2624,2974,-2626
-2625,3015,-2632
-2628,3067,-2642
-2629,3120,-2659
-2638,3176,-2674
-2636,3236,-2693
-2634,3298,-2715
-2632,3360,-2742
-2632,3429,-2774
-2632,3499,-2803
-2632,3569,-2826
-2632,3642,-2852
-2631,3712,-2879
-2630,3782,-2892
-2621,3844,-2905
-2619,3897,-2910
-2612,3947,-2916
-2610,3985,-2915
-2611,4023,-2907
-2616,4048,-2904
-2616,4068,-2902
-2618,4081,-2898
-2613,4087,-2890
-2605,4090,-2885
-2599,4085,-2877
-2589,4071,-2870
-2577,4055,-2853
-2567,4032,-2833
-2554,4003,-2818
-2548,3975,-2794
-2538,3939,-2772
-2526,3909,-2748
-2514,3870,-2727
-2503,3826,-2699
-2483,3779,-2674
-2465,3723,-2650
-2445,3669,-2624
-2425,3604,-2601
-2407,3544,-2579
-2388,3476,-2556
-2371,3406,-2537
-2358,3332,-2514
-2346,3258,-2488
-2337,3178,-2466
-2328,3101,-2446
-2326,3023,-2426
-2320,2949,-2406
-2319,2880,-2384
-2321,2814,-2360
-2323,2754,-2338
-2333,2694,-2318
-2331,2635,-2296
-2334,2571,-2275
-2335,2506,-2248
-2334,2442,-2224
-2339,2374,-2195
-2345,2306,-2162
-2355,2235,-2131
-2376,2160,-2106
-2396,2092,-2077
-2423,2023,-2050
-2445,1956,-2022
-2462,1881,-1993
-2479,1808,-1965
-2489,1736,-1932
-2499,1657,-1906
-2505,1578,-1882
-2512,1505,-1862
-2520,1434,-1843
-2524,1367,-1826
-2531,1304,-1808
-2534,1243,-1797
-2539,1183,-1793
-2540,1125,-1779
-2550,1067,-1758
-2550,1006,-1737
-2557,943,-1716
-2573,873,-1690
-2593,805,-1651
-2616,732,-1608
-2643,662,-1570
-2679,596,-1537
-2721,533,-1515
-2757,474,-1502
-2801,414,-1488
-2833,368,-1469
-2870,326,-1448
-2898,280,-1429
-2918,233,-1409
-2930,182,-1386
-2932,132,-1359
-2928,81,-1332
-2921,35,-1298
-2928,-14,-1256
-2933,-56,-1213
-2948,-108,-1174
-2966,-157,-1142
-2990,-209,-1111
-3017,-256,-1081
-3043,-294,-1056
-3066,-334,-1031
-3089,-372,-1003
-3108,-409,-983
-3120,-445,-954
-3135,-487,-917
-3142,-539,-864
-3153,-606,-796
-3167,-676,-714
-3193,-757,-639
-3217,-839,-553
-3241,-921,-466
-3270,-994,-380
-3296,-1063,-296
-3318,-1125,-224
-3342,-1183,-168
-3367,-1234,-119
-3391,-1283,-81
-3415,-1323,-42
-3434,-1363,12
-3455,-1407,78
-3481,-1461,146
-3522,-1514,212
-3570,-1570,281
-3626,-1622,360
-3691,-1680,451
-3751,-1740,540
-3811,-1806,618
-3857,-1870,693
-3899,-1926,768
-3928,-1978,845
-3950,-2027,912
-3970,-2067,983
-3989,-2096,1048
-4009,-2117,1104
-4029,-2136,1153
-4050,-2156,1199
-4074,-2169,1243
-4103,-2193,1287
-4133,-2211,1329
-4160,-2234,1371
-4193,-2263,1424
-4222,-2301,1467
-4245,-2350,1486
-4268,-2397,1496
-4284,-2438,1498
-4293,-2474,1492
-4296,-2505,1472
-4297,-2533,1448
-4287,-2549,1413
-4271,-2559,1369
-4253,-2560,1314
-4227,-2554,1261
-4195,-2539,1201
-4166,-2515,1142
-4133,-2480,1086
-4112,-2455,1047
-4099,-2430,1018
-4094,-2403,996
-4090,-2387,985
-4086,-2384,975
-4086,-2378,968
-4077,-2381,964
-4070,-2384,958
-4054,-2385,942
-4026,-2383,922
-4000,-2382,889
-3965,-2380,855
-3925,-2379,821
-3882,-2380,792
-3837,-2371,768
-3799,-2361,741
-3763,-2345,709
-3723,-2332,680
-3683,-2309,649
-3642,-2279,598
-3611,-2249,533
-3573,-2217,451
-3540,-2174,366
-3507,-2129,282
-3477,-2084,197
-3449,-2039,123
-3421,-2001,63
-3392,-1955,11
-3368,-1909,-33
-3351,-1854,-62
-3332,-1798,-86
-3315,-1740,-113
-3300,-1669,-132
-3281,-1598,-154
-3254,-1523,-184
-3219,-1441,-224
-3172,-1359,-264
-3120,-1275,-310
-3062,-1185,-376
-3009,-1103,-471
-2958,-1025,-580
-2898,-951,-686
-2838,-885,-772
-2783,-815,-841
-2743,-742,-899
-2712,-663,-973
-2688,-590,-1044
-2648,-525,-1097
-2610,-460,-1127
-2570,-394,-1145
-2536,-320,-1157
-2490,-259,-1158
-2445,-203,-1150
-2398,-146,-1144
-2350,-98,-1134
-2297,-52,-1124
-2239,-12,-1124
-2185,31,-1150
-2125,88,-1196
-2065,155,-1271
-2005,230,-1371
-1947,307,-1476
-1891,389,-1583
-1839,475,-1690
-1791,558,-1793
-1751,635,-1880
-1719,705,-1941
-1699,771,-1987
-1665,826,-2023
-1624,879,-2056
-1573,923,-2072
-1513,954,-2074
-1459,971,-2071
-1411,973,-2061
-1368,964,-2050
-1325,951,-2043
-1283,938,-2037
-1239,936,-2049
-1194,947,-2088
-1145,974,-2144
-1096,1007,-2205
-1047,1045,-2275
-995,1078,-2352
-948,1101,-2436
-896,1119,-2503
-840,1125,-2557
-784,1127,-2602
-734,1137,-2646
-698,1156,-2688
-664,1177,-2727
-630,1203,-2742
-601,1232,-2729
-574,1266,-2704
-556,1304,-2678
-537,1346,-2663
-515,1370,-2666
-479,1381,-2674
-433,1366,-2681
-388,1361,-2689
-342,1353,-2713
-290,1336,-2763
-230,1307,-2852
-152,1273,-2963
-72,1231,-3087
16,1198,-3219
110,1161,-3346
199,1132,-3451
285,1107,-3519
358,1091,-3554
416,1094,-3576
456,1110,-3601
487,1133,-3625
514,1154,-3643
541,1166,-3648
572,1179,-3638
607,1201,-3621
646,1241,-3618
689,1286,-3625
735,1341,-3657
793,1392,-3710
865,1429,-3778
946,1449,-3850
1039,1460,-3918
1132,1465,-3988
1227,1468,-4054
1323,1469,-4123
1430,1452,-4188
1533,1420,-4247
1633,1380,-4289
1730,1337,-4296
1819,1299,-4291
1890,1265,-4291
1955,1221,-4305
2010,1180,-4327
2062,1145,-4345
2120,1116,-4346
2172,1082,-4321
2229,1061,-4263
2281,1050,-4189
2335,1052,-4102
2389,1058,-4021
2439,1072,-3961
2486,1081,-3924
2533,1095,-3913
2570,1114,-3941
2596,1145,-4007
2632,1191,-4081
2667,1226,-4180
2713,1263,-4292
2779,1296,-4388
2855,1325,-4465
2937,1332,-4517
3027,1332,-4563
3119,1327,-4588
3204,1325,-4601
3296,1318,-4585
3386,1292,-4558
3480,1257,-4517
3564,1208,-4459
3641,1157,-4383
3708,1094,-4293
3763,1027,-4194
3808,959,-4091
3833,889,-3988
3854,814,-3878
3863,737,-3776
3858,659,-3672
3841,588,-3566
3817,521,-3466
3783,472,-3385
3748,421,-3318
3712,377,-3261
3683,337,-3206
3666,287,-3158
3644,247,-3130
3625,229,-3109
3615,228,-3102
3606,238,-3109
3612,250,-3118
3627,273,-3129
3654,285,-3132
3683,297,-3123
3723,295,-3098
3765,281,-3068
3811,256,-3020
3845,222,-2965
3885,186,-2898
3924,144,-2820
3961,109,-2748
3956,65,-2700
3982,58,-2599
4027,26,-2513
4075,-37,-2427
4132,-96,-2336
4194,-166,-2247
4235,-230,-2171
4266,-279,-2097
4297,-327,-2019
4319,-383,-1942
4340,-443,-1863
4365,-496,-1784
4388,-558,-1703
4412,-609,-1626
4438,-662,-1555
4466,-721,-1488
4490,-788,-1432
4510,-837,-1374
4532,-888,-1323
4558,-945,-1267
4579,-1005,-1214
4600,-1063,-1170
4622,-1121,-1107
4643,-1180,-1050
4663,-1227,-997
4683,-1263,-947
4696,-1313,-913
4707,-1358,-878
4722,-1402,-837
4736,-1452,-782
4743,-1508,-729
4736,-1554,-671
4685,-1599,-632
4702,-1642,-541
4673,-1677,-481
4628,-1713,-434
4593,-1741,-382
4552,-1769,-342
4511,-1784,-298
4467,-1798,-264
4423,-1806,-233
4382,-1822,-212
4341,-1832,-204
4300,-1837,-203
4265,-1834,-206
4236,-1827,-214
4210,-1814,-224
4185,-1797,-236
4167,-1780,-259
4152,-1764,-288
4142,-1752,-329
4131,-1734,-376
4120,-1714,-421
4113,-1679,-453
4107,-1643,-471
4104,-1599,-476
4102,-1552,-469
4095,-1506,-463
4079,-1464,-455
4050,-1424,-448
4018,-1395,-436
3982,-1378,-425
3948,-1361,-415
3912,-1340,-399
3875,-1319,-387
3830,-1297,-389
3793,-1282,-393
3762,-1278,-410
3736,-1279,-466
3727,-1285,-548
3729,-1286,-658
3743,-1276,-794
3767,-1235,-936
3791,-1168,-1064
3808,-1097,-1164
3827,-1040,-1252
3857,-999,-1317
3886,-976,-1361
3911,-956,-1385
3924,-940,-1385
3932,-933,-1355
3928,-943,-1304
3917,-969,-1238
3904,-1001,-1159
3884,-1051,-1076
3865,-1110,-990
3850,-1180,-909
3841,-1260,-830
3837,-1341,-759
3844,-1418,-696
3854,-1498,-647
3869,-1574,-608
3892,-1635,-571
3914,-1695,-539
3940,-1747,-508
3968,-1783,-477
3991,-1811,-448
4016,-1830,-416
4036,-1843,-385
4055,-1846,-354
4069,-1838,-319
4077,-1824,-280
4075,-1806,-245
4067,-1778,-215
4059,-1741,-196
4039,-1694,-178
4023,-1636,-161
4011,-1577,-143
3997,-1529,-125
3983,-1487,-111
3970,-1446,-98
3957,-1397,-86
3945,-1360,-73
3928,-1315,-65
3916,-1272,-62
3910,-1234,-61
3894,-1195,-60
3882,-1158,-62
3877,-1118,-67
3865,-1083,-77
3858,-1048,-89
3853,-1012,-95
3853,-985,-101
3861,-965,-113
3866,-943,-127
3876,-927,-140
3884,-917,-155
3892,-906,-170
3901,-890,-182
3907,-873,-193
3921,-859,-199
3929,-848,-200
3938,-837,-204
3941,-828,-203
3944,-820,-206
3945,-816,-206
3941,-811,-201
3944,-806,-199
3942,-804,-203
3941,-802,-198
3935,-797,-195
3930,-798,-194
3924,-800,-193
3925,-802,-195
3927,-800,-200
3924,-807,-204
3920,-811,-214
3918,-814,-221
3920,-814,-235
3919,-816,-250
3917,-821,-263
3918,-820,-284
3918,-818,-300
3920,-815,-319
3924,-818,-334
3925,-821,-346
3926,-818,-361
3929,-816,-377
3931,-806,-393
3928,-792,-408
3925,-783,-425
3929,-774,-437
3923,-765,-454
3922,-759,-467
3917,-746,-483
3916,-738,-499
3912,-730,-514
3907,-719,-533
3904,-712,-547
3902,-705,-567
3898,-703,-583
3900,-702,-603
3895,-697,-619
3896,-695,-633
3903,-687,-643
3903,-679,-652
3903,-674,-667
3905,-670,-678
3907,-667,-687
3900,-665,-697
3892,-668,-705
3872,-677,-705
3846,-685,-693
3826,-695,-676
3801,-703,-663
3783,-706,-647
3776,-707,-627
3793,-708,-610
3817,-712,-604
3850,-722,-602
3886,-730,-605
3923,-740,-596
3957,-751,-583
3988,-758,-563
4008,-776,-543
4019,-789,-530
4024,-803,-511
4021,-814,-493
4020,-826,-473
4013,-845,-456
4004,-861,-438
3996,-876,-428
3988,-886,-414
3982,-898,-402
3977,-907,-393
3971,-915,-383
3970,-921,-377
3968,-924,-376
3964,-927,-372
3963,-929,-369
3957,-930,-366
3953,-931,-362
3951,-932,-361
3943,-929,-365
3940,-925,-367
3940,-926,-367
3935,-921,-369
3933,-918,-372
3936,-915,-376
3939,-909,-379
3943,-901,-385
3947,-894,-386
3949,-884,-397
3952,-882,-401
3946,-875,-406
3947,-866,-416
3946,-857,-423
3947,-853,-429
3944,-845,-439
3938,-835,-450
3934,-828,-457
3937,-817,-472
3935,-810,-491
3928,-801,-506
3928,-792,-519
3926,-783,-526
3924,-770,-536
3923,-762,-544
3922,-753,-552
3922,-749,-562
3921,-742,-570
3926,-736,-578
3932,-724,-588
3935,-717,-594
3936,-711,-602
3941,-705,-610
3945,-698,-614
3947,-695,-622
3949,-689,-628
3940,-686,-631
3943,-685,-634
3940,-685,-637
3939,-684,-637
3933,-686,-636
3930,-686,-632
3928,-688,-631
3924,-688,-630
3923,-692,-628
3920,-697,-628
3921,-700,-624
3916,-698,-615
3910,-701,-611
3910,-709,-608
3909,-713,-601
3911,-720,-591
3909,-724,-585
3909,-730,-579
3908,-735,-574
3908,-743,-568
3910,-749,-564
3912,-756,-559
3915,-765,-552
3920,-771,-545
3921,-773,-538
3923,-776,-532
3921,-779,-529
3919,-783,-520
3920,-786,-517
3920,-790,-512
3915,-792,-512
3914,-798,-505
3910,-803,-506
3910,-805,-506
3909,-807,-505
3907,-810,-500
3901,-810,-500
3903,-809,-499
3899,-809,-494
3899,-807,-492
3897,-809,-493
3898,-808,-491
3901,-808,-495
3906,-803,-498
3912,-801,-503
3915,-798,-504
3918,-796,-508
3922,-794,-507
3921,-788,-512
3918,-787,-510
3920,-787,-516
3919,-787,-518
3919,-786,-522
3914,-786,-527
3915,-780,-535
3920,-779,-541
3919,-775,-548
3921,-771,-555
3922,-765,-560
3923,-763,-568
3921,-761,-572
3924,-754,-572
3923,-747,-573
3921,-742,-576
3921,-745,-577
3916,-746,-583
3916,-742,-589
3915,-739,-591
3912,-735,-597
3912,-729,-601
3911,-721,-602
3910,-717,-605
3910,-718,-608
3914,-719,-608
3917,-718,-615
3914,-718,-613
3918,-717,-613
3918,-718,-613
3917,-723,-613
3915,-726,-613
3917,-728,-608
3918,-730,-603
3919,-731,-602
3919,-732,-596
3918,-729,-597
3920,-733,-593
3917,-734,-587
3915,-734,-584
3915,-735,-585
3917,-737,-582
3918,-739,-582
3914,-739,-577
3915,-745,-572
3913,-749,-566
3914,-754,-563
3914,-753,-557
3912,-753,-559
3910,-756,-554
3904,-754,-551
3902,-758,-547
3899,-757,-543
3903,-756,-542
3904,-757,-539
3905,-756,-535
3905,-751,-534
3907,-750,-530
3909,-753,-527
3909,-749,-530
3906,-748,-532
3903,-747,-531
3906,-748,-530
3906,-749,-532
3909,-750,-534
3910,-753,-535
3908,-753,-537
3908,-753,-540
3909,-756,-540
3911,-758,-543
3913,-759,-548
3914,-764,-550
3917,-767,-553
3916,-770,-553
3913,-776,-556
3911,-779,-555
3911,-779,-560
3912,-780,-564
3908,-787,-569
3911,-788,-572
3908,-789,-574
3910,-791,-578
3906,-794,-581
3908,-801,-580
3911,-802,-581
3912,-805,-577
3910,-806,-578
3906,-810,-577
3906,-809,-580
3906,-807,-574
3908,-809,-573
3909,-812,-574
3911,-814,-572
3912,-816,-572
3911,-816,-572
3907,-823,-570
3905,-824,-571
3899,-825,-577
3897,-823,-576
3893,-826,-573
3889,-828,-575
3890,-830,-576
3893,-829,-577
3892,-832,-575
3896,-830,-574
3897,-825,-573
3899,-826,-568
3903,-829,-562
3907,-826,-558
3913,-825,-561
3925,-824,-566
3935,-824,-566
3943,-826,-570
3947,-828,-573
3955,-830,-580
3958,-830,-583
3959,-833,-582
3958,-834,-584
3952,-834,-588
3947,-833,-587
3942,-833,-583
3935,-833,-582
3930,-832,-584
3928,-833,-580
3925,-832,-580
3921,-830,-581
3920,-831,-582
3919,-829,-579
3916,-829,-581
3913,-829,-579
3918,-827,-577
3916,-826,-582
3914,-827,-579
3915,-831,-581
3916,-832,-577
3917,-831,-576
3918,-829,-575
3914,-825,-574
3914,-823,-572
3911,-818,-570
3910,-813,-564
3911,-809,-561
3912,-804,-558
3910,-801,-555
3909,-800,-555
3912,-796,-557
3911,-790,-553
3914,-787,-553
3914,-787,-553
3913,-792,-552
3917,-793,-556
3914,-789,-554
3916,-788,-551
3911,-789,-550
3911,-794,-547
3903,-798,-544
3897,-803,-540
3893,-803,-537
3891,-802,-534
3894,-805,-536
3897,-807,-536
3898,-809,-539
3911,-811,-539
3917,-809,-541
3918,-813,-546
3925,-813,-550
3926,-816,-550
3923,-816,-552
3922,-816,-554
3924,-819,-556
3922,-816,-557
3920,-814,-558
3925,-815,-558
3926,-818,-561
3927,-821,-566
3926,-823,-567
3927,-820,-568
3931,-821,-569
3928,-825,-573
3926,-828,-569
3920,-825,-571
3918,-822,-572
3918,-820,-573
3912,-820,-573
3913,-824,-577
3913,-823,-581
3914,-823,-581
3913,-826,-581
3914,-828,-582
3915,-827,-580
3919,-827,-577
3918,-828,-569
3913,-826,-567
3912,-827,-567
3914,-822,-563
3914,-823,-563
3915,-823,-563
3912,-823,-563
3914,-821,-561
3912,-821,-561
3912,-819,-554
3917,-818,-552
3914,-819,-550
3916,-817,-553
3918,-818,-555
3925,-816,-558
3933,-816,-560
3934,-818,-564
3934,-815,-561
3938,-817,-560
3937,-821,-555
3931,-822,-558
3929,-823,-555
3925,-820,-554
3924,-823,-557
3925,-823,-556
3923,-821,-554
3918,-815,-555
3920,-813,-557
3921,-814,-559
3921,-813,-557
3921,-811,-559
3923,-810,-564
3924,-808,-566
3924,-810,-567
3924,-814,-563
3925,-817,-559
3926,-817,-562
3927,-816,-563
3925,-815,-563
3926,-817,-564
3924,-815,-560
3919,-816,-561
3922,-815,-559
3919,-816,-561
3914,-818,-559
3914,-816,-560
3911,-814,-560
3911,-815,-560
3910,-811,-565
3914,-811,-567
3915,-812,-570
3917,-807,-569
3917,-801,-571
3917,-803,-572
3920,-802,-571
3925,-796,-569
3927,-796,-566
3923,-792,-569
3927,-793,-569
3928,-794,-563
3933,-793,-563
3937,-789,-561
3941,-791,-562
3939,-795,-561
3936,-795,-562
3933,-796,-557
3929,-798,-560
3923,-800,-558
3923,-802,-556
3921,-802,-552
3920,-803,-554
3919,-807,-551
3920,-804,-551
3918,-803,-553
3920,-802,-555
3919,-802,-553
3917,-800,-553
3919,-797,-554
3925,-797,-552
3927,-795,-548
3936,-794,-551
3945,-796,-550
3951,-794,-552
3954,-792,-553
3956,-793,-554
3956,-792,-555
3955,-791,-558
3957,-795,-559
3954,-796,-558
3950,-799,-560
3944,-801,-556
3938,-803,-553
3931,-802,-548
3925,-804,-543
3921,-807,-544
3919,-811,-544
3916,-811,-548
3912,-810,-545
3909,-811,-551
3910,-811,-552
3911,-812,-553
3911,-809,-550
3914,-805,-556
3916,-807,-554
3918,-808,-552
3915,-806,-550
3917,-803,-553
3917,-801,-551
3918,-800,-549
3915,-801,-548
3913,-800,-547
3914,-798,-548
3912,-797,-547
3912,-795,-548
3915,-791,-547
3917,-794,-545
3915,-788,-546
3915,-785,-546
3922,-788,-544
3927,-782,-541
3928,-782,-539
3930,-786,-542
3928,-791,-543
3927,-793,-537
3922,-791,-530
3914,-794,-531
3912,-794,-526
3908,-795,-522
3907,-795,-519
3908,-795,-522
3911,-795,-520
3915,-793,-523
3922,-795,-527
3927,-792,-526
3931,-793,-531
3931,-798,-534
3937,-797,-538
3931,-797,-538
3928,-796,-535
3928,-796,-533
3926,-795,-530
3924,-793,-532
3926,-798,-534
3923,-801,-537
3923,-800,-541
3924,-804,-544
3926,-804,-543
3924,-806,-542
3920,-807,-543
3919,-809,-543
3920,-811,-546
3914,-814,-547
3906,-811,-546
3905,-813,-547
3906,-811,-545
3906,-814,-545
3903,-815,-542
3904,-817,-543
3907,-821,-544
3909,-823,-545
3908,-825,-544
3908,-828,-544
3907,-825,-542
3904,-829,-543
3904,-830,-541
3901,-829,-540
3902,-832,-539
3903,-837,-538
3905,-838,-536
3908,-834,-536
3910,-833,-536
3907,-832,-535
3908,-833,-537
3909,-834,-536
3909,-838,-538
3910,-838,-540
3913,-839,-540
3913,-840,-538
3914,-840,-539
3915,-844,-536
3915,-844,-538
3914,-844,-536
3913,-846,-540
3916,-847,-541
3918,-846,-545
3918,-847,-546
3922,-845,-548
3922,-846,-543
3918,-845,-542
3915,-844,-543
3916,-843,-542
3915,-842,-544
3913,-839,-544
3909,-840,-547
3908,-840,-545
3906,-834,-546
3904,-838,-548
3903,-840,-546
3900,-839,-547
3897,-839,-548
3901,-841,-548
3901,-839,-547
3900,-841,-549
3902,-842,-551
3899,-842,-549
3899,-841,-550
3899,-838,-550
3901,-835,-550
3901,-837,-550
3901,-838,-553
3903,-837,-555
3904,-836,-555
3901,-838,-555
3901,-836,-558
3902,-838,-559
3903,-840,-558
3907,-840,-556
3911,-841,-559
3914,-839,-556
3917,-838,-554
3919,-835,-554
3919,-833,-555
3922,-833,-549
3922,-836,-549
3922,-838,-554
3921,-839,-553
3917,-838,-554
3916,-838,-555
3912,-841,-558
3909,-841,-557
3910,-842,-563
3912,-842,-564
3911,-841,-564
3909,-838,-569
3909,-841,-570
3909,-842,-567
3907,-835,-565
3906,-832,-560
3906,-833,-558
3909,-828,-554
3913,-828,-555
3923,-827,-558
3932,-825,-556
3939,-821,-555
3945,-822,-555
3951,-820,-558
3958,-818,-558
3962,-816,-559
3960,-814,-559
3952,-818,-560
3950,-818,-559
3943,-817,-556
3933,-815,-557
3920,-813,-559
3913,-810,-557
3912,-804,-556
3912,-804,-561
3911,-804,-564
3910,-803,-564
3911,-803,-568
3911,-802,-567
3913,-799,-569
3913,-800,-570
3910,-796,-570
3910,-796,-567
3913,-792,-566
3916,-788,-564
3918,-784,-563
3917,-784,-562
3923,-785,-559
3921,-786,-562
3921,-786,-562
3921,-788,-564
3920,-785,-563
3920,-785,-560
3921,-782,-559
3920,-775,-557
3920,-777,-557
3922,-775,-553
3924,-777,-554
3922,-776,-556
3924,-772,-558
3928,-772,-557
3924,-769,-559
3921,-767,-557
3921,-768,-558
3917,-772,-554
3919,-770,-554
3921,-771,-559
3920,-770,-557
3923,-769,-558
3923,-768,-562
3926,-771,-564
3933,-772,-565
3934,-773,-566
3936,-772,-569
3938,-779,-573
3939,-781,-570
3937,-776,-573
3938,-780,-572
3933,-780,-577
3933,-781,-577
3933,-782,-582
3931,-783,-579
3932,-788,-579
3932,-785,-582
3933,-787,-584
3931,-787,-585
3925,-791,-586
3923,-799,-584
3926,-800,-588
3925,-803,-590
3927,-806,-588
3924,-807,-587
3918,-807,-587
3909,-808,-588
3907,-810,-585
3909,-809,-588
3909,-807,-589
3908,-810,-586
3913,-809,-581
3914,-809,-581
3916,-812,-583
3916,-818,-584
3916,-817,-583
3913,-816,-584
3914,-817,-585
3915,-816,-584
3915,-816,-584
3916,-817,-581
3915,-817,-580
3912,-821,-577
3913,-821,-572
3912,-819,-569
3916,-821,-570
3916,-824,-573
3913,-822,-574
3913,-819,-574
3915,-818,-574
3916,-819,-578
3916,-820,-578
3915,-817,-577
3914,-819,-578
3918,-819,-577
3916,-821,-574
3916,-822,-580
3912,-823,-578
3912,-823,-575
3910,-818,-576
3911,-820,-577
3911,-817,-578
3910,-819,-582
3910,-818,-583
3907,-816,-583
3906,-815,-581
3905,-816,-583
3905,-815,-588
3907,-815,-589
3909,-814,-588
3910,-812,-591
3913,-817,-587
3914,-818,-588
3912,-818,-590
3913,-820,-586
3914,-821,-583
3915,-819,-585
3914,-823,-586
3912,-822,-589
3914,-820,-591
3910,-821,-587
3907,-823,-590
3905,-821,-587
3904,-821,-588
3906,-826,-588
3907,-831,-589
3905,-834,-590
3904,-834,-589
3906,-834,-588
3911,-838,-588
3908,-834,-586
3908,-830,-590
3907,-831,-591
3911,-831,-591
3917,-832,-592
3919,-832,-590
3920,-835,-584
3917,-837,-585
3918,-840,-588
3916,-838,-586
3916,-836,-585
3915,-834,-585
3910,-837,-586
3906,-839,-588
3900,-836,-583
3897,-833,-582
3899,-834,-584
3902,-833,-590
3904,-832,-589
3913,-836,-591
3916,-833,-596
3918,-830,-593
3915,-829,-589
3910,-828,-587
3906,-827,-585
3897,-821,-578
3897,-820,-577
3899,-814,-576
3902,-812,-575
3905,-810,-575
3915,-810,-576
3929,-810,-581
3941,-809,-586
3946,-811,-585
3949,-810,-585
3951,-811,-586
3945,-811,-584
3940,-813,-588
3931,-813,-587
3926,-812,-583
3916,-813,-579
3910,-816,-577
3905,-816,-576
3898,-814,-577
3894,-812,-580
3890,-812,-579
3891,-810,-578
3890,-808,-580
3889,-808,-576
3887,-804,-579
3886,-802,-581
3883,-801,-582
3885,-798,-581
3887,-796,-581
3891,-790,-581
3895,-786,-580
3896,-781,-582
3898,-779,-581
3903,-780,-581
3903,-779,-584
3903,-777,-578
3906,-782,-581
3905,-783,-578
3907,-782,-574
3912,-786,-576
3915,-793,-576
3918,-796,-574
3917,-802,-577
3917,-800,-574
3913,-806,-576
3913,-809,-575
3909,-809,-573
3906,-807,-568
3898,-806,-568
3892,-809,-568
3890,-808,-568
3891,-811,-569
3898,-807,-574
3902,-810,-573
3908,-812,-579
3914,-813,-582
3919,-815,-583
3921,-817,-584
3921,-815,-581
3922,-814,-583
3918,-815,-583
3917,-818,-584
3916,-825,-583
3918,-824,-580
3916,-821,-577
3917,-824,-580
3917,-823,-583
3919,-824,-588
3921,-828,-591
3920,-831,-591
3919,-828,-593
3913,-828,-591
3911,-829,-591
3907,-832,-591
3905,-832,-592
3905,-832,-595
3903,-828,-588
3904,-824,-585
3902,-822,-584
3905,-821,-588
3907,-819,-588
3912,-817,-587
3911,-820,-587
3913,-819,-584
3915,-818,-586
3916,-817,-584
3915,-819,-585
3917,-816,-585
3918,-811,-586
3921,-810,-584
3921,-809,-581
3919,-810,-577
3916,-808,-578
3914,-807,-575
3917,-804,-573
3914,-803,-574
3913,-803,-577
3913,-800,-575
3913,-803,-575
3917,-802,-578
3915,-802,-578
3920,-799,-578
3918,-799,-577
3920,-794,-578
3915,-796,-580
3916,-796,-578
3915,-794,-576
3916,-793,-579
3917,-795,-580
3916,-793,-579
3913,-795,-578
3914,-798,-579
3915,-800,-577
3915,-803,-573
3913,-805,-575
3911,-809,-578
3909,-810,-582
3905,-809,-579
3909,-809,-577
3902,-811,-579
3907,-813,-581
3909,-818,-584
3913,-821,-582
3915,-816,-577
3916,-815,-578
3918,-818,-580
3923,-817,-579
3921,-818,-579
3920,-819,-578
3921,-817,-583
3926,-820,-579
3928,-819,-578
3930,-821,-583
3930,-824,-583
3930,-829,-584
3932,-834,-582
3932,-833,-585
