1025.475936254416,28.29848529577255
1025.685324404655,28.30016394138336
1025.636267720775,28.30016394138336
1025.665014507104,28.29955962896347
1025.653492704879,28.2975452542305
1025.582953178923,28.29640377521515
1025.583246537571,28.29653806686401
1025.687929182616,28.29882102489471
1025.685702172737,28.29888817071915
1025.639103836312,28.29747810840607
1025.678665445284,28.29747810840607
1025.659142391221,28.2950608587265
1025.65765333851,28.29727667093277
1025.614668782484,28.29969392061233
1025.680434788826,28.3019097328186
1025.700451408417,28.30237975358963
1025.726620098245,28.30204402446747
1025.674656028353,28.2996267747879
1025.662903058895,28.29895531654358
1025.622603574608,28.29680665016174
1025.72912636015,28.29667235851288
1025.703571325931,28.29620233774185
1025.72381865983,28.29532944202423
1025.724258761026,28.29553087949753
1025.701948235915,28.29183785915375
1025.586394401944,28.28928631782532
1025.636014527653,28.29244217157364
1025.716719319239,28.29244217157364
1025.731081605432,28.29358365058899
1025.685577488345,28.29593375444412
1025.743185687012,28.29405367136002
1025.637894810958,28.29438940048218
1025.710870311145,28.29700808763504
1025.718102119763,28.29452369213104
1025.75817106777,28.29801527500153
1025.725783492404,28.29586660861969
1025.732380259081,28.29707523345947
1025.674740434759,28.29821671247482
1025.678109830738,28.29794812917709
1025.683270700138,28.29922389984131
1025.725583810406,28.29794812917709
1025.736377157062,28.30143971204758
1025.642748647972,28.30204402446747
1025.719294487227,28.3023126077652
1025.635534290971,28.2998282122612
1025.661467279449,28.29902246236801
1025.719405333959,28.2998282122612
1025.722837141762,28.30103683710098
1025.749854696267,28.30036537885666
1025.785705861343,28.30446127414703
1025.613939614108,28.30117112874985
1025.700131407198,28.30331979513169
1025.679270163982,28.30499844074249
1025.717889889242,28.30311835765839
1025.723726593556,28.30506558656693
1025.728798645271,28.30593848228455
1025.756754460465,28.30533416986465
1025.708416969478,28.3002310872078
1025.67506496404,28.29908960819244
1025.704229747069,28.30157400369644
1025.771044969813,28.30137256622314
1025.75221875696,28.29673950433731
1025.771590722049,28.29727667093277
1025.732243040719,28.30063396215439
1025.739972706219,28.29801527500153
1025.739421911751,28.30029823303223
1025.77409450406,28.30204402446747
1025.706012071685,28.29949248313904
1025.752122461626,28.30466271162033
1025.692779113789,28.30466271162033
1025.772810263253,28.30399125337601
1025.76792562457,28.30754998207092
1025.741694244293,28.30640850305557
1025.750162310223,28.30593848228455
1025.735746602662,28.30694566965103
1025.690263146062,28.30640850305557
1025.771966087199,28.30613991975784
1025.764027113519,28.30721425294876
1025.773721754341,28.30513273239136
1025.814352130613,28.30996723175049
1025.789409613866,28.30869146108627
1025.763675971591,28.30741569042206
1025.811025678576,28.30446127414703
1025.796165143471,28.30345408678055
1025.776797750571,28.30472985744476
1025.776677490964,28.30358837842941
1025.810219432641,28.29902246236801
1025.77200444917,28.29855244159699
1025.783920674922,28.29459083795548
1025.766277955046,28.29412081718445
1025.753990884404,28.29103210926056
1025.881147071699,28.29237502574921
1025.746487474079,28.2904949426651
1025.829921910352,28.29210644245148
1025.797209461529,28.28908488035202
1025.718465230959,28.28780910968781
1025.81836798472,28.28935346364975
1025.787154259732,28.28774196386337
1025.758109988622,28.28639904737473
1025.815611820532,28.28881629705429
1025.689327373899,28.28425038099289
1025.777177832955,28.28317604780197
1025.794615839896,28.28391465187073
1025.734599340355,28.2832431936264
1025.789449380095,28.28082594394684
1025.680797230659,28.2832431936264
1025.783627986442,28.28431752681732
1025.80275843879,28.28257173538208
1025.802093044859,28.28552615165711
1025.756082367561,28.28438467264175
1025.746467452788,28.2832431936264
1025.694562682606,28.28049021482468
1025.793793187916,28.28317604780197
1025.739980936005,28.27955017328262
1025.760730289944,28.28035592317581
1025.818959731418,28.28129596471787
1025.731549868983,28.28257173538208
1025.703910413006,28.28042306900024
1025.658701154231,28.28290746450424
1025.757659677912,28.28257173538208
1025.762611281048,28.28230315208435
1025.745204752008,28.28230315208435
1025.741275020259,28.28122881889343
1025.733494393607,28.27585715293884
1025.720520637944,28.27861013174057
1025.746038216371,28.27652861118317
1025.751372233132,28.2767971944809
1025.736428555273,28.27720006942749
1025.795705339384,28.27572286128998
1025.705331109534,28.27491711139679
1025.782888760592,28.2720298409462
1025.714458962111,28.26967973709106
1025.799084095937,28.26894113302231
1025.841405072727,28.27129123687744
1025.750114522282,28.26753107070923
1025.760630282818,28.26618815422058
1025.78861494859,28.26632244586945
1025.738728496738,28.26195796728134
1025.77746428476,28.26121936321259
1025.766969242112,28.25967500925064
1025.768913663018,28.26309944629669
1025.828717678888,28.26222655057907
1025.65409443149,28.25907069683075
1025.801812194597,28.2604136133194
1025.73878067157,28.25980930089951
1025.78745604418,28.26108507156372
1025.844075056738,28.26309944629669
1025.817258655485,28.26168938398361
1025.809430425144,28.26027932167053
1025.792815903963,28.26027932167053
1025.716360700073,28.25860067605972
1025.829592265846,28.26081648826599
1025.768079847119,28.25873496770859
1025.770977051212,28.2575263428688
1025.764239168833,28.25806350946426
1025.749935107785,28.25658630132675
1025.772484834525,28.25242326021195
1025.816731946218,28.25275898933411
1025.851128282624,28.25148321866989
1025.786196249403,28.25181894779205
1025.785246772517,28.24812592744827
1025.828535824876,28.2512817811966
1025.785661093799,28.24940169811249
1025.800016804097,28.24873023986816
1025.851574500035,28.25349759340286
1025.804743742425,28.25161751031876
1025.840817545784,28.25255755186081
1025.772038946621,28.25040888547897
1025.788575473468,28.25363188505173
1025.83721273593,28.25235611438751
1025.852117594094,28.24940169811249
1025.83173809435,28.25383332252503
1025.808380220082,28.25255755186081
1025.829364624857,28.25383332252503
1025.887170357053,28.25168465614319
1025.738465210266,28.25242326021195
1025.88738072012,28.25322901010513
1025.752213873567,28.25437048912048
1025.865432583525,28.25296042680741
1025.782533930353,28.25195323944092
1025.819220435965,28.25208753108978
1025.833806185139,28.25007315635681
1025.750767043026,28.25081176042557
1025.924992603941,28.24980457305908
1025.782994199523,28.24926740646362
1025.832453857694,28.24873023986816
1025.777953861603,28.24913311481476
1025.832390347902,28.24725303173065
1025.808330813979,28.24638013601303
1025.799219764019,28.24691730260849
1025.74709339775,28.24732017755509
1025.909341922283,28.2487973856926
1025.733428319648,28.24396288633347
1025.808368463866,28.24893167734146
1025.803423205154,28.25101319789886
1025.727697352325,28.24785734415054
1025.828083670791,28.24745446920395
1025.802237614511,28.24685015678406
1025.87059513463,28.24591011524201
1025.895796831218,28.24658157348633
