1769,1267,3855
1792,1227,3813
1773,1215,3744
1820,1214,3707
1806,1136,3675
1808,1102,3608
1849,1087,3624
1844,1051,3693
1840,1075,3680
1876,1028,3644
1853,1030,3648
1823,1075,3540
1837,1088,3664
1815,1057,3490
1831,1083,3475
1820,1117,3590
1830,1085,3592
1823,1111,3611
1807,1095,3540
1816,1118,3588
1802,1109,3582
1810,1089,3521
1808,1084,3409
1824,1081,3520
1804,1067,3493
1799,1062,3450
1810,1066,3463
1860,1048,3414
1845,1063,3495
1875,1029,3484
1866,984,3462
1863,1023,3483
1873,1023,3581
1819,1016,3553
1851,1022,3541
1825,995,3587
1841,939,3573
1896,965,3556
1870,953,3635
1864,990,3622
1874,929,3658
1861,982,3570
1889,1001,3621
1836,1011,3719
1866,991,3672
1867,1004,3786
1847,996,3791
1821,1042,3854
1824,1056,3839
1826,1073,3807
1806,1065,3797
1821,1129,3753
1794,1141,3802
1803,1182,3736
1748,1203,3750
1769,1218,3889
1736,1295,3729
1714,1277,3712
1715,1309,3789
1690,1336,3695
1694,1369,3744
1688,1407,3719
1668,1436,3714
1637,1455,3702
1628,1475,3578
1607,1510,3699
1643,1528,3678
1610,1515,3818
1606,1514,3783
1619,1523,3762
1595,1534,3772
1604,1546,3763
1619,1547,3738
1618,1526,3747
1642,1530,3734
1627,1469,3786
1684,1468,3742
1657,1435,3642
1696,1415,3732
1704,1400,3753
1688,1394,3706
1701,1393,3672
1724,1328,3682
1747,1314,3659
1746,1267,3658
1758,1225,3699
1817,1149,3612
1826,1143,3761
1771,1130,3687
1849,1071,3670
1830,1052,3629
1834,1003,3654
1851,998,3738
1860,984,3643
1871,945,3589
1835,966,3594
1829,962,3545
1826,972,3511
1857,981,3528
1838,973,3535
1823,944,3582
1884,963,3624
1879,921,3542
1875,916,3529
1874,913,3590
1878,895,3538
1847,857,3506
1886,843,3563
1895,851,3522
1876,800,3591
1889,815,3544
1875,792,3568
1907,763,3587
1909,747,3418
1901,756,3608
1931,740,3638
1924,769,3545
1903,737,3574
1903,764,3585
1893,734,3563
1908,721,3601
1938,727,3567
1920,745,3465
1882,712,3644
1898,769,3518
1894,725,3547
1888,752,3516
1881,734,3588
1888,782,3561
1904,782,3634
1907,789,3565
1929,816,3537
1919,841,3591
1924,863,3626
1877,887,3666
1864,937,3705
1857,1028,3630
1828,1059,3745
1804,1100,3723
1802,1155,3722
1793,1194,3726
1759,1250,3722
1763,1284,3830
1734,1335,3750
1686,1411,3737
1662,1423,3780
1629,1495,3717
1588,1543,3730
1555,1583,3651
1552,1612,3612
1530,1663,3551
1531,1703,3452
1486,1661,3426
1471,1702,3417
1466,1733,3422
1451,1744,3508
1440,1718,3458
1444,1740,3375
1424,1735,3519
1483,1734,3424
1452,1719,3538
1469,1728,3498
1479,1736,3484
1481,1737,3481
1518,1704,3440
1513,1669,3517
1571,1685,3410
1570,1634,3426
1541,1570,3371
1590,1546,3396
1630,1576,3382
1593,1492,3399
1614,1448,3427
1629,1398,3436
1691,1384,3451
1716,1367,3429
1747,1354,3557
1767,1285,3482
1785,1239,3542
1778,1224,3597
1781,1176,3579
1823,1155,3622
1802,1107,3547
1815,1032,3582
1838,1018,3538
1822,964,3515
1819,948,3523
1869,935,3554
1873,902,3588
1890,942,3528
1854,964,3542
1870,911,3576
1839,906,3518
1894,937,3555
1875,904,3501
1860,924,3446
1877,892,3474
1868,876,3530
1868,885,3475
1869,900,3459
1876,845,3495
1936,848,3456
1850,788,3470
1878,807,3406
1895,784,3411
1891,799,3483
1908,785,3421
1920,749,3413
1890,756,3489
1944,747,3396
1925,763,3527
1917,732,3450
1880,733,3474
1876,735,3435
1907,748,3510
1915,717,3559
1905,714,3557
1896,733,3652
1913,723,3662
1918,776,3615
1906,809,3658
1932,837,3523
1906,810,3593
1880,864,3653
1887,926,3586
1888,944,3579
1859,976,3553
1865,970,3623
1827,1036,3577
1871,1020,3603
1848,1010,3660
1846,1055,3651
1834,1082,3667
1854,1075,3704
1851,1117,3831
1837,1144,3738
1816,1156,3739
1813,1162,3775
1824,1192,3692
1809,1159,3716
1788,1192,3713
1806,1230,3727
1776,1265,3819
1796,1260,3696
1781,1247,3787
1760,1246,3782
1766,1236,3818
1793,1256,3830
1804,1286,3955
1783,1252,3870
1776,1260,3844
1779,1277,3861
1735,1295,3860
1802,1269,3845
1802,1260,3869
1790,1231,3816
1778,1233,3848
1788,1229,3807
1773,1219,3731
1755,1182,3687
1836,1194,3675
1792,1164,3737
1852,1126,3686
1822,1100,3703
1804,1081,3688
1849,1068,3705
1813,1055,3624
1814,1071,3713
1830,1083,3616
1848,1079,3716
1834,1061,3679
1796,1111,3700
1840,1123,3594
1807,1101,3601
1857,1096,3563
1853,1086,3532
1825,1052,3504
1801,1069,3357
1831,1077,3524
1818,1067,3355
1825,1025,3396
1811,1015,3425
1832,1018,3446
1858,994,3410
1847,949,3402
1838,915,3390
1888,895,3306
1861,917,3424
1870,861,3294
1864,811,3374
1860,802,3378
1846,762,3460
1880,755,3384
1870,712,3466
1881,716,3506
1886,709,3342
1913,670,3526
1913,659,3545
1931,651,3534
1902,624,3564
1890,613,3598
1915,547,3518
1902,578,3598
1942,553,3568
1950,502,3530
1970,458,3633
1950,457,3686
1962,489,3665
1967,498,3710
1966,556,3613
1939,589,3674
1945,616,3635
1921,682,3630
1898,718,3480
1898,735,3542
1923,789,3511
1863,828,3600
1870,882,3596
1862,901,3553
1834,924,3617
1867,971,3626
1911,989,3627
1890,1007,3557
1828,1066,3589
1850,1062,3669
1835,1124,3685
1834,1143,3574
1822,1166,3618
1812,1157,3608
1824,1156,3590
1802,1156,3564
1780,1187,3594
1751,1215,3495
1758,1224,3569
1768,1233,3618
1784,1234,3642
1787,1194,3630
1790,1178,3589
1801,1158,3589
1771,1147,3692
1805,1128,3605
1851,1137,3650
1836,1087,3717
1868,1048,3681
1896,1040,3691
1858,1028,3760
1895,985,3755
1901,941,3727
1904,879,3721
1918,847,3702
1949,801,3744
1949,765,3682
1980,725,3755
1949,678,3825
1911,590,3832
1969,561,3801
1980,522,3902
1985,467,3861
2002,419,3896
1959,352,3873
1999,276,3880
1992,282,3807
1981,247,3769
1990,207,3775
2010,259,3691
1948,279,3692
1973,320,3690
1969,331,3651
1979,336,3616
1958,373,3671
1974,395,3641
1961,414,3702
1965,436,3663
1976,403,3689
1979,426,3692
1966,433,3652
1968,345,3634
1950,339,3492
1978,321,3557
1962,296,3544
1965,299,3507
1991,247,3541
1954,262,3672
1950,259,3653
1965,193,3606
1991,222,3678
1954,195,3537
1975,190,3586
1972,223,3662
1982,209,3608
1964,190,3576
1987,232,3668
1992,205,3612
1982,212,3607
1996,210,3654
2030,236,3493
1995,236,3678
2001,258,3740
1995,264,3741
1998,298,3762
1975,328,3811
2004,362,3894
2003,393,3876
1953,429,3867
1997,506,3706
1974,470,3813
1950,582,3759
1975,638,3810
1968,671,3756
1979,703,3792
1965,742,3844
1956,753,3816
1943,759,3828
1956,830,3765
1936,862,3830
1938,902,3817
1903,911,3832
1894,949,3867
1887,945,3895
1874,982,3869
1878,1013,3922
1835,1033,3882
1907,1031,3815
1846,1026,3855
1881,1053,3893
1878,1047,3888
1870,1071,3825
1870,1036,3845
1853,1000,3848
1843,980,3838
1891,966,3759
1860,953,3774
1924,929,3749
1946,884,3781
1948,837,3739
1934,799,3643
1963,732,3603
1957,660,3662
1957,645,3592
1966,576,3684
1979,553,3602
1994,520,3688
1990,448,3659
1979,430,3686
2006,413,3672
1972,356,3766
1980,347,3681
1981,340,3686
1999,272,3635
1935,245,3589
1958,174,3686
1985,180,3652
1957,70,3635
1965,105,3698
1965,36,3682
1959,-18,3726
1960,10,3718
1971,-100,3691
1991,-122,3797
1997,-178,3690
1978,-199,3817
1909,-255,3812
1959,-271,3762
1910,-306,3884
1933,-368,3878
1943,-400,3941
1954,-408,3875
1928,-461,3926
1932,-495,3888
1919,-529,3913
1911,-514,3942
1908,-514,3894
1891,-548,3825
1910,-561,3838
1891,-575,3934
1869,-620,3905
1881,-584,3873
1861,-583,3936
1868,-605,3903
1852,-580,3850
1860,-557,3863
1849,-606,3832
1856,-600,3870
1859,-562,3906
1846,-572,3936
1906,-594,4003
1904,-541,3832
1911,-495,4013
1937,-489,4026
1934,-427,3915
1936,-435,3898
1971,-381,3984
1988,-305,3974
1985,-239,3999
1991,-184,3947
2001,-165,3911
2043,-77,3968
2039,-91,4037
2071,-11,4065
1994,33,4026
2041,25,4023
2029,92,4097
2041,137,4062
2008,183,4164
2037,197,4091
2064,275,4150
2023,332,4144
2077,357,4124
2054,416,4160
2049,427,4162
2017,457,4193
2038,491,4250
2084,465,4227
2067,499,4079
2067,498,4181
2003,518,4248
2004,530,4241
2019,574,4195
2022,588,4320
2022,519,4242
2025,535,4331
2026,476,4216
2017,468,4139
2054,400,4320
2043,394,4243
2044,340,4310
2058,262,4319
2046,218,4267
2076,167,4279
2065,107,4324
2052,0,4272
2099,-4,4268
2083,-1,4303
2068,-85,4232
2035,-120,4287
2062,-142,4236
2044,-175,4237
2025,-209,4199
2083,-220,4272
2049,-227,4237
2054,-251,4281
2072,-302,4150
2050,-303,4181
2063,-347,4249
2046,-340,4233
2051,-358,4274
2029,-427,4177
2015,-419,4255
2020,-445,4296
2020,-489,4321
2056,-509,4257
2012,-573,4287
2035,-621,4350
2013,-642,4321
1983,-689,4363
1982,-718,4327
1955,-749,4354
1959,-759,4363
1924,-778,4362
1908,-787,4378
1875,-834,4360
1883,-834,4286
1901,-840,4280
1871,-855,4287
1840,-853,4279
1833,-859,4230
1851,-878,4275
1850,-856,4205
1882,-881,4300
1899,-898,4285
1875,-905,4325
1894,-897,4380
1887,-866,4398
1916,-892,4437
1919,-870,4473
1914,-843,4427
1962,-773,4454
1982,-770,4368
1965,-743,4439
1998,-671,4425
1999,-628,4326
2013,-615,4381
2037,-548,4359
2025,-500,4383
2036,-503,4379
2048,-439,4400
2115,-413,4355
2110,-346,4453
2059,-299,4495
2099,-267,4530
2125,-204,4525
2134,-200,4624
2090,-122,4536
2118,-137,4479
2119,-78,4514
2119,-50,4468
2107,31,4555
2127,84,4586
2137,94,4508
2121,147,4544
2112,151,4551
2141,173,4562
2142,177,4574
2101,196,4593
2139,158,4584
2124,167,4555
2108,184,4572
2091,157,4552
2092,183,4537
2106,110,4581
2095,106,4532
2108,74,4562
2071,64,4558
2117,-23,4504
2086,-84,4631
2117,-105,4543
2092,-162,4542
2076,-214,4543
2088,-285,4558
2090,-304,4587
2092,-304,4481
2087,-353,4571
2062,-397,4428
2060,-410,4473
2060,-427,4489
2024,-456,4450
2050,-487,4476
2059,-487,4437
2062,-514,4417
2055,-552,4527
2043,-579,4458
1995,-542,4524
2033,-536,4460
2002,-647,4477
1972,-649,4454
2000,-677,4465
2049,-651,4580
2022,-683,4545
2010,-721,4550
2018,-742,4594
1999,-743,4639
2028,-782,4695
1966,-867,4654
1971,-831,4693
2004,-877,4694
1973,-878,4726
1982,-897,4737
1970,-927,4756
1975,-940,4832
1968,-946,4837
1904,-981,4816
1914,-981,4827
1892,-1017,4876
1909,-992,4889
1902,-1007,4869
1912,-999,4840
1911,-1004,4887
1870,-1024,4820
1903,-1026,4869
1900,-1012,4904
1901,-995,4874
1908,-970,4859
1920,-959,4883
1927,-981,4917
1953,-926,4956
1957,-862,4837
2002,-831,4909
2016,-831,4853
2024,-792,4870
2033,-759,4838
2035,-699,4809
2047,-688,4859
2076,-644,4792
2060,-601,4805
2070,-558,4871
2067,-523,4913
2071,-534,4927
2097,-483,4798
2118,-493,4850
2118,-414,4896
2093,-393,4889
2089,-368,4914
2152,-330,4914
2120,-301,4940
2122,-259,4936
2112,-238,4949
2137,-198,4840
2122,-177,4965
2126,-178,4933
2104,-141,4900
2103,-110,4965
2089,-102,4904
2093,-105,4942
2108,-87,5005
2107,-118,4929
2115,-134,4945
2119,-132,5001
2139,-168,4967
2148,-164,5024
2120,-143,5061
2110,-137,4932
2114,-159,5016
2117,-184,4896
2110,-161,4954
2091,-185,4752
2117,-262,4858
2132,-285,4874
2104,-256,4885
2112,-277,4872
2134,-335,4843
2101,-353,4906
2116,-371,4876
2097,-399,4873
2125,-441,4722
2124,-404,4863
2140,-420,4821
2126,-423,4812
2092,-468,4939
2101,-472,4811
2151,-502,4886
2071,-509,4846
2111,-561,4887
2136,-545,4890
2081,-594,4842
2078,-603,4881
2056,-622,4936
2031,-645,5033
2033,-656,4946
2052,-712,5004
2030,-724,5014
2006,-773,4966
2023,-799,5074
1988,-801,5041
2009,-828,5074
1973,-832,5098
1972,-841,5163
1996,-889,5126
1979,-861,5261
1998,-895,5194
1968,-893,5238
1979,-945,5126
1981,-956,5220
1999,-946,5231
1969,-953,5221
1970,-935,5278
1992,-972,5266
1991,-913,5370
1965,-948,5305
1952,-962,5285
1990,-944,5308
1978,-946,5353
1985,-914,5322
1978,-935,5343
1984,-929,5383
1977,-950,5344
2023,-903,5354
2018,-934,5391
2020,-918,5399
1988,-894,5399
2015,-920,5409
2038,-899,5357
2064,-863,5372
2058,-897,5432
2045,-885,5293
2019,-871,5393
1986,-888,5331
1982,-800,5361
2036,-825,5355
2012,-863,5274
2012,-802,5332
2030,-816,5305
2036,-834,5318
2032,-808,5321
2043,-802,5314
2070,-778,5268
2024,-770,5333
1999,-745,5327
2053,-745,5220
2008,-750,5375
2053,-738,5391
2042,-733,5337
2063,-698,5356
2058,-742,5402
2048,-688,5346
2022,-662,5349
2072,-678,5435
2107,-670,5354
2089,-661,5424
2061,-664,5489
2073,-645,5456
2115,-656,5446
2082,-642,5387
2063,-625,5393
2087,-667,5391
2048,-690,5430
2069,-694,5254
2058,-728,5349
2040,-707,5345
2032,-766,5319
2017,-779,5317
2039,-803,5339
2018,-805,5325
1988,-827,5325
2032,-837,5280
2019,-842,5193
2011,-845,5210
2021,-863,5187
1975,-851,5189
2044,-852,5173
2005,-887,5109
1983,-869,5104
1969,-899,5113
1970,-891,5068
2008,-924,5139
1984,-937,5055
1977,-891,5076
1978,-924,5101
1954,-918,5107
1953,-905,5087
1964,-956,5047
1985,-954,5002
1973,-949,5074
1995,-955,4993
1969,-974,5039
1976,-956,5024
1986,-965,5046
1994,-925,5095
1995,-936,5131
1978,-907,5145
2015,-895,5044
1974,-902,5116
1989,-924,4967
1974,-910,5078
1959,-900,5075
1995,-898,5060
1988,-885,5055
1941,-911,5066
1960,-924,5085
1963,-919,5067
2008,-913,5132
1957,-924,5100
2005,-897,5133
1990,-926,5107
1990,-904,5207
2003,-928,5097
1994,-904,5182
1987,-921,5232
1970,-935,5226
2012,-945,5143
2007,-914,5184
1978,-912,5216
1969,-914,5182
2006,-902,5147
1984,-928,5180
1969,-924,5123
1973,-917,5117
1959,-893,5173
2018,-916,5153
1998,-881,5100
2019,-868,5036
1980,-880,5068
1995,-890,5086
1957,-897,5080
1972,-879,5104
2017,-849,5006
1989,-873,5097
1989,-888,5108
2005,-863,5055
2005,-852,4970
1974,-839,4993
1965,-882,4969
1980,-828,4957
1994,-843,4905
2002,-835,4862
1993,-832,4855
2004,-845,4929
1992,-794,4912
1999,-832,4841
1997,-822,4763
2020,-838,4838
1975,-770,4837
1987,-824,4822
1988,-824,4796
1975,-806,4834
1981,-817,4783
1948,-825,4769
1965,-818,4709
1964,-821,4834
1981,-851,4803
2003,-840,4746
1983,-817,4806
1966,-866,4738
1965,-843,4782
1991,-819,4788
1973,-829,4797
2004,-837,4628
1978,-818,4797
1995,-825,4782
1971,-849,4790
1975,-850,4768
1950,-838,4769
1963,-838,4732
1931,-839,4687
1950,-803,4787
1987,-851,4763
1955,-819,4705
1959,-802,4596
1963,-790,4730
1940,-812,4770
1932,-797,4696
1975,-806,4739
1968,-785,4681
1949,-764,4705
1975,-758,4592
1952,-773,4693
1949,-774,4678
1994,-764,4701
1971,-792,4635
1950,-738,4634
1973,-750,4679
1969,-784,4683
1994,-743,4681
1933,-742,4596
1955,-742,4629
1942,-708,4689
1963,-763,4737
1962,-709,4565
1963,-692,4608
2028,-704,4687
2003,-692,4690
2015,-714,4723
1979,-718,4723
1968,-703,4697
1967,-694,4666
1947,-690,4722
1956,-715,4703
1933,-698,4727
1951,-698,4696
2003,-740,4641
1984,-768,4652
1923,-741,4712
1956,-762,4716
2001,-717,4649
1973,-725,4704
1988,-729,4614
2004,-730,4662
1970,-747,4742
1991,-746,4690
1983,-746,4683
1981,-751,4795
1991,-777,4756
1997,-740,4721
1970,-790,4736
1967,-754,4714
1971,-778,4739
1944,-762,4815
2016,-729,4709
2008,-785,4721
1985,-768,4725
1962,-768,4747
1971,-772,4713
1985,-757,4809
1953,-747,4842
1979,-768,4706
1957,-755,4748
1979,-758,4797
1961,-801,4770
2013,-745,4727
2004,-755,4702
1986,-749,4727
1979,-794,4739
1981,-757,4737
1979,-765,4671
1981,-786,4761
2011,-761,4666
1981,-776,4725
2008,-759,4705
2017,-777,4792
1989,-786,4734
2013,-798,4743
1954,-787,4791
2014,-756,4807
2004,-779,4785
1970,-798,4814
2014,-772,4730
2012,-757,4735
1993,-786,4626
1996,-783,4734
2002,-755,4720
1956,-780,4733
2006,-760,4744
1989,-775,4733
1993,-738,4652
1989,-741,4788
2007,-781,4816
1986,-774,4643
1980,-745,4735
2026,-770,4736
2017,-776,4719
1993,-760,4779
2005,-760,4763
1990,-746,4760
1962,-777,4756
1989,-788,4701
1985,-761,4674
1980,-763,4752
1998,-773,4770
2012,-787,4779
1957,-790,4748
1962,-763,4777
1951,-762,4780
1976,-778,4718
1974,-747,4824
1964,-783,4745
1980,-803,4806
1938,-746,4763
1973,-755,4725
1940,-761,4790
1955,-818,4678
1973,-784,4729
1940,-787,4817
1993,-759,4889
1962,-742,4770
1992,-782,4763
1979,-765,4824
1983,-756,4841
1981,-777,4725
1994,-750,4816
1991,-789,4804
1985,-753,4861
1991,-747,4819
1985,-754,4829
1980,-742,4807
1959,-794,4792
1984,-782,4875
1978,-766,4851
2008,-794,4850
1990,-755,4839
1960,-751,4799
1982,-725,4733
1987,-774,4774
1960,-754,4829
1972,-742,4850
2007,-760,4820
2009,-733,4699
2021,-752,4835
1968,-721,4804
1987,-758,4800
2047,-759,4799
1985,-781,4845
1984,-764,4855
2033,-749,4808
2017,-760,4770
2002,-757,4871
1979,-737,4790
1994,-759,4862
1995,-736,4851
1999,-754,4814
2007,-753,4779
2012,-773,4794
2003,-773,4784
2012,-776,4811
2002,-764,4847
2019,-757,4832
2003,-758,4810
2006,-774,4826
2044,-763,4824
1989,-746,4798
1968,-721,4895
1971,-760,4894
1988,-761,4810
1974,-763,4840
1986,-776,4790
1972,-799,4839
2004,-761,4829
1997,-750,4862
2005,-781,4803
1986,-765,4782
1948,-768,4818
1951,-737,4808
1984,-743,4797
1969,-769,4802
1974,-775,4809
1985,-707,4758
2004,-773,4784
1940,-718,4811
1954,-741,4625
1958,-756,4798
1965,-757,4763
1951,-772,4798
1981,-743,4837
1968,-772,4806
2006,-733,4826
1999,-733,4830
2019,-752,4874
2018,-723,4788
2005,-718,4755
2034,-742,4819
2007,-776,4680
2003,-743,4788
2007,-756,4737
1988,-786,4730
2024,-752,4846
2000,-753,4858
2022,-781,4673
2038,-786,4764
2028,-758,4765
2001,-785,4739
2018,-777,4786
1985,-751,4850
2039,-741,4778
2040,-754,4790
2006,-756,4798
2023,-752,4746
1983,-710,4844
1988,-772,4856
2019,-760,4775
1992,-755,4785
2011,-768,4736
1998,-768,4708
2033,-749,4807
2027,-755,4787
2027,-746,4759
2018,-768,4797
2048,-795,4753
2017,-783,4884
1993,-769,4853
2000,-749,4781
1989,-739,4731
1995,-732,4843
1971,-727,4869
2005,-744,4851
1977,-784,4704
1987,-748,4786
1997,-729,4825
1974,-721,4725
1997,-691,4852
2013,-740,4804
2006,-765,4789
2012,-707,4768
1979,-696,4669
2021,-759,4785
2010,-753,4762
2002,-738,4750
1974,-739,4813
1990,-697,4763
2003,-725,4787
2028,-729,4740
2006,-742,4710
1994,-738,4763
1996,-706,4784
1987,-690,4821
1995,-726,4817
2036,-725,4819
2020,-683,4770
2007,-734,4753
2008,-731,4830
2005,-685,4858
2009,-708,4762
2049,-697,4740
2027,-693,4759
2053,-695,4726
2029,-693,4760
2009,-716,4720
1992,-699,4755
1994,-696,4795
2010,-698,4829
2001,-707,4766
2026,-700,4591
2002,-720,4682
2012,-695,4630
2066,-694,4721
1991,-681,4715
2035,-670,4710
2040,-667,4712
2041,-705,4705
2053,-702,4740
2044,-688,4581
2019,-680,4734
2015,-683,4755
2055,-711,4715
2050,-696,4759
1991,-681,4724
2049,-717,4663
2020,-704,4725
2038,-677,4664
1993,-687,4641
2012,-663,4644
2017,-680,4636
2040,-700,4705
2040,-686,4742
2022,-676,4809
2009,-679,4752
1989,-655,4734
1984,-627,4731
2021,-636,4569
2033,-641,4747
2029,-646,4737
2025,-697,4707
2017,-662,4764
2041,-694,4762
2037,-688,4753
2022,-713,4832
2042,-684,4735
2012,-686,4725
2010,-663,4775
2001,-672,4892
2019,-683,4854
2017,-696,4799
2028,-683,4817
2015,-656,4800
2021,-677,4863
2010,-709,4809
2033,-706,4861
2045,-682,4858
2001,-683,4840
2015,-710,4814
2004,-708,4839
2032,-714,4827
2025,-679,4854
2045,-697,4766
2049,-698,4911
2039,-661,4663
2030,-682,4809
2033,-652,4758
2031,-641,4805
2014,-654,4756
2011,-644,4782
2002,-652,4739
2018,-620,4786
2053,-653,4751
2012,-618,4620
2034,-583,4737
2068,-629,4732
2059,-632,4732
2044,-599,4683
2034,-648,4732
2023,-629,4667
2028,-631,4602
2015,-645,4645
2009,-633,4636
2022,-635,4598
2040,-646,4598
2024,-616,4612
2041,-631,4659
2068,-617,4693
2054,-623,4714
2059,-630,4712
2041,-607,4656
2056,-609,4734
2040,-630,4726
2034,-627,4700
2033,-635,4719
2012,-628,4686
2025,-611,4663
2010,-651,4683
2037,-616,4690
2027,-666,4650
2034,-649,4653
2003,-633,4718
2026,-632,4688
2060,-624,4743
2037,-617,4632
2035,-599,4712
2032,-628,4673
2012,-615,4707
2040,-618,4711
2014,-630,4603
1987,-638,4695
2002,-611,4667
1993,-638,4630
2011,-626,4718
2034,-638,4650
1985,-646,4737
1997,-636,4747
2037,-649,4740
2014,-650,4754
2039,-652,4772
2045,-635,4761
2051,-623,4832
2000,-643,4742
2026,-612,4840
2058,-626,4791
2004,-667,4759
2035,-672,4721
1996,-655,4751
2012,-643,4622
2027,-615,4750
2009,-658,4722
2014,-634,4732
2024,-651,4769
2040,-655,4659
2021,-637,4735
2023,-643,4728
2035,-636,4759
2050,-658,4561
2007,-615,4703
2006,-639,4742
2044,-618,4688
2020,-632,4743
2040,-637,4710
2012,-655,4665
2049,-649,4750
2041,-633,4698
2058,-624,4627
2016,-611,4800
2050,-655,4727
2034,-636,4712
2010,-621,4699
2041,-618,4751
2053,-621,4731
2057,-590,4728
2068,-629,4723
2035,-600,4658
2034,-599,4730
2037,-638,4797
2040,-612,4714
2010,-618,4762
2028,-650,4783
2013,-634,4769
2024,-651,4705
1974,-635,4625
2022,-660,4661
1988,-658,4636
2001,-643,4722
1991,-651,4755
1999,-679,4762
2012,-657,4699
1990,-649,4746
2017,-664,4700
2011,-646,4789
2021,-625,4779
2001,-632,4703
1995,-658,4833
1996,-639,4758
2022,-648,4763
1989,-646,4807
1999,-661,4751
1983,-647,4704
1984,-662,4758
2009,-633,4731
1983,-662,4745
2013,-681,4714
2012,-654,4691
2034,-670,4718
2011,-669,4693
2021,-652,4702
2013,-617,4747
2026,-649,4703
2040,-618,4704
2013,-626,4706
2031,-636,4703
2036,-623,4711
2012,-614,4675
1989,-634,4714
1985,-667,4710
2024,-616,4777
2033,-649,4727
2044,-664,4774
2043,-650,4721
2025,-670,4732
2011,-646,4697
2016,-660,4731
2035,-624,4643
2019,-612,4699
2034,-626,4711
2048,-615,4693
1985,-621,4674
2007,-602,4658
2040,-625,4680
2038,-617,4639
2031,-620,4718
2033,-637,4671
2017,-625,4627
2008,-627,4715
2072,-651,4699
2041,-614,4668
2070,-634,4653
2060,-620,4659
2045,-622,4668
2021,-613,4703
2049,-586,4625
2039,-604,4683
2026,-606,4691
2027,-609,4717
2063,-567,4677
2066,-637,4637
2037,-638,4708
2052,-605,4721
2041,-657,4686
2044,-624,4721
2069,-621,4750
2061,-661,4682
2040,-613,4686
2027,-605,4770
2047,-602,4660
2047,-581,4662
2049,-622,4690
2060,-587,4675
2030,-581,4678
2017,-596,4789
2032,-607,4665
2028,-592,4729
2006,-593,4658
1995,-620,4600
2032,-613,4698
2039,-604,4807
2028,-580,4739
2030,-562,4712
2046,-624,4711
2059,-610,4650
2037,-622,4699
2035,-618,4778
2058,-611,4677
2064,-603,4717
2076,-636,4713
2017,-649,4728
2010,-634,4702
2047,-631,4734
2064,-631,4682
2053,-575,4601
2020,-586,4722
2062,-629,4644
2068,-599,4749
2076,-622,4728
2007,-623,4626
2024,-623,4759
2020,-617,4583
2030,-623,4716
2043,-629,4739
2026,-618,4698
2026,-611,4761
2006,-646,4605
2025,-648,4638
2012,-611,4680
2033,-625,4702
2047,-592,4616
2024,-579,4554
2025,-652,4619
2027,-632,4641
2040,-636,4628
2040,-626,4716
2030,-576,4652
1996,-649,4602
2002,-626,4648
2025,-625,4625
2002,-598,4664
2009,-629,4567
2035,-616,4671
2048,-594,4706
2029,-597,4658
2018,-610,4558
1998,-576,4717
2027,-597,4676
2059,-592,4600
2009,-608,4606
2028,-614,4650
2026,-596,4669
2029,-603,4567
2031,-598,4645
2029,-612,4701
2024,-634,4650
2037,-579,4618
2028,-591,4635
1991,-600,4642
2026,-633,4560
2018,-595,4614
2031,-623,4597
2034,-620,4619
2013,-626,4608
2031,-643,4698
2029,-630,4618
2025,-616,4683
2021,-615,4677
2006,-633,4668
2051,-593,4659
2028,-638,4648
2062,-647,4600
2019,-627,4684
2028,-610,4672
2047,-633,4569
2037,-621,4643
2027,-617,4656
2009,-615,4668
2059,-606,4640
2026,-606,4653
2030,-640,4520
2025,-634,4615
2018,-596,4679
2043,-586,4637
2047,-615,4688
2038,-588,4715
2021,-628,4622
2020,-608,4673
2020,-581,4660
2034,-626,4591
2037,-615,4565
2061,-615,4611
2024,-606,4677
2066,-616,4688
2062,-622,4655
2068,-615,4589
2021,-599,4634
2050,-624,4735
2022,-617,4565
2042,-644,4637
2005,-620,4710
2046,-625,4681
2038,-660,4659
2029,-635,4726
2022,-643,4669
2055,-633,4682
2041,-628,4733
2024,-633,4594
2072,-624,4708
2083,-624,4669
2025,-652,4629
2055,-652,4777
2054,-636,4666
2085,-612,4684
2040,-660,4678
2041,-609,4734
2049,-644,4731
2045,-638,4649
2059,-621,4725
2050,-640,4632
2057,-624,4706
2062,-625,4676
2072,-611,4606
2044,-688,4683
2069,-628,4656
2066,-630,4667
2061,-653,4633
2069,-693,4622
2083,-678,4680
2010,-692,4694
2023,-642,4733
2023,-684,4710
2035,-642,4661
2043,-665,4655
2055,-638,4603
2018,-640,4699
2040,-592,4660
2039,-612,4690
2015,-615,4695
2029,-637,4622
2023,-604,4717
1987,-608,4768
2008,-644,4655
2011,-659,4674
2031,-668,4585
2021,-612,4528
1993,-669,4624
2018,-631,4668
2037,-640,4758
2003,-630,4733
2020,-638,4681
2022,-664,4661
2026,-634,4835
1998,-644,4743
2033,-623,4697
1990,-640,4668
1988,-619,4691
2031,-626,4753
2034,-640,4797
2016,-624,4651
2037,-628,4673
2028,-628,4758
2037,-626,4585
2053,-652,4664
2023,-652,4717
2009,-663,4730
2004,-648,4690
2001,-678,4757
2010,-656,4795
1974,-660,4775
2028,-632,4682
2032,-638,4613
1988,-638,4792
1965,-652,4675
2015,-670,4686
2003,-605,4770
2011,-663,4681
2058,-629,4739
2030,-624,4690
2036,-623,4778
2003,-616,4663
2050,-640,4743
2061,-603,4726
2009,-602,4728
2003,-636,4753
2040,-636,4765
2038,-628,4717
2042,-670,4695
2056,-647,4784
2061,-639,4667
2021,-637,4727
2062,-643,4790
2057,-661,4738
2057,-635,4760
