-376,-1747,-2565
-409,-1706,-2578
-438,-1658,-2586
-469,-1600,-2589
-498,-1543,-2590
-532,-1494,-2594
-567,-1441,-2584
-607,-1380,-2559
-657,-1318,-2531
-716,-1252,-2505
-779,-1188,-2476
-843,-1132,-2453
-911,-1085,-2440
-977,-1046,-2435
-1036,-1030,-2438
-1087,-1040,-2437
-1123,-1057,-2443
-1149,-1067,-2451
-1170,-1071,-2454
-1195,-1079,-2434
-1222,-1094,-2410
-1246,-1098,-2380
-1277,-1102,-2355
-1313,-1097,-2332
-1349,-1084,-2317
-1387,-1061,-2314
-1422,-1028,-2310
-1458,-1013,-2312
-1487,-1011,-2318
-1507,-1016,-2323
-1520,-1025,-2321
-1535,-1027,-2304
-1543,-1032,-2290
-1555,-1034,-2260
-1576,-1034,-2235
-1596,-1026,-2216
-1621,-1016,-2213
-1649,-1007,-2238
-1676,-998,-2275
-1693,-987,-2322
-1700,-971,-2369
-1706,-948,-2415
-1713,-926,-2452
-1715,-907,-2490
-1714,-899,-2527
-1713,-900,-2562
-1704,-914,-2597
-1688,-933,-2614
-1668,-962,-2633
-1645,-985,-2658
-1621,-999,-2673
-1609,-1007,-2686
-1595,-1022,-2713
-1583,-1056,-2749
-1559,-1100,-2796
-1538,-1135,-2850
-1511,-1153,-2901
-1479,-1156,-2954
-1445,-1147,-3010
-1413,-1141,-3060
-1381,-1128,-3088
-1373,-1119,-3116
-1372,-1094,-3133
-1385,-1058,-3157
-1401,-1013,-3181
-1409,-968,-3213
-1421,-916,-3239
-1429,-862,-3268
-1436,-816,-3301
-1436,-784,-3346
-1435,-756,-3400
-1423,-755,-3459
-1399,-789,-3511
-1358,-847,-3559
-1312,-925,-3587
-1275,-1002,-3602
-1233,-1073,-3605
-1201,-1124,-3611
-1184,-1153,-3625
-1185,-1160,-3631
-1193,-1149,-3643
-1209,-1123,-3662
-1228,-1073,-3696
-1242,-1016,-3734
-1249,-959,-3768
-1257,-903,-3793
-1263,-852,-3821
-1261,-828,-3842
-1268,-799,-3875
-1269,-770,-3913
-1256,-756,-3955
-1239,-749,-3991
-1212,-748,-4014
-1179,-755,-4029
-1150,-753,-4032
-1128,-743,-4023
-1118,-723,-4008
-1120,-689,-3986
-1128,-652,-3953
-1147,-608,-3916
-1169,-566,-3879
-1192,-534,-3855
-1210,-512,-3836
-1222,-499,-3810
-1232,-499,-3778
-1231,-501,-3738
-1228,-513,-3712
-1214,-533,-3700
-1179,-546,-3702
-1119,-546,-3747
-1050,-559,-3837
-969,-615,-3943
-875,-697,-4036
-785,-805,-4160
-701,-917,-4318
-623,-1037,-4467
-557,-1158,-4615
-514,-1266,-4728
-499,-1359,-4773
-524,-1416,-4750
-599,-1403,-4667
-729,-1323,-4562
-902,-1193,-4446
-1085,-1005,-4308
-1264,-779,-4186
-1406,-536,-4072
-1509,-309,-3988
-1551,-125,-3923
-1539,24,-3883
-1494,113,-3881
-1426,151,-3878
-1361,145,-3886
-1288,94,-3908
-1221,34,-3942
-1167,-22,-4004
-1125,-88,-4072
-1084,-169,-4107
-1039,-252,-4067
-997,-345,-3976
-965,-457,-3858
-943,-570,-3719
-939,-675,-3580
-949,-774,-3470
-966,-856,-3403
-987,-922,-3383
-1007,-969,-3395
-1012,-1014,-3419
-1019,-1049,-3449
-1060,-1047,-3481
-1114,-1032,-3484
-1170,-1024,-3457
-1225,-989,-3373
-1267,-944,-3375
-1297,-872,-3502
-1299,-802,-3656
-1269,-743,-3763
-1234,-659,-3800
-1211,-582,-3830
-1200,-520,-3865
-1196,-487,-3903
-1194,-455,-3943
-1200,-425,-3985
-1200,-393,-4009
-1201,-355,-4031
-1208,-315,-4044
-1205,-298,-4051
-1215,-291,-4056
-1233,-293,-4063
-1261,-307,-4066
-1298,-332,-4064
-1341,-365,-4072
-1375,-413,-4068
-1402,-468,-4050
-1414,-533,-4007
-1417,-607,-3952
-1421,-685,-3888
-1419,-765,-3824
-1419,-841,-3769
-1419,-900,-3720
-1419,-951,-3688
-1424,-997,-3675
-1427,-1032,-3666
-1430,-1054,-3666
-1432,-1065,-3675
-1435,-1070,-3684
-1440,-1069,-3693
-1437,-1060,-3703
-1438,-1052,-3709
-1431,-1053,-3700
-1422,-1055,-3676
-1406,-1060,-3652
-1397,-1058,-3617
-1390,-1055,-3583
-1386,-1056,-3561
-1385,-1073,-3564
-1388,-1100,-3567
-1390,-1135,-3566
-1396,-1179,-3576
-1404,-1215,-3579
-1416,-1245,-3581
-1425,-1258,-3590
-1431,-1266,-3601
-1435,-1268,-3608
-1434,-1264,-3603
-1427,-1256,-3608
-1423,-1246,-3608
-1423,-1234,-3610
-1423,-1219,-3614
-1425,-1204,-3607
-1435,-1188,-3613
-1442,-1170,-3622
-1446,-1151,-3639
-1457,-1137,-3660
-1464,-1117,-3678
-1470,-1103,-3704
-1473,-1097,-3717
-1476,-1088,-3721
-1482,-1090,-3736
-1495,-1096,-3751
-1495,-1103,-3749
-1490,-1115,-3739
-1492,-1131,-3720
-1495,-1150,-3695
-1488,-1178,-3677
-1485,-1205,-3652
-1483,-1225,-3619
-1483,-1242,-3592
-1488,-1263,-3577
-1492,-1285,-3571
-1494,-1307,-3567
-1502,-1330,-3566
-1502,-1355,-3559
-1503,-1371,-3552
-1504,-1379,-3554
-1506,-1373,-3549
-1510,-1365,-3545
-1519,-1350,-3536
-1524,-1338,-3532
-1528,-1330,-3528
-1533,-1330,-3525
-1535,-1340,-3517
-1532,-1345,-3510
-1531,-1345,-3506
-1535,-1340,-3504
-1541,-1332,-3513
-1546,-1320,-3528
-1554,-1305,-3548
-1559,-1286,-3569
-1560,-1263,-3583
-1563,-1236,-3592
-1562,-1226,-3617
-1563,-1198,-3637
-1563,-1177,-3666
-1565,-1163,-3687
-1565,-1144,-3697
-1566,-1132,-3702
-1565,-1132,-3703
-1567,-1130,-3699
-1568,-1130,-3699
-1561,-1126,-3683
-1558,-1116,-3670
-1556,-1122,-3660
-1548,-1131,-3643
-1544,-1152,-3626
-1536,-1186,-3614
-1531,-1217,-3606
-1526,-1242,-3586
-1527,-1261,-3539
-1532,-1289,-3495
-1541,-1316,-3468
-1546,-1340,-3459
-1548,-1348,-3436
-1545,-1363,-3420
-1534,-1391,-3419
-1520,-1404,-3414
-1510,-1414,-3409
-1500,-1414,-3399
-1492,-1400,-3398
-1499,-1387,-3416
-1497,-1371,-3428
-1500,-1340,-3430
-1512,-1324,-3426
-1529,-1297,-3409
-1558,-1270,-3398
-1596,-1245,-3413
-1635,-1217,-3446
-1670,-1193,-3493
-1703,-1159,-3538
-1728,-1110,-3589
-1748,-1049,-3643
-1757,-986,-3695
-1756,-920,-3721
-1746,-850,-3747
-1726,-797,-3777
-1700,-753,-3813
-1678,-727,-3817
-1652,-714,-3793
-1612,-707,-3771
-1577,-722,-3773
-1563,-756,-3796
-1565,-784,-3780
-1584,-818,-3753
-1614,-840,-3707
-1649,-849,-3684
-1686,-857,-3699
-1717,-866,-3713
-1735,-883,-3719
-1746,-892,-3717
-1762,-875,-3711
-1771,-853,-3707
-1772,-842,-3713
-1761,-828,-3695
-1745,-831,-3694
-1722,-846,-3692
-1709,-860,-3695
-1701,-872,-3692
-1693,-885,-3686
-1685,-892,-3672
-1691,-901,-3681
-1702,-917,-3690
-1718,-923,-3690
-1738,-924,-3665
-1747,-943,-3669
-1761,-951,-3663
-1773,-947,-3656
-1774,-928,-3639
-1771,-908,-3639
-1756,-903,-3654
-1729,-904,-3661
-1696,-905,-3654
-1670,-902,-3642
-1652,-899,-3630
-1642,-901,-3618
-1643,-912,-3615
-1648,-920,-3619
-1647,-935,-3627
-1646,-956,-3633
-1638,-968,-3625
-1637,-976,-3612
-1648,-982,-3611
-1658,-992,-3611
-1667,-1014,-3608
-1673,-1022,-3593
-1681,-1024,-3612
-1706,-1038,-3684
-1734,-1060,-3750
-1765,-1082,-3801
-1795,-1107,-3842
-1814,-1122,-3849
-1825,-1134,-3847
-1827,-1135,-3872
-1826,-1132,-3885
-1815,-1133,-3906
-1803,-1129,-3925
-1785,-1120,-3952
-1763,-1102,-3960
-1736,-1090,-3966
-1712,-1071,-3982
-1678,-1047,-3971
-1645,-1031,-3987
-1612,-1014,-3985
-1577,-1003,-3991
-1545,-995,-3985
-1517,-990,-3982
-1505,-981,-3986
-1491,-971,-3975
-1480,-960,-3961
-1473,-954,-3949
-1467,-948,-3937
-1460,-955,-3942
-1444,-965,-3960
-1431,-995,-3983
-1425,-1027,-4000
-1432,-1051,-4005
-1454,-1057,-4000
-1489,-1058,-4003
-1531,-1066,-4002
-1571,-1077,-4009
-1606,-1089,-4007
-1643,-1096,-4006
-1672,-1097,-4002
-1699,-1095,-3991
-1720,-1085,-3986
-1743,-1072,-3984
-1755,-1061,-3981
-1766,-1052,-3979
-1777,-1037,-4000
-1785,-1039,-4040
-1779,-1054,-4079
-1763,-1077,-4120
-1741,-1101,-4175
-1715,-1124,-4223
-1677,-1154,-4276
-1630,-1189,-4319
-1583,-1219,-4359
-1530,-1252,-4395
-1481,-1291,-4430
-1432,-1334,-4464
-1388,-1370,-4484
-1348,-1408,-4483
-1317,-1446,-4458
-1295,-1480,-4425
-1283,-1496,-4379
-1280,-1505,-4329
-1283,-1504,-4279
-1289,-1503,-4233
-1295,-1493,-4189
-1300,-1481,-4151
-1292,-1462,-4123
-1277,-1439,-4096
-1264,-1409,-4067
-1250,-1371,-4041
-1242,-1323,-4007
-1235,-1263,-3969
-1230,-1208,-3947
-1217,-1155,-3939
-1202,-1107,-3939
-1182,-1059,-3932
-1164,-1010,-3916
-1151,-965,-3911
-1134,-928,-3907
-1127,-893,-3891
-1117,-857,-3855
-1116,-819,-3813
-1120,-782,-3768
-1130,-750,-3729
-1136,-724,-3698
-1145,-703,-3661
-1147,-686,-3619
-1147,-667,-3573
-1146,-647,-3522
-1150,-625,-3468
-1158,-602,-3406
-1163,-585,-3344
-1163,-584,-3323
-1148,-606,-3346
-1111,-649,-3393
-1053,-689,-3444
-979,-736,-3491
-891,-785,-3521
-816,-819,-3541
-760,-821,-3567
-718,-801,-3614
-690,-763,-3670
-666,-736,-3720
-636,-728,-3756
-608,-732,-3759
-585,-727,-3729
-573,-716,-3692
-573,-703,-3672
-575,-678,-3667
-576,-647,-3678
-571,-603,-3710
-557,-560,-3767
-541,-506,-3846
-511,-425,-3950
-467,-352,-4089
-400,-278,-4221
-318,-226,-4319
-233,-201,-4381
-139,-196,-4403
-60,-210,-4391
8,-230,-4360
62,-256,-4316
97,-293,-4254
124,-349,-4187
153,-428,-4117
173,-517,-4044
192,-592,-3944
204,-665,-3849
208,-715,-3770
215,-749,-3722
231,-787,-3707
271,-813,-3698
326,-837,-3690
401,-839,-3683
482,-828,-3673
562,-801,-3658
638,-766,-3642
703,-727,-3616
746,-678,-3571
776,-626,-3537
796,-570,-3490
825,-507,-3427
858,-450,-3372
907,-400,-3332
965,-360,-3294
1023,-337,-3266
1069,-310,-3240
1092,-264,-3242
1060,-205,-3296
956,-158,-3421
750,-169,-3616
469,-184,-3795
136,-179,-3950
-232,-184,-4116
-592,-242,-4287
-905,-376,-4427
-1151,-583,-4499
-1319,-854,-4495
-1429,-1132,-4420
-1490,-1402,-4284
-1508,-1633,-4101
-1498,-1804,-3886
-1463,-1925,-3673
-1400,-1992,-3479
-1318,-2024,-3315
-1222,-2027,-3203
-1119,-2001,-3151
-1024,-1937,-3174
-940,-1850,-3254
-879,-1749,-3369
-842,-1633,-3504
-817,-1502,-3634
-809,-1367,-3745
-802,-1261,-3832
-787,-1170,-3886
-770,-1082,-3912
-764,-1027,-3919
-763,-993,-3920
-770,-968,-3903
-781,-954,-3882
-785,-942,-3856
-784,-952,-3831
-787,-972,-3808
-784,-1001,-3780
-791,-1032,-3760
-800,-1060,-3742
-813,-1090,-3731
-821,-1130,-3729
-827,-1165,-3735
-834,-1190,-3733
-840,-1212,-3746
-843,-1238,-3753
-847,-1257,-3757
-851,-1272,-3757
-856,-1283,-3755
-857,-1286,-3745
-854,-1285,-3744
-853,-1287,-3745
-855,-1286,-3747
-858,-1286,-3751
-854,-1282,-3759
-857,-1277,-3768
-864,-1267,-3785
-874,-1257,-3802
-885,-1249,-3821
-887,-1249,-3835
-895,-1257,-3838
-895,-1259,-3827
-903,-1250,-3803
-915,-1247,-3790
-926,-1246,-3779
-936,-1249,-3770
-938,-1255,-3768
-931,-1265,-3772
-926,-1276,-3776
-925,-1287,-3793
-923,-1296,-3805
-918,-1304,-3799
-919,-1311,-3793
-921,-1307,-3782
-924,-1297,-3780
-927,-1292,-3792
-931,-1291,-3806
-927,-1301,-3825
-920,-1311,-3844
-908,-1322,-3853
-905,-1337,-3860
-911,-1347,-3849
-918,-1361,-3818
-929,-1377,-3800
-940,-1377,-3775
-954,-1378,-3748
-954,-1374,-3721
-956,-1364,-3707
-954,-1351,-3700
-942,-1340,-3695
-922,-1336,-3701
-907,-1343,-3720
-899,-1352,-3746
-895,-1356,-3756
-894,-1362,-3759
-904,-1357,-3757
-912,-1346,-3744
-923,-1343,-3732
-922,-1334,-3710
-922,-1328,-3706
-921,-1323,-3721
-912,-1324,-3732
-905,-1327,-3741
-900,-1320,-3736
-899,-1313,-3736
-898,-1305,-3722
-913,-1316,-3745
-926,-1321,-3753
-936,-1334,-3759
-946,-1350,-3758
-952,-1355,-3751
-966,-1373,-3773
-979,-1386,-3774
-988,-1403,-3772
-996,-1422,-3766
-1006,-1425,-3752
-1012,-1415,-3736
-1006,-1413,-3726
-1007,-1414,-3749
-997,-1404,-3752
-991,-1394,-3759
-990,-1381,-3765
-988,-1357,-3758
-988,-1337,-3744
-983,-1330,-3742
-976,-1331,-3736
-972,-1336,-3734
-965,-1345,-3732
-973,-1360,-3750
-980,-1355,-3736
-987,-1343,-3723
-996,-1332,-3714
-996,-1313,-3709
-982,-1285,-3671
-990,-1294,-3735
-988,-1294,-3758
-994,-1300,-3783
-1008,-1310,-3811
-1019,-1316,-3814
-1026,-1313,-3803
-1034,-1313,-3805
-1031,-1311,-3795
-1028,-1313,-3784
-1017,-1321,-3768
-1002,-1329,-3749
-992,-1335,-3737
-984,-1343,-3723
-980,-1347,-3711
-976,-1345,-3701
-976,-1339,-3694
-979,-1335,-3703
-979,-1334,-3720
-979,-1327,-3725
-979,-1317,-3719
-982,-1314,-3725
-982,-1315,-3729
-980,-1320,-3740
-976,-1326,-3746
-972,-1327,-3746
-982,-1327,-3745
-982,-1325,-3740
-991,-1316,-3717
-1001,-1335,-3760
-1002,-1334,-3763
-1005,-1345,-3769
-1011,-1351,-3776
-1013,-1349,-3765
-1007,-1346,-3736
-1002,-1332,-3721
-991,-1332,-3714
-985,-1343,-3742
-979,-1351,-3752
-985,-1349,-3747
-989,-1344,-3732
-993,-1325,-3703
-995,-1316,-3679
-988,-1311,-3674
-981,-1311,-3679
-967,-1308,-3697
-953,-1311,-3704
-949,-1342,-3763
-943,-1342,-3783
-951,-1333,-3779
-975,-1325,-3775
-994,-1334,-3792
-1011,-1340,-3797
-1021,-1352,-3808
-1014,-1366,-3802
-1001,-1401,-3794
-974,-1446,-3787
-948,-1497,-3773
-927,-1542,-3748
-916,-1573,-3713
-910,-1596,-3675
-911,-1612,-3633
-920,-1620,-3599
-931,-1622,-3583
-935,-1624,-3582
-936,-1632,-3590
-933,-1632,-3601
-931,-1621,-3611
-931,-1603,-3621
-931,-1590,-3645
-928,-1579,-3660
-922,-1561,-3663
-915,-1542,-3667
-910,-1525,-3664
-904,-1516,-3677
-902,-1508,-3695
-899,-1509,-3712
-901,-1505,-3723
-903,-1499,-3720
-911,-1478,-3709
-914,-1457,-3704
-917,-1449,-3717
-923,-1451,-3742
-915,-1452,-3748
-908,-1466,-3753
-899,-1486,-3745
-892,-1504,-3723
-883,-1521,-3702
-878,-1534,-3692
-873,-1545,-3691
-875,-1562,-3704
-875,-1572,-3705
-883,-1565,-3699
-891,-1545,-3699
-895,-1540,-3719
-895,-1545,-3736
-891,-1554,-3740
-882,-1564,-3741
-874,-1576,-3737
-869,-1591,-3727
-863,-1604,-3720
-861,-1604,-3708
-864,-1604,-3713
-860,-1594,-3707
-852,-1588,-3710
-848,-1592,-3722
-839,-1602,-3729
-827,-1611,-3725
-818,-1632,-3718
-802,-1659,-3703
-789,-1685,-3681
-782,-1704,-3661
-773,-1724,-3648
-760,-1730,-3631
-754,-1724,-3635
-752,-1721,-3654
-755,-1701,-3666
-761,-1679,-3674
-758,-1648,-3671
-755,-1619,-3673
-743,-1587,-3666
-729,-1565,-3676
-710,-1558,-3686
-679,-1561,-3704
-658,-1563,-3727
-635,-1592,-3769
-620,-1617,-3796
-608,-1631,-3781
-608,-1633,-3770
-610,-1640,-3768
-610,-1653,-3776
-608,-1660,-3758
-599,-1675,-3750
-586,-1689,-3736
-568,-1694,-3713
-541,-1687,-3707
-521,-1669,-3721
-502,-1637,-3743
-489,-1589,-3758
-474,-1543,-3770
-456,-1514,-3792
-428,-1494,-3804
-394,-1494,-3833
-362,-1502,-3844
-335,-1494,-3824
-308,-1478,-3781
-282,-1454,-3741
-243,-1428,-3681
-207,-1402,-3685
-162,-1396,-3709
-118,-1390,-3714
-87,-1358,-3693
-64,-1310,-3673
-41,-1252,-3639
-23,-1181,-3624
10,-1185,-3768
46,-1220,-3892
85,-1243,-3946
111,-1216,-3857
121,-1190,-3884
128,-1188,-3927
128,-1189,-3941
129,-1208,-3948
111,-1190,-3872
123,-1251,-3946
161,-1332,-3960
203,-1373,-3910
231,-1371,-3832
229,-1330,-3770
240,-1310,-3759
265,-1315,-3761
317,-1367,-3822
361,-1358,-3800
420,-1351,-3828
468,-1327,-3844
495,-1304,-3868
495,-1277,-3883
485,-1254,-3887
476,-1234,-3893
477,-1195,-3851
454,-1101,-3798
493,-1125,-3910
519,-1182,-3981
502,-1239,-4030
469,-1301,-4017
426,-1360,-3990
419,-1403,-3945
433,-1402,-3789
480,-1417,-3821
587,-1467,-3850
643,-1464,-3846
661,-1425,-3827
648,-1365,-3810
633,-1302,-3821
613,-1249,-3819
598,-1139,-3639
611,-1103,-3797
723,-1144,-3849
702,-1178,-3866
612,-1197,-3875
583,-1282,-3921
566,-1378,-3929
560,-1435,-3899
557,-1449,-3823
579,-1445,-3805
635,-1421,-3811
693,-1376,-3810
721,-1333,-3812
719,-1294,-3816
709,-1268,-3830
703,-1243,-3786
719,-1251,-3813
743,-1277,-3825
743,-1283,-3827
716,-1243,-3911
668,-1067,-3909
715,-1099,-3855
780,-1175,-3777
815,-1214,-3661
846,-1248,-3656
895,-1305,-3703
918,-1342,-3757
906,-1312,-3767
887,-1278,-3741
887,-1205,-3634
905,-1188,-3712
943,-1254,-3758
918,-1284,-3765
866,-1234,-3783
882,-1261,-3807
896,-1305,-3808
901,-1234,-3716
913,-1246,-3782
933,-1295,-3773
934,-1237,-3713
948,-1238,-3757
967,-1239,-3737
977,-1239,-3786
968,-1232,-3807
952,-1224,-3811
942,-1226,-3825
957,-1252,-3826
989,-1278,-3810
1031,-1332,-3795
1077,-1392,-3791
1114,-1437,-3819
1126,-1463,-3813
1136,-1525,-3848
1145,-1580,-3893
1146,-1609,-3934
1143,-1627,-3979
1147,-1629,-4015
1154,-1616,-4010
1170,-1609,-4023
1204,-1608,-4005
1239,-1604,-3990
1262,-1596,-3971
1275,-1580,-3959
1281,-1558,-3954
1291,-1556,-3966
1269,-1543,-3981
1215,-1491,-3991
1158,-1439,-4005
1110,-1388,-4028
1067,-1330,-4042
1027,-1272,-4033
973,-1230,-4014
914,-1225,-4010
864,-1239,-4000
830,-1289,-4028
790,-1391,-4081
705,-1488,-4113
595,-1570,-4145
503,-1655,-4180
432,-1757,-4220
386,-1861,-4277
356,-1959,-4338
333,-2035,-4401
311,-2074,-4460
280,-2078,-4512
233,-2057,-4559
169,-2016,-4613
99,-1961,-4674
27,-1903,-4728
-50,-1855,-4773
-114,-1823,-4805
-175,-1801,-4820
-225,-1784,-4823
-277,-1778,-4831
-321,-1780,-4838
-349,-1797,-4851
-365,-1824,-4863
-354,-1848,-4874
-332,-1864,-4877
-301,-1877,-4887
-265,-1901,-4909
-221,-1909,-4933
-177,-1900,-4965
-135,-1883,-5009
-90,-1864,-5054
-40,-1846,-5105
19,-1848,-5136
83,-1875,-5135
130,-1878,-5124
155,-1858,-5109
172,-1823,-5071
182,-1773,-5010
188,-1709,-4931
176,-1638,-4852
158,-1559,-4768
139,-1471,-4683
107,-1374,-4596
72,-1281,-4520
36,-1181,-4448
-3,-1090,-4389
-33,-1006,-4337
-64,-931,-4298
-91,-864,-4260
-110,-797,-4226
-129,-730,-4182
-151,-674,-4144
-169,-615,-4105
-184,-569,-4069
-195,-532,-4038
-205,-510,-4005
-213,-489,-3963
-221,-475,-3920
-235,-470,-3885
-254,-469,-3859
-277,-471,-3852
-300,-475,-3848
-318,-485,-3852
-331,-503,-3861
-343,-524,-3868
-353,-542,-3862
-358,-560,-3857
-370,-572,-3839
-382,-571,-3795
-400,-567,-3744
-430,-554,-3696
-459,-543,-3659
-486,-545,-3626
-512,-543,-3592
-541,-541,-3568
-570,-533,-3553
-584,-526,-3551
-606,-521,-3565
-615,-520,-3576
-615,-521,-3597
-602,-526,-3625
-587,-551,-3691
-554,-602,-3773
-496,-674,-3850
-416,-754,-3926
-331,-833,-3996
-241,-916,-4046
-153,-987,-4076
-74,-1050,-4102
-12,-1109,-4111
41,-1153,-4102
85,-1180,-4072
109,-1187,-4026
117,-1175,-3984
115,-1144,-3933
94,-1103,-3889
77,-1057,-3860
56,-1009,-3840
35,-951,-3818
20,-890,-3803
1,-832,-3790
-21,-753,-3752
-45,-665,-3696
-74,-567,-3623
-109,-465,-3546
-139,-374,-3478
-162,-289,-3418
-174,-211,-3362
-181,-150,-3320
-180,-103,-3290
-165,-59,-3265
-155,-15,-3236
-157,33,-3218
-161,92,-3213
-171,152,-3221
-179,209,-3220
-179,259,-3213
-172,297,-3215
-156,322,-3221
-136,346,-3232
-115,371,-3264
-97,403,-3315
-78,423,-3378
-51,423,-3448
-2,396,-3525
75,352,-3604
177,297,-3705
289,216,-3855
407,113,-4027
536,-2,-4196
660,-132,-4346
776,-259,-4462
873,-386,-4548
939,-501,-4603
973,-607,-4623
983,-694,-4585
957,-758,-4478
897,-800,-4305
816,-817,-4093
731,-812,-3841
649,-795,-3589
577,-784,-3364
526,-776,-3176
496,-788,-3027
488,-808,-2918
489,-831,-2851
481,-848,-2831
467,-846,-2852
436,-830,-2903
372,-779,-2985
252,-702,-3096
82,-607,-3243
-129,-526,-3408
-363,-468,-3574
-617,-417,-3755
-871,-384,-3966
-1103,-375,-4175
-1298,-405,-4343
-1470,-483,-4468
-1616,-613,-4536
-1742,-772,-4536
-1850,-941,-4475
-1945,-1109,-4371
-2022,-1263,-4246
-2074,-1397,-4094
-2102,-1505,-3925
-2102,-1587,-3755
-2060,-1656,-3591
-1981,-1717,-3462
-1862,-1776,-3366
-1713,-1825,-3298
-1544,-1848,-3245
-1383,-1861,-3223
-1244,-1868,-3231
-1131,-1865,-3263
-1055,-1839,-3300
-1027,-1794,-3354
-1045,-1729,-3417
-1097,-1647,-3482
-1160,-1557,-3524
-1235,-1478,-3562
-1304,-1411,-3590
-1364,-1359,-3604
-1412,-1323,-3606
-1444,-1306,-3619
-1457,-1306,-3639
-1454,-1328,-3650
-1453,-1367,-3650
-1454,-1414,-3650
-1460,-1462,-3634
-1472,-1513,-3628
-1488,-1561,-3622
-1502,-1597,-3608
-1520,-1639,-3583
-1533,-1679,-3548
-1547,-1692,-3488
-1564,-1699,-3440
-1580,-1705,-3412
-1584,-1709,-3400
-1583,-1724,-3401
-1577,-1730,-3406
-1564,-1733,-3413
-1550,-1729,-3420
-1536,-1720,-3428
-1527,-1701,-3441
-1512,-1682,-3461
-1497,-1662,-3480
-1480,-1626,-3490
-1473,-1592,-3500
-1470,-1568,-3502
-1467,-1547,-3507
-1472,-1520,-3508
-1466,-1515,-3522
-1460,-1497,-3522
-1453,-1479,-3522
-1446,-1468,-3525
-1434,-1469,-3542
-1419,-1474,-3551
-1403,-1479,-3555
-1389,-1483,-3552
-1379,-1483,-3554
-1373,-1490,-3547
-1368,-1507,-3529
-1359,-1518,-3504
-1369,-1542,-3505
-1379,-1558,-3494
-1394,-1578,-3475
-1420,-1600,-3479
-1439,-1606,-3463
-1448,-1618,-3450
-1448,-1637,-3442
-1426,-1642,-3415
-1432,-1648,-3428
-1422,-1657,-3425
-1419,-1663,-3423
-1420,-1664,-3446
-1416,-1655,-3465
-1397,-1627,-3468
-1399,-1616,-3503
-1398,-1579,-3523
-1390,-1550,-3534
-1364,-1534,-3552
-1361,-1517,-3567
-1363,-1472,-3555
-1362,-1459,-3559
-1377,-1459,-3588
-1375,-1459,-3589
-1376,-1469,-3663
-1361,-1450,-3581
-1356,-1502,-3571
-1352,-1545,-3659
-1339,-1509,-3523
-1342,-1554,-3471
-1377,-1631,-3545
-1409,-1650,-3536
-1428,-1680,-3432
-1455,-1769,-3415
-1470,-1823,-3378
-1472,-1824,-3306
-1456,-1869,-3435
-1411,-1861,-3351
-1386,-1885,-3302
-1383,-1896,-3298
-1382,-1877,-3303
-1386,-1851,-3306
-1388,-1842,-3357
-1389,-1814,-3397
-1380,-1790,-3433
-1357,-1761,-3441
-1329,-1740,-3436
-1293,-1705,-3432
-1265,-1673,-3438
-1255,-1657,-3468
-1264,-1667,-3615
-1265,-1590,-3534
-1242,-1576,-3426
-1253,-1578,-3436
-1263,-1615,-3623
-1270,-1566,-3471
-1291,-1639,-3431
-1350,-1680,-3515
-1404,-1688,-3655
-1442,-1619,-3571
-1461,-1649,-3541
-1497,-1711,-3574
-1520,-1715,-3441
-1525,-1710,-3590
-1488,-1651,-3535
-1432,-1715,-3486
-1426,-1807,-3539
-1423,-1858,-3524
-1414,-1881,-3438
-1419,-1898,-3375
-1424,-1895,-3359
-1417,-1916,-3385
-1403,-1936,-3404
-1398,-1937,-3416
-1389,-1926,-3432
-1377,-1912,-3451
-1362,-1892,-3457
-1353,-1872,-3455
-1340,-1847,-3453
-1329,-1819,-3453
-1320,-1785,-3454
-1308,-1754,-3454
-1292,-1732,-3469
-1284,-1700,-3494
-1284,-1681,-3523
-1260,-1703,-3532
-1226,-1695,-3527
-1176,-1686,-3401
-1118,-1641,-3681
-1033,-1522,-3521
-991,-1612,-3695
-974,-1650,-3717
-999,-1672,-3701
-1056,-1673,-3755
-1116,-1686,-3569
-1182,-1781,-3646
-1277,-1809,-3705
-1336,-1884,-3737
-1378,-1982,-3783
-1394,-2062,-3805
-1374,-2103,-3752
-1311,-2134,-3657
-1233,-2173,-3593
-1135,-2226,-3549
-1049,-2270,-3516
-970,-2309,-3491
-903,-2339,-3497
-851,-2343,-3492
-810,-2310,-3463
-780,-2250,-3439
-766,-2176,-3431
-772,-2102,-3439
-787,-2035,-3481
-796,-1981,-3520
-783,-1938,-3552
-758,-1889,-3554
-725,-1840,-3549
-689,-1782,-3531
-651,-1720,-3511
-616,-1660,-3496
-583,-1611,-3485
-546,-1560,-3475
-511,-1526,-3490
-467,-1509,-3519
-416,-1519,-3562
-363,-1539,-3608
-309,-1556,-3657
-255,-1562,-3632
-188,-1586,-3605
-144,-1575,-3703
-127,-1587,-3834
-112,-1655,-3945
-108,-1687,-3973
-95,-1697,-3942
-70,-1679,-3733
-17,-1684,-3669
8,-1651,-3686
15,-1648,-3799
10,-1637,-3853
24,-1628,-3746
39,-1578,-3711
48,-1542,-3767
48,-1569,-3919
53,-1590,-4002
84,-1585,-3868
140,-1564,-3861
156,-1518,-3891
193,-1583,-3988
223,-1642,-4097
234,-1606,-4033
289,-1602,-3947
337,-1579,-3946
368,-1601,-4053
413,-1668,-4188
463,-1705,-4254
517,-1699,-4237
550,-1615,-4095
625,-1564,-3944
703,-1523,-3914
728,-1506,-4081
726,-1483,-4192
764,-1464,-4126
847,-1414,-4052
880,-1283,-4020
885,-1181,-4046
886,-1113,-4108
888,-1042,-4157
883,-962,-4194
865,-902,-4226
837,-858,-4255
810,-849,-4292
788,-867,-4324
774,-900,-4322
768,-956,-4317
770,-1035,-4319
779,-1131,-4326
792,-1231,-4319
813,-1324,-4302
831,-1403,-4289
844,-1456,-4267
841,-1503,-4257
827,-1533,-4252
805,-1540,-4231
773,-1517,-4192
731,-1477,-4145
680,-1410,-4096
617,-1328,-4047
550,-1241,-4001
478,-1154,-3965
407,-1074,-3944
350,-1005,-3920
298,-935,-3900
260,-875,-3892
225,-820,-3899
202,-774,-3917
188,-743,-3928
170,-723,-3940
157,-717,-3965
133,-708,-3996
107,-694,-4013
83,-716,-4070
45,-712,-4098
16,-697,-4089
-12,-695,-4100
-42,-706,-4102
-63,-707,-4061
-69,-709,-3987
-70,-707,-3907
-79,-698,-3825
-99,-682,-3762
-130,-674,-3747
-162,-674,-3776
-192,-701,-3833
-217,-751,-3894
-247,-820,-3932
-284,-906,-3971
-334,-1004,-4026
-386,-1110,-4090
-443,-1212,-4146
-495,-1302,-4204
-550,-1386,-4264
-595,-1455,-4316
-637,-1501,-4351
-674,-1525,-4367
-711,-1532,-4390
-744,-1521,-4410
-776,-1499,-4418
-807,-1462,-4433
-839,-1420,-4447
-863,-1370,-4456
-887,-1316,-4461
-906,-1256,-4473
-925,-1200,-4481
-949,-1149,-4490
-966,-1105,-4493
-982,-1072,-4491
-999,-1049,-4490
-1012,-1042,-4485
-1018,-1044,-4468
-1013,-1049,-4450
-1009,-1058,-4433
-1000,-1066,-4410
-984,-1068,-4390
-961,-1058,-4380
-938,-1038,-4368
-910,-1014,-4362
-879,-974,-4358
-851,-929,-4358
-825,-888,-4349
-802,-847,-4339
-785,-805,-4327
-766,-767,-4318
-746,-736,-4303
-730,-708,-4283
-714,-678,-4260
-703,-649,-4234
-693,-622,-4203
-686,-598,-4172
-682,-569,-4146
-680,-540,-4127
-678,-511,-4114
-676,-485,-4109
-679,-467,-4100
-682,-449,-4092
-678,-431,-4089
-669,-410,-4087
-659,-398,-4090
-650,-384,-4094
-635,-376,-4101
-619,-365,-4105
-601,-357,-4118
-578,-360,-4131
-547,-385,-4140
-499,-417,-4135
-446,-446,-4116
-392,-466,-4094
-344,-473,-4052
-306,-467,-4009
-274,-453,-3961
-251,-424,-3902
-233,-380,-3840
-224,-329,-3772
-216,-272,-3704
-213,-200,-3634
-207,-129,-3559
-205,-57,-3477
-204,21,-3399
-200,96,-3328
-188,176,-3275
-173,239,-3240
-142,287,-3232
-99,312,-3242
-42,311,-3271
26,293,-3295
101,259,-3314
171,216,-3336
241,154,-3365
305,82,-3395
362,0,-3422
405,-84,-3422
435,-155,-3401
444,-204,-3373
443,-235,-3339
424,-249,-3309
396,-246,-3284
366,-224,-3261
328,-193,-3246
286,-157,-3253
251,-130,-3277
229,-112,-3313
218,-108,-3361
225,-107,-3406
245,-107,-3443
264,-108,-3479
289,-119,-3524
317,-140,-3573
340,-173,-3624
358,-212,-3671
379,-257,-3710
383,-299,-3744
386,-332,-3768
375,-362,-3774
353,-389,-3778
324,-402,-3774
294,-402,-3769
261,-407,-3759
231,-417,-3758
212,-446,-3753
205,-492,-3754
197,-539,-3741
179,-559,-3740
156,-573,-3742
135,-593,-3731
129,-632,-3708
141,-705,-3685
165,-813,-3651
187,-949,-3555
194,-1046,-3444
178,-1104,-3419
126,-1177,-3480
55,-1272,-3563
-73,-1336,-3655
-230,-1385,-3821
-375,-1444,-4039
-466,-1506,-4218
-539,-1556,-4335
-628,-1582,-4376
-751,-1600,-4411
-913,-1622,-4451
-1094,-1636,-4504
-1281,-1632,-4602
-1459,-1615,-4759
-1589,-1611,-4912
-1665,-1641,-4993
-1691,-1711,-4969
-1674,-1822,-4858
-1619,-1957,-4696
-1544,-2075,-4516
-1454,-2166,-4311
-1347,-2229,-4077
-1237,-2268,-3841
-1120,-2295,-3627
-998,-2314,-3436
-879,-2322,-3285
-774,-2320,-3176
-690,-2307,-3105
-634,-2293,-3064
-608,-2268,-3067
-613,-2230,-3113
-647,-2176,-3183
-695,-2099,-3253
-747,-2005,-3328
-802,-1911,-3393
-848,-1822,-3449
-881,-1752,-3504
-902,-1697,-3547
-904,-1656,-3573
-892,-1633,-3580
-868,-1631,-3571
-842,-1636,-3543
-822,-1638,-3511
-811,-1648,-3472
-809,-1653,-3434
-809,-1669,-3396
-812,-1685,-3365
-811,-1694,-3333
-812,-1712,-3315
-816,-1734,-3308
-819,-1761,-3307
-818,-1781,-3310
-825,-1800,-3313
-837,-1821,-3315
-853,-1835,-3319
-870,-1842,-3326
-890,-1855,-3336
-907,-1871,-3342
-917,-1885,-3348
-930,-1905,-3357
-939,-1927,-3363
-939,-1958,-3367
-942,-1997,-3377
-945,-2030,-3386
-948,-2063,-3407
-960,-2094,-3427
-975,-2121,-3443
-994,-2146,-3453
-1012,-2163,-3458
-1028,-2179,-3455
-1034,-2195,-3445
-1040,-2200,-3435
-1048,-2203,-3422
-1061,-2203,-3418
-1077,-2196,-3420
-1090,-2180,-3433
-1100,-2170,-3450
-1105,-2167,-3463
-1106,-2172,-3482
-1101,-2179,-3495
-1097,-2190,-3492
-1096,-2200,-3489
-1093,-2211,-3484
-1098,-2226,-3476
-1098,-2244,-3460
-1099,-2256,-3441
-1100,-2252,-3415
-1105,-2250,-3373
-1116,-2238,-3338
-1124,-2223,-3316
-1132,-2207,-3307
-1136,-2202,-3306
-1131,-2193,-3311
-1121,-2185,-3310
-1111,-2178,-3311
-1100,-2176,-3312
-1090,-2172,-3308
-1079,-2160,-3293
-1071,-2147,-3286
-1066,-2132,-3288
-1063,-2117,-3276
-1058,-2104,-3271
-1054,-2090,-3264
-1052,-2083,-3266
-1045,-2080,-3270
-1038,-2087,-3274
-1022,-2100,-3268
-1007,-2117,-3253
-1001,-2130,-3237
-994,-2142,-3231
-992,-2158,-3221
-987,-2183,-3213
-981,-2214,-3202
-977,-2240,-3188
-981,-2250,-3173
-995,-2250,-3161
-1009,-2243,-3158
-1028,-2233,-3162
-1043,-2219,-3178
-1048,-2211,-3208
-1043,-2211,-3238
-1033,-2213,-3264
-1014,-2211,-3283
-1001,-2215,-3293
-995,-2211,-3293
-990,-2208,-3281
-993,-2202,-3281
-995,-2201,-3273
-993,-2208,-3265
-993,-2215,-3254
-994,-2228,-3241
-998,-2234,-3232
-993,-2238,-3221
-993,-2242,-3210
-995,-2245,-3203
-995,-2251,-3206
-995,-2264,-3209
-989,-2276,-3204
-979,-2287,-3187
-983,-2288,-3173
-984,-2284,-3157
-983,-2286,-3140
-987,-2292,-3131
-989,-2299,-3120
-990,-2312,-3110
-995,-2324,-3111
-1000,-2346,-3124
-1002,-2374,-3134
-1002,-2403,-3146
-1001,-2424,-3152
-1000,-2433,-3155
-1008,-2433,-3151
-1022,-2419,-3149
-1037,-2406,-3146
-1052,-2388,-3140
-1064,-2367,-3138
-1068,-2345,-3135
-1064,-2330,-3125
-1057,-2318,-3123
-1046,-2316,-3129
-1033,-2326,-3136
-1024,-2342,-3151
-1013,-2360,-3164
-1015,-2373,-3173
-1015,-2380,-3184
-1015,-2396,-3196
-1016,-2425,-3205
-1018,-2442,-3206
-1020,-2457,-3199
-1030,-2464,-3189
-1041,-2454,-3173
-1054,-2437,-3156
-1068,-2423,-3144
-1073,-2418,-3145
-1080,-2416,-3145
-1086,-2411,-3148
-1089,-2398,-3147
-1090,-2381,-3142
-1092,-2365,-3139
-1095,-2343,-3136
-1106,-2314,-3139
-1111,-2286,-3148
-1118,-2265,-3177
-1124,-2263,-3207
-1119,-2278,-3236
-1120,-2289,-3253
-1125,-2294,-3252
-1130,-2308,-3248
-1144,-2324,-3239
-1159,-2353,-3236
-1170,-2392,-3240
-1178,-2434,-3242
-1183,-2473,-3243
-1189,-2499,-3243
-1196,-2520,-3247
-1200,-2535,-3230
-1209,-2545,-3217
-1210,-2558,-3200
-1217,-2558,-3163
-1227,-2543,-3130
-1239,-2531,-3104
-1253,-2522,-3086
-1265,-2521,-3085
-1272,-2520,-3104
-1277,-2521,-3129
-1267,-2505,-3137
-1245,-2492,-3139
-1219,-2477,-3144
-1192,-2457,-3140
-1164,-2425,-3131
-1146,-2397,-3135
-1135,-2370,-3154
-1133,-2345,-3182
-1136,-2324,-3221
-1141,-2313,-3251
-1141,-2299,-3260
-1146,-2278,-3279
-1136,-2243,-3281
-1121,-2216,-3269
-1124,-2219,-3308
-1117,-2212,-3357
-1098,-2195,-3371
-1090,-2176,-3401
-1081,-2175,-3429
-1076,-2194,-3447
-1076,-2207,-3448
-1075,-2229,-3424
-1063,-2255,-3376
-1045,-2256,-3290
-1031,-2274,-3258
-1018,-2330,-3253
-996,-2389,-3234
-975,-2445,-3210
-950,-2513,-3196
-926,-2594,-3176
-906,-2664,-3151
-885,-2731,-3147
-867,-2790,-3172
-856,-2836,-3204
-836,-2862,-3224
-813,-2882,-3213
-795,-2891,-3201
-785,-2890,-3184
-777,-2880,-3175
-774,-2852,-3160
-773,-2824,-3150
-769,-2785,-3130
-777,-2761,-3136
-781,-2751,-3155
-793,-2767,-3184
-786,-2787,-3224
-770,-2792,-3245
-724,-2794,-3245
-668,-2800,-3250
-606,-2810,-3270
-547,-2795,-3290
-500,-2753,-3310
-469,-2685,-3323
-446,-2603,-3334
-438,-2515,-3350
-425,-2442,-3393
-411,-2379,-3434
-403,-2321,-3474
-388,-2271,-3517
-371,-2217,-3554
-348,-2165,-3563
-316,-2117,-3567
-282,-2083,-3570
-241,-2056,-3564
-193,-2044,-3574
-150,-2040,-3586
-108,-2046,-3608
-71,-2046,-3611
-33,-2044,-3604
-10,-2033,-3611
13,-2022,-3605
48,-2029,-3653
81,-2038,-3697
112,-2033,-3734
141,-2038,-3794
170,-2041,-3834
204,-2046,-3866
240,-2051,-3898
283,-2053,-3927
325,-2056,-3962
366,-2039,-3977
391,-1995,-3969
410,-1948,-3971
413,-1893,-3984
405,-1825,-3994
392,-1751,-3998
374,-1671,-4004
362,-1597,-4022
347,-1523,-4040
330,-1454,-4059
309,-1394,-4073
299,-1337,-4085
300,-1298,-4087
312,-1270,-4073
332,-1258,-4057
357,-1256,-4040
383,-1265,-4025
420,-1285,-4007
464,-1305,-3976
505,-1334,-3949
548,-1371,-3918
588,-1415,-3889
621,-1451,-3858
639,-1485,-3836
641,-1515,-3809
637,-1541,-3780
627,-1555,-3762
597,-1559,-3758
568,-1549,-3762
539,-1538,-3771
521,-1528,-3785
515,-1529,-3814
525,-1540,-3850
553,-1562,-3894
598,-1587,-3930
651,-1621,-3967
712,-1665,-4011
777,-1715,-4049
850,-1761,-4067
921,-1797,-4060
982,-1821,-4036
1028,-1827,-3997
1050,-1808,-3951
1052,-1769,-3898
1026,-1711,-3837
978,-1640,-3771
914,-1571,-3718
841,-1513,-3672
766,-1470,-3631
696,-1438,-3601
621,-1414,-3566
546,-1389,-3527
479,-1372,-3482
414,-1369,-3456
352,-1380,-3473
302,-1427,-3524
255,-1489,-3591
218,-1539,-3668
177,-1579,-3762
139,-1596,-3865
107,-1606,-3974
84,-1606,-4077
76,-1601,-4173
72,-1603,-4245
83,-1601,-4285
87,-1607,-4304
80,-1621,-4315
77,-1645,-4309
65,-1680,-4288
45,-1725,-4253
12,-1761,-4206
-35,-1795,-4167
-91,-1831,-4135
-142,-1874,-4120
-201,-1907,-4107
-249,-1932,-4098
-293,-1944,-4108
-331,-1945,-4121
-357,-1927,-4130
-371,-1897,-4126
-385,-1860,-4126
-397,-1817,-4128
-402,-1769,-4121
-403,-1703,-4106
-409,-1623,-4086
-422,-1544,-4061
-437,-1456,-4032
-464,-1367,-4006
-495,-1266,-3989
-526,-1169,-3986
-554,-1087,-4000
-569,-1008,-4023
-568,-940,-4057
-564,-877,-4088
-550,-812,-4117
-529,-753,-4132
-502,-699,-4134
-470,-657,-4114
-445,-612,-4079
-431,-569,-4035
-422,-536,-4002
-412,-522,-3977
-399,-514,-3943
-386,-504,-3903
-373,-494,-3868
-360,-482,-3839
-348,-466,-3822
-333,-450,-3820
-316,-433,-3839
-298,-413,-3868
-275,-396,-3906
-245,-388,-3949
-210,-383,-3986
-168,-381,-4017
-123,-382,-4036
-79,-383,-4048
-36,-378,-4048
1,-363,-4040
30,-339,-4022
53,-301,-3996
63,-256,-3961
75,-210,-3917
79,-161,-3865
76,-111,-3809
71,-62,-3750
60,-18,-3685
53,24,-3624
38,74,-3559
23,120,-3502
9,167,-3441
-8,220,-3385
-23,269,-3321
-43,307,-3265
-57,341,-3210
-76,367,-3174
-89,380,-3154
-92,380,-3140
-98,372,-3139
-90,361,-3151
-82,341,-3181
-64,303,-3222
-40,255,-3264
-10,203,-3308
25,145,-3363
65,77,-3426
104,7,-3492
151,-66,-3558
199,-120,-3610
244,-168,-3635
269,-198,-3630
280,-210,-3605
280,-214,-3582
271,-206,-3558
259,-188,-3538
249,-170,-3529
247,-155,-3530
250,-145,-3546
260,-146,-3570
278,-154,-3596
298,-159,-3627
321,-170,-3659
351,-191,-3707
377,-221,-3785
412,-263,-3886
447,-299,-3987
478,-321,-4092
515,-343,-4190
549,-387,-4286
578,-437,-4376
607,-487,-4481
627,-531,-4599
637,-561,-4740
641,-585,-4906
646,-614,-5094
677,-637,-5269
721,-668,-5417
732,-680,-5506
708,-637,-5491
617,-534,-5386
496,-381,-5144
332,-232,-4877
154,-111,-4627
-29,-12,-4424
-215,66,-4271
-374,117,-4171
-491,120,-4114
-565,64,-4095
-591,-39,-4098
-579,-180,-4095
-544,-331,-4078
-500,-486,-4048
-458,-636,-4006
-427,-776,-3958
-420,-904,-3909
-424,-1020,-3873
-436,-1139,-3852
-453,-1250,-3827
-476,-1357,-3802
-497,-1463,-3754
-522,-1564,-3695
-551,-1658,-3640
-579,-1744,-3592
-599,-1827,-3549
-617,-1891,-3487
-641,-1931,-3424
-672,-1954,-3364
-710,-1970,-3314
-741,-1965,-3269
-777,-1927,-3238
-796,-1863,-3225
-806,-1783,-3228
-801,-1694,-3240
-788,-1594,-3267
-779,-1515,-3320
-761,-1430,-3401
-747,-1372,-3504
-720,-1322,-3576
-702,-1282,-3640
-688,-1211,-3699
-687,-1115,-3782
-683,-1060,-3908
-683,-1051,-4042
-704,-1026,-4170
-754,-904,-4255
-834,-700,-4304
-934,-456,-4331
-1024,-226,-4355
-1075,-46,-4377
-1096,81,-4397
-1081,185,-4418
-1057,271,-4457
-1023,343,-4510
-981,397,-4563
-929,419,-4596
-877,401,-4604
-807,341,-4588
-741,244,-4550
-688,128,-4493
-647,8,-4416
-628,-126,-4326
-620,-267,-4236
-622,-403,-4156
-625,-543,-4070
-634,-666,-3971
-644,-775,-3877
-653,-869,-3797
-659,-937,-3732
-647,-1000,-3676
-620,-1048,-3628
-593,-1090,-3602
-561,-1115,-3588
-520,-1130,-3586
-481,-1139,-3598
-447,-1137,-3612
-416,-1122,-3647
-391,-1105,-3691
-374,-1086,-3745
-367,-1049,-3797
-373,-997,-3837
-382,-934,-3866
-400,-870,-3889
-422,-800,-3899
-436,-736,-3917
-442,-686,-3940
-437,-642,-3964
-433,-610,-3979
-420,-598,-3992
-408,-587,-4013
-397,-584,-4044
-395,-593,-4072
-401,-604,-4093
-412,-624,-4102
-424,-640,-4102
-445,-650,-4091
-465,-660,-4068
-488,-666,-4036
-502,-676,-3995
-513,-680,-3954
-521,-691,-3926
-523,-707,-3906
-512,-729,-3895
-500,-759,-3884
-486,-785,-3873
-473,-807,-3868
-471,-833,-3867
-471,-851,-3859
-475,-859,-3856
-479,-866,-3857
-486,-873,-3862
-491,-882,-3864
-496,-886,-3867
-497,-895,-3873
-494,-901,-3875
-489,-904,-3876
-483,-912,-3875
-482,-912,-3875
-483,-918,-3887
-482,-923,-3900
-475,-922,-3906
-468,-926,-3913
-458,-933,-3913
-448,-929,-3898
-441,-917,-3873
-436,-899,-3855
-431,-875,-3847
-419,-855,-3847
-399,-837,-3849
-377,-825,-3868
-355,-815,-3895
-342,-798,-3919
-340,-776,-3950
-340,-756,-3985
-348,-745,-4016
-362,-735,-4047
-382,-739,-4061
-401,-747,-4068
-411,-761,-4063
-424,-773,-4063
-433,-782,-4060
-442,-788,-4068
-450,-793,-4089
-461,-792,-4099
-464,-796,-4106
-467,-799,-4103
-464,-804,-4098
-462,-811,-4092
-458,-814,-4091
-440,-814,-4086
-425,-812,-4076
-405,-792,-4059
-387,-773,-4050
-374,-753,-4035
-352,-741,-4025
-336,-735,-4020
-330,-724,-4007
-331,-706,-3986
-338,-689,-3973
-348,-658,-3970
-358,-614,-3958
-366,-548,-3934
-379,-483,-3912
-387,-426,-3915
-374,-373,-3927
-343,-332,-3948
-295,-307,-3978
-240,-293,-4012
-182,-293,-4043
-123,-294,-4066
-78,-287,-4081
-39,-278,-4116
-9,-293,-4194
29,-350,-4294
84,-443,-4408
144,-546,-4488
207,-644,-4506
273,-718,-4468
335,-775,-4399
382,-822,-4348
419,-877,-4324
455,-947,-4332
490,-1031,-4361
519,-1106,-4375
540,-1179,-4379
549,-1240,-4367
550,-1294,-4342
549,-1340,-4300
532,-1355,-4226
504,-1335,-4134
471,-1305,-4042
446,-1267,-3965
430,-1233,-3925
425,-1215,-3930
445,-1209,-3959
477,-1211,-4013
515,-1209,-4079
574,-1201,-4113
644,-1179,-4101
717,-1141,-4049
799,-1073,-3937
883,-991,-3814
971,-900,-3690
1068,-808,-3573
1176,-697,-3473
1280,-560,-3386
1380,-393,-3320
1468,-210,-3286
1546,-34,-3309
1622,144,-3376
1700,308,-3466
1774,458,-3558
1842,601,-3653
1884,732,-3727
1894,835,-3773
1888,906,-3795
1857,935,-3836
1824,928,-3850
1796,887,-3829
1775,810,-3822
1780,702,-3783
1805,561,-3727
1847,415,-3658
1905,259,-3587
1987,93,-3518
2087,-106,-3438
2194,-346,-3311
2302,-615,-3190
2398,-860,-3054
2469,-1077,-2961
2505,-1238,-2925
2508,-1348,-2951
2490,-1400,-2980
2462,-1407,-3007
2423,-1356,-3043
2375,-1253,-3086
2326,-1094,-3119
2274,-909,-3152
2232,-714,-3173
2208,-535,-3192
2195,-394,-3213
2197,-296,-3236
2202,-241,-3256
2223,-241,-3299
2261,-263,-3318
2284,-292,-3330
2294,-335,-3354
2297,-379,-3359
2304,-406,-3349
2313,-402,-3342
2333,-369,-3352
2357,-317,-3373
2376,-261,-3407
2399,-206,-3457
2425,-174,-3498
2450,-136,-3517
2464,-100,-3535
2470,-55,-3544
2461,-15,-3560
2438,28,-3579
2408,56,-3599
2386,67,-3607
2367,65,-3594
2360,33,-3586
2360,-9,-3571
2354,-60,-3548
2349,-115,-3522
2345,-171,-3507
2347,-240,-3506
2347,-313,-3501
2341,-364,-3479
2342,-389,-3450
2345,-391,-3419
2349,-372,-3378
2352,-340,-3357
2354,-298,-3344
2348,-262,-3328
2346,-235,-3312
2354,-230,-3288
2369,-250,-3250
2399,-287,-3194
2429,-326,-3121
2453,-363,-3054
2461,-392,-2998
2458,-411,-2944
2448,-426,-2900
2439,-430,-2868
2424,-425,-2841
2418,-424,-2830
2422,-421,-2827
2435,-433,-2826
2449,-460,-2821
2464,-492,-2815
2471,-521,-2795
2475,-552,-2766
2469,-581,-2726
2456,-609,-2682
2436,-637,-2636
2408,-666,-2589
2379,-689,-2545
2349,-707,-2505
2321,-714,-2461
2295,-717,-2429
2277,-729,-2402
2271,-744,-2379
2276,-753,-2356
2283,-761,-2349
2291,-755,-2347
2291,-741,-2346
2288,-723,-2355
2273,-701,-2370
2257,-675,-2394
2239,-650,-2428
2220,-626,-2460
2199,-596,-2492
2185,-562,-2535
2170,-524,-2579
2163,-490,-2622
2158,-463,-2656
2158,-445,-2694
2170,-430,-2724
2184,-427,-2756
2198,-423,-2774
2219,-425,-2794
2245,-422,-2800
2275,-423,-2809
2304,-415,-2824
2336,-405,-2848
2363,-398,-2880
2390,-384,-2917
2424,-374,-2950
2459,-364,-2974
2497,-359,-2995
2533,-353,-3014
2568,-346,-3023
2597,-331,-3020
2622,-314,-3014
2649,-295,-3001
2673,-278,-2987
2692,-269,-2970
2712,-266,-2961
2732,-268,-2969
2748,-278,-2991
2770,-280,-3015
2791,-277,-3041
2816,-278,-3064
2843,-272,-3087
2866,-263,-3118
2891,-249,-3155
2909,-219,-3205
2927,-188,-3255
2944,-156,-3306
2959,-121,-3353
2975,-91,-3399
2989,-63,-3436
3003,-41,-3453
3014,-30,-3454
3027,-32,-3436
3035,-40,-3412
3045,-56,-3386
3056,-76,-3356
3068,-99,-3328
3081,-119,-3302
3089,-140,-3284
3108,-159,-3272
3126,-171,-3252
3154,-185,-3227
3188,-203,-3205
3223,-219,-3173
3261,-237,-3140
3298,-257,-3106
3325,-280,-3082
3357,-296,-3063
3391,-324,-3055
3423,-349,-3047
3458,-374,-3032
3496,-393,-3025
3542,-404,-3026
3589,-411,-3047
3645,-425,-3082
3710,-442,-3126
3781,-462,-3164
3854,-492,-3199
3931,-531,-3217
4012,-568,-3223
4078,-611,-3222
4137,-657,-3211
4187,-702,-3196
4233,-757,-3171
4265,-809,-3142
4295,-857,-3106
4311,-894,-3061
4321,-939,-3011
4327,-974,-2959
4327,-1005,-2896
4320,-1034,-2833
4309,-1052,-2757
4294,-1061,-2684
4278,-1076,-2608
4257,-1093,-2549
4231,-1107,-2486
4205,-1124,-2428
4172,-1146,-2379
4136,-1165,-2340
4106,-1184,-2295
4066,-1207,-2255
4016,-1231,-2221
3950,-1254,-2180
3887,-1275,-2137
3825,-1294,-2092
3767,-1310,-2045
3704,-1329,-1991
3638,-1341,-1933
3576,-1359,-1874
3520,-1369,-1818
3472,-1383,-1765
3424,-1404,-1724
3381,-1429,-1693
3340,-1449,-1666
3304,-1469,-1639
3272,-1491,-1607
3235,-1517,-1576
3203,-1544,-1539
3171,-1572,-1500
3135,-1598,-1459
3109,-1626,-1431
3079,-1664,-1419
3050,-1703,-1414
3031,-1741,-1413
3013,-1778,-1409
3000,-1812,-1403
2988,-1840,-1388
2974,-1862,-1372
2959,-1888,-1351
2948,-1913,-1326
2932,-1936,-1298
2916,-1964,-1274
2903,-1992,-1260
2892,-2014,-1236
2879,-2028,-1211
2873,-2041,-1186
2866,-2048,-1167
2865,-2057,-1146
2862,-2061,-1133
2859,-2070,-1123
2863,-2085,-1119
2876,-2101,-1123
2895,-2128,-1133
2922,-2153,-1139
2955,-2176,-1149
2991,-2198,-1155
3035,-2230,-1162
3078,-2261,-1165
3123,-2292,-1172
3174,-2329,-1173
3222,-2370,-1175
3275,-2408,-1176
3317,-2440,-1163
3361,-2470,-1153
3397,-2501,-1145
3427,-2525,-1133
3456,-2553,-1112
3476,-2577,-1095
3501,-2607,-1082
3528,-2640,-1072
3558,-2676,-1064
3582,-2714,-1056
3611,-2749,-1052
3633,-2776,-1052
3646,-2797,-1051
3656,-2809,-1045
3657,-2812,-1037
3645,-2799,-1031
3628,-2781,-1018
3605,-2761,-1002
3576,-2736,-987
3542,-2707,-970
3503,-2678,-957
3456,-2640,-943
3403,-2594,-925
3352,-2552,-909
3295,-2509,-888
3238,-2467,-866
3176,-2418,-844
3106,-2380,-821
3045,-2341,-800
2981,-2300,-781
2919,-2260,-760
2858,-2226,-739
2810,-2189,-719
2765,-2164,-704
2725,-2144,-691
2690,-2125,-685
2664,-2120,-677
2648,-2111,-672
2639,-2110,-664
2638,-2111,-657
2643,-2115,-654
2662,-2124,-646
2690,-2139,-639
2725,-2161,-630
2771,-2199,-624
2817,-2243,-625
2857,-2279,-627
2913,-2310,-616
2960,-2354,-629
2989,-2382,-638
3002,-2399,-644
3007,-2414,-659
3010,-2429,-667
3022,-2446,-674
3039,-2471,-678
3056,-2498,-682
3076,-2521,-684
3096,-2544,-689
3119,-2560,-696
3138,-2578,-703
3153,-2592,-714
3170,-2603,-726
3178,-2609,-736
3186,-2605,-739
3190,-2604,-743
3187,-2593,-748
3191,-2589,-752
3189,-2586,-756
3183,-2584,-764
3177,-2578,-771
3174,-2566,-774
3165,-2553,-776
3155,-2537,-782
3147,-2518,-790
3134,-2499,-792
3127,-2482,-801
3123,-2463,-804
3119,-2447,-807
3116,-2435,-811
3107,-2425,-807
3104,-2407,-802
3094,-2399,-800
3084,-2397,-803
3066,-2396,-813
3047,-2398,-831
3021,-2407,-848
2994,-2413,-864
2964,-2423,-877
2928,-2431,-890
2884,-2445,-896
2834,-2456,-904
2772,-2464,-913
2707,-2477,-923
2640,-2489,-937
2574,-2497,-954
2509,-2501,-971
2453,-2502,-993
2402,-2500,-1013
2360,-2499,-1029
2328,-2503,-1045
2299,-2505,-1060
2276,-2506,-1080
2265,-2503,-1098
2254,-2501,-1112
2243,-2502,-1127
2234,-2504,-1145
2236,-2512,-1160
2242,-2530,-1177
2257,-2552,-1193
2281,-2575,-1199
2307,-2599,-1197
2338,-2618,-1190
2378,-2631,-1175
2414,-2645,-1157
2459,-2655,-1139
2503,-2664,-1118
2553,-2673,-1096
2604,-2683,-1080
2650,-2685,-1063
2688,-2681,-1050
2732,-2672,-1040
2761,-2653,-1033
2790,-2634,-1031
2811,-2617,-1035
2830,-2607,-1040
2850,-2601,-1046
2867,-2597,-1045
2885,-2591,-1044
2902,-2584,-1031
2914,-2581,-1017
2926,-2580,-1001
2941,-2580,-983
2957,-2587,-963
2974,-2593,-942
2995,-2599,-925
3018,-2615,-917
3039,-2627,-908
3065,-2642,-901
3096,-2654,-893
3127,-2669,-890
3163,-2686,-884
3192,-2708,-887
3216,-2726,-895
3238,-2738,-898
3252,-2751,-904
3270,-2760,-906
3284,-2771,-917
3296,-2780,-917
3305,-2787,-922
3309,-2791,-924
3310,-2795,-922
3312,-2801,-928
3313,-2795,-921
3314,-2795,-912
3320,-2799,-908
3323,-2806,-904
3323,-2817,-902
3327,-2821,-897
3330,-2818,-884
3334,-2813,-877
3336,-2803,-871
3327,-2784,-867
3321,-2766,-860
3309,-2745,-851
3299,-2724,-848
3282,-2698,-843
3265,-2673,-838
3252,-2647,-831
3236,-2617,-826
3229,-2592,-818
3226,-2564,-816
3224,-2539,-816
3225,-2513,-816
3229,-2487,-814
3235,-2453,-818
3243,-2423,-816
3251,-2397,-814
3262,-2375,-810
3276,-2358,-807
3283,-2340,-802
3287,-2321,-800
3293,-2309,-797
3288,-2296,-794
3286,-2280,-785
3284,-2264,-775
3282,-2246,-762
3282,-2228,-744
3278,-2216,-730
3281,-2206,-717
3286,-2192,-703
3290,-2182,-692
3295,-2169,-688
3301,-2151,-682
3310,-2129,-685
3322,-2105,-681
3332,-2082,-681
3349,-2060,-679
3368,-2046,-679
3382,-2034,-682
3402,-2023,-683
3420,-2013,-676
3434,-2000,-676
3452,-1988,-672
3466,-1975,-674
3487,-1964,-672
3504,-1949,-665
3516,-1939,-660
3528,-1930,-653
3543,-1928,-640
3559,-1911,-629
3574,-1897,-615
3585,-1884,-601
3599,-1874,-591
3611,-1861,-575
3625,-1852,-561
3645,-1843,-547
3670,-1836,-534
3700,-1828,-521
3730,-1818,-512
3769,-1808,-502
3811,-1792,-500
3863,-1782,-505
3923,-1774,-515
3987,-1769,-527
4051,-1764,-542
4123,-1762,-558
4195,-1757,-572
4266,-1754,-586
4331,-1749,-596
4391,-1745,-607
4442,-1738,-608
4481,-1728,-608
4508,-1720,-608
4520,-1713,-608
4521,-1710,-600
4511,-1699,-594
4489,-1692,-580
4467,-1677,-566
4439,-1655,-556
4408,-1629,-549
4379,-1606,-544
4349,-1578,-533
4318,-1551,-526
4287,-1521,-515
4254,-1493,-497
4227,-1461,-478
4201,-1425,-460
4176,-1391,-439
4155,-1352,-416
4136,-1312,-397
4134,-1271,-377
4130,-1234,-365
4134,-1196,-354
4142,-1159,-343
4161,-1125,-339
4180,-1094,-336
4195,-1067,-339
4212,-1036,-337
4227,-1009,-333
4234,-977,-325
4237,-943,-312
4232,-915,-297
4224,-884,-283
4206,-862,-275
4184,-845,-266
4154,-830,-249
4127,-818,-235
4097,-803,-221
4059,-789,-208
4024,-774,-200
3988,-762,-187
3958,-754,-178
3931,-747,-170
3912,-739,-164
3899,-732,-155
3892,-727,-151
3890,-727,-148
3890,-722,-139
3897,-719,-133
3905,-716,-130
3922,-713,-120
3941,-709,-111
3962,-698,-101
3990,-687,-92
4020,-679,-79
4052,-669,-66
4078,-662,-50
4106,-654,-28
4135,-638,-7
4157,-622,17
4176,-609,41
4185,-595,66
4186,-588,94
4182,-581,118
4171,-577,144
4158,-576,166
4143,-568,184
4130,-560,204
4115,-552,216
4107,-549,229
4093,-543,240
4081,-540,248
4068,-526,253
4052,-521,255
4036,-513,257
4018,-503,262
3996,-497,268
3974,-493,274
3953,-490,280
3933,-488,287
3911,-489,292
3889,-492,292
3868,-492,291
3848,-495,287
3832,-498,285
3820,-498,283
3820,-502,279
3821,-503,276
3825,-513,272
3832,-518,273
3839,-530,269
3848,-537,269
3859,-548,273
3872,-554,274
3890,-562,276
3914,-565,275
3933,-574,275
3953,-580,273
3972,-587,269
3986,-600,262
3998,-608,260
3999,-619,251
4003,-633,245
3999,-648,228
3995,-658,206
3987,-671,183
3985,-677,161
3992,-674,150
4013,-676,144
4044,-672,143
4079,-669,135
4132,-660,127
4186,-655,115
4244,-651,101
4297,-640,86
4343,-635,68
4376,-631,59
4398,-631,50
4402,-630,42
4383,-631,34
4351,-635,16
4308,-646,-8
4252,-655,-38
4193,-664,-69
4141,-673,-104
4085,-686,-136
4018,-688,-175
3953,-698,-210
3884,-702,-240
3819,-707,-266
3754,-714,-284
3696,-714,-299
3641,-715,-312
3586,-713,-327
3541,-718,-336
3506,-722,-349
3484,-725,-366
3473,-728,-385
3477,-728,-402
3494,-729,-416
3523,-733,-438
3555,-735,-463
3599,-741,-489
3645,-750,-514
3689,-759,-534
3729,-770,-554
3766,-780,-571
3797,-792,-583
3822,-801,-601
3840,-810,-619
3862,-820,-632
3876,-828,-648
3885,-838,-667
3894,-848,-693
3902,-853,-714
3911,-859,-737
3915,-863,-755
3924,-861,-768
3929,-862,-777
3937,-861,-781
3939,-858,-790
3936,-856,-801
3933,-851,-812
3922,-853,-828
3917,-846,-846
3915,-838,-854
3911,-826,-869
3907,-820,-883
3904,-818,-898
3909,-820,-912
3914,-817,-932
3922,-815,-965
3933,-816,-995
3943,-812,-1027
3961,-818,-1061
3981,-821,-1092
3999,-830,-1133
4014,-841,-1176
4025,-851,-1215
4032,-864,-1263
4030,-882,-1313
4033,-901,-1365
4027,-914,-1412
4028,-929,-1450
4019,-941,-1491
4015,-958,-1524
4005,-973,-1556
3996,-982,-1578
3991,-989,-1600
3982,-994,-1614
3977,-993,-1618
3974,-987,-1615
3978,-977,-1602
3982,-973,-1597
3982,-952,-1587
3988,-936,-1575
4001,-919,-1554
4007,-899,-1542
4013,-877,-1526
4023,-859,-1511
4037,-847,-1497
4046,-840,-1480
4049,-818,-1466
4055,-804,-1452
4057,-793,-1442
4053,-772,-1420
4053,-759,-1401
4052,-742,-1384
4055,-736,-1370
4055,-734,-1353
4049,-730,-1339
4046,-731,-1324
4044,-735,-1299
4042,-737,-1270
4027,-751,-1238
4012,-767,-1215
3987,-785,-1188
3964,-794,-1158
3942,-813,-1121
3917,-832,-1088
3894,-853,-1055
3869,-866,-1018
3842,-882,-985
3814,-896,-945
3783,-903,-891
3759,-908,-832
3739,-915,-776
3723,-921,-726
3708,-933,-693
3704,-948,-668
3701,-963,-650
3709,-975,-640
3727,-991,-634
3751,-1008,-623
3776,-1023,-609
3811,-1033,-587
3857,-1047,-567
3907,-1059,-548
3966,-1072,-533
4026,-1087,-528
4075,-1102,-530
4130,-1120,-537
4174,-1137,-548
4219,-1159,-554
4244,-1183,-553
4254,-1204,-541
4246,-1222,-523
4232,-1236,-499
4203,-1248,-473
4172,-1258,-444
4138,-1261,-416
4116,-1264,-396
4093,-1265,-376
4063,-1265,-363
4037,-1257,-346
4015,-1245,-332
3990,-1233,-324
3959,-1219,-323
3927,-1202,-320
3888,-1186,-328
3845,-1164,-338
3800,-1135,-340
3760,-1102,-342
3725,-1066,-337
3699,-1026,-339
3679,-992,-339
3669,-967,-341
3674,-942,-350
3688,-912,-360
3710,-882,-367
3744,-853,-379
3779,-828,-390
3821,-808,-406
3855,-792,-419
3895,-781,-433
3922,-769,-445
3945,-755,-457
3965,-746,-468
3978,-741,-478
3989,-737,-483
3991,-733,-484
3987,-731,-487
3983,-734,-490
3977,-738,-494
3974,-747,-498
3963,-756,-497
3949,-765,-501
3936,-766,-505
3924,-771,-508
3910,-774,-510
3898,-780,-513
3888,-783,-517
3880,-788,-519
3871,-795,-515
3864,-801,-515
3853,-800,-515
3842,-802,-519
3832,-801,-525
3825,-801,-523
3817,-795,-524
3815,-786,-528
3804,-776,-531
3805,-764,-533
3810,-753,-538
3819,-744,-546
3834,-740,-552
3849,-730,-552
3864,-719,-554
3874,-710,-561
3886,-696,-566
3900,-680,-574
3906,-663,-579
3910,-652,-587
3915,-642,-593
3914,-634,-604
3918,-628,-609
3918,-621,-617
3916,-615,-619
3907,-604,-623
3901,-590,-623
3896,-584,-632
3893,-579,-638
3893,-575,-640
3896,-573,-640
3897,-569,-639
3903,-566,-639
3903,-560,-643
3897,-553,-655
3892,-539,-655
3901,-546,-660
3901,-549,-669
3903,-549,-671
3906,-549,-671
3911,-547,-676
3909,-543,-677
3906,-533,-676
3901,-535,-678
3898,-533,-673
3898,-534,-671
3897,-534,-668
3896,-533,-669
3893,-533,-670
3892,-536,-671
3887,-535,-679
3886,-537,-683
3881,-539,-688
3879,-545,-689
3874,-544,-691
3868,-547,-688
3858,-549,-694
3852,-555,-692
3849,-558,-689
3844,-565,-689
3840,-569,-687
3837,-580,-684
3838,-591,-680
3836,-603,-679
3829,-612,-673
3824,-625,-662
3824,-636,-657
3822,-644,-649
3817,-654,-643
3812,-659,-637
3811,-668,-631
3810,-673,-625
3809,-680,-613
3813,-687,-606
3812,-692,-598
3813,-696,-595
3816,-701,-587
3824,-706,-575
3823,-708,-569
3822,-714,-559
3821,-721,-553
3826,-724,-540
3827,-725,-528
3830,-729,-516
3831,-732,-504
3832,-732,-492
3839,-734,-483
3844,-735,-476
3855,-740,-469
3861,-745,-464
3872,-742,-463
3884,-749,-465
3890,-755,-465
3898,-759,-464
3903,-762,-467
3906,-767,-467
3911,-776,-471
3915,-782,-472
3919,-792,-474
3921,-797,-471
3927,-806,-473
3931,-811,-465
3934,-817,-465
3938,-821,-463
3942,-827,-460
3945,-832,-457
3948,-838,-456
3950,-838,-453
3950,-841,-454
3957,-843,-455
3956,-846,-453
3959,-850,-454
3959,-851,-452
3959,-849,-455
3961,-848,-455
3964,-849,-459
3970,-844,-457
3976,-843,-456
3978,-841,-458
3983,-840,-459
3987,-841,-465
3990,-838,-468
3985,-838,-471
3978,-840,-477
3970,-842,-481
3961,-843,-483
3952,-844,-485
3948,-846,-484
3948,-848,-482
3951,-852,-482
3960,-851,-482
3971,-851,-484
3980,-851,-486
3992,-854,-489
4007,-856,-488
4015,-865,-487
4027,-867,-487
4034,-868,-490
4035,-870,-496
4037,-870,-497
4032,-875,-503
4028,-874,-500
4023,-878,-497
4018,-883,-495
4013,-886,-501
3999,-884,-502
3989,-885,-503
3983,-882,-500
3979,-879,-498
3979,-883,-506
3972,-884,-507
3966,-878,-507
3968,-874,-511
3963,-872,-519
3960,-868,-525
3962,-867,-526
3965,-864,-522
3970,-863,-522
3968,-863,-524
3963,-860,-524
3968,-854,-526
3978,-854,-528
3974,-853,-523
3976,-851,-522
3978,-850,-524
3980,-851,-522
3985,-854,-523
3987,-854,-521
3994,-851,-517
3999,-853,-509
4002,-853,-506
4002,-851,-503
4007,-848,-500
4008,-845,-502
4004,-842,-500
3994,-835,-499
3992,-835,-498
3985,-830,-497
3978,-821,-491
3973,-815,-488
3972,-809,-480
3973,-802,-483
3970,-799,-479
3973,-792,-480
3978,-783,-482
3987,-784,-482
3993,-778,-479
3998,-771,-478
4002,-770,-473
3999,-763,-470
3995,-759,-470
3996,-759,-471
3992,-759,-462
3989,-755,-456
3986,-756,-451
3981,-753,-451
3975,-754,-450
3970,-755,-442
3967,-754,-444
3960,-757,-443
3960,-760,-437
3960,-756,-435
3956,-753,-431
3956,-752,-425
3955,-752,-427
3954,-748,-424
3951,-740,-424
3951,-739,-423
3950,-737,-420
3950,-733,-420
3951,-732,-420
3949,-726,-420
3947,-722,-419
3945,-717,-415
3943,-715,-415
3945,-713,-413
3948,-708,-414
3947,-704,-414
3949,-699,-411
3953,-698,-409
3958,-697,-407
3959,-697,-405
3961,-695,-405
3960,-692,-401
3960,-694,-401
3962,-697,-396
3960,-696,-397
3955,-697,-394
3954,-698,-397
3952,-699,-399
3950,-699,-400
3949,-699,-397
3945,-694,-398
3945,-697,-399
3944,-700,-401
3941,-696,-399
3942,-694,-400
3944,-700,-399
3941,-700,-406
3935,-695,-407
3935,-693,-402
3938,-689,-399
3938,-689,-398
3937,-689,-402
3935,-684,-405
3936,-686,-406
3938,-687,-406
3935,-686,-411
3935,-682,-416
3931,-680,-420
3930,-679,-423
3933,-679,-427
3929,-677,-430
3928,-679,-430
3927,-678,-432
3931,-675,-432
3931,-673,-431
3935,-673,-428
3939,-673,-432
3936,-675,-434
3934,-674,-434
3934,-673,-434
3932,-675,-435
3924,-676,-436
3924,-677,-438
3923,-677,-438
3923,-677,-435
3924,-677,-436
3934,-678,-432
3943,-679,-429
3950,-681,-431
3950,-684,-435
3949,-690,-434
3947,-694,-435
3942,-700,-437
3934,-704,-438
3924,-710,-433
3914,-716,-431
3910,-721,-432
3904,-723,-432
3909,-726,-429
3918,-726,-427
3931,-727,-431
3945,-726,-432
3957,-723,-430
3969,-725,-430
3980,-722,-429
3984,-726,-432
3985,-725,-433
3988,-725,-435
3983,-727,-435
3973,-729,-433
3971,-728,-429
3964,-730,-425
3960,-735,-424
3953,-738,-425
3950,-738,-425
3944,-737,-426
3939,-741,-428
3940,-743,-429
3933,-746,-425
3925,-747,-427
3924,-752,-431
3923,-755,-430
3922,-757,-430
3923,-760,-431
3927,-758,-428
3931,-762,-425
3939,-765,-427
3946,-771,-429
3951,-775,-433
3956,-779,-435
3957,-777,-435
3964,-776,-435
3965,-781,-436
3966,-780,-432
3967,-779,-433
3966,-781,-433
3967,-783,-436
3965,-782,-435
3966,-780,-431
3968,-782,-431
3972,-782,-430
3971,-784,-430
3974,-785,-435
3971,-784,-435
3966,-787,-437
3958,-785,-436
3954,-785,-437
3943,-785,-436
3941,-788,-435
3931,-786,-432
3930,-787,-431
3930,-789,-430
3934,-794,-429
3934,-794,-429
3938,-797,-432
3943,-794,-432
3943,-797,-430
3943,-801,-431
3944,-803,-430
3947,-801,-427
3946,-801,-425
3953,-801,-429
3953,-804,-432
3951,-801,-433
3949,-797,-434
3950,-796,-436
3950,-796,-439
3949,-790,-438
3950,-790,-445
3948,-785,-444
3945,-782,-449
3944,-778,-447
3942,-779,-445
3938,-780,-444
3937,-782,-443
3937,-785,-444
3931,-787,-444
3931,-783,-445
3930,-787,-447
3931,-787,-443
3934,-787,-442
3934,-794,-444
3934,-795,-445
3935,-797,-446
3938,-795,-451
3941,-794,-449
3943,-792,-448
3947,-791,-450
3950,-788,-447
3947,-788,-450
3946,-787,-449
3946,-787,-444
3945,-780,-448
3942,-782,-450
3942,-778,-447
3940,-779,-450
3939,-775,-451
3936,-776,-452
3936,-777,-453
3939,-776,-454
3941,-775,-455
3939,-777,-451
3939,-776,-451
3937,-778,-448
3937,-779,-446
3938,-775,-445
3934,-777,-443
3934,-780,-442
3931,-780,-440
3936,-785,-441
3936,-780,-445
3941,-776,-445
3941,-777,-447
3944,-775,-449
3945,-782,-450
3950,-787,-446
3952,-789,-442
3954,-790,-445
3958,-796,-446
3956,-794,-448
3953,-798,-448
3956,-799,-448
3957,-806,-448
3957,-812,-448
3955,-814,-443
3959,-816,-448
3956,-819,-449
3960,-824,-447
3962,-828,-446
3964,-830,-451
3961,-829,-458
3959,-831,-458
3956,-828,-458
3954,-826,-455
3952,-822,-453
3954,-817,-446
3956,-820,-439
3955,-817,-438
3960,-818,-434
3961,-818,-439
3964,-818,-443
3966,-819,-445
3963,-819,-446
3961,-821,-445
3957,-823,-445
3952,-830,-448
3945,-841,-443
3939,-849,-442
3931,-860,-437
3927,-858,-439
3921,-864,-439
3920,-858,-432
3923,-858,-431
3932,-856,-424
3938,-858,-419
3948,-865,-422
3962,-868,-423
3975,-872,-424
3989,-880,-432
4001,-889,-434
4005,-890,-434
4004,-895,-433
4006,-896,-435
4004,-900,-427
3990,-907,-423
3983,-920,-421
3977,-928,-424
3970,-937,-424
3966,-950,-422
3960,-956,-420
3956,-963,-419
3955,-974,-420
3953,-981,-427
3953,-986,-434
3951,-990,-435
3948,-994,-436
3943,-995,-440
3934,-988,-442
3927,-984,-448
3922,-975,-449
3920,-971,-455
3916,-959,-451
3912,-960,-451
3908,-962,-450
3901,-959,-454
3900,-954,-453
3893,-951,-450
3891,-946,-451
3889,-944,-455
3887,-940,-457
3888,-942,-460
3890,-939,-460
3895,-937,-463
3891,-938,-463
3890,-939,-462
3888,-939,-462
3884,-939,-467
3878,-938,-464
3867,-938,-457
3860,-933,-455
3850,-934,-455
3836,-932,-454
3824,-931,-465
3821,-929,-462
3818,-925,-467
3815,-920,-467
3817,-924,-479
3821,-926,-483
3821,-926,-480
3829,-935,-481
3842,-949,-487
3854,-960,-490
3864,-967,-494
3871,-976,-492
3876,-983,-495
3880,-991,-502
3889,-1000,-505
3893,-1004,-501
3900,-1014,-491
3901,-1025,-484
3901,-1036,-483
3897,-1045,-489
3894,-1052,-486
3896,-1062,-486
3908,-1084,-497
3911,-1109,-500
3924,-1142,-505
3939,-1180,-515
3951,-1212,-522
3967,-1242,-521
3981,-1276,-528
3992,-1296,-524
4006,-1322,-523
4019,-1350,-516
4021,-1379,-523
4017,-1403,-528
4011,-1424,-543
4003,-1440,-551
3994,-1448,-549
3978,-1458,-551
3956,-1470,-561
3926,-1475,-562
3904,-1479,-560
3879,-1483,-567
3856,-1487,-587
3840,-1484,-590
3831,-1485,-600
3816,-1479,-607
3806,-1472,-597
3796,-1475,-599
3774,-1476,-605
3750,-1474,-591
3737,-1471,-570
3717,-1475,-568
3687,-1482,-568
3659,-1485,-569
3630,-1486,-584
3614,-1487,-579
3603,-1492,-570
3593,-1509,-552
3580,-1534,-568
3573,-1539,-542
3571,-1553,-524
3581,-1573,-500
3583,-1598,-506
3580,-1606,-507
3588,-1613,-502
3595,-1620,-482
3603,-1633,-485
3607,-1638,-470
3623,-1645,-464
3627,-1643,-446
3625,-1650,-443
3627,-1660,-449
3625,-1648,-449
3628,-1641,-441
3642,-1651,-434
3647,-1670,-439
3651,-1658,-442
3659,-1652,-431
3668,-1643,-425
3680,-1652,-412
3690,-1671,-402
3694,-1679,-388
3700,-1683,-378
3700,-1680,-359
3700,-1676,-342
3703,-1672,-335
3710,-1673,-324
3716,-1677,-312
3729,-1683,-296
3736,-1681,-288
3740,-1676,-277
3743,-1676,-262
3736,-1673,-246
3726,-1665,-220
3708,-1660,-199
3677,-1654,-182
3640,-1646,-163
3600,-1642,-142
3557,-1635,-121
3517,-1639,-110
3486,-1652,-103
3462,-1674,-95
3445,-1697,-86
3444,-1720,-81
3446,-1743,-73
3462,-1770,-67
3482,-1803,-67
3506,-1832,-58
3533,-1859,-46
3557,-1883,-38
3581,-1902,-28
3601,-1923,-22
3617,-1938,-9
3624,-1956,0
3630,-1968,6
3629,-1978,19
3627,-1988,25
3630,-1994,33
3629,-2003,39
3632,-2012,43
3636,-2021,50
3635,-2029,49
3638,-2031,41
3653,-2030,35
3667,-2028,33
3681,-2029,25
3700,-2035,17
3714,-2034,11
3724,-2031,7
3734,-2030,5
3746,-2028,2
3757,-2024,-3
3762,-2023,-6
3768,-2029,-16
3779,-2038,-26
3785,-2048,-30
3790,-2055,-36
3791,-2052,-31
3790,-2052,-34
3785,-2050,-36
3783,-2046,-40
3772,-2043,-43
3771,-2039,-42
3763,-2040,-51
3759,-2033,-54
3757,-2029,-63
3750,-2024,-68
3742,-2018,-71
3739,-2009,-75
3732,-2005,-74
3720,-1998,-75
3705,-1989,-79
3696,-1979,-80
3688,-1967,-80
3675,-1955,-79
3659,-1945,-83
3643,-1931,-81
3626,-1920,-80
3607,-1905,-76
3589,-1895,-74
3569,-1880,-76
3552,-1869,-75
3532,-1849,-78
3516,-1830,-87
3502,-1815,-93
3494,-1799,-101
3485,-1785,-103
3474,-1769,-103
3455,-1759,-109
3436,-1745,-108
3416,-1731,-109
3396,-1716,-115
3380,-1703,-117
3368,-1691,-120
3354,-1676,-124
3342,-1669,-129
3336,-1657,-133
3334,-1653,-142
3330,-1645,-146
3323,-1635,-158
3323,-1629,-162
3317,-1622,-173
3311,-1611,-174
3308,-1605,-176
3300,-1597,-182
3292,-1594,-186
3293,-1590,-194
3293,-1592,-199
3293,-1592,-210
3297,-1585,-215
3302,-1578,-224
3306,-1572,-232
3314,-1567,-237
3320,-1562,-241
3334,-1555,-242
3347,-1545,-241
3369,-1537,-239
3391,-1526,-237
3422,-1513,-239
3457,-1504,-242
3495,-1498,-249
3536,-1493,-258
3570,-1494,-260
3589,-1498,-262
3599,-1499,-264
3609,-1504,-258
3601,-1506,-248
3587,-1500,-243
3564,-1493,-236
3546,-1484,-234
3530,-1472,-229
3522,-1461,-230
3514,-1457,-233
3512,-1449,-246
3516,-1445,-252
3525,-1440,-257
3528,-1437,-268
3526,-1432,-277
3517,-1428,-287
3506,-1427,-302
3483,-1425,-311
3462,-1433,-313
3435,-1436,-321
3401,-1442,-339
3373,-1443,-336
3352,-1445,-340
3329,-1434,-345
3316,-1433,-338
3309,-1433,-339
3307,-1434,-347
3306,-1431,-354
3310,-1428,-362
3323,-1421,-370
3339,-1424,-382
3362,-1428,-390
3388,-1439,-406
3423,-1440,-413
3460,-1439,-426
3499,-1439,-443
3543,-1440,-460
3578,-1436,-478
3618,-1434,-484
3663,-1427,-492
3705,-1420,-498
3754,-1411,-499
3801,-1406,-496
3852,-1401,-492
3907,-1396,-482
3950,-1383,-482
3984,-1371,-480
4026,-1359,-479
4053,-1343,-483
4077,-1328,-494
4099,-1306,-494
4113,-1294,-507
4123,-1285,-511
4134,-1268,-519
4141,-1251,-525
4148,-1233,-536
4152,-1215,-549
4161,-1199,-555
4168,-1183,-556
4173,-1164,-559
4179,-1151,-563
4185,-1141,-570
4192,-1128,-569
4203,-1114,-568
4200,-1100,-566
4192,-1079,-569
4196,-1070,-566
4205,-1064,-554
4201,-1063,-547
4190,-1052,-549
4166,-1039,-542
4153,-1024,-535
4139,-995,-545
4134,-972,-555
4143,-974,-556
4149,-992,-559
4144,-1004,-565
4132,-999,-576
4122,-986,-583
4113,-971,-589
4110,-952,-586
4107,-928,-581
4107,-905,-575
4120,-889,-570
4137,-876,-563
4155,-870,-563
4177,-872,-557
4188,-879,-551
4195,-875,-549
4193,-863,-548
4184,-848,-547
4181,-831,-556
4188,-810,-563
4199,-799,-573
4214,-790,-584
4230,-788,-596
4247,-793,-609
4262,-800,-618
4269,-806,-627
4269,-807,-637
4261,-809,-643
4247,-809,-648
4230,-810,-660
4210,-811,-670
4193,-814,-683
4177,-814,-693
4159,-817,-705
4144,-814,-714
4126,-812,-726
4113,-814,-736
4103,-811,-746
4088,-810,-757
4071,-804,-770
4049,-800,-776
4030,-791,-779
4010,-780,-781
3984,-772,-786
3962,-767,-792
3939,-763,-796
3923,-756,-800
3909,-751,-803
3894,-747,-805
3879,-741,-814
3863,-739,-822
3847,-735,-823
3832,-732,-825
3817,-730,-830
3806,-725,-829
3798,-722,-831
3799,-718,-828
3797,-714,-830
3805,-708,-828
3816,-707,-826
3834,-708,-831
3853,-708,-831
3875,-707,-828
3894,-706,-829
3909,-706,-821
3920,-709,-817
3927,-714,-811
3934,-718,-801
3937,-719,-790
3938,-722,-774
3940,-721,-765
3940,-722,-755
3940,-721,-742
3942,-720,-733
3944,-720,-725
3944,-720,-719
3944,-714,-717
3942,-714,-712
3937,-713,-710
3930,-710,-706
3922,-708,-707
3910,-708,-706
3895,-704,-703
3885,-700,-701
3869,-698,-692
3861,-692,-691
3851,-687,-687
3843,-680,-683
3835,-677,-685
3832,-668,-681
3824,-665,-679
3818,-662,-678
3814,-661,-676
3806,-659,-672
3797,-655,-675
3789,-650,-678
3783,-647,-676
3776,-642,-676
3771,-639,-673
3769,-637,-669
3769,-637,-661
3773,-635,-653
3773,-635,-650
3777,-636,-651
3783,-634,-648
3795,-637,-645
3803,-645,-638
3808,-650,-635
3811,-659,-630
3810,-672,-627
3803,-683,-623
3802,-695,-613
3794,-704,-604
3788,-709,-597
3785,-713,-587
3786,-716,-581
3793,-718,-579
3804,-722,-577
3821,-727,-577
3832,-728,-579
3854,-731,-584
3870,-732,-590
3890,-732,-595
3906,-735,-594
3930,-729,-595
3955,-725,-589
3987,-718,-589
4023,-712,-585
4061,-703,-589
4098,-695,-600
4136,-697,-620
4172,-694,-635
4202,-696,-660
4222,-701,-677
4231,-709,-689
4227,-706,-697
4213,-711,-700
4190,-712,-704
4164,-714,-709
4138,-712,-710
4120,-717,-715
4107,-715,-706
4091,-708,-694
4070,-698,-682
4051,-690,-669
4031,-679,-660
4014,-664,-651
3999,-648,-640
3981,-627,-634
3970,-609,-634
3957,-597,-634
3943,-579,-633
3940,-564,-640
3934,-550,-646
3930,-532,-653
3923,-512,-665
3919,-493,-672
3918,-474,-680
3919,-457,-691
3922,-445,-697
3931,-430,-701
3942,-413,-712
3952,-400,-717
3967,-388,-727
3981,-374,-739
3999,-363,-751
4019,-351,-756
4038,-337,-769
4057,-329,-779
4072,-325,-794
4084,-318,-801
4092,-311,-808
4095,-302,-815
4089,-295,-819
4080,-292,-819
4072,-295,-818
4055,-291,-815
4036,-284,-819
4012,-277,-817
3993,-270,-808
3976,-270,-793
3963,-266,-780
3944,-265,-766
3928,-268,-755
3909,-269,-744
3896,-269,-725
3888,-268,-712
3879,-269,-695
3873,-271,-679
3861,-274,-658
3851,-284,-641
3833,-292,-624
3823,-292,-603
3809,-300,-580
3797,-307,-565
3781,-310,-550
3775,-312,-525
3769,-319,-504
3766,-332,-487
3762,-342,-468
3770,-347,-455
3776,-349,-434
3785,-353,-413
3799,-355,-392
3818,-361,-379
3842,-358,-368
3872,-359,-357
3907,-360,-347
3945,-360,-342
3995,-358,-340
4042,-354,-342
4076,-353,-339
4120,-351,-330
4168,-355,-315
4215,-351,-299
4266,-343,-284
4311,-335,-268
4353,-325,-254
4403,-317,-238
4447,-310,-223
4485,-305,-214
4517,-297,-202
4543,-290,-192
4560,-283,-178
4567,-280,-172
4557,-276,-164
4540,-275,-153
4511,-269,-142
4466,-267,-132
4413,-265,-119
4354,-264,-106
4289,-263,-93
4218,-265,-78
4158,-266,-64
4099,-268,-59
4036,-275,-57
3971,-280,-57
3908,-286,-64
3848,-297,-71
3791,-303,-80
3738,-309,-93
3687,-319,-108
3647,-331,-118
3612,-339,-126
3581,-347,-126
3557,-357,-126
3543,-366,-131
3537,-376,-133
3534,-382,-133
3542,-389,-134
3552,-398,-132
3564,-407,-136
3580,-414,-139
3596,-420,-143
3611,-429,-149
3626,-437,-156
3643,-444,-157
3659,-452,-157
3674,-456,-162
3693,-460,-169
3705,-465,-175
3719,-472,-181
3731,-475,-185
3743,-470,-188
3753,-468,-195
3772,-465,-206
3786,-456,-216
3809,-449,-222
3832,-445,-234
3862,-438,-244
3898,-431,-257
3932,-425,-272
3972,-418,-288
4009,-418,-298
4045,-416,-301
4074,-407,-295
4112,-399,-286
4158,-390,-274
4212,-381,-262
4273,-374,-259
4341,-366,-262
4402,-367,-268
4457,-366,-276
4492,-370,-292
4499,-380,-310
4466,-391,-318
4405,-403,-325
4315,-412,-318
4222,-416,-298
4144,-418,-280
4075,-421,-266
4035,-424,-255
4019,-431,-258
4026,-443,-268
4052,-458,-287
4077,-468,-312
4095,-483,-332
4101,-499,-351
4098,-514,-370
4074,-525,-373
4026,-533,-379
3966,-544,-379
3898,-556,-373
3837,-567,-367
3771,-576,-363
3713,-585,-361
3656,-592,-359
3608,-596,-359
3579,-598,-358
3556,-597,-361
3543,-596,-370
3536,-591,-381
3543,-583,-400
3563,-573,-423
3581,-565,-453
3607,-553,-484
3628,-537,-511
3645,-520,-536
3663,-510,-551
3676,-500,-563
3686,-492,-571
3699,-483,-580
3716,-478,-585
3733,-469,-586
3759,-465,-587
3784,-465,-583
3822,-464,-585
3861,-460,-585
3899,-460,-588
3942,-455,-600
3989,-454,-613
4036,-456,-633
4070,-458,-651
4104,-461,-668
4138,-462,-683
4167,-465,-699
4191,-471,-712
4209,-474,-729
4229,-474,-750
4245,-467,-766
4265,-462,-779
4279,-454,-783
4295,-444,-781
4313,-437,-772
4322,-422,-760
4330,-409,-752
4328,-390,-747
4329,-382,-740
4325,-374,-738
4317,-366,-734
4301,-353,-740
4283,-341,-745
4268,-322,-756
4256,-304,-767
4245,-287,-780
4242,-271,-792
4242,-256,-810
4243,-246,-827
4244,-232,-845
4254,-225,-854
4259,-218,-864
4260,-215,-866
4252,-218,-874
4239,-219,-873
4225,-222,-871
4204,-225,-869
4175,-228,-864
4150,-232,-858
4126,-234,-859
4113,-239,-862
4108,-243,-868
4105,-245,-872
4106,-243,-882
4113,-249,-891
4120,-257,-899
4123,-258,-904
4123,-269,-901
4124,-289,-901
4121,-310,-905
4113,-337,-908
4110,-365,-912
4102,-388,-924
4091,-408,-942
4077,-431,-971
4062,-458,-1006
4047,-481,-1049
4035,-500,-1081
4029,-516,-1106
4031,-528,-1132
4028,-538,-1149
4020,-548,-1175
4018,-552,-1207
4014,-554,-1244
4020,-545,-1280
4037,-532,-1325
4064,-516,-1373
4098,-516,-1434
4144,-520,-1508
4189,-530,-1588
4242,-541,-1682
4293,-547,-1772
4336,-550,-1862
4363,-550,-1947
4380,-552,-2028
4376,-549,-2098
4355,-544,-2163
4322,-542,-2224
4277,-549,-2277
4225,-558,-2329
4166,-571,-2374
4118,-590,-2407
4071,-616,-2432
4038,-648,-2438
4008,-695,-2447
3992,-757,-2464
3986,-821,-2479
3989,-883,-2484
4002,-935,-2480
4013,-983,-2480
4025,-1031,-2486
4027,-1081,-2501
4012,-1140,-2525
3987,-1195,-2548
3952,-1251,-2562
3907,-1315,-2578
3850,-1383,-2597
3790,-1461,-2621
3725,-1544,-2643
3665,-1629,-2661
3613,-1712,-2676
3571,-1791,-2686
3537,-1874,-2683
3516,-1954,-2685
3491,-2027,-2692
3474,-2095,-2701
3460,-2152,-2717
3441,-2203,-2728
3427,-2254,-2734
3413,-2301,-2720
3405,-2341,-2698
3385,-2383,-2676
3365,-2409,-2635
3331,-2427,-2600
3292,-2439,-2553
3250,-2441,-2495
3203,-2438,-2437
3150,-2427,-2385
3102,-2412,-2349
3059,-2397,-2329
3027,-2385,-2322
3007,-2377,-2319
3001,-2375,-2325
3002,-2378,-2326
3012,-2394,-2333
3026,-2417,-2347
3038,-2453,-2360
3055,-2498,-2355
3065,-2544,-2339
3068,-2588,-2315
3063,-2629,-2291
3045,-2667,-2262
3022,-2701,-2225
2989,-2737,-2188
2947,-2766,-2144
2906,-2795,-2099
2871,-2830,-2052
2844,-2871,-1997
2825,-2914,-1946
2808,-2959,-1881
2788,-3005,-1815
2769,-3059,-1754
2754,-3122,-1706
2736,-3185,-1664
2717,-3238,-1629
2686,-3292,-1606
2655,-3336,-1584
2629,-3370,-1570
2598,-3398,-1568
2577,-3415,-1580
2561,-3425,-1588
2551,-3427,-1600
2550,-3419,-1612
2549,-3407,-1624
2550,-3388,-1633
2546,-3372,-1637
2533,-3352,-1628
2504,-3332,-1622
2467,-3319,-1617
2421,-3305,-1593
2359,-3298,-1573
2290,-3294,-1536
2217,-3291,-1503
2137,-3288,-1478
2062,-3276,-1457
1985,-3255,-1443
1906,-3227,-1434
1842,-3187,-1424
1777,-3140,-1424
1718,-3087,-1434
1661,-3029,-1451
1603,-2966,-1475
1541,-2906,-1498
1473,-2847,-1512
1399,-2790,-1511
1319,-2735,-1499
1231,-2679,-1484
1142,-2629,-1469
1055,-2587,-1464
967,-2558,-1476
883,-2536,-1499
810,-2526,-1539
746,-2520,-1594
692,-2524,-1657
645,-2520,-1718
608,-2512,-1771
573,-2503,-1817
540,-2490,-1837
506,-2468,-1836
474,-2451,-1830
441,-2435,-1817
407,-2412,-1812
377,-2385,-1821
349,-2357,-1841
332,-2320,-1863
321,-2284,-1893
319,-2254,-1929
324,-2230,-1977
334,-2212,-2034
345,-2198,-2120
364,-2198,-2209
379,-2201,-2284
393,-2212,-2342
403,-2222,-2382
406,-2238,-2406
397,-2262,-2405
383,-2297,-2381
361,-2344,-2354
332,-2404,-2334
302,-2478,-2321
263,-2555,-2327
224,-2632,-2335
183,-2707,-2343
152,-2783,-2348
124,-2854,-2360
116,-2934,-2389
126,-3013,-2429
159,-3084,-2472
219,-3147,-2514
302,-3205,-2567
397,-3266,-2635
490,-3317,-2720
581,-3352,-2814
656,-3369,-2923
715,-3366,-3036
746,-3359,-3139
756,-3359,-3219
745,-3364,-3258
715,-3369,-3266
655,-3384,-3252
580,-3403,-3240
484,-3422,-3234
385,-3432,-3232
282,-3434,-3244
185,-3423,-3245
98,-3398,-3245
20,-3368,-3244
-52,-3323,-3228
-112,-3269,-3209
-169,-3206,-3194
-220,-3137,-3196
-273,-3061,-3215
-318,-2977,-3245
-360,-2893,-3282
-388,-2803,-3311
-413,-2725,-3346
-430,-2640,-3382
-440,-2561,-3413
-446,-2493,-3436
-444,-2427,-3435
-440,-2365,-3414
-434,-2298,-3363
-436,-2228,-3292
-448,-2161,-3201
-480,-2090,-3117
-522,-2035,-3043
-569,-1995,-3001
-612,-1965,-2985
-637,-1938,-2983
-642,-1915,-2991
-629,-1889,-3007
-587,-1857,-3023
-527,-1812,-3039
-448,-1768,-3069
-359,-1716,-3105
-264,-1649,-3133
-173,-1581,-3149
-94,-1507,-3161
-33,-1433,-3169
15,-1360,-3175
56,-1302,-3187
89,-1257,-3194
121,-1217,-3205
152,-1186,-3225
181,-1152,-3247
211,-1127,-3266
247,-1121,-3283
285,-1128,-3295
323,-1139,-3295
357,-1154,-3281
379,-1164,-3264
393,-1173,-3250
396,-1186,-3245
387,-1200,-3258
372,-1212,-3283
351,-1228,-3319
338,-1246,-3362
322,-1263,-3405
304,-1269,-3455
281,-1283,-3496
262,-1294,-3531
241,-1302,-3557
222,-1310,-3585
205,-1314,-3612
184,-1315,-3634
167,-1312,-3662
151,-1307,-3689
134,-1308,-3713
125,-1305,-3731
130,-1301,-3737
144,-1296,-3725
169,-1292,-3720
194,-1286,-3702
221,-1282,-3670
241,-1282,-3624
249,-1294,-3577
244,-1311,-3536
209,-1328,-3505
167,-1353,-3484
112,-1389,-3472
57,-1422,-3466
-1,-1457,-3473
-57,-1489,-3497
-95,-1527,-3527
-117,-1565,-3568
-121,-1600,-3602
-117,-1628,-3629
-104,-1644,-3649
-85,-1642,-3657
-70,-1630,-3665
-64,-1605,-3676
-76,-1562,-3684
-98,-1511,-3686
-130,-1454,-3687
-167,-1391,-3685
-206,-1328,-3689
-247,-1270,-3693
-283,-1215,-3703
-307,-1165,-3716
-330,-1113,-3724
-338,-1059,-3730
-347,-1005,-3740
-351,-965,-3744
-353,-939,-3744
-354,-927,-3732
-364,-933,-3713
-375,-947,-3691
-396,-956,-3676
-423,-957,-3667
-449,-952,-3672
-467,-928,-3687
-476,-896,-3703
-475,-856,-3724
-456,-809,-3743
-420,-762,-3761
-378,-708,-3776
-334,-657,-3796
-284,-599,-3867
-208,-529,-3807
-138,-452,-3766
-77,-387,-3745
-50,-338,-3749
-43,-292,-3762
-59,-244,-3777
-83,-196,-3796
-102,-153,-3818
-111,-111,-3843
-99,-72,-3869
-69,-40,-3899
-28,-20,-3921
27,2,-3935
83,28,-3935
135,61,-3933
172,93,-3922
189,133,-3909
190,181,-3896
172,229,-3888
144,273,-3878
108,316,-3875
72,350,-3873
41,377,-3874
18,403,-3868
4,423,-3858
-11,426,-3848
-19,424,-3826
-22,422,-3815
-25,424,-3805
-26,438,-3803
-26,449,-3811
-30,475,-3825
-35,506,-3838
-38,537,-3845
-45,567,-3856
-54,594,-3856
-69,613,-3858
-91,632,-3862
-123,644,-3868
-151,652,-3874
-178,655,-3876
-179,643,-3858
-161,610,-3833
-145,583,-3823
-120,558,-3830
-79,535,-3844
-33,527,-3850
28,531,-3858
79,543,-3876
135,554,-3909
184,568,-3943
235,569,-3964
270,561,-3979
299,547,-3987
320,531,-3987
338,517,-3990
361,506,-3993
387,500,-3992
423,509,-3999
455,521,-4019
487,535,-4042
522,546,-4066
557,550,-4081
589,548,-4097
617,551,-4116
636,556,-4124
650,556,-4137
660,558,-4152
671,560,-4158
682,565,-4159
685,574,-4147
682,593,-4138
680,613,-4118
672,638,-4093
663,664,-4071
646,685,-4047
624,702,-4023
599,711,-3994
565,712,-3960
524,709,-3930
489,706,-3907
454,708,-3893
428,711,-3892
413,714,-3919
416,705,-3938
437,687,-3958
464,662,-3983
499,633,-4000
529,599,-4005
544,563,-4002
544,542,-3989
526,535,-3981
498,533,-3976
470,550,-3973
439,582,-3971
418,624,-3970
409,668,-3980
415,710,-4001
433,752,-4022
472,792,-4035
525,833,-4054
582,839,-4127
626,844,-4246
672,881,-4368
717,936,-4472
754,987,-4568
787,1017,-4652
816,1031,-4705
831,1028,-4730
822,1016,-4736
805,997,-4737
777,977,-4726
752,967,-4702
730,954,-4663
721,943,-4618
719,927,-4570
716,910,-4515
722,899,-4461
722,897,-4407
725,900,-4355
723,907,-4301
723,918,-4253
723,925,-4202
735,934,-4150
747,940,-4099
760,940,-4050
775,933,-4000
789,926,-3953
806,914,-3914
817,918,-3879
829,927,-3858
842,939,-3837
857,956,-3825
879,974,-3815
895,992,-3809
912,1023,-3805
928,1049,-3802
941,1071,-3802
950,1093,-3804
957,1113,-3803
957,1133,-3799
956,1149,-3790
950,1165,-3772
944,1181,-3757
933,1199,-3746
921,1217,-3722
918,1231,-3703
914,1236,-3687
910,1245,-3676
909,1243,-3671
910,1246,-3673
914,1249,-3673
921,1257,-3672
932,1271,-3679
942,1290,-3685
962,1309,-3693
985,1320,-3702
1014,1327,-3708
1048,1325,-3712
1084,1319,-3700
1117,1308,-3682
1135,1296,-3665
1142,1287,-3643
1137,1282,-3623
1119,1281,-3604
1090,1279,-3591
1057,1293,-3579
1017,1307,-3562
980,1311,-3551
960,1308,-3550
947,1306,-3546
943,1305,-3556
956,1319,-3571
972,1345,-3595
992,1361,-3629
1028,1371,-3671
1070,1378,-3706
1108,1384,-3729
1142,1388,-3749
1170,1400,-3768
1190,1413,-3779
1208,1428,-3782
1215,1437,-3778
1222,1452,-3769
1219,1455,-3761
1206,1447,-3749
1186,1434,-3730
1169,1411,-3704
1139,1394,-3681
1104,1377,-3671
1066,1357,-3672
1039,1330,-3665
1024,1311,-3640
1015,1290,-3636
1021,1255,-3649
1028,1224,-3664
1032,1217,-3675
1028,1232,-3690
1021,1260,-3707
1019,1284,-3732
1021,1305,-3755
1026,1322,-3782
1029,1331,-3811
1039,1332,-3842
1046,1321,-3861
1057,1299,-3878
1064,1276,-3894
1075,1247,-3908
1085,1216,-3922
1090,1182,-3934
1100,1151,-3952
1112,1122,-3972
1128,1097,-3990
1140,1082,-4001
1152,1073,-4012
1160,1067,-4026
1162,1068,-4041
1163,1065,-4052
1160,1065,-4057
1155,1063,-4053
1139,1054,-4047
1117,1048,-4049
1088,1037,-4055
1058,1029,-4053
1018,1023,-4047
981,1020,-4040
938,1014,-4032
897,1010,-4015
855,1009,-3995
814,1009,-3978
777,997,-3956
742,984,-3933
713,972,-3910
683,961,-3892
660,950,-3871
639,938,-3859
631,924,-3837
626,912,-3809
629,891,-3778
637,874,-3746
641,854,-3722
645,831,-3701
648,819,-3686
647,814,-3675
652,812,-3666
652,812,-3660
660,808,-3654
663,798,-3652
671,779,-3651
672,755,-3642
679,732,-3632
685,710,-3616
683,699,-3606
673,695,-3603
663,703,-3609
658,719,-3619
656,730,-3636
659,744,-3658
663,766,-3682
674,790,-3708
687,815,-3739
698,836,-3767
712,856,-3792
725,872,-3823
736,885,-3852
754,890,-3874
779,894,-3891
800,892,-3906
824,880,-3920
853,867,-3940
878,856,-3956
901,852,-3970
912,851,-3978
920,850,-3978
925,851,-3975
925,849,-3968
918,846,-3957
913,844,-3945
907,840,-3925
902,835,-3902
891,828,-3879
886,812,-3858
882,803,-3829
876,789,-3801
872,776,-3778
868,767,-3761
860,759,-3751
856,750,-3745
860,738,-3746
877,729,-3748
900,718,-3756
931,709,-3775
969,703,-3792
1011,703,-3805
1049,702,-3819
1083,708,-3827
1112,719,-3827
1136,733,-3827
1152,750,-3834
1168,765,-3842
1177,789,-3852
1182,813,-3865
1183,840,-3888
1186,871,-3905
1189,892,-3918
1187,911,-3927
1188,929,-3931
1192,943,-3922
1200,954,-3915
1214,956,-3901
1228,955,-3890
1245,945,-3866
1266,927,-3836
1289,910,-3811
1309,899,-3783
1324,888,-3760
1338,884,-3738
1346,886,-3720
1222,931,-3748
1238,996,-3641
1288,922,-3613
1362,850,-3603
1412,821,-3625
1459,851,-3632
1486,894,-3652
1496,942,-3671
1500,980,-3675
1504,989,-3659
1508,971,-3627
1507,942,-3587
1503,918,-3549
1505,901,-3512
1512,883,-3479
1528,872,-3454
1556,858,-3432
1596,840,-3420
1638,816,-3408
1689,785,-3398
1742,755,-3386
1793,724,-3376
1843,704,-3368
1889,692,-3364
1942,681,-3365
1996,675,-3370
2046,670,-3380
2097,667,-3398
2139,666,-3420
2108,654,-3496
2102,709,-3479
2136,724,-3451
2202,682,-3428
2254,651,-3420
2291,654,-3433
2316,700,-3445
2329,774,-3459
2318,846,-3480
2302,871,-3506
2294,858,-3515
2297,840,-3508
2294,827,-3515
2266,830,-3539
2239,861,-3551
2204,902,-3554
2175,943,-3559
2140,980,-3574
2097,1021,-3600
2076,1059,-3614
2080,1067,-3633
2100,1062,-3665
2123,1042,-3711
2148,1015,-3749
2182,993,-3770
2216,969,-3785
2254,939,-3801
2290,901,-3821
2323,851,-3873
2347,793,-3933
2357,746,-3986
2363,709,-4024
2358,681,-4057
2331,669,-4083
2284,675,-4104
2213,708,-4106
2133,753,-4101
2042,799,-4075
1948,838,-4043
1856,870,-3997
1768,893,-3943
1683,909,-3889
1611,920,-3837
1550,908,-3813
1505,884,-3802
1483,855,-3804
1473,815,-3826
1464,776,-3853
1454,744,-3888
1441,715,-3923
1427,686,-3969
1397,663,-4022
1355,654,-4063
1309,648,-4111
1260,653,-4139
1209,667,-4118
1143,684,-4128
1074,664,-4144
1020,651,-4149
969,640,-4162
915,620,-4178
869,594,-4163
847,549,-4144
838,503,-4123
849,453,-4094
873,409,-4063
904,379,-4031
943,332,-3975
970,309,-3939
999,284,-3902
1022,272,-3859
1045,261,-3824
1048,257,-3797
1045,243,-3785
1043,223,-3779
1042,206,-3782
1043,172,-3788
1050,141,-3799
1057,125,-3812
1069,113,-3827
1085,107,-3836
1094,105,-3845
