1016.742400292488,26.13370391607285
1016.80288506815,26.14014991521835
1016.788672697177,26.14592445611954
1016.836501683053,26.15270618438721
1016.819024252161,26.15915218353272
1016.707144477374,26.16130084991455
1016.77099143947,26.16096512079239
1016.761992524632,26.15646635055542
1016.808792651494,26.15263903856278
1016.824390308925,26.15075895547867
1016.831947971202,26.15169899702072
1016.750580080027,26.15411624670029
1016.80467731454,26.1601593708992
1016.902845827187,26.16546389102936
1016.738586471388,26.16996266126633
1016.780509939045,26.17258134841919
1016.823754534835,26.17761728525162
1016.827882116853,26.18204890966415
1016.851807266456,26.18399613857269
1016.808593665717,26.17969880580902
1016.806809268543,26.17815445184708
1016.789202674295,26.18164603471756
1016.813044735984,26.18500332593918
1016.835674939298,26.18345897197724
1016.848795465598,26.19057642936707
1016.805839523323,26.19400086641312
1016.776334703881,26.19890251159668
1016.83727724345,26.20084974050522
1016.844262473583,26.20514707326889
1016.817907271386,26.21004871845246
1016.834864940916,26.21313742637634
1016.720717760045,26.21280169725418
1016.859229363523,26.21528609275818
1016.895325235749,26.21884482145309
1016.866303167878,26.21998630046845
1016.851312253631,26.22106063365936
1016.768871779242,26.22045632123947
1016.844442022211,26.21609184265137
1016.808945953923,26.20810148954391
1016.81347182147,26.20004399061203
1016.849665915557,26.18916636705399
1016.754526737783,26.17439428567887
1016.786284995939,26.15532487154007
1016.789477819175,26.13471110343933
1016.811945254256,26.0997952747345
1016.788225306818,26.07622709035874
1016.843253029806,26.05628478050232
1016.819218215211,26.04849586486817
1016.718967825206,26.04258703231811
1016.777440781525,26.04413138628006
1016.776548023582,26.04661578178406
1016.780306071948,26.04581003189087
1016.813267793181,26.04178128242493
1016.814185386628,26.04473569869995
1016.817205222703,26.04829442739487
1016.833228186609,26.05131598949432
1016.863870135783,26.05635192632675
1016.778551807812,26.0645437169075
1016.821953224443,26.07327267408371
1016.83108404453,26.0807258605957
1016.853178934882,26.08509033918381
1016.848616150435,26.08878335952759
1016.853363617101,26.09422217130661
1016.896597601993,26.09744517087936
1016.870286514226,26.10308542013168
1016.763121561848,26.10630841970444
1016.894952573345,26.11550739765167
1016.818088976721,26.11926756381989
1016.904731116385,26.12470637559891
1016.828374840982,26.1319581246376
1016.839883522959,26.13652404069901
1016.898203537285,26.14088851928711
1016.927775262441,26.14760310173035
1016.910388656548,26.15445197582245
1016.845996787328,26.15707066297531
1016.919548667898,26.1626437664032
1016.877797263318,26.16734397411346
1016.886593844539,26.17211132764816
1016.867083001958,26.17291707754135
1016.864720357638,26.17291707754135
1016.871585890593,26.16774684906006
1016.877555752788,26.16506101608276
1016.87697701889,26.1582792878151
1016.925931162274,26.16123370409012
1016.895242802737,26.1601593708992
1016.867165245551,26.16318093299866
1016.879981989451,26.16653822422028
1016.914462287524,26.16754541158676
1016.86156358425,26.16277805805206
1016.864510493195,26.16304664134979
1016.989442697631,26.1647252869606
1016.842345321959,26.16371809959412
1016.917840873622,26.16620249509812
1016.845622510216,26.16667251586914
1016.946198929162,26.16801543235779
1016.863862963116,26.16962693214417
1016.86882958554,26.17190989017487
1016.910671453886,26.17593863964081
1016.926721183317,26.17788586854935
1016.867990682121,26.18238463878632
1016.909369405545,26.18728628396988
1016.891077463257,26.18648053407669
1016.917492594277,26.19138217926026
1016.931941960702,26.19440374135971
1016.894283936799,26.19447088718414
1016.872644117387,26.19574665784836
1016.898754998061,26.19688813686371
1016.988673609992,26.20165549039841
1016.842472520356,26.20178978204727
1016.88084746614,26.20675857305527
1016.941473591108,26.20964584350586
1016.883671445601,26.21421175956726
1016.933538048916,26.21830765485764
1016.933899014614,26.22173209190369
1016.932475542851,26.22361217498779
1016.928663284163,26.22656659126282
1016.939128478036,26.23354975700379
1016.894258220158,26.23247542381287
1016.936166371277,26.23798138141632
1016.948080993107,26.24201013088226
1016.910685076261,26.24328590154648
1016.925374562301,26.24859042167664
1016.851160410587,26.24959760904312
1016.896954748464,26.25725223302841
1016.957878442899,26.26027379512787
1016.796847131874,26.26410110712051
1016.890713483765,26.26886846065521
1016.869303802044,26.27061425209045
1016.889434885093,26.27081568956375
1016.891900629419,26.27665737628937
1016.961407633768,26.2810890007019
1016.935266304429,26.28102185487747
1016.947211474438,26.28578920841217
1016.892693416166,26.29042227029801
1016.920264731453,26.29042227029801
1016.885612308929,26.29404814481735
1016.944406591808,26.29572679042816
1016.934878213668,26.30076272726059
1016.911802642755,26.30210564374924
1016.907049342752,26.30317997694015
1016.932412742715,26.30687299728394
1016.92912401681,26.31043172597885
1016.842060149494,26.31096889257431
1016.954222324127,26.31291612148285
1016.947370911705,26.31519907951355
1017.0059288551,26.31459476709366
1016.946268464575,26.31795205831528
1016.950277351466,26.32305514097214
1016.911382667587,26.32292084932327
1016.980107161442,26.32735247373581
1016.980368398779,26.32674816131592
1016.90392719791,26.32963543176651
1016.948779212265,26.33178409814835
1016.915955732246,26.33299272298813
1016.932392297874,26.3372900557518
1016.888127615431,26.33722290992737
1016.919121808847,26.34024447202683
1016.966222931097,26.34306459665298
1016.96593833679,26.34655617952347
1016.820070671262,26.34722763776779
1016.938744014566,26.34709334611893
1016.927102912181,26.34789909601211
1016.927540999659,26.34810053348541
1016.926522311797,26.34944344997406
1016.879807921383,26.35078636646271
1016.962713135658,26.35340505361557
1016.937878466964,26.35212928295136
1017.029566028461,26.35407651185989
1016.898546596416,26.35360649108887
1016.895598921105,26.35333790779114
1016.943196709238,26.35602374076843
1016.907012637863,26.35568801164627
1016.901996682596,26.35736665725708
1016.914986187065,26.35971676111221
1016.906642137486,26.36058965682983
1016.886999905223,26.358440990448
1016.849620196992,26.3586424279213
1016.904567327314,26.35891101121903
1016.925785402013,26.36105967760086
1016.909008979662,26.36240259408951
1016.889369844144,26.36206686496735
1016.945074731445,26.36159684419632
1016.892761822544,26.36616276025772
1016.879364770042,26.36434982299805
1017.010767638348,26.36535701036453
1016.827306851196,26.36468555212021
1016.905136813211,26.36750567674637
1016.91152813449,26.36790855169296
1016.869389935571,26.3673713850975
1016.881941285729,26.36952005147934
1016.91695822948,26.36931861400604
1016.943022712637,26.37260875940323
1016.992955466066,26.37455598831177
1016.90800852611,26.3746231341362
1016.897449298238,26.37737611293793
1016.950734631773,26.37724182128906
1016.902937161139,26.37845044612885
1016.871655153214,26.37892046689987
1016.922814139065,26.38106913328171
1016.925034779412,26.38281492471695
