2909,527,6881
2901,537,6881
2908,543,6933
2915,532,6926
2935,531,6886
2898,543,6865
2917,545,6914
2905,571,6911
2885,517,6867
2926,546,6906
2912,564,6926
2925,598,6916
2921,543,6823
2919,560,6912
2939,550,6820
2897,555,6876
2920,535,6922
2902,593,6907
2933,530,6961
2897,545,6913
2912,539,6860
2904,553,6938
2921,557,6917
2867,576,6927
2910,542,6903
2924,574,6842
2912,550,6934
2951,536,6913
2939,535,6863
2887,512,6881
2919,543,6769
2929,548,6880
2910,543,6878
2878,591,6906
2900,600,6872
2891,577,6833
2908,546,6855
2906,562,6862
2905,552,6890
2902,537,6884
2904,568,6877
2865,551,6935
2888,577,6837
2891,569,6920
2924,589,6855
2908,584,6970
2889,560,6856
2910,574,6830
2931,559,6880
2867,588,6866
2897,572,6869
2914,568,6847
2937,548,6864
2937,544,6925
2911,563,6895
2947,551,6845
2896,585,6851
2871,605,6851
2910,548,6746
2915,553,6858
2913,585,6885
2906,530,6886
2930,595,6831
2939,552,6826
2927,581,6873
2916,598,6920
2902,586,6812
2907,540,6826
2903,571,6834
2919,579,6841
2905,558,6859
2926,571,6899
2920,537,6865
2904,563,6914
2904,566,6942
2885,555,6921
2881,548,6848
2943,574,6980
2895,537,6903
2927,561,6935
2909,567,6991
2884,530,7040
2907,566,6909
2900,548,7021
2888,548,6947
2933,605,6863
2900,580,6948
2872,552,6932
2899,581,6949
2919,598,6929
2913,584,6949
2920,565,6911
2902,567,6938
2915,579,6836
2902,573,6817
2892,558,6902
2897,549,6957
2885,560,6913
2893,544,6921
2894,593,6856
2841,616,6872
2910,562,6887
2893,588,6855
2906,565,6763
2892,591,6933
2898,615,6914
2922,589,6897
2894,559,6879
2896,551,6873
2892,568,6870
2907,570,6862
2912,549,6897
2916,569,6752
2898,573,6823
2880,559,6796
2914,573,6872
2900,594,6845
2927,597,6845
2881,571,6902
2921,589,6870
2940,578,6906
2910,561,6808
2916,528,6891
2923,575,6902
2893,548,6896
2926,542,6835
2937,524,6874
2902,568,6917
2905,564,6828
2874,549,6949
2925,557,6888
2913,547,6875
2900,561,6940
2889,547,6882
2929,572,6919
2897,596,6958
2924,599,6936
2890,571,6899
2913,578,6870
2928,573,6764
2910,575,6862
2917,594,6855
2899,574,6847
2908,531,6870
2917,538,6889
2882,571,6911
2887,536,6858
2886,563,6963
2848,556,6739
2859,562,6885
2881,546,6869
2921,566,6982
2924,552,6950
2884,539,6910
2895,579,6946
2901,531,6907
2903,526,6882
2912,522,6925
2903,521,6842
2926,555,6971
2892,558,6904
2935,562,6963
2923,524,6935
2911,532,6986
2881,582,6993
2931,549,6930
2898,529,6936
2900,499,6995
2902,543,6925
2904,540,6961
2860,504,6996
2913,499,6960
2895,537,6910
2903,512,6944
2922,554,6937
2924,556,6875
2910,521,7052
2947,563,7017
2887,551,7032
2912,576,6977
2900,530,6981
2900,529,7022
2907,543,6992
2934,548,6935
2944,525,7000
2924,554,6996
2951,547,6944
2943,529,6991
2896,541,6977
2935,536,7020
2925,529,7073
2918,543,7030
2958,527,7062
2929,524,6958
2957,519,6841
2910,549,6978
2914,536,6989
2935,528,7034
2939,555,7009
2883,566,6939
2922,549,6952
2927,557,6977
2903,564,7058
2887,529,7036
2888,536,6996
2905,525,7017
2927,547,6971
2892,563,7031
2915,613,6941
2885,561,6972
2866,525,6969
2880,581,6874
2906,589,6940
2893,562,6931
2889,576,6929
2908,530,6997
2881,586,6886
2906,572,6867
2917,542,6907
2895,534,6931
2877,554,6919
2911,575,6921
2907,567,6930
2881,552,6987
2891,588,6917
2881,604,6928
2920,574,6915
2919,595,6941
2905,564,6934
2896,570,6853
2876,542,6791
2923,576,6968
2917,597,6987
2901,596,6914
2900,555,6945
2913,580,6906
2879,579,6896
2862,590,6924
2881,597,6974
2898,580,6903
2890,604,6934
2915,543,6939
2906,614,6912
2900,582,6977
2911,559,6979
2930,571,6960
2936,578,6927
2937,533,6947
2897,579,6909
2927,595,6950
2930,551,6933
2934,538,6899
2939,538,6912
2954,526,6923
2913,511,6950
2910,566,7002
2893,519,6955
2894,545,6933
2898,572,6977
2898,526,6995
2905,565,6990
2903,549,6991
2886,550,6969
2903,553,7026
2941,552,6985
2951,543,6974
2936,559,6839
2902,552,7003
2921,556,6991
2899,560,6945
2946,536,6958
2909,527,6986
2900,570,6950
2941,529,6902
2889,541,6910
2894,562,6853
2905,557,6919
2901,535,6949
2917,572,6962
2944,527,6906
2941,547,7007
2947,559,6983
2927,561,6961
2901,564,6978
2914,561,6812
2928,560,6959
2935,571,6942
2933,557,6910
2935,567,6945
2940,558,6984
2914,552,6908
2918,554,6916
2911,556,6954
2924,525,6956
2917,523,6870
2909,578,7006
2929,559,6948
2878,564,6896
2880,564,6979
2912,550,6934
2944,566,6861
2925,573,6965
2925,562,6961
2904,547,6947
2939,576,7048
2909,536,6995
2902,564,7032
2889,575,7000
2923,564,6902
2939,561,6898
2950,569,6874
2900,540,6911
2920,556,6882
2939,587,6946
2943,565,6932
2927,540,6882
2942,545,6927
2914,578,6859
2917,518,6885
2932,541,6877
2889,525,6954
2926,556,6966
2937,538,6935
2949,531,6937
2916,555,6919
2931,520,6857
2950,532,6989
2940,548,6904
2941,520,6918
2944,543,6902
2912,524,6931
2895,545,6902
2925,520,6903
2948,535,6971
2944,527,6935
2924,523,6882
2957,542,6897
2942,546,6976
2948,528,6968
2954,528,6974
2961,530,6960
2931,501,6957
2954,518,6910
2964,521,6991
2935,530,6951
2965,561,6933
2903,532,6948
2924,528,6861
2947,518,6960
2921,508,6953
2924,544,6986
2925,529,6991
2930,538,6928
2960,537,6944
2983,544,6898
2978,543,6882
2945,528,6888
2943,498,6789
2968,524,6936
2971,535,6856
2972,547,6921
2976,545,6905
2970,515,6955
2979,525,6897
2946,521,6887
2973,501,6903
2982,508,6906
2982,531,6936
2969,542,6923
2957,481,6881
2992,526,6955
2935,528,6955
2933,538,6908
2968,516,6899
2994,528,6831
2981,505,6849
2985,511,6935
2950,500,6937
2931,529,6882
2945,511,6896
2945,498,6906
2946,534,6960
2974,553,6864
2968,536,6891
2949,544,6812
2987,519,6970
2977,533,6974
2945,518,6946
2992,542,6915
2989,517,6934
2971,522,6904
2959,550,6987
2993,534,7014
2980,504,6889
2965,525,6955
3011,554,6986
2995,495,6963
3009,508,6980
3012,538,7005
3027,492,7010
2992,533,6922
2983,508,6920
2992,492,6917
2969,530,7036
2976,525,6989
2961,542,6919
3006,520,6984
2967,545,6987
2985,520,6979
2976,520,6947
2980,538,6960
2949,490,6845
2965,491,7047
2996,521,6954
2979,501,6982
2982,487,6970
2948,519,7001
2968,529,6948
2936,502,6962
2978,511,7028
2965,513,6943
2952,482,6998
2945,559,6984
2965,544,6959
2970,516,7001
2973,529,7012
2948,510,7083
2952,524,6999
2956,505,6996
2957,519,6900
2966,566,7017
2943,536,6997
2944,566,6999
2964,577,7003
2956,567,7033
2980,553,7038
2972,564,6966
2969,563,6996
2969,520,6856
2932,572,7004
2932,595,7013
2966,584,7018
2976,552,6958
2958,579,6983
2961,571,6978
2975,552,6996
2971,581,6972
2982,564,6831
2968,543,6996
2964,538,6962
2934,567,6993
2978,588,6935
2987,575,6972
2987,558,6919
2970,582,6967
2996,564,6967
2983,574,6814
2987,601,6966
2967,564,6963
2984,606,6976
2965,601,7032
2990,613,6971
2941,608,7009
2993,588,6950
2984,559,6933
2965,551,6986
2962,586,6960
2972,580,6994
2948,578,6944
2951,575,6958
2972,598,6944
2963,601,6928
2956,585,6932
2986,599,6991
2967,580,6937
2981,584,6950
2959,573,6953
2989,547,6913
2952,554,6981
2933,553,6993
2935,550,6899
2951,581,6989
2937,534,6967
2948,537,6949
3001,559,6923
2953,576,6958
2923,518,7028
2924,549,6905
2979,569,6927
2958,568,6906
2974,533,6993
2970,533,6902
2964,514,7029
2959,510,6961
2982,541,6900
2964,467,6966
2982,440,6996
2957,434,7039
2971,442,7011
2980,402,6993
3008,458,7067
3027,405,7045
3012,404,7010
3014,362,7061
3041,365,7137
3012,390,7097
3007,402,7055
3032,357,7023
3022,413,6959
3030,432,7035
2985,430,7015
3047,427,7005
3006,456,6935
3014,463,6842
3002,483,6888
3008,497,6926
2982,488,6903
2994,488,6930
3011,479,6887
3000,477,6902
3035,465,6800
3032,440,6886
3027,460,6894
3012,488,6929
3027,439,6948
2999,444,7018
3008,468,7007
3020,460,7043
3001,434,7063
3024,434,7045
2965,414,7059
3004,469,7109
3009,473,7052
3013,464,7111
2989,449,7088
2988,473,7055
3019,451,7171
2949,441,7180
2984,470,7067
2986,456,7279
2970,469,7297
2964,464,7350
2949,463,7344
2951,425,7413
2942,416,7408
2981,376,7458
2945,390,7540
2967,357,7408
2925,313,7601
2937,278,7586
2941,303,7539
2941,285,7658
2937,269,7624
2911,254,7626
2935,238,7658
2941,260,7680
2936,267,7672
2905,245,7652
2916,289,7706
2923,272,7784
2888,297,7749
2911,279,7802
2860,284,7754
2863,315,7737
2859,305,7836
2821,271,7819
2832,283,7852
2822,273,7865
2809,314,7880
2781,299,7873
2759,298,7870
2753,329,7890
2751,380,7905
2751,367,7931
2700,390,7831
2707,404,7871
2720,417,7951
2666,447,7944
2632,478,7876
2651,439,7980
2663,458,7928
2656,421,7936
2613,428,7975
2608,456,7844
2629,470,7967
2629,522,7908
2631,497,7859
2627,493,7852
2674,552,7663
2696,568,7747
2673,568,7622
2713,588,7538
2706,613,7463
2700,596,7453
2732,628,7458
2761,604,7394
2745,604,7402
2742,572,7231
2763,554,7351
2797,547,7398
2797,540,7426
2787,483,7367
2816,475,7449
2854,494,7419
2860,458,7493
2882,463,7442
2871,435,7478
2853,432,7463
2853,402,7485
2919,377,7449
2925,398,7395
2927,380,7368
2912,416,7297
2949,377,7371
2952,417,7301
2989,395,7291
2984,382,7270
2985,384,7225
2961,366,7211
3005,356,7137
3004,338,7117
2956,311,7204
2981,336,7198
2982,344,7148
2973,315,7145
2974,325,7110
2980,367,7094
2974,362,7081
3011,333,7035
2959,364,7043
3012,375,7081
3003,336,7046
2984,368,7135
3001,390,7120
2990,400,7127
2971,388,7170
3008,393,7174
2985,367,7153
2972,388,7174
2979,382,7229
3030,390,7198
3037,351,7149
3006,359,7108
3033,372,7096
2995,403,7053
3021,385,7005
2997,404,6923
3024,392,6906
2997,433,6847
3025,426,6908
3025,416,6783
3013,435,6794
2995,445,6833
2997,442,6705
3005,489,6618
2980,475,6603
2982,475,6457
2981,482,6509
2955,463,6485
2996,485,6402
3004,451,6373
2982,425,6352
2974,425,6391
2976,423,6348
3056,391,6368
3023,392,6339
3063,348,6341
3072,363,6411
3060,320,6385
3078,347,6447
3053,312,6401
3091,315,6432
3061,300,6376
3063,275,6436
3060,277,6260
3068,311,6461
3091,288,6393
3035,334,6441
3089,309,6458
3045,310,6378
3036,302,6408
3077,326,6467
3055,313,6414
3051,337,6415
3058,326,6465
3040,369,6471
3034,379,6490
3027,412,6583
3033,411,6631
2965,428,6674
3021,398,6653
3015,456,6665
2993,462,6722
2993,459,6834
2970,420,6849
2983,446,6796
2986,444,6927
3016,424,6991
3028,383,7024
3004,378,6917
3033,346,6977
3020,420,6900
2985,419,7092
2998,408,7096
2988,423,7131
2972,375,7138
3008,399,7101
3001,408,7123
3009,423,7025
3001,408,7096
2964,441,6994
3008,457,6960
3003,422,7012
2980,480,7090
2960,466,6952
2986,485,7010
2980,493,6952
2974,502,6891
3008,457,6987
2977,473,6906
3007,456,6996
3001,482,6981
2973,459,7008
3013,441,6954
3024,436,6906
2973,468,7000
2968,468,6928
2983,467,7023
2951,449,7043
2954,471,6977
2970,477,6974
2950,490,7082
2932,489,7142
2925,460,7153
2937,460,7202
2915,472,7199
2937,517,7243
2872,551,7126
2914,507,7217
2898,549,7186
2925,531,7152
2880,573,7131
2867,577,7156
2860,618,7130
2865,592,7093
2869,632,7043
2870,631,6820
2819,693,7015
2812,713,6955
2822,730,6954
2788,739,6878
2784,769,6880
2792,775,6927
2805,778,6924
2789,802,6814
2768,789,6751
2794,835,6847
2783,821,6773
2756,816,6769
2770,809,6714
2797,823,6781
2796,799,6723
2795,765,6743
2824,791,6740
2794,753,6787
2860,698,6769
2857,681,6740
2865,683,6807
2879,665,6737
2906,661,6809
2905,627,6683
2910,625,6721
2925,550,6696
2976,570,6778
2998,563,6648
2978,535,6758
2962,493,6731
2988,459,6696
3003,440,6747
2988,446,6794
3028,443,6787
3070,424,6844
3046,386,6786
3031,350,6792
3017,344,6855
3048,317,6858
3102,324,6879
3022,295,6876
3065,300,6835
3089,275,6828
3069,293,6827
3090,267,6866
3070,274,6831
3110,245,6834
3108,252,6855
3071,205,6852
3092,231,6853
3104,203,6903
3102,221,6899
3107,217,6867
3090,247,6878
3084,237,6885
3047,270,6910
3080,247,6896
3073,277,6854
3063,279,6903
3054,320,6889
3037,313,6800
3064,378,6805
3042,419,6843
3011,423,6823
2989,451,6858
3009,450,6857
3003,411,6895
2960,454,6899
2921,466,6999
2953,487,7152
2866,476,7277
2877,470,7252
2891,453,7310
2827,489,7344
2857,539,7431
2825,525,7472
2812,512,7536
2732,483,7582
2720,500,7620
2722,543,7625
2709,565,7587
2680,590,7453
2710,624,7501
2660,693,7368
2731,731,7263
2704,774,7133
2679,819,7069
2702,851,6979
2699,860,6842
2747,889,6765
2765,894,6476
2748,865,6467
2813,867,6434
2806,829,6319
2844,801,6225
2857,786,6155
2881,728,6214
2892,702,6129
2905,674,6036
2924,641,5952
2937,634,6038
2942,572,6089
2947,557,6030
2966,570,6080
2951,530,6114
2979,545,6196
2975,526,6198
2983,506,6198
2995,475,6313
3013,453,6409
3023,403,6479
3038,406,6550
3014,371,6645
3031,367,6600
3016,345,6633
3064,369,6632
3046,338,6620
3041,358,6662
3064,349,6602
3059,327,6639
3086,328,6550
3063,374,6549
3055,324,6507
3040,329,6605
3039,354,6572
3028,371,6491
3020,366,6384
3034,395,6521
3056,399,6486
3019,420,6523
3034,408,6515
3030,455,6550
3020,461,6546
3007,451,6617
3015,462,6635
3007,419,6592
2979,492,6744
2979,410,6776
2959,400,6799
2966,445,6820
3018,424,6881
2965,450,6871
3010,421,6894
2978,440,6902
2998,453,6935
2977,451,6902
2981,440,6863
2984,453,6821
3014,490,6893
2960,481,6860
2953,481,6754
2953,484,6738
2982,505,6746
2990,488,6664
2959,535,6752
2976,556,6855
2964,575,6717
2920,580,6817
2957,627,6777
2912,653,6784
2889,659,6691
2888,714,6687
2877,740,6499
2829,717,6693
2827,708,6782
2738,747,6749
2761,727,6786
2782,755,6797
2776,743,6778
2766,769,6769
2751,776,6804
2745,765,6653
2773,852,6780
2729,835,6781
2712,812,6674
2748,799,6647
2739,813,6612
2736,848,6697
2754,854,6674
2771,847,6588
2752,834,6455
2794,824,6602
2782,840,6550
2800,838,6510
2823,789,6563
2809,793,6510
2807,771,6501
2840,733,6527
2852,696,6512
2842,683,6612
2885,651,6574
2886,606,6617
2938,592,6601
2920,559,6604
2967,553,6638
2980,520,6540
3004,480,6588
2986,454,6539
3013,420,6597
3040,402,6616
3034,424,6528
3016,427,6529
3019,429,6486
3028,435,6515
2985,443,6451
3012,437,6399
3033,422,6396
3032,401,6433
3034,379,6467
3041,422,6454
3021,401,6476
3014,370,6455
3040,339,6528
3027,307,6623
3059,319,6677
3037,364,6641
3059,332,6780
3035,327,6660
3059,322,6783
3029,312,6814
3023,348,6795
3050,364,6809
3037,352,6854
2998,361,6893
2983,381,6869
2986,417,6939
2990,431,6918
2985,436,6975
2955,437,7016
2929,435,7039
2956,417,6962
2977,447,6970
2921,446,7053
2907,496,7050
2876,488,7043
2872,494,7099
2901,510,7048
2893,500,7128
2879,490,7122
2928,530,7151
2918,520,7054
2848,519,7011
2892,563,7030
2882,550,6983
2893,561,6897
2890,572,6896
2942,556,6883
2943,559,6813
2913,550,6908
2929,569,6854
2927,625,6820
2908,587,6779
2891,638,6813
2905,655,6595
2884,633,6713
2855,628,6713
2924,682,6773
2896,680,6710
2885,725,6695
2882,732,6786
2868,777,6853
2845,789,6752
2868,784,6638
2843,810,6579
2829,836,6454
2790,823,6350
2844,826,6398
2818,822,6339
2821,801,6241
2828,813,6304
2790,796,6259
2873,759,6228
2915,726,6246
2906,667,6282
2929,687,6232
2942,667,6395
2957,639,6437
2973,596,6537
2996,540,6643
2976,503,6694
3043,495,6715
3034,413,6802
3055,384,6855
3040,374,6843
3025,378,6813
3034,339,6850
3008,393,6831
3023,336,6836
3025,350,6800
3055,377,6714
3023,361,6848
3032,389,6824
3038,443,6757
3009,421,6809
2971,486,6837
2965,522,6827
2945,528,6791
2922,513,6947
2927,546,6787
2963,535,7063
2963,555,7018
2917,535,6995
2938,557,6907
2932,563,6945
2882,550,6925
2929,595,6878
2923,575,6840
2922,625,6712
2918,627,6745
2870,596,6690
2904,624,6627
2881,642,6708
2883,678,6737
2873,687,6668
2913,689,6628
2874,656,6589
2876,673,6677
2853,653,6658
2832,667,6723
2840,659,6692
2861,637,6803
2834,626,6770
2867,634,6752
2864,601,6807
2899,581,6770
2915,616,6740
2908,625,6664
2900,598,6722
2928,580,6760
2955,570,6673
2956,567,6654
2928,540,6595
2945,542,6645
2961,523,6612
2997,500,6525
2980,489,6568
2985,468,6574
2984,449,6641
3018,471,6589
3034,448,6663
3040,471,6545
3082,473,6654
3048,453,6578
3041,467,6601
3016,450,6599
3026,466,6695
2997,478,6656
2988,485,6692
3017,504,6703
2984,514,6704
2998,523,6729
2966,526,6723
3004,563,6730
2987,574,6673
2943,568,6672
2957,568,6642
2917,624,6686
2929,634,6634
2941,614,6557
2909,649,6506
2949,656,6546
2933,659,6503
2917,665,6500
2937,673,6442
2903,693,6454
2939,698,6450
2923,629,6475
2946,703,6423
2954,722,6406
2953,685,6444
2896,643,6401
2919,652,6405
2926,701,6392
2944,656,6227
2898,667,6185
2933,705,6140
2907,680,5954
2919,657,5894
2942,632,5930
2956,607,5939
2934,622,5755
2942,640,5978
2903,603,6017
2924,583,6081
2950,616,6118
2973,686,6166
2965,627,6230
2981,612,6319
2960,593,6469
2992,540,6331
3000,569,6575
2965,545,6565
3006,544,6635
3000,482,6698
3012,488,6742
2998,450,6710
2976,454,6743
3024,427,6742
3029,437,6746
3029,425,6816
3080,426,6694
3018,419,6675
3030,422,6708
3021,390,6651
2984,382,6762
3027,385,6647
3014,363,6674
3019,366,6692
3012,339,6715
3067,319,6802
3031,317,6732
3087,317,6812
3044,319,6858
3078,316,6812
3048,273,6867
3011,279,6861
3038,280,6689
3065,283,6864
2999,304,6904
3022,346,6857
3042,357,6911
3021,415,6793
3008,406,6780
3061,452,6817
3015,477,6739
3005,479,6600
3024,506,6761
3021,518,6706
2981,568,6709
2966,612,6688
2983,645,6606
2949,674,6604
2913,701,6585
2882,756,6598
2883,782,6654
2857,829,6698
2807,806,6710
2809,844,6745
2793,849,6832
2751,853,6834
2739,865,6890
2765,865,6978
2716,828,6939
2708,893,6949
2703,920,6919
2700,923,6821
2679,943,6783
2713,959,6697
2708,1039,6610
2685,1020,6516
2758,981,6421
2743,999,6309
2736,981,6206
2770,965,6262
2784,913,6215
2796,890,6346
2839,848,6241
2860,809,6272
2868,801,6237
2900,720,6295
2913,702,6268
2964,656,6217
2936,679,6321
2981,646,6259
2978,626,6302
2956,606,6287
2991,562,6351
3005,489,6437
2981,506,6443
2996,463,6466
3026,456,6410
3021,490,6518
3016,454,6512
3037,442,6421
3023,406,6479
3018,429,6506
3006,407,6531
3032,393,6591
3041,401,6567
3050,362,6643
3057,419,6582
3047,429,6583
3057,371,6660
3069,386,6654
3070,408,6671
3054,383,6649
3026,377,6606
3036,420,6678
3028,417,6674
3030,411,6654
3023,437,6759
3019,406,6814
3043,393,6734
3027,446,6810
3006,429,6744
2973,445,6769
3017,467,6793
2944,497,6765
2971,523,6861
2944,526,6748
2947,528,6745
2924,594,6691
2968,573,6703
2945,588,6552
2969,578,6652
2966,567,6536
2949,567,6392
2988,569,6255
2992,577,6413
2977,538,6331
2975,502,6300
2981,503,6357
3006,489,6333
3051,490,6294
3028,503,6340
3050,548,6300
2984,548,6318
3011,575,6400
3002,563,6469
3025,614,6404
2973,611,6568
2973,631,6643
2950,660,6636
2968,641,6637
2865,690,6547
2886,705,6372
2884,731,6106
2889,721,5943
2891,745,5661
2869,688,5458
2883,632,5279
2872,556,5271
2859,501,5152
2902,468,5189
2849,462,5140
2893,492,5106
2855,515,5146
2859,552,5185
2869,598,5254
2835,603,5327
2883,671,5448
2866,630,5556
2883,650,5652
2933,656,5636
2943,609,5951
2968,551,6062
2975,520,6215
2994,477,6387
3027,470,6452
3034,369,6628
3078,344,6715
3073,298,6703
3052,252,6671
3008,264,6734
3055,244,6784
3087,220,6717
3091,221,6760
3102,238,6762
3046,222,6701
3113,266,6672
3087,276,6558
3090,294,6460
3084,291,6517
3051,317,6401
3051,315,6346
3026,356,6278
3030,392,6242
3046,412,6228
3027,438,6238
3026,474,6233
2969,512,6138
2961,552,5973
2954,523,6144
2982,536,6367
2956,528,6422
2988,491,6510
2999,424,6626
3003,458,6718
3004,427,6799
3033,361,6876
3031,330,7004
3065,293,6972
3041,314,7014
3071,277,7094
3090,232,7171
3061,191,7173
3082,183,7084
3102,164,7168
3077,175,6957
3100,216,7071
3114,193,7085
3071,247,7002
3096,275,6863
3049,322,6785
3035,353,6617
3069,413,6522
3030,476,6358
3080,483,6177
3002,506,6026
3002,490,5906
2997,472,5828
3017,444,5673
3010,449,5647
3004,460,5623
2956,523,5561
2971,559,5663
2940,560,5664
2958,566,5766
2974,570,5778
2986,557,5830
2979,581,5942
2961,606,5947
2939,615,5981
2972,617,5981
2954,666,6088
2951,640,6098
2935,664,6240
2950,598,6214
2909,620,6240
2936,610,6268
2920,614,6290
2970,613,6384
2978,616,6358
2964,560,6411
2993,543,6284
2992,559,6422
2995,526,6454
2991,448,6421
2978,478,6456
2990,456,6446
2986,428,6574
3012,413,6518
3012,473,6525
2982,457,6380
3014,504,6530
2994,521,6466
2986,543,6438
2970,605,6351
2928,647,6317
2958,650,6253
2945,641,6320
2943,607,6298
2945,623,6366
2936,597,6324
2922,634,6382
2895,650,6472
2934,624,6478
2907,588,6628
2948,551,6738
2919,527,6764
2994,465,6893
2941,459,6939
2948,427,7005
2983,436,7072
2971,435,7011
2998,435,7099
3028,391,7096
2975,359,7111
2967,418,7145
2992,410,7110
2973,392,7185
2957,394,7112
3011,383,7178
2987,359,7106
2982,356,7106
2966,336,7178
3001,331,7246
2965,282,7248
2967,272,7342
2992,304,7371
2986,301,7387
3003,286,7422
2989,273,7373
2979,332,7314
2971,365,7282
2968,434,7098
2947,481,6917
2938,532,6812
2911,577,6589
2963,649,6233
2919,723,6192
2899,739,6042
2875,792,5851
2864,771,5840
2884,750,5773
2836,795,5851
2861,843,5883
2775,845,5954
2753,878,5969
2791,861,6113
2753,841,6161
2794,856,6306
2779,851,6408
2760,809,6483
2776,800,6529
2774,832,6536
2785,810,6458
2820,785,6449
2811,773,6478
2857,783,6442
2835,795,6443
2877,779,6378
2789,790,6330
2844,766,6179
2869,723,6125
2879,649,6086
2895,650,6118
2930,588,6154
2955,556,6085
2995,445,6098
3020,426,6103
3018,334,6106
3058,305,6192
3049,241,6026
3097,218,6118
3107,129,5978
3084,74,6178
3096,33,6097
3104,-13,6099
3121,-76,6101
3120,-96,6012
3104,-146,6134
3096,-158,6119
3102,-187,6095
3119,-184,5998
3083,-172,5972
3105,-189,6034
3139,-216,6049
3103,-198,6038
3151,-225,5983
3093,-179,6021
3099,-159,6043
3094,-171,6016
3143,-180,5953
3115,-128,5989
3083,-91,6003
3091,-49,6086
3093,7,6170
3080,-2,6226
3094,87,6134
3112,114,6208
3092,87,6179
3080,162,6175
3070,205,6326
3079,247,6413
3065,301,6422
3012,299,6468
3034,326,6530
3037,351,6529
2990,384,6687
2977,387,6673
2975,403,6612
2995,445,6854
2966,440,6862
2962,438,6924
2927,450,6955
2921,394,6986
2941,447,6940
2973,476,7018
2944,500,6926
2905,534,6937
2923,549,6858
2884,570,6793
2855,642,6764
2893,600,6760
2878,627,6736
2889,575,6645
2945,580,6659
2918,571,6650
2928,570,6675
2935,582,6763
2950,584,6729
2918,549,6859
2928,552,6964
2937,514,6992
2946,533,7123
2943,493,7105
2961,500,7128
2925,506,7166
2922,501,7114
2941,450,7135
2949,445,7082
2938,466,7104
2966,499,7087
2926,503,6996
2978,492,6972
3001,475,6965
2975,476,6938
2966,433,6800
2969,414,6746
2976,424,6671
3047,413,6661
3029,365,6677
3008,385,6582
3048,338,6564
3047,350,6521
3059,282,6494
3111,257,6405
3075,243,6448
3101,222,6491
3103,202,6443
3088,156,6465
3115,177,6379
3065,88,6370
3054,94,6346
3137,52,6348
3102,76,6384
3102,48,6401
3094,11,6335
3139,46,6350
3108,-16,6398
3117,26,6319
3127,37,6304
3109,69,6353
3122,121,6225
3110,168,6262
3065,190,6343
3091,238,6337
3085,211,6269
3030,287,6346
3080,307,6362
3050,297,6318
3034,335,6324
3012,371,6332
2974,420,6357
2960,440,6529
2992,492,6419
2966,494,6559
2979,506,6480
2976,514,6517
2986,530,6516
2974,565,6480
2958,555,6508
2914,582,6450
2952,619,6412
2937,597,6349
2952,568,6325
2941,578,6330
2949,585,6317
2914,572,6314
2940,584,6244
2925,529,6262
2953,557,6051
2941,507,6259
2952,502,6319
2966,507,6309
2972,496,6229
2973,458,6301
2988,466,6279
3058,447,6221
3058,405,6287
3080,382,6145
3062,370,6310
