-21,11,22
-25,10,22
-26,11,19
-32,9,18
-34,9,17
-41,9,18
-46,15,17
-49,18,19
-56,18,18
-59,20,14
-61,21,16
-59,19,11
-60,20,12
-56,20,8
-51,23,5
-47,24,5
-44,23,7
-38,24,7
-31,24,3
-21,24,6
-9,25,8
-2,25,6
9,30,11
20,30,11
31,33,13
43,33,20
54,32,19
62,34,24
74,37,28
82,39,32
95,37,36
105,38,36
113,40,36
122,42,38
129,37,41
136,39,38
149,40,35
156,36,37
163,35,36
170,33,35
174,32,32
181,32,30
185,28,28
191,29,27
193,30,23
197,30,23
203,28,24
208,29,26
208,29,23
214,28,19
216,30,20
222,32,19
225,32,20
230,31,19
239,31,21
245,35,22
252,34,21
253,29,22
256,32,25
266,31,24
269,30,20
274,32,19
277,33,19
289,31,18
296,34,19
301,39,19
303,37,17
299,35,23
301,35,27
298,33,32
296,34,37
291,31,37
284,33,34
277,37,39
273,36,39
265,38,40
259,39,42
251,39,37
241,39,37
228,36,39
214,35,37
200,35,38
186,31,36
175,26,37
167,23,40
154,20,39
133,13,44
122,11,43
114,15,39
105,18,40
105,16,40
97,15,46
86,17,46
70,18,47
51,23,46
46,28,41
43,34,39
35,37,36
25,42,34
23,44,25
22,45,16
20,49,12
21,47,7
27,45,2
23,41,-4
25,38,-12
28,38,-19
27,38,-24
29,38,-24
36,39,-26
40,40,-32
42,42,-33
45,43,-32
47,41,-34
50,39,-35
51,37,-39
45,34,-46
42,34,-46
41,34,-49
36,33,-54
32,31,-57
27,32,-58
23,35,-61
14,35,-61
15,36,-59
10,38,-60
1,40,-58
3,41,-56
-3,46,-56
-8,43,-53
-11,42,-52
-11,43,-51
-11,48,-49
-10,50,-48
-11,49,-44
-6,52,-41
-4,54,-38
-5,51,-37
-7,54,-38
-7,54,-39
-5,54,-39
-3,54,-37
-5,51,-38
-8,53,-36
-6,50,-34
-8,49,-34
-13,48,-33
-15,49,-28
-21,55,-30
-20,62,-31
-23,63,-30
-32,68,-34
-38,72,-40
-47,75,-46
-54,76,-51
-64,74,-54
-76,66,-62
-88,59,-68
-107,51,-73
-124,43,-78
-141,31,-78
-161,21,-81
-178,2,-82
-190,-17,-82
-211,-23,-79
-237,-29,-72
-256,-39,-68
-275,-47,-64
-291,-56,-62
-306,-61,-63
-323,-69,-61
-342,-82,-59
-354,-91,-58
-364,-107,-56
-370,-123,-54
-376,-141,-49
-376,-152,-41
-376,-163,-29
-371,-169,-17
-361,-171,-4
-356,-170,11
-344,-165,30
-325,-163,39
-306,-154,53
-291,-147,65
-277,-143,77
-260,-135,85
-239,-127,96
-217,-117,109
-196,-109,120
-174,-95,128
-151,-84,132
-125,-74,134
-103,-64,136
-75,-51,139
-44,-39,141
-11,-23,141
22,-18,143
56,-10,139
95,3,139
131,9,135
167,22,132
203,33,126
239,36,116
274,41,107
304,49,97
323,54,84
343,58,74
364,59,66
380,63,56
398,70,48
411,73,45
419,75,41
424,76,36
429,82,33
430,81,29
432,84,23
434,88,20
442,93,16
448,97,14
451,104,10
451,116,10
451,125,12
457,132,12
460,144,17
467,157,18
476,171,18
479,182,18
483,196,20
486,214,21
485,229,20
486,246,18
484,267,17
485,279,11
478,290,6
470,303,2
464,309,-5
455,317,-11
438,326,-14
420,332,-19
392,336,-20
354,348,-28
315,352,-38
293,360,-48
269,366,-58
232,374,-66
188,380,-81
143,382,-99
106,380,-117
71,379,-137
15,377,-158
-38,377,-171
-73,374,-192
-91,376,-207
-109,376,-223
-142,370,-237
-180,361,-252
-218,344,-265
-256,323,-279
-290,296,-290
-331,264,-302
-384,227,-301
-426,191,-300
-450,155,-301
-471,120,-299
-500,82,-285
-520,53,-271
-545,20,-255
-568,-11,-236
-596,-40,-223
-630,-77,-203
-660,-116,-180
-693,-150,-161
-726,-175,-138
-756,-203,-121
-782,-228,-102
-805,-244,-81
-824,-263,-60
-840,-280,-41
-853,-292,-11
-859,-300,20
-863,-306,57
-862,-311,93
-851,-315,125
-830,-309,158
-811,-304,192
-780,-303,225
-746,-294,256
-711,-282,290
-661,-272,318
-611,-262,347
-553,-245,379
-483,-236,408
-411,-217,435
-336,-200,460
-264,-181,482
-192,-165,499
-116,-150,514
-37,-130,530
38,-112,543
112,-95,546
186,-82,542
261,-72,532
349,-64,516
446,-55,500
536,-51,485
609,-45,468
678,-38,447
742,-33,421
803,-30,391
855,-28,362
899,-23,327
940,-16,296
978,-6,262
997,1,227
1005,8,194
989,14,163
957,19,130
929,22,95
901,20,63
880,22,29
855,25,2
821,24,-18
777,26,-35
727,31,-49
672,38,-58
624,43,-68
583,50,-84
544,58,-95
511,63,-109
469,71,-125
423,79,-139
383,87,-149
346,95,-157
307,108,-166
267,121,-176
224,137,-186
182,149,-190
140,159,-194
99,162,-200
60,171,-204
20,177,-206
-20,180,-209
-52,178,-212
-83,177,-215
-115,175,-217
-143,176,-222
-172,174,-226
-202,173,-224
-232,172,-222
-259,173,-222
-283,174,-218
-300,174,-213
-320,180,-205
-342,186,-199
-360,196,-196
-382,202,-196
-399,208,-202
-414,214,-199
-432,219,-207
-441,219,-211
-447,209,-217
-452,198,-221
-455,185,-223
-455,173,-226
-456,160,-224
-457,135,-222
-456,112,-220
-457,93,-214
-460,77,-210
-463,66,-198
-455,58,-187
-433,50,-170
-409,42,-153
-384,34,-136
-359,31,-109
-330,33,-79
-296,35,-57
-260,35,-40
-214,37,-15
-175,38,12
-144,41,34
-106,44,59
-63,50,78
-26,49,97
17,50,116
61,52,136
103,48,157
141,50,173
183,59,190
219,66,207
254,75,219
292,89,231
333,102,240
375,117,247
405,138,252
423,156,251
436,172,243
447,186,233
455,194,214
462,198,194
471,201,171
472,198,151
455,194,131
438,190,106
421,184,82
403,173,51
389,164,25
367,156,-2
336,146,-27
294,141,-51
254,139,-70
207,144,-93
151,151,-107
93,158,-113
40,155,-115
-12,150,-118
-59,141,-124
-107,132,-127
-160,119,-133
-210,106,-140
-260,100,-146
-315,83,-149
-361,75,-149
-405,69,-146
-446,65,-143
-489,59,-129
-531,53,-122
-572,50,-117
-609,45,-109
-647,37,-102
-685,32,-95
-724,25,-88
-760,16,-81
-797,5,-71
-833,-5,-62
-862,-8,-56
-892,-10,-52
-922,-9,-45
-952,-3,-33
-987,-5,-17
-1015,-5,-6
-1027,-3,6
-1036,-1,15
-1064,-5,25
-1096,-7,32
-1118,-11,37
-1130,-18,48
-1147,-21,59
-1155,-23,65
-1152,-27,79
-1143,-25,87
-1134,-24,92
-1131,-21,103
-1122,-14,110
-1104,-9,117
-1076,-3,121
-1034,0,127
-1006,4,131
-986,4,135
-962,6,129
-926,10,125
-882,12,123
-840,13,125
-793,11,128
-739,13,126
-683,15,128
-623,11,132
-544,13,130
-466,12,127
-411,8,125
-372,4,123
-341,0,116
-319,3,111
-291,4,105
-255,7,98
-218,12,88
-192,21,81
-166,25,75
-133,25,67
-109,25,60
-99,28,55
-91,31,51
-84,32,40
-91,36,31
-89,35,21
-87,33,11
-89,31,2
-96,28,-2
-112,20,-6
-122,19,-13
-131,20,-12
-147,15,-15
-177,12,-13
-205,11,-7
-210,17,-5
-203,18,-3
-210,21,4
-222,28,10
-232,33,13
-239,35,17
-241,37,20
-234,39,21
-228,34,24
-219,26,26
-210,16,32
-199,10,30
-184,7,34
-168,5,39
-150,11,42
-133,17,45
-116,25,52
-94,30,60
-75,35,68
-55,40,78
-33,43,87
-10,48,95
13,60,101
38,65,108
60,63,112
83,58,111
105,55,109
121,52,106
142,43,101
164,40,98
181,33,95
195,31,90
212,24,88
224,18,87
236,18,89
246,20,89
256,16,90
267,13,95
282,17,95
293,16,93
296,18,94
301,22,94
309,25,90
309,28,86
310,34,83
311,39,77
315,38,73
310,37,69
309,35,66
311,34,63
315,31,61
320,27,57
317,27,56
316,23,55
318,26,54
311,29,51
302,32,47
297,33,44
294,37,40
287,39,35
279,39,34
274,43,32
263,47,31
253,49,27
246,50,27
243,49,22
237,47,17
228,47,17
218,41,15
212,35,13
198,34,13
186,25,14
175,17,12
165,10,13
153,6,9
136,2,11
118,-4,13
104,0,18
92,8,27
73,8,32
62,9,35
47,10,40
32,4,45
19,2,49
7,3,48
-1,1,49
-7,-4,51
-16,-14,54
-24,-22,54
-27,-30,53
-30,-30,52
-34,-30,50
-36,-32,49
-39,-34,49
-37,-32,51
-33,-31,56
-32,-27,62
-24,-27,71
-21,-27,79
-14,-22,83
-8,-24,90
-9,-24,100
-8,-27,109
-6,-25,113
-5,-28,127
-2,-28,135
7,-31,145
13,-31,153
23,-26,162
33,-27,170
43,-27,182
51,-21,190
61,-19,199
69,-12,208
84,-2,212
102,8,217
118,21,223
129,35,223
141,48,215
155,67,207
168,85,196
187,102,182
214,116,174
233,129,164
247,137,152
266,148,140
287,160,128
301,166,112
308,172,93
320,169,74
330,173,46
335,172,22
338,160,-5
343,155,-25
346,147,-41
349,135,-56
346,124,-77
337,113,-100
327,100,-122
315,93,-140
301,81,-153
286,69,-165
272,61,-174
256,54,-184
240,51,-190
227,47,-192
209,45,-193
187,44,-193
175,41,-190
159,41,-195
136,37,-192
115,34,-187
97,32,-183
76,31,-178
60,30,-174
39,27,-172
15,19,-165
-8,17,-155
-24,15,-145
-42,13,-136
-58,18,-122
-70,21,-112
-84,18,-101
-97,25,-89
-113,27,-79
-130,27,-66
-141,34,-60
-159,36,-56
-176,41,-53
-190,42,-51
-207,40,-46
-225,39,-40
-235,40,-36
-245,39,-29
-259,37,-21
-271,41,-16
-280,42,-8
-287,38,2
-292,39,10
-297,34,10
-302,33,13
-310,34,19
-318,33,21
-327,31,20
-340,32,22
-358,32,19
-372,29,13
-383,27,11
-393,28,9
-404,23,2
-415,23,-2
-420,18,-4
-427,13,-8
-440,9,-10
-450,5,-15
-458,3,-18
-461,-2,-19
-469,-3,-19
-482,-4,-18
-496,-6,-20
-510,-13,-26
-522,-22,-27
-536,-25,-32
-548,-27,-36
-561,-31,-41
-577,-33,-45
-593,-39,-46
-609,-42,-48
-617,-43,-50
-625,-45,-48
-626,-40,-48
-625,-35,-45
-625,-26,-41
-620,-24,-41
-617,-23,-40
-607,-19,-37
-595,-10,-37
-583,1,-35
-567,6,-37
-546,9,-35
-526,8,-32
-508,9,-27
-485,13,-26
-461,18,-22
-431,21,-15
-405,25,-12
-374,28,-7
-341,31,3
-312,30,8
-278,32,10
-244,33,21
-212,33,24
-185,34,25
-157,36,29
-133,39,32
-113,38,29
-97,39,29
-75,31,30
-62,26,27
-44,24,25
-26,24,23
-5,18,24
16,15,28
32,9,31
45,7,33
58,11,31
66,11,28
76,10,28
75,10,28
80,9,28
83,10,31
85,11,27
87,6,27
89,5,28
89,7,30
90,6,30
93,7,29
94,8,29
93,13,33
92,16,34
93,20,30
94,24,28
92,29,26
86,32,28
76,34,22
69,41,17
64,49,14
62,49,14
58,46,12
54,46,13
43,49,14
34,48,13
17,46,7
3,41,2
-14,37,-1
-35,36,-2
-60,36,-4
-83,34,-6
-104,32,-12
-127,32,-15
-156,30,-19
-189,28,-24
-220,32,-25
-246,34,-30
-265,34,-35
-283,35,-40
-294,35,-41
-302,36,-40
-298,35,-36
-289,34,-30
-286,31,-24
-274,29,-20
-261,27,-17
-243,26,-12
-229,22,-9
-207,22,-7
-183,19,-4
-152,19,-3
-127,16,2
-100,22,8
-69,23,13
-34,28,15
5,32,24
39,36,25
72,42,29
108,44,32
142,44,29
172,43,28
198,43,25
222,41,18
245,38,12
263,39,6
279,36,3
294,36,-1
307,37,-2
317,38,-6
322,40,-7
328,44,-12
326,45,-15
327,48,-18
324,46,-23
309,44,-26
296,44,-30
285,43,-34
268,44,-40
251,45,-43
236,45,-45
221,40,-46
203,38,-49
184,39,-48
168,40,-48
146,35,-48
127,35,-48
109,33,-47
88,32,-45
71,32,-41
56,30,-41
40,33,-36
24,31,-34
11,28,-33
0,24,-30
-12,26,-23
-22,26,-18
-31,27,-18
-33,24,-17
-33,23,-16
-36,25,-14
-36,24,-11
-41,25,-9
-41,24,-9
-40,29,-9
-34,31,-9
-32,32,-8
-30,36,-7
-25,38,-8
-18,40,-7
-10,45,-8
-7,49,-5
0,47,-7
6,42,-6
15,38,-9
19,36,-14
20,33,-17
23,29,-16
28,30,-13
34,34,-13
39,33,-12
49,33,-9
48,40,-8
42,44,1
38,52,2
40,59,4
38,72,12
41,83,20
44,92,30
40,94,36
34,91,42
25,86,46
15,85,41
5,86,32
-3,85,25
-11,86,21
-13,86,15
-12,83,11
-14,75,11
-21,70,11
-16,73,12
-14,75,14
-15,73,14
-16,70,14
-13,67,17
-9,59,14
-1,49,9
1,46,6
9,44,4
14,43,1
23,43,-1
32,41,-4
43,43,-3
48,45,-5
64,42,-10
72,39,-12
81,38,-14
96,35,-14
111,34,-17
120,32,-15
130,30,-13
141,27,-17
156,26,-21
168,23,-23
176,23,-23
178,20,-23
182,18,-20
177,18,-16
175,16,-17
176,15,-12
171,19,-4
171,23,3
171,24,4
165,28,7
154,34,9
145,40,8
134,46,12
122,47,16
114,47,23
102,43,23
91,42,27
86,39,32
74,40,36
59,37,39
40,40,45
18,48,57
-6,57,69
-25,61,82
-49,64,94
-76,72,102
-103,69,108
-126,62,106
-135,52,94
-137,34,79
-136,14,62
-134,-14,47
-141,-46,25
-153,-68,2
-165,-79,-15
-182,-86,-36
-198,-88,-51
-215,-93,-60
-229,-94,-67
-260,-92,-64
-297,-90,-60
-345,-96,-54
-402,-102,-46
-459,-103,-38
-510,-106,-28
-560,-113,-19
-614,-121,-13
-668,-127,-16
-712,-128,-23
-754,-122,-35
-819,-121,-47
-886,-123,-54
-937,-131,-58
-971,-135,-65
-1004,-138,-66
-1044,-141,-63
-1096,-143,-59
-1147,-144,-54
-1187,-145,-49
-1194,-141,-46
-1183,-136,-42
-1183,-125,-34
-1198,-111,-30
-1220,-106,-29
-1214,-93,-29
-1185,-75,-33
-1137,-56,-41
-1065,-34,-45
-989,-20,-44
-932,0,-46
-872,16,-47
-805,29,-47
-738,31,-47
-666,40,-47
-593,49,-49
-517,54,-51
-435,60,-55
-342,63,-62
-257,62,-69
-195,67,-73
-128,72,-81
-71,78,-86
-10,84,-99
60,89,-108
139,98,-111
218,104,-114
283,110,-113
338,120,-112
397,128,-113
466,131,-115
532,135,-115
574,134,-112
599,135,-110
623,132,-115
649,133,-121
686,135,-130
717,138,-130
744,140,-134
762,141,-132
773,144,-126
774,144,-121
772,142,-110
764,144,-98
751,143,-90
738,139,-75
719,135,-63
693,131,-58
666,120,-55
644,115,-53
615,111,-52
585,106,-52
555,107,-48
530,106,-45
506,105,-37
479,102,-27
452,103,-19
426,104,-12
398,103,0
376,101,6
355,95,10
332,91,14
303,84,17
274,79,15
252,69,15
229,68,11
201,63,9
174,62,12
150,61,13
119,58,12
98,55,15
69,53,21
35,49,21
0,47,21
-32,43,25
-64,38,25
-96,38,29
-128,31,30
-159,25,30
-191,24,35
-228,18,37
-259,13,34
-283,5,39
-313,3,40
-332,3,43
-355,1,47
-374,-5,46
-388,-7,47
-409,-9,50
-424,-6,54
-443,-3,56
-458,-1,58
-469,8,59
-472,23,59
-466,42,60
-455,57,68
-452,73,77
-453,95,92
-457,114,103
-463,125,111
-475,135,116
-484,140,115
-509,146,110
-536,143,99
-564,136,93
-600,119,80
-633,99,65
-666,81,52
-701,63,35
-722,42,23
-721,27,12
-716,12,4
-710,1,5
-702,-16,10
-697,-26,14
-688,-42,13
-678,-53,11
-670,-49,16
-666,-50,21
-651,-45,28
-628,-42,37
-607,-33,47
-592,-25,67
-583,-17,87
-574,-6,105
-565,8,124
-553,19,138
-539,27,147
-519,36,154
-496,43,157
-459,52,157
-418,56,156
-375,63,163
-332,63,162
-286,58,166
-240,55,167
-194,49,167
-153,41,168
-113,38,161
-79,33,154
-48,26,149
-18,22,137
14,21,128
47,19,116
71,20,108
99,19,101
117,20,94
136,21,89
149,22,86
159,27,84
161,30,87
161,35,88
162,41,91
152,44,94
146,56,96
137,65,98
124,72,100
108,80,102
86,88,102
65,88,101
42,91,98
12,89,92
-20,86,84
-49,75,77
-85,66,69
-116,57,61
-145,48,55
-172,34,49
-201,22,47
-219,12,45
-241,5,45
-259,-5,44
-277,-12,44
-303,-14,45
-321,-15,46
-337,-13,47
-352,-11,44
-372,-10,43
-387,-9,41
-396,-12,40
-410,-18,40
-424,-22,37
-439,-30,34
-447,-37,32
-456,-50,28
-467,-58,24
-475,-64,21
-481,-68,20
-493,-77,17
-492,-81,16
-486,-77,17
-487,-77,14
-490,-71,13
-488,-65,15
-483,-57,11
-467,-47,7
-449,-32,9
-429,-13,7
-412,1,5
-383,9,10
-359,20,9
-335,26,13
-305,30,18
-281,40,19
-266,45,21
-247,53,17
-229,59,13
-215,67,13
-201,73,11
-181,75,4
-157,84,6
-138,90,10
-112,95,11
-85,104,14
-65,109,16
-46,111,20
-33,109,18
-16,108,11
-2,103,7
10,103,2
22,101,-5
29,98,-10
26,97,-12
21,92,-14
20,90,-21
18,88,-23
11,78,-24
3,73,-23
-1,68,-20
-12,61,-19
-16,53,-19
-25,43,-18
-33,38,-18
-39,30,-17
-55,22,-18
-71,17,-14
-88,11,-10
-108,8,-6
-127,8,-2
-152,9,3
-179,9,8
-194,10,16
-216,6,28
-235,6,37
-248,8,45
-262,13,51
-281,12,60
-295,12,59
-309,13,63
-328,7,63
-347,0,60
-359,-3,56
-367,-12,47
-372,-17,46
-376,-22,47
-378,-28,49
-373,-33,51
-363,-36,53
-359,-35,54
-351,-36,51
-330,-28,48
-309,-27,46
-291,-25,43
-281,-19,39
-267,-19,36
-251,-17,28
-228,-13,26
-197,-10,23
-166,-10,21
-137,-8,18
-111,-3,16
-78,2,17
-43,7,15
-4,6,14
41,12,14
89,14,11
132,11,9
174,9,10
213,11,12
247,13,13
282,17,13
314,18,11
342,18,12
367,16,14
383,12,13
401,13,5
413,9,2
420,8,-1
429,7,-3
440,8,-7
445,8,-12
449,7,-14
449,6,-15
452,8,-17
456,13,-20
462,15,-22
462,15,-23
463,18,-25
465,22,-24
464,27,-22
466,30,-24
461,31,-20
454,26,-21
449,28,-21
441,30,-18
434,32,-16
432,30,-14
428,31,-7
425,30,-7
422,31,-5
423,30,-3
420,32,2
412,34,7
411,33,11
410,35,16
408,34,23
408,38,25
406,46,27
405,54,29
406,59,31
402,64,32
401,70,36
404,73,37
402,74,39
405,72,35
408,69,30
409,65,31
410,61,30
408,59,26
405,58,27
401,53,28
395,49,26
394,48,28
388,48,30
386,47,31
372,43,31
360,41,32
350,42,30
341,36,31
333,33,29
318,31,29
306,32,28
293,32,23
277,26,21
264,29,17
253,29,14
244,24,9
230,20,6
220,15,0
209,8,-2
198,1,-4
190,-3,-2
185,-10,0
180,-15,-2
176,-16,1
173,-21,5
171,-23,4
168,-23,8
169,-26,12
171,-21,16
172,-16,19
179,-7,22
189,-4,26
198,3,32
211,6,38
217,7,41
226,16,41
231,19,43
236,18,45
242,16,46
242,11,47
245,7,48
245,4,49
240,-3,50
235,-3,47
236,-3,53
232,-1,56
235,0,58
232,0,65
226,5,71
227,7,70
225,10,71
223,12,75
221,13,72
217,17,72
214,21,68
207,24,62
208,22,61
207,20,57
202,14,55
202,12,56
194,12,54
189,3,50
184,-1,50
176,-6,45
167,-9,43
163,-12,42
149,-13,43
141,-11,47
132,-10,42
124,-5,42
115,-2,43
107,0,42
99,-2,37
92,1,34
86,1,33
81,2,31
72,3,29
69,4,27
66,2,29
68,-2,28
68,-1,27
64,-3,27
67,-5,31
72,-6,34
78,-3,37
82,0,35
87,0,35
95,6,38
100,12,39
101,16,36
107,23,38
110,27,41
113,30,40
106,30,39
100,32,37
93,33,34
87,31,34
85,33,29
74,38,27
69,39,23
59,36,18
42,36,13
37,36,12
24,39,11
10,38,8
-1,38,4
-15,38,3
-26,36,0
-37,33,-5
-50,28,-7
-60,25,-8
-71,23,-8
-83,21,-10
-101,19,-11
-111,16,-13
-125,12,-16
-138,14,-19
-152,13,-19
-168,12,-22
-189,12,-19
-204,14,-19
-217,13,-18
-232,13,-18
-251,18,-21
-264,19,-21
-280,20,-21
-293,25,-22
-307,28,-26
-323,28,-29
-336,21,-27
-345,19,-28
-352,22,-28
-359,19,-29
-368,18,-31
-372,15,-31
-366,16,-31
-361,18,-31
-356,20,-31
-345,24,-31
-338,25,-29
-331,29,-33
-327,31,-32
-325,29,-30
-321,33,-35
-311,28,-35
-305,23,-34
-298,24,-34
-294,23,-34
-283,23,-31
-274,22,-24
-265,23,-20
-254,24,-19
-248,21,-12
-239,27,-6
-230,31,1
-224,33,4
-217,34,4
-213,34,7
-212,34,11
-210,33,13
-208,33,18
-206,33,23
-208,33,27
-209,32,26
-204,29,30
-203,28,34
-204,24,39
-201,20,38
-204,16,40
-206,14,36
-207,12,37
-210,15,38
-210,15,37
-216,15,34
-216,16,40
-212,20,38
-214,22,38
-214,23,34
-212,23,29
-211,21,30
-205,22,28
-205,22,23
-199,23,19
-189,24,16
-186,23,14
-185,22,11
-181,22,10
-175,24,10
-170,26,6
-164,29,1
-162,29,-1
-161,33,-4
-160,37,-6
-158,42,-15
-157,41,-20
-155,40,-25
-153,38,-25
-156,38,-26
-152,38,-31
-149,35,-32
-148,31,-35
-147,29,-38
-140,32,-37
-129,30,-34
-121,29,-33
-115,27,-35
-107,24,-35
-93,27,-37
-83,26,-35
-72,25,-36
-56,24,-30
-42,26,-25
-30,25,-24
-15,26,-22
2,29,-19
10,27,-13
24,27,-15
35,26,-10
46,28,-5
58,31,-3
68,32,-3
81,33,4
94,38,10
105,36,7
116,35,7
121,40,8
127,40,9
132,39,7
135,38,7
139,40,8
141,41,6
140,40,5
134,40,5
122,39,3
111,35,3
100,29,-2
86,28,0
70,26,2
57,14,3
45,18,3
29,20,4
18,21,2
7,24,5
-3,30,7
-9,34,5
-26,34,0
-40,34,-4
-53,29,-4
-68,28,-5
-85,26,-10
-98,26,-17
-112,28,-15
-119,31,-16
-128,32,-17
-136,26,-15
-142,27,-12
-145,28,-10
-151,24,-4
-148,24,-1
-146,27,3
-148,28,5
-148,27,4
-146,26,4
-142,25,9
-143,22,9
-141,21,12
-139,19,16
-134,14,15
-127,12,18
-120,10,24
-114,8,24
-109,3,23
-102,4,27
-93,3,25
-84,1,26
-76,-3,24
-67,-3,25
-60,-4,23
-54,-7,21
-47,-6,22
-41,-5,23
-35,-2,24
-27,-2,25
-18,-4,24
-14,-4,24
-8,-3,27
3,-3,28
11,-3,30
20,-6,31
25,-5,34
32,-2,33
35,2,35
44,4,37
53,6,37
57,9,39
61,11,42
72,17,45
78,19,48
86,20,47
95,22,50
103,24,52
110,27,50
119,27,54
131,24,51
136,26,52
143,30,53
150,31,51
159,28,50
164,28,50
175,28,52
183,28,49
190,25,50
198,21,53
203,16,57
211,15,57
224,11,54
228,7,57
241,8,56
250,3,53
260,3,59
268,6,60
277,2,61
280,6,64
285,6,64
291,8,70
302,9,70
310,8,74
308,12,74
314,9,74
317,9,74
324,8,76
325,6,74
330,7,75
333,6,74
336,6,77
341,8,76
348,9,78
351,11,81
354,10,85
358,10,89
359,7,86
357,5,85
356,3,86
356,2,82
358,-3,83
361,-2,81
354,1,86
355,9,87
352,16,89
347,13,89
344,14,89
344,10,88
332,13,86
317,15,86
306,16,84
292,13,82
278,8,79
263,12,78
248,10,76
236,9,72
221,7,72
207,6,71
194,5,69
182,6,66
174,5,65
165,3,63
156,4,60
146,4,60
139,2,61
133,5,62
124,8,57
119,9,52
107,8,52
103,7,51
98,4,50
87,4,52
82,6,56
76,8,57
71,8,57
62,5,62
53,7,62
45,5,63
39,8,64
33,10,69
23,15,66
10,15,64
-2,20,59
-11,24,55
-20,26,55
-31,26,50
-43,27,47
-50,26,44
-56,26,42
-64,26,38
-70,24,31
-76,22,28
-80,22,26
-85,20,22
-88,18,22
-82,18,20
-80,19,18
-79,20,19
-77,20,18
-70,24,18
-64,26,21
-56,24,24
-50,23,23
-48,23,19
-42,25,19
-32,28,17
-23,26,18
-24,22,18
-19,27,14
-14,27,12
-7,27,14
4,24,14
9,23,16
11,22,16
19,24,11
24,24,10
20,25,4
19,24,1
19,20,-2
22,19,-5
27,17,-8
28,17,-11
26,18,-17
25,13,-20
24,10,-24
21,7,-27
15,9,-31
9,6,-33
7,5,-34
6,7,-38
6,13,-39
1,11,-36
-4,6,-30
-12,6,-29
-16,11,-26
-22,11,-21
-29,14,-18
-38,18,-16
-46,22,-16
-53,22,-15
-60,22,-17
-68,22,-18
-72,24,-20
-80,22,-20
-90,21,-22
-96,22,-27
-102,23,-29
-107,24,-27
-107,26,-27
-112,26,-32
-114,32,-33
-117,36,-41
-121,39,-44
-129,40,-48
-136,41,-51
-143,43,-54
-153,36,-58
-164,33,-62
-173,27,-68
-179,24,-69
-185,25,-72
-188,25,-72
-191,28,-71
-193,27,-65
-191,22,-66
-197,17,-64
-197,18,-59
-189,22,-57
-190,24,-56
-190,22,-56
-187,23,-55
-183,25,-55
-175,25,-54
-170,24,-51
-164,22,-49
-159,18,-48
-152,15,-47
-144,13,-44
-138,10,-38
-132,9,-35
-128,6,-34
-123,2,-31
-117,4,-31
-111,6,-27
-109,6,-23
-111,8,-22
-106,9,-23
-102,7,-25
-101,10,-22
-100,13,-19
-99,14,-16
-98,19,-15
-95,19,-18
-91,23,-17
-88,26,-15
-86,24,-14
-85,20,-14
-82,20,-11
-79,22,-12
-72,23,-9
-70,24,-9
-63,21,-5
-60,23,-3
-59,23,-3
-56,26,-4
-50,28,-3
-44,29,-4
-40,29,-3
-35,29,-4
-30,30,-5
-20,30,-9
-16,31,-12
-12,33,-11
-6,36,-9
0,34,-12
4,34,-16
4,34,-18
8,39,-16
9,35,-15
11,37,-15
15,35,-15
11,32,-17
11,30,-15
12,30,-18
11,29,-21
8,29,-23
5,29,-20
2,26,-20
5,23,-18
1,25,-19
-8,21,-16
-12,19,-15
-18,20,-12
-22,18,-7
-32,18,-6
-36,16,-3
-40,14,-1
-47,18,4
-51,12,7
-59,9,11
-67,14,15
-70,20,18
-76,19,24
-83,23,26
-90,25,28
-101,25,30
-108,24,31
-115,24,29
-123,24,32
-131,28,35
-141,26,34
-152,25,32
-164,24,31
-169,23,33
-175,22,35
-174,23,33
-177,22,35
-177,29,35
-174,31,35
-171,31,35
-168,32,35
-165,31,33
-165,31,29
-166,26,30
-168,21,28
-163,19,25
-168,21,28
-169,21,26
-166,24,23
-158,25,24
-154,25,28
-154,23,28
-154,30,31
-145,34,32
-138,32,33
-135,34,34
-128,36,36
-119,35,39
-110,32,38
-102,33,35
-91,34,36
-82,30,35
-72,27,33
-62,26,35
-52,25,32
-39,25,35
-29,24,33
-18,26,34
-1,26,33
8,26,35
16,25,37
24,22,33
30,22,33
35,20,27
41,25,24
47,25,26
51,25,21
51,25,19
55,25,20
60,25,21
58,26,19
59,27,21
55,24,20
57,27,20
57,29,18
56,27,18
50,27,18
47,25,20
43,28,24
43,28,23
37,27,23
36,27,24
35,29,25
36,33,25
29,33,26
28,34,25
28,33,27
24,37,26
21,39,22
21,37,17
21,36,14
19,37,17
19,35,17
17,34,17
14,32,15
10,32,13
15,31,16
13,29,16
11,29,11
11,29,8
13,26,10
14,27,11
22,26,13
23,27,15
20,28,14
23,27,12
26,24,12
27,27,9
26,27,7
36,26,6
39,24,2
38,25,2
34,24,4
37,23,3
38,24,2
37,19,-3
31,22,-3
29,25,1
23,26,-3
23,29,0
18,27,5
16,30,3
16,32,6
14,30,4
8,28,2
6,31,2
4,34,5
2,33,6
-1,32,5
-3,27,2
-4,23,2
-7,27,3
-7,25,8
-3,24,12
1,26,11
2,31,13
6,35,15
11,37,15
17,40,17
22,40,18
22,37,17
21,35,14
18,36,15
20,34,11
18,32,11
15,33,8
11,35,8
8,33,7
6,38,10
7,36,11
7,32,14
6,33,16
1,35,18
-1,35,20
2,37,19
6,38,21
8,36,23
6,33,20
11,31,21
12,31,19
14,28,19
8,27,16
9,23,19
7,23,17
7,23,17
6,21,16
3,20,12
0,24,13
-5,23,14
-10,22,11
-11,23,9
-17,23,10
-22,21,8
-27,22,3
-32,20,-2
-38,19,-6
-42,19,-7
-43,23,-8
-47,25,-9
-50,28,-13
-54,27,-13
-55,26,-16
-55,26,-18
-58,27,-20
-60,24,-23
-64,28,-27
-64,28,-29
-67,31,-30
-66,32,-31
-67,30,-27
-65,34,-27
-68,36,-29
-70,33,-26
-71,36,-24
-71,40,-20
-68,39,-19
-63,41,-18
-56,43,-17
-50,44,-11
-45,42,-8
-39,40,-7
-34,47,-6
-26,44,-3
-17,41,-2
-11,43,0
-2,41,5
1,37,2
13,35,4
23,32,6
32,29,8
43,26,11
54,23,11
62,19,8
73,22,13
82,22,15
91,20,13
97,19,13
108,18,19
117,16,19
121,13,20
133,14,21
139,11,21
142,17,22
150,19,21
156,19,23
156,22,22
160,21,20
164,22,20
165,24,21
163,27,23
164,32,21
160,31,23
154,31,19
149,33,21
146,33,21
137,34,22
129,36,21
122,34,23
114,34,21
107,35,19
96,30,20
83,30,19
73,28,17
60,25,18
47,23,17
36,22,16
20,25,15
10,30,17
4,33,16
-5,36,15
-15,38,16
-26,40,9
-31,39,7
-40,36,5
-51,35,2
-57,32,0
-61,33,0
-66,34,2
-70,31,3
-77,29,2
-76,29,-1
-74,28,1
-72,27,2
-69,26,9
-65,25,12
-56,24,14
-45,28,17
-36,24,22
-24,23,23
-8,24,23
9,25,27
19,27,28
33,24,27
45,21,28
58,18,28
72,18,31
83,15,31
89,15,30
100,14,37
107,10,40
114,8,39
122,11,40
120,11,40
120,8,41
120,5,38
113,8,34
108,11,34
100,8,35
93,6,31
91,11,32
88,14,30
83,15,28
81,19,28
79,18,24
75,19,23
73,22,21
72,20,22
74,19,19
76,22,20
80,25,19
83,27,19
86,29,21
88,32,18
90,34,16
92,36,15
98,36,16
100,38,14
102,41,13
106,39,12
109,39,10
107,40,10
102,38,5
98,40,5
99,38,3
101,36,2
99,34,1
96,33,2
92,31,0
86,30,-3
82,27,-3
83,30,-1
77,27,-3
72,28,-5
69,25,-4
63,22,0
61,25,1
54,22,0
54,21,6
49,19,8
45,19,10
43,14,15
38,15,17
35,15,19
33,17,23
28,15,27
24,13,31
22,16,32
20,18,31
17,17,30
16,17,32
14,16,30
17,16,28
22,16,29
24,13,29
27,14,28
31,12,29
34,15,26
39,19,29
42,22,30
48,24,27
53,24,30
58,27,30
60,30,29
61,30,31
63,30,30
69,33,31
71,30,30
78,30,32
82,32,32
84,34,31
94,39,25
96,41,24
94,43,21
92,47,19
89,44,15
84,36,7
78,31,1
65,32,-4
54,31,-4
48,29,-5
39,29,-8
26,30,-4
10,29,-2
-5,32,1
-19,37,-2
-35,38,0
-51,38,2
-75,35,2
-105,34,4
-141,29,-2
-186,25,-9
-238,25,-16
-293,20,-23
-359,16,-28
-422,10,-34
-487,7,-35
-558,6,-39
-627,2,-42
-693,4,-43
-756,4,-46
-818,3,-49
-868,5,-49
-901,10,-50
-924,16,-53
-948,19,-53
-957,22,-52
-954,29,-52
-922,35,-53
-843,41,-55
-788,45,-50
-769,39,-45
-742,24,-47
-680,8,-51
-623,-14,-54
-608,-26,-60
-586,-37,-71
-528,-51,-82
-488,-58,-92
-436,-63,-98
-360,-60,-98
-301,-61,-87
-249,-56,-77
-180,-53,-67
-124,-52,-55
-70,-53,-50
-22,-57,-45
16,-65,-40
71,-77,-43
150,-86,-48
216,-95,-50
258,-108,-51
286,-121,-51
307,-141,-53
296,-161,-49
280,-177,-46
278,-189,-43
278,-198,-42
288,-197,-44
299,-193,-43
300,-187,-43
298,-183,-41
296,-181,-39
299,-180,-37
332,-180,-37
443,-171,-42
646,-157,-47
852,-139,-51
983,-130,-45
990,-134,-25
892,-159,11
777,-192,40
705,-228,59
670,-260,69
657,-278,71
608,-282,73
521,-278,84
430,-271,98
377,-260,117
394,-247,127
491,-222,125
588,-197,130
643,-171,139
662,-151,146
707,-137,138
769,-141,125
819,-144,112
879,-148,102
953,-157,88
1009,-162,78
1056,-162,73
1084,-165,78
1129,-172,88
1182,-172,95
1214,-174,110
1227,-174,129
1238,-175,143
1235,-174,157
1259,-173,165
1310,-172,165
1355,-171,162
1386,-168,159
1413,-165,157
1442,-161,150
1477,-158,143
1507,-153,139
1542,-149,137
1562,-142,137
1583,-138,131
1615,-134,133
1645,-125,135
1654,-119,141
1652,-115,146
1647,-114,151
1641,-106,160
1646,-96,169
1650,-89,172
1655,-85,175
1645,-75,180
1651,-61,184
1676,-54,186
1711,-46,188
1757,-40,189
1802,-32,188
1838,-27,191
1864,-24,189
1887,-16,189
1909,-11,190
1928,-3,192
1945,-2,194
1964,-2,200
1995,4,207
2044,9,224
2100,16,240
2148,24,260
2196,26,283
2240,33,310
2295,43,338
2347,49,370
2401,61,401
2470,77,429
2514,83,460
2549,93,489
2584,100,512
2597,106,529
2552,107,548
2462,104,563
2353,94,579
2230,89,593
2096,77,607
1963,61,612
1808,40,618
1622,14,624
1419,-10,623
1193,-30,613
967,-48,595
758,-63,560
565,-71,527
367,-87,482
186,-91,431
20,-84,380
-135,-71,336
-268,-61,295
-396,-56,266
-530,-53,246
-649,-53,230
-758,-57,219
-850,-69,212
-920,-90,205
-980,-116,205
-1031,-149,210
-1088,-185,218
-1148,-221,228
-1195,-260,236
-1238,-295,245
-1282,-319,253
-1323,-340,260
-1370,-352,264
-1412,-357,271
-1442,-360,277
-1468,-364,290
-1496,-360,299
-1511,-354,304
-1529,-349,310
-1548,-348,308
-1567,-346,304
-1578,-341,296
-1590,-336,285
-1599,-324,270
-1595,-302,251
-1584,-282,229
-1559,-265,206
-1527,-242,181
-1483,-221,152
-1433,-201,129
-1370,-187,105
-1304,-176,80
-1232,-167,55
-1150,-165,31
-1062,-162,14
-965,-165,-3
-858,-173,-24
-735,-186,-44
-606,-194,-54
-466,-207,-62
-319,-223,-69
-167,-243,-73
-8,-261,-76
158,-267,-74
331,-271,-74
502,-274,-71
666,-261,-69
816,-240,-69
954,-209,-69
1074,-175,-71
1177,-140,-76
1260,-99,-81
1329,-58,-82
1380,-20,-85
1423,15,-86
1456,49,-88
1474,80,-86
1482,98,-89
1477,114,-88
1470,135,-88
1452,147,-91
1426,156,-93
1393,166,-99
1354,176,-106
1304,184,-114
1249,193,-126
1186,202,-132
1121,210,-143
1050,227,-153
969,239,-164
885,250,-176
796,269,-185
708,279,-197
621,284,-206
527,290,-212
444,293,-215
368,294,-220
300,293,-219
249,285,-215
217,282,-206
206,275,-196
214,277,-184
224,281,-173
213,282,-169
184,275,-172
155,270,-186
134,267,-212
123,272,-238
125,279,-266
144,287,-289
187,297,-312
240,304,-325
290,310,-335
336,315,-347
376,322,-355
418,330,-360
467,335,-367
521,347,-371
577,364,-373
639,381,-371
702,391,-365
770,394,-360
840,404,-350
909,409,-343
966,408,-334
1026,412,-325
1080,419,-315
1119,424,-306
1155,425,-300
1183,422,-288
1192,423,-274
1189,427,-262
1171,435,-253
1137,435,-242
1070,427,-231
973,411,-226
849,383,-227
699,345,-236
522,300,-243
317,246,-257
97,187,-266
-125,135,-276
-357,87,-287
-584,53,-293
-801,26,-290
-1017,6,-279
-1216,-3,-265
-1394,-12,-249
-1563,-26,-240
-1720,-48,-234
-1866,-68,-232
-1992,-83,-228
-2101,-96,-225
-2196,-108,-220
-2287,-118,-206
-2372,-127,-193
-2440,-139,-180
-2493,-147,-171
-2537,-160,-162
-2572,-173,-154
-2603,-186,-149
-2632,-193,-146
-2654,-195,-144
-2665,-190,-135
-2674,-183,-124
-2666,-175,-104
-2644,-167,-84
-2615,-157,-64
-2579,-147,-48
-2540,-140,-24
-2488,-125,10
-2433,-115,38
-2367,-102,69
-2292,-85,105
-2213,-72,139
-2119,-60,171
-2015,-44,200
-1909,-29,231
-1810,-29,261
-1713,-38,288
-1616,-42,312
-1509,-49,326
-1394,-57,339
-1272,-64,347
-1147,-67,351
-1013,-69,353
-885,-76,355
-755,-82,357
-625,-91,361
-495,-103,368
-364,-108,373
-239,-114,378
-124,-125,386
-10,-136,393
105,-140,399
214,-136,409
320,-131,419
409,-128,428
481,-120,433
546,-109,435
604,-96,436
655,-84,432
700,-71,425
736,-56,415
766,-39,398
794,-21,379
813,-8,362
837,4,346
860,17,329
884,25,310
904,25,290
922,26,275
935,28,260
950,27,245
961,21,229
971,17,216
975,12,202
976,1,189
973,-5,180
960,-16,172
936,-25,158
907,-28,148
872,-30,140
828,-28,133
786,-28,127
735,-23,120
672,-14,109
604,-4,96
527,8,82
444,25,65
357,38,48
268,54,29
174,65,1
73,77,-27
-24,94,-45
-119,105,-59
-213,111,-81
-310,121,-104
-399,129,-121
-479,134,-133
-545,136,-140
-599,139,-144
-641,144,-144
-680,147,-146
-713,150,-151
-739,152,-158
-761,153,-166
-778,147,-174
-789,150,-181
-796,154,-186
-791,157,-185
-788,153,-182
-770,152,-176
-751,148,-172
-726,142,-171
-699,136,-162
-667,134,-156
-632,123,-151
-593,122,-145
-552,120,-136
-508,121,-133
-469,130,-133
-437,145,-137
-410,155,-144
-389,171,-159
-372,177,-169
-358,177,-180
-352,173,-181
-347,167,-180
-349,156,-172
-349,144,-161
-348,131,-144
-336,129,-131
-322,127,-118
-309,128,-107
-293,130,-105
-273,136,-111
-250,156,-123
-214,179,-143
-168,209,-170
-114,253,-192
-60,295,-212
4,337,-231
85,378,-253
169,409,-275
261,436,-296
365,455,-315
474,472,-336
595,485,-347
714,498,-351
826,505,-347
929,495,-339
1021,478,-341
1111,451,-345
1198,424,-367
1286,403,-404
1373,384,-457
1474,376,-510
1589,371,-559
1722,372,-597
1876,383,-622
2107,402,-635
2405,427,-630
2684,454,-610
2911,481,-575
3118,512,-539
3323,541,-501
3526,563,-468
3703,581,-431
3811,592,-386
3861,591,-321
3865,577,-227
3836,557,-108
3769,524,21
3605,491,173
3359,453,317
3067,402,437
2751,338,525
2408,258,591
2060,169,638
1746,67,670
1442,-45,694
1158,-162,721
859,-287,755
554,-402,803
260,-499,857
2,-575,912
-221,-636,956
-442,-667,988
-647,-676,998
-835,-660,964
-1025,-627,898
-1235,-575,807
-1468,-499,693
-1700,-428,575
-1925,-360,460
-2124,-302,364
-2298,-258,292
-2443,-217,242
-2561,-183,215
-2652,-159,201
-2719,-134,202
-2780,-115,206
-2817,-101,217
-2842,-90,226
-2852,-77,228
-2848,-64,219
-2829,-52,201
-2795,-43,173
-2741,-35,137
-2684,-27,96
-2618,-18,49
-2549,-17,1
-2472,-22,-42
-2386,-24,-75
-2289,-27,-110
-2192,-34,-140
-2089,-45,-165
-1976,-56,-182
-1857,-63,-193
-1735,-72,-201
-1610,-84,-202
-1483,-98,-205
-1351,-109,-204
-1220,-114,-204
-1086,-118,-205
-957,-121,-200
-825,-119,-194
-701,-116,-190
-583,-103,-188
-469,-93,-183
-358,-79,-178
-239,-61,-175
-135,-38,-172
-36,-10,-164
69,16,-157
171,37,-151
268,59,-150
361,83,-143
449,103,-136
529,117,-129
604,130,-121
674,139,-112
736,149,-101
792,155,-84
842,160,-69
888,163,-56
930,166,-46
959,166,-32
982,169,-14
997,168,1
1005,167,19
1004,164,29
991,172,38
974,172,46
953,169,50
923,167,58
883,165,61
840,161,65
794,155,65
741,147,67
683,141,69
629,135,73
564,120,74
505,108,77
446,94,84
390,75,88
336,58,91
278,46,95
228,32,99
184,22,103
141,21,107
107,23,107
71,29,104
40,39,96
9,50,83
-20,60,70
-46,70,52
-73,81,28
-97,95,2
-119,101,-19
-145,106,-40
-175,109,-51
-202,104,-59
-233,99,-70
-265,100,-83
-299,102,-93
-337,101,-103
-383,104,-113
-437,108,-124
-494,106,-132
-564,96,-138
-638,85,-138
-728,79,-140
-821,75,-139
-914,77,-131
-1009,81,-122
-1104,101,-111
-1188,127,-101
-1259,156,-95
-1319,195,-88
-1371,236,-87
-1406,275,-88
-1429,311,-94
-1435,341,-108
-1431,364,-122
-1414,380,-137
-1375,397,-156
-1327,402,-176
-1270,402,-189
-1198,392,-205
-1118,376,-217
-1025,359,-228
-921,342,-240
-809,318,-256
-687,296,-271
-554,275,-282
-415,252,-295
-272,243,-307
-137,235,-324
-8,234,-342
122,244,-355
247,261,-373
366,284,-391
478,307,-406
589,332,-425
685,356,-450
777,371,-474
856,380,-497
931,380,-520
991,370,-543
1045,356,-567
1083,332,-584
1111,305,-600
1127,269,-619
1137,238,-634
1139,205,-640
1124,178,-643
1104,162,-639
1072,148,-636
1035,137,-623
995,137,-609
950,141,-591
901,148,-570
846,157,-553
789,167,-536
718,182,-522
645,191,-509
562,197,-499
476,197,-490
386,184,-484
296,167,-474
198,136,-467
96,98,-467
-23,53,-479
-147,3,-490
-295,-53,-499
-450,-102,-505
-594,-150,-505
-740,-187,-501
-883,-218,-490
-1022,-247,-474
-1158,-268,-447
-1303,-285,-407
-1457,-305,-371
-1617,-319,-329
-1773,-329,-286
-1922,-334,-230
-2058,-330,-169
-2174,-318,-108
-2287,-301,-48
-2398,-281,10
-2485,-264,69
-2555,-258,129
-2602,-257,180
-2612,-251,230
-2584,-240,268
-2527,-228,299
-2437,-209,329
-2320,-192,356
-2183,-171,383
-2028,-152,409
-1846,-130,436
-1635,-108,458
-1398,-80,481
-1139,-53,499
-860,-23,510
-576,2,522
-289,17,535
-6,19,544
278,1,558
556,-18,575
823,-40,584
1085,-60,588
1330,-78,584
1551,-88,582
1758,-99,581
1942,-103,585
2098,-101,586
2236,-96,601
2347,-89,620
2433,-83,638
2492,-73,659
2528,-59,680
2551,-48,698
2542,-39,720
2522,-30,734
2495,-19,748
2462,-18,756
2413,-23,759
2358,-27,756
2295,-37,750
2226,-54,744
2162,-72,729
2094,-82,711
2024,-93,689
1968,-104,665
1900,-106,648
1838,-106,621
1776,-102,595
1716,-91,564
1647,-77,531
1570,-53,500
1493,-32,465
1408,-4,427
1319,16,388
1222,28,343
1117,30,303
1011,16,262
895,-4,221
782,-34,188
669,-67,160
558,-103,135
445,-135,116
334,-163,100
223,-180,96
112,-193,99
2,-198,108
-100,-196,116
-198,-193,128
-301,-188,143
-405,-179,146
-508,-163,147
-605,-135,139
-702,-96,125
-791,-52,104
-871,2,78
-940,61,42
-1000,123,-1
-1051,184,-48
-1089,239,-95
-1104,283,-160
-1105,319,-228
-1090,347,-303
-1049,375,-380
-992,396,-459
-913,409,-536
-815,413,-611
-707,407,-679
-585,387,-745
-457,360,-804
-326,320,-861
-190,274,-910
-63,229,-948
57,186,-978
175,141,-1001
290,102,-1022
394,75,-1045
484,61,-1071
573,59,-1103
668,71,-1125
796,109,-1139
1007,166,-1142
1329,241,-1125
1798,347,-1082
2421,470,-1009
3100,595,-901
3712,714,-749
4206,810,-556
4597,877,-344
4921,906,-137
5214,908,37
5468,884,194
5633,829,318
5748,759,423
5770,668,507
5736,554,582
5659,436,651
5523,324,716
5353,228,772
5127,155,823
4853,101,859
4527,65,882
4164,45,887
3767,27,865
3329,11,821
2872,-2,756
2399,-23,668
1921,-49,558
1437,-78,433
953,-124,306
481,-172,182
35,-221,77
-379,-270,-6
-777,-313,-53
-1158,-346,-79
-1523,-375,-100
-1852,-406,-109
-2155,-427,-107
-2428,-445,-103
-2673,-462,-95
-2896,-482,-81
-3085,-499,-67
-3249,-513,-52
-3387,-527,-39
-3498,-541,-22
-3588,-554,-1
-3653,-563,18
-3697,-568,34
-3723,-571,45
-3724,-577,51
-3699,-578,62
-3643,-573,63
-3554,-564,62
-3428,-546,64
-3279,-524,67
-3102,-503,68
-2905,-481,74
-2688,-463,79
-2457,-442,90
-2221,-416,106
-1989,-389,123
-1756,-359,142
-1521,-324,161
-1292,-282,172
-1071,-243,178
-865,-204,190
-664,-174,192
-463,-156,191
-274,-138,188
-102,-127,185
51,-123,174
193,-130,163
314,-134,150
420,-146,140
520,-159,137
613,-167,137
696,-174,143
766,-182,148
818,-185,159
852,-188,169
866,-193,178
852,-202,180
821,-217,175
782,-232,170
730,-256,158
661,-276,139
590,-295,117
510,-304,91
436,-319,56
351,-323,29
268,-325,7
185,-330,-11
108,-328,-22
34,-331,-30
-30,-331,-33
-80,-331,-27
-112,-331,-23
-130,-328,-24
-134,-320,-23
-138,-311,-28
-138,-301,-39
-137,-283,-52
-132,-262,-65
-134,-241,-80
-132,-226,-100
-136,-209,-113
-146,-195,-125
-159,-181,-130
-184,-171,-129
-219,-158,-125
-264,-145,-115
-309,-135,-98
-354,-126,-78
-410,-118,-59
-465,-110,-44
-519,-105,-20
-577,-109,6
-631,-101,28
-672,-96,50
-706,-79,66
-724,-53,79
-724,-17,85
-709,28,84
-674,76,81
-624,129,79
-564,189,69
-493,238,54
-415,290,37
-329,335,16
-238,372,-13
-143,407,-45
-52,429,-79
44,447,-126
149,455,-184
266,461,-244
387,463,-311
510,457,-375
639,453,-438
772,446,-504
900,434,-567
1026,423,-622
1144,410,-675
1258,392,-716
1356,372,-756
1445,351,-790
1512,322,-810
1562,296,-825
1587,273,-837
1584,256,-849
1561,242,-860
1515,233,-864
1458,227,-864
1391,223,-863
1324,220,-857
1248,216,-846
1170,212,-825
1090,208,-800
1000,208,-772
905,213,-737
810,219,-698
712,228,-651
613,235,-604
521,245,-559
423,260,-520
329,264,-482
217,245,-458
90,208,-452
-64,155,-460
-239,100,-475
-413,48,-507
-575,12,-542
-719,-16,-576
-882,-43,-604
-1045,-50,-622
-1207,-28,-617
-1370,21,-568
-1507,94,-464
-1596,175,-312
-1706,241,-128
-1832,285,63
-1962,297,263
-2101,280,440
-2237,247,588
-2369,217,708
-2472,182,800
-2548,141,876
-2615,87,942
-2680,31,1000
-2747,-30,1057
-2801,-85,1111
-2844,-143,1159
-2877,-203,1189
-2908,-273,1201
-2930,-349,1196
-2945,-431,1172
-2951,-506,1132
-2947,-573,1075
-2918,-617,1000
-2866,-640,907
-2766,-630,806
-2629,-588,699
-2450,-520,592
-2233,-428,498
-1988,-321,424
-1709,-205,372
-1422,-79,351
-1124,47,359
-821,179,394
-529,320,456
-258,460,527
-10,588,602
220,689,671
418,765,740
575,805,802
679,812,861
728,796,913
721,759,958
658,711,1000
556,653,1028
422,589,1056
257,527,1080
80,458,1102
-94,391,1121
-274,325,1132
-457,262,1144
-644,199,1150
-834,143,1152
-1029,83,1143
-1219,17,1130
-1400,-53,1103
-1564,-123,1064
-1709,-185,1006
-1832,-233,935
-1938,-262,858
-2018,-270,776
-2072,-265,689
-2100,-231,597
-2107,-195,512
-2104,-149,436
-2092,-94,361
-2071,-48,292
-2063,-9,232
-2060,23,169
-2063,45,113
-2079,60,67
-2099,63,30
-2123,59,0
-2148,44,-19
-2172,28,-32
-2183,3,-41
-2179,-18,-43
-2158,-36,-40
-2124,-47,-40
-2072,-55,-39
-2008,-61,-38
-1928,-50,-33
-1835,-37,-22
-1725,-21,-18
-1618,6,-12
-1506,34,-12
-1387,76,-17
-1278,126,-26
-1168,177,-41
-1068,226,-57
-971,272,-82
-887,317,-116
-820,350,-157
-761,374,-200
-713,392,-246
-671,400,-290
-633,398,-337
-593,392,-379
-550,381,-418
-498,364,-458
-445,346,-489
-386,316,-524
-325,286,-552
-259,255,-573
-187,222,-593
-112,185,-614
-49,148,-629
19,118,-642
87,89,-651
144,72,-653
205,63,-653
259,62,-653
307,68,-646
348,77,-636
380,83,-619
407,90,-606
428,99,-587
444,109,-563
458,114,-541
475,117,-518
493,121,-493
513,116,-468
536,115,-450
563,116,-433
601,114,-423
648,116,-415
702,119,-410
765,126,-407
839,132,-406
916,141,-407
1003,154,-403
1085,169,-404
1168,177,-409
1241,187,-413
1312,192,-420
1372,196,-431
1427,201,-444
1474,201,-460
1514,200,-473
1545,203,-490
1562,203,-512
1578,203,-527
1587,206,-542
1589,202,-556
1588,202,-564
1585,198,-565
1577,195,-567
1568,193,-562
1553,192,-558
1532,185,-552
1511,177,-544
1478,176,-535
1449,168,-525
1417,162,-513
1383,160,-500
1343,155,-490
1303,149,-475
1260,145,-461
1214,135,-441
1166,129,-423
1125,122,-408
1079,115,-388
1036,110,-368
992,109,-348
949,107,-324
905,107,-304
861,109,-284
816,107,-263
773,103,-243
732,98,-225
688,99,-203
648,103,-184
609,103,-160
571,113,-142
534,118,-119
500,123,-98
465,131,-78
433,135,-61
400,134,-52
366,137,-36
330,145,-19
297,146,-5
265,150,9
231,155,20
202,158,30
171,165,36
142,169,36
108,177,40
79,180,43
47,183,40
11,182,40
-17,180,41
-50,181,41
-76,174,38
-107,166,37
-135,160,36
-162,155,37
-187,151,37
-216,149,36
-238,143,35
-262,134,33
-284,124,30
-307,116,27
-332,115,27
-355,114,28
-377,109,30
-402,107,30
-423,103,34
-446,97,39
-472,80,45
-490,64,55
-510,46,68
-528,31,86
-539,13,99
-551,0,114
-552,-9,135
-550,-20,152
-548,-31,165
-547,-42,183
-537,-54,206
-529,-71,225
-523,-86,245
-513,-100,266
-503,-112,287
-482,-111,305
-465,-105,316
-438,-90,319
-405,-72,323
-368,-47,320
-334,-15,310
-303,17,296
-274,40,280
-247,58,259
-216,82,233
-185,100,203
-163,116,170
-143,124,136
-119,129,103
-102,125,68
-75,114,35
-50,86,8
-17,51,-15
24,16,-32
67,-24,-41
123,-66,-47
189,-104,-48
256,-131,-47
327,-154,-46
398,-172,-45
458,-179,-43
509,-178,-41
547,-171,-41
573,-162,-44
590,-149,-47
596,-136,-51
591,-118,-57
578,-101,-59
565,-85,-63
545,-74,-67
522,-58,-74
497,-45,-78
468,-32,-80
435,-21,-80
401,-16,-82
361,-9,-82
316,7,-83
271,20,-86
219,34,-89
159,44,-97
97,56,-100
26,68,-111
-45,74,-124
-113,78,-132
-184,82,-144
-264,81,-155
-341,73,-166
-416,67,-175
-486,61,-180
-548,53,-183
-604,45,-186
-651,33,-186
-695,24,-184
-735,13,-182
-769,2,-171
-792,-10,-157
-809,-23,-138
-821,-34,-122
-822,-44,-101
-815,-47,-75
-808,-51,-52
-805,-57,-30
-803,-60,6
-792,-66,38
-782,-71,68
-774,-79,98
-768,-92,124
-759,-104,154
-752,-122,183
-745,-136,211
-729,-152,240
-714,-168,275
-698,-183,301
-676,-198,331
-647,-207,365
-619,-219,397
-584,-232,426
-545,-242,452
-505,-249,480
-466,-255,505
-428,-267,524
-390,-268,539
-349,-276,555
-315,-283,567
-282,-294,582
-250,-304,596
-224,-318,610
-192,-341,628
-165,-362,646
-140,-385,664
-109,-403,685
-83,-424,705
-53,-447,727
-20,-463,755
13,-478,783
58,-488,815
103,-498,844
143,-500,874
183,-491,905
219,-479,932
248,-461,954
277,-433,979
299,-400,997
314,-363,1005
324,-322,1004
331,-282,1002
328,-245,991
322,-208,972
308,-180,951
292,-157,923
277,-140,892
257,-126,856
230,-111,817
204,-101,774
178,-92,730
147,-80,681
123,-72,629
100,-66,573
69,-59,515
33,-52,456
-10,-49,401
-54,-47,346
-105,-53,295
-158,-69,250
-231,-83,214
-312,-108,181
-399,-132,158
-491,-153,141
-587,-167,131
-697,-172,126
-817,-174,119
-944,-168,112
-1069,-153,107
-1198,-139,96
-1324,-129,87
-1448,-122,78
-1563,-118,70
-1667,-116,62
-1763,-113,56
-1851,-106,44
-1923,-99,32
-1980,-90,20
-2024,-74,6
-2055,-59,-12
-2069,-43,-34
-2068,-29,-51
-2054,-11,-67
-2031,9,-97
-1998,21,-126
-1952,27,-157
-1898,30,-186
-1843,26,-220
-1778,19,-249
-1708,7,-278
-1628,-10,-307
-1547,-25,-330
-1449,-35,-353
-1347,-45,-375
-1238,-56,-392
-1123,-66,-407
-1007,-74,-415
-887,-78,-416
-763,-79,-412
-639,-76,-407
-509,-72,-396
-383,-55,-382
-261,-37,-370
-143,-13,-357
-41,11,-341
66,33,-323
164,44,-304
264,53,-288
355,63,-275
449,62,-258
539,60,-245
637,57,-236
734,60,-226
838,61,-218
946,62,-213
1052,76,-208
1160,90,-213
1265,109,-224
1361,127,-237
1450,156,-257
1531,185,-279
1603,223,-304
1662,261,-330
1706,294,-354
1743,323,-385
1769,354,-413
1781,376,-437
1790,398,-461
1788,410,-489
1780,420,-515
1766,428,-532
1746,435,-548
1720,436,-559
1688,436,-570
1650,431,-578
1604,427,-582
1542,426,-577
1474,416,-570
1396,403,-561
1306,399,-546
1212,393,-529
1106,388,-508
992,382,-488
871,377,-470
752,373,-447
628,371,-426
509,366,-403
398,358,-380
289,349,-359
183,338,-335
83,327,-312
-6,313,-287
-83,297,-270
-154,282,-256
-220,274,-244
-272,265,-228
-320,252,-215
-359,241,-205
-389,229,-191
-412,221,-180
-425,212,-170
-431,199,-161
-432,189,-148
-421,179,-136
-407,173,-124
-392,164,-110
-368,153,-94
-341,140,-76
-310,130,-59
-274,119,-47
-237,110,-31
-196,103,-11
-150,104,12
-114,110,34
-73,121,54
-29,138,69
18,163,85
60,190,96
99,223,102
131,246,110
160,273,116
178,289,122
193,298,128
200,297,130
210,287,132
214,277,137
217,262,136
217,244,135
217,221,131
214,207,124
210,193,117
204,183,111
199,174,100
190,169,92
178,166,82
164,168,70
141,176,56
122,187,40
90,194,23
59,203,5
27,212,-9
-14,210,-25
-58,208,-36
-98,197,-46
-142,174,-49
-193,151,-48
-242,125,-46
-296,93,-42
-344,62,-30
-389,33,-20
-425,6,-10
-458,-21,4
-494,-45,21
-519,-63,34
-550,-77,52
-568,-85,68
-590,-84,81
-609,-72,95
-629,-54,102
-650,-29,109
-667,-12,110
-687,7,109
-704,22,105
-718,36,96
-727,49,88
-736,66,74
-737,76,56
-733,94,32
-725,109,7
-714,119,-20
-698,122,-47
-685,117,-67
-664,103,-96
-643,75,-122
-610,44,-145
-569,5,-164
-523,-40,-173
-462,-82,-178
-394,-122,-176
-314,-167,-171
-218,-204,-161
-119,-231,-150
-23,-256,-142
84,-270,-129
186,-274,-122
282,-270,-114
378,-259,-109
460,-239,-105
534,-219,-107
598,-186,-108
658,-160,-111
703,-126,-109
739,-92,-113
768,-64,-116
786,-38,-115
795,-18,-110
794,-4,-102
789,10,-90
783,16,-80
771,21,-69
758,20,-61
736,20,-53
711,20,-45
682,18,-32
649,18,-16
605,18,-7
563,19,-1
510,20,9
452,23,16
391,23,27
325,22,39
260,15,50
189,8,64
119,0,78
49,-7,95
-14,-16,116
-74,-26,137
-134,-37,161
-193,-51,185
-252,-64,216
-308,-77,247
-361,-95,278
-408,-113,313
-446,-133,343
-481,-154,374
-513,-172,405
-542,-188,433
-562,-208,456
-576,-227,479
-584,-248,508
-590,-272,532
-587,-292,556
-581,-318,581
-566,-341,607
-548,-357,632
-519,-368,654
-491,-380,678
-457,-385,708
-417,-383,730
-365,-376,752
-316,-367,772
-262,-352,786
-202,-339,801
-141,-329,809
-81,-324,818
-15,-312,823
58,-310,826
132,-309,830
211,-314,833
298,-319,843
384,-323,848
473,-328,854
563,-330,867
649,-334,877
732,-336,888
815,-328,900
888,-315,912
958,-305,923
1016,-294,932
1067,-278,939
1108,-263,946
1139,-237,950
1159,-210,945
1174,-180,942
1172,-147,934
1160,-114,923
1138,-82,911
1099,-56,890
1051,-31,861
990,-3,827
919,28,781
838,49,733
754,66,679
665,80,621
570,90,562
472,99,503
373,101,445
268,103,390
157,107,337
46,98,282
-62,92,237
-168,84,197
-281,68,161
-398,51,130
-510,32,102
-621,14,79
-727,-10,63
-836,-24,51
-942,-34,39
-1045,-41,26
-1150,-39,8
-1263,-32,-8
-1363,-31,-29
-1459,-27,-47
-1556,-29,-62
-1638,-35,-87
-1706,-43,-113
-1762,-52,-135
-1807,-50,-156
-1830,-41,-179
-1834,-24,-200
-1814,-1,-226
-1777,31,-253
-1732,61,-281
-1665,102,-310
-1585,143,-344
-1503,181,-385
-1407,209,-430
-1308,236,-476
-1206,253,-522
-1093,259,-572
-983,258,-618
-865,246,-662
-743,227,-703
-617,206,-740
-485,182,-776
-348,152,-806
-204,127,-832
-62,100,-851
90,80,-868
257,65,-877
424,61,-886
591,60,-894
759,62,-902
921,69,-905
1069,84,-907
1210,101,-906
1343,114,-900
1461,130,-892
1564,146,-889
1649,155,-883
1724,167,-878
1786,176,-868
1830,189,-863
1870,203,-856
1896,219,-845
1914,236,-832
1928,257,-825
1934,278,-820
1932,304,-807
1923,330,-800
1913,360,-796
1893,386,-794
1871,411,-796
1836,431,-799
1794,443,-807
1753,452,-814
1700,453,-827
1647,447,-840
1592,442,-857
1533,434,-871
1471,426,-883
1409,412,-897
1344,397,-910
1278,380,-923
1208,361,-927
1142,349,-928
1072,333,-928
999,318,-924
931,302,-920
863,287,-908
801,271,-897
740,260,-881
684,250,-867
630,242,-848
579,235,-830
534,228,-814
488,221,-791
446,219,-770
406,216,-750
371,209,-732
344,205,-716
319,205,-697
297,203,-680
283,197,-667
271,197,-647
264,194,-627
265,191,-611
274,191,-598
288,194,-580
303,197,-565
322,199,-548
343,203,-537
360,204,-520
382,206,-510
407,210,-500
429,214,-491
449,220,-478
469,224,-464
480,219,-452
493,211,-440
496,204,-421
501,191,-399
500,178,-368
495,161,-340
489,138,-307
481,113,-273
473,87,-234
470,59,-190
460,32,-137
452,5,-88
437,-17,-44
423,-40,7
405,-51,61
392,-54,116
366,-51,171
335,-54,218
296,-47,260
249,-34,307
193,-21,349
130,-16,387
66,-11,423
5,-3,453
-56,5,477
-107,8,495
-153,13,506
-200,9,517
-244,2,527
-280,-10,530
-308,-26,529
-327,-45,530
-338,-66,529
-341,-84,532
-336,-103,537
-332,-120,540
-329,-137,544
-317,-152,554
-311,-172,567
-310,-194,580
-316,-219,597
-327,-246,613
-337,-272,633
-354,-300,655
-372,-322,678
-382,-340,699
-386,-354,717
-387,-361,740
-381,-364,758
-374,-352,776
-366,-331,786
-353,-306,787
-337,-271,783
-324,-231,774
-308,-191,752
-297,-143,725
-288,-96,695
-281,-53,655
-275,-13,608
-274,18,558
-273,37,505
-269,45,459
-267,44,409
-258,31,359
-242,3,317
-212,-34,281
-178,-69,251
-137,-113,224
-87,-161,206
-28,-205,195
42,-248,189
117,-278,181
199,-295,177
273,-299,180
337,-293,183
388,-278,181
420,-252,174
439,-223,171
441,-193,163
428,-170,156
400,-139,147
358,-108,142
311,-81,137
260,-64,137
203,-42,134
140,-19,137
77,-4,140
14,13,142
-53,34,142
-120,50,146
-198,63,143
-284,76,145
-379,90,141
-475,101,131
-580,110,125
-682,115,115
-783,117,108
-885,114,98
-981,107,90
-1069,101,86
-1147,96,87
-1213,85,84
-1267,78,81
-1308,69,80
-1346,57,78
-1374,50,77
-1398,49,72
-1416,43,70
-1432,38,65
-1445,36,63
-1443,35,63
-1446,30,63
-1443,27,61
-1428,25,64
-1408,21,73
-1382,13,81
-1356,5,90
-1324,-7,102
-1290,-19,119
-1250,-31,135
-1208,-47,155
-1159,-66,178
-1106,-87,199
-1048,-110,221
-985,-127,245
-926,-141,275
-862,-151,300
-792,-157,324
-723,-155,349
-656,-154,371
-596,-152,395
-539,-152,420
-484,-154,441
-435,-160,463
-393,-166,485
-354,-176,503
-318,-194,525
-284,-217,544
-252,-242,568
-219,-269,590
-181,-299,616
-143,-333,643
-103,-366,677
-59,-402,706
-14,-436,743
35,-465,784
85,-485,828
130,-498,869
179,-506,907
214,-502,940
242,-486,974
269,-465,991
281,-432,1001
283,-400,1005
274,-362,1002
259,-328,989
238,-292,967
215,-258,934
184,-231,903
149,-212,867
112,-204,829
79,-199,792
47,-197,756
18,-209,722
-3,-223,688
-18,-247,660
-35,-282,636
-46,-318,620
-57,-362,607
-68,-408,606
-82,-443,605
-92,-475,610
-105,-492,619
-114,-497,614
-128,-487,607
-145,-460,593
-179,-406,566
-214,-328,529
-258,-229,482
-307,-116,421
-360,-4,355
-422,99,291
-489,188,230
-549,253,169
-602,309,109
-646,350,50
-680,374,-9
-710,383,-61
-723,388,-120
-716,380,-184
-695,362,-254
-665,331,-320
-619,298,-384
-557,260,-442
-486,224,-493
-404,199,-538
-318,182,-582
-237,171,-624
-157,173,-656
-86,179,-686
-27,190,-712
24,201,-735
64,211,-758
96,215,-774
124,222,-788
151,227,-797
169,227,-801
184,220,-803
200,215,-805
219,206,-802
246,203,-800
272,203,-798
298,204,-792
332,213,-789
372,226,-782
410,242,-779
451,261,-774
491,288,-771
538,311,-768
576,331,-767
614,348,-771
652,365,-773
681,376,-778
708,382,-783
740,384,-797
765,385,-809
786,380,-816
810,374,-827
827,362,-839
843,349,-850
857,334,-860
874,318,-866
891,299,-869
915,280,-870
941,266,-864
967,251,-857
990,234,-847
1017,220,-836
1037,208,-825
1056,197,-810
1076,181,-796
1086,166,-780
1103,155,-763
1117,146,-747
1123,137,-731
1135,125,-712
1143,112,-691
1146,96,-671
1149,86,-646
1150,72,-620
1142,57,-592
1130,42,-564
1114,27,-536
1097,15,-508
1070,6,-480
1038,-7,-452
1005,-17,-426
976,-26,-400
939,-37,-376
903,-37,-354
874,-40,-329
852,-38,-309
836,-32,-286
817,-18,-259
801,-4,-232
781,13,-210
761,28,-187
732,40,-163
699,52,-147
663,58,-130
620,64,-114
572,66,-98
525,62,-76
467,57,-61
410,50,-49
352,43,-37
293,38,-16
227,36,4
163,23,26
92,11,46
24,-9,65
-44,-28,82
-110,-46,104
-176,-71,127
-243,-91,149
-313,-116,175
-370,-135,207
-426,-156,234
-474,-172,265
-522,-182,298
-559,-190,326
-596,-202,351
-629,-213,378
-648,-228,404
-663,-245,427
-676,-269,453
-680,-290,484
-672,-314,508
-658,-341,536
-637,-366,563
-608,-382,590
-572,-399,618
-527,-419,642
-479,-435,669
-430,-447,690
-373,-453,713
-315,-454,726
-255,-451,737
-193,-442,747
-133,-431,753
-71,-413,750
-8,-397,746
58,-379,740
126,-360,726
198,-345,709
265,-332,687
338,-320,661
415,-310,629
485,-299,589
556,-300,550
630,-303,506
709,-316,461
792,-338,413
875,-366,368
961,-388,322
1054,-409,273
1146,-425,226
1239,-440,184
1333,-444,142
1427,-442,105
1511,-439,69
1588,-427,38
1651,-410,7
1695,-386,-19
1726,-364,-44
1748,-340,-60
1750,-308,-80
1746,-281,-102
1730,-261,-122
1702,-245,-138
1668,-229,-149
1625,-217,-156
1574,-208,-162
1519,-202,-161
1460,-197,-158
1389,-189,-151
1308,-181,-142
1226,-171,-127
1134,-158,-111
1029,-140,-98
914,-120,-89
790,-102,-76
663,-77,-67
533,-64,-60
393,-51,-55
255,-35,-51
114,-26,-44
-17,-18,-31
-131,-15,-15
-240,-16,-2
-342,-21,16
-428,-19,30
-499,-19,37
-559,-18,44
-611,-20,49
-652,-26,46
-688,-36,38
-717,-45,31
-742,-56,23
-760,-75,12
-765,-89,5
-775,-106,-4
-775,-122,-5
-770,-140,-3
-763,-154,-1
-750,-166,-1
-734,-170,1
-720,-173,5
-700,-177,10
-678,-185,15
-656,-189,20
-633,-191,28
-605,-190,35
-572,-190,37
-534,-184,41
-492,-176,43
-445,-164,42
-388,-147,36
-329,-121,32
-267,-101,28
-202,-84,23
-135,-70,17
-71,-63,7
-4,-60,2
71,-64,-7
141,-65,-15
216,-73,-21
291,-86,-27
366,-93,-31
435,-104,-38
501,-109,-42
559,-115,-41
610,-119,-43
659,-119,-36
697,-115,-29
725,-107,-14
748,-102,3
767,-95,22
776,-83,35
774,-68,57
766,-51,73
750,-29,84
723,-5,93
692,17,101
656,38,106
614,58,102
567,78,97
508,101,89
451,119,76
392,128,53
332,141,38
269,152,17
203,156,-4
143,153,-20
84,141,-38
25,124,-50
-31,106,-58
-74,87,-66
-117,64,-73
-166,42,-75
-215,29,-78
-265,21,-79
-320,14,-76
-380,12,-71
-447,18,-67
-510,23,-64
-571,32,-59
-629,39,-55
-680,44,-53
-730,58,-49
-768,77,-45
-801,102,-40
-825,136,-40
-845,179,-41
-856,223,-46
-862,267,-51
-865,310,-57
-868,350,-69
-870,382,-87
-870,408,-110
-869,419,-132
-864,425,-160
-858,422,-188
-846,413,-214
-835,398,-240
-825,376,-267
-814,350,-288
-806,328,-307
-788,309,-325
-771,289,-331
-759,277,-334
-746,267,-337
-734,262,-335
-728,261,-332
-729,261,-329
-736,268,-325
-747,275,-320
-758,279,-318
-775,282,-313
-795,283,-308
-817,274,-306
-832,262,-297
-844,244,-288
-842,227,-281
-825,207,-279
-794,192,-280
-749,186,-281
-688,183,-286
-613,188,-289
-529,197,-295
-434,207,-308
-331,223,-324
-221,239,-338
-115,258,-357
-12,278,-375
100,295,-398
208,315,-423
318,335,-453
423,353,-484
523,371,-512
633,387,-544
740,403,-576
850,420,-602
964,436,-625
1079,441,-641
1196,450,-650
1306,449,-657
1409,451,-659
1500,439,-656
1574,432,-649
1635,420,-640
1692,401,-624
1731,386,-603
1752,369,-582
1751,347,-562
1730,324,-538
1682,299,-511
1616,281,-489
1535,264,-467
1441,249,-447
1342,241,-422
1242,232,-400
1134,222,-373
1016,217,-351
885,211,-326
757,199,-301
638,186,-277
516,174,-252
395,158,-229
281,137,-197
175,121,-169
74,100,-134
-16,79,-105
-97,63,-73
-171,47,-48
-250,30,-19
-320,11,18
-389,-11,54
-458,-30,93
-521,-47,128
-584,-66,166
-639,-81,202
-686,-92,242
-736,-95,281
-783,-96,324
-829,-97,359
-867,-88,395
-908,-79,431
-946,-65,465
-978,-52,492
-1005,-39,518
-1030,-34,548
-1057,-37,577
-1080,-42,603
-1101,-52,627
-1113,-64,655
-1121,-72,680
-1123,-83,706
-1119,-90,729
-1112,-95,750
-1100,-98,764
-1088,-86,773
-1072,-75,781
-1052,-63,780
-1035,-57,776
-1016,-56,767
-997,-61,753
-978,-71,743
-952,-84,735
-924,-104,732
-889,-129,729
-847,-154,725
-793,-175,723
-739,-186,720
-676,-200,717
-612,-210,710
-550,-217,703
-485,-223,696
-418,-231,690
-353,-241,684
-286,-246,677
-221,-255,672
-155,-253,665
-89,-249,657
-23,-240,647
52,-219,634
127,-187,621
201,-151,599
267,-105,572
335,-54,540
397,-5,500
450,44,457
497,96,402
538,155,346
573,205,284
599,244,214
620,274,145
632,295,72
641,300,3
654,291,-61
659,266,-125
661,224,-193
676,171,-256
697,110,-308
721,54,-356
752,-5,-401
784,-62,-435
821,-109,-463
861,-150,-483
893,-187,-500
914,-219,-507
920,-238,-507
917,-238,-503
897,-223,-496
872,-195,-487
830,-161,-473
774,-121,-468
717,-78,-466
648,-36,-470
571,10,-478
482,44,-490
385,79,-501
291,107,-504
201,126,-509
117,136,-510
32,145,-500
-32,153,-490
-86,157,-483
-132,163,-477
-172,164,-475
-211,165,-471
-244,159,-475
-272,158,-476
-295,158,-479
-306,160,-487
-312,155,-492
-314,148,-497
-305,149,-503
-286,141,-506
-271,139,-504
-253,129,-504
-227,124,-504
-193,117,-500
-157,113,-496
-118,106,-490
-72,98,-484
-20,90,-470
40,79,-454
106,74,-434
172,76,-409
242,79,-382
308,90,-348
373,106,-307
433,122,-260
486,147,-213
526,172,-158
552,199,-99
555,223,-46
540,238,9
513,251,69
466,262,123
404,266,176
339,271,216
263,268,253
187,261,285
110,247,306
37,230,331
-27,205,349
-77,181,363
-113,154,375
-150,120,384
-184,84,388
-212,46,393
-239,8,393
-258,-35,389
-275,-77,386
-282,-119,383
-277,-164,378
-272,-201,379
-263,-240,384
-249,-271,395
-236,-299,407
-227,-322,426
-223,-342,451
-234,-350,479
-251,-352,508
-276,-351,535
-300,-337,564
-323,-318,591
-339,-295,615
-346,-268,638
-357,-236,654
-353,-207,667
-354,-171,676
-342,-135,678
-334,-93,672
-318,-58,661
-300,-28,637
-280,-1,608
-264,22,574
-252,37,545
-241,46,512
-240,48,477
-251,44,440
-260,31,405
-278,10,376
-303,-14,346
-328,-43,317
-358,-78,295
-384,-109,274
-411,-139,257
-446,-167,250
-487,-187,239
-525,-202,235
-575,-216,239
-634,-229,239
-688,-230,235
-746,-222,232
-805,-208,222
-857,-189,214
-912,-159,201
-954,-112,185
-989,-60,173
-1016,-11,160
-1035,39,142
-1045,88,121
-1052,138,98
-1054,177,74
-1058,205,47
-1049,218,11
-1038,233,-23
-1018,238,-54
-992,235,-90
-954,221,-131
-916,195,-169
-875,165,-208
-823,133,-243
-767,101,-270
-706,70,-296
-655,53,-320
-603,45,-338
-552,38,-355
-501,41,-366
-465,48,-374
-440,60,-380
-418,73,-383
-408,86,-386
-403,98,-384
-406,104,-376
-408,110,-367
-410,114,-361
-409,115,-350
-403,114,-337
-396,117,-326
-391,122,-320
-373,130,-308
-355,143,-303
-330,154,-305
-301,171,-308
-267,192,-314
-225,214,-321
-180,238,-331
-130,259,-338
-80,276,-346
-25,290,-355
43,308,-362
108,322,-366
179,331,-366
257,342,-372
337,346,-373
419,343,-372
501,343,-373
589,341,-365
668,329,-354
739,312,-343
808,294,-329
869,274,-306
919,254,-279
960,230,-253
987,204,-225
993,180,-190
985,154,-155
960,126,-119
911,100,-83
849,80,-54
774,68,-30
692,52,1
595,42,30
495,38,58
401,35,85
306,34,110
202,27,140
103,17,170
11,9,192
-74,-6,213
-157,-17,229
-238,-21,244
-306,-24,250
-370,-29,255
-428,-27,257
-476,-18,262
-520,-9,269
-561,2,274
-594,16,279
-623,29,284
-641,41,291
-652,54,295
-662,67,300
-665,82,305
-665,92,311
-663,97,321
-654,105,329
-651,110,339
-641,112,349
-641,108,360
-639,107,376
-638,103,387
-645,100,397
-657,102,408
-671,109,421
-692,118,428
-719,121,435
-754,140,437
-794,161,433
-841,174,430
-897,188,421
-955,207,413
-1012,212,398
-1072,212,382
-1135,206,373
-1193,199,361
-1245,184,353
-1289,165,346
-1329,150,339
-1357,133,335
-1378,112,332
-1390,90,331
-1394,62,332
-1401,30,339
-1404,-2,351
-1404,-30,360
-1396,-56,372
-1385,-80,387
-1370,-103,399
-1350,-122,414
-1323,-139,428
-1282,-157,443
-1238,-170,461
-1183,-179,475
-1117,-187,490
-1041,-191,504
-957,-188,513
-867,-189,522
-770,-183,527
-660,-172,529
-540,-153,535
-419,-124,532
-299,-95,522
-175,-60,510
-64,-24,499
43,11,480
147,35,450
241,50,416
332,62,377
411,62,327
485,55,278
554,41,227
622,20,178
697,-14,132
772,-50,87
845,-90,44
933,-128,2
1020,-162,-29
1110,-191,-52
1200,-220,-70
1282,-244,-91
1359,-256,-110
1422,-262,-126
1472,-256,-143
1519,-235,-157
1549,-202,-170
1567,-162,-194
1567,-115,-220
1553,-67,-244
1525,-20,-278
1486,23,-315
1436,60,-353
1374,95,-392
1299,122,-429
1218,152,-459
1129,174,-490
1036,185,-510
936,195,-529
833,204,-538
724,212,-550
620,218,-557
515,224,-562
405,226,-571
297,224,-578
184,222,-584
