-573,-94,-510
-569,-105,-514
-591,-108,-506
-623,-105,-482
-673,-86,-462
-724,-59,-446
-760,-18,-437
-793,39,-435
-822,93,-435
-855,148,-436
-896,199,-434
-944,244,-420
-995,291,-386
-1050,335,-322
-1109,382,-237
-1180,421,-146
-1276,445,-57
-1389,454,34
-1491,448,122
-1564,429,203
-1585,400,269
-1556,349,321
-1497,275,364
-1432,191,400
-1376,105,434
-1344,31,456
-1346,-23,463
-1377,-59,457
-1421,-76,438
-1471,-78,406
-1503,-74,371
-1515,-57,329
-1519,-33,292
-1508,-1,279
-1489,24,288
-1462,36,304
-1431,42,319
-1399,41,332
-1365,45,340
-1344,42,348
-1332,38,358
-1325,44,378
-1318,55,406
-1318,71,436
-1315,83,464
-1297,87,489
-1288,95,508
-1288,109,529
-1278,122,546
-1271,137,560
-1264,150,575
-1258,175,585
-1247,195,592
-1233,213,597
-1216,229,598
-1182,243,607
-1142,248,611
-1106,251,610
-1071,248,606
-1035,238,595
-1010,230,584
-979,222,572
-950,215,562
-930,212,555
-918,220,540
-904,228,530
-890,232,523
-876,243,507
-858,264,491
-845,274,475
-826,281,457
-808,285,436
-793,291,413
-775,301,399
-765,303,392
-747,303,383
-732,306,361
-709,311,345
-679,310,329
-648,308,320
-632,313,309
-611,309,303
-592,304,301
-570,302,296
-543,299,286
-512,299,268
-479,284,251
-455,264,239
-428,248,233
-406,227,231
-375,214,230
-342,202,239
-327,191,247
-322,184,259
-304,179,267
-273,182,267
-261,182,268
-241,181,267
-215,177,270
-193,166,280
-168,160,291
-137,155,299
-107,147,312
-91,133,323
-77,118,325
-63,103,327
-65,86,332
-74,67,346
-95,44,366
-127,28,379
-156,13,395
-185,0,407
-204,-6,418
-208,-12,429
-188,-24,438
-157,-45,450
-134,-72,453
-109,-118,448
-78,-172,443
-54,-229,445
-25,-268,468
-31,-288,501
-62,-281,522
-89,-251,517
-114,-231,481
-146,-244,419
-170,-299,357
-191,-378,312
-207,-449,287
-218,-511,265
-211,-546,246
-190,-551,237
-172,-532,226
-154,-495,215
-138,-445,206
-118,-389,194
-80,-333,171
-28,-279,142
40,-231,114
123,-187,90
214,-140,73
290,-84,52
360,-30,32
405,20,13
413,63,-6
420,94,-16
427,108,-24
412,84,-30
364,25,-32
286,-53,-30
183,-142,-32
106,-229,-35
56,-305,-33
40,-365,-35
37,-399,-35
53,-414,-43
78,-417,-55
102,-413,-68
112,-403,-76
114,-391,-84
91,-363,-110
77,-337,-141
63,-309,-170
47,-281,-202
32,-253,-232
16,-232,-261
-8,-207,-292
-30,-172,-314
-50,-135,-328
-68,-92,-340
-80,-54,-341
-96,-21,-338
-115,8,-325
-132,31,-307
-147,46,-287
-172,50,-273
-193,45,-266
-207,43,-267
-213,45,-274
-220,44,-281
-229,51,-286
-233,54,-292
-242,62,-286
-253,74,-282
-262,88,-278
-274,105,-270
-285,125,-261
-286,142,-255
-266,158,-247
-250,180,-231
-260,207,-214
-261,231,-202
-248,255,-194
-239,279,-192
-241,298,-190
-244,318,-191
-240,345,-196
-227,365,-188
-219,385,-176
-204,397,-171
-189,407,-173
-171,405,-174
-154,399,-173
-141,392,-166
-146,383,-161
-157,373,-159
-159,355,-153
-162,341,-147
-161,323,-148
-152,308,-156
-118,291,-175
-80,278,-197
-61,261,-216
-58,247,-233
-67,221,-243
-83,194,-244
-100,174,-240
-107,154,-236
-103,143,-238
-89,140,-254
-89,141,-270
-94,154,-284
-102,181,-288
-112,213,-291
-108,253,-297
-112,296,-305
-110,334,-309
-102,358,-315
-93,373,-315
-84,383,-314
-61,380,-313
-34,368,-314
-10,355,-316
10,334,-320
22,316,-315
22,305,-313
18,292,-316
8,280,-323
-3,261,-334
-22,233,-344
-46,197,-356
-73,148,-366
-102,95,-374
-135,46,-387
-163,-1,-402
-186,-42,-420
-200,-77,-443
-208,-101,-462
-208,-108,-473
-217,-104,-488
-227,-89,-500
-236,-74,-511
-245,-58,-514
-254,-42,-513
-279,-25,-497
-320,-12,-465
-369,3,-427
-406,21,-407
-434,40,-404
-455,61,-406
-475,74,-406
-506,98,-402
-524,124,-394
-548,149,-373
-565,178,-334
-587,223,-280
-601,287,-209
-630,365,-125
-688,440,-38
-786,508,58
-890,551,142
-975,552,210
-1018,509,254
-1021,416,292
-1017,292,322
-1014,171,334
-992,63,342
-971,-15,346
-963,-70,347
-971,-100,341
-988,-114,326
-1007,-111,315
-1020,-103,320
-1029,-91,331
-1027,-84,344
-1010,-79,354
-988,-80,359
-971,-88,359
-962,-96,365
-956,-95,375
-961,-96,385
-970,-94,397
-973,-94,416
-976,-87,437
-975,-77,461
-964,-68,485
-950,-56,503
-946,-43,514
-949,-32,514
-940,-23,506
-932,-14,494
-922,-4,479
-913,0,464
-897,10,455
-880,19,452
-869,32,453
-865,55,454
-853,80,459
-833,95,469
-808,103,483
-793,113,498
-791,127,515
-781,139,521
-764,145,524
-751,154,528
-741,164,536
-730,182,550
-715,203,560
-696,230,558
-678,255,556
-669,274,553
-669,288,549
-665,298,549
-666,314,540
-659,331,528
-648,341,505
-632,348,484
-611,353,464
-595,357,448
-579,363,429
-559,369,414
-545,369,404
-526,370,395
-511,368,378
-483,363,364
-460,346,341
-442,322,317
-422,290,299
-415,244,288
-411,206,279
-401,172,276
-400,140,272
-400,117,276
-394,101,277
-392,96,277
-384,90,277
-371,87,274
-363,86,272
-346,79,280
-318,84,285
-296,88,297
-279,94,308
-258,102,319
-243,108,326
-241,113,333
-244,116,346
-261,120,354
-287,129,362
-323,142,367
-356,163,372
-382,183,381
-398,208,388
-396,236,397
-375,261,396
-351,278,386
-330,276,380
-316,253,372
-305,215,363
-302,168,357
-288,117,359
-289,79,371
-304,56,369
-307,54,360
-305,64,350
-294,52,333
-302,9,298
-323,-71,257
-344,-158,216
-358,-232,182
-373,-265,175
-375,-257,189
-356,-243,196
-339,-224,189
-316,-205,166
-262,-187,141
-200,-164,111
-149,-144,82
-115,-123,55
-70,-100,36
-4,-72,24
74,-37,15
149,6,9
218,51,9
280,96,-1
336,127,-11
372,141,-24
387,140,-41
374,118,-65
332,73,-86
272,0,-103
186,-77,-110
101,-153,-107
30,-222,-106
-14,-274,-112
-26,-316,-121
-23,-348,-139
-10,-366,-163
-1,-368,-183
-6,-361,-194
-33,-339,-199
-76,-312,-208
-116,-281,-221
-158,-250,-242
-204,-226,-271
-245,-207,-304
-274,-189,-336
-309,-167,-369
-338,-142,-401
-360,-113,-423
-378,-76,-443
-389,-34,-455
-396,8,-463
-409,51,-461
-419,98,-451
-435,145,-439
-446,177,-421
-464,211,-406
-481,238,-399
-486,248,-391
-498,248,-389
-505,241,-384
-505,233,-379
-503,218,-373
-500,205,-367
-496,194,-357
-484,183,-349
-474,169,-341
-466,164,-332
-455,164,-322
-452,161,-302
-455,164,-285
-451,168,-268
-437,175,-254
-425,189,-236
-422,205,-228
-414,218,-225
-403,229,-219
-386,247,-213
-362,262,-202
-344,278,-194
-336,304,-178
-328,329,-162
-318,353,-149
-298,367,-137
-287,379,-121
-269,377,-110
-251,367,-98
-248,347,-93
-247,326,-96
-237,305,-99
-236,284,-104
-243,264,-106
-243,248,-107
-241,231,-109
-238,217,-108
-236,202,-109
-233,185,-119
-214,164,-129
-194,144,-139
-183,130,-166
-181,110,-208
-183,102,-238
-189,112,-256
-198,130,-254
-210,154,-243
-219,178,-226
-216,198,-216
-208,218,-214
-189,232,-223
-158,239,-232
-126,240,-246
-102,251,-256
-85,263,-263
-82,285,-276
-81,321,-286
-87,365,-296
-103,412,-307
-122,460,-320
-145,500,-329
-181,527,-338
-225,532,-339
-265,514,-343
-308,482,-347
-356,432,-349
-401,383,-350
-440,343,-352
-477,315,-353
-503,308,-356
-526,320,-363
-534,338,-368
-528,359,-381
-512,379,-401
-488,398,-431
-468,403,-457
-463,407,-486
-484,399,-509
-528,389,-519
-582,374,-517
-649,356,-494
-726,343,-466
-795,345,-433
-875,349,-392
-941,369,-346
-991,402,-301
-1025,448,-253
-1044,497,-204
-1038,549,-150
-1030,598,-101
-1016,636,-56
-1002,663,-7
-998,666,43
-1007,651,89
-1027,607,132
-1062,546,181
-1087,478,234
-1080,408,283
-1062,343,328
-1037,293,362
-1019,257,384
-1026,224,399
-1052,192,404
-1088,158,397
-1117,125,384
-1142,88,364
-1141,53,337
-1123,26,307
-1088,2,281
-1054,-23,258
-1022,-46,241
-1002,-62,231
-995,-86,228
-1010,-109,232
-1037,-125,241
-1067,-147,252
-1090,-177,267
-1107,-200,274
-1114,-217,279
-1118,-227,282
-1112,-222,291
-1112,-199,299
-1113,-174,311
-1118,-137,322
-1125,-89,331
-1135,-46,343
-1146,8,357
-1160,60,375
-1165,108,391
-1163,157,403
-1163,198,421
-1172,230,450
-1170,258,486
-1167,277,524
-1163,289,557
-1154,298,583
-1141,301,601
-1144,305,604
-1145,313,602
-1132,322,596
-1109,337,583
-1079,352,576
-1047,361,567
-1017,371,560
-982,380,553
-954,380,541
-932,375,527
-914,372,519
-897,362,510
-899,348,506
-902,335,498
-907,317,494
-908,302,486
-903,289,472
-886,273,455
-870,255,438
-844,236,425
-823,215,418
-804,191,414
-788,173,408
-766,156,399
-746,140,392
-729,129,384
-707,117,374
-687,102,366
-670,94,362
-648,82,360
-618,70,364
-594,62,366
-573,50,365
-553,39,356
-526,28,352
-490,13,350
-450,-2,349
-420,-12,343
-394,-28,347
-372,-50,351
-367,-63,355
-375,-76,358
-411,-86,359
-460,-88,363
-513,-86,374
-566,-74,385
-603,-53,396
-603,-24,408
-578,11,413
-528,34,419
-472,42,424
-414,36,426
-352,9,432
-298,-38,447
-272,-101,463
-270,-174,480
-287,-240,499
-334,-289,514
-387,-309,520
-413,-314,527
-425,-301,533
-456,-281,507
-530,-264,462
-641,-274,412
-739,-318,384
-800,-365,381
-830,-410,388
-824,-442,401
-811,-465,401
-794,-470,387
-779,-460,358
-783,-440,322
-780,-416,278
-775,-374,231
-752,-315,185
-699,-253,140
-629,-181,103
-541,-105,77
-440,-24,72
-342,66,81
-236,151,104
-131,227,132
-42,285,151
50,304,168
102,293,170
85,248,155
-12,181,125
-182,99,75
-386,11,27
-584,-62,-5
-720,-117,-24
-792,-156,-32
-804,-189,-44
-784,-222,-63
-756,-262,-81
-724,-310,-106
-702,-354,-142
-685,-397,-176
-684,-422,-210
-688,-436,-246
-706,-431,-282
-723,-412,-313
-733,-385,-340
-739,-357,-364
-752,-322,-390
-770,-276,-408
-783,-228,-413
-799,-175,-412
-799,-118,-402
-803,-61,-377
-812,-7,-346
-827,49,-315
-851,101,-295
-878,141,-288
-902,172,-287
-918,196,-288
-937,218,-285
-948,234,-282
-954,253,-279
-971,272,-276
-978,282,-273
-989,294,-267
-999,303,-255
-999,311,-242
-1008,325,-226
-1015,337,-213
-1014,349,-197
-1017,368,-184
-1016,390,-169
-1008,412,-160
-990,428,-151
-980,447,-139
-961,468,-131
-931,490,-123
-906,511,-114
-887,532,-108
-868,549,-106
-849,564,-104
-835,577,-102
-826,585,-99
-827,586,-98
-816,580,-103
-811,564,-103
-810,542,-98
-798,517,-91
-788,492,-86
-767,461,-79
-735,437,-79
-698,421,-85
-667,412,-86
-657,413,-81
-667,426,-80
-688,448,-78
-721,473,-77
-771,492,-62
-814,507,-34
-822,508,-15
-808,500,-16
-772,481,-30
-718,459,-47
-666,439,-63
-635,426,-69
-617,421,-64
-600,420,-62
-598,415,-71
-593,414,-90
-577,413,-123
-566,407,-156
-547,396,-178
-526,382,-199
-504,366,-213
-481,348,-230
-462,327,-246
-447,304,-264
-434,287,-283
-428,269,-303
-428,252,-315
-432,235,-324
-445,210,-326
-471,183,-325
-503,155,-322
-534,123,-309
-566,79,-292
-602,34,-280
-649,-6,-274
-706,-44,-264
-751,-70,-253
-804,-85,-251
-854,-88,-258
-881,-82,-268
-887,-82,-280
-882,-98,-297
-879,-119,-309
-887,-150,-320
-913,-164,-331
-941,-158,-343
-965,-133,-350
-991,-88,-355
-1028,-28,-359
-1045,50,-362
-1041,148,-363
-1018,251,-366
-973,358,-362
-911,459,-342
-851,555,-307
-818,643,-244
-805,720,-170
-809,777,-100
-827,799,-45
-850,775,15
-895,711,59
-949,606,79
-1010,485,85
-1067,363,84
-1115,266,90
-1150,198,95
-1177,163,103
-1196,152,108
-1203,159,110
-1202,177,119
-1188,195,138
-1176,213,165
-1174,220,187
-1171,212,202
-1170,194,216
-1176,166,225
-1186,134,235
-1195,100,246
-1203,66,260
-1205,40,278
-1206,23,296
-1207,13,311
-1209,14,330
-1204,16,344
-1197,21,358
-1190,39,374
-1180,60,389
-1161,78,391
-1134,93,386
-1111,108,384
-1099,116,377
-1089,121,374
-1074,135,370
-1056,169,376
-1043,204,401
-1039,232,426
-1029,254,443
-1016,268,457
-1003,273,467
-994,275,470
-979,269,473
-952,267,474
-919,262,471
-882,254,469
-849,244,469
-820,234,475
-798,235,476
-787,236,485
-773,240,492
-755,236,492
-747,234,493
-733,225,494
-729,221,483
-730,218,465
-736,213,445
-739,202,426
-742,194,409
-737,190,395
-739,183,396
-741,179,399
-737,172,397
-731,169,390
-715,158,377
-688,148,371
-652,136,369
-620,118,368
-599,94,371
-582,67,377
-563,40,383
-543,8,385
-526,-24,385
-518,-48,385
-503,-73,386
-493,-95,383
-489,-109,384
-479,-118,385
-468,-121,385
-444,-120,390
-421,-117,397
-406,-110,402
-395,-103,410
-387,-98,417
-381,-92,421
-385,-88,428
-406,-86,434
-440,-80,444
-481,-75,457
-518,-70,474
-545,-61,484
-550,-52,494
-536,-35,499
-512,-17,506
-481,-10,506
-448,-13,495
-411,-35,477
-392,-68,456
-384,-110,456
-377,-148,484
-403,-171,517
-440,-184,541
-481,-181,546
-521,-179,531
-576,-197,500
-654,-243,449
-734,-301,405
-786,-356,372
-817,-400,347
-826,-426,324
-826,-435,295
-810,-441,270
-800,-433,244
-796,-410,208
-792,-373,165
-789,-329,123
-781,-275,86
-757,-213,62
-712,-145,45
-664,-72,30
-613,16,18
-560,117,10
-509,219,8
-465,313,5
-430,393,2
-408,443,10
-400,470,30
-411,461,46
-443,407,55
-501,325,62
-598,222,51
-711,109,30
-820,-4,-3
-897,-94,-30
-929,-157,-39
-939,-189,-37
-927,-196,-39
-894,-184,-50
-864,-164,-70
-840,-152,-87
-826,-149,-112
-826,-151,-141
-835,-162,-169
-848,-173,-197
-858,-174,-218
-866,-162,-241
-878,-139,-267
-886,-112,-291
-889,-77,-315
-892,-36,-336
-897,12,-354
-904,64,-362
-914,117,-363
-924,173,-365
-933,223,-371
-929,263,-373
-931,302,-368
-938,328,-364
-945,339,-359
-949,350,-357
-956,362,-364
-962,365,-374
-972,382,-378
-979,407,-381
-984,429,-379
-986,445,-371
-991,459,-359
-992,468,-347
-985,472,-330
-979,471,-312
-975,474,-294
-966,487,-279
-958,504,-263
-946,523,-240
-950,539,-217
-947,550,-202
-934,562,-174
-920,570,-145
-906,579,-115
-884,581,-105
-854,584,-100
-821,590,-93
-785,595,-87
-748,595,-79
-715,595,-72
-687,593,-70
-663,589,-64
-636,581,-57
-616,563,-55
-600,544,-50
-591,528,-48
-580,512,-47
-568,495,-41
-558,482,-37
-552,476,-35
-551,466,-34
-548,458,-31
-543,447,-32
-536,430,-33
-531,414,-32
-521,400,-35
-515,390,-32
-506,374,-33
-495,365,-38
-479,355,-42
-465,342,-48
-453,338,-56
-441,333,-62
-426,325,-70
-417,322,-78
-411,319,-85
-404,313,-88
-400,304,-97
-393,296,-108
-390,289,-121
-387,276,-136
-386,267,-149
-383,253,-165
-377,237,-193
-371,220,-220
-358,203,-251
-345,188,-279
-342,170,-306
-353,153,-326
-371,137,-343
-395,119,-356
-430,98,-361
-474,77,-362
-521,51,-354
-586,25,-340
-643,-3,-329
-695,-36,-322
-749,-67,-321
-794,-100,-334
-817,-126,-346
-830,-143,-367
-846,-164,-389
-866,-190,-411
-892,-209,-419
-918,-213,-418
-957,-194,-410
-1008,-159,-400
-1055,-108,-391
-1105,-47,-390
-1144,23,-398
-1176,92,-405
-1201,150,-404
-1221,204,-392
-1256,255,-376
-1301,304,-344
-1341,354,-294
-1373,413,-224
-1387,481,-141
-1405,568,-53
-1412,667,43
-1418,770,137
-1433,867,222
-1459,942,280
-1484,978,313
-1503,966,316
-1515,900,310
-1511,798,305
-1484,673,316
-1450,541,339
-1418,432,373
-1405,342,410
-1419,263,438
-1451,202,451
-1492,153,453
-1539,123,444
-1572,108,438
-1574,109,447
-1569,124,471
-1562,136,503
-1548,150,529
-1530,157,541
-1518,164,539
-1507,166,533
-1497,161,520
-1489,147,506
-1479,128,497
-1476,110,494
-1471,102,501
-1467,107,510
-1455,114,521
-1446,132,527
-1430,162,535
-1414,188,541
-1395,209,542
-1379,233,539
-1360,254,534
-1349,273,519
-1341,292,499
-1324,302,485
-1324,306,473
-1317,315,465
-1308,326,469
-1294,337,473
-1272,341,476
-1259,344,483
-1244,348,493
-1221,359,503
-1200,377,501
-1176,399,500
-1148,420,493
-1127,438,482
-1098,455,469
-1068,464,456
-1041,464,441
-1015,462,431
-1000,456,419
-977,446,410
-953,432,403
-924,417,391
-897,409,379
-868,396,371
-842,386,366
-809,371,363
-773,356,358
-735,337,353
-704,314,349
-684,286,346
-653,261,342
-634,243,335
-621,222,334
-603,199,340
-594,172,345
-597,147,349
-599,124,353
-595,105,367
-595,96,379
-589,93,384
-575,104,384
-558,111,388
-536,115,390
-513,117,387
-494,110,382
-465,100,379
-435,91,378
-394,84,377
-367,73,375
-346,57,378
-340,35,381
-347,13,387
-368,-14,393
-398,-42,408
-445,-65,427
-496,-83,449
-543,-93,470
-567,-96,486
-555,-90,503
-517,-80,517
-457,-81,522
-391,-96,517
-328,-136,505
-268,-198,492
-216,-266,484
-179,-319,473
-140,-335,467
-150,-321,459
-191,-291,439
-227,-275,404
-282,-296,350
-343,-355,296
-395,-433,262
-426,-507,243
-429,-576,235
-399,-626,238
-362,-640,249
-341,-622,257
-334,-570,263
-338,-499,262
-333,-414,242
-310,-321,212
-265,-226,175
-196,-134,129
-99,-44,90
-2,48,61
79,136,47
130,211,48
160,261,53
182,292,45
193,288,25
182,231,1
133,136,-20
59,23,-31
-24,-91,-25
-102,-188,-14
-154,-259,-5
-183,-310,-5
-183,-334,-16
-165,-345,-33
-145,-343,-48
-143,-341,-62
-145,-345,-70
-143,-357,-72
-137,-371,-79
-134,-381,-97
-132,-379,-127
-134,-373,-165
-137,-363,-198
-144,-342,-231
-159,-314,-270
-176,-278,-299
-197,-236,-323
-217,-183,-340
-227,-128,-355
-239,-76,-354
-253,-24,-344
-266,23,-331
-284,60,-313
-296,84,-297
-309,103,-292
-321,115,-297
-325,127,-303
-328,134,-311
-334,141,-311
-339,147,-306
-349,154,-306
-354,161,-309
-363,164,-309
-372,167,-309
-377,166,-309
-385,171,-307
-394,172,-303
-401,172,-298
-401,183,-289
-392,188,-280
-386,206,-276
-385,223,-266
-383,242,-255
-377,268,-240
-379,298,-224
-387,336,-213
-387,366,-197
-378,390,-185
-366,409,-174
-355,419,-166
-342,424,-167
-332,423,-173
-321,418,-174
-317,407,-177
-319,386,-174
-325,357,-170
-327,324,-163
-327,296,-155
-328,265,-147
-332,238,-138
-337,214,-141
-337,201,-145
-327,193,-148
-318,194,-155
-316,199,-167
-324,200,-184
-334,196,-199
-329,192,-212
-326,197,-224
-318,197,-234
-324,196,-233
-337,201,-232
-348,206,-234
-349,214,-231
-336,217,-234
-311,221,-236
-290,221,-237
-269,215,-242
-250,207,-248
-231,206,-264
-214,208,-276
-199,211,-286
-180,219,-303
-163,231,-327
-174,232,-351
-207,225,-371
-253,209,-389
-304,182,-401
-348,144,-408
-381,98,-406
-393,51,-406
-388,2,-418
-378,-36,-438
-367,-65,-459
-371,-82,-483
-378,-89,-508
-382,-101,-530
-383,-113,-550
-379,-126,-575
-392,-148,-602
-410,-172,-625
-423,-186,-637
-446,-185,-647
-473,-163,-648
-513,-119,-638
-546,-65,-618
-581,6,-593
-609,91,-563
-618,181,-529
-601,271,-482
-590,361,-432
-581,449,-375
-588,528,-308
-623,589,-222
-680,623,-138
-731,631,-73
-759,600,-23
-759,536,18
-736,447,52
-714,341,76
-688,227,90
-673,126,98
-670,39,101
-675,-21,100
-693,-52,96
-714,-62,87
-731,-63,86
-732,-55,99
-728,-36,120
-715,-12,146
-695,10,166
-665,29,177
-629,40,186
-588,38,191
-561,30,199
-543,19,211
-534,6,230
-535,-6,254
-536,-10,280
-539,-12,305
-534,-11,329
-531,-2,352
-524,8,368
-513,15,375
-500,30,378
-483,46,378
-463,61,374
-448,73,372
-423,80,368
-400,83,350
-373,85,331
-349,93,317
-340,100,307
-341,111,306
-333,132,313
-316,146,319
-295,149,322
-267,150,331
-246,151,342
-234,154,354
-224,163,371
-220,182,389
-213,208,398
-214,226,401
-216,234,401
-221,242,401
-225,247,392
-220,255,388
-210,262,374
-202,266,358
-197,271,345
-196,278,332
-190,284,322
-176,282,308
-162,284,294
-148,286,285
-135,281,275
-127,272,260
-124,264,247
-126,251,238
-130,241,227
-132,226,218
-129,210,211
-130,196,206
-128,185,203
-123,175,201
-124,166,198
-126,153,200
-128,148,203
-128,143,204
-132,137,210
-141,133,214
-145,124,221
-148,120,229
-139,124,237
-119,115,251
-101,114,276
-96,102,290
-104,93,297
-109,77,300
-111,65,308
-122,52,319
-151,35,333
-203,20,344
-250,11,360
-299,14,378
-337,21,392
-369,31,400
-382,42,398
-379,48,395
-358,41,389
-320,20,381
-279,-20,369
-236,-75,356
-184,-136,347
-133,-199,341
-119,-262,335
-128,-301,316
-155,-326,301
-200,-339,284
-239,-341,274
-285,-349,261
-332,-367,252
-368,-398,246
-391,-434,242
-391,-471,241
-374,-506,243
-336,-526,237
-298,-515,226
-264,-479,212
-238,-425,191
-207,-360,164
-176,-284,134
-141,-205,95
-90,-129,49
-24,-57,5
56,12,-28
140,89,-54
214,156,-71
293,216,-77
366,273,-80
420,325,-80
456,361,-79
487,371,-82
481,344,-81
442,281,-81
365,201,-80
276,112,-77
199,38,-73
151,-24,-71
126,-77,-67
127,-114,-62
154,-136,-62
178,-157,-67
191,-182,-72
194,-200,-76
187,-217,-82
177,-238,-93
171,-251,-112
166,-254,-138
164,-255,-165
160,-248,-200
163,-236,-238
167,-207,-278
168,-169,-315
168,-118,-346
173,-61,-366
171,-1,-376
177,54,-377
173,102,-371
169,140,-357
160,168,-335
139,186,-324
121,198,-317
102,205,-319
84,210,-329
66,210,-341
53,211,-347
44,205,-353
34,200,-359
21,198,-359
15,195,-359
7,197,-359
-2,192,-358
-6,190,-358
-9,186,-352
-12,185,-348
-15,189,-339
-15,192,-327
-17,205,-312
-15,218,-297
0,227,-279
9,243,-264
18,259,-253
13,273,-258
6,290,-270
8,318,-270
5,346,-257
-5,371,-229
-14,384,-185
-22,378,-154
-28,364,-138
-29,340,-134
-20,313,-137
-22,289,-142
-21,265,-150
-5,242,-160
9,229,-165
13,222,-174
11,217,-184
6,215,-199
7,214,-206
-2,223,-208
-20,230,-210
-60,244,-202
-102,260,-201
-131,290,-201
-150,319,-202
-166,349,-202
-182,373,-209
-188,383,-223
-187,387,-225
-178,385,-225
-164,379,-218
-144,366,-217
-120,350,-227
-94,329,-235
-78,319,-244
-67,313,-254
-56,310,-262
-49,312,-266
-44,320,-267
-56,330,-273
-69,337,-277
-91,334,-278
-121,322,-278
-152,291,-275
-195,249,-265
-232,194,-241
-259,130,-201
-282,80,-160
-311,43,-149
-329,28,-153
-353,22,-178
-372,23,-203
-389,18,-230
-397,7,-243
-399,-2,-248
-418,-4,-254
-451,-1,-252
-476,13,-226
-490,39,-196
-511,79,-182
-532,123,-185
-551,161,-200
-575,198,-222
-602,233,-233
-613,267,-228
-617,300,-203
-618,347,-161
-608,411,-103
-607,495,-40
-630,591,46
-702,684,132
-821,748,218
-925,773,295
-972,749,356
-947,670,398
-884,538,424
-825,388,437
-785,247,435
-771,138,423
-778,57,404
-797,10,384
-834,-9,370
-871,-1,362
-894,16,359
-899,46,364
-886,74,368
-860,103,369
-834,124,364
-810,137,357
-798,135,352
-794,114,352
-799,92,362
-814,66,378
-826,37,401
-830,13,423
-827,-3,438
-812,-11,457
-795,-9,475
-776,4,486
-753,28,491
-740,63,490
-726,105,480
-710,144,466
-691,174,453
-682,198,434
-676,215,407
-674,229,385
-665,237,360
-645,237,335
-623,228,315
-600,210,302
-586,193,304
-591,177,314
-601,174,333
-601,172,352
-602,173,369
-602,182,384
-600,186,390
-594,178,391
-576,170,383
-549,154,363
-526,136,343
-510,120,331
-505,112,321
-496,106,315
-491,105,309
-485,105,302
-483,112,301
-488,121,296
-492,130,293
-488,134,292
-491,138,293
-498,133,296
-495,132,296
-490,133,292
-491,126,285
-489,114,282
-484,113,285
-476,103,292
-478,95,302
-483,87,306
-488,75,313
-495,64,321
-512,51,330
-532,31,349
-547,12,363
-552,3,361
-540,2,354
-538,3,352
-543,7,351
-527,11,352
-516,8,352
-513,2,349
-506,-11,349
-508,-20,346
-506,-29,345
-509,-45,350
-527,-65,361
-554,-81,367
-590,-104,372
-621,-127,378
-648,-153,385
-677,-174,388
-690,-198,396
-682,-221,412
-638,-244,418
-594,-266,411
-558,-291,399
-547,-315,388
-570,-334,396
-628,-337,420
-698,-313,448
-733,-267,469
-739,-210,476
-736,-159,468
-741,-127,456
-768,-141,450
-817,-193,448
-870,-276,431
-902,-370,413
-901,-449,412
-892,-490,423
-892,-487,425
-896,-454,407
-898,-398,370
-888,-324,311
-854,-244,246
-798,-155,189
-726,-54,146
-658,64,120
-597,195,112
-534,316,126
-477,408,150
-437,462,169
-417,469,187
-429,428,199
-481,345,192
-556,238,172
-644,115,143
-728,5,119
-793,-74,100
-834,-122,85
-861,-134,61
-871,-119,27
-872,-96,-4
-873,-70,-38
-873,-56,-61
-873,-54,-71
-882,-50,-74
-897,-45,-81
-905,-42,-96
-904,-38,-115
-911,-23,-141
-921,-2,-168
-928,18,-191
-943,48,-213
-953,90,-235
-961,126,-252
-968,157,-268
-965,181,-279
-964,201,-286
-962,213,-294
-958,227,-294
-953,248,-286
-956,270,-277
-960,285,-272
-961,294,-269
-973,295,-263
-979,291,-257
-996,280,-254
-1008,269,-244
-1019,264,-233
-1033,257,-227
-1044,256,-217
-1048,254,-207
-1056,259,-192
-1065,265,-176
-1066,268,-165
-1054,268,-151
-1041,269,-137
-1025,269,-125
-1012,280,-120
-988,294,-114
-960,305,-105
-940,321,-95
-928,337,-88
-923,358,-81
-903,378,-73
-876,399,-67
-867,426,-56
-854,448,-47
-836,455,-45
-815,446,-44
-798,431,-45
-787,413,-46
-780,397,-42
-765,385,-39
-757,379,-39
-765,377,-32
-781,376,-24
-777,385,-29
-764,389,-29
-759,405,-25
-753,421,-24
-744,438,-24
-726,456,-22
-716,474,-21
-713,490,-18
-708,508,-22
-699,527,-30
-686,542,-39
-664,556,-44
-641,555,-49
-615,548,-53
-591,539,-64
-568,520,-71
-546,506,-80
-522,490,-90
-508,472,-106
-499,452,-123
-489,434,-143
-475,412,-164
-459,385,-178
-444,358,-195
-434,323,-210
-428,288,-222
-428,246,-232
-430,209,-247
-441,168,-259
-459,134,-263
-488,108,-268
-523,83,-264
-560,53,-260
-604,28,-253
-657,6,-244
-699,-14,-239
-734,-26,-249
-750,-33,-270
-758,-40,-304
-756,-49,-333
-756,-62,-359
-759,-78,-382
-772,-91,-397
-797,-94,-409
-837,-80,-421
-871,-56,-425
-907,-19,-431
-941,38,-439
-964,117,-451
-973,210,-463
-965,318,-458
-945,431,-441
-922,535,-415
-908,628,-376
-895,706,-324
-909,763,-263
-948,798,-183
-1022,811,-100
-1126,784,-24
-1220,721,53
-1287,624,109
-1311,502,154
-1307,370,196
-1295,247,233
-1293,151,261
-1293,84,272
-1294,49,281
-1307,34,279
-1336,31,273
-1377,31,266
-1416,38,265
-1438,46,271
-1443,60,288
-1430,72,310
-1416,81,324
-1410,94,334
-1408,107,343
-1412,115,351
-1411,119,362
-1411,118,376
-1411,104,394
-1410,80,406
-1400,61,422
-1387,47,437
-1378,47,447
-1369,58,456
-1357,79,459
-1339,107,456
-1324,131,448
-1305,155,436
-1287,171,422
-1272,192,408
-1248,212,392
-1229,225,381
-1217,247,373
-1204,272,364
-1189,295,362
-1174,317,368
-1153,339,369
-1136,351,367
-1116,358,365
-1097,360,364
-1075,353,370
-1064,340,371
-1052,331,373
-1028,317,374
-1003,297,376
-981,277,375
-974,269,368
-960,262,365
-936,256,360
-916,257,354
-899,263,344
-876,267,331
-842,273,316
-813,274,304
-789,273,295
-764,272,283
-747,267,274
-730,263,265
-713,255,257
-698,242,253
-682,229,248
-666,214,240
-647,203,232
-625,188,225
-600,169,223
-569,153,223
-538,140,215
-516,121,211
-497,97,210
-475,76,214
-459,52,221
-458,30,231
-452,14,242
-445,2,249
-426,-13,258
-404,-17,276
-379,-17,295
-343,-19,308
-316,-21,322
-296,-28,333
-289,-37,340
-307,-53,350
-346,-64,357
-396,-73,369
-463,-74,380
-527,-71,398
-570,-66,413
-590,-52,425
-588,-39,431
-566,-30,425
-523,-40,416
-471,-67,402
-418,-113,379
-370,-176,357
-347,-232,345
-346,-269,341
-348,-271,353
-357,-247,363
-376,-219,353
-407,-200,323
-450,-207,285
-483,-241,254
-518,-285,245
-546,-328,247
-563,-370,248
-567,-394,240
-557,-393,216
-549,-376,194
-532,-351,179
-522,-320,170
-514,-285,159
-495,-245,139
-476,-196,116
-433,-142,89
-391,-78,59
-340,-7,37
-283,71,25
-216,153,17
-156,227,11
-118,286,9
-97,330,16
-92,352,27
-115,342,37
-164,298,47
-248,232,54
-343,156,57
-427,82,63
-485,18,53
-523,-23,30
-538,-55,0
-533,-68,-31
-523,-73,-61
-515,-81,-77
-515,-94,-89
-514,-106,-103
-524,-120,-125
-532,-128,-147
-539,-133,-167
-545,-138,-186
-546,-138,-206
-554,-129,-227
-565,-117,-256
-576,-95,-280
-585,-60,-298
-599,-18,-311
-609,26,-316
-619,77,-317
-640,129,-310
-654,176,-296
-671,211,-274
-685,232,-258
-699,240,-251
-714,241,-246
-724,234,-241
-738,229,-236
-752,229,-231
-759,228,-228
-766,229,-223
-771,229,-218
-777,226,-214
-793,227,-209
-804,231,-203
-823,239,-198
-837,243,-194
-837,245,-188
-834,250,-177
-832,248,-168
-829,247,-163
-815,254,-164
-801,265,-163
-793,281,-161
-785,301,-155
-771,323,-147
-760,346,-134
-759,367,-122
-749,377,-118
-742,384,-114
-730,388,-113
-716,383,-115
-707,382,-111
-683,375,-112
-658,363,-111
-649,353,-113
-648,343,-117
-659,342,-123
-674,343,-125
-695,340,-110
-724,336,-92
-748,331,-85
-746,325,-83
-740,319,-84
-745,317,-89
-738,316,-94
-731,320,-94
-735,329,-91
-734,337,-90
-724,340,-92
-713,344,-93
-700,349,-88
-687,353,-83
-689,362,-78
-675,366,-74
-662,367,-75
-651,358,-77
-641,354,-82
-627,351,-91
-616,342,-100
-604,338,-109
-596,340,-116
-583,346,-122
-573,358,-135
-556,364,-148
-538,365,-164
-522,364,-179
-514,365,-192
-513,358,-204
-527,345,-211
-549,325,-212
-572,307,-203
-600,289,-184
-641,265,-168
-687,233,-153
-728,190,-134
-770,150,-120
-820,132,-113
-873,135,-123
-923,153,-144
-963,161,-163
-1006,160,-186
-1031,140,-200
-1047,120,-203
-1077,101,-191
-1120,91,-166
-1168,102,-138
-1229,135,-115
-1273,181,-116
-1307,249,-137
-1323,329,-168
-1326,408,-197
-1319,479,-215
-1328,546,-222
-1338,611,-221
-1339,669,-202
-1332,730,-166
-1320,788,-121
-1334,839,-76
-1387,878,-31
-1459,896,17
-1528,880,67
-1558,823,114
-1554,733,152
-1535,626,189
-1522,514,224
-1521,416,251
-1547,342,274
-1585,294,297
-1622,262,310
-1653,245,323
-1682,242,338
-1709,243,348
-1730,235,371
-1737,229,398
-1728,219,425
-1725,216,450
-1733,213,470
-1734,203,478
-1734,193,483
-1737,184,486
-1732,170,490
-1732,164,494
-1734,166,496
-1728,177,508
-1715,194,518
-1702,217,522
-1685,240,518
-1667,261,512
-1645,287,498
-1629,316,479
-1610,338,459
-1591,359,436
-1579,377,412
-1557,390,397
-1534,408,396
-1508,415,395
-1480,425,397
-1457,440,398
-1442,445,403
-1420,455,398
-1386,450,392
-1353,444,387
-1321,438,388
-1290,422,391
-1266,402,394
-1242,388,393
-1209,374,393
-1176,356,394
-1144,347,391
-1109,337,386
-1085,323,381
-1071,305,381
-1060,289,381
-1049,273,380
-1031,256,381
-1003,240,380
-983,218,380
-959,201,376
-938,189,369
-918,177,361
-897,168,356
-884,158,352
-860,157,341
-828,153,335
-802,140,323
-783,126,314
-765,116,304
-746,98,302
-725,81,302
-702,73,302
-687,64,301
-685,58,304
-683,54,305
-668,53,308
-650,56,311
-629,60,310
-611,55,313
-594,45,319
-571,33,328
-556,18,333
-538,2,337
-527,-18,343
-530,-37,346
-541,-59,349
-554,-78,360
-578,-95,371
-604,-108,390
-638,-114,410
-678,-119,429
-700,-117,450
-708,-110,469
-690,-93,489
-662,-83,508
-626,-84,517
-592,-103,519
-565,-126,519
-552,-142,534
-549,-137,548
-528,-103,571
-492,-40,600
-474,8,615
-494,33,603
-541,18,566
-613,-37,512
-680,-119,446
-717,-196,387
-727,-264,334
-722,-310,291
-712,-328,268
-702,-331,248
-691,-321,231
-679,-306,221
-654,-281,215
-615,-246,201
-558,-198,181
-468,-129,154
-367,-34,124
-274,68,97
-230,157,86
-236,225,95
-264,264,115
-304,261,135
-337,221,140
-389,150,139
-464,63,134
-541,-29,128
-610,-103,128
-669,-156,125
-704,-190,115
-725,-196,91
-733,-191,60
-732,-182,28
-729,-160,-4
-732,-146,-33
-732,-138,-53
-730,-143,-69
-721,-154,-76
-711,-172,-91
-701,-189,-112
-704,-197,-141
-711,-185,-177
-720,-156,-210
-734,-108,-241
-750,-58,-262
-765,-3,-266
-780,47,-264
-792,93,-259
-803,124,-254
-819,154,-253
-837,173,-249
-857,191,-237
-872,211,-223
-888,226,-212
-902,237,-206
-909,244,-202
-922,245,-197
-934,247,-192
-947,247,-188
-958,247,-182
-958,247,-175
-961,247,-170
-959,249,-159
-951,256,-152
-943,261,-139
-935,271,-130
-928,284,-117
-919,294,-109
-919,311,-99
-916,334,-92
-912,359,-88
-906,378,-85
-899,391,-78
-887,409,-72
-869,427,-70
-844,436,-73
-814,442,-76
-788,445,-77
-756,445,-79
-735,446,-79
-723,443,-78
-715,433,-75
-720,420,-70
-726,408,-62
-725,392,-53
-721,384,-44
-703,375,-37
-685,365,-37
-655,352,-38
-623,336,-39
-600,324,-41
-579,315,-39
-562,314,-43
-561,313,-52
-548,317,-57
-536,329,-53
-520,336,-56
-500,337,-58
-487,341,-60
-477,348,-67
-475,356,-71
-466,366,-74
-459,378,-78
-458,382,-84
-456,391,-89
-453,398,-97
-443,402,-107
-437,398,-120
-423,387,-131
-404,370,-141
-381,343,-151
-361,310,-157
-351,276,-162
-340,238,-177
-335,194,-197
-330,151,-221
-331,110,-249
-338,67,-280
-345,25,-305
-352,-11,-329
-363,-48,-339
-381,-80,-344
-403,-106,-345
-424,-128,-349
-431,-145,-353
-440,-145,-360
-445,-138,-372
-449,-124,-388
-450,-114,-403
-442,-116,-412
-437,-121,-415
-430,-128,-409
-438,-131,-396
-470,-122,-374
-500,-109,-350
-528,-87,-333
-552,-54,-323
-577,-11,-320
-604,35,-314
-615,86,-303
-623,136,-286
-642,183,-262
-658,236,-217
-680,291,-152
-716,352,-84
-749,423,-18
-784,500,50
-827,558,103
-881,591,143
-934,590,166
-969,554,181
-973,484,193
-953,395,206
-918,282,223
-876,161,234
-839,50,243
-817,-35,255
-828,-91,274
-849,-121,288
-875,-124,290
-904,-117,279
-920,-103,259
-924,-86,241
-915,-65,234
-892,-49,236
-857,-33,235
-831,-15,236
-815,-13,244
-808,-13,251
-807,-13,262
-803,-17,273
-805,-14,289
-801,-13,307
-788,-12,328
-778,-9,343
-773,1,355
-772,14,365
-754,42,385
-740,81,406
-730,119,425
-720,152,435
-710,177,436
-692,193,437
-679,206,435
-662,214,428
-641,216,427
-622,219,424
-602,222,422
-580,221,419
-565,219,413
-552,212,407
-540,205,402
-527,196,398
-513,189,389
-504,188,379
-496,194,364
-489,197,356
-483,193,348
-473,189,340
-461,194,332
-442,198,323
-419,202,307
-389,203,291
-366,210,276
-353,218,261
-329,224,244
-300,229,231
-268,231,223
-256,231,214
-249,225,205
-236,219,198
-212,217,187
-202,210,177
-204,202,176
-200,191,170
-193,178,168
-195,167,170
-196,155,170
-198,140,176
-195,135,179
-188,133,179
-173,127,177
-163,127,181
-153,133,185
-145,134,189
-132,130,197
-103,131,210
-74,136,221
-59,126,223
-49,114,229
-36,100,237
-20,84,249
-18,67,258
-34,52,263
-66,32,272
-116,15,274
-164,12,286
-211,9,300
-242,15,312
-249,32,326
-232,44,339
-197,48,345
-147,36,346
-90,8,347
-17,-41,336
67,-102,324
164,-161,318
226,-217,318
252,-257,321
247,-267,313
204,-255,297
149,-256,270
94,-273,234
48,-316,202
18,-375,174
18,-428,171
32,-458,184
60,-467,202
93,-455,216
120,-429,220
152,-390,224
168,-343,221
185,-287,211
204,-222,193
227,-159,158
275,-95,121
335,-31,85
410,29,54
482,82,27
553,124,5
593,163,-14
614,193,-31
620,210,-52
623,208,-76
618,179,-104
599,118,-131
557,34,-151
498,-47,-161
442,-114,-166
395,-173,-168
362,-211,-167
351,-234,-163
353,-248,-158
358,-253,-167
370,-260,-175
366,-262,-181
360,-260,-184
348,-250,-193
334,-239,-207
324,-225,-223
307,-205,-248
293,-182,-276
281,-160,-308
264,-133,-340
242,-102,-371
232,-64,-397
225,-20,-420
217,29,-424
213,76,-419
199,122,-405
183,161,-387
164,182,-376
147,195,-374
124,202,-380
110,208,-387
106,214,-390
98,215,-394
96,210,-398
88,212,-401
72,218,-403
68,220,-400
64,218,-395
60,213,-387
60,207,-380
54,208,-374
44,211,-367
39,217,-353
36,229,-336
38,238,-320
42,246,-301
38,254,-281
39,258,-264
48,263,-248
59,271,-240
70,278,-227
72,289,-211
70,302,-201
66,313,-188
64,320,-178
60,331,-163
53,341,-150
46,347,-146
48,354,-144
54,354,-145
63,350,-141
71,342,-134
80,329,-132
70,317,-126
63,305,-121
62,282,-116
56,261,-108
53,239,-108
48,218,-113
43,202,-114
38,185,-118
36,172,-125
35,163,-132
25,161,-143
13,168,-151
-1,177,-157
-8,192,-163
-17,205,-163
-23,213,-170
-25,218,-173
-10,217,-178
14,212,-193
36,196,-209
55,176,-226
58,158,-236
65,145,-242
65,137,-248
68,131,-255
70,137,-262
70,145,-273
72,157,-283
60,163,-285
30,167,-289
-15,161,-284
-67,143,-268
-118,110,-254
-168,61,-236
-214,10,-220
-256,-29,-215
-289,-56,-215
-310,-73,-227
-333,-84,-247
-356,-99,-267
-365,-112,-277
-371,-120,-274
-375,-116,-267
-390,-109,-250
-412,-94,-233
-433,-64,-226
-439,-23,-229
-440,27,-252
-429,71,-281
-410,102,-301
-395,134,-308
-401,161,-302
-412,186,-284
-423,217,-255
-430,262,-210
-442,324,-151
-469,393,-84
-524,464,-11
-601,523,82
-695,556,171
-777,552,252
-810,510,317
-801,429,358
-775,320,378
-755,203,385
-736,92,382
-720,-1,376
-709,-61,370
-720,-93,366
-743,-100,361
-766,-83,357
-774,-54,348
-772,-24,334
-758,-8,322
-744,-8,314
-733,-10,300
-717,-14,292
-711,-17,291
-712,-20,301
-728,-20,320
-747,-24,349
-760,-30,382
-772,-33,414
-775,-30,444
-773,-19,469
-769,-6,491
-753,11,502
-735,29,507
-714,45,512
-693,59,515
-685,69,515
-694,83,519
-702,99,531
-707,114,543
-712,127,548
-714,136,547
-713,144,548
-707,152,545
-707,148,538
-705,153,530
-703,150,526
-692,148,516
-679,153,512
-662,160,509
-649,167,501
-631,178,488
-612,182,481
-589,181,475
-579,184,465
-575,191,458
-576,195,455
-585,198,449
-595,204,440
-603,209,431
-592,218,413
-581,218,392
-567,207,372
-545,192,356
-534,176,344
-528,161,345
-519,142,340
-511,126,335
-508,112,327
-501,100,315
-488,84,299
-480,70,287
-469,66,281
-460,60,275
-458,47,274
-452,45,267
-435,41,254
-409,42,241
-379,45,240
-348,41,241
-328,43,239
-314,43,234
-286,40,237
-263,40,244
-238,43,247
-215,52,237
-198,56,227
-193,53,224
-194,50,222
-211,52,224
-246,49,228
-292,57,240
-341,77,249
-385,94,260
-406,118,269
-406,145,269
-394,181,261
-365,197,258
-338,198,261
-311,174,262
-281,137,255
-239,72,239
-185,-5,221
-126,-79,208
-106,-153,196
-124,-213,186
-164,-246,174
-209,-262,167
-246,-260,165
-279,-268,170
-301,-288,167
-316,-327,157
-320,-377,160
-311,-432,173
-292,-483,187
-260,-513,193
-225,-527,194
-181,-521,189
-146,-496,172
-135,-456,147
-111,-412,127
-73,-367,109
-39,-320,86
5,-267,63
57,-210,39
119,-151,14
187,-86,-10
267,-19,-23
340,48,-30
404,108,-36
447,151,-41
469,178,-57
478,188,-72
476,176,-80
454,139,-83
413,88,-83
363,29,-78
310,-23,-72
259,-68,-70
216,-100,-68
187,-127,-66
178,-147,-68
184,-161,-71
204,-180,-76
220,-198,-85
228,-216,-98
229,-235,-112
230,-257,-130
230,-275,-153
221,-285,-183
209,-283,-216
205,-274,-255
206,-259,-298
197,-239,-340
184,-212,-383
177,-173,-408
161,-118,-422
152,-60,-427
141,-3,-425
122,51,-413
100,103,-401
77,136,-391
51,161,-387
27,183,-381
10,196,-372
-6,215,-366
-26,230,-370
-37,235,-394
-31,242,-419
-27,254,-428
-17,268,-421
-14,283,-404
-20,302,-384
-32,313,-367
-40,314,-352
-28,310,-345
-23,307,-340
-23,301,-331
-22,297,-313
-10,300,-295
-3,301,-276
5,306,-257
19,314,-244
41,319,-230
62,321,-219
79,319,-207
92,316,-200
99,309,-189
95,301,-177
94,296,-169
102,285,-170
109,272,-175
116,261,-170
117,250,-170
108,239,-165
93,232,-156
77,220,-152
66,210,-151
48,202,-148
27,195,-150
10,191,-151
-12,184,-154
-39,182,-149
-62,187,-150
-86,195,-156
-106,205,-163
-119,213,-172
-129,218,-180
-140,219,-184
-145,226,-193
-137,227,-198
-126,221,-202
-116,213,-209
-103,205,-211
-84,194,-210
-72,187,-216
-60,185,-227
-50,189,-235
-52,199,-244
-57,217,-250
-60,240,-255
-62,262,-255
-68,271,-250
-81,271,-242
-107,258,-234
-139,240,-215
-181,214,-199
-233,190,-187
-277,166,-184
-317,140,-190
-356,112,-205
-383,84,-228
-398,63,-245
-407,44,-257
-421,25,-268
-431,12,-280
-437,-4,-284
-441,-12,-277
-449,-5,-261
-480,15,-242
-537,41,-228
-594,75,-217
-638,113,-212
-664,148,-209
-680,182,-210
-702,228,-228
-732,268,-244
-762,320,-245
-801,368,-228
-832,427,-202
-855,490,-150
-886,548,-83
-939,596,-13
-1017,629,54
-1106,650,121
-1175,644,184
-1213,608,237
-1216,548,279
-1195,469,311
-1182,388,334
-1181,315,349
-1203,254,352
-1234,215,349
-1268,193,340
-1301,187,345
-1335,196,353
-1362,209,370
-1374,218,395
-1385,225,416
-1393,228,437
-1405,227,454
-1409,218,469
-1418,204,485
-1435,187,500
-1453,172,519
-1453,154,535
-1445,141,549
-1441,132,565
-1427,122,585
-1419,116,599
-1425,121,601
-1435,139,594
-1442,165,578
-1436,182,563
-1437,202,543
-1439,225,517
-1432,247,488
-1425,269,465
-1412,287,444
-1388,294,424
-1368,295,404
-1347,290,382
-1326,287,359
-1296,277,343
-1264,268,328
-1235,267,319
-1206,269,319
-1186,274,318
-1164,281,319
-1145,287,320
-1122,292,326
-1107,303,341
-1094,310,355
-1076,314,369
-1054,311,374
-1043,300,376
-1037,298,384
-1023,293,391
-1000,281,396
-980,271,401
-956,261,402
-938,245,414
-931,225,425
-920,213,426
-907,201,424
-902,186,418
-889,174,413
-868,158,414
-839,148,410
-807,143,400
-789,136,393
-770,129,394
-743,127,391
-710,125,387
-687,115,397
-670,109,407
-659,103,411
-654,101,406
-647,96,400
-632,85,395
-635,64,404
-634,38,417
-619,16,426
-596,3,433
-557,-10,433
-521,-25,435
-472,-46,437
-431,-63,438
-395,-84,442
-377,-108,447
-382,-135,456
-427,-156,464
-480,-172,482
-560,-185,508
-640,-191,530
-706,-183,544
-726,-161,559
-718,-131,569
-677,-109,577
-621,-91,580
-551,-93,576
-471,-110,562
-400,-156,542
-343,-216,515
-292,-278,488
-277,-312,458
-277,-303,448
-315,-272,437
-376,-239,413
-438,-227,382
-514,-247,357
-585,-300,338
-641,-364,323
-677,-419,312
-691,-465,310
-701,-497,317
-711,-500,325
-727,-484,322
-739,-456,319
-748,-416,308
-747,-365,291
-717,-294,263
-656,-211,224
-565,-110,176
-471,-3,121
-379,117,66
-312,225,32
-290,311,8
-293,373,-11
-310,399,-24
-338,381,-28
-390,322,-35
-464,234,-43
-551,133,-52
-640,36,-65
-720,-43,-76
-780,-100,-87
-824,-132,-103
-840,-147,-117
-842,-154,-132
-835,-158,-146
-832,-168,-162
-831,-183,-177
-830,-189,-196
-835,-195,-222
-846,-187,-258
-857,-171,-293
-871,-146,-323
-892,-114,-347
-920,-79,-368
-953,-36,-375
-990,22,-375
-1019,79,-367
-1057,135,-358
-1095,190,-347
-1128,241,-340
-1161,294,-328
-1191,337,-316
-1216,378,-304
-1241,413,-291
-1259,437,-290
-1266,451,-292
-1276,458,-305
-1278,456,-314
-1280,447,-327
-1278,436,-338
-1271,418,-342
-1263,394,-348
-1245,372,-337
-1235,346,-323
-1230,321,-306
-1233,298,-284
-1226,278,-258
-1211,271,-236
-1190,268,-221
-1174,270,-206
-1161,278,-191
-1147,290,-177
-1135,306,-159
-1124,321,-138
-1116,335,-117
-1099,347,-100
-1081,357,-81
-1067,367,-71
-1049,368,-57
-1029,365,-39
-1003,359,-27
-975,348,-18
-953,340,-13
-928,333,-15
-909,335,-14
-894,336,-17
-875,339,-18
-855,336,-13
-834,332,-10
-818,329,-8
-803,332,-7
-794,326,-12
-777,322,-13
-766,311,-11
-759,298,-12
-748,289,-15
-733,281,-16
-711,271,-12
-701,267,-10
-687,257,-13
-662,249,-21
-642,245,-19
-628,241,-21
-615,244,-30
-601,248,-35
-589,249,-36
-579,257,-33
-567,268,-31
-564,284,-25
-560,309,-23
-561,332,-27
-560,350,-34
-562,364,-42
-564,371,-55
-554,362,-69
-546,346,-80
-540,329,-95
-536,311,-122
-545,299,-145
-567,289,-167
-607,282,-184
-653,267,-198
-706,251,-212
-775,224,-224
-847,189,-237
-920,135,-244
-994,75,-253
-1056,15,-266
-1092,-43,-297
-1115,-95,-340
-1139,-141,-395
-1169,-175,-432
-1210,-178,-451
-1259,-162,-462
-1304,-122,-469
-1358,-65,-476
-1417,-3,-484
-1485,68,-502
-1535,138,-516
-1578,210,-527
-1606,285,-525
-1614,360,-500
-1634,442,-470
-1660,537,-438
-1653,638,-403
-1627,750,-357
-1583,870,-289
-1534,994,-203
-1501,1111,-117
-1506,1195,-37
-1550,1240,39
-1604,1247,95
-1656,1197,145
-1686,1095,186
-1687,955,218
-1666,801,252
-1654,655,277
-1676,532,287
-1731,441,290
-1793,376,292
-1855,342,291
-1913,325,283
-1954,319,287
-1979,322,304
-1986,322,331
-1986,327,376
-1978,342,420
-1950,358,461
-1917,375,488
-1886,392,501
-1861,413,509
-1849,417,506
-1846,421,506
-1842,422,503
-1843,413,502
-1839,404,497
-1826,393,492
-1814,386,483
-1799,377,469
-1784,369,456
-1765,361,435
-1739,348,411
-1719,336,383
-1708,319,364
-1706,303,347
-1693,286,333
-1679,275,316
-1668,263,305
-1657,254,302
-1650,248,298
-1635,245,299
-1620,254,303
-1600,267,308
-1571,285,308
-1539,311,303
-1500,330,286
-1461,351,267
-1413,367,248
-1360,376,231
-1315,377,222
-1269,373,219
-1233,358,222
-1215,339,237
-1206,315,255
-1210,293,269
-1215,273,289
-1217,260,301
-1208,255,306
-1197,247,312
-1183,235,318
-1152,232,324
-1106,230,327
-1068,230,321
-1027,232,323
-997,227,327
-971,221,330
-940,216,332
-921,211,335
-885,199,333
-853,190,331
-835,175,331
-811,165,330
-795,152,327
-767,142,326
-754,131,331
-738,121,336
-715,114,335
-694,103,342
-664,91,349
-625,78,348
-592,73,350
-553,54,351
-514,36,356
-486,19,366
-466,0,374
-451,-26,380
-437,-46,385
-439,-66,394
-456,-83,404
-490,-107,419
-533,-126,434
-582,-138,450
-619,-144,473
-650,-140,498
-663,-136,524
-654,-129,542
-613,-123,559
-554,-121,566
-495,-130,568
-426,-160,571
-367,-199,585
-339,-259,584
-344,-328,568
-367,-391,547
-409,-423,522
-466,-419,506
-510,-390,503
-537,-352,504
-559,-321,497
-593,-314,469
-625,-343,430
-660,-388,384
-689,-451,341
-707,-507,311
-710,-556,294
-701,-576,280
-691,-563,263
-688,-525,238
-684,-466,216
-677,-387,197
-652,-293,183
-603,-198,167
-532,-101,145
-463,4,125
-405,108,109
-369,198,106
-360,270,109
-374,324,111
-392,351,110
-418,337,106
-468,287,106
-532,207,112
-612,113,120
-704,20,131
-786,-55,140
-850,-114,142
-893,-153,138
-915,-170,128
-924,-171,112
-928,-168,97
-930,-176,88
-934,-192,77
-931,-219,65
-936,-260,47
-934,-298,16
-930,-332,-21
-925,-360,-58
-929,-370,-90
-943,-362,-128
-959,-339,-161
-976,-304,-185
-997,-259,-198
-1022,-206,-212
-1038,-154,-222
-1051,-103,-219
-1065,-50,-220
-1064,-2,-222
-1059,35,-217
-1059,73,-207
-1069,109,-197
-1085,138,-193
-1109,162,-189
-1130,179,-187
-1148,197,-189
-1158,214,-184
-1167,226,-178
-1175,232,-168
-1178,237,-157
-1184,238,-146
-1178,245,-135
-1153,243,-129
-1113,238,-122
-1080,229,-114
-1062,219,-106
-1045,221,-95
-1028,223,-87
-1008,227,-83
-992,241,-79
-986,260,-74
-976,280,-74
-967,299,-72
-961,325,-68
-962,346,-59
-970,370,-48
-970,390,-39
-968,399,-34
-961,404,-38
-946,392,-43
-931,370,-47
-915,347,-50
-891,318,-53
-864,291,-59
-838,262,-62
-807,231,-67
-770,203,-74
-746,176,-80
-734,155,-86
-721,150,-92
-709,151,-100
-690,152,-111
-670,157,-120
-651,171,-127
-637,190,-143
-621,211,-157
-605,236,-170
-587,256,-182
-576,271,-196
-560,276,-209
-538,277,-219
-522,266,-227
-494,255,-240
-465,245,-250
-436,232,-260
-414,219,-269
-392,208,-275
-374,202,-276
-356,197,-283
-334,188,-288
-307,190,-295
-279,190,-302
-261,188,-313
-248,181,-319
-237,170,-329
-230,163,-335
-228,156,-343
-224,145,-355
-227,135,-365
-235,118,-375
-248,97,-379
-275,78,-381
-309,55,-383
-351,28,-386
-403,0,-395
-444,-48,-409
-475,-94,-424
-499,-138,-446
-512,-184,-472
-513,-227,-496
-510,-267,-518
-506,-299,-531
-512,-322,-545
-538,-333,-571
-555,-324,-591
-570,-287,-598
-590,-232,-599
-620,-175,-600
-653,-125,-606
-686,-78,-612
-719,-36,-622
-747,8,-631
-772,54,-631
-790,111,-624
-801,185,-600
-800,265,-554
-798,359,-476
-804,461,-375
-832,561,-259
-883,643,-149
-934,695,-77
-962,709,-41
-958,670,-28
-940,581,-19
-928,460,-7
-938,328,7
-959,216,16
-986,128,24
-1007,68,32
-1033,40,45
-1047,35,61
-1054,42,79
-1054,58,99
-1056,75,134
-1063,89,168
-1063,105,184
-1045,106,170
-1026,97,149
-1010,88,131
-1003,79,125
-1010,67,123
-1016,61,130
-1030,67,136
-1036,76,138
-1033,96,138
-1031,114,139
-1024,135,143
-1010,163,150
-1006,196,153
-1002,217,149
-1004,231,158
-1002,243,178
-1002,251,216
-1015,259,268
-1031,268,321
-1041,280,364
-1036,291,383
-1011,300,374
-993,308,361
-969,313,342
-947,321,327
-928,333,315
-894,344,313
-859,354,311
-836,372,312
-816,391,310
-802,407,320
-797,426,334
-796,441,353
-793,453,363
-791,459,365
-789,465,358
-782,464,346
-764,455,339
-740,454,332
-716,450,325
-697,441,316
-676,435,311
-651,427,306
-624,421,300
-595,417,297
-566,417,295
-539,411,295
-519,403,288
-496,385,279
-472,367,278
-452,340,277
-433,321,278
-424,296,288
-433,269,298
-439,247,310
-437,231,319
-439,219,319
-440,215,318
-430,215,322
-423,216,330
-404,218,340
-379,224,355
-351,227,368
-318,219,369
-293,209,362
-264,206,361
-232,203,367
-206,198,368
-183,191,375
-165,187,380
-157,179,389
-155,165,399
-175,155,413
-209,141,429
-254,126,443
-304,119,461
-353,117,480
-402,120,489
-431,128,495
-441,141,502
-432,152,503
-415,147,505
-390,130,500
-344,89,489
-285,33,472
-230,-31,450
-192,-95,417
-175,-140,380
-162,-156,363
-161,-159,367
-179,-169,360
-218,-187,333
-249,-221,292
-277,-270,251
-297,-318,220
-300,-358,197
-288,-383,178
-266,-394,166
-231,-388,164
-199,-370,156
-169,-342,138
-155,-298,118
-148,-248,99
-129,-204,83
-96,-152,65
-50,-101,42
15,-39,21
95,33,7
191,111,-2
289,180,-16
378,235,-30
445,276,-37
493,297,-39
513,291,-30
500,263,-23
454,209,-19
385,134,-20
312,53,-29
245,-9,-32
208,-60,-35
192,-99,-38
196,-120,-47
209,-128,-65
233,-128,-78
251,-129,-87
262,-138,-102
261,-151,-112
257,-170,-124
262,-185,-141
263,-201,-168
273,-211,-197
278,-212,-229
290,-207,-262
304,-197,-297
309,-170,-330
305,-137,-361
298,-101,-378
300,-68,-386
299,-28,-396
289,17,-399
280,59,-391
261,94,-383
247,120,-377
235,136,-377
230,140,-375
219,151,-382
208,158,-388
196,159,-393
185,168,-400
174,180,-407
161,185,-404
145,186,-402
128,184,-401
107,171,-395
101,162,-386
83,157,-377
69,154,-365
62,155,-355
58,158,-344
52,169,-335
55,174,-329
69,180,-320
88,187,-312
105,194,-302
121,208,-293
135,223,-282
128,240,-274
120,259,-262
111,281,-243
103,294,-221
103,305,-205
113,309,-189
119,308,-177
128,310,-171
142,305,-168
153,301,-163
148,298,-165
138,289,-165
135,284,-164
136,274,-162
127,263,-160
117,244,-160
111,230,-164
103,212,-164
101,195,-165
99,181,-166
100,172,-168
88,166,-173
64,161,-181
49,156,-185
27,159,-187
7,160,-189
-15,163,-188
-27,169,-188
-31,167,-190
-21,159,-192
-11,154,-194
4,149,-206
28,137,-224
54,128,-241
73,115,-252
81,107,-264
82,95,-275
76,90,-285
69,90,-294
59,88,-305
45,82,-312
28,74,-319
1,59,-335
-33,34,-347
-64,0,-358
-91,-36,-365
-125,-72,-366
-163,-106,-370
-214,-146,-376
-261,-174,-388
-294,-198,-394
-312,-218,-401
-330,-239,-416
-345,-252,-436
-352,-261,-449
-354,-255,-449
-358,-242,-433
-375,-225,-413
-393,-207,-400
-406,-182,-403
-414,-149,-408
-427,-114,-411
-436,-83,-413
-438,-49,-405
-443,-6,-388
-442,42,-364
-445,98,-333
-437,156,-284
-444,224,-232
-455,298,-175
-480,376,-115
-496,441,-58
-525,491,4
-565,514,67
-598,508,122
-616,465,172
-616,398,206
-607,323,237
-587,243,253
-585,175,258
-588,122,247
-599,86,234
-627,70,218
-647,66,207
-654,69,213
-653,71,229
-641,77,252
-631,81,274
-623,87,292
-612,85,302
-600,76,313
-588,68,331
-583,55,347
-581,42,366
-578,29,393
-581,20,422
-590,9,450
-592,4,472
-595,3,494
-590,4,516
-579,3,537
-570,12,552
-553,23,561
-530,38,561
-510,54,561
-494,68,556
-477,82,548
-464,93,542
-453,100,540
-439,106,539
-434,111,542
-434,122,538
-433,140,533
-424,158,525
-419,172,520
-423,186,512
-421,190,508
-428,190,504
-430,188,502
-420,183,498
-408,181,489
-398,175,483
-387,170,476
-372,167,465
-362,169,459
-349,170,448
-339,177,429
-331,183,413
-329,187,397
-326,190,387
-315,192,375
-307,187,363
-300,180,350
-290,168,333
-287,150,324
-282,129,317
-284,113,311
-288,95,297
-286,80,282
-278,71,270
-266,58,258
-257,49,248
-250,40,239
-247,32,237
-239,21,242
-218,23,236
-197,24,232
-184,22,235
-163,24,242
-143,20,250
-120,17,255
-94,10,254
-78,-3,258
-67,-13,264
-63,-25,270
-60,-35,272
-70,-50,279
-103,-64,291
-143,-67,300
-195,-65,308
-247,-62,324
-287,-45,339
-320,-25,345
-324,0,348
-304,20,348
-271,36,345
-241,30,332
-199,-2,312
-166,-47,284
-137,-107,253
-107,-176,221
-84,-240,186
-91,-288,156
-121,-313,140
-168,-316,136
-205,-309,140
-249,-295,146
-287,-291,156
-316,-299,171
-349,-324,186
-387,-362,206
-409,-411,221
-413,-454,225
-400,-491,204
-369,-508,181
-330,-498,166
-307,-458,157
-286,-391,146
-272,-314,125
-245,-237,89
-201,-165,50
-148,-100,2
-82,-39,-39
-13,25,-66
59,102,-76
123,189,-67
169,269,-43
188,332,-27
198,373,-22
185,377,-20
159,354,-9
120,305,6
71,246,21
25,180,38
-20,118,52
-60,64,50
-84,31,39
-87,8,24
-74,-3,13
-56,-13,0
-30,-28,-19
-6,-49,-33
-2,-61,-49
-13,-63,-69
-36,-48,-87
-56,-36,-112
-77,-19,-143
-82,5,-177
-80,22,-209
-85,36,-246
-92,53,-281
-98,83,-309
-113,125,-332
-121,175,-347
-125,224,-354
-128,265,-356
-136,300,-357
-134,320,-352
-136,326,-352
-139,328,-350
-142,325,-355
-147,316,-365
-153,306,-374
-162,302,-378
-172,301,-383
-181,300,-387
-189,296,-389
-201,288,-389
-211,279,-386
-219,272,-381
-232,266,-378
-239,261,-371
-237,256,-360
-238,252,-345
-248,248,-327
-252,247,-308
-254,244,-287
-256,245,-268
-261,249,-251
-265,262,-236
-255,274,-212
-245,279,-195
-236,289,-177
-231,296,-159
-232,297,-147
-229,305,-135
-227,311,-126
-225,315,-116
-231,317,-113
-237,315,-116
-242,300,-126
-250,291,-132
-252,294,-130
-245,295,-115
-253,291,-104
-256,290,-101
-246,291,-106
-238,289,-114
-238,298,-127
-239,306,-143
-235,311,-164
-232,321,-172
-240,336,-169
-262,343,-163
-285,350,-156
-291,354,-156
-290,358,-161
-268,356,-174
-238,351,-189
-210,345,-199
-183,331,-201
-174,325,-199
-167,323,-197
-167,328,-199
-173,334,-208
-172,335,-214
-174,330,-219
-184,319,-224
-190,303,-225
-202,277,-230
-213,243,-226
-232,205,-218
-261,162,-208
-291,125,-198
-325,92,-192
-363,64,-188
-403,29,-184
-442,7,-185
-476,-8,-195
-495,-8,-207
-517,-2,-225
-545,2,-261
-550,2,-288
-548,17,-294
-534,20,-284
-533,14,-276
-549,13,-278
-579,20,-289
-609,40,-300
-646,75,-318
-676,121,-332
-710,186,-348
-730,251,-365
-750,308,-373
-746,368,-366
-716,428,-338
-691,495,-294
-685,566,-231
-699,647,-152
-762,729,-69
-862,797,26
-980,839,129
-1081,837,220
-1130,778,282
-1123,673,328
-1080,537,373
-1044,395,411
-1035,269,432
-1040,174,432
-1057,114,419
-1076,90,402
-1095,88,375
-1121,100,352
-1137,121,347
-1145,140,349
-1140,152,358
-1125,159,371
-1113,164,376
-1102,170,378
-1093,181,383
-1089,184,396
-1095,177,416
-1111,162,437
-1135,146,460
-1157,132,489
-1172,123,514
-1187,127,536
-1191,136,551
-1188,151,564
-1188,170,574
-1184,193,581
-1181,225,587
-1179,259,593
-1173,289,595
-1167,319,592
-1160,340,589
-1160,359,591
-1156,371,590
-1152,379,586
-1147,385,572
-1142,391,552
-1131,395,534
-1114,397,520
-1102,401,503
-1087,402,491
-1067,397,479
-1046,389,471
-1027,373,456
-998,350,440
-969,328,421
-941,310,403
-920,296,387
-917,281,373
-923,271,362
-928,261,349
-912,254,337
-894,249,324
-877,245,311
-856,237,303
-850,232,299
-843,223,301
-832,219,295
-821,213,296
-816,208,309
-807,202,324
-790,206,329
-755,211,317
-726,213,300
-702,213,291
-671,215,292
-641,211,295
-626,200,297
-612,191,294
-594,186,290
-561,177,292
-529,168,286
-499,153,290
-462,142,288
-423,127,290
-381,105,291
-340,83,301
-304,60,303
-280,38,297
-251,17,287
-243,-10,289
-251,-37,294
-274,-62,304
-320,-82,321
-395,-106,340
-477,-119,360
-555,-114,384
-625,-98,407
-663,-81,428
-671,-68,449
-657,-55,466
-626,-41,473
-573,-36,472
-514,-45,464
-459,-59,442
-415,-82,409
-389,-115,368
-397,-140,321
-419,-139,272
-432,-122,227
-437,-96,188
-452,-76,160
-485,-76,149
-552,-109,143
-632,-171,150
-700,-243,165
-740,-300,170
-751,-343,167
-737,-371,171
-712,-375,190
-699,-358,207
-698,-325,208
-697,-285,190
-695,-243,163
-689,-204,121
-663,-169,82
-632,-136,53
-586,-94,41
-527,-44,41
-460,25,48
-391,108,63
-311,196,77
-243,278,94
-186,341,108
-171,375,109
-193,371,103
-243,334,90
-315,258,73
-408,164,59
-511,67,42
-594,-9,20
-654,-65,0
-691,-98,-19
-709,-105,-40
-707,-98,-65
-696,-83,-85
-678,-69,-101
-666,-49,-117
-667,-34,-115
-677,-25,-114
-707,-14,-113
-737,-10,-115
-759,-13,-135
-764,-16,-160
-757,-24,-189
-761,-23,-218
-775,-9,-246
-784,4,-261
-800,35,-269
-810,72,-276
-827,113,-279
-860,159,-281
-882,206,-277
-898,245,-281
-917,273,-286
-928,290,-291
-940,296,-297
-952,299,-304
-959,301,-313
-976,302,-317
-992,301,-319
-1010,301,-326
-1025,297,-327
-1033,291,-324
-1036,281,-324
-1042,279,-320
-1045,276,-303
-1049,279,-283
-1047,282,-268
-1047,290,-263
-1036,296,-262
-1021,304,-262
-1001,318,-260
-988,331,-254
-971,343,-244
-941,354,-234
-914,370,-225
-888,379,-217
-874,395,-201
-863,412,-184
-860,430,-174
-858,444,-168
-855,461,-160
-852,473,-144
-837,474,-136
-825,465,-130
-812,455,-131
-796,445,-129
-788,431,-118
-778,415,-103
-763,395,-89
-752,379,-83
-736,363,-76
-715,342,-70
-696,335,-65
-683,325,-61
-674,328,-57
-675,330,-59
-674,338,-57
-669,342,-52
-662,343,-52
-653,349,-60
-633,353,-66
-613,358,-70
-593,353,-73
-574,350,-78
-556,350,-81
-536,344,-85
-518,343,-86
-502,344,-90
-475,340,-96
-447,340,-107
-426,345,-121
-406,347,-134
-403,346,-145
-409,346,-156
-412,344,-162
-417,339,-167
-421,313,-170
-430,282,-167
-441,249,-160
-464,220,-153
-498,193,-142
-540,161,-125
-573,135,-117
-618,122,-121
-664,121,-130
-702,125,-147
-741,136,-166
-777,156,-184
-805,163,-199
-815,160,-202
-829,145,-201
-854,129,-198
-885,117,-189
-920,123,-180
-951,150,-186
-974,191,-207
-992,243,-240
-1011,298,-280
-1031,351,-323
-1042,398,-357
-1038,443,-367
-1029,487,-354
-1020,532,-315
-1023,579,-256
-1064,631,-186
-1149,683,-114
-1255,733,-35
-1348,767,56
-1395,769,142
-1402,724,214
-1391,641,274
-1377,532,329
-1374,413,378
-1392,313,414
-1413,240,426
-1425,198,429
-1433,190,426
-1441,189,416
-1444,182,408
-1443,181,408
-1428,194,414
-1407,229,416
-1375,277,411
-1351,326,397
-1343,355,378
-1343,371,366
-1339,371,365
-1337,358,374
-1338,331,394
-1347,313,418
-1363,296,441
-1374,284,464
-1373,279,488
-1373,289,505
-1368,305,517
-1358,325,524
-1343,347,525
-1336,366,521
-1331,389,519
-1322,415,516
-1309,437,507
-1294,453,492
-1267,458,473
-1232,460,457
-1201,449,442
-1168,433,432
-1136,413,425
-1107,383,425
-1081,352,429
-1054,332,435
-1030,312,444
-1015,296,452
-1000,282,460
-992,274,461
-982,267,457
-963,259,449
-949,254,438
-929,240,423
-902,222,415
-875,201,408
-854,183,399
-829,164,389
-805,144,379
-786,123,373
-770,100,361
-761,85,349
-758,65,342
-764,49,337
-770,33,336
-768,17,340
-769,-1,349
-780,-13,355
-783,-27,361
-777,-34,372
-770,-36,382
-766,-44,396
-758,-55,407
-752,-67,422
-747,-82,429
-737,-93,436
-725,-109,441
-711,-129,446
-688,-151,447
-664,-170,448
-641,-191,446
-612,-211,447
-573,-226,444
-554,-242,441
-543,-258,442
-552,-274,448
-586,-284,458
-652,-296,472
-727,-301,493
-810,-304,525
-889,-295,555
-938,-277,577
-945,-259,593
-922,-231,593
-866,-200,586
-795,-167,568
-731,-134,547
-673,-115,526
-628,-111,506
-599,-130,485
-570,-181,463
-562,-251,437
-565,-330,411
-584,-400,397
-627,-446,406
-683,-455,424
-745,-435,454
-796,-397,482
-849,-353,493
-922,-321,487
-1003,-319,482
-1070,-357,481
-1118,-424,480
-1140,-495,474
-1159,-567,455
-1160,-629,424
-1155,-667,382
-1142,-672,342
-1133,-642,296
-1125,-577,244
-1109,-485,188
-1083,-371,133
-1038,-227,94
-982,-72,73
-929,101,78
-888,283,104
-868,455,140
-879,608,161
-898,720,166
-914,779,167
-932,778,157
-959,712,139
-995,600,129
-1052,456,127
-1125,300,120
-1209,153,91
-1281,33,54
-1323,-46,18
-1344,-78,-9
-1352,-89,-34
-1345,-90,-59
-1329,-99,-82
-1318,-111,-115
-1314,-130,-150
-1316,-152,-186
-1315,-173,-215
-1320,-181,-239
-1333,-175,-262
-1351,-147,-290
-1370,-110,-319
-1393,-66,-341
-1405,-10,-355
-1416,51,-364
-1434,114,-366
-1444,180,-361
-1461,237,-357
-1470,285,-350
-1476,328,-341
-1490,361,-333
-1502,388,-326
-1515,410,-316
-1532,424,-308
-1554,441,-300
-1578,454,-285
-1600,458,-267
-1627,466,-250
-1652,472,-236
-1671,466,-215
-1684,460,-193
-1688,452,-172
-1682,448,-149
-1676,446,-127
-1665,448,-102
-1643,450,-85
-1615,453,-74
-1585,454,-68
-1560,454,-60
-1537,457,-48
-1518,468,-38
-1489,479,-30
-1467,490,-24
-1442,493,-17
-1417,493,-16
-1398,488,-11
-1376,480,-12
-1343,473,-14
-1319,473,-14
-1301,469,-6
-1291,472,3
-1288,472,17
-1278,463,25
-1267,460,33
-1250,462,43
-1233,468,50
-1213,476,55
-1194,485,61
-1176,498,69
-1162,507,76
-1153,514,73
-1135,523,73
-1114,526,76
-1105,530,75
-1086,533,71
-1065,536,69
-1049,537,64
-1030,538,55
-1007,531,42
-983,518,25
-957,505,3
-930,481,-19
-905,456,-37
-881,431,-57
-860,402,-72
-842,376,-88
-825,352,-109
-807,321,-136
-786,293,-164
-775,269,-189
-758,242,-210
-741,212,-230
-727,183,-249
-712,149,-261
-701,114,-272
-693,69,-277
-692,28,-280
-689,-9,-275
-693,-44,-265
-709,-65,-258
-731,-83,-248
-751,-104,-239
-776,-118,-233
-804,-128,-229
-826,-121,-219
-854,-109,-218
-874,-96,-224
-868,-97,-238
-845,-113,-255
-817,-148,-270
-804,-194,-286
-824,-231,-295
-850,-248,-303
-876,-240,-310
-912,-208,-319
-934,-165,-328
-959,-102,-331
-984,-24,-336
-999,56,-337
-1010,138,-329
-1012,223,-310
-1018,316,-270
-1020,408,-214
-1031,492,-142
-1046,575,-73
-1082,642,-15
-1130,690,35
-1195,710,77
-1261,694,115
-1301,663,145
-1298,608,170
-1278,540,203
-1262,458,242
-1252,363,277
-1251,276,304
-1261,196,312
-1276,141,310
-1299,102,295
-1321,74,270
-1344,65,236
-1370,73,201
-1380,89,186
-1384,107,190
-1389,118,206
-1388,112,220
-1382,96,229
-1380,73,239
-1381,40,248
-1371,15,258
-1361,3,265
-1356,0,277
-1352,14,296
-1353,33,322
-1365,55,349
-1372,79,374
-1376,103,396
-1377,124,411
-1371,146,424
-1364,170,437
-1360,196,448
-1354,219,457
-1343,228,465
-1330,236,469
-1325,247,476
-1315,260,478
-1303,265,480
-1279,271,473
-1245,280,464
-1221,290,447
-1192,299,428
-1174,310,409
-1151,317,392
-1138,321,370
-1124,323,354
-1101,324,346
-1078,321,343
-1065,328,337
-1050,331,327
-1035,333,317
-1021,335,310
-1010,338,303
-989,342,294
-978,337,286
-968,333,278
-954,321,272
-938,309,263
-912,299,252
-883,285,248
-862,280,238
-846,267,223
-818,254,216
-791,238,211
-777,217,211
-761,198,210
-749,181,208
-739,166,211
-722,152,214
-712,147,222
-703,149,223
-686,148,222
-665,144,221
-634,146,226
-600,142,235
-574,134,238
-552,119,240
-524,102,244
-497,91,247
-470,87,253
-442,88,266
-416,97,280
-398,104,297
-385,105,323
-389,110,348
-411,112,381
-436,111,413
-462,113,448
-489,126,482
-511,144,504
-516,167,520
-500,195,525
-467,213,519
-411,211,510
-337,183,497
-250,135,484
-167,72,471
-97,3,466
-33,-66,462
16,-131,459
33,-178,458
14,-198,454
-39,-202,432
-110,-196,391
-174,-207,344
-228,-249,321
-264,-302,307
-273,-352,289
-250,-385,284
-216,-389,293
-189,-374,300
-162,-344,305
-136,-303,295
-112,-253,274
-75,-199,245
-34,-140,209
15,-92,178
81,-47,153
158,-11,126
234,33,103
303,78,78
363,119,50
401,148,22
403,178,-5
395,199,-31
401,203,-56
410,185,-69
412,145,-74
397,89,-79
371,26,-85
331,-25,-91
297,-64,-90
272,-92,-93
263,-112,-95
262,-125,-97
267,-123,-106
295,-122,-117
307,-121,-129
308,-122,-141
298,-122,-147
291,-117,-155
289,-111,-166
284,-101,-184
286,-89,-209
288,-78,-235
282,-64,-264
276,-53,-292
280,-39,-316
289,-14,-332
291,10,-346
284,43,-356
282,72,-363
285,96,-365
285,117,-366
276,133,-366
277,150,-365
289,163,-357
284,175,-351
274,182,-354
267,187,-359
266,186,-366
261,188,-370
244,192,-384
228,195,-400
235,193,-405
251,194,-399
264,201,-384
271,196,-367
267,198,-359
276,193,-354
282,192,-346
279,196,-334
276,201,-326
271,204,-318
273,200,-301
273,201,-285
285,200,-272
300,212,-259
310,222,-253
323,221,-251
328,227,-252
323,231,-245
317,235,-234
302,237,-223
288,232,-210
278,222,-201
276,216,-187
274,212,-174
270,203,-167
265,191,-162
261,174,-153
263,160,-145
261,148,-140
258,136,-143
267,123,-142
274,116,-148
279,106,-164
272,99,-177
275,94,-182
289,90,-178
283,89,-182
272,92,-189
261,92,-199
246,92,-209
223,105,-209
206,116,-211
185,125,-211
167,122,-209
151,125,-215
150,124,-226
164,115,-231
184,97,-237
202,79,-240
213,57,-243
217,38,-253
223,23,-264
234,11,-277
231,5,-295
218,5,-307
199,3,-313
165,2,-321
124,-6,-321
79,-28,-321
26,-57,-315
-29,-91,-308
-84,-127,-305
-140,-164,-309
-202,-193,-318
-257,-212,-320
-297,-222,-330
-322,-227,-359
-349,-227,-393
-369,-222,-417
-370,-220,-423
-368,-210,-410
-382,-191,-391
-407,-167,-371
-445,-131,-366
-479,-91,-380
-504,-52,-401
-521,-12,-424
-533,24,-434
-553,55,-429
-573,82,-413
-584,103,-394
-594,135,-371
-614,175,-343
-629,226,-293
-651,287,-225
-674,352,-146
-714,426,-70
-772,492,9
-815,542,92
-842,563,167
-851,550,230
-848,496,274
-848,412,296
-831,320,306
-802,229,307
-773,148,301
-757,86,296
-754,38,290
-751,15,286
-764,5,285
-775,1,283
-781,6,280
-778,13,280
-774,25,276
-757,34,269
-740,33,263
-723,25,266
-715,9,274
-710,-16,291
-713,-39,319
-717,-54,351
-721,-62,383
-722,-69,409
-715,-74,432
-705,-70,444
-688,-65,449
-673,-61,448
-659,-59,437
-638,-51,425
-623,-42,416
-612,-30,413
-601,-7,410
-590,17,407
-574,43,402
-550,65,400
-525,88,406
-504,102,414
-493,123,434
-487,150,467
-476,165,498
-466,167,510
-465,163,508
-458,157,501
-453,156,487
-446,158,475
-440,161,458
-437,159,445
-429,154,436
-411,148,421
-394,148,407
-374,147,396
-359,155,382
-343,163,375
-321,166,361
-318,168,353
-317,169,344
-301,168,335
-291,160,324
-280,159,315
-259,152,304
-246,141,292
-239,121,286
-235,105,279
-215,93,270
-195,76,266
-192,60,263
-183,48,264
-171,37,265
-142,33,259
-128,24,255
-119,14,257
-96,9,255
-78,4,258
-62,1,267
-43,7,276
-33,14,291
-12,25,299
5,33,313
16,44,327
37,56,336
50,67,341
44,68,346
14,72,352
-27,74,355
-81,80,351
-135,93,352
-188,112,356
-228,133,372
-258,155,378
-269,182,390
-264,195,393
-259,200,388
-245,195,369
-230,169,339
-225,134,310
-230,98,288
-239,63,282
-280,35,285
-330,16,286
-364,9,282
-382,11,278
-396,4,270
-413,-27,263
-428,-69,261
-452,-119,259
-463,-175,253
-458,-230,244
-448,-259,238
-421,-260,244
-399,-250,239
-373,-230,223
-332,-202,210
-280,-171,203
-228,-141,196
-185,-123,189
-138,-109,179
-91,-91,165
-36,-79,149
20,-66,133
87,-46,119
159,-23,101
232,-2,77
290,1,45
332,4,11
364,7,-10
379,-1,-25
369,-21,-37
351,-43,-49
324,-70,-63
295,-95,-73
270,-121,-81
259,-140,-92
250,-153,-108
254,-158,-123
256,-158,-133
263,-150,-144
266,-140,-155
264,-128,-163
253,-113,-167
235,-96,-174
219,-77,-189
212,-55,-209
217,-36,-233
224,-15,-265
227,7,-295
230,25,-319
225,50,-345
220,74,-369
219,99,-392
208,122,-409
196,142,-422
187,154,-424
179,161,-424
165,171,-424
149,179,-428
132,188,-434
129,195,-439
127,206,-448
133,215,-458
131,223,-467
131,229,-476
132,232,-484
141,229,-485
139,233,-488
131,237,-491
117,239,-496
99,238,-504
92,236,-498
97,237,-486
94,239,-468
91,238,-447
81,241,-428
65,247,-413
60,251,-397
63,250,-382
71,244,-363
74,239,-345
75,237,-319
76,234,-286
79,232,-254
74,231,-227
68,235,-202
62,237,-186
62,234,-171
58,230,-161
52,226,-155
48,223,-148
50,217,-136
46,206,-125
43,193,-116
34,181,-113
32,162,-108
29,152,-105
29,136,-104
24,116,-110
19,96,-118
15,83,-128
8,74,-131
4,67,-138
-14,65,-156
-27,67,-168
-36,74,-166
-46,85,-168
-70,97,-179
-85,111,-190
-92,125,-200
-90,134,-209
-85,144,-215
-79,154,-219
-72,162,-215
-66,170,-218
-59,171,-221
-45,175,-222
-33,181,-219
-29,194,-212
-38,206,-205
-58,222,-204
-90,229,-210
-121,225,-214
-154,214,-216
