3477,-557,1279
3481,-609,1244
3491,-657,1214
3510,-697,1187
3531,-729,1166
3557,-749,1151
3583,-758,1145
3610,-751,1153
3631,-728,1165
3647,-687,1186
3661,-628,1210
3678,-556,1242
3696,-480,1271
3711,-401,1296
3724,-325,1314
3742,-253,1327
3756,-186,1334
3781,-133,1331
3811,-97,1329
3847,-80,1324
3884,-70,1320
3924,-67,1326
3964,-68,1338
4003,-60,1348
4036,-65,1363
4062,-75,1383
4067,-90,1401
4069,-117,1420
4065,-166,1445
4056,-235,1468
4049,-316,1499
4052,-405,1543
4053,-506,1596
4057,-608,1655
4056,-714,1714
4047,-818,1757
4027,-909,1764
4008,-986,1769
3992,-1056,1763
3974,-1104,1736
3956,-1133,1688
3944,-1144,1638
3953,-1126,1610
3996,-1067,1602
4055,-965,1582
4137,-830,1516
4243,-679,1444
4389,-488,1401
4566,-249,1402
4747,52,1433
4915,401,1455
5074,748,1449
5215,1073,1420
5323,1396,1362
5385,1724,1266
5412,2039,1139
5404,2318,1013
5380,2537,925
5337,2664,889
5259,2697,878
5140,2615,896
4986,2417,950
4790,2133,1008
4548,1800,1033
4293,1442,1045
4048,1089,1058
3814,768,1038
3596,486,985
3420,234,922
3284,15,853
3186,-161,763
3128,-313,685
3121,-451,632
3134,-544,571
3159,-589,493
3192,-586,404
3229,-526,299
3269,-401,180
3328,-216,93
3432,9,67
3558,266,63
3696,543,52
3853,822,56
4002,1084,73
4140,1334,79
4241,1562,62
4300,1776,45
4322,1962,51
4322,2128,80
4298,2262,127
4261,2345,188
4208,2373,228
4136,2360,272
4040,2295,288
3933,2189,306
3828,2053,329
3724,1894,339
3634,1721,336
3566,1542,320
3526,1366,306
3513,1205,291
3516,1063,267
3536,941,246
3564,839,211
3602,754,176
3646,672,152
3700,589,138
3757,516,137
3807,464,128
3840,431,103
3863,408,81
3891,394,78
3917,409,78
3938,429,79
3951,460,81
3967,497,78
3982,539,76
3997,565,68
4004,586,57
4015,590,50
4015,588,43
4013,588,48
4008,592,53
4000,590,65
3998,576,80
3987,546,69
3963,511,36
3945,476,12
3935,429,5
3927,387,5
3919,337,3
3920,286,2
3934,228,3
3960,154,9
3993,80,21
4028,11,36
4064,-59,52
4092,-114,71
4123,-160,93
4150,-191,116
4179,-208,153
4205,-215,186
4214,-218,208
4214,-208,221
4213,-187,243
4212,-167,270
4205,-146,312
4190,-120,357
4158,-98,388
4123,-72,408
4091,-38,433
4068,-4,465
4047,34,500
4030,69,536
4007,98,563
3984,123,583
3978,140,602
3971,142,624
3960,136,646
3947,123,656
3942,111,661
3944,91,671
3953,69,684
3968,53,704
3976,40,700
3978,25,685
3980,30,680
3982,42,681
3983,70,678
3980,102,672
3963,148,659
3952,189,640
3946,229,619
3956,246,603
3955,250,584
3939,242,554
3924,226,526
3916,202,510
3903,168,500
3891,123,491
3870,68,457
3827,5,391
3803,-70,360
3797,-153,347
3808,-237,343
3840,-300,362
3889,-338,387
3943,-349,426
3993,-324,478
4036,-277,534
4069,-229,584
4091,-196,631
4112,-187,683
4124,-201,728
4125,-235,776
4112,-287,820
4070,-339,852
4019,-386,890
3961,-417,927
3903,-430,959
3846,-424,983
3800,-400,981
3757,-359,965
3719,-300,950
3701,-234,946
3711,-163,950
3740,-97,952
3781,-43,949
3830,2,928
3885,44,876
3950,95,822
4043,152,795
4165,209,797
4296,268,802
4407,333,788
4500,400,754
4579,468,723
4655,524,700
4719,574,684
4771,590,668
4796,567,655
4792,495,624
4769,366,575
4720,199,496
4648,26,377
4588,-93,260
4583,-86,191
4614,6,139
4651,131,100
4670,302,83
4610,422,-17
4458,451,-153
4293,573,-183
4141,807,-147
4022,1145,-61
3929,1515,28
3860,1847,54
3823,2101,29
3819,2257,-28
3851,2320,-106
3898,2307,-201
3955,2232,-279
4013,2100,-322
4061,1918,-326
4105,1701,-295
4137,1481,-244
4153,1283,-183
4161,1076,-110
4190,852,-22
4255,630,99
4349,400,225
4445,179,317
4536,-31,389
4612,-227,454
4678,-412,519
4721,-578,588
4745,-729,643
4750,-864,695
4738,-996,753
4711,-1116,791
4672,-1202,808
4641,-1259,829
4638,-1277,842
4629,-1235,815
4606,-1119,769
4603,-939,751
4623,-725,751
4653,-514,767
4684,-326,770
4713,-172,755
4739,-50,753
4750,45,764
4727,116,767
4660,179,753
4551,229,722
4401,264,675
4222,286,637
4021,298,624
3815,298,641
3607,286,672
3403,266,718
3213,235,758
3029,195,781
2860,160,794
2726,144,815
2636,153,864
2595,182,924
2599,213,969
2647,242,986
2726,267,993
2817,280,988
2917,282,977
3004,285,962
3084,306,945
3150,349,958
3214,406,995
3273,484,1052
3322,555,1117
3358,616,1169
3386,655,1201
3405,658,1214
3414,638,1216
3417,599,1211
3417,553,1213
3420,506,1224
3414,451,1228
3409,390,1227
3405,321,1228
3398,245,1226
3383,163,1210
3361,84,1187
3326,23,1183
3295,-22,1191
3262,-47,1196
3241,-61,1198
3231,-74,1197
3230,-87,1191
3244,-96,1187
3279,-110,1178
3329,-126,1168
3377,-139,1160
3430,-156,1157
3495,-182,1160
3569,-211,1164
3650,-250,1149
3721,-280,1105
3780,-285,1049
3825,-268,987
3862,-237,924
3892,-196,872
3919,-161,825
3945,-130,789
3973,-105,787
4008,-86,813
4042,-77,861
4067,-89,921
4083,-116,985
4082,-146,1045
4070,-170,1088
4048,-186,1100
4029,-168,1081
4007,-129,1016
3963,-90,890
3889,-57,692
3814,-39,490
3760,-15,398
3738,68,465
3777,193,691
3873,269,1049
3999,243,1405
4161,137,1680
4344,-9,1830
4517,-180,1850
4645,-366,1750
4720,-537,1601
4768,-781,1448
4799,-1189,1276
4793,-1639,1168
4775,-2119,1106
4669,-2254,1140
4469,-1948,1325
4271,-1492,1561
4147,-1309,1715
4039,-1374,1690
3901,-1552,1589
3757,-1803,1482
3612,-2063,1371
3476,-2304,1257
3356,-2438,1166
3262,-2372,1118
3220,-2100,1159
3245,-1714,1247
3331,-1303,1329
3466,-912,1368
3632,-570,1348
3822,-288,1272
4024,-29,1181
4243,213,1090
4473,454,992
4723,700,897
4974,946,797
5226,1195,697
5470,1440,566
5694,1659,377
5901,1834,192
6112,1988,63
6301,2120,-2
6422,2216,-51
6463,2230,-43
6420,2129,93
6222,1933,272
5857,1653,426
5359,1325,595
4773,1014,781
4159,743,970
3564,501,1141
3024,285,1257
2573,95,1305
2230,-91,1300
1999,-256,1239
1865,-370,1148
1816,-417,1037
1830,-412,917
1892,-370,791
1990,-301,667
2149,-223,573
2374,-126,532
2665,-34,516
2985,64,450
3325,170,340
3696,281,252
4080,378,174
4445,474,93
4771,561,8
5034,651,-83
5237,728,-161
5374,791,-216
5435,844,-252
5412,886,-258
5321,920,-210
5166,956,-124
4944,1004,-36
4679,1045,52
4412,1074,168
4164,1106,272
3940,1100,355
3739,1054,390
3581,996,391
3456,933,382
3371,876,391
3337,836,418
3339,807,439
3354,795,449
3388,790,457
3435,775,450
3491,751,442
3569,732,457
3665,708,476
3747,691,486
3813,679,484
3866,665,464
3899,645,416
3936,620,366
3957,601,324
3960,597,275
3951,593,236
3934,601,211
3920,599,194
3903,605,186
3876,612,177
3838,619,151
3797,620,130
3757,624,120
3720,626,124
3692,617,136
3682,605,157
3681,582,180
3698,545,201
3722,494,210
3755,431,215
3799,359,227
3843,288,238
3885,212,244
3925,129,253
3967,45,258
4003,-37,252
4043,-119,252
4073,-189,254
4101,-240,248
4132,-265,243
4153,-265,243
4164,-244,243
4166,-210,239
4165,-168,240
4164,-121,252
4156,-69,277
4147,-20,306
4138,34,346
4129,84,376
4115,119,394
4107,151,420
4104,168,450
4102,175,479
4101,153,487
4101,108,487
4095,53,486
4085,-11,490
4084,-81,513
4082,-145,540
4075,-192,567
4071,-228,587
4056,-253,584
4022,-267,547
3985,-272,503
3953,-283,463
3924,-287,427
3904,-284,402
3898,-268,398
3899,-243,406
3908,-216,413
3912,-184,419
3922,-153,407
3936,-110,398
3957,-64,387
3975,-27,373
3994,15,359
4012,58,346
4026,105,342
4041,134,339
4043,177,338
4038,220,348
4043,261,380
4056,304,423
4067,349,467
4080,394,509
4084,439,546
4086,470,577
4077,477,592
4048,439,572
4011,354,533
3970,227,484
3931,75,457
3898,-80,448
3862,-216,461
3841,-328,492
3828,-403,529
3816,-446,555
3813,-450,572
3820,-439,589
3840,-397,589
3862,-321,583
3896,-232,575
3946,-135,569
4015,-37,567
4085,58,566
4158,138,550
4237,198,524
4318,242,507
4408,270,491
4486,279,460
4535,262,401
4574,227,327
4598,170,261
4613,99,194
4630,30,133
4664,-23,109
4722,-63,119
4786,-77,159
4842,-84,207
4873,-86,256
4876,-94,285
4857,-120,295
4829,-165,299
4802,-216,297
4769,-274,313
4725,-319,327
4662,-341,327
4588,-328,300
4500,-273,243
4422,-182,178
4350,-67,116
4298,76,51
4259,246,-4
4230,436,-50
4207,637,-74
4205,851,-60
4217,1064,-24
4240,1275,21
4256,1484,82
4251,1684,140
4222,1851,198
4166,1983,243
4099,2064,270
4014,2072,282
3915,2005,257
3805,1873,209
3678,1684,149
3544,1464,96
3406,1228,50
3268,1002,25
3147,797,21
3061,610,54
3014,437,123
3011,293,216
3040,168,322
3097,75,432
3179,-6,544
3285,-76,648
3404,-136,732
3551,-189,801
3712,-238,852
3872,-291,893
4015,-337,907
4135,-379,881
4214,-413,822
4287,-433,743
4364,-449,682
4451,-456,653
4545,-463,645
4627,-479,637
4692,-496,603
4741,-521,554
4776,-560,495
4810,-598,424
4831,-627,359
4845,-649,304
4852,-651,257
4852,-639,218
4829,-614,197
4778,-580,195
4697,-531,209
4595,-470,225
4470,-394,258
4333,-309,303
4198,-230,359
4057,-152,419
3915,-95,470
3790,-55,507
3687,-29,535
3608,-9,569
3572,4,623
3568,6,673
3589,-11,708
3616,-43,712
3638,-90,676
3644,-144,615
3648,-196,534
3650,-253,452
3664,-298,395
3693,-335,365
3738,-360,352
3785,-361,359
3827,-337,376
3864,-280,390
3887,-198,389
3902,-107,383
3911,-27,365
3912,52,348
3909,138,333
3917,206,325
3920,262,318
3924,311,317
3934,361,320
3941,401,325
3948,436,333
3956,458,343
3968,471,351
3985,476,364
4000,469,373
4014,447,370
4025,417,359
4036,376,336
4042,336,307
4052,299,279
4061,278,261
4071,272,253
4085,270,253
4093,267,254
4099,270,256
4104,276,260
4115,285,280
4133,302,318
4153,328,379
4173,354,460
4187,364,540
4203,364,629
4215,351,728
4229,309,842
4247,262,956
4268,210,1077
4310,133,1193
4322,55,1225
4301,-37,1159
4241,-141,1031
4168,-270,897
4070,-429,745
3986,-572,669
3922,-682,674
3872,-772,709
3821,-820,757
3767,-841,807
3698,-860,791
3613,-896,680
3526,-950,522
3443,-1003,372
3397,-1048,280
3403,-1062,261
3458,-1016,291
3544,-919,350
3662,-795,429
3785,-673,492
3915,-572,533
4039,-466,584
4161,-337,631
4268,-208,661
4365,-96,682
4432,6,688
4477,94,690
4499,164,692
4495,202,687
4465,222,667
4411,227,651
4334,194,641
4249,134,648
4158,65,644
4049,-9,616
3938,-84,587
3843,-148,575
3754,-199,552
3682,-241,526
3635,-272,514
3603,-297,506
3589,-318,502
3582,-339,488
3586,-356,474
3614,-356,491
3667,-346,551
3741,-323,612
3811,-303,615
3875,-292,552
3936,-276,444
3997,-262,310
4041,-243,129
4075,-213,-91
4132,-161,-284
4223,-85,-454
4337,2,-607
4483,100,-720
4658,204,-757
4857,325,-716
5059,464,-638
5243,620,-531
5393,760,-393
5473,882,-244
5478,999,-117
5403,1100,-12
5262,1158,94
5074,1180,212
4845,1168,324
4595,1130,429
4353,1053,524
4126,951,610
3927,833,670
3768,701,723
3651,559,771
3563,428,781
3490,308,742
3433,202,696
3403,127,668
3388,73,642
3372,47,588
3364,33,528
3360,42,430
3355,77,292
3371,127,177
3425,189,103
3516,264,56
3631,341,3
3763,424,-61
3899,532,-104
4025,640,-131
4145,735,-159
4247,798,-196
4322,844,-240
4376,868,-276
4417,878,-287
4438,885,-279
4444,889,-244
4432,875,-193
4394,852,-166
4334,816,-151
4270,777,-121
4196,726,-111
4116,666,-113
4028,612,-125
3942,564,-143
3857,524,-162
3792,515,-146
3752,516,-123
3730,516,-92
3721,522,-86
3725,540,-78
3749,559,-71
3789,581,-57
3842,601,-56
3893,625,-77
3942,652,-91
3995,671,-95
4045,674,-105
4072,656,-123
4088,622,-136
4116,566,-136
4148,501,-116
4173,437,-117
4183,372,-139
4177,316,-186
4161,255,-204
4147,198,-211
4124,158,-216
4098,120,-229
4070,72,-232
4036,34,-241
3989,13,-262
3946,-12,-275
3934,-34,-234
3940,-45,-175
3944,-50,-144
3947,-44,-136
3937,-30,-156
3918,-9,-178
3917,24,-168
3933,35,-149
3943,36,-161
3961,10,-183
3969,17,-242
3989,24,-270
4016,19,-294
4059,17,-306
4112,27,-315
4173,43,-337
4222,83,-377
4267,140,-419
4324,205,-424
4377,274,-419
4428,332,-425
4456,391,-445
4459,450,-478
4442,507,-502
4407,557,-513
4356,606,-521
4292,650,-518
4220,709,-498
4158,761,-467
4085,801,-446
4017,837,-413
3960,869,-375
3909,893,-340
3862,924,-306
3815,958,-286
3773,979,-270
3746,991,-251
3734,999,-232
3729,997,-223
3739,977,-220
3765,943,-221
3811,902,-221
3861,834,-239
3919,763,-244
3989,695,-223
4046,648,-206
4098,593,-188
4139,550,-190
4159,513,-191
4166,477,-184
4167,436,-180
4136,385,-213
4094,315,-267
4037,266,-307
3983,232,-305
3938,221,-285
3905,217,-257
3878,222,-247
3851,221,-267
3834,222,-292
3826,226,-316
3844,229,-329
3874,237,-337
3922,240,-352
3971,246,-377
4024,260,-404
4071,275,-425
4125,293,-427
4177,302,-424
4209,290,-444
4224,258,-464
4228,217,-481
4224,169,-495
4200,115,-516
4169,58,-538
4135,14,-550
4109,-31,-549
4093,-67,-539
4082,-91,-527
4081,-121,-522
4090,-144,-523
4095,-146,-543
4101,-147,-558
4125,-153,-564
4167,-163,-563
4209,-175,-561
4253,-196,-566
4286,-221,-585
4318,-235,-605
4348,-246,-612
4374,-253,-611
4392,-258,-606
4404,-252,-599
4421,-235,-582
4437,-212,-554
4453,-188,-519
4473,-161,-473
4487,-136,-422
4489,-95,-377
4482,-51,-344
4468,-24,-316
4446,-10,-307
4419,-9,-303
4387,-22,-315
4337,-55,-339
4277,-90,-383
4223,-130,-438
4175,-177,-479
4140,-224,-514
4117,-259,-544
4094,-277,-574
4067,-261,-613
4048,-210,-629
4046,-134,-619
4070,-35,-571
4118,94,-477
4190,255,-349
4270,436,-233
4337,647,-164
4383,875,-146
4418,1115,-143
4468,1355,-125
4529,1601,-74
4606,1833,-11
4686,2043,49
4753,2233,100
4811,2389,146
4849,2504,187
4860,2562,232
4846,2558,288
4796,2503,357
4713,2408,427
4588,2299,498
4427,2188,579
4247,2070,661
4052,1941,741
3841,1806,822
3640,1667,906
3467,1515,985
3338,1348,1052
3262,1173,1095
3233,1007,1111
3256,848,1105
3331,697,1090
3444,557,1069
3597,417,1051
3784,288,1033
3974,162,1016
4172,56,998
4363,-39,990
4542,-116,988
4729,-170,988
4897,-191,999
5035,-174,1020
5138,-126,1051
5208,-63,1098
5234,24,1144
5188,108,1117
5091,182,1064
4953,276,1026
4791,372,1058
4635,420,1111
4464,434,1111
4295,441,1101
4164,449,1123
4057,446,1187
3959,436,1211
3845,437,1151
3701,474,1019
3556,541,866
3430,638,710
3336,751,577
3263,863,454
3235,945,355
3263,995,322
3360,1048,392
3483,1109,517
3615,1175,659
3741,1227,779
3833,1245,840
3888,1219,838
3914,1174,797
3921,1115,763
3916,1057,726
3888,1002,688
3841,949,647
3785,905,625
3732,863,629
3684,825,667
3639,806,737
3601,799,823
3568,797,907
3548,775,967
3542,726,1008
3567,655,1039
3623,567,1061
3699,454,1075
3778,334,1057
3847,193,1006
3904,55,939
3946,-75,869
3980,-194,824
3995,-289,810
3970,-357,767
3932,-424,719
3895,-461,716
3855,-429,767
3814,-366,844
3779,-296,925
3762,-260,978
3744,-259,980
3716,-259,962
3676,-249,961
3635,-227,979
3586,-194,993
3539,-145,1006
3493,-105,1012
3454,-69,1022
3430,-43,1041
3410,-24,1068
3386,4,1100
3357,31,1118
3330,56,1128
3288,82,1113
3238,108,1066
3196,125,1007
3182,142,977
3200,149,996
3229,147,1051
3258,145,1105
3279,133,1126
3294,98,1131
3295,62,1124
3290,23,1138
3277,-10,1156
3257,-45,1190
3224,-65,1231
3181,-80,1281
3132,-102,1328
3072,-133,1364
3015,-185,1392
2961,-249,1402
2910,-317,1398
2865,-383,1381
2824,-440,1344
2785,-484,1299
2771,-530,1262
2786,-555,1235
2813,-565,1217
2856,-559,1210
2914,-541,1196
2988,-521,1181
3076,-492,1181
3178,-464,1188
3287,-427,1197
3397,-401,1196
3512,-387,1191
3620,-384,1183
3723,-385,1176
3816,-395,1159
3900,-408,1130
3970,-425,1082
4026,-430,1036
4060,-430,982
4070,-409,932
4062,-381,895
4038,-333,867
4012,-279,855
3983,-212,852
3965,-138,860
3966,-72,877
3986,-13,906
4028,45,950
4072,91,998
4122,143,1056
4171,195,1136
4233,251,1254
4312,322,1405
4418,417,1571
4542,536,1705
4669,677,1767
4825,841,1773
5036,1025,1760
5298,1241,1695
5574,1468,1484
5827,1690,1099
6058,1905,591
6308,2127,129
6606,2347,-122
6967,2546,-100
7385,2661,200
7776,2668,639
7955,2578,867
7757,2374,701
7236,2051,418
6529,1666,228
5764,1334,261
5040,1084,525
4345,868,817
3686,610,1070
3100,282,1264
2604,-95,1382
2203,-496,1412
1912,-900,1373
1730,-1284,1313
1648,-1623,1248
1661,-1902,1206
1767,-2121,1147
1917,-2253,1024
2109,-2263,850
2334,-2096,668
2611,-1793,528
2938,-1401,407
3299,-962,285
3690,-512,172
4113,-57,89
4579,413,52
5060,886,40
5518,1334,34
5901,1737,10
6156,2078,-63
6249,2360,-137
6183,2573,-146
5973,2698,-88
5620,2802,41
5173,2837,214
4672,2792,392
4180,2690,542
3705,2575,656
3276,2454,753
2926,2326,830
2656,2179,870
2458,2008,857
2329,1825,813
2277,1630,753
2293,1428,690
2368,1223,623
2493,1020,553
2652,814,472
2837,619,389
3050,444,308
3274,297,244
3500,186,205
3707,105,178
3879,52,152
4006,29,126
4104,28,95
4168,49,74
4202,85,57
4206,139,46
4190,197,59
4156,253,85
4113,313,115
4042,365,132
3959,406,142
3877,442,172
3800,454,191
3723,437,200
3654,384,203
3597,310,209
3572,212,220
3582,88,238
3625,-63,243
3692,-221,250
3782,-377,264
3887,-523,289
3993,-639,314
4084,-718,332
4155,-751,334
4211,-758,332
4252,-755,348
4268,-743,371
4264,-732,385
4242,-721,394
4204,-694,415
4156,-654,437
4109,-597,463
4056,-533,497
4004,-462,534
3943,-394,549
3882,-328,560
3828,-257,580
3780,-199,601
3743,-150,607
3715,-107,613
3695,-74,621
3690,-44,632
3692,-17,654
3700,18,675
3712,47,693
3731,73,710
3746,96,715
3759,119,706
3775,143,690
3791,161,682
3813,185,675
3833,204,669
3863,222,670
3888,242,667
3902,258,646
3912,276,622
3934,286,603
3961,285,587
3981,280,552
3983,260,478
3978,254,399
3995,250,338
4028,252,305
4077,262,301
4141,292,324
4206,330,351
4258,368,373
4290,393,382
4300,390,376
4296,349,376
4280,273,389
4253,150,410
4224,6,435
4192,-154,468
4157,-303,509
4128,-425,558
4102,-517,617
4078,-569,681
4070,-593,747
4074,-588,793
4076,-547,807
4087,-468,811
4100,-357,821
4134,-221,837
4176,-85,849
4231,54,852
4307,183,841
4402,302,821
4517,401,801
4654,461,790
4786,475,767
4900,447,697
4981,382,593
5041,290,477
5078,181,356
5079,67,226
5057,-61,117
5035,-196,59
5029,-336,44
5029,-468,75
5024,-593,122
4990,-698,149
4912,-763,144
4786,-756,104
4638,-670,46
4479,-505,-10
4334,-269,-54
4207,17,-77
4081,349,-86
3969,710,-78
3880,1068,-55
3815,1430,-23
3773,1801,31
3765,2161,118
3787,2503,225
3819,2810,322
3854,3044,390
3880,3205,437
3882,3283,449
3877,3227,437
3885,2995,403
3905,2629,359
3930,2188,320
3962,1719,301
3999,1255,310
4041,797,352
4077,372,395
4114,-25,434
4158,-400,470
4212,-752,516
4290,-1077,572
4382,-1374,636
4468,-1619,685
4521,-1790,707
4536,-1877,696
4522,-1902,682
4504,-1872,662
4495,-1797,647
4497,-1689,640
4506,-1541,646
4520,-1355,649
4536,-1132,660
4541,-882,663
4532,-625,652
4504,-371,643
4464,-128,633
4399,96,620
4318,301,588
4224,487,556
4124,638,540
4011,734,526
3892,772,521
3768,767,519
3641,717,533
3519,634,552
3406,533,575
3310,422,596
3238,307,624
3182,193,648
3155,92,669
3146,4,693
3166,-74,716
3212,-138,735
3280,-179,743
3362,-201,750
3453,-208,749
3548,-201,736
3633,-187,720
3708,-157,707
3776,-114,691
3817,-62,677
3837,-8,655
3834,49,621
3800,103,604
3750,164,597
3685,242,605
3607,328,621
3526,409,658
3435,471,695
3352,513,729
3271,540,758
3198,550,787
3136,545,816
3093,520,834
3063,482,838
3047,426,824
3059,370,789
3095,305,744
3148,236,692
3215,183,635
3294,151,581
3376,137,522
3465,146,469
3563,172,429
3668,206,405
3772,234,407
3886,262,428
3992,289,470
4104,303,546
4205,303,647
4282,294,738
4330,288,809
4360,288,871
4363,312,896
4338,330,852
4301,321,809
4269,288,818
4252,238,893
4247,165,1012
4227,58,1136
4184,-87,1223
4103,-244,1258
3975,-392,1221
3822,-554,1127
3668,-721,999
3538,-881,881
3450,-1009,820
3410,-1090,818
3409,-1129,858
3434,-1137,897
3465,-1121,903
3489,-1078,855
3507,-1014,781
3534,-952,704
3582,-886,671
3651,-813,708
3727,-737,798
3802,-669,898
3867,-626,967
3916,-614,1005
3963,-638,1022
4015,-692,1030
4058,-772,1031
4098,-874,1030
4128,-988,1027
4137,-1100,1021
4126,-1195,990
4118,-1279,1000
4132,-1347,1053
4153,-1390,1108
4166,-1408,1140
4169,-1414,1149
4168,-1420,1129
4162,-1442,1103
4178,-1439,1085
4223,-1400,1055
4298,-1315,990
4405,-1187,886
4537,-1023,717
4683,-819,455
4844,-565,115
5046,-282,-229
5323,56,-461
5683,444,-563
6088,867,-573
6485,1301,-548
6840,1688,-446
7075,2001,-284
7083,2202,-171
6825,2274,-86
6337,2231,-19
5703,2078,113
5028,1832,345
4381,1538,650
3786,1263,974
3268,1031,1278
2853,825,1515
2527,635,1624
2270,461,1551
2077,306,1334
1959,179,1080
1930,77,877
1969,5,714
2037,-40,564
2122,-79,393
2236,-98,214
2388,-85,56
2609,-28,-47
2904,93,-60
3251,268,-44
3627,499,-55
4021,752,-62
4443,1005,-32
4870,1235,13
5266,1432,43
5581,1584,66
5787,1696,103
5875,1760,126
5831,1776,145
5676,1730,178
5416,1627,223
5083,1491,258
4724,1325,298
4364,1166,324
4007,1023,332
3671,900,337
3399,765,335
3188,635,324
3041,503,298
2971,374,269
2990,252,243
3069,163,243
3203,86,248
3344,47,236
3475,44,198
3608,62,149
3743,104,120
3874,164,114
3986,243,120
4059,344,119
4103,455,117
4111,560,111
4101,661,103
4070,747,90
4017,818,82
3950,876,69
3880,922,71
3822,954,81
3772,969,97
3717,968,108
3668,944,91
3631,896,54
3606,839,28
3586,768,-4
3573,686,-35
3566,598,-55
3566,506,-63
3580,409,-66
3606,315,-58
3652,221,-37
3704,139,-31
3746,77,-39
3788,38,-58
3832,23,-71
3872,26,-73
3913,43,-62
3959,73,-45
3989,109,-37
4023,149,-25
4050,196,-6
4071,237,22
4085,287,52
4087,343,63
4080,390,74
4071,439,89
4059,487,110
4049,521,123
4040,544,137
4034,565,166
4032,567,196
4026,555,209
4020,545,228
4020,529,244
4022,513,265
4032,494,287
4036,474,302
4045,453,310
4052,434,314
4058,418,318
4070,404,337
4083,394,361
4091,392,384
4096,390,397
4098,385,412
4102,375,434
4102,364,444
4100,348,442
4084,346,439
4064,337,438
4046,331,449
4027,331,460
4008,332,467
3980,340,461
3945,342,447
3898,346,418
3867,348,376
3845,347,333
3849,357,309
3889,388,318
3947,439,330
4001,492,331
4043,526,313
4063,517,279
4055,449,235
4028,323,195
3992,145,170
3971,-80,175
3957,-332,204
3945,-588,243
3937,-818,287
3922,-1003,337
3911,-1126,399
3897,-1176,465
3892,-1149,509
3900,-1038,520
3935,-845,502
4012,-566,458
4098,-219,379
4209,155,292
4362,532,231
4567,876,211
4799,1174,206
5028,1399,187
5249,1523,162
5453,1548,148
5615,1487,172
5726,1329,234
5761,1084,298
5700,780,324
5535,483,251
5302,248,105
5053,93,-42
4827,28,-138
4654,40,-150
4512,131,-108
4385,277,-47
4274,455,5
4189,654,46
4123,881,80
4070,1125,118
4031,1385,151
4017,1644,174
4013,1876,179
4015,2083,163
4003,2252,126
3977,2371,81
3941,2415,47
3891,2365,26
3840,2210,15
3798,1965,16
3764,1665,30
3746,1335,54
3749,979,91
3772,621,130
3818,268,176
3889,-67,236
3988,-351,323
4115,-618,458
4278,-869,604
4454,-1084,721
4618,-1251,788
4755,-1356,796
4853,-1375,767
4920,-1314,711
4969,-1184,635
5000,-1007,559
5016,-798,481
5009,-575,414
4976,-342,362
4924,-121,319
4848,89,286
4746,283,266
4630,456,250
4505,605,232
4373,737,220
4243,847,204
4111,911,198
3983,919,186
3856,873,176
3736,788,170
3626,683,175
3526,572,192
3435,469,229
3361,383,275
3306,309,325
3264,261,371
3242,230,419
3243,208,458
3272,190,486
3334,185,508
3422,187,535
3528,201,545
3644,226,560
3762,271,571
3869,334,585
3967,407,591
4034,496,595
4067,588,592
4068,683,590
4033,772,587
3968,840,582
3877,886,586
3764,911,599
3644,910,621
3532,899,650
3420,883,690
3320,868,730
3242,853,751
3177,831,756
3137,807,740
3123,766,710
3127,717,675
3157,659,640
3195,593,603
3243,525,569
3294,479,539
3347,447,514
3391,428,486
3428,425,461
3462,427,437
3495,443,419
3519,466,411
3540,474,406
3565,476,407
3585,469,428
3611,454,463
3643,438,523
3676,428,589
3709,431,658
3745,431,735
3778,428,797
3798,412,827
3804,380,819
3804,326,796
3802,248,767
3805,152,742
3812,48,732
3818,-40,744
3814,-114,765
3803,-179,781
3782,-252,786
3743,-339,765
3694,-432,736
3646,-530,702
3597,-610,673
3564,-667,665
3548,-686,687
3556,-659,734
3573,-599,801
3586,-520,858
3589,-437,873
3575,-351,838
3557,-272,781
3544,-210,733
3548,-158,716
3570,-101,712
3592,-43,718
3623,23,738
3667,73,792
3723,83,855
3793,36,918
3875,-60,986
3967,-188,1041
4047,-345,1058
4116,-530,1024
4173,-726,961
4221,-934,893
4272,-1145,838
4319,-1353,798
4350,-1545,779
4374,-1715,791
4394,-1862,836
4400,-1968,889
4396,-2036,936
4402,-2069,978
4436,-2059,1004
4507,-1996,967
4604,-1884,855
4748,-1691,714
5001,-1480,646
5361,-1198,643
5768,-814,620
6169,-357,469
6482,177,96
6741,743,-309
7067,1294,-423
7445,1848,-232
7720,2383,3
7763,2792,146
7514,3033,235
6999,3152,377
6312,3135,615
5514,2950,830
4668,2609,951
3845,2158,1047
3115,1690,1168
2526,1252,1268
2094,836,1316
1812,438,1288
1643,92,1165
1557,-200,941
1529,-423,651
1553,-563,335
1651,-599,99
1822,-535,-59
2042,-396,-181
2298,-212,-301
2605,-5,-404
2966,249,-449
3390,564,-421
3861,931,-332
4377,1351,-213
4909,1787,-71
5420,2198,89
5838,2576,216
6123,2875,275
6226,3100,273
6156,3250,272
5941,3292,326
5609,3224,414
5203,3081,514
4742,2877,582
4285,2631,610
3858,2368,614
3483,2127,621
3180,1893,632
2962,1661,624
2836,1407,579
2794,1127,495
2815,843,394
2886,569,280
3001,312,180
3153,91,95
3329,-89,47
3517,-211,17
3692,-271,8
3861,-285,32
3984,-252,57
4066,-180,61
4116,-90,66
4144,13,72
4154,121,88
4146,220,95
4123,322,103
4090,420,117
4049,513,127
3989,604,131
3920,685,133
3849,750,142
3789,805,161
3745,844,187
3703,859,220
3658,850,220
3624,818,202
3609,765,176
3607,704,147
3630,642,138
3665,581,157
3711,526,155
3772,481,148
3849,450,140
3930,437,137
4008,442,141
4075,446,157
4147,450,177
4205,445,191
4244,443,194
4261,438,185
4258,440,169
4247,440,159
4233,444,152
4212,456,152
4196,464,167
4175,476,186
4150,485,206
4126,494,233
4108,504,265
4093,511,297
4068,528,321
4028,545,309
3983,555,303
3941,567,302
3910,581,309
3890,599,322
3872,619,336
3864,638,332
3869,660,324
3890,681,310
3914,699,295
3945,706,285
3977,710,268
4008,703,252
4038,689,230
4061,669,198
4075,646,169
4087,628,158
4094,609,148
4100,579,132
4100,550,117
4099,513,110
4089,475,105
4070,436,104
4048,398,104
4029,358,97
4013,326,89
3997,304,77
3989,296,85
3996,287,92
4003,275,84
4001,264,57
4006,259,45
4018,255,46
4030,247,50
4043,242,61
4045,230,69
4043,221,64
4040,209,67
4043,196,73
4054,179,78
4062,165,87
4072,162,90
4085,160,82
4092,157,66
4096,158,59
4099,156,57
4104,158,62
4106,164,67
4120,165,84
4127,160,86
4126,156,82
4116,150,78
4108,133,80
4093,126,63
4058,113,36
4019,115,20
3977,113,7
3943,110,7
3922,107,14
3896,106,22
3871,106,31
3860,101,44
3854,91,48
3848,66,44
3851,35,27
3850,9,5
3852,-20,-30
3863,-45,-68
3880,-57,-83
3911,-40,-65
3958,-7,-25
3993,48,21
4005,117,62
3999,202,105
3986,288,148
3974,382,212
3973,485,286
3965,570,336
3939,637,344
3910,682,339
3886,724,352
3867,758,356
3836,778,339
3794,784,301
3749,781,266
3706,777,246
3668,776,239
3634,779,237
3594,785,220
3557,796,182
3528,811,125
3509,851,78
3508,913,75
3527,1006,107
3571,1117,202
3661,1215,370
3788,1280,567
3931,1313,761
4061,1340,914
4175,1379,1020
4269,1470,1060
4363,1616,1086
4464,1801,1106
4574,2010,1111
4706,2232,1102
4851,2441,1084
4994,2641,1057
5128,2806,1032
5247,2949,1020
5342,3069,1015
5382,3149,1016
5370,3183,1027
5300,3166,1050
5172,3079,1059
4971,2930,1051
4726,2745,1047
4452,2541,1060
4191,2335,1076
3942,2121,1105
3736,1899,1158
3575,1666,1209
3465,1422,1243
3403,1172,1246
3385,927,1234
3396,684,1224
3446,444,1240
3522,216,1289
3601,6,1343
3674,-195,1385
3742,-385,1438
3805,-537,1506
3870,-669,1585
3941,-777,1636
4011,-856,1668
4079,-917,1701
4153,-948,1719
4204,-950,1712
4241,-914,1693
4259,-853,1667
4276,-760,1657
4296,-634,1678
4317,-473,1719
4323,-291,1760
4317,-102,1799
4281,80,1806
4221,239,1771
4159,382,1737
4086,516,1701
4007,627,1662
3918,719,1603
3818,788,1539
3717,851,1489
3618,911,1467
3507,953,1428
3365,959,1319
3209,940,1190
3078,920,1126
2985,910,1132
2923,916,1173
2883,929,1216
2863,944,1261
2872,937,1297
2886,919,1281
2884,897,1205
2876,902,1138
2887,948,1110
2906,1024,1092
2945,1107,1094
2998,1193,1119
3058,1281,1160
3113,1362,1194
3153,1431,1206
3176,1483,1193
3197,1512,1173
3213,1521,1158
3228,1515,1149
3254,1496,1149
3291,1467,1147
3331,1427,1127
3382,1362,1100
3440,1272,1083
3506,1167,1061
3579,1042,1032
3651,911,991
3728,772,994
3808,623,997
3883,429,950
3943,182,828
3965,-56,677
3945,-197,561
3883,-211,488
3787,-122,471
3687,19,537
3621,115,636
3566,149,700
3511,147,715
3457,126,716
3419,105,732
3380,96,736
3346,133,745
3319,216,760
3305,316,777
3314,410,792
3356,480,806
3424,542,819
3491,600,809
3581,677,828
3707,778,899
3849,911,954
3972,1044,940
4068,1157,860
4155,1252,741
4257,1350,612
4387,1453,500
4550,1547,421
4737,1627,333
4941,1694,223
5148,1759,126
5357,1821,90
5547,1893,103
5663,1975,148
5691,2064,217
5625,2129,307
5442,2156,397
5124,2155,459
4707,2119,513
4238,2059,583
3749,1988,670
3284,1923,757
2887,1847,829
2576,1743,884
2365,1604,910
2252,1449,896
2225,1278,856
2286,1104,814
2415,935,799
2589,784,803
2789,633,817
2997,486,822
3190,348,819
3371,228,832
3547,148,856
3706,96,880
3850,77,907
3980,81,926
4106,97,937
4220,140,950
4323,189,975
4412,240,1002
4482,303,1016
4538,376,1021
4576,448,1014
4602,502,995
4594,553,956
4575,592,918
4552,620,921
4536,631,971
4505,615,1004
4454,583,1007
4381,591,979
4289,639,921
4191,679,860
4112,666,866
4050,631,893
3955,647,845
3839,678,744
3732,684,643
3653,662,577
3616,633,561
3606,614,574
3633,610,605
3677,619,649
3731,627,684
3774,620,692
3810,585,679
3830,528,650
3832,468,611
3829,396,590
3813,329,579
3774,279,570
3713,247,557
3641,221,554
3572,203,571
3513,188,599
3468,174,633
3437,160,658
3425,143,674
3428,119,681
3450,100,669
3491,86,647
3555,66,630
3646,33,616
3750,5,611
3860,-31,604
3974,-70,599
4086,-116,601
4184,-154,593
4261,-190,571
4324,-220,551
4380,-252,532
4423,-274,517
4454,-291,509
4471,-303,508
4476,-312,507
4461,-327,501
4422,-331,487
4367,-334,480
4300,-327,486
4225,-316,513
4161,-293,558
4095,-269,614
4033,-244,662
3984,-215,709
3952,-183,766
3925,-154,810
3900,-123,823
3868,-90,806
3841,-48,780
3827,-6,757
3826,34,750
3845,64,765
3878,80,785
3914,81,790
3948,72,779
3978,50,767
3999,19,754
4016,-24,731
4039,-78,730
4070,-137,738
4086,-189,725
4089,-230,685
4075,-272,656
4041,-328,626
3978,-407,573
3899,-482,507
3833,-525,469
3805,-535,481
3813,-527,537
3839,-535,617
3861,-543,687
3887,-555,720
3926,-571,743
3986,-597,774
4048,-628,806
4126,-660,836
4198,-681,858
4262,-695,876
4316,-689,897
4357,-680,927
4385,-675,977
4404,-663,1052
4385,-654,1102
4342,-665,1109
4280,-683,1101
4220,-702,1106
4164,-702,1131
4121,-712,1155
4075,-737,1163
4018,-769,1153
3949,-801,1140
3889,-831,1136
3835,-869,1138
3785,-903,1137
3741,-946,1132
3707,-994,1122
3682,-1038,1120
3676,-1076,1136
3687,-1120,1161
3715,-1178,1179
3738,-1230,1192
3769,-1278,1196
3804,-1328,1197
3862,-1376,1231
3943,-1438,1256
4013,-1497,1238
4057,-1531,1196
4081,-1545,1134
4090,-1520,1081
4078,-1463,1049
4040,-1400,1023
3981,-1351,998
3908,-1320,972
3818,-1286,971
3725,-1254,985
3637,-1229,1011
3564,-1211,1042
3515,-1200,1074
3495,-1200,1122
3516,-1212,1177
3567,-1240,1211
3630,-1274,1214
3719,-1313,1199
3826,-1350,1202
3947,-1372,1212
4052,-1381,1216
4122,-1375,1187
4146,-1346,1143
4134,-1295,1095
4107,-1231,1057
4056,-1159,1050
3998,-1084,1061
3932,-1018,1087
3865,-966,1103
3808,-927,1107
3762,-900,1097
3731,-878,1095
3719,-864,1082
3716,-853,1064
3724,-850,1037
3740,-852,1005
3761,-854,976
3788,-866,955
3813,-888,941
3836,-918,929
3840,-959,896
3828,-1014,842
3802,-1043,804
3778,-1039,845
3740,-1013,892
3693,-991,925
3631,-969,932
3581,-957,983
3534,-948,1006
3492,-946,1031
3465,-955,1055
3461,-984,1080
3473,-1020,1102
3500,-1065,1126
3536,-1113,1131
3557,-1156,1104
3574,-1178,1078
3594,-1165,1065
3615,-1150,1057
3639,-1136,1055
3669,-1132,1044
3696,-1114,1036
3712,-1094,1029
3726,-1074,1025
3753,-1056,1035
3777,-1044,1047
3794,-1031,1051
3805,-1015,1061
3815,-1000,1082
3813,-989,1106
3811,-981,1138
3815,-981,1167
3817,-979,1192
3826,-980,1207
3837,-983,1222
3859,-980,1245
3886,-974,1262
3906,-962,1264
3925,-948,1267
3940,-921,1266
3950,-893,1270
3956,-856,1274
3945,-813,1276
3933,-770,1266
3910,-723,1260
3888,-678,1251
3869,-639,1251
3851,-605,1254
3835,-573,1258
3824,-552,1259
3811,-545,1262
3797,-543,1272
3796,-557,1291
3796,-584,1313
3800,-615,1324
3805,-654,1317
3813,-695,1305
3829,-729,1298
3852,-740,1278
3873,-762,1260
3876,-769,1211
3862,-759,1152
3853,-752,1102
3840,-740,1056
3828,-731,1019
3816,-719,998
3799,-699,991
3779,-665,998
3764,-632,1008
3744,-604,1009
3727,-580,1013
3714,-562,1024
3706,-552,1051
3705,-557,1080
3705,-584,1103
3708,-629,1112
3710,-686,1121
3716,-757,1132
3725,-834,1149
3742,-915,1165
3768,-1002,1193
3797,-1086,1220
3826,-1168,1243
3855,-1252,1262
3869,-1335,1292
3866,-1427,1330
3843,-1525,1339
3800,-1666,1311
3746,-1788,1301
3677,-1883,1313
3605,-1929,1354
3542,-1931,1419
3475,-1914,1457
3410,-1890,1471
3363,-1845,1467
3338,-1782,1462
3339,-1703,1446
3360,-1619,1434
3407,-1538,1436
3467,-1455,1443
3540,-1374,1452
3602,-1293,1457
3657,-1214,1447
3702,-1144,1430
3730,-1067,1423
3753,-997,1421
3761,-935,1420
3758,-877,1419
3753,-838,1413
3742,-833,1397
3717,-839,1386
3695,-857,1384
3670,-878,1385
3636,-909,1388
3598,-946,1386
3561,-994,1380
3526,-1052,1370
3496,-1102,1364
3468,-1151,1361
3443,-1196,1357
3423,-1233,1365
3413,-1269,1369
3407,-1295,1369
3405,-1318,1370
3406,-1330,1372
3416,-1339,1370
3434,-1350,1360
3448,-1363,1348
3458,-1372,1328
3470,-1389,1310
3471,-1393,1296
3460,-1392,1292
3441,-1397,1282
3421,-1409,1276
3394,-1423,1271
3362,-1439,1264
3322,-1440,1255
3288,-1437,1246
3253,-1423,1232
3220,-1403,1218
3197,-1379,1216
3180,-1347,1216
3179,-1329,1213
3189,-1316,1212
3208,-1307,1203
3246,-1320,1187
3289,-1323,1171
3350,-1310,1164
3431,-1263,1188
3537,-1199,1199
3646,-1118,1185
3778,-1035,1163
3908,-926,1137
4042,-817,1123
4191,-742,1130
4340,-686,1142
4478,-666,1161
4594,-656,1182
4674,-639,1178
4715,-645,1129
4721,-659,1060
4707,-684,976
4674,-709,904
4606,-722,859
4518,-745,843
4380,-771,847
4234,-795,862
4070,-827,907
3886,-853,969
3681,-857,1002
3478,-869,989
3302,-877,948
3154,-878,906
3061,-882,878
3037,-893,879
3079,-937,894
3166,-1008,908
3287,-1082,927
3417,-1151,943
3542,-1207,953
3656,-1245,948
3751,-1255,936
3825,-1234,922
3877,-1188,901
3917,-1142,888
3939,-1103,870
3957,-1076,847
3964,-1056,825
3970,-1043,803
3981,-1045,802
3996,-1054,840
4015,-1079,874
4015,-1104,875
3994,-1132,841
3970,-1165,805
3946,-1204,796
3921,-1242,798
3889,-1275,800
3851,-1293,800
3804,-1299,795
3762,-1288,797
3729,-1269,810
3711,-1238,835
3703,-1194,874
3704,-1153,913
3713,-1115,960
3734,-1089,997
3756,-1078,1008
3777,-1063,996
3806,-1059,981
3843,-1039,949
3894,-1021,948
3945,-1015,954
3980,-1022,941
3997,-1043,913
4004,-1064,884
4002,-1083,855
3991,-1101,828
3979,-1115,812
3959,-1130,810
3923,-1151,808
3889,-1178,794
3853,-1209,787
3827,-1243,782
3814,-1273,781
3807,-1296,777
3811,-1310,780
3814,-1316,777
3819,-1328,757
3839,-1332,733
3852,-1307,725
3861,-1276,733
3862,-1250,740
3858,-1236,746
3861,-1234,752
3871,-1248,752
3875,-1249,762
3883,-1252,771
3891,-1256,777
3898,-1258,781
3901,-1261,779
3904,-1251,783
3901,-1244,792
3891,-1236,796
3871,-1240,788
3839,-1234,778
3802,-1226,768
3772,-1214,762
3754,-1207,762
3737,-1198,763
3723,-1192,756
3707,-1181,744
3699,-1181,742
3692,-1173,741
3704,-1160,737
3717,-1150,726
3725,-1133,707
3735,-1116,693
3760,-1107,693
3807,-1113,705
3871,-1126,732
3952,-1149,766
4026,-1170,806
4089,-1191,842
4147,-1219,867
4185,-1245,887
4202,-1260,898
4194,-1260,907
4166,-1248,923
4133,-1221,939
4091,-1192,945
4039,-1161,946
3977,-1135,936
3917,-1113,932
3861,-1087,933
3819,-1074,949
3804,-1070,961
3795,-1062,978
3793,-1048,999
3782,-1041,1013
3759,-1050,1005
3740,-1078,986
3720,-1123,959
3698,-1173,929
3681,-1229,902
3676,-1282,882
3678,-1325,870
3687,-1354,865
3701,-1369,863
3721,-1374,869
3744,-1365,874
3770,-1351,880
3795,-1332,895
3822,-1312,908
3839,-1288,918
3853,-1264,919
3857,-1247,921
3856,-1232,912
3840,-1213,909
3820,-1197,899
3795,-1170,903
3768,-1161,918
3751,-1157,939
3738,-1159,962
3736,-1172,978
3729,-1192,983
3728,-1224,991
3726,-1258,989
3724,-1291,990
3727,-1320,994
3729,-1342,1002
3729,-1361,1002
3730,-1379,991
3729,-1387,982
3727,-1389,969
3728,-1383,956
3727,-1374,948
3728,-1365,942
3740,-1375,924
3736,-1329,938
3732,-1290,960
3740,-1264,979
3746,-1236,998
3747,-1218,1020
3758,-1213,1046
3768,-1220,1059
3766,-1223,1064
3752,-1227,1045
3732,-1228,1016
3708,-1229,994
3697,-1223,979
3694,-1216,982
3701,-1192,1016
3716,-1172,1056
3731,-1144,1092
3736,-1114,1130
3730,-1089,1157
3718,-1057,1177
3704,-1033,1195
3686,-1008,1209
3671,-998,1224
3652,-1000,1226
3636,-1014,1218
3618,-1028,1207
3606,-1038,1203
3601,-1040,1204
3601,-1041,1206
3611,-1040,1209
3615,-1025,1214
3621,-1031,1204
3634,-1035,1196
3643,-1021,1196
3661,-1013,1200
3685,-1026,1198
3705,-1039,1196
3732,-1069,1181
3752,-1102,1162
3775,-1134,1144
3790,-1151,1136
3799,-1162,1131
3795,-1152,1133
3790,-1145,1122
3779,-1142,1111
3767,-1139,1103
3752,-1139,1106
3734,-1138,1119
3716,-1138,1128
3689,-1135,1127
3658,-1141,1110
3627,-1146,1096
3607,-1140,1091
3597,-1142,1103
3599,-1143,1119
3614,-1156,1129
3640,-1169,1139
3665,-1178,1157
3685,-1182,1175
3702,-1186,1191
3713,-1188,1197
3721,-1199,1199
3726,-1204,1197
3733,-1197,1193
3737,-1193,1188
3738,-1186,1181
3739,-1173,1175
3737,-1158,1174
3742,-1142,1174
3745,-1130,1181
3748,-1120,1182
3736,-1108,1185
3726,-1098,1191
3720,-1095,1194
3719,-1098,1197
3717,-1109,1205
3722,-1125,1208
3738,-1140,1213
3758,-1152,1225
3779,-1165,1239
3803,-1171,1235
3806,-1180,1216
3809,-1184,1192
3813,-1185,1188
3819,-1178,1189
3823,-1173,1196
3819,-1164,1206
3806,-1155,1213
3792,-1151,1218
3775,-1143,1224
3759,-1140,1232
3745,-1134,1239
3740,-1127,1249
3738,-1121,1251
3734,-1118,1242
3730,-1117,1229
3729,-1117,1221
3717,-1113,1220
3704,-1111,1216
3687,-1120,1213
3671,-1126,1210
3657,-1138,1209
3646,-1145,1210
3636,-1155,1208
3637,-1165,1210
3636,-1176,1211
3641,-1188,1215
3648,-1197,1221
3654,-1210,1227
3657,-1223,1227
3660,-1238,1220
3663,-1253,1214
3667,-1266,1212
3667,-1276,1213
3669,-1279,1215
3667,-1280,1222
3665,-1282,1231
3665,-1278,1232
3664,-1278,1227
3660,-1275,1224
3661,-1266,1222
3665,-1261,1217
3670,-1253,1212
3681,-1250,1210
3696,-1240,1203
3713,-1227,1194
3723,-1214,1181
3728,-1199,1169
3726,-1185,1162
3721,-1177,1156
3713,-1167,1153
3693,-1160,1147
3676,-1152,1137
3659,-1149,1135
3643,-1143,1143
3637,-1142,1144
3635,-1143,1147
3634,-1143,1167
3634,-1138,1186
3640,-1138,1202
3651,-1145,1211
3669,-1153,1220
3682,-1156,1231
3696,-1157,1237
3709,-1159,1237
3723,-1166,1232
3733,-1165,1231
3739,-1164,1226
3739,-1167,1222
3740,-1166,1219
3733,-1169,1211
3724,-1163,1212
3712,-1155,1214
3700,-1151,1220
3687,-1148,1220
3677,-1146,1219
3670,-1150,1222
3664,-1146,1226
3663,-1141,1237
3666,-1141,1253
3676,-1144,1266
3682,-1152,1264
3686,-1160,1250
3691,-1166,1238
3695,-1174,1230
3702,-1182,1228
3713,-1195,1227
3717,-1204,1227
3714,-1210,1227
3714,-1215,1226
3711,-1225,1219
3708,-1228,1218
3705,-1227,1223
3701,-1229,1222
3695,-1225,1218
3688,-1222,1220
3690,-1217,1223
3695,-1210,1226
3689,-1202,1222
3687,-1192,1213
3680,-1181,1208
3673,-1171,1208
3670,-1159,1208
3666,-1157,1209
3661,-1158,1207
3655,-1163,1211
3654,-1172,1217
3659,-1183,1217
3667,-1198,1216
3672,-1210,1212
3678,-1218,1208
3680,-1227,1200
3677,-1234,1195
3681,-1240,1188
3687,-1241,1182
3691,-1243,1181
3705,-1240,1179
3712,-1236,1171
3719,-1231,1165
3724,-1223,1165
3726,-1213,1166
3728,-1206,1172
3727,-1202,1177
3731,-1199,1180
3735,-1200,1180
3736,-1199,1178
3734,-1203,1171
3739,-1206,1168
3741,-1207,1158
3746,-1206,1150
3751,-1202,1140
3754,-1199,1130
3755,-1189,1126
3752,-1183,1125
3740,-1177,1121
3731,-1175,1122
3721,-1177,1125
3711,-1188,1124
3703,-1192,1130
3699,-1196,1141
3702,-1204,1156
3706,-1213,1170
3704,-1218,1172
3699,-1224,1170
3697,-1227,1165
3697,-1227,1160
3707,-1221,1154
3713,-1213,1152
3717,-1215,1150
3723,-1215,1149
3727,-1223,1150
3733,-1226,1152
3745,-1231,1148
3752,-1227,1150
3755,-1223,1152
3752,-1221,1154
3746,-1213,1153
3737,-1211,1152
3728,-1203,1150
3722,-1191,1146
3710,-1180,1152
3699,-1173,1154
3689,-1169,1155
3689,-1170,1150
3692,-1171,1145
3698,-1166,1149
3717,-1158,1150
3738,-1156,1154
3752,-1160,1158
3750,-1167,1147
3746,-1176,1133
3734,-1180,1112
3731,-1189,1100
3721,-1198,1100
3725,-1198,1104
3736,-1199,1107
3745,-1200,1112
3751,-1200,1121
3758,-1197,1125
3758,-1196,1126
3757,-1192,1123
3756,-1190,1123
3754,-1184,1122
3749,-1174,1123
3748,-1167,1128
3744,-1159,1135
3735,-1151,1138
3728,-1142,1142
3719,-1141,1143
3709,-1137,1151
3704,-1140,1155
3702,-1142,1157
3706,-1143,1163
3711,-1147,1160
3712,-1154,1156
3715,-1161,1148
3714,-1166,1142
3712,-1168,1139
3707,-1167,1137
3697,-1169,1130
3694,-1168,1128
3692,-1163,1128
3695,-1158,1131
3702,-1148,1136
3712,-1144,1140
3716,-1132,1144
3726,-1124,1142
3735,-1114,1141
3741,-1105,1142
3745,-1100,1142
3751,-1105,1145
3755,-1101,1149
3765,-1101,1158
3770,-1102,1167
3774,-1105,1169
3775,-1113,1169
3778,-1122,1172
3781,-1128,1170
3777,-1132,1165
3775,-1138,1163
3768,-1139,1157
3760,-1138,1151
3752,-1144,1146
3746,-1145,1140
3738,-1140,1131
3735,-1139,1124
3734,-1136,1123
3738,-1134,1123
3739,-1134,1122
3736,-1136,1120
3732,-1136,1119
3731,-1132,1121
3730,-1131,1125
3725,-1129,1126
3721,-1134,1121
3717,-1134,1119
3714,-1132,1121
3718,-1129,1126
3730,-1130,1133
3742,-1129,1134
3752,-1128,1132
3766,-1129,1134
3772,-1131,1135
3775,-1136,1136
3774,-1137,1133
3767,-1137,1131
3757,-1132,1126
3748,-1126,1125
3737,-1120,1122
3724,-1111,1123
3708,-1103,1116
3697,-1094,1117
3686,-1082,1117
3682,-1076,1107
3681,-1070,1104
3688,-1061,1100
3699,-1045,1108
3709,-1010,1116
3746,-1022,1125
3787,-1007,1127
3821,-1013,1132
3842,-1029,1139
3853,-1055,1137
3862,-1085,1132
3859,-1116,1121
3852,-1147,1108
3832,-1169,1102
3819,-1184,1101
3802,-1191,1091
3785,-1195,1089
3773,-1192,1092
3763,-1190,1096
3751,-1179,1106
3747,-1169,1116
3737,-1152,1126
3731,-1132,1132
3721,-1117,1144
3712,-1102,1155
3702,-1087,1160
3691,-1075,1165
3677,-1062,1161
3673,-1053,1157
3668,-1038,1156
3672,-1042,1152
3686,-1042,1158
3700,-1047,1155
3716,-1058,1146
3735,-1071,1138
3755,-1079,1129
3773,-1086,1116
3791,-1089,1105
3794,-1091,1089
3797,-1085,1072
3795,-1082,1070
3794,-1074,1067
3794,-1063,1071
3788,-1043,1081
3785,-1029,1092
3779,-1024,1095
3771,-1021,1098
3765,-1005,1107
3761,-993,1114
3774,-972,1128
3782,-961,1144
3779,-966,1151
3775,-969,1153
3773,-981,1157
3771,-992,1161
3772,-1009,1164
3775,-1022,1159
3776,-1027,1162
3783,-1035,1165
3785,-1038,1163
3793,-1044,1168
3796,-1046,1170
3788,-1045,1161
3774,-1048,1150
3763,-1045,1143
3745,-1039,1142
3726,-1037,1136
3705,-1040,1130
3695,-1054,1116
3693,-1057,1122
3691,-1062,1125
3687,-1073,1119
3682,-1072,1111
3683,-1068,1098
3690,-1063,1092
3704,-1048,1100
3719,-1040,1102
3735,-1038,1101
3751,-1036,1111
3766,-1034,1114
3786,-1032,1122
3804,-1031,1127
3823,-1035,1134
3841,-1038,1137
3848,-1044,1144
3847,-1045,1144
3846,-1050,1143
3841,-1048,1147
3829,-1045,1146
3818,-1042,1141
3809,-1040,1135
3801,-1028,1135
3789,-1019,1137
3779,-1010,1140
3763,-1006,1138
3752,-1012,1135
3744,-1014,1131
3740,-1013,1133
3742,-1016,1129
3745,-1014,1128
3749,-1016,1127
3756,-1014,1126
3764,-1012,1124
3768,-1009,1120
3773,-1006,1113
3776,-1002,1109
3781,-1002,1104
3787,-1001,1102
3787,-996,1099
3787,-994,1101
3791,-993,1099
3794,-987,1099
3801,-982,1099
3799,-981,1104
3796,-981,1100
3797,-980,1103
3796,-976,1109
3793,-980,1111
3790,-983,1113
3787,-984,1114
3782,-988,1112
3781,-993,1114
3777,-997,1120
3777,-999,1128
3775,-1004,1128
3771,-1009,1129
3776,-1017,1131
3774,-1024,1128
3770,-1027,1131
3767,-1033,1125
3762,-1040,1123
3759,-1040,1123
3754,-1042,1128
3749,-1044,1134
3749,-1045,1138
3748,-1048,1142
3752,-1049,1142
3753,-1054,1144
3757,-1063,1140
3762,-1068,1138
3764,-1072,1137
3772,-1075,1138
3776,-1079,1139
3780,-1077,1140
3782,-1073,1142
3784,-1066,1139
3784,-1060,1137
3779,-1057,1137
3772,-1055,1137
3772,-1049,1136
3773,-1047,1142
3772,-1044,1142
3769,-1045,1145
3767,-1044,1144
3765,-1041,1146
3764,-1036,1148
3758,-1039,1147
3745,-1035,1146
3738,-1035,1144
3733,-1030,1144
3733,-1031,1152
3732,-1034,1157
3737,-1034,1160
3739,-1037,1166
3743,-1038,1169
3750,-1044,1169
3755,-1053,1168
3757,-1059,1165
3763,-1064,1163
3767,-1067,1161
3771,-1072,1162
3777,-1072,1157
3778,-1073,1156
3782,-1069,1154
3780,-1066,1148
3771,-1060,1141
3764,-1054,1136
3755,-1047,1134
3748,-1041,1130
3741,-1033,1132
3738,-1028,1137
3735,-1024,1138
3731,-1024,1141
3728,-1024,1146
3730,-1033,1151
3728,-1040,1156
3731,-1047,1157
3733,-1055,1157
3740,-1060,1155
3746,-1065,1153
3754,-1070,1149
3760,-1072,1143
3766,-1070,1145
3770,-1064,1148
3778,-1061,1155
3782,-1059,1154
3782,-1058,1154
3782,-1062,1154
3778,-1071,1146
3775,-1083,1139
3776,-1097,1135
3773,-1104,1136
3778,-1111,1139
3779,-1118,1139
3774,-1125,1140
3772,-1126,1137
3768,-1121,1140
3759,-1116,1140
3754,-1104,1140
3748,-1091,1137
3735,-1075,1134
3728,-1057,1132
3723,-1043,1127
3716,-1031,1122
3715,-1025,1122
3717,-1014,1124
3720,-1009,1120
3726,-1016,1115
3731,-1026,1105
3742,-1037,1112
3755,-1052,1118
3773,-1067,1121
3786,-1077,1124
3796,-1087,1130
3803,-1092,1132
3798,-1094,1130
3796,-1089,1136
3782,-1082,1141
3770,-1082,1146
3757,-1077,1155
3745,-1075,1164
3733,-1072,1170
3724,-1070,1170
3717,-1070,1169
3711,-1068,1163
3709,-1064,1162
3709,-1060,1165
3717,-1056,1167
3720,-1053,1171
3726,-1046,1170
3728,-1044,1167
3733,-1044,1167
3733,-1046,1163
3733,-1052,1163
3739,-1054,1158
3745,-1058,1160
3751,-1062,1162
3756,-1063,1162
3757,-1062,1166
3758,-1061,1163
3762,-1059,1161
3763,-1062,1155
3769,-1061,1150
3773,-1062,1147
3775,-1058,1145
3778,-1058,1143
3779,-1055,1138
3781,-1044,1133
3779,-1039,1127
3778,-1040,1122
3778,-1038,1122
3779,-1043,1117
3770,-1047,1117
3764,-1051,1118
3757,-1055,1116
3749,-1061,1116
3748,-1063,1119
3752,-1067,1120
3755,-1070,1124
3757,-1069,1132
3762,-1073,1133
3762,-1077,1133
3762,-1082,1136
3761,-1086,1141
3762,-1096,1145
3762,-1107,1145
3769,-1115,1144
3780,-1115,1145
3787,-1110,1150
3793,-1105,1157
3788,-1101,1156
3778,-1100,1153
3766,-1096,1146
3756,-1092,1142
3749,-1090,1136
3743,-1084,1130
3743,-1082,1129
3742,-1077,1132
3744,-1078,1130
3747,-1082,1131
3744,-1085,1130
3739,-1089,1126
3732,-1090,1115
3730,-1091,1109
3729,-1089,1112
3731,-1088,1118
3737,-1084,1121
3742,-1084,1126
3745,-1082,1129
3748,-1081,1128
3752,-1078,1128
3756,-1078,1128
3765,-1078,1124
3765,-1079,1123
3766,-1079,1118
3766,-1075,1116
3766,-1077,1110
3761,-1073,1115
3759,-1071,1117
3755,-1072,1121
3750,-1074,1126
3751,-1077,1129
3748,-1083,1128
3740,-1087,1130
3734,-1090,1129
3734,-1095,1133
3738,-1097,1138
3743,-1097,1148
3748,-1097,1148
3753,-1101,1145
3761,-1104,1145
3764,-1103,1143
3765,-1100,1136
3766,-1100,1130
3764,-1096,1122
3763,-1092,1122
3759,-1089,1120
3763,-1091,1122
3763,-1087,1129
3760,-1093,1130
3758,-1098,1136
3755,-1102,1139
3747,-1107,1143
3744,-1116,1149
3738,-1122,1148
3738,-1127,1151
3736,-1129,1148
3741,-1133,1146
3748,-1138,1136
3752,-1135,1133
3759,-1135,1128
3761,-1131,1123
3760,-1123,1118
3756,-1115,1117
3754,-1108,1119
3753,-1093,1121
3750,-1078,1127
3745,-1066,1130
3736,-1051,1132
3730,-1038,1137
3723,-1028,1143
3719,-1023,1152
3712,-1025,1161
3713,-1029,1168
3714,-1034,1171
3718,-1041,1178
3725,-1052,1179
3732,-1063,1178
3739,-1075,1172
3752,-1085,1168
3760,-1093,1166
3770,-1100,1161
3776,-1104,1148
3786,-1113,1140
3790,-1115,1131
3792,-1119,1127
3793,-1123,1122
3792,-1122,1118
3787,-1119,1110
3779,-1114,1104
3778,-1104,1102
3773,-1093,1098
3768,-1084,1097
3759,-1079,1095
3751,-1075,1097
3741,-1069,1097
3734,-1066,1101
3731,-1061,1106
3728,-1062,1109
3728,-1067,1111
3734,-1073,1116
3737,-1078,1121
3743,-1083,1123
3749,-1089,1127
3751,-1092,1130
3755,-1094,1131
3756,-1100,1129
3759,-1103,1132
3764,-1107,1134
3765,-1113,1134
3763,-1116,1132
3763,-1117,1135
3761,-1120,1137
3760,-1117,1129
3752,-1118,1121
3751,-1117,1116
3749,-1111,1118
3750,-1104,1120
3750,-1104,1120
3755,-1099,1121
3758,-1096,1120
3759,-1095,1117
3758,-1097,1114
3757,-1098,1109
3756,-1097,1112
3756,-1097,1114
3751,-1097,1114
3752,-1101,1111
3748,-1102,1108
3750,-1105,1107
3750,-1109,1109
3749,-1111,1114
3745,-1111,1117
3747,-1113,1121
3750,-1114,1124
3753,-1107,1129
3754,-1108,1127
3756,-1108,1123
3752,-1106,1124
3751,-1104,1120
3745,-1100,1118
3739,-1096,1121
3737,-1092,1122
3736,-1089,1125
3735,-1083,1128
3735,-1085,1129
3737,-1087,1131
3735,-1088,1132
3737,-1091,1139
3742,-1093,1143
3749,-1100,1144
3753,-1109,1137
3756,-1116,1134
3763,-1119,1132
3769,-1123,1129
3770,-1121,1125
3774,-1118,1122
3774,-1115,1122
3777,-1109,1115
3772,-1108,1110
3768,-1107,1108
3764,-1106,1102
3758,-1104,1098
3751,-1102,1094
3749,-1101,1098
3748,-1101,1098
3747,-1096,1103
3751,-1098,1105
3753,-1098,1104
3751,-1097,1108
3748,-1092,1114
3751,-1091,1115
3756,-1086,1118
3760,-1087,1115
3760,-1091,1111
3762,-1095,1109
3763,-1107,1106
3763,-1117,1106
3761,-1120,1105
3762,-1124,1108
3758,-1128,1110
3752,-1130,1112
3750,-1123,1115
3746,-1117,1118
3747,-1109,1117
3747,-1104,1114
3748,-1100,1111
3750,-1098,1112
3745,-1099,1115
3747,-1103,1115
3748,-1109,1120
3754,-1113,1129
3761,-1118,1129
3763,-1121,1132
3768,-1121,1134
3769,-1118,1137
3766,-1117,1137
3764,-1111,1135
3761,-1109,1129
3754,-1101,1122
3753,-1096,1116
3752,-1092,1113
3754,-1092,1116
3753,-1094,1117
3753,-1097,1115
3753,-1099,1112
3753,-1102,1112
3755,-1103,1108
3756,-1103,1105
3757,-1103,1099
3758,-1101,1092
3759,-1101,1088
3760,-1097,1088
3759,-1089,1088
3760,-1086,1090
3759,-1081,1097
3760,-1081,1102
3761,-1077,1106
3760,-1082,1117
3763,-1084,1116
3760,-1087,1119
3756,-1090,1117
3758,-1094,1117
3756,-1096,1116
3757,-1097,1113
3758,-1100,1109
3756,-1105,1105
3755,-1101,1106
3756,-1099,1106
3755,-1097,1105
3755,-1093,1107
3756,-1090,1109
3754,-1085,1113
3751,-1087,1112
3751,-1086,1114
3750,-1088,1116
3751,-1089,1116
3744,-1092,1117
3745,-1092,1115
3746,-1090,1114
3751,-1089,1111
3753,-1090,1111
3750,-1090,1109
3747,-1090,1110
3749,-1091,1116
3751,-1093,1121
3751,-1098,1125
3749,-1101,1124
3754,-1102,1121
3758,-1104,1123
3761,-1103,1126
3766,-1105,1127
3769,-1108,1125
3770,-1107,1124
3764,-1105,1121
3761,-1098,1116
3761,-1096,1112
3758,-1091,1113
3757,-1084,1108
3757,-1081,1111
3754,-1078,1113
3756,-1075,1118
3755,-1080,1121
3757,-1083,1121
3756,-1084,1125
3751,-1087,1124
3747,-1090,1120
3747,-1093,1118
3745,-1092,1115
3749,-1096,1118
3749,-1099,1118
3753,-1095,1117
3752,-1094,1118
3749,-1092,1116
3748,-1094,1112
3748,-1090,1110
3748,-1091,1103
3748,-1091,1103
3751,-1089,1103
3753,-1085,1105
3756,-1085,1100
3760,-1083,1098
3760,-1084,1100
3759,-1085,1106
3762,-1084,1106
3765,-1083,1109
3763,-1081,1114
3757,-1085,1122
3758,-1086,1125
3757,-1089,1128
3755,-1091,1133
3757,-1097,1133
3758,-1101,1132
3760,-1103,1130
3760,-1104,1127
3759,-1104,1123
3759,-1105,1122
3756,-1105,1119
3755,-1103,1118
3754,-1101,1118
3750,-1098,1123
3749,-1098,1116
3750,-1096,1111
3754,-1097,1109
3753,-1096,1108
3753,-1091,1101
3759,-1091,1100
3764,-1090,1105
3764,-1086,1104
3766,-1084,1103
3766,-1086,1100
3767,-1089,1099
3771,-1088,1100
3772,-1088,1102
3775,-1087,1102
3779,-1092,1103
3778,-1089,1100
3779,-1088,1101
3778,-1084,1098
3775,-1083,1098
3768,-1087,1099
3765,-1087,1101
3762,-1087,1098
3757,-1093,1101
3757,-1093,1109
3756,-1095,1112
3759,-1103,1108
3759,-1108,1112
3758,-1109,1113
3760,-1111,1112
3756,-1110,1105
3754,-1110,1100
3748,-1114,1095
3744,-1112,1099
3740,-1109,1098
3738,-1111,1094
3736,-1113,1092
3733,-1112,1097
3735,-1113,1104
3739,-1110,1105
3743,-1111,1103
3749,-1114,1102
3754,-1121,1101
3754,-1121,1104
3758,-1121,1106
3764,-1125,1106
3764,-1125,1107
3762,-1129,1105
3761,-1125,1105
3761,-1123,1101
3760,-1126,1102
3758,-1120,1099
3758,-1110,1105
3756,-1107,1106
3755,-1104,1110
3758,-1100,1114
3759,-1098,1115
3759,-1095,1117
3758,-1092,1117
3762,-1094,1116
3763,-1093,1115
3763,-1092,1117
3761,-1093,1118
3761,-1096,1118
3764,-1096,1123
3761,-1098,1120
3758,-1094,1120
3759,-1092,1123
3760,-1088,1121
3761,-1092,1124
3762,-1086,1121
3760,-1084,1116
3762,-1082,1113
3765,-1077,1115
3763,-1072,1112
3758,-1072,1111
3752,-1078,1108
3750,-1082,1107
3742,-1086,1106
3741,-1088,1109
3744,-1091,1111
3746,-1091,1116
3748,-1093,1117
3757,-1093,1117
3762,-1093,1114
3769,-1092,1113
3779,-1091,1110
3784,-1089,1111
3783,-1087,1111
3774,-1088,1113
3769,-1087,1112
3767,-1093,1115
3769,-1098,1114
3773,-1102,1119
3777,-1101,1122
3777,-1097,1126
3774,-1096,1128
3762,-1092,1132
3752,-1093,1130
3741,-1096,1125
3735,-1093,1121
3733,-1092,1112
3735,-1089,1108
3741,-1091,1104
3748,-1092,1099
3752,-1095,1095
3755,-1095,1094
3754,-1092,1096
3756,-1092,1093
3757,-1090,1087
3759,-1088,1086
3763,-1086,1087
3766,-1083,1084
3768,-1084,1085
3769,-1087,1082
3772,-1090,1082
3775,-1090,1082
3776,-1090,1087
3776,-1091,1089
3769,-1085,1094
3763,-1085,1095
3760,-1080,1098
3759,-1078,1105
3757,-1078,1113
3754,-1081,1110
3754,-1088,1109
3756,-1092,1103
3757,-1094,1106
3761,-1099,1103
3765,-1107,1102
3767,-1118,1099
3768,-1123,1097
3767,-1122,1096
3762,-1124,1096
3758,-1119,1095
3756,-1115,1100
3758,-1110,1105
3756,-1109,1103
3756,-1105,1103
3758,-1107,1102
3759,-1109,1108
3760,-1108,1113
3759,-1108,1113
3755,-1112,1110
3754,-1116,1113
3757,-1117,1113
3755,-1118,1117
3755,-1116,1118
3755,-1116,1117
3756,-1110,1117
3757,-1105,1119
3761,-1098,1121
3762,-1095,1125
3763,-1093,1121
3758,-1090,1117
3754,-1090,1112
3752,-1088,1113
3750,-1090,1113
3743,-1089,1109
3743,-1090,1113
3743,-1086,1115
3743,-1091,1119
3744,-1089,1118
3748,-1093,1118
3749,-1092,1120
3755,-1094,1120
3758,-1095,1127
3760,-1093,1129
3764,-1097,1130
3771,-1099,1134
3771,-1097,1134
3774,-1095,1131
3774,-1094,1127
3766,-1092,1124
3764,-1089,1122
3762,-1088,1119
3767,-1087,1116
3763,-1085,1115
3760,-1083,1113
3754,-1081,1112
3750,-1077,1113
3739,-1075,1106
3733,-1076,1103
3729,-1075,1105
3725,-1073,1104
3723,-1077,1109
3721,-1080,1108
3724,-1083,1107
3722,-1085,1106
3727,-1088,1105
3730,-1089,1102
3736,-1094,1101
3740,-1097,1100
3746,-1102,1103
3756,-1101,1105
3766,-1103,1111
3771,-1109,1110
3775,-1113,1110
3777,-1118,1105
3782,-1119,1106
3780,-1119,1108
3783,-1122,1113
3782,-1119,1116
3779,-1117,1113
3773,-1115,1110
3770,-1114,1112
3768,-1114,1114
3767,-1114,1113
3763,-1114,1111
3762,-1118,1109
3761,-1115,1111
3760,-1113,1114
3764,-1115,1115
3764,-1113,1113
3762,-1111,1113
3764,-1105,1115
3763,-1104,1114
3762,-1099,1117
3761,-1099,1123
3758,-1094,1125
3757,-1096,1120
3756,-1097,1117
3751,-1096,1111
3748,-1093,1108
3750,-1094,1107
3753,-1096,1111
3757,-1099,1113
3758,-1099,1110
3762,-1102,1104
3760,-1102,1103
3762,-1104,1103
3767,-1102,1104
3769,-1099,1107
3769,-1096,1104
3763,-1094,1101
3763,-1090,1100
3761,-1082,1104
3757,-1082,1105
3755,-1080,1102
3754,-1082,1102
3754,-1083,1100
3757,-1087,1101
3760,-1086,1103
3763,-1088,1106
3761,-1093,1112
3760,-1095,1110
3759,-1097,1107
3758,-1096,1107
3764,-1093,1110
3767,-1092,1112
3766,-1088,1109
3765,-1085,1106
3761,-1079,1103
3757,-1073,1101
3755,-1065,1103
3754,-1059,1105
3761,-1055,1103
3767,-1052,1106
3776,-1046,1104
3781,-1045,1103
3783,-1052,1101
3783,-1058,1100
3788,-1067,1109
3790,-1072,1107
3780,-1077,1109
3768,-1080,1115
3759,-1076,1123
3751,-1075,1125
3745,-1074,1126
3738,-1071,1125
3746,-1066,1125
3751,-1064,1134
3757,-1067,1139
3764,-1068,1144
3769,-1076,1149
3772,-1087,1148
3772,-1104,1148
3775,-1110,1151
3776,-1110,1152
3774,-1110,1153
3770,-1105,1153
3761,-1100,1152
3752,-1094,1153
3747,-1086,1150
3740,-1081,1144
3738,-1075,1139
3735,-1069,1138
3738,-1062,1141
3740,-1057,1138
3742,-1057,1134
3745,-1060,1129
3745,-1067,1126
3743,-1070,1126
3747,-1074,1125
3749,-1078,1120
3751,-1078,1115
3754,-1079,1114
3757,-1082,1112
3762,-1084,1107
3764,-1084,1103
3762,-1082,1102
3765,-1082,1098
3762,-1082,1098
3762,-1081,1100
3765,-1081,1104
3762,-1077,1107
3763,-1080,1111
3763,-1085,1113
3762,-1090,1120
3760,-1092,1121
3760,-1097,1123
3761,-1103,1124
3759,-1107,1122
3754,-1110,1121
3752,-1107,1121
3751,-1104,1122
3752,-1100,1118
3751,-1100,1121
3749,-1097,1123
3752,-1091,1128
3756,-1088,1129
3755,-1084,1129
3759,-1091,1127
3757,-1094,1125
3758,-1099,1126
3762,-1104,1127
3761,-1109,1133
3761,-1115,1136
3761,-1117,1134
3757,-1122,1138
3756,-1124,1141
3755,-1124,1140
3751,-1123,1131
3747,-1114,1129
3746,-1108,1129
3745,-1102,1131
3746,-1092,1133
3742,-1090,1135
3741,-1086,1143
3737,-1083,1146
3739,-1079,1148
3734,-1077,1148
3733,-1075,1147
3739,-1074,1148
3741,-1076,1149
3742,-1076,1151
3743,-1074,1152
3747,-1078,1152
3747,-1080,1150
3743,-1082,1148
3738,-1082,1145
3736,-1080,1144
3736,-1079,1147
3743,-1077,1149
3747,-1076,1152
3748,-1074,1155
3747,-1073,1154
3745,-1072,1154
3746,-1074,1146
3749,-1074,1144
3747,-1074,1141
3744,-1072,1142
3743,-1069,1142
3740,-1068,1139
3742,-1069,1138
3741,-1068,1136
3744,-1069,1134
3745,-1064,1135
3745,-1065,1136
3745,-1067,1134
3740,-1067,1130
3743,-1071,1131
3749,-1072,1137
3755,-1074,1141
3757,-1071,1144
3757,-1074,1144
3756,-1079,1139
3752,-1080,1142
3752,-1080,1137
3754,-1084,1140
3756,-1089,1140
3757,-1091,1140
3757,-1095,1134
3759,-1096,1132
3765,-1096,1134
3764,-1094,1137
3766,-1094,1134
3771,-1096,1132
3776,-1099,1129
3775,-1098,1126
3776,-1098,1124
3771,-1100,1120
3766,-1101,1118
3760,-1097,1118
3753,-1094,1120
3748,-1096,1119
3748,-1094,1118
3747,-1091,1124
3746,-1092,1129
3742,-1091,1131
3736,-1094,1127
3732,-1098,1123
3730,-1098,1128
3730,-1095,1131
3734,-1095,1135
3736,-1096,1138
3742,-1104,1140
3745,-1105,1134
3746,-1108,1134
3745,-1109,1129
3742,-1108,1127
3746,-1107,1130
3746,-1102,1134
3750,-1100,1137
3752,-1099,1137
3757,-1092,1136
3757,-1090,1136
3757,-1086,1135
3755,-1082,1133
3755,-1077,1133
3754,-1076,1133
3752,-1074,1137
3753,-1075,1137
3754,-1073,1141
3759,-1079,1145
3765,-1079,1147
3764,-1084,1144
3761,-1087,1143
3761,-1087,1145
3760,-1085,1149
3759,-1089,1148
3762,-1087,1143
3762,-1084,1143
3760,-1079,1143
3764,-1076,1147
3764,-1077,1145
3762,-1075,1143
3761,-1078,1138
3763,-1080,1134
3759,-1079,1133
3756,-1080,1131
3751,-1077,1128
3747,-1079,1129
3744,-1074,1132
3745,-1070,1134
3745,-1070,1139
3742,-1068,1137
3738,-1064,1130
3737,-1059,1127
3736,-1059,1126
3742,-1057,1119
3744,-1065,1116
3747,-1071,1112
3748,-1078,1115
3747,-1086,1120
3747,-1085,1125
3745,-1086,1131
3743,-1088,1138
3747,-1088,1137
3753,-1091,1136
3755,-1092,1134
3765,-1097,1133
3769,-1098,1130
3775,-1099,1128
3771,-1102,1130
3771,-1107,1134
3766,-1117,1127
3759,-1119,1128
3762,-1122,1128
3769,-1114,1132
3773,-1113,1132
3773,-1111,1125
3779,-1114,1122
3789,-1118,1121
3793,-1118,1122
3797,-1116,1122
3800,-1111,1128
3799,-1108,1133
3790,-1106,1141
3778,-1108,1144
3766,-1108,1147
3749,-1106,1151
3727,-1100,1150
3706,-1097,1144
3694,-1091,1135
3686,-1083,1135
3688,-1074,1135
3696,-1068,1134
3705,-1066,1136
3717,-1058,1133
3729,-1063,1133
3743,-1063,1136
3752,-1061,1137
3761,-1069,1133
3768,-1078,1126
3768,-1082,1123
3766,-1086,1125
3764,-1087,1128
3761,-1082,1132
3758,-1087,1130
3747,-1089,1128
3743,-1082,1129
3740,-1075,1138
3743,-1068,1138
3736,-1065,1138
3732,-1063,1140
3736,-1060,1143
3736,-1053,1148
3741,-1050,1143
3745,-1051,1142
3751,-1054,1141
3756,-1055,1141
3761,-1060,1141
3767,-1066,1138
3769,-1068,1141
3771,-1074,1137
3769,-1077,1133
3769,-1079,1133
3765,-1078,1139
3764,-1077,1144
3762,-1077,1146
3760,-1075,1147
3759,-1075,1146
3761,-1071,1148
3759,-1071,1148
3763,-1072,1155
3759,-1070,1153
3759,-1069,1151
3757,-1069,1147
3758,-1070,1143
3754,-1073,1139
3754,-1076,1132
3749,-1079,1135
3749,-1083,1131
3748,-1083,1133
3743,-1082,1129
3741,-1080,1132
3742,-1078,1129
3745,-1077,1131
3740,-1079,1131
3739,-1079,1131
3741,-1081,1132
3743,-1082,1133
3745,-1084,1135
3750,-1084,1140
3751,-1087,1142
3754,-1087,1142
3755,-1086,1140
3751,-1090,1132
3750,-1093,1132
3749,-1093,1130
3748,-1095,1128
3750,-1101,1131
3753,-1102,1137
3756,-1102,1140
3760,-1102,1142
3763,-1096,1136
3761,-1094,1132
3761,-1090,1131
3764,-1086,1130
3766,-1085,1130
3767,-1080,1127
3767,-1083,1129
3765,-1082,1130
3763,-1082,1128
3759,-1080,1125
3762,-1080,1126
3762,-1082,1126
3767,-1081,1124
3770,-1081,1124
3772,-1078,1128
3776,-1075,1127
3774,-1075,1124
3768,-1072,1121
3763,-1067,1118
3760,-1061,1118
3758,-1062,1121
3753,-1061,1117
3749,-1062,1115
3752,-1064,1118
3754,-1065,1123
3754,-1068,1122
3755,-1069,1119
3755,-1068,1123
3755,-1067,1126
3760,-1067,1126
3760,-1067,1129
3764,-1070,1128
3766,-1067,1131
3768,-1068,1131
3766,-1070,1132
3769,-1067,1134
3765,-1067,1133
3765,-1069,1133
3769,-1070,1134
3769,-1068,1133
3767,-1066,1129
3764,-1062,1127
3762,-1060,1126
3760,-1057,1125
3756,-1055,1122
3752,-1053,1126
3753,-1052,1128
3753,-1053,1133
3752,-1052,1134
3754,-1054,1133
3755,-1059,1142
3757,-1061,1147
3758,-1065,1144
3759,-1067,1143
3757,-1066,1142
3757,-1068,1142
3759,-1071,1142
3761,-1074,1139
3760,-1071,1135
3758,-1070,1131
3759,-1068,1131
3759,-1062,1134
3757,-1058,1133
3756,-1058,1127
3755,-1060,1126
3755,-1057,1126
3755,-1058,1127
3757,-1060,1129
3755,-1062,1130
3756,-1061,1133
3757,-1056,1131
3756,-1055,1128
3760,-1055,1127
3762,-1055,1125
3765,-1057,1126
3769,-1056,1124
3773,-1058,1128
3780,-1068,1131
3778,-1070,1131
3774,-1078,1128
3765,-1084,1128
3759,-1088,1128
3750,-1088,1129
3750,-1082,1132
3756,-1078,1135
3756,-1070,1138
3758,-1068,1139
3760,-1063,1138
3760,-1061,1138
3763,-1064,1137
3763,-1062,1131
3760,-1067,1131
3756,-1073,1132
3756,-1079,1135
3757,-1085,1137
3761,-1094,1135
3767,-1097,1135
3774,-1098,1141
3776,-1095,1144
3776,-1092,1143
3772,-1090,1142
3766,-1086,1141
3760,-1080,1140
3757,-1081,1135
3757,-1078,1134
3755,-1070,1133
3756,-1067,1133
3755,-1064,1124
3754,-1061,1124
3751,-1055,1120
3751,-1057,1124
3750,-1052,1122
3747,-1053,1126
3744,-1054,1130
3745,-1055,1131
3744,-1058,1128
3747,-1058,1124
3749,-1056,1123
3750,-1055,1119
3752,-1053,1121
3755,-1051,1118
3760,-1050,1122
3761,-1051,1127
3758,-1050,1131
3757,-1054,1137
3757,-1056,1137
3759,-1057,1138
3760,-1063,1140
3758,-1066,1137
3759,-1068,1136
3758,-1070,1135
3760,-1075,1137
3760,-1078,1139
3756,-1078,1136
3756,-1074,1139
3758,-1070,1139
3759,-1067,1137
3764,-1064,1136
3765,-1062,1137
3767,-1061,1138
3771,-1063,1134
3772,-1065,1132
3774,-1069,1131
3773,-1068,1133
3768,-1076,1137
3765,-1079,1140
3763,-1084,1141
3759,-1084,1140
3754,-1085,1137
3746,-1085,1136
3742,-1082,1136
3740,-1079,1138
3746,-1077,1148
3748,-1071,1145
3751,-1069,1144
3753,-1066,1138
3753,-1063,1132
3755,-1064,1133
3756,-1065,1132
3759,-1065,1127
3760,-1069,1125
3758,-1072,1128
3755,-1070,1130
3756,-1073,1127
3748,-1075,1128
3744,-1077,1129
3748,-1079,1130
3749,-1079,1134
3745,-1081,1136
3749,-1080,1141
3751,-1078,1139
3755,-1075,1140
3755,-1073,1141
3758,-1076,1142
3759,-1079,1140
3757,-1080,1142
3759,-1080,1142
3763,-1084,1141
3757,-1080,1139
3754,-1080,1138
3752,-1077,1139
3753,-1076,1140
3752,-1076,1141
3753,-1073,1137
3749,-1073,1137
3745,-1069,1137
3743,-1068,1136
3746,-1066,1135
3746,-1069,1134
3744,-1065,1134
3748,-1065,1137
3748,-1067,1134
3747,-1067,1131
3750,-1064,1133
3751,-1067,1133
3756,-1072,1135
3758,-1073,1138
3762,-1074,1140
3767,-1076,1143
3768,-1077,1139
3765,-1083,1138
3767,-1080,1140
3772,-1080,1139
3774,-1079,1142
3773,-1079,1145
3767,-1080,1145
3764,-1077,1140
3766,-1074,1143
3765,-1070,1145
3761,-1069,1146
3760,-1069,1144
3764,-1070,1144
3760,-1067,1145
3756,-1065,1147
3756,-1067,1149
3754,-1066,1146
3748,-1065,1143
3747,-1061,1141
3739,-1062,1137
3736,-1061,1137
3737,-1059,1139
3742,-1059,1140
3745,-1060,1142
3748,-1064,1139
3749,-1064,1141
3751,-1069,1143
3752,-1071,1147
3756,-1077,1148
3756,-1077,1145
3756,-1083,1145
3757,-1087,1146
3758,-1091,1144
3759,-1095,1143
3757,-1093,1144
3754,-1094,1144
3751,-1093,1141
3750,-1090,1136
3751,-1092,1143
3754,-1090,1145
3755,-1086,1143
3753,-1084,1136
3751,-1079,1138
3751,-1076,1139
3752,-1078,1134
3754,-1077,1132
3755,-1075,1135
3755,-1074,1135
3754,-1074,1138
3751,-1070,1138
3752,-1072,1136
3746,-1073,1136
3740,-1071,1131
3743,-1072,1130
3743,-1069,1132
3744,-1069,1128
3748,-1077,1127
3747,-1081,1123
3747,-1082,1122
3746,-1078,1123
3746,-1074,1122
3740,-1069,1125
3742,-1060,1128
3749,-1054,1132
3755,-1053,1133
3762,-1050,1136
3769,-1050,1138
3775,-1049,1143
3776,-1049,1145
3770,-1058,1153
3768,-1066,1153
3765,-1071,1156
3762,-1078,1159
3765,-1081,1164
3771,-1085,1165
3772,-1085,1165
3770,-1086,1161
3768,-1085,1159
3765,-1084,1151
3763,-1084,1142
3762,-1076,1142
3760,-1070,1138
3757,-1065,1141
3761,-1061,1145
3761,-1056,1143
3759,-1056,1139
3753,-1058,1133
3749,-1059,1131
3742,-1056,1126
3738,-1059,1125
3736,-1063,1128
3742,-1064,1130
3744,-1060,1130
3749,-1066,1135
3752,-1065,1135
3755,-1065,1134
3759,-1067,1131
3763,-1067,1133
3761,-1067,1138
3764,-1069,1137
3764,-1068,1136
3768,-1069,1131
3762,-1074,1130
3757,-1073,1130
3755,-1072,1128
3750,-1074,1126
3752,-1074,1131
3747,-1073,1132
3750,-1076,1130
3746,-1075,1132
3746,-1075,1134
3747,-1077,1136
3746,-1076,1136
3749,-1075,1139
3751,-1073,1135
3755,-1072,1137
3760,-1072,1139
3759,-1072,1138
3759,-1076,1135
3762,-1081,1135
3762,-1086,1134
3762,-1085,1134
3766,-1089,1136
3762,-1095,1134
3759,-1098,1136
3757,-1098,1132
3758,-1095,1132
3757,-1092,1133
3759,-1090,1128
3753,-1088,1126
3754,-1084,1126
3752,-1077,1126
3756,-1073,1128
3758,-1072,1125
3759,-1071,1123
3757,-1070,1120
3755,-1068,1119
3754,-1068,1116
3756,-1073,1117
3756,-1078,1119
3758,-1082,1124
3758,-1084,1128
3760,-1084,1129
3758,-1089,1128
3760,-1094,1126
3763,-1094,1125
3764,-1093,1126
3765,-1093,1126
3762,-1091,1126
3762,-1087,1127
3762,-1087,1130
3760,-1083,1129
3760,-1085,1128
3757,-1083,1129
3757,-1081,1129
3759,-1078,1132
3755,-1075,1133
3753,-1073,1133
3754,-1072,1135
3757,-1072,1136
3753,-1072,1138
3755,-1073,1135
3755,-1074,1133
3753,-1075,1131
3752,-1068,1131
3750,-1068,1130
3753,-1067,1131
3755,-1069,1131
3754,-1071,1133
3754,-1071,1130
3758,-1075,1130
3760,-1077,1130
3761,-1079,1132
3762,-1085,1129
3764,-1085,1130
3765,-1085,1127
3765,-1084,1127
3767,-1084,1126
3760,-1082,1127
3757,-1079,1126
3758,-1077,1125
3756,-1077,1125
3750,-1076,1126
3747,-1074,1126
3749,-1077,1127
3748,-1076,1126
3747,-1074,1127
3748,-1074,1127
3749,-1080,1131
3750,-1083,1131
3751,-1083,1131
3752,-1086,1132
3750,-1087,1129
3754,-1091,1129
3756,-1091,1132
3760,-1085,1134
3762,-1081,1131
3762,-1079,1131
3760,-1081,1127
3763,-1083,1132
3764,-1082,1132
3762,-1079,1131
3760,-1074,1132
3763,-1070,1132
3760,-1067,1133
3759,-1066,1136
3756,-1068,1137
3751,-1067,1137
3747,-1067,1131
3742,-1067,1132
3743,-1070,1135
3749,-1071,1136
3755,-1073,1138
3756,-1077,1138
3758,-1080,1140
3763,-1082,1139
3767,-1088,1138
3767,-1087,1133
3765,-1088,1129
3764,-1087,1128
3764,-1083,1128
3762,-1081,1130
3761,-1079,1133
3757,-1080,1136
3755,-1078,1137
3753,-1076,1140
3755,-1076,1136
3754,-1077,1138
3751,-1079,1140
3748,-1077,1138
3745,-1080,1141
3751,-1078,1140
3753,-1072,1140
3746,-1073,1138
3747,-1074,1138
3746,-1069,1137
3746,-1065,1136
3755,-1067,1136
3760,-1065,1131
3763,-1066,1131
3761,-1067,1128
3763,-1072,1125
3759,-1072,1121
3756,-1074,1122
3751,-1076,1125
3743,-1078,1128
3735,-1078,1129
3739,-1079,1132
3739,-1076,1138
3747,-1075,1140
3753,-1071,1139
3756,-1068,1136
3763,-1065,1137
3762,-1065,1138
3762,-1069,1137
3763,-1076,1141
3764,-1081,1143
3769,-1089,1150
3777,-1092,1152
3781,-1094,1151
3788,-1095,1146
3787,-1092,1143
3786,-1088,1137
3778,-1083,1135
3765,-1078,1133
3757,-1073,1132
3751,-1068,1125
3750,-1061,1122
3752,-1058,1120
3752,-1059,1120
3754,-1067,1118
3754,-1075,1117
3755,-1079,1114
3752,-1080,1116
3755,-1077,1116
3754,-1072,1111
3753,-1073,1109
3753,-1071,1107
3755,-1065,1106
3757,-1062,1103
3760,-1063,1103
3757,-1064,1110
3756,-1066,1112
3751,-1064,1109
3751,-1064,1109
3753,-1066,1112
3753,-1066,1113
3751,-1063,1114
3755,-1066,1115
3755,-1065,1120
3754,-1063,1121
3751,-1064,1120
3750,-1064,1121
3751,-1061,1127
3757,-1062,1134
3766,-1063,1142
3774,-1065,1146
3780,-1069,1148
3784,-1071,1143
3788,-1073,1138
3797,-1080,1135
3804,-1081,1138
3809,-1081,1135
3804,-1079,1130
3796,-1080,1122
3786,-1085,1111
3774,-1083,1110
3770,-1079,1103
3770,-1077,1104
3762,-1074,1108
3760,-1071,1109
3759,-1066,1112
3754,-1059,1112
3751,-1051,1118
3752,-1042,1121
3748,-1040,1124
3748,-1038,1128
3751,-1035,1132
3754,-1036,1134
3757,-1038,1136
3762,-1045,1135
3766,-1049,1134
3763,-1052,1133
3762,-1055,1132
3759,-1057,1133
3752,-1058,1130
3740,-1060,1131
3736,-1058,1130
3734,-1059,1128
3734,-1055,1129
3740,-1054,1130
3739,-1054,1131
3747,-1054,1133
3748,-1051,1135
3750,-1052,1137
3752,-1047,1137
3756,-1048,1135
3757,-1050,1134
3756,-1052,1135
3759,-1053,1134
3765,-1054,1133
3766,-1060,1132
3766,-1061,1128
3764,-1066,1125
3763,-1062,1130
3762,-1064,1130
3760,-1066,1127
3762,-1066,1130
3768,-1063,1131
3770,-1064,1130
3768,-1064,1132
3773,-1066,1132
3773,-1066,1132
3777,-1066,1131
3778,-1068,1126
3780,-1070,1127
3778,-1071,1122
3774,-1069,1118
3772,-1066,1118
3773,-1064,1118
3770,-1065,1113
3766,-1062,1113
3765,-1058,1111
3763,-1058,1110
3760,-1059,1109
3757,-1064,1109
3757,-1067,1112
3755,-1069,1114
3753,-1074,1113
3753,-1078,1114
3752,-1082,1114
3749,-1084,1115
3751,-1087,1116
3752,-1088,1120
3755,-1091,1125
3755,-1093,1127
3757,-1093,1133
3761,-1093,1134
3759,-1093,1130
3760,-1088,1129
3763,-1084,1127
3763,-1082,1123
3762,-1082,1124
3762,-1084,1122
3761,-1083,1121
3761,-1085,1119
3758,-1079,1121
3762,-1079,1118
3762,-1077,1115
3760,-1075,1115
3762,-1073,1115
3761,-1072,1117
3760,-1072,1115
3759,-1071,1113
3762,-1069,1117
3765,-1071,1118
3761,-1071,1120
3760,-1074,1118
3764,-1073,1118
3768,-1076,1120
3772,-1076,1120
3774,-1077,1124
3776,-1081,1125
3773,-1081,1126
3772,-1083,1122
3770,-1081,1120
3765,-1078,1120
3759,-1074,1120
3758,-1072,1119
3758,-1072,1120
3755,-1071,1119
3754,-1070,1124
3758,-1069,1128
3758,-1068,1124
3757,-1067,1118
3759,-1068,1113
3760,-1068,1113
3763,-1067,1111
3764,-1072,1111
3764,-1073,1109
3758,-1072,1110
3756,-1079,1110
3748,-1082,1110
3745,-1084,1116
3745,-1083,1121
3748,-1080,1128
3746,-1078,1131
3748,-1076,1132
3755,-1074,1132
3756,-1072,1126
3759,-1070,1125
3768,-1072,1129
3766,-1074,1130
3765,-1080,1139
3767,-1092,1139
3769,-1099,1145
3772,-1104,1149
3769,-1108,1149
3768,-1102,1149
3765,-1097,1146
3761,-1089,1146
3756,-1078,1142
3749,-1073,1143
3743,-1068,1139
3741,-1064,1140
3746,-1060,1138
3751,-1057,1135
3751,-1057,1132
3754,-1055,1131
3757,-1059,1127
3759,-1062,1127
3754,-1068,1126
3751,-1067,1126
3752,-1066,1125
3755,-1068,1125
3753,-1072,1129
3755,-1070,1129
3760,-1070,1129
3762,-1068,1126
3760,-1065,1123
3761,-1062,1121
3762,-1058,1123
3762,-1058,1128
3759,-1057,1127
3757,-1059,1128
3756,-1062,1129
3758,-1062,1130
3760,-1065,1134
3759,-1070,1131
3761,-1074,1128
3758,-1071,1127
3757,-1070,1124
3755,-1071,1127
3748,-1067,1128
3748,-1064,1130
3746,-1062,1131
3747,-1063,1135
3749,-1064,1137
3752,-1066,1134
3753,-1068,1132
3759,-1072,1132
3759,-1075,1131
3758,-1080,1132
3756,-1085,1133
3758,-1088,1133
3763,-1090,1132
3768,-1097,1134
3769,-1101,1136
3775,-1101,1134
3776,-1100,1135
3780,-1096,1138
3776,-1097,1138
3769,-1098,1134
3767,-1093,1131
3763,-1090,1127
3759,-1087,1127
3756,-1089,1125
3755,-1088,1119
3747,-1087,1115
3745,-1084,1115
3745,-1085,1117
3745,-1084,1118
3747,-1080,1120
3746,-1081,1122
3745,-1080,1124
3743,-1085,1126
3746,-1090,1130
3742,-1094,1130
3746,-1098,1134
3746,-1101,1137
3749,-1107,1137
3748,-1111,1136
3748,-1109,1138
3750,-1115,1134
3754,-1111,1133
3756,-1108,1132
3752,-1108,1134
3754,-1105,1137
3754,-1106,1137
3753,-1099,1138
3756,-1097,1136
3755,-1095,1138
3756,-1091,1139
3756,-1087,1140
3753,-1083,1144
3755,-1079,1144
3755,-1080,1145
3752,-1080,1144
3750,-1080,1143
3751,-1082,1140
3752,-1081,1143
3752,-1081,1144
3755,-1086,1145
3756,-1084,1142
3757,-1085,1138
3756,-1080,1133
3758,-1074,1135
3757,-1073,1135
3756,-1070,1134
3754,-1069,1134
3752,-1068,1137
3754,-1069,1139
3756,-1069,1143
3758,-1071,1146
3758,-1074,1148
3754,-1077,1145
3751,-1076,1139
3748,-1078,1137
3746,-1079,1135
3747,-1077,1140
3747,-1076,1140
3749,-1074,1137
