-1707,-2038,387
-1850,-2016,441
-1977,-1972,502
-2075,-1902,555
-2159,-1811,577
-2226,-1713,564
-2269,-1599,521
-2270,-1469,460
-2223,-1316,388
-2118,-1141,332
-1954,-957,294
-1743,-772,281
-1485,-602,284
-1194,-456,291
-884,-343,296
-569,-263,306
-268,-223,319
11,-207,334
278,-207,348
517,-220,361
722,-234,362
882,-245,349
1005,-258,329
1091,-274,286
1152,-284,231
1189,-290,161
1210,-298,90
1220,-312,31
1222,-329,-13
1210,-351,-37
1189,-372,-53
1162,-384,-68
1131,-386,-77
1095,-373,-79
1073,-349,-80
1067,-314,-80
1073,-267,-73
1095,-215,-62
1115,-164,-54
1128,-104,-51
1131,-34,-53
1124,42,-54
1096,119,-52
1062,195,-46
1022,269,-36
990,339,-28
971,416,-22
972,498,-26
984,575,-27
999,643,-31
1014,710,-30
1000,780,-29
955,833,-23
866,891,-8
721,940,0
525,986,-8
291,1047,-40
60,1138,-82
-138,1245,-129
-313,1337,-156
-460,1382,-153
-565,1390,-123
-605,1380,-66
-559,1370,0
-436,1356,62
-246,1316,96
-22,1196,100
235,949,76
510,582,29
769,138,-24
981,-312,-76
1111,-728,-129
1160,-1087,-197
1130,-1382,-269
1031,-1605,-327
845,-1736,-362
583,-1752,-348
244,-1662,-287
-163,-1475,-186
-632,-1198,-61
-1084,-857,85
-1424,-487,262
-1654,-125,431
-1805,215,590
-1893,554,743
-1901,881,907
-1797,1149,1070
-1562,1272,1210
-1200,1206,1310
-731,909,1345
-213,387,1273
332,-254,1078
883,-885,800
1372,-1393,514
1752,-1706,271
2044,-1859,71
2291,-1903,-86
2517,-1849,-223
2708,-1697,-330
2832,-1426,-402
2866,-1040,-435
2799,-576,-445
2662,-108,-454
2489,315,-466
2352,674,-469
2275,962,-449
2251,1177,-393
2241,1323,-303
2210,1413,-190
2138,1462,-69
2016,1469,34
1858,1418,114
1664,1309,154
1447,1137,168
1232,908,188
1063,638,212
966,362,232
925,113,248
932,-86,267
965,-240,276
1013,-351,274
1069,-413,271
1133,-436,271
1206,-416,268
1288,-360,265
1387,-275,251
1511,-174,233
1656,-65,213
1815,59,200
1978,195,187
2136,339,174
2287,466,162
2416,567,160
2522,646,164
2588,705,170
2628,756,178
2651,798,179
2659,831,169
2642,852,155
2598,849,141
2521,816,136
2424,765,137
2304,692,147
2163,591,166
1996,448,196
1791,279,242
1567,130,293
1353,14,332
1165,-72,360
1021,-159,383
916,-262,407
835,-365,434
768,-463,461
708,-544,480
668,-614,485
647,-670,478
634,-718,467
630,-758,457
619,-768,442
592,-761,426
561,-728,401
527,-671,375
498,-597,354
484,-518,330
494,-447,304
521,-382,277
550,-326,256
571,-275,231
575,-210,199
554,-152,165
522,-98,128
497,-55,93
487,-13,52
501,17,3
521,39,-47
541,61,-105
564,68,-168
585,58,-228
587,36,-279
572,13,-315
533,-2,-339
481,-8,-367
414,-11,-384
327,-15,-381
228,-17,-367
130,-11,-346
30,7,-322
-61,17,-290
-136,15,-264
-198,-1,-241
-230,3,-238
-217,8,-251
-158,5,-270
-50,5,-288
105,-2,-297
288,-14,-296
461,-37,-290
611,-80,-287
711,-136,-286
753,-209,-284
763,-280,-284
744,-349,-290
710,-419,-290
667,-491,-297
620,-555,-303
585,-619,-311
554,-671,-317
544,-708,-319
561,-722,-320
609,-706,-330
718,-659,-345
903,-592,-371
1175,-499,-405
1512,-394,-440
1871,-297,-460
2175,-223,-464
2382,-160,-475
2472,-111,-480
2475,-78,-471
2416,-74,-432
2283,-114,-364
2087,-202,-270
1815,-327,-164
1482,-472,-69
1121,-605,15
757,-720,107
407,-813,200
84,-887,274
-197,-950,335
-435,-994,378
-614,-1020,412
-727,-1026,435
-787,-1008,455
-800,-965,474
-783,-892,496
-756,-794,530
-739,-673,560
-749,-531,579
-776,-379,588
-814,-224,593
-847,-80,590
-856,53,579
-819,178,571
-738,284,565
-622,368,562
-492,435,558
-351,489,554
-219,530,543
-101,557,521
8,582,487
104,605,446
178,625,397
230,637,345
275,627,290
313,598,228
349,551,172
388,491,117
424,432,78
451,383,49
466,342,14
479,310,-30
501,289,-75
530,286,-131
556,290,-178
572,302,-221
568,324,-259
543,356,-292
495,396,-323
425,450,-348
347,526,-368
277,609,-370
218,690,-362
183,774,-340
177,861,-298
200,966,-233
247,1078,-144
298,1189,-35
345,1294,98
372,1376,246
370,1436,386
342,1471,504
301,1472,600
250,1436,668
198,1356,702
152,1227,717
117,1052,711
93,843,693
70,607,669
53,350,648
36,88,622
-4,-183,593
-85,-478,566
-215,-791,531
-392,-1116,491
-609,-1440,451
-888,-1747,411
-1239,-2008,375
-1687,-2196,339
-2225,-2310,289
-2828,-2364,173
-3386,-2372,-47
-3792,-2341,-363
-4034,-2274,-676
-4136,-2133,-866
-4047,-1854,-920
-3711,-1412,-926
-3088,-825,-933
-2185,-143,-955
-1022,514,-970
295,1044,-948
1536,1366,-868
2364,1431,-733
2553,1222,-639
2264,1231,-662
1798,1977,-677
1715,3684,-557
2701,5446,-527
4572,5901,-887
6237,5090,-1409
6934,3731,-1812
6549,2149,-2033
5273,459,-2065
3533,-1178,-1930
1842,-2607,-1684
592,-3706,-1398
-93,-4462,-1111
-366,-4943,-839
-434,-5222,-631
-465,-5287,-492
-568,-5097,-423
-836,-4618,-422
-1296,-3821,-465
-1826,-2624,-513
-2289,-1114,-494
-2578,456,-372
-2666,1915,-147
-2626,3206,170
-2528,4325,530
-2425,5235,836
-2553,5550,1008
-2910,5202,1004
-3194,4516,896
-3236,3686,783
-2968,2771,711
-2424,1817,666
-1672,835,605
-811,-142,488
46,-1092,292
828,-1950,43
1460,-2634,-187
1920,-3149,-402
2250,-3508,-615
2545,-3732,-851
2864,-3826,-1095
3184,-3767,-1309
3478,-3556,-1442
3707,-3174,-1463
3826,-2623,-1355
3757,-1929,-1126
3481,-1148,-848
3078,-413,-652
2677,154,-608
2270,532,-664
1815,749,-738
1272,856,-732
459,948,-515
-608,1193,-120
-1734,1689,371
-2694,2413,945
-3352,3255,1483
-3667,3976,1820
-3645,4357,1920
-3210,4273,1861
-2313,3738,1732
-1085,2893,1552
241,1883,1282
1386,797,884
2178,-286,392
2594,-1331,-91
2672,-2267,-414
2600,-3055,-553
2563,-3708,-578
2603,-4240,-554
2687,-4664,-477
2751,-4968,-330
2762,-5095,-118
2728,-4945,133
2585,-4450,393
2296,-3548,600
1845,-2292,711
1198,-921,728
393,267,700
-363,1135,673
-963,1647,664
-1403,1847,657
-1666,1859,635
-1779,1783,607
-1777,1686,573
-1709,1591,535
-1626,1502,496
-1547,1422,449
-1486,1334,390
-1457,1221,322
-1452,1088,258
-1466,952,201
-1474,823,150
-1450,691,83
-1394,545,19
-1301,397,-29
-1170,262,-60
-1012,165,-60
-844,105,-42
-740,80,-9
-832,47,51
-1197,-6,149
-1768,2,263
-2266,210,248
-2612,546,89
-2833,881,-73
-2880,1157,-197
-2698,1307,-312
-2270,1271,-444
-1690,971,-515
-1099,355,-417
-598,-451,-146
-332,-1093,192
-304,-1271,385
-282,-1195,245
-19,-1303,-170
681,-1728,-673
1961,-2217,-1043
3624,-2438,-1181
5263,-2147,-1125
6375,-1461,-937
6679,-772,-727
6147,-348,-565
4851,-239,-459
3047,-334,-394
1106,-452,-352
-505,-452,-331
-1521,-331,-301
-2039,-180,-269
-2285,-56,-268
-2411,77,-291
-2502,265,-299
-2603,491,-269
-2721,746,-190
-2865,999,-87
-3035,1246,21
-3193,1477,154
-3270,1652,285
-3199,1733,396
-2977,1754,497
-2620,1752,568
-2135,1691,601
-1565,1505,594
-960,1176,536
-368,737,419
183,224,243
668,-354,41
1057,-1007,-134
1305,-1674,-270
1454,-2273,-394
1601,-2762,-535
1853,-3133,-692
2260,-3375,-841
2791,-3479,-955
3379,-3415,-1004
3933,-3157,-976
4333,-2682,-877
4431,-1974,-717
4171,-1039,-539
3625,-19,-422
2889,881,-446
2052,1502,-601
1244,1795,-837
581,1839,-1082
-93,1803,-1174
-936,1884,-1006
-1919,2188,-636
-2953,2702,-152
-3977,3323,418
-4869,3912,1055
-5483,4388,1676
-5661,4679,2194
-5312,4693,2547
-4458,4386,2684
-3240,3766,2613
-1867,2845,2378
-559,1752,1982
523,655,1413
1399,-357,716
2143,-1259,7
2740,-1998,-538
3119,-2549,-822
3247,-2979,-887
3197,-3308,-822
3065,-3569,-669
2936,-3768,-455
2883,-3900,-200
2948,-3909,75
3080,-3729,355
3162,-3253,599
3064,-2444,752
2709,-1421,759
2101,-402,615
1289,418,380
443,997,158
-209,1364,29
-603,1544,-23
-805,1599,-31
-886,1580,-23
-906,1538,7
-905,1517,45
-908,1524,71
-903,1543,71
-887,1556,37
-868,1551,-6
-843,1519,-40
-823,1467,-40
-807,1400,15
-795,1318,118
-789,1218,258
-795,1105,415
-808,987,559
-837,864,651
-880,739,689
-944,637,675
-1036,558,616
-1197,499,540
-1469,475,503
-1870,483,511
-2328,509,480
-2726,575,331
-3070,621,115
-3431,573,-61
-3693,462,-188
-3721,339,-313
-3447,202,-435
-2823,68,-536
-1887,-73,-606
-778,-338,-639
337,-718,-625
1308,-1043,-600
1926,-1328,-609
2104,-1622,-629
1973,-1855,-640
1785,-2033,-678
1790,-2200,-731
2091,-2337,-713
2639,-2287,-524
3235,-1933,-176
3586,-1298,216
3475,-553,530
2797,56,688
1673,435,679
317,614,529
-962,657,336
-1900,604,207
-2389,495,170
-2520,376,178
-2458,302,199
-2352,298,219
-2290,354,212
-2312,435,183
-2416,513,166
-2574,602,183
-2775,726,230
-2964,897,305
-3122,1080,395
-3227,1242,505
-3260,1361,612
-3215,1422,710
-3071,1394,787
-2800,1261,821
-2409,1020,784
-1918,673,675
-1340,240,505
-716,-234,306
-118,-700,121
426,-1121,-12
927,-1476,-71
1384,-1771,-74
1806,-2011,-49
2216,-2222,-11
2640,-2403,35
3068,-2505,64
3475,-2501,55
3836,-2354,-16
4113,-2047,-147
4272,-1582,-320
4236,-1010,-484
3943,-437,-618
3428,53,-732
2756,449,-851
2016,748,-970
1287,969,-1055
666,1133,-1059
243,1253,-948
26,1318,-759
-24,1320,-537
4,1259,-346
38,1161,-222
31,1047,-164
-52,930,-118
-276,857,-13
-707,913,201
-1264,1141,478
-1794,1488,767
-2161,1850,1029
-2338,2119,1212
-2344,2233,1293
-2193,2128,1293
-1878,1759,1236
-1374,1150,1140
-685,426,999
125,-267,789
955,-834,526
1674,-1260,265
2195,-1571,73
2603,-1815,-55
2992,-1994,-136
3402,-2094,-190
3796,-2079,-204
4073,-1946,-182
4153,-1702,-128
3980,-1367,-50
3547,-963,36
2907,-538,87
2164,-148,87
1420,196,44
708,497,0
92,746,-22
-397,911,-27
-763,1001,-25
-1050,1041,-5
-1286,1065,41
-1489,1084,103
-1679,1117,168
-1855,1166,231
-2024,1226,300
-2184,1286,361
-2374,1343,417
-2646,1401,478
-2985,1488,548
-3318,1620,587
-3561,1768,538
-3656,1882,381
-3601,1936,176
-3419,1937,18
-3116,1876,-29
-2675,1667,-5
-2100,1244,53
-1344,688,93
-462,159,63
376,-327,-50
1061,-816,-208
1484,-1280,-369
1571,-1691,-479
1309,-2089,-524
827,-2423,-489
373,-2641,-423
225,-2795,-426
504,-3001,-515
1165,-3234,-563
2074,-3147,-449
3048,-2531,-201
3888,-1602,55
4411,-689,212
4494,-36,217
4114,303,112
3382,420,-27
2427,423,-155
1407,411,-243
455,419,-266
-254,459,-243
-703,528,-215
-980,613,-199
-1180,694,-188
-1388,758,-172
-1635,815,-143
-1910,877,-98
-2189,930,-35
-2450,966,56
-2676,991,169
-2816,1013,288
-2830,1013,392
-2705,977,488
-2454,915,570
-2106,819,612
-1697,650,608
-1263,399,544
-848,92,431
-495,-226,281
-200,-571,123
39,-964,-17
250,-1406,-119
445,-1857,-204
661,-2295,-288
953,-2707,-399
1317,-3061,-522
1741,-3298,-627
2182,-3374,-706
2595,-3259,-758
2907,-2914,-790
3029,-2336,-796
2913,-1547,-786
2513,-646,-752
1782,131,-703
828,692,-666
-43,1105,-600
-664,1431,-459
-1011,1692,-261
-1109,1884,-52
-1002,1991,140
-805,1991,291
-636,1868,367
-561,1627,378
-615,1315,363
-730,1022,346
-828,854,340
-872,846,348
-846,933,362
-743,1050,385
-590,1148,401
-395,1189,393
-156,1132,358
134,977,308
508,746,240
948,459,159
1388,133,78
1773,-207,5
2050,-550,-49
2213,-866,-76
2267,-1147,-81
2208,-1387,-47
2085,-1557,31
1948,-1619,153
1806,-1560,289
1687,-1397,398
1602,-1148,439
1528,-876,422
1380,-629,390
1101,-406,377
737,-174,382
374,75,383
53,349,364
-206,628,315
-437,877,260
-635,1089,219
-807,1266,206
-934,1420,219
-1019,1551,240
-1061,1659,254
-1083,1749,273
-1102,1815,300
-1123,1863,329
-1141,1884,346
-1160,1877,348
-1165,1834,342
-1155,1753,336
-1117,1636,321
-1061,1486,309
-1066,1324,322
-1185,1178,388
-1422,1068,463
-1715,972,455
-1960,875,318
-2113,727,84
-2213,476,-109
-2229,187,-188
-2056,-56,-230
-1689,-257,-325
-1255,-482,-426
-892,-748,-459
-625,-1044,-441
-455,-1423,-418
-443,-1932,-377
-631,-2390,-291
-923,-2583,-211
-1193,-2555,-251
-1261,-2449,-474
-921,-2131,-737
-135,-1350,-769
1223,-89,-519
3319,1245,-257
5510,2010,-321
6932,2045,-631
7325,1578,-933
6814,789,-1086
5624,-149,-1060
4068,-1054,-925
2475,-1749,-760
1180,-2141,-612
329,-2252,-464
-123,-2178,-320
-370,-1963,-201
-547,-1604,-117
-776,-1117,-58
-1178,-539,12
-1735,80,95
-2292,708,193
-2728,1280,334
-3033,1764,540
-3229,2185,789
-3310,2568,1016
-3292,2843,1135
-3155,2949,1127
-2890,2849,1030
-2500,2535,900
-2009,2082,796
-1435,1557,710
-860,960,621
-383,299,509
-88,-404,367
11,-1103,207
-5,-1717,53
-39,-2220,-70
-2,-2631,-180
147,-2937,-275
406,-3141,-350
751,-3222,-411
1179,-3137,-446
1656,-2888,-447
2130,-2466,-428
2546,-1877,-406
2809,-1160,-393
2847,-441,-398
2642,163,-418
2299,649,-433
1919,1029,-411
1532,1306,-344
1176,1496,-229
869,1590,-85
599,1572,49
317,1437,132
5,1200,127
-325,901,62
-632,657,7
-800,580,-9
-832,651,0
-762,837,43
-608,1063,126
-403,1249,236
-191,1315,327
-3,1226,374
174,970,379
344,594,356
528,142,334
739,-348,310
998,-864,287
1303,-1348,276
1598,-1745,280
1812,-2028,322
1874,-2191,422
1800,-2250,567
1700,-2217,707
1660,-2080,786
1701,-1840,811
1780,-1487,800
1865,-1037,758
1911,-532,688
1884,-43,594
1789,379,495
1671,721,408
1541,1004,348
1388,1230,317
1208,1400,325
1000,1517,357
754,1591,408
490,1634,466
201,1660,513
-105,1701,550
-434,1747,572
-787,1768,570
-1148,1728,543
-1487,1625,499
-1778,1469,441
-1995,1271,373
-2126,1048,300
-2170,815,234
-2163,604,206
-2138,466,222
-2111,435,275
-2084,482,262
-2075,528,117
-2097,524,-99
-2169,447,-318
-2265,315,-499
-2273,157,-651
-2143,-48,-785
-1820,-308,-882
-1292,-564,-900
-600,-759,-823
136,-918,-674
866,-1073,-504
1534,-1172,-397
2115,-1230,-417
2656,-1462,-569
3135,-1977,-752
3494,-2594,-810
3722,-3063,-681
3824,-3239,-390
3799,-3109,-1
3572,-2703,405
3070,-2062,737
2319,-1244,925
1410,-405,933
456,255,805
-319,699,655
-825,954,574
-1059,1057,555
-1044,1055,538
-827,986,479
-437,891,347
80,780,129
646,656,-111
1125,554,-312
1377,507,-420
1357,507,-463
1111,520,-478
706,508,-471
252,459,-446
-155,375,-400
-491,270,-335
-771,157,-257
-1032,47,-181
-1302,-50,-113
-1590,-126,-51
-1891,-208,10
-2187,-339,60
-2443,-554,90
-2608,-856,74
-2591,-1239,-15
-2285,-1641,-174
-1673,-2011,-401
-787,-2291,-663
228,-2454,-885
1251,-2467,-1016
2181,-2308,-1085
3008,-1970,-1141
3685,-1452,-1204
4160,-814,-1255
4418,-195,-1271
4396,275,-1287
4035,559,-1385
3375,631,-1574
2778,618,-1803
2586,729,-1949
2538,1170,-1769
2279,1848,-1125
1607,2468,-176
424,2711,699
-961,2492,1192
-2079,1958,1309
-2612,1271,1212
-2542,553,1004
-2006,-67,738
-1221,-564,469
-406,-956,242
238,-1273,87
624,-1541,16
744,-1773,8
691,-1949,25
564,-2037,68
433,-2009,141
326,-1819,245
229,-1453,364
128,-925,481
-15,-318,583
-204,265,660
-431,752,722
-626,1113,781
-765,1361,834
-842,1523,870
-855,1616,882
-817,1644,861
-726,1625,811
-569,1569,734
-351,1477,638
-85,1360,532
208,1222,421
496,1083,311
744,954,215
925,856,136
1032,790,74
1089,751,19
1108,733,-23
1091,730,-49
1043,737,-67
968,750,-82
854,771,-82
688,809,-66
492,861,-47
289,922,-27
119,990,-24
28,1069,-39
44,1178,-73
160,1318,-130
347,1476,-190
579,1637,-245
837,1792,-288
1114,1946,-315
1393,2090,-343
1655,2211,-402
1867,2270,-507
2000,2227,-656
2017,2019,-827
1888,1634,-977
1613,1087,-1076
1231,410,-1109
798,-304,-1109
388,-943,-1111
9,-1361,-1120
-355,-1522,-1086
-683,-1450,-932
-907,-1191,-588
-885,-831,-89
-484,-493,422
222,-298,795
942,-339,964
1395,-682,914
1525,-1231,728
1437,-1828,506
1285,-2372,326
1168,-2819,242
1110,-3145,250
1095,-3354,302
1085,-3455,345
1050,-3466,344
984,-3379,261
883,-3121,79
799,-2610,-160
742,-1839,-399
722,-893,-565
767,57,-627
905,904,-601
1134,1608,-513
1406,2158,-374
1684,2604,-188
1972,3017,16
2297,3412,227
2659,3652,375
3026,3714,409
3356,3675,324
3633,3556,152
3860,3334,-59
4039,3008,-272
4193,2583,-456
4299,2095,-581
4327,1588,-636
4236,1094,-627
4016,638,-570
3693,236,-490
3318,-110,-414
2964,-418,-334
2683,-693,-247
2487,-935,-152
2364,-1148,-56
2288,-1320,42
2227,-1441,160
2171,-1505,276
2118,-1508,379
2070,-1458,462
2042,-1356,511
2026,-1201,534
2017,-991,540
2003,-727,521
1995,-416,481
2012,-74,413
2072,278,329
2203,609,237
2408,886,148
2661,1097,76
2928,1236,27
3173,1308,-17
3357,1319,-45
3477,1274,-75
3506,1177,-101
3439,1027,-123
3290,814,-145
3090,559,-166
2888,281,-180
2721,4,-182
2588,-275,-159
2460,-577,-114
2320,-886,-60
2156,-1172,2
1977,-1408,65
1783,-1596,113
1586,-1749,155
1388,-1886,198
1223,-1983,232
1105,-2020,259
1017,-2012,282
944,-1976,301
863,-1919,327
777,-1838,344
698,-1732,347
636,-1603,338
577,-1461,323
520,-1298,303
463,-1094,279
407,-840,243
342,-559,191
256,-289,129
141,-55,76
28,124,34
-68,251,11
-138,334,10
-200,390,23
-240,420,42
-261,420,62
-268,371,75
-257,291,87
-248,192,94
-252,91,99
-265,7,104
-305,-51,101
-367,-87,97
-422,-84,90
-467,-65,78
-519,-11,74
-582,84,96
-650,205,133
-724,318,181
-768,402,221
-740,466,241
-621,522,234
-407,575,199
-125,614,133
169,632,36
462,618,-86
734,576,-241
1020,512,-418
1311,434,-599
1546,373,-751
1673,353,-859
1681,366,-932
1578,384,-1002
1398,379,-1075
1197,326,-1133
1050,224,-1159
974,68,-1149
969,-120,-1125
1021,-329,-1107
1131,-528,-1112
1300,-699,-1150
1528,-841,-1206
1809,-933,-1259
2114,-989,-1289
2410,-1029,-1292
2654,-1056,-1268
2829,-1080,-1232
2913,-1132,-1187
2910,-1203,-1125
2810,-1268,-1032
2606,-1318,-910
2299,-1369,-767
1906,-1438,-617
1464,-1517,-461
1024,-1598,-303
607,-1676,-143
232,-1749,-1
-95,-1811,124
-385,-1863,240
-651,-1889,351
-889,-1888,456
-1118,-1876,544
-1341,-1850,623
-1539,-1804,696
-1697,-1721,754
-1828,-1608,782
-1921,-1477,786
-1984,-1340,764
-2008,-1189,717
-1985,-1028,657
-1899,-864,597
-1745,-699,551
-1525,-548,521
-1254,-426,503
-957,-340,491
-660,-286,479
-380,-254,468
-157,-232,454
-11,-200,437
86,-164,424
143,-118,411
173,-75,394
199,-46,368
236,-21,337
275,-4,302
324,17,266
369,26,233
405,28,207
430,27,188
447,27,175
457,30,167
470,48,170
484,77,173
507,120,173
532,171,168
558,227,151
576,282,130
596,331,107
624,372,75
657,402,43
685,432,18
700,457,-4
709,491,-30
712,531,-54
716,568,-81
729,604,-107
749,643,-129
772,686,-140
779,745,-132
761,816,-118
713,911,-100
626,1021,-86
504,1143,-87
365,1266,-113
219,1383,-153
63,1454,-181
-86,1444,-184
-206,1352,-168
-283,1214,-137
-293,1070,-98
-248,920,-79
-166,746,-102
-64,528,-159
61,240,-235
193,-123,-297
297,-551,-340
322,-1003,-374
260,-1399,-420
116,-1665,-473
-49,-1764,-507
-180,-1699,-484
-267,-1502,-363
-283,-1210,-145
-212,-887,101
-26,-628,308
296,-473,399
645,-437,406
908,-517,392
1033,-685,389
1080,-875,397
1100,-1039,413
1145,-1153,423
1218,-1224,402
1296,-1241,354
1311,-1203,293
1249,-1097,237
1145,-921,185
1051,-686,113
980,-405,22
927,-106,-65
911,173,-146
971,431,-211
1101,670,-244
1266,903,-239
1430,1134,-191
1583,1346,-114
1728,1545,-14
1874,1718,105
2007,1840,217
2129,1884,281
2233,1842,271
2286,1700,182
2294,1476,56
2257,1178,-51
2194,850,-111
2122,527,-127
2031,230,-113
1941,-7,-97
1841,-173,-79
1734,-285,-62
1621,-342,-41
1505,-348,-14
1375,-313,21
1234,-253,60
1095,-183,97
962,-104,142
856,-6,186
801,113,231
802,249,262
855,392,287
958,542,314
1092,677,341
1240,791,357
1387,881,354
1514,961,332
1615,1039,299
1681,1101,261
1712,1135,216
1707,1133,178
1678,1090,146
1635,1015,113
1607,910,89
1592,778,74
1593,629,68
1596,467,79
1589,291,96
1557,105,113
1487,-71,128
1382,-240,148
1273,-396,165
1168,-529,178
1091,-629,188
1045,-699,193
1017,-745,195
1006,-773,202
1002,-791,207
994,-801,215
965,-806,225
920,-805,241
846,-796,256
752,-771,265
651,-729,262
543,-672,257
439,-613,252
340,-549,250
256,-483,248
199,-417,245
164,-356,239
141,-286,238
133,-215,234
142,-141,225
164,-53,212
200,62,191
249,204,164
292,350,135
300,479,115
271,572,99
220,632,78
165,667,55
112,670,32
57,646,17
-5,611,8
-64,562,2
-110,496,-11
-151,416,-25
-179,335,-35
-207,257,-43
-246,198,-46
-305,158,-46
-392,136,-41
-487,108,-34
-565,78,-32
-588,46,-47
-530,23,-76
-380,18,-138
-146,34,-227
143,74,-328
479,147,-432
824,244,-552
1136,346,-691
1380,427,-828
1558,493,-930
1670,550,-1000
1695,585,-1035
1617,575,-1048
1436,494,-1033
1177,334,-986
906,113,-904
672,-120,-801
485,-336,-705
355,-513,-636
289,-640,-599
315,-721,-596
460,-781,-622
731,-812,-651
1115,-823,-681
1553,-820,-701
1962,-808,-712
2291,-802,-724
2536,-808,-743
2699,-801,-761
2779,-794,-763
2787,-805,-749
2731,-837,-711
2589,-888,-629
2340,-964,-508
1994,-1066,-369
1570,-1183,-224
1123,-1293,-89
702,-1379,31
339,-1438,147
38,-1490,253
-215,-1535,346
-460,-1574,432
-712,-1608,511
-983,-1616,592
-1254,-1577,674
-1493,-1484,743
-1672,-1346,782
-1776,-1183,793
-1815,-1030,780
-1795,-899,748
-1719,-776,705
-1588,-643,666
-1415,-501,628
-1219,-348,591
-1001,-194,548
-785,-64,507
-578,40,462
-397,116,417
-251,167,381
-132,187,358
-30,186,345
72,174,339
177,163,327
278,150,306
379,136,277
482,123,244
587,110,204
710,92,162
846,71,124
995,51,89
1143,48,64
1268,51,46
1367,65,33
1418,82,13
1440,100,-15
1455,120,-56
1497,160,-106
1549,212,-138
1588,266,-138
1582,322,-124
1531,375,-109
1451,438,-105
1351,508,-114
1245,586,-128
1142,675,-141
1045,776,-150
964,883,-157
900,1001,-154
853,1121,-153
808,1238,-165
774,1353,-192
758,1466,-238
737,1585,-278
672,1679,-289
570,1727,-277
464,1707,-269
383,1622,-255
348,1498,-229
354,1320,-226
362,1071,-248
317,701,-273
186,207,-282
-28,-357,-257
-292,-870,-215
-569,-1229,-188
-798,-1403,-187
-929,-1423,-186
-944,-1317,-140
-844,-1162,-32
-601,-1060,117
-176,-1085,249
366,-1259,318
887,-1517,342
1241,-1757,358
1403,-1904,397
1443,-1950,449
1401,-1910,503
1303,-1794,543
1185,-1613,550
1071,-1364,511
950,-1062,430
831,-734,323
760,-396,212
763,-63,109
850,247,21
972,530,-48
1093,776,-102
1211,1002,-147
1326,1208,-168
1424,1401,-161
1493,1584,-120
1535,1754,-42
1559,1892,80
1598,1973,232
1660,1962,366
1733,1835,434
1782,1597,432
1799,1265,378
1786,848,310
1762,390,259
1732,-49,244
1707,-421,242
1693,-708,236
1684,-889,217
1675,-978,201
1646,-989,191
1614,-931,183
1569,-823,183
1517,-673,198
1460,-490,218
1396,-282,252
1345,-67,288
1312,151,316
1310,373,334
1346,585,340
1410,786,340
1495,951,339
1588,1070,339
1675,1145,334
1736,1192,334
1769,1215,333
1767,1219,327
1747,1200,310
1721,1157,291
1686,1095,275
1666,1013,257
1655,918,240
1660,799,223
1673,655,201
1676,494,178
1673,342,158
1654,221,130
1626,115,98
1589,4,56
1542,-128,22
1483,-278,6
1404,-417,0
1303,-525,-3
1204,-612,-20
1113,-692,-39
1033,-769,-56
961,-848,-65
890,-910,-62
807,-940,-53
697,-923,-35
559,-873,-12
401,-798,14
237,-704,37
76,-612,58
-55,-519,70
-154,-419,77
-219,-318,73
-251,-215,50
-254,-124,13
-242,-59,-27
-218,-5,-59
-178,41,-91
-137,82,-126
-100,109,-160
-67,118,-195
-38,116,-219
-23,108,-236
-9,89,-244
-5,61,-242
-12,33,-224
-26,9,-197
-59,-14,-166
-91,-22,-138
-136,-12,-109
-190,-1,-80
-234,13,-56
-256,23,-35
-272,31,-4
-294,13,34
-340,-33,59
-389,-108,45
-432,-232,-10
-418,-394,-98
-319,-584,-217
-141,-771,-355
93,-931,-504
338,-1053,-646
525,-1130,-761
619,-1155,-825
641,-1099,-845
616,-974,-835
587,-803,-808
583,-622,-782
634,-438,-764
751,-251,-768
927,-72,-786
1140,99,-794
1367,256,-799
1596,386,-805
1830,504,-814
2030,613,-828
2171,705,-828
2214,772,-802
2152,801,-745
1993,787,-657
1737,727,-534
1395,612,-389
989,449,-232
552,238,-68
121,-10,79
-238,-276,219
-524,-544,338
-730,-779,423
-882,-983,466
-982,-1159,474
-1036,-1305,459
-1042,-1415,437
-1007,-1471,410
-930,-1453,383
-811,-1355,370
-674,-1177,367
-524,-937,376
-380,-665,397
-255,-374,427
-140,-97,453
-36,137,466
84,319,478
213,435,486
347,501,498
480,534,514
596,553,521
684,568,517
729,594,497
746,631,458
734,677,413
697,721,370
639,762,331
573,796,285
503,819,246
442,835,211
388,832,178
353,812,150
320,784,117
273,743,84
210,689,55
129,630,30
45,571,4
-19,519,-17
-60,488,-26
-80,478,-29
-103,479,-16
-129,501,8
-162,551,56
-209,630,124
-260,712,210
-311,774,307
-357,805,413
-377,805,512
-374,791,605
-335,776,690
-253,746,752
-123,691,778
33,612,762
210,495,720
388,317,661
552,91,601
677,-159,533
746,-425,467
754,-680,399
677,-890,337
493,-1058,288
153,-1194,252
-366,-1312,231
-1067,-1426,180
-1831,-1541,42
-2464,-1614,-208
-2857,-1613,-523
-3022,-1559,-787
-2988,-1491,-942
-2723,-1392,-1006
-2208,-1236,-1000
-1493,-1096,-906
-604,-1050,-745
335,-1153,-583
1130,-1299,-443
1546,-1396,-349
1547,-1415,-355
1331,-1128,-472
1149,-79,-517
1419,2024,-279
2659,4309,78
4439,5392,135
5743,5149,-152
6093,4150,-554
5538,2745,-937
4302,1119,-1220
2709,-481,-1321
1116,-1884,-1223
-58,-2945,-1019
-693,-3632,-780
-952,-4000,-520
-1009,-4135,-278
-1079,-4106,-105
-1266,-3896,-14
-1557,-3483,2
-1986,-2852,-40
-2579,-2033,-99
-3244,-1009,-107
-3750,182,-11
-4020,1426,224
-4099,2628,538
-4010,3717,826
-3803,4467,1037
-3604,4580,1123
-3289,4210,1099
-2778,3594,1016
-2065,2814,918
-1180,1953,815
-224,1051,676
650,145,461
1334,-712,177
1755,-1485,-96
1960,-2123,-320
2072,-2631,-497
2199,-3011,-631
2368,-3273,-733
2605,-3455,-822
2929,-3574,-897
3304,-3595,-934
3679,-3476,-924
3994,-3185,-885
4215,-2728,-848
4280,-2148,-831
4112,-1504,-819
3688,-871,-789
2997,-305,-736
2115,193,-644
1141,661,-509
186,1083,-331
-627,1412,-129
-1269,1623,58
-1775,1717,192
-2213,1715,249
-2651,1685,271
-3073,1696,293
-3426,1809,324
-3668,2024,396
-3768,2329,547
-3683,2685,802
-3360,3013,1133
-2777,3204,1426
-1997,3153,1579
-1124,2791,1540
-232,2151,1327
616,1350,994
1421,485,583
2146,-356,151
2762,-1143,-210
3218,-1815,-419
3523,-2368,-494
3741,-2810,-507
3897,-3174,-497
4031,-3465,-467
4186,-3663,-415
4381,-3706,-328
4549,-3542,-213
4586,-3138,-91
4353,-2502,21
3792,-1730,113
2897,-900,153
1745,-121,143
502,549,106
-587,1095,75
-1379,1476,66
-1866,1717,60
-2138,1850,61
-2272,1909,77
-2321,1949,114
-2304,2007,170
-2250,2079,250
-2159,2169,364
-2006,2279,484
-1784,2403,583
-1511,2511,644
-1193,2585,681
-859,2598,697
-534,2541,700
-241,2403,687
-9,2188,660
171,1906,626
263,1565,597
216,1183,595
-25,793,646
-452,437,736
-1009,132,765
-1575,-118,670
-2082,-360,472
-2547,-632,266
-2985,-959,125
-3298,-1284,21
-3342,-1517,-97
-3123,-1656,-254
-2689,-1722,-405
-2077,-1751,-536
-1365,-1851,-623
-624,-2105,-625
42,-2445,-564
580,-2684,-499
934,-2667,-482
1150,-2367,-519
1374,-1810,-591
1806,-1079,-627
2642,-337,-557
3891,359,-407
5097,1014,-221
5781,1496,-115
5764,1671,-137
5087,1517,-241
3878,1095,-372
2366,570,-475
832,59,-486
-355,-362,-402
-1019,-673,-268
-1286,-867,-125
-1370,-939,-14
-1473,-900,53
-1705,-770,80
-2080,-557,95
-2537,-294,120
-2988,-39,165
-3359,189,228
-3605,396,301
-3689,594,392
-3593,778,487
-3300,951,560
-2829,1114,611
-2202,1239,633
-1448,1255,626
-640,1136,589
127,863,500
789,472,354
1276,-7,179
1564,-536,9
1690,-1051,-122
1693,-1496,-213
1620,-1867,-256
1536,-2171,-266
1472,-2428,-253
1436,-2616,-210
1439,-2725,-147
1503,-2745,-105
1620,-2663,-101
1754,-2459,-150
1899,-2108,-256
2029,-1594,-402
2081,-972,-541
1962,-360,-643
1666,147,-724
1221,561,-772
668,899,-774
38,1174,-723
-585,1397,-613
-1127,1595,-463
-1535,1755,-294
-1823,1857,-127
-2044,1864,-12
-2237,1752,53
-2410,1535,83
-2548,1275,125
-2628,1091,209
-2622,1067,347
-2513,1194,516
-2285,1404,685
-1946,1606,827
-1488,1704,905
-941,1618,891
-335,1344,790
327,922,628
1035,410,420
1719,-108,195
2301,-591,-1
2755,-1007,-136
3087,-1341,-213
3293,-1587,-213
3346,-1770,-133
3235,-1895,14
2984,-1932,218
2672,-1838,430
2393,-1558,607
2197,-1108,698
2074,-577,670
1918,-113,580
1633,182,504
1237,336,483
790,435,509
363,556,521
-25,723,496
-379,910,440
-714,1091,360
-1020,1220,271
-1301,1291,196
-1564,1314,148
-1800,1315,134
-2002,1304,142
-2156,1292,168
-2257,1308,210
-2281,1361,246
-2221,1451,285
-2078,1570,324
-1851,1694,355
-1536,1795,386
-1148,1857,403
-694,1860,398
-206,1797,374
263,1666,348
649,1481,348
845,1261,419
756,1010,578
399,739,749
-116,472,829
-690,202,765
-1303,-91,601
-1927,-437,424
-2449,-813,255
-2750,-1196,39
-2790,-1590,-208
-2594,-2002,-451
-2174,-2372,-632
-1581,-2642,-726
-912,-2840,-736
-297,-3002,-674
125,-3111,-565
290,-3048,-465
327,-2678,-448
395,-2023,-508
629,-1186,-524
1248,-219,-413
2275,776,-200
3322,1464,-6
3969,1547,8
4111,1147,-155
3800,538,-350
3146,-57,-465
2320,-525,-493
1495,-836,-504
787,-1020,-533
290,-1080,-562
-25,-987,-554
-265,-745,-508
-604,-392,-418
-1150,28,-251
-1904,479,-24
-2775,937,215
-3645,1348,401
-4408,1675,534
-4999,1897,631
-5390,2020,704
-5576,2068,767
-5559,2057,843
-5343,2016,949
-4949,1979,1095
-4362,1931,1225
-3526,1790,1272
-2514,1503,1246
-1402,1069,1152
-261,499,927
795,-150,542
1680,-813,63
2320,-1386,-339
2730,-1806,-584
2958,-2101,-704
3037,-2322,-765
3008,-2478,-801
2941,-2589,-828
2884,-2688,-854
2895,-2769,-874
3075,-2818,-874
3411,-2811,-831
3817,-2708,-757
4187,-2477,-673
4445,-2111,-599
4518,-1636,-561
4350,-1110,-574
3921,-613,-612
3246,-194,-645
2387,166,-648
1392,526,-620
386,930,-549
-449,1346,-447
-1058,1708,-318
-1443,1961,-197
-1628,2071,-136
-1656,2005,-172
-1613,1782,-273
-1654,1559,-308
-1882,1529,-199
-2249,1752,20
-2620,2209,351
-2836,2809,767
-2792,3380,1175
-2517,3705,1458
-2078,3642,1573
-1493,3183,1527
-795,2411,1333
-51,1438,1012
709,359,597
1441,-693,152
2074,-1624,-199
2587,-2374,-449
2992,-2972,-628
3302,-3414,-755
3534,-3711,-839
3705,-3873,-853
3840,-3871,-749
3950,-3685,-499
3987,-3309,-122
3871,-2705,330
3535,-1897,782
2964,-986,1101
2273,-170,1183
1645,469,1042
1152,949,815
758,1251,657
416,1386,599
88,1406,609
-188,1394,629
-413,1403,639
-628,1432,644
-874,1449,656
-1176,1451,673
-1513,1443,692
-1860,1434,693
-2196,1427,665
-2515,1402,609
-2801,1364,532
-3029,1294,436
-3181,1198,329
-3224,1082,218
-3119,952,111
-2844,819,17
-2377,687,-45
-1743,575,-64
-1024,466,-44
-389,339,24
-8,209,128
46,70,243
-184,-74,279
-577,-182,142
-1089,-262,-113
-1682,-284,-363
-2228,-163,-516
-2587,70,-609
-2716,278,-710
-2622,397,-797
-2321,374,-800
-1852,92,-707
-1268,-499,-514
-654,-1203,-282
-121,-1657,-117
260,-1782,-112
551,-1774,-236
866,-1803,-403
1385,-1893,-517
2177,-2021,-551
3120,-2092,-501
3900,-1958,-365
4291,-1586,-199
4316,-1090,-90
4034,-642,-91
3493,-324,-207
2713,-111,-369
1753,75,-472
724,308,-461
-152,592,-418
-756,859,-414
-1114,1032,-425
-1274,1092,-415
-1311,1046,-369
-1323,918,-295
-1350,773,-219
-1408,622,-150
-1474,465,-84
-1528,310,-20
-1576,184,92
-1598,87,221
-1553,-58,313
-1403,-343,352
-1102,-777,321
-662,-1294,229
-125,-1808,61
475,-2217,-149
1124,-2456,-375
1761,-2486,-586
2317,-2311,-782
2772,-1960,-956
3053,-1455,-1097
3080,-780,-1186
2794,51,-1185
2233,981,-1099
1530,1819,-984
843,2397,-887
304,2652,-847
-74,2561,-879
-502,2244,-875
-1160,1938,-698
-1924,1792,-389
-2623,1838,-4
-3154,2020,464
-3387,2247,982
-3268,2413,1438
-2874,2411,1739
-2333,2209,1859
-1730,1812,1799
-1075,1233,1570
-356,514,1214
429,-264,794
1296,-1031,388
2176,-1703,58
2987,-2240,-202
3657,-2637,-430
4170,-2887,-607
4539,-2999,-693
4740,-2983,-641
4765,-2842,-443
4625,-2591,-160
4302,-2228,137
3776,-1759,418
3054,-1204,622
2210,-619,744
1342,-91,791
593,319,755
64,593,673
-261,760,619
-477,874,616
-653,972,633
-849,1076,650
-1104,1176,648
-1421,1272,629
-1782,1359,600
-2176,1424,564
-2571,1465,526
-2945,1477,485
-3286,1465,446
-3583,1431,402
-3814,1381,356
-3942,1333,308
-3967,1286,266
-3878,1262,252
-3644,1268,244
-3270,1301,240
-2759,1359,230
-2156,1428,214
-1512,1504,188
-876,1586,160
-376,1605,172
-147,1464,228
-140,1264,264
-207,1122,209
-249,1040,36
-284,943,-172
-353,785,-337
-393,620,-463
-285,425,-603
-12,110,-789
398,-398,-960
835,-1132,-1034
1136,-2110,-1000
1051,-3244,-848
617,-3897,-612
98,-3603,-426
-341,-2751,-362
-498,-1931,-316
101,-1457,-219
1753,-1307,-64
3870,-1246,158
5399,-1088,351
5939,-956,395
5706,-1039,292
4971,-1343,85
3920,-1670,-124
2677,-1854,-270
1419,-1845,-331
391,-1627,-349
-291,-1224,-368
-740,-700,-383
-1109,-126,-361
-1466,435,-298
-1819,955,-232
-2173,1392,-170
-2552,1768,-78
-2945,2146,54
-3286,2596,237
-3509,3090,460
-3571,3540,714
-3398,3854,960
-2941,3915,1141
-2239,3658,1257
-1356,3146,1303
-409,2483,1268
434,1717,1156
1060,835,960
1387,-123,698
1411,-1079,422
1247,-1929,172
1083,-2614,-38
1061,-3140,-222
1213,-3533,-402
1541,-3821,-574
1999,-4033,-725
2535,-4125,-827
3076,-4005,-867
3510,-3632,-864
3732,-2972,-834
3674,-2064,-796
3341,-1009,-765
2800,8,-757
2047,716,-754
1228,1132,-721
516,1363,-600
17,1475,-392
-284,1520,-153
-469,1522,52
-625,1497,186
-816,1456,222
-1046,1395,186
-1298,1333,142
-1539,1310,141
-1720,1349,187
-1825,1453,293
-1838,1615,465
-1737,1822,698
-1504,2027,936
-1165,2140,1094
-785,2071,1123
-396,1791,1053
17,1329,918
496,720,753
1055,43,567
1648,-647,376
2200,-1284,224
2637,-1800,127
2971,-2170,53
3241,-2397,-15
3466,-2477,-54
3631,-2426,-55
3696,-2260,-14
3610,-1986,86
3368,-1598,206
3012,-1116,293
2581,-588,321
2088,-105,304
1562,287,271
1064,573,235
646,768,207
325,886,194
84,961,203
-112,1015,223
-301,1056,236
-489,1090,233
-675,1118,207
-878,1142,171
-1105,1162,133
-1355,1196,96
-1619,1239,63
-1893,1290,27
-2144,1340,2
-2363,1363,-15
-2536,1367,-19
-2688,1365,4
-2869,1386,99
-3116,1443,264
-3403,1530,442
-3668,1605,510
-3838,1639,398
-3936,1576,186
-3986,1381,18
-3876,1140,-36
-3473,888,-41
-2713,584,-72
-1622,188,-169
-299,-293,-310
1016,-876,-454
2074,-1528,-570
2712,-2151,-642
2862,-2620,-682
2591,-2900,-703
2117,-3068,-756
1789,-3197,-903
1863,-3235,-1087
2434,-2975,-1143
3505,-2296,-1013
4824,-1367,-761
6009,-505,-430
6752,30,-120
6927,234,85
6493,170,198
5488,-24,210
4135,-178,136
2680,-231,24
1295,-188,-42
143,-97,-12
-696,11,79
-1308,116,161
-1781,233,196
-2211,350,207
-2658,452,223
-3106,555,249
-3519,677,281
-3872,841,324
-4118,1045,386
-4242,1276,468
-4240,1540,570
-4115,1794,665
-3837,1909,683
-3351,1806,610
-2643,1498,455
-1778,1066,242
-854,598,24
-52,217,-144
523,-32,-237
851,-195,-262
949,-332,-265
884,-488,-307
713,-675,-411
514,-894,-549
378,-1150,-683
366,-1429,-792
487,-1691,-873
710,-1906,-935
1010,-2052,-972
1338,-2123,-965
1672,-2135,-923
1960,-2087,-856
2193,-1969,-785
2378,-1783,-718
2515,-1545,-651
2603,-1277,-577
2590,-1020,-471
2423,-791,-317
2081,-585,-137
1561,-390,16
886,-207,110
118,-45,113
-624,68,39
-1198,134,-39
-1493,199,-58
-1538,349,-19
-1410,601,48
-1195,898,120
-965,1160,195
-717,1315,256
-393,1345,303
14,1272,339
493,1141,360
976,970,377
1396,771,386
1711,549,380
1930,302,371
2061,58,374
2129,-155,390
2174,-334,425
2205,-476,465
2236,-560,512
2261,-575,564
2285,-514,617
2284,-385,666
2239,-197,713
2137,24,741
1987,273,744
1778,535,719
1535,798,661
1306,1034,574
1128,1226,468
987,1360,346
847,1432,227
664,1457,122
410,1447,33
123,1443,-42
-115,1463,-126
-296,1490,-231
-451,1484,-347
-588,1417,-455
-696,1307,-557
-722,1205,-653
-621,1157,-738
-362,1193,-794
38,1298,-806
576,1434,-785
1212,1554,-750
1803,1590,-722
2187,1491,-700
2291,1276,-665
2143,961,-607
1837,564,-530
1497,110,-466
1204,-378,-426
925,-900,-380
628,-1402,-330
264,-1822,-296
-169,-2100,-268
-682,-2173,-215
-1232,-2060,-128
-1735,-1839,-33
-2119,-1613,62
-2371,-1424,160
-2555,-1234,276
-2738,-947,437
-2916,-494,669
-3037,110,967
-3082,748,1259
-3045,1206,1470
-2897,1340,1531
-2574,1154,1391
-2035,719,1054
-1259,153,589
-329,-407,119
597,-840,-301
1440,-1090,-639
2101,-1188,-842
2588,-1181,-948
2939,-1104,-1025
3184,-970,-1106
3325,-766,-1161
3370,-481,-1150
3365,-129,-1057
3360,255,-885
3396,647,-666
3463,1001,-425
3518,1286,-199
3545,1482,-38
3514,1605,54
3407,1673,99
3228,1700,104
2984,1684,96
2693,1614,87
2393,1495,81
2123,1333,71
1910,1128,60
1762,898,56
1677,663,60
1644,444,70
1645,260,82
1666,110,95
1695,-7,108
1741,-101,104
1801,-168,96
1883,-217,95
1968,-242,94
2066,-226,103
2181,-176,122
2311,-95,138
2453,18,145
2600,147,144
2744,279,139
2859,413,131
2937,551,126
2979,678,123
2979,791,115
2942,906,99
2872,1013,84
2788,1109,66
2715,1175,41
2654,1209,21
2611,1187,8
2585,1101,6
2556,952,12
2515,757,15
2455,535,7
2372,304,-7
2279,79,-16
2187,-128,-14
2083,-329,5
1986,-529,31
1900,-719,59
1832,-895,92
1766,-1059,130
1721,-1194,157
1677,-1289,185
1630,-1339,224
1579,-1353,266
1520,-1328,305
1463,-1285,331
1408,-1227,345
1363,-1175,339
1337,-1124,324
1341,-1057,312
1363,-967,295
1388,-866,276
1399,-764,248
1391,-663,209
1354,-561,159
1280,-457,110
1179,-350,71
1054,-236,40
896,-137,25
725,-61,15
540,-14,23
345,2,40
161,-3,68
19,-16,94
-77,-36,122
-142,-65,139
-190,-98,146
-228,-122,148
-248,-134,147
-250,-125,146
-240,-97,138
-213,-47,127
-168,26,108
-110,111,81
-55,205,47
-8,309,18
37,435,8
81,567,9
127,671,11
195,724,-11
290,746,-39
421,753,-94
582,725,-196
788,647,-354
1053,515,-566
1393,360,-827
1810,209,-1133
2179,100,-1422
2399,57,-1636
2426,74,-1777
2284,108,-1862
2029,100,-1887
1735,-3,-1848
1494,-212,-1742
1360,-508,-1599
1332,-820,-1461
1379,-1092,-1349
1483,-1282,-1281
1643,-1397,-1248
1873,-1452,-1242
2160,-1448,-1253
2490,-1399,-1263
2823,-1293,-1250
3133,-1143,-1215
3366,-975,-1153
3493,-814,-1063
3467,-699,-942
3241,-651,-803
2806,-678,-658
2220,-768,-532
1555,-904,-420
872,-1105,-291
255,-1378,-133
-236,-1688,16
-606,-1978,159
-880,-2180,284
-1112,-2275,393
-1341,-2271,488
-1588,-2190,586
-1863,-2043,681
-2139,-1876,762
-2384,-1705,808
-2560,-1535,812
-2643,-1369,782
-2653,-1213,742
-2584,-1073,701
-2433,-938,656
-2225,-811,608
-1975,-684,564
-1702,-559,533
-1426,-442,526
-1147,-346,536
-862,-270,549
-574,-206,553
-290,-158,548
-28,-127,533
204,-104,519
395,-89,507
553,-80,487
669,-71,464
760,-66,427
833,-63,380
890,-69,328
938,-88,278
980,-118,226
1025,-146,173
1067,-168,128
1108,-183,94
1140,-191,72
1169,-189,53
1175,-181,38
1169,-166,12
1191,-133,-39
1243,-87,-94
1309,-19,-136
1367,57,-156
1386,144,-160
1376,240,-160
1342,342,-160
1290,453,-164
1246,567,-175
1221,682,-185
1215,792,-189
1230,898,-181
1251,993,-166
1264,1089,-141
1242,1187,-112
1166,1282,-93
1053,1382,-103
935,1493,-147
831,1606,-201
711,1704,-230
554,1751,-228
386,1738,-215
243,1683,-196
158,1608,-166
152,1518,-133
230,1386,-117
341,1162,-132
429,803,-168
422,316,-194
299,-238,-195
91,-767,-182
-156,-1154,-165
-405,-1340,-157
-589,-1362,-143
-664,-1308,-96
-631,-1226,7
-461,-1169,174
-113,-1208,337
401,-1402,430
991,-1724,449
1488,-2052,426
1832,-2286,413
2025,-2382,422
2092,-2348,457
2052,-2215,498
1921,-2005,517
1708,-1711,498
1432,-1346,435
1116,-952,340
868,-564,222
798,-201,80
913,123,-51
1155,427,-158
1437,728,-242
1693,1019,-302
1882,1300,-339
2006,1566,-356
2079,1817,-360
2126,2036,-332
2164,2204,-261
2211,2306,-153
2268,2337,-38
2320,2280,72
2346,2128,145
2327,1879,152
2267,1530,109
2187,1088,58
2106,594,22
2048,121,10
2015,-269,5
1983,-571,5
1949,-785,9
1906,-920,14
1855,-973,29
1794,-952,45
1742,-861,51
1711,-718,61
1700,-551,74
1722,-373,100
1775,-185,130
1849,8,165
1962,227,195
2103,474,217
2279,722,216
2460,951,198
2621,1145,175
2745,1296,147
2823,1411,104
2852,1489,54
2830,1540,-6
2767,1561,-71
2686,1551,-142
2613,1501,-208
2561,1406,-251
2521,1265,-264
2486,1076,-258
2448,839,-237
2378,572,-206
2257,282,-165
2093,-15,-124
1911,-289,-89
1718,-537,-59
1536,-749,-32
1381,-919,1
1270,-1058,35
1192,-1171,73
1132,-1260,105
1079,-1332,136
1038,-1389,165
993,-1418,191
947,-1431,208
897,-1428,222
842,-1403,235
784,-1356,251
731,-1291,260
678,-1199,267
634,-1073,261
589,-914,252
544,-736,227
498,-541,190
440,-337,154
377,-141,121
297,29,99
190,171,80
62,277,63
-66,355,47
-176,410,27
-273,434,3
-348,435,-10
-399,406,-21
-428,363,-28
-438,307,-35
-429,235,-43
-404,148,-52
-379,53,-62
-353,-33,-80
-339,-99,-91
-338,-143,-101
-311,-150,-110
-249,-130,-122
-149,-87,-130
-30,-18,-126
99,76,-108
218,182,-83
348,253,-66
502,277,-62
687,276,-73
874,275,-93
1029,273,-129
1131,255,-200
1204,204,-311
1297,114,-458
1475,-18,-642
1724,-173,-858
1944,-327,-1085
2012,-434,-1269
1885,-468,-1384
1586,-435,-1427
1175,-354,-1412
714,-277,-1356
303,-239,-1284
26,-236,-1211
-75,-242,-1154
-19,-224,-1117
186,-175,-1105
509,-114,-1112
926,-57,-1116
1406,-41,-1128
1910,-68,-1148
2389,-112,-1166
2802,-163,-1165
3114,-228,-1140
3306,-313,-1075
3351,-414,-977
3227,-544,-858
2931,-716,-720
2468,-927,-564
1879,-1171,-376
1226,-1452,-176
598,-1754,-4
75,-2054,146
-329,-2331,275
-645,-2548,380
-897,-2664,468
-1131,-2665,548
-1375,-2568,624
-1638,-2406,686
-1899,-2208,737
-2134,-1975,771
-2321,-1703,781
-2444,-1403,773
-2495,-1089,743
-2466,-775,693
-2343,-466,630
-2142,-179,563
-1877,62,504
-1563,250,459
-1230,365,431
-905,423,413
-601,438,398
-329,428,392
-85,396,380
157,355,356
407,299,325
640,230,292
867,155,260
1087,73,227
1296,2,181
1486,-60,122
1656,-116,51
1800,-166,-21
1909,-210,-78
1978,-250,-138
2006,-278,-198
1982,-305,-249
1916,-318,-297
1819,-308,-333
1717,-284,-373
1618,-242,-409
1527,-185,-438
1462,-119,-463
1411,-41,-471
1360,52,-457
1289,171,-425
1197,308,-381
1086,467,-321
962,643,-258
831,832,-189
713,1031,-125
606,1239,-76
518,1418,-44
440,1529,-24
385,1530,-3
375,1426,25
427,1258,47
523,1063,43
620,856,-8
649,638,-82
586,402,-149
432,148,-181
223,-144,-177
30,-481,-177
-108,-831,-204
-222,-1147,-243
-308,-1402,-307
-386,-1560,-361
-480,-1606,-376
-599,-1529,-368
-749,-1299,-338
-920,-925,-262
-1040,-498,-141
-1011,-111,-22
-825,187,90
-541,426,211
-239,638,346
50,799,464
359,871,541
665,824,566
938,643,556
1147,351,517
1258,26,467
1244,-234,422
1123,-408,394
922,-504,369
692,-568,340
457,-637,314
240,-705,303
57,-742,304
-75,-739,314
-171,-686,329
-253,-594,347
-313,-471,364
-342,-324,369
-329,-175,357
-263,-38,338
-141,99,320
28,242,298
232,383,268
431,511,228
599,629,180
712,734,128
779,829,85
826,915,51
873,978,33
942,1020,40
1030,1035,55
1128,1033,79
1215,1021,104
1291,1006,126
1342,989,151
1355,957,178
1341,912,202
1302,849,226
1239,763,245
1164,667,262
1080,568,278
988,464,293
893,369,305
810,275,310
741,191,309
693,114,308
648,43,305
615,-14,303
603,-57,293
616,-84,272
660,-99,243
728,-106,213
806,-93,183
887,-66,158
970,-18,129
1043,55,91
1099,140,55
1118,221,35
1109,296,20
1072,359,15
1005,388,4
920,368,-12
825,294,-21
723,166,-12
625,-13,20
530,-208,77
436,-367,145
334,-476,189
232,-548,211
144,-589,243
84,-627,275
78,-679,294
140,-752,301
263,-845,301
408,-947,305
525,-1012,328
578,-1014,360
550,-952,392
463,-849,416
338,-724,427
187,-597,432
24,-472,435
-127,-373,434
-273,-304,438
-418,-253,450
-560,-202,462
-713,-139,473
-864,-76,473
-1010,-30,463
-1143,-14,436
-1253,-26,392
-1335,-64,335
-1368,-124,261
-1327,-196,175
-1199,-276,94
-981,-351,19
-675,-420,-24
-275,-482,-32
203,-543,-17
762,-619,2
1355,-708,-4
1918,-795,-46
2400,-874,-106
2752,-918,-167
2956,-906,-212
2995,-832,-254
2858,-707,-306
2594,-535,-364
2262,-333,-418
1917,-118,-424
1610,89,-354
1414,288,-241
1377,455,-125
1463,557,-46
1598,554,-37
1659,391,-131
1563,99,-382
1218,-154,-685
548,-116,-830
-254,360,-701
-965,1234,-325
-1489,2263,192
-1764,3174,701
-1787,3720,994
-1524,3796,1065
-919,3429,1030
-44,2719,958
918,1785,884
1759,704,761
2329,-410,559
2618,-1444,357
2766,-2295,237
2943,-2969,179
3206,-3497,166
3497,-3903,177
3769,-4191,217
3981,-4304,287
4127,-4104,360
4168,-3491,438
3952,-2550,482
3362,-1458,479
2440,-409,429
1345,431,346
242,1036,259
-723,1423,196
-1489,1645,144
-2035,1756,103
-2402,1802,73
-2635,1825,64
-2779,1845,77
-2886,1865,97
-2962,1881,106
-3015,1896,94
-3047,1902,65
-3079,1879,27
-3092,1819,-15
-3082,1718,-56
-3067,1564,-97
-3125,1363,-105
-3287,1128,-48
-3525,860,45
-3741,585,103
-3820,361,45
-3724,200,-90
-3493,25,-199
-3094,-167,-223
-2457,-388,-238
-1537,-667,-348
-402,-1056,-502
751,-1505,-571
1719,-1943,-534
2281,-2319,-432
2310,-2482,-282
1975,-2225,-176
1767,-1703,-296
1926,-1354,-594
2577,-1203,-804
3900,-904,-822
5582,-372,-713
6952,139,-559
7599,408,-476
7452,375,-466
6502,0,-499
4860,-632,-581
2854,-1258,-663
868,-1652,-631
-707,-1803,-458
-1763,-1796,-226
-2432,-1631,-20
-2933,-1306,126
-3366,-850,185
-3780,-335,175
-4211,158,155
-4679,609,175
-5146,1020,241
-5558,1407,335
-5867,1775,455
-6056,2130,611
-6096,2468,789
-5922,2750,974
-5506,2918,1137
-4821,2886,1258
-3884,2617,1346
-2756,2117,1396
-1543,1438,1374
-330,600,1244
763,-319,981
1671,-1248,587
2359,-2070,115
2865,-2711,-335
3270,-3187,-727
3683,-3518,-1062
4207,-3696,-1328
4835,-3694,-1491
5439,-3498,-1558
5880,-3072,-1538
6029,-2449,-1449
5745,-1731,-1329
5012,-999,-1215
3945,-297,-1112
2622,355,-941
1210,959,-631
-42,1433,-224
-963,1705,144
-1587,1765,406
-1988,1626,527
-2255,1349,542
-2455,1033,512
-2616,798,533
-2736,732,632
-2806,824,782
-2797,1017,943
-2686,1270,1091
-2469,1514,1198
-2146,1672,1229
-1673,1709,1148
-1024,1594,959
-207,1347,699
734,999,428
1706,589,179
2525,158,-28
3079,-257,-166
3343,-631,-226
3390,-946,-206
3311,-1190,-143
3177,-1369,-67
3023,-1504,11
2858,-1602,98
2669,-1650,193
2448,-1592,277
2194,-1379,334
1869,-1020,348
1406,-607,323
802,-235,276
140,59,214
-490,290,132
-1044,453,31
-1485,548,-64
-1833,603,-137
-2122,642,-169
-2392,684,-153
-2666,726,-108
-2932,788,-57
-3191,866,-22
-3414,953,3
-3620,1040,31
-3861,1143,96
-4110,1303,200
-4284,1557,285
-4290,1920,300
-4075,2359,221
-3631,2826,74
-2986,3246,-65
-2247,3360,-152
-1423,2957,-179
-418,2151,-159
688,1278,-138
1687,571,-158
2432,57,-245
2880,-408,-388
2921,-961,-546
2474,-1527,-691
1656,-1958,-836
729,-2150,-992
31,-2177,-1111
-118,-2202,-1121
426,-2309,-989
1631,-2363,-709
3075,-2009,-307
4138,-1191,137
4541,-344,460
4302,137,558
3494,178,468
2266,-78,265
860,-395,56
-396,-597,-68
-1212,-641,-134
-1561,-592,-196
-1606,-479,-268
-1559,-310,-328
-1585,-90,-351
-1759,168,-335
-2064,432,-290
-2442,656,-203
-2843,840,-64
-3194,996,113
-3421,1120,312
-3469,1183,511
-3280,1145,701
-2849,1007,852
-2222,764,919
-1468,397,916
-664,-79,852
109,-652,725
811,-1281,546
1409,-1877,371
1888,-2392,231
2285,-2832,121
2651,-3199,30
3045,-3485,-34
3511,-3663,-73
4069,-3682,-100
4683,-3489,-145
5231,-3029,-229
5531,-2359,-396
5455,-1591,-642
4941,-830,-928
4050,-176,-1195
2945,342,-1375
1791,759,-1418
727,1098,-1315
-159,1362,-1099
-877,1553,-802
-1477,1674,-418
-1987,1738,6
-2405,1762,408
-2718,1742,729
-2872,1675,949
-2870,1568,1084
-2743,1453,1152
-2492,1350,1157
-2128,1270,1100
-1704,1237,1004
-1274,1274,910
-923,1346,834
-694,1386,765
-575,1335,701
-463,1170,625
-254,880,528
97,469,409
626,-21,268
1278,-515,127
1929,-957,13
2456,-1303,-43
2852,-1539,-72
3158,-1672,-103
3377,-1716,-139
3488,-1682,-153
3456,-1556,-132
3270,-1330,-86
2944,-1010,-46
2501,-627,-27
1980,-238,-31
1417,100,-46
857,388,-68
356,625,-90
-61,825,-106
-398,1018,-109
-668,1221,-83
-869,1425,-23
-1014,1636,85
-1131,1832,223
-1227,1996,352
-1303,2137,447
-1365,2241,496
-1408,2315,506
-1432,2370,478
-1452,2404,413
-1510,2385,336
-1737,2289,311
-2212,2097,404
-2875,1825,522
-3499,1532,487
-3926,1223,276
-4193,776,48
-4289,222,-12
-4053,-250,38
-3410,-653,13
-2451,-1075,-101
-1328,-1534,-218
-178,-1993,-295
849,-2437,-354
1647,-2886,-422
2130,-3297,-480
2281,-3597,-513
2174,-3714,-531
1975,-3597,-591
1896,-3323,-737
2108,-3001,-923
2578,-2595,-1007
3180,-1907,-874
3701,-805,-525
4005,565,-106
3974,1797,227
3367,2325,379
2105,2131,310
530,1659,123
-938,1217,-28
-2000,861,-67
-2539,562,-43
-2671,308,9
-2588,129,62
-2429,75,84
-2331,131,83
-2366,231,95
-2543,347,150
-2848,485,243
-3242,666,360
-3643,874,481
-3981,1074,581
-4193,1235,654
-4202,1350,695
-3974,1381,704
-3515,1265,693
-2850,973,647
-2027,517,565
-1088,-47,460
-106,-657,342
848,-1238,230
1716,-1710,150
2437,-2063,99
3052,-2351,53
3616,-2585,-16
4180,-2753,-113
4798,-2836,-233
5426,-2798,-346
5950,-2576,-452
6224,-2141,-553
6126,-1548,-673
5544,-889,-821
4468,-242,-981
3033,375,-1122
1459,983,-1171
40,1516,-1082
-1017,1892,-859
-1657,2097,-575
-1917,2146,-301
-1936,2073,-115
-1929,1934,-43
-2140,1807,10
-2666,1773,148
-3383,1888,374
-4115,2187,659
-4717,2666,1015
-5053,3281,1412
-4985,3860,1789
-4455,4198,2066
-3530,4175,2199
-2381,3732,2173
-1221,2883,2001
-185,1761,1670
682,538,1183
1475,-628,578
2272,-1658,-47
3070,-2453,-560
3778,-3013,-910
4329,-3400,-1141
4745,-3668,-1265
5058,-3857,-1260
5287,-3958,-1130
5465,-3873,-904
5542,-3464,-637
5365,-2681,-360
4763,-1695,-138
3753,-674,-6
2457,225,45
1067,914,22
-202,1349,-26
-1171,1570,-29
-1769,1667,12
-2089,1707,74
-2241,1744,160
-2301,1807,257
-2316,1895,352
-2317,1996,447
-2347,2122,558
-2376,2281,671
-2393,2453,768
-2409,2610,838
-2422,2730,876
-2413,2789,874
-2355,2770,828
-2227,2670,741
-2026,2487,629
-1729,2222,510
-1340,1882,402
-885,1454,317
-412,945,276
3,406,282
272,-73,351
327,-450,477
156,-728,624
-152,-908,717
-443,-971,655
-644,-977,411
-808,-993,105
-948,-1007,-120
-979,-958,-278
-862,-852,-399
-625,-729,-504
-324,-621,-577
-86,-571,-590
-32,-613,-529
-279,-803,-412
-887,-1094,-302
-1545,-1184,-330
-1912,-886,-566
-1865,-314,-895
-1363,435,-1073
-255,1412,-973
1624,2591,-626
4020,3553,-298
6102,3693,-318
7239,3000,-655
7276,1827,-1122
6330,481,-1546
4710,-770,-1797
2808,-1839,-1816
1132,-2700,-1652
24,-3380,-1404
-550,-3902,-1117
-811,-4237,-806
-947,-4351,-485
-1100,-4255,-166
-1410,-3955,113
-1985,-3454,338
-2741,-2775,446
-3500,-1963,409
-4105,-1060,301
-4487,-128,226
-4671,843,247
-4645,1851,337
-4378,2814,433
-3875,3660,498
-3142,4273,509
-2183,4353,464
-1068,3655,379
212,2670,302
1463,1775,255
2531,1041,172
3292,397,41
3678,-192,-85
3722,-755,-197
3500,-1313,-300
3081,-1834,-426
2610,-2275,-596
2248,-2611,-796
2072,-2814,-958
2061,-2908,-1054
2117,-2909,-1101
2143,-2793,-1093
2048,-2498,-1021
1794,-2043,-895
1386,-1486,-787
896,-892,-772
390,-287,-849
-127,287,-992
-682,773,-1123
-1289,1155,-1136
-1901,1519,-954
-2484,1949,-621
-3026,2443,-219
-3474,2938,204
-3693,3342,642
-3585,3592,1034
-3108,3641,1323
-2324,3451,1446
-1321,3033,1370
-232,2404,1124
835,1620,723
1840,747,210
2718,-123,-337
3408,-938,-783
3902,-1647,-1047
4232,-2233,-1162
4452,-2695,-1168
4593,-3045,-1101
4692,-3295,-969
4769,-3442,-789
4814,-3477,-540
4766,-3375,-206
4547,-3123,207
4110,-2713,678
3432,-2133,1134
2587,-1356,1451
1722,-410,1534
917,531,1375
188,1244,1081
-504,1603,879
-1190,1683,877
-1730,1682,967
-2024,1778,1031
-2133,1972,1034
-2195,2157,990
-2286,2245,913
-2383,2210,804
-2452,2060,656
-2455,1818,487
-2361,1525,325
-2175,1219,186
-1901,910,85
-1576,608,23
-1236,314,-3
-910,33,-7
-620,-210,-16
-388,-410,-32
-229,-569,-35
-138,-692,-20
-95,-787,24
-76,-837,82
-60,-808,131
-54,-676,169
-59,-448,174
-95,-147,159
-216,189,166
-485,518,210
-887,792,273
-1367,986,298
-1795,1077,218
-2160,1004,42
-2460,761,-166
-2597,470,-384
-2430,238,-623
-1945,76,-872
-1206,-53,-1079
-342,-207,-1173
451,-486,-1110
956,-959,-905
1010,-1530,-667
686,-1762,-510
143,-1187,-389
-338,93,-189
-38,1621,89
1583,2910,394
3866,3337,614
5589,2849,596
6103,1959,361
5531,956,16
4188,-56,-265
2373,-1007,-311
502,-1853,-112
-906,-2493,138
-1680,-2939,352
-1954,-3229,517
-1974,-3353,627
-1952,-3278,657
-2041,-2959,593
-2288,-2421,444
-2723,-1727,227
-3265,-904,-17
-3771,3,-219
-4176,933,-312
-4483,1842,-256
-4698,2679,-90
-4776,3430,109
-4659,4057,281
-4385,4414,384
-3904,4356,381
-3080,3899,302
-1875,3097,235
-342,2134,181
1310,1195,92
2797,337,-105
3903,-441,-395
4576,-1142,-665
4918,-1737,-852
5027,-2248,-967
5048,-2696,-1037
5030,-3075,-1077
4996,-3380,-1079
4954,-3572,-1052
4911,-3633,-1008
4833,-3540,-951
4667,-3238,-880
4388,-2661,-804
3966,-1868,-744
3343,-989,-713
2510,-173,-704
1593,487,-695
666,1008,-661
-247,1405,-565
-1158,1710,-408
-2017,1961,-213
-2798,2161,-13
-3493,2305,185
-4079,2358,381
-4540,2306,551
-4847,2174,695
-4940,2010,811
-4737,1866,878
-4202,1787,895
-3409,1749,893
-2446,1698,886
-1407,1587,866
-387,1359,808
497,999,660
1216,553,405
1792,94,88
2302,-313,-194
2792,-652,-408
3253,-908,-568
3662,-1078,-691
3981,-1150,-770
4188,-1111,-783
4313,-965,-725
4353,-732,-596
4275,-428,-423
4058,-89,-231
3679,259,-61
3122,623,69
2429,972,148
1661,1288,150
898,1516,80
242,1642,-21
-230,1684,-124
-562,1651,-214
-794,1573,-274
-973,1487,-317
-1117,1411,-367
-1210,1356,-436
-1224,1314,-510
-1151,1294,-575
-947,1301,-617
-642,1333,-620
-238,1396,-587
249,1474,-527
829,1500,-450
1445,1428,-386
1983,1248,-352
2327,959,-350
2406,584,-358
2223,168,-362
1844,-272,-358
1325,-804,-337
649,-1455,-315
-178,-2070,-338
-1097,-2373,-405
-1892,-2132,-445
-2344,-1306,-296
-2233,-195,107
-1472,744,639
-317,1448,1167
816,1860,1503
1761,1687,1461
2375,893,1069
2537,-144,548
2168,-1208,134
1445,-2352,-110
625,-3530,-278
-16,-4567,-390
-401,-5456,-405
-499,-6251,-381
-366,-6850,-380
-227,-7073,-430
-270,-6443,-600
-639,-4933,-923
-1209,-2940,-1309
-1724,-974,-1587
-2084,572,-1624
-2268,1630,-1414
-2250,2295,-1030
-2051,2767,-523
-1690,3256,59
-1118,3972,629
-233,4879,1044
924,5426,1178
2115,5321,967
3133,4937,575
3870,4474,199
4389,3939,-97
4805,3275,-325
5098,2529,-445
5205,1798,-436
5110,1128,-347
4839,533,-251
4454,25,-187
4041,-408,-155
3684,-782,-138
3411,-1120,-114
3205,-1428,-70
3032,-1702,-3
2868,-1954,104
2711,-2189,229
2580,-2428,358
2480,-2655,484
2427,-2856,603
2422,-3000,718
2428,-3058,832
2390,-3028,941
2273,-2900,1031
2074,-2621,1092
1789,-2174,1125
1443,-1569,1107
1122,-837,1007
885,-85,829
773,616,627
788,1219,468
921,1699,379
1159,2090,339
1459,2429,342
1810,2728,355
2196,2990,367
2524,3152,374
2583,3053,355
2449,2818,305
2206,2566,267
1912,2315,252
1633,2072,240
1396,1823,224
1227,1535,224
1121,1195,242
1077,789,271
1092,327,281
1166,-166,266
1295,-658,238
1453,-1117,212
1594,-1502,199
1686,-1806,187
1720,-2033,171
1707,-2189,147
1661,-2278,120
1595,-2299,89
1525,-2244,52
1450,-2100,6
1362,-1865,-51
1234,-1573,-123
1015,-1276,-205
716,-983,-291
375,-683,-376
27,-378,-444
-289,-78,-495
-557,189,-529
-755,399,-545
-886,546,-540
-958,637,-521
-1001,690,-486
-1010,721,-435
-980,772,-387
-906,850,-346
-808,943,-312
-709,1028,-286
-618,1094,-254
-530,1146,-209
-422,1169,-154
-272,1152,-111
-125,1068,-94
-69,906,-113
-114,689,-188
-215,442,-352
-253,189,-610
-147,-3,-914
99,-66,-1194
418,13,-1421
707,187,-1620
940,378,-1796
1143,493,-1916
1338,445,-1956
1535,215,-1917
1741,-162,-1840
1960,-616,-1757
2206,-1051,-1700
2497,-1394,-1679
2830,-1609,-1687
3220,-1723,-1711
3656,-1748,-1753
4111,-1668,-1806
4594,-1474,-1862
5089,-1164,-1878
5523,-767,-1835
5774,-354,-1718
5747,-23,-1552
5390,205,-1360
4682,313,-1138
3712,279,-913
2576,102,-713
1433,-160,-506
447,-473,-284
-347,-840,-71
-1007,-1250,123
-1556,-1678,295
-2030,-2061,449
-2510,-2322,621
-3065,-2410,815
-3632,-2304,987
-4118,-2081,1084
-4468,-1832,1111
-4644,-1635,1070
-4658,-1520,975
-4532,-1462,866
-4299,-1432,774
-3970,-1391,704
-3573,-1322,658
-3115,-1226,622
-2620,-1093,600
-2116,-931,582
-1645,-746,570
-1220,-549,563
-847,-338,559
-535,-132,558
-262,44,563
-20,199,561
224,318,546
463,379,524
691,390,485
909,387,436
1106,374,389
1264,354,341
1389,336,286
1477,310,229
1523,279,168
1528,238,112
1486,178,64
1417,105,28
1324,27,-5
1214,-47,-35
1108,-107,-74
1026,-144,-132
971,-162,-184
946,-169,-217
950,-168,-232
964,-161,-239
995,-143,-238
1034,-102,-235
1081,-33,-225
1126,59,-213
1170,176,-194
1223,300,-166
1261,438,-127
1271,585,-78
1248,739,-27
1194,900,31
1100,1071,84
969,1248,110
826,1428,104
699,1606,63
591,1772,12
496,1912,-29
419,1997,-54
351,2019,-69
285,1982,-71
228,1915,-58
174,1830,-39
118,1696,-23
48,1490,-18
-26,1193,-22
-78,807,-21
-67,354,-25
1,-134,-33
85,-639,-43
112,-1121,-58
32,-1509,-83
-156,-1726,-137
-414,-1738,-194
-682,-1607,-193
-904,-1397,-101
-1045,-1149,77
-1088,-921,285
-997,-740,471
-762,-615,599
-387,-553,658
59,-585,645
520,-751,571
937,-1020,465
1311,-1331,367
1651,-1608,303
1952,-1822,275
2208,-1957,253
2414,-2000,227
2538,-1948,171
2585,-1802,80
2561,-1559,-25
2475,-1222,-125
2357,-792,-209
2234,-296,-268
2121,226,-296
2037,751,-286
1995,1249,-254
1994,1655,-214
2024,1951,-168
2068,2169,-102
2120,2322,-29
2178,2406,49
2245,2399,102
2328,2287,115
2406,2062,89
2477,1738,23
2544,1333,-55
2596,874,-125
2623,418,-169
2624,22,-190
2607,-276,-199
2592,-487,-195
2591,-612,-180
2609,-657,-159
2624,-629,-129
2638,-555,-94
2655,-445,-59
2669,-298,-28
2678,-145,0
2680,20,33
2687,188,61
2687,348,87
2676,482,110
2660,601,132
2643,717,152
2621,820,168
2606,908,177
2596,980,171
2577,1037,157
2554,1078,130
2517,1097,96
2454,1071,61
2370,1016,18
2295,936,-22
2245,830,-57
2229,694,-81
2244,528,-101
2265,335,-118
2280,108,-128
2286,-126,-133
2268,-350,-129
2220,-549,-113
2153,-724,-86
2064,-888,-59
1979,-1026,-33
1919,-1115,4
1855,-1148,52
1764,-1161,106
1651,-1152,159
1520,-1117,210
1372,-1059,259
1214,-983,304
1066,-899,342
919,-808,375
787,-725,406
675,-643,422
586,-567,438
516,-505,443
466,-447,440
419,-397,437
359,-360,426
304,-333,407
248,-311,384
198,-286,356
160,-252,325
126,-216,285
92,-192,243
50,-177,200
1,-174,165
-53,-186,134
-112,-186,115
-162,-147,98
-193,-99,85
-225,-59,90
-248,-43,100
-274,-57,115
-292,-90,126
-291,-136,138
-270,-185,149
-240,-246,157
-212,-312,161
-190,-394,160
-167,-474,143
-149,-531,123
-136,-565,99
-120,-557,77
-102,-511,51
-81,-426,21
-44,-303,-8
36,-146,-35
160,39,-53
340,264,-58
551,511,-53
770,766,-23
986,1003,34
1163,1165,80
1270,1235,97
1311,1243,92
1283,1233,66
1210,1209,16
1132,1180,-67
1103,1125,-198
1171,1032,-392
1347,902,-633
1546,737,-875
1626,582,-1049
1501,464,-1146
1195,394,-1197
768,364,-1225
319,343,-1220
-36,285,-1177
-259,158,-1101
-356,-44,-1013
-332,-290,-937
-211,-547,-881
-16,-754,-853
257,-891,-849
608,-970,-863
997,-1030,-885
1405,-1106,-906
1792,-1195,-923
2112,-1283,-917
2368,-1350,-892
2534,-1385,-845
2581,-1403,-776
2494,-1403,-686
2278,-1384,-583
1978,-1373,-490
1623,-1402,-392
1231,-1489,-294
825,-1622,-184
427,-1754,-78
46,-1852,11
-297,-1902,90
-619,-1908,157
-911,-1876,216
-1181,-1815,288
-1440,-1714,370
-1680,-1570,452
-1904,-1394,523
-2089,-1186,560
-2211,-960,561
-2257,-734,536
-2226,-525,497
-2127,-358,468
-1959,-241,460
-1728,-164,461
-1458,-121,468
-1161,-110,477
-867,-125,495
-605,-165,515
-383,-215,522
-194,-263,521
-36,-305,520
115,-329,514
271,-344,499
417,-344,468
557,-336,432
677,-323,396
769,-310,355
830,-294,310
861,-282,263
869,-267,209
862,-245,156
847,-225,106
837,-216,69
836,-213,43
836,-202,20
842,-185,-4
840,-159,-26
842,-133,-48
843,-101,-61
846,-56,-79
866,-10,-95
895,41,-105
937,100,-114
994,156,-118
1061,208,-114
1127,238,-105
1192,250,-94
1245,261,-79
1258,258,-64
1243,251,-54
1218,240,-47
1173,226,-42
1127,223,-36
1076,229,-32
1034,243,-37
994,265,-44
928,285,-57
853,308,-80
774,347,-108
678,387,-124
568,434,-127
435,477,-121
278,505,-111
112,528,-104
-45,548,-98
-180,559,-97
-303,556,-90
-419,542,-76
-534,512,-59
-645,467,-36
-751,412,2
-836,354,44
-890,287,87
-883,211,117
-815,136,127
-685,53,131
-509,-26,135
-309,-99,141
-112,-177,155
45,-270,178
157,-376,203
213,-489,229
242,-588,242
293,-643,232
378,-633,197
494,-557,155
601,-463,132
639,-408,139
561,-413,180
381,-442,255
120,-459,351
-182,-433,460
-496,-358,572
-767,-255,669
-940,-160,747
-975,-94,805
-841,-89,825
-562,-167,801
-205,-300,747
160,-445,679
513,-577,598
835,-698,505
1110,-801,404
1330,-859,314
1491,-859,239
1591,-798,175
1626,-682,117
1594,-517,69
1504,-325,30
1392,-137,-16
1297,10,-70
1237,124,-134
1209,230,-195
1207,332,-240
1235,425,-278
1279,520,-301
1313,621,-294
1338,715,-250
1344,802,-178
1342,874,-90
1337,921,-6
1338,931,69
1344,902,112
1338,817,130
1311,669,131
1238,471,130
1142,230,137
1034,-11,155
934,-205,164
870,-350,162
848,-448,156
839,-500,145
832,-516,138
822,-499,129
827,-449,122
832,-372,127
841,-281,137
863,-177,152
893,-67,159
940,44,166
989,163,175
1035,280,178
1085,391,170
1152,508,152
1232,618,136
1307,709,125
1383,777,121
1429,818,125
1451,831,132
1452,831,139
1436,809,144
1403,756,149
1359,686,157
1311,601,165
1253,510,178
1191,413,191
1125,309,205
1056,215,219
982,138,226
912,79,235
847,36,236
774,8,232
684,-9,222
595,-16,208
510,-21,196
420,-26,190
330,-16,190
254,0,186
198,20,169
161,32,150
147,35,133
140,39,127
137,52,122
148,72,109
162,92,97
189,110,81
221,117,68
239,105,55
269,82,24
340,52,-32
434,27,-78
517,22,-111
571,27,-132
596,16,-147
620,1,-167
646,8,-180
689,34,-190
739,66,-198
788,91,-202
823,104,-201
833,95,-194
822,77,-181
811,56,-172
809,20,-174
793,-28,-171
764,-65,-156
742,-101,-136
738,-127,-116
762,-153,-92
810,-168,-74
861,-177,-52
879,-180,-27
860,-168,10
799,-150,49
702,-136,91
588,-126,130
468,-121,174
342,-126,219
249,-150,262
235,-219,282
300,-337,278
403,-449,276
466,-509,290
456,-501,311
414,-441,311
369,-354,278
366,-271,203
417,-216,93
527,-174,-31
678,-138,-152
833,-93,-265
976,-60,-349
1076,-39,-405
1122,-37,-432
1103,-53,-433
1028,-81,-419
903,-129,-404
753,-193,-395
602,-284,-395
477,-400,-388
384,-539,-367
321,-706,-328
282,-898,-266
274,-1119,-209
314,-1347,-179
398,-1562,-178
520,-1766,-203
715,-1931,-246
1047,-2027,-307
1492,-2046,-377
1988,-1976,-443
2471,-1791,-504
2868,-1497,-563
3120,-1099,-623
3216,-613,-689
3166,-42,-738
3016,622,-765
2851,1355,-778
2777,2039,-770
2870,2510,-774
3010,2591,-848
2686,2302,-874
1617,1875,-748
160,1659,-564
-1189,1933,-288
-2245,2694,209
-3039,3716,927
-3637,4637,1649
-4008,5201,2203
-4023,5218,2572
-3528,4576,2781
-2468,3390,2824
-1015,1913,2668
487,478,2306
1725,-730,1779
2569,-1740,1139
3022,-2683,480
3281,-3670,-83
3586,-4677,-531
4080,-5578,-834
4700,-6256,-980
5353,-6687,-966
5920,-6802,-777
6290,-6193,-432
6195,-4666,-46
5253,-2741,242
3539,-912,320
1509,470,202
-372,1350,37
-1935,1802,-15
-3075,1967,25
-3812,1976,92
-4249,1920,176
-4493,1861,276
-4603,1831,352
-4623,1839,378
-4586,1872,333
-4498,1923,230
-4357,1982,100
-4153,2056,-21
-3858,2140,-117
-3458,2227,-184
-2926,2311,-217
-2254,2387,-232
-1467,2439,-229
-666,2409,-168
-79,2148,-25
240,1691,169
352,1146,306
329,630,290
223,184,142
71,-150,-51
-68,-343,-245
-132,-454,-412
-79,-574,-533
122,-744,-605
443,-996,-631
772,-1351,-611
990,-1827,-542
1010,-2350,-445
848,-2678,-363
661,-2544,-311
686,-2096,-326
1196,-1682,-415
2344,-1373,-505
3887,-1040,-506
5206,-671,-403
5862,-427,-268
5810,-405,-184
5139,-583,-182
3961,-857,-230
2469,-1086,-276
941,-1181,-288
-290,-1117,-263
-1076,-917,-196
-1507,-607,-108
-1770,-185,-45
-2032,317,-6
-2390,824,25
-2876,1270,79
-3435,1634,187
-3991,1910,338
-4472,2101,504
-4859,2230,680
-5122,2299,843
-5197,2277,970
-5046,2165,1053
-4660,1975,1102
-4033,1677,1115
-3203,1265,1079
-2252,770,1003
-1279,250,881
-404,-268,692
260,-789,421
724,-1272,140
1039,-1687,-71
1273,-2044,-219
1463,-2336,-333
1634,-2550,-420
1813,-2664,-480
2010,-2706,-516
2290,-2693,-527
2727,-2633,-531
3315,-2499,-522
3940,-2249,-505
4491,-1882,-499
4865,-1399,-520
4928,-869,-571
4617,-364,-651
3937,85,-749
2945,476,-841
1767,808,-893
593,1101,-891
-370,1349,-825
-1065,1544,-716
-1517,1670,-562
-1794,1696,-383
-1954,1617,-216
-2049,1481,-114
-2144,1331,-63
-2263,1190,-11
-2428,1110,133
-2611,1135,386
-2744,1312,684
-2740,1608,959
-2546,1936,1161
-2168,2162,1247
-1658,2169,1222
-1051,1934,1120
-396,1474,957
267,849,752
905,158,515
1472,-515,257
1960,-1138,33
2348,-1649,-104
2631,-2027,-192
2846,-2269,-241
3034,-2387,-247
3226,-2391,-217
3416,-2286,-156
3559,-2069,-75
3572,-1737,28
3412,-1289,166
3064,-755,297
2559,-205,372
1978,293,371
1370,696,318
771,945,246
275,1059,197
-89,1088,170
-381,1082,151
-647,1080,122
-914,1087,79
-1189,1109,29
-1443,1142,-30
-1653,1192,-79
-1808,1255,-129
-1913,1332,-161
-1966,1428,-171
-1988,1531,-151
-2005,1654,-84
-2019,1792,17
-2000,1921,139
-1917,2016,236
-1762,2061,292
-1527,2057,316
-1225,2001,320
-844,1898,328
-429,1735,342
-52,1501,381
215,1226,433
339,941,481
331,678,504
213,445,477
2,210,406
-319,-47,332
-732,-339,267
-1123,-657,183
-1376,-960,57
-1403,-1214,-104
-1179,-1409,-313
-739,-1572,-509
-219,-1779,-621
235,-2077,-603
556,-2371,-501
690,-2561,-383
631,-2624,-293
457,-2564,-271
324,-2415,-349
409,-2203,-476
817,-1835,-487
1526,-1165,-291
2261,-204,99
2627,682,507
2447,1116,629
1808,1088,480
924,754,238
112,280,61
-369,-212,11
-509,-652,43
-451,-990,82
-365,-1205,63
-355,-1268,3
-471,-1146,-50
-725,-844,-79
-1088,-406,-89
-1481,97,-67
-1778,599,-9
-1950,1034,85
-2019,1365,200
-1983,1606,315
-1845,1772,427
-1613,1886,529
-1299,1959,601
-895,1917,589
-431,1710,487
46,1340,332
520,865,158
963,368,-4
1350,-111,-134
1661,-545,-224
1874,-949,-269
1989,-1328,-287
2030,-1672,-288
2025,-1963,-274
2001,-2217,-245
1970,-2437,-219
1933,-2624,-194
1884,-2779,-162
1826,-2876,-126
1744,-2886,-87
1617,-2789,-53
1422,-2575,-15
1142,-2254,38
783,-1853,82
343,-1375,107
-152,-849,117
-632,-330,112
-988,116,106
-1208,452,121
-1330,678,163
-1375,809,204
-1360,884,208
-1297,929,172
-1205,948,100
-1091,958,13
-937,973,-70
-746,1001,-145
-506,1062,-206
-223,1178,-256
82,1321,-311
386,1424,-391
657,1395,-511
802,1148,-646
658,784,-688
215,557,-602
-350,636,-447
-920,998,-219
-1379,1502,86
-1630,1996,419
-1654,2341,708
-1455,2446,890
-1042,2252,939
-437,1759,867
313,1042,699
1120,268,465
1842,-408,187
2382,-981,-96
2764,-1434,-327
3070,-1786,-480
3363,-2085,-576
3627,-2358,-623
3830,-2598,-621
3939,-2778,-562
3915,-2851,-459
3713,-2747,-333
3293,-2419,-223
2659,-1888,-152
1837,-1188,-129
874,-409,-134
-109,313,-138
-940,912,-131
-1519,1353,-106
-1855,1669,-57
-2015,1937,36
-2066,2195,166
-2060,2462,314
-2034,2714,468
-2019,2921,603
-2020,3059,688
-2030,3122,709
-2023,3116,666
-1982,3013,570
-1894,2799,457
-1735,2493,353
-1506,2100,279
-1214,1619,233
-886,1041,216
-598,397,230
-453,-233,281
-502,-797,317
-669,-1260,286
-830,-1600,165
-969,-1867,-8
-1097,-2111,-153
-1182,-2322,-261
-1158,-2449,-351
-964,-2413,-460
-606,-2229,-605
-139,-1941,-755
382,-1605,-845
926,-1262,-839
1446,-967,-755
1830,-834,-637
1912,-854,-524
1641,-858,-479
1132,-659,-570
700,-163,-810
625,609,-1025
1201,1762,-988
2333,3219,-620
3468,4275,-106
3921,4257,136
3450,3342,84
2338,2043,-76
984,659,-199
-199,-660,-194
-919,-1799,-60
-1172,-2694,108
-1115,-3331,221
-917,-3690,234
-719,-3774,174
-631,-3593,77
-718,-3125,-28
-997,-2372,-92
-1508,-1353,-76
-2182,-121,42
-2821,1159,233
-3279,2259,418
-3597,3034,562
-3879,3425,664
-4076,3547,751
-4102,3526,852
-3892,3382,956
-3414,3082,1016
-2692,2637,1014
-1838,2113,953
-948,1561,836
-131,987,647
532,413,386
1011,-112,138
1299,-568,-31
1435,-983,-122
1479,-1350,-176
1499,-1659,-199
1533,-1920,-194
1605,-2138,-176
1705,-2327,-150
1823,-2494,-123
1952,-2634,-94
2084,-2733,-69
2229,-2776,-36
2381,-2765,14
2469,-2665,84
2418,-2461,165
2196,-2154,240
1787,-1753,276
1199,-1299,269
495,-833,226
-168,-401,164
-656,-67,126
-929,156,114
-1009,290,116
-951,361,115
-791,412,91
-578,485,29
-348,594,-62
-142,736,-176
19,901,-302
155,1075,-437
300,1239,-573
503,1369,-691
777,1450,-774
1115,1459,-812
1425,1385,-792
1532,1230,-682
1289,1051,-463
641,964,-158
-263,1059,180
-1189,1321,530
-1866,1644,833
-2198,1882,1047
-2227,1933,1136
-1974,1773,1108
-1462,1428,979
-757,956,777
37,445,545
805,-20,304
1436,-429,71
1853,-802,-113
2134,-1157,-269
2355,-1496,-391
2526,-1787,-464
2655,-1993,-515
2741,-2106,-544
2774,-2107,-545
2714,-1996,-534
2515,-1768,-519
2138,-1419,-498
1584,-973,-476
860,-455,-453
37,95,-418
-772,652,-354
-1449,1193,-251
-1907,1683,-98
-2152,2131,92
-2231,2541,290
-2190,2890,456
-2066,3142,573
-1886,3279,632
-1670,3303,645
-1422,3225,632
-1143,3077,605
-844,2868,576
-542,2607,528
-252,2272,470
-7,1852,409
187,1353,345
305,802,292
314,254,281
195,-232,308
-32,-662,332
-317,-1024,312
-581,-1323,221
-751,-1570,56
-838,-1807,-96
-866,-2024,-185
-811,-2162,-223
-631,-2151,-253
-351,-1985,-291
-27,-1725,-340
321,-1437,-377
637,-1164,-373
851,-1000,-337
861,-1034,-277
585,-1251,-208
104,-1415,-208
-277,-1275,-407
-337,-696,-803
-90,363,-1162
576,2034,-1233
1752,3987,-949
3217,5346,-558
4317,5371,-502
4502,4253,-721
3825,2624,-989
2614,950,-1142
1233,-572,-1066
-10,-1835,-768
-873,-2756,-399
-1403,-3364,-79
-1723,-3684,175
-1912,-3750,365
-2070,-3577,489
-2284,-3148,571
-2601,-2450,648
-3082,-1511,740
-3700,-417,827
-4292,679,855
-4727,1651,829
-4985,2438,822
-5104,3031,869
-5095,3355,962
-4853,3439,1025
-4282,3284,999
-3385,2879,909
-2228,2310,799
-921,1734,668
394,1197,468
1598,666,164
2518,120,-174
3071,-363,-449
3275,-754,-620
3221,-1069,-713
3018,-1331,-757
2723,-1556,-764
2396,-1738,-727
2088,-1881,-652
1843,-1988,-540
1660,-2073,-420
1540,-2161,-324
1470,-2260,-252
1417,-2373,-192
1371,-2469,-116
1338,-2526,-22
1315,-2513,102
1302,-2407,235
1276,-2195,341
1209,-1866,392
1088,-1413,361
893,-859,257
628,-254,109
287,328,-47
-76,827,-174
-420,1234,-267
-731,1566,-319
-996,1853,-321
-1160,2115,-277
-1205,2346,-219
-1161,2515,-213
-1092,2564,-272
-1112,2430,-377
-1185,1992,-538
-1174,1154,-791
-1051,291,-1016
-931,-90,-1010
-822,105,-691
-689,810,-92
-552,1836,624
-456,2833,1152
-420,3463,1361
-285,3565,1406
46,3162,1400
555,2373,1330
1149,1356,1157
1696,245,856
2140,-796,464
2508,-1678,62
2841,-2289,-228
3186,-2663,-403
3513,-2875,-501
3796,-2990,-555
4026,-3033,-558
4206,-3006,-489
4335,-2889,-339
4395,-2639,-127
4345,-2221,74
4118,-1675,230
3605,-1095,322
2803,-550,359
1842,-73,356
881,337,334
35,653,306
-660,848,276
-1208,938,242
-1619,968,209
-1929,968,177
-2146,958,135
-2296,944,84
-2404,939,23
-2467,939,-44
-2483,947,-113
-2405,927,-172
-2169,831,-175
-1781,653,-106
-1289,440,7
-744,261,131
-238,154,219
145,148,259
371,231,233
