-58,41,114
-57,42,119
-57,42,118
-57,42,117
-60,41,119
-57,42,118
-52,37,117
-47,38,117
-43,38,119
-34,38,119
-29,38,117
-20,38,115
-17,37,112
-10,33,110
-6,32,107
4,29,105
14,28,104
22,26,101
28,21,102
32,21,101
38,22,100
45,18,96
50,20,90
49,21,86
53,21,85
57,27,82
62,30,78
62,30,75
68,29,70
69,32,68
65,31,64
66,34,64
65,31,59
65,30,55
63,29,55
55,32,51
50,35,48
44,34,46
39,36,45
33,41,41
29,41,39
22,41,41
19,44,40
13,45,34
7,47,37
3,48,36
-3,47,37
-4,52,37
-8,55,37
-10,54,36
-11,52,31
-9,49,31
-5,51,33
-2,53,31
-3,50,29
-6,51,27
-6,50,24
0,50,22
5,47,20
8,50,19
10,48,17
12,46,15
14,48,17
14,46,15
16,47,12
18,45,9
21,45,9
24,42,8
27,40,6
22,37,2
24,38,5
24,40,6
23,36,8
20,34,5
19,35,2
17,36,2
16,35,2
9,34,1
9,31,3
11,34,4
10,35,4
7,31,1
9,31,1
9,30,0
11,26,-4
12,24,-2
11,22,-1
14,21,0
20,19,0
26,18,0
26,13,3
27,14,2
31,13,-2
35,14,-2
39,14,1
42,12,3
43,10,1
43,10,0
44,10,3
48,8,1
48,5,1
49,3,0
56,6,3
54,5,5
51,3,5
52,5,6
56,6,5
58,6,7
57,7,9
58,6,11
60,2,7
54,3,3
55,4,5
59,4,11
58,3,9
54,2,9
53,2,12
58,3,9
59,3,8
59,3,11
60,3,12
58,5,12
55,4,13
57,6,17
56,9,18
58,10,15
55,7,15
54,11,16
50,13,17
48,16,18
43,14,16
39,14,16
42,14,14
40,14,17
33,17,18
34,16,15
34,16,15
29,17,18
25,12,17
22,15,16
24,19,17
26,16,16
23,16,14
27,19,11
29,18,10
28,22,7
32,20,9
34,26,9
32,26,7
33,23,7
30,21,6
30,24,7
30,20,6
29,16,10
27,19,15
29,19,15
25,16,21
22,19,22
22,21,23
23,27,27
25,30,30
22,28,34
18,30,35
17,35,34
15,33,35
12,33,36
11,31,37
13,31,35
13,30,34
10,29,32
11,33,35
13,33,37
14,30,38
16,26,35
13,28,34
14,26,30
14,27,31
20,27,31
23,25,27
27,25,28
27,24,29
26,25,31
26,25,32
29,26,30
30,28,30
31,28,31
29,29,34
31,27,38
26,28,40
24,27,41
18,26,39
13,27,37
9,27,39
6,26,40
4,26,41
6,21,44
3,20,44
3,23,42
1,26,40
1,27,43
1,26,42
3,25,40
7,25,43
8,24,41
11,23,40
16,18,40
18,19,40
19,18,42
21,19,41
22,18,45
24,17,48
24,19,45
27,16,48
29,19,50
28,19,50
26,18,50
24,20,51
20,21,50
17,21,51
15,18,52
11,19,54
10,14,55
7,16,55
5,15,53
3,11,54
3,10,52
3,11,52
8,11,49
7,14,49
9,9,51
12,11,50
14,10,46
13,14,47
20,11,48
19,9,46
20,11,49
25,12,44
24,17,45
19,14,42
20,14,40
23,16,42
25,16,42
22,13,40
21,14,35
21,11,39
19,16,41
16,15,39
16,13,37
12,15,40
10,14,40
9,13,39
5,14,38
6,14,38
9,11,44
5,12,43
7,12,44
9,16,43
10,18,42
10,14,43
9,13,39
8,14,38
11,13,42
14,16,38
14,14,38
12,17,37
9,17,34
9,17,37
12,20,38
13,20,36
11,16,31
9,18,31
8,17,29
8,19,31
5,19,30
4,16,33
5,19,30
7,17,30
5,18,27
11,18,26
14,17,28
12,18,27
11,19,27
10,19,28
12,21,31
16,23,32
17,24,31
20,24,30
15,26,30
17,26,31
16,24,34
13,24,33
15,23,28
14,25,27
12,27,28
16,25,29
13,27,31
15,28,30
13,28,30
10,27,25
6,26,22
6,26,24
4,28,24
8,30,22
8,30,23
7,31,23
8,32,21
5,32,19
0,34,21
4,33,22
2,28,23
0,32,24
-1,32,22
1,36,21
1,35,24
3,30,24
6,33,21
3,35,22
3,32,19
9,32,20
7,39,17
9,38,16
10,35,19
7,33,16
8,32,16
10,29,17
11,28,21
12,25,20
13,24,26
17,26,27
16,28,29
17,27,33
20,32,36
26,33,42
22,32,45
28,31,45
31,34,49
31,33,49
35,29,52
33,31,51
31,34,52
31,29,53
31,27,56
31,30,54
34,29,51
33,26,49
29,22,48
28,25,48
29,28,49
31,22,48
31,17,42
36,20,42
33,22,43
30,24,41
32,24,40
35,24,37
36,25,31
38,23,31
38,24,29
36,27,31
33,25,29
30,24,25
31,26,22
28,21,23
24,20,24
21,21,23
17,19,19
12,19,20
13,21,22
12,21,20
10,21,23
6,23,21
9,24,17
7,22,17
8,23,15
7,22,19
11,19,22
17,17,19
22,19,14
26,18,17
26,15,19
22,13,22
26,16,24
27,19,27
25,21,26
25,21,29
27,21,30
28,21,31
28,18,33
28,20,33
28,22,34
23,22,34
24,21,37
25,21,39
21,19,41
17,18,38
17,17,38
20,17,39
22,15,39
25,13,40
24,13,37
25,15,36
33,15,41
36,14,40
35,13,38
38,14,41
38,15,39
37,14,37
40,13,36
40,16,38
41,17,38
39,20,35
36,20,36
35,22,38
33,21,34
32,19,34
29,18,34
28,18,32
24,17,31
23,17,34
18,19,34
18,17,37
18,18,38
16,20,35
16,18,35
17,17,34
13,20,35
15,21,34
20,19,35
24,19,35
25,19,37
26,20,36
27,23,36
30,22,38
27,22,36
26,26,35
24,23,38
24,22,37
27,24,36
24,23,36
24,24,34
24,23,33
23,20,33
20,24,33
19,26,33
18,25,32
22,25,29
24,23,31
24,20,31
25,21,28
29,21,28
29,22,28
32,22,27
37,21,28
32,20,26
39,20,26
46,20,29
49,20,31
48,23,31
51,22,33
48,25,30
47,23,33
49,24,36
46,26,33
48,25,34
45,30,33
43,26,32
40,26,33
38,27,32
35,26,33
35,27,31
32,28,30
34,27,30
33,25,28
29,29,28
29,31,25
28,29,23
28,31,25
25,29,23
25,29,20
27,32,17
25,28,17
23,29,16
28,33,16
26,31,18
20,30,16
23,28,18
21,28,19
19,30,18
18,27,17
19,30,17
23,32,16
23,30,17
23,30,14
20,35,12
22,34,15
25,33,14
23,34,14
24,33,8
25,31,8
25,32,9
26,31,9
26,27,8
25,30,9
21,26,13
25,22,16
25,23,18
24,25,20
21,25,22
25,27,27
27,27,26
33,27,30
33,29,33
32,30,30
34,28,33
35,26,34
32,26,32
34,28,30
35,31,29
32,32,27
34,29,27
38,28,23
33,29,21
31,27,20
29,26,18
29,25,14
31,24,12
32,24,11
30,23,9
28,22,9
26,26,9
27,27,8
26,25,6
29,24,9
26,27,10
23,26,5
28,26,7
26,27,8
22,30,12
19,29,12
16,27,13
14,29,11
10,31,12
7,29,13
9,29,15
10,31,19
7,31,17
6,30,19
10,30,18
13,29,21
11,31,20
14,31,17
17,29,20
19,26,20
23,26,20
24,26,23
23,27,26
28,29,30
31,27,29
28,26,26
26,28,30
28,28,33
28,33,33
27,34,35
26,32,34
26,34,35
25,35,38
21,32,37
15,29,39
16,29,40
16,32,40
14,27,41
15,26,40
13,30,39
12,30,39
11,26,39
15,24,39
15,26,39
15,24,37
16,27,34
22,26,36
23,25,37
21,29,38
23,27,37
25,28,38
29,27,40
25,28,38
26,29,40
25,27,39
24,28,41
23,27,38
25,29,43
23,28,46
24,28,45
21,29,45
19,33,43
17,33,45
15,29,48
14,26,44
13,30,47
14,33,47
15,30,47
18,27,45
21,27,44
23,24,44
22,29,44
22,27,40
25,28,39
20,27,41
24,29,41
22,31,39
20,32,37
20,32,37
22,35,36
16,33,35
13,33,32
14,34,29
13,39,31
10,40,30
7,39,29
6,36,30
1,39,27
3,35,25
1,33,21
1,34,22
2,35,22
3,35,21
5,35,23
9,36,24
13,34,23
14,36,22
14,36,25
17,34,25
19,38,26
24,37,28
25,38,29
25,37,33
24,37,32
25,36,32
26,37,36
25,38,34
21,37,36
16,39,35
16,37,36
20,37,34
17,38,35
11,36,36
13,34,36
13,35,31
12,34,33
13,32,34
20,30,31
21,28,29
23,31,30
27,33,31
29,28,30
31,26,28
34,25,29
33,29,26
39,31,24
42,31,24
38,27,25
39,27,25
39,29,26
38,26,27
31,25,25
27,26,22
25,25,22
22,25,22
19,22,24
20,23,26
19,25,27
18,29,26
17,30,26
14,28,27
14,25,20
17,27,19
19,27,20
20,30,19
23,26,16
22,25,17
20,22,21
22,22,18
24,16,17
23,12,20
26,12,22
25,13,23
27,10,27
31,14,32
30,15,34
33,18,35
31,16,38
34,20,40
35,17,44
35,18,47
34,19,47
30,18,46
31,18,45
32,23,47
32,19,45
31,14,43
29,17,41
25,18,39
24,18,32
28,17,33
29,16,31
27,11,27
25,11,24
25,11,24
27,11,23
29,12,24
30,10,21
32,11,23
36,16,20
38,16,19
39,14,23
39,15,23
36,16,23
36,19,25
34,16,27
32,16,28
30,17,28
28,16,30
25,13,28
23,15,31
22,15,33
18,15,35
15,15,36
15,19,33
10,22,35
8,22,31
10,21,28
10,23,28
13,18,28
15,16,28
16,16,27
20,12,26
23,11,29
22,13,32
26,15,29
26,17,31
24,19,33
25,20,36
27,22,36
24,20,36
27,19,40
27,19,42
23,19,45
21,22,46
21,21,44
15,21,44
11,19,43
14,20,46
12,21,47
12,19,48
11,20,46
12,19,43
16,17,45
18,17,42
19,18,38
26,18,40
26,18,38
26,16,35
32,13,34
35,11,34
37,14,34
38,16,32
41,15,34
44,14,31
45,15,27
46,14,26
46,14,29
48,18,31
49,16,31
43,16,35
43,14,32
40,10,31
34,10,30
33,11,30
30,16,32
28,21,34
28,21,35
23,17,34
21,18,32
19,21,36
17,18,35
15,18,32
15,18,30
15,20,32
15,20,34
17,18,32
17,21,29
14,21,28
16,19,24
16,19,22
14,17,25
16,15,26
19,16,23
17,20,21
18,19,20
20,20,21
16,21,20
18,18,17
18,18,17
16,17,17
19,17,17
21,18,20
21,17,20
22,15,21
23,16,21
22,16,20
21,14,19
19,13,20
17,14,21
24,16,22
25,16,23
24,16,24
20,16,26
23,13,28
23,15,29
23,14,29
24,14,32
22,16,32
21,15,33
22,15,32
22,13,32
21,15,36
22,14,37
22,15,38
24,17,36
24,17,38
24,15,38
24,15,38
29,17,40
33,15,40
28,15,41
26,14,39
25,14,42
27,15,41
31,14,39
34,14,39
34,14,40
33,10,40
33,10,43
34,10,42
38,10,39
41,10,41
45,10,39
47,11,36
50,12,36
56,13,37
55,14,34
56,20,31
58,17,33
57,21,30
58,21,28
61,23,29
56,27,27
51,25,26
50,26,27
52,26,29
52,24,29
46,26,31
41,25,35
38,27,36
34,35,38
33,38,43
27,39,47
28,44,49
26,49,54
27,52,56
25,50,58
26,49,60
29,52,62
28,54,62
28,55,65
28,57,66
28,61,68
26,60,69
26,59,66
29,60,63
29,59,65
25,59,67
26,61,64
28,58,60
29,58,59
31,61,60
30,62,59
31,60,58
30,60,53
30,62,54
35,61,48
35,61,45
36,58,43
35,56,42
37,56,44
34,60,41
38,58,36
38,54,36
31,53,34
29,52,31
27,50,33
24,50,31
23,52,31
20,51,28
19,52,28
15,56,29
15,53,26
9,51,23
7,52,23
7,48,21
11,41,16
11,43,17
14,42,21
18,39,23
18,39,23
15,43,18
12,40,21
15,41,23
19,41,24
21,39,24
21,42,27
18,38,28
20,36,29
23,37,31
22,32,33
23,34,31
21,36,34
18,32,34
18,31,34
18,31,35
21,29,34
21,23,34
22,21,31
25,21,35
22,21,32
22,19,32
22,18,33
23,20,33
27,17,32
27,18,36
28,17,37
28,14,35
31,15,34
30,11,33
34,11,33
28,14,35
30,15,36
32,11,35
30,11,33
31,11,34
27,12,37
26,12,36
28,9,37
21,12,37
18,14,35
17,6,38
16,10,35
14,12,33
14,9,32
12,11,35
13,14,33
14,11,32
12,11,33
13,8,31
9,8,29
14,13,28
14,12,32
17,10,29
18,11,27
18,10,27
19,8,29
17,9,28
20,12,25
22,9,23
21,8,23
21,11,27
24,11,28
18,13,25
21,13,25
19,12,24
17,14,27
15,15,25
19,15,27
17,13,27
15,14,24
16,16,24
16,15,26
16,16,30
17,18,26
17,19,28
15,21,28
14,18,24
13,19,26
16,25,26
15,23,29
13,25,27
12,22,26
12,23,27
9,27,27
9,24,25
5,28,23
5,28,24
12,28,28
11,29,28
12,27,27
12,28,28
14,30,28
18,30,32
19,30,29
21,30,26
29,28,28
29,29,30
31,30,29
33,30,32
34,32,34
35,34,32
32,35,32
31,37,32
28,37,30
29,37,31
27,38,32
25,35,36
23,38,34
18,37,33
15,36,35
15,36,35
15,38,34
15,35,33
17,35,33
19,38,32
22,39,34
24,37,29
26,38,27
30,40,29
32,38,25
33,38,26
36,34,26
35,31,29
37,30,29
40,31,32
37,30,33
38,30,35
38,34,36
31,33,41
36,33,38
32,32,41
33,35,46
34,39,48
33,39,50
35,37,49
33,36,47
31,35,47
30,36,47
30,35,45
31,34,44
31,36,44
31,35,44
32,31,40
34,30,35
34,31,37
34,30,34
35,28,32
38,29,31
42,30,31
45,29,32
45,32,28
45,34,26
48,30,24
48,31,23
47,31,24
47,30,21
44,30,20
43,26,16
43,27,18
42,30,23
38,29,25
36,28,24
32,27,20
26,24,22
27,22,24
27,22,27
24,24,26
28,30,27
25,27,26
27,30,29
29,31,27
34,28,25
35,27,21
36,26,23
40,22,24
44,18,23
45,18,26
45,20,25
51,18,24
52,19,28
50,22,30
51,22,31
49,21,29
46,22,27
40,22,25
41,22,27
43,24,29
43,20,30
41,21,28
37,21,30
35,20,25
36,21,23
37,18,24
36,18,21
38,16,25
35,18,24
36,18,23
34,18,21
36,18,19
34,19,17
31,16,17
33,11,17
39,14,17
32,16,17
33,14,13
35,19,15
40,17,16
41,13,16
38,12,15
41,16,11
42,14,14
41,14,16
45,13,17
48,15,18
44,14,17
42,12,19
42,10,17
43,13,19
42,12,24
41,11,22
43,8,22
42,12,20
43,13,25
40,15,26
42,12,25
42,17,23
43,18,25
43,19,25
37,20,23
38,19,21
34,19,23
33,23,21
35,21,19
32,20,17
30,20,16
28,18,16
25,18,16
21,17,13
26,16,15
28,20,16
23,17,17
23,15,17
22,15,15
19,19,15
24,22,17
19,21,15
13,23,15
17,24,13
17,20,14
19,17,11
19,15,14
17,15,17
19,15,16
14,18,18
10,17,18
8,22,19
5,19,21
7,16,21
11,16,20
15,16,23
14,17,26
17,17,29
22,16,29
25,15,27
23,14,28
28,13,27
34,14,32
39,16,35
35,10,36
37,11,34
39,16,37
39,12,37
38,11,39
41,12,37
39,15,39
39,13,42
37,15,45
34,17,47
30,17,50
25,16,49
17,17,47
14,14,49
7,15,49
4,18,50
-1,17,52
-1,18,53
-3,16,52
-5,19,50
-3,17,52
-1,16,52
0,18,47
-3,17,42
-2,18,42
3,22,41
5,23,41
7,20,38
8,19,34
6,17,33
7,14,33
7,13,35
8,8,36
6,8,36
6,11,39
8,10,40
5,15,43
3,18,46
-1,21,50
-2,18,50
-7,23,51
-6,25,51
-5,25,51
-5,25,52
-7,27,53
-9,23,51
-15,24,48
-15,22,49
-13,22,46
-18,22,41
-19,19,38
-20,20,37
-19,21,36
-19,20,36
-16,21,33
-16,19,27
-17,20,25
-17,18,26
-14,17,21
-13,16,23
-10,16,27
-7,16,27
-4,19,23
-1,17,19
0,17,20
0,14,22
0,17,20
-2,19,22
-5,14,25
-4,16,27
-6,16,31
-10,15,33
-13,19,31
-17,16,33
-21,17,39
-23,19,36
-23,20,37
-25,18,36
-25,21,39
-25,19,37
-22,20,37
-21,20,38
-22,19,37
-19,17,38
-16,14,38
-15,14,38
-13,14,41
-12,14,40
-9,16,41
-6,19,40
-5,20,43
-4,20,42
-2,17,39
1,14,43
2,16,43
2,10,42
3,8,42
3,9,44
3,11,43
4,9,43
6,10,42
6,9,43
9,9,41
8,6,40
8,6,37
12,7,41
17,7,44
20,8,45
24,9,46
27,6,45
30,6,46
32,9,45
38,8,50
42,7,51
41,9,49
44,9,48
47,10,51
47,12,52
54,14,54
55,10,55
50,10,58
51,12,59
49,12,58
47,15,60
49,13,61
53,11,62
52,14,59
50,17,60
46,17,58
43,18,57
42,19,54
41,17,51
41,20,48
42,20,49
43,22,51
41,24,49
41,26,48
40,29,47
38,28,45
38,28,43
39,29,44
38,30,40
31,35,37
25,37,34
27,41,31
26,41,29
22,42,27
20,40,25
22,39,23
23,42,20
17,39,20
15,35,19
16,38,17
13,39,15
10,38,13
12,42,11
12,41,11
9,40,12
8,43,15
11,41,14
13,42,15
13,41,14
14,49,14
16,53,13
16,48,13
20,46,16
21,46,17
20,44,15
23,47,18
23,49,18
20,45,18
23,43,18
21,48,16
17,45,18
19,44,19
18,45,19
16,42,16
18,37,18
17,36,19
16,38,19
17,37,17
23,39,19
24,35,18
22,33,19
27,30,17
32,31,16
39,34,20
41,33,23
44,35,25
48,37,25
49,33,24
51,33,20
54,38,22
56,33,23
56,35,23
56,36,22
55,33,22
52,29,25
53,29,23
51,25,26
49,23,25
49,19,27
50,20,31
49,22,33
53,25,35
52,25,37
50,25,39
51,29,41
52,31,43
58,31,47
61,30,48
59,27,49
61,29,52
68,30,49
66,31,50
67,28,51
68,30,52
70,34,51
68,33,50
66,30,48
63,31,45
64,31,41
61,27,37
59,25,37
60,23,34
62,23,34
66,24,29
66,24,25
67,23,25
71,23,27
73,27,24
77,24,21
78,21,22
79,23,21
80,27,23
78,30,19
81,29,22
73,31,21
66,30,19
66,31,23
65,34,25
61,35,25
55,36,27
49,33,29
46,35,26
42,35,27
38,34,27
37,33,27
33,33,25
31,32,24
27,30,24
32,29,24
33,28,23
30,33,24
31,33,24
35,34,22
33,34,22
32,32,24
35,33,22
37,33,21
40,34,22
39,33,20
37,31,21
37,32,22
34,33,21
30,27,17
30,30,17
34,32,21
29,30,18
28,32,19
27,32,18
25,30,18
22,31,18
18,30,18
16,31,16
18,27,14
15,22,12
18,23,15
18,23,14
19,22,12
21,23,15
18,23,14
19,22,17
21,24,17
24,23,16
26,21,17
26,23,18
26,22,18
25,25,18
26,25,20
26,24,21
22,26,22
16,20,22
18,22,23
19,23,25
11,22,25
7,19,26
3,18,25
0,18,25
4,19,26
1,17,24
1,17,22
2,17,22
3,18,27
3,16,24
4,13,24
5,13,25
5,14,24
5,15,21
6,14,21
5,16,22
7,17,24
5,12,24
7,15,21
4,16,22
6,13,25
5,11,23
3,6,23
1,9,21
1,7,19
0,6,25
2,6,25
4,6,24
5,8,26
6,4,26
4,7,30
6,8,31
4,8,31
6,7,32
6,8,37
8,5,34
11,6,35
12,9,36
13,7,35
12,12,34
12,12,38
12,10,39
13,9,40
13,9,43
14,10,43
14,9,48
13,8,46
16,8,47
16,11,50
20,12,49
19,11,48
15,11,47
16,11,50
21,10,54
20,12,56
19,13,54
22,10,53
25,11,52
21,11,51
24,14,54
27,13,54
30,12,55
31,13,53
29,12,53
32,13,55
33,16,55
32,18,55
35,16,57
34,18,59
36,20,58
34,23,57
32,24,56
32,23,59
32,23,58
29,26,54
21,26,52
18,24,53
14,26,51
13,24,52
14,21,53
14,22,57
11,25,56
7,29,58
6,29,59
7,31,59
6,33,60
9,36,61
11,35,55
14,35,58
14,37,59
14,38,56
17,39,55
18,37,56
20,36,52
23,39,52
28,37,51
29,37,45
25,39,44
26,35,40
26,36,38
26,36,35
29,38,35
28,34,33
25,37,31
21,35,29
20,37,23
27,43,20
28,42,22
28,42,19
28,43,18
26,39,17
25,38,14
23,40,14
19,39,15
17,41,12
17,39,10
17,41,15
12,41,16
8,41,16
9,38,14
9,41,13
9,43,15
7,42,11
5,45,12
7,46,11
3,43,9
7,44,10
3,38,10
2,39,7
2,36,4
5,33,8
8,34,5
11,34,4
15,35,12
14,34,9
16,34,10
14,31,11
16,32,11
21,34,12
21,31,12
22,33,13
22,30,8
21,32,8
25,26,12
27,27,14
27,26,14
29,22,17
31,19,16
34,19,16
38,21,17
41,19,19
38,19,19
43,18,21
47,14,19
43,17,20
44,22,20
43,21,20
41,17,20
41,17,21
44,19,22
47,20,25
47,18,23
48,18,25
52,20,24
47,17,23
47,15,22
47,12,26
48,15,28
47,15,26
51,12,25
48,12,23
48,11,21
46,12,22
49,12,22
48,12,21
48,8,20
45,13,20
47,10,20
50,11,19
48,12,18
46,15,18
46,14,18
48,12,16
48,9,16
44,12,16
43,12,13
46,12,14
49,13,17
50,16,13
43,15,14
43,15,15
42,18,17
40,19,16
38,16,14
39,17,15
38,17,15
34,19,14
33,22,18
36,24,19
36,25,19
36,22,17
36,25,17
38,25,19
40,25,20
34,28,21
36,28,21
37,28,18
34,28,15
33,27,18
32,30,20
33,29,21
29,28,19
26,23,16
27,27,19
27,33,19
29,33,22
31,30,21
29,30,21
29,32,18
31,33,22
30,33,21
30,32,21
31,33,22
34,31,22
34,31,24
35,36,22
36,37,21
35,34,21
39,33,24
39,33,27
37,35,28
36,36,26
33,38,29
31,36,30
32,34,31
33,33,31
33,32,34
27,31,35
27,35,33
28,33,31
29,33,35
33,36,38
36,37,34
33,38,35
34,36,33
33,34,30
34,34,29
34,35,31
33,35,30
31,32,26
34,31,27
36,29,24
37,24,23
37,20,26
35,19,31
32,19,30
35,17,29
30,22,32
28,22,34
29,20,36
29,26,38
32,29,41
37,26,44
34,29,41
32,32,40
30,32,38
28,30,37
29,30,38
31,32,38
29,31,39
27,27,32
23,27,31
24,25,29
24,26,24
23,27,25
23,27,22
26,22,21
26,22,20
25,19,20
27,21,21
25,21,19
29,24,19
33,29,20
32,28,21
36,24,19
39,24,22
39,22,20
37,23,19
36,25,22
34,24,24
30,24,26
29,22,24
26,25,25
23,24,26
19,27,28
20,27,31
21,31,30
17,29,29
19,26,31
15,24,29
19,22,26
17,20,23
22,19,21
23,22,21
23,22,20
25,22,21
25,23,21
26,26,22
24,28,21
23,29,23
27,29,25
24,28,25
26,31,28
30,24,27
28,23,26
24,27,32
21,25,32
25,24,32
24,23,35
20,22,35
16,22,33
17,23,37
20,21,39
21,21,37
23,23,38
22,27,38
23,27,35
25,27,34
25,29,34
26,25,36
30,24,34
33,26,32
33,26,33
35,22,34
35,21,32
37,19,30
35,20,30
35,22,30
35,25,32
32,24,36
31,24,33
29,23,32
28,22,34
27,22,33
26,23,38
26,24,38
23,22,36
20,20,35
22,20,33
25,23,32
23,24,36
21,22,33
23,22,31
24,22,30
21,22,30
22,19,29
26,19,32
27,23,31
26,25,28
24,22,28
23,19,29
24,21,25
26,23,26
21,21,25
20,20,26
13,21,25
15,19,29
18,18,31
16,18,29
14,19,30
15,19,26
11,20,29
14,23,32
14,20,32
17,21,32
22,17,34
27,17,35
24,19,34
25,20,34
26,20,34
26,18,32
28,21,32
31,22,34
29,20,35
30,20,36
33,18,37
31,20,39
30,20,39
25,21,40
25,19,39
23,17,37
24,21,39
24,21,37
23,22,36
23,22,36
23,20,39
25,19,36
22,21,34
19,20,36
21,16,36
19,18,37
21,22,38
26,22,41
27,19,46
25,18,41
27,17,40
32,16,41
34,19,41
32,19,42
35,17,40
36,20,41
33,22,42
38,21,39
37,22,36
33,25,34
34,22,36
33,21,37
29,21,36
25,18,35
23,17,36
25,16,38
22,12,39
24,16,42
22,19,46
22,21,47
22,22,47
21,25,47
24,24,50
29,28,51
31,31,54
33,31,53
34,30,50
36,28,47
34,28,47
32,30,46
35,32,50
37,30,45
36,27,42
33,29,39
31,26,36
29,31,31
28,28,31
26,27,32
29,27,28
28,29,27
24,29,28
25,26,25
30,29,27
31,29,29
33,30,28
36,32,24
34,29,23
38,30,25
37,31,23
34,27,26
33,29,26
33,30,28
32,30,28
31,31,26
33,34,28
26,32,28
26,28,31
23,31,30
25,30,27
23,26,28
19,26,29
21,27,25
21,24,25
25,22,23
26,23,22
27,19,22
27,18,21
30,21,20
27,21,22
27,24,24
29,23,24
30,25,22
31,24,26
31,21,27
29,22,28
28,18,26
25,19,27
27,21,31
27,18,30
23,16,31
22,16,28
24,14,30
23,14,27
21,16,29
23,14,29
26,14,27
26,16,28
23,16,26
24,16,28
25,15,31
25,16,33
28,14,30
26,11,28
29,14,31
27,14,32
32,12,31
28,14,32
30,15,31
30,14,34
27,14,32
26,18,35
24,16,35
23,16,35
19,13,35
21,13,37
22,14,36
24,12,36
22,15,36
25,16,38
26,14,40
23,14,38
24,13,40
28,11,39
27,10,34
27,12,36
26,14,36
25,14,35
28,13,34
25,13,35
22,13,33
25,14,35
22,12,31
21,17,31
21,16,28
20,19,27
21,15,29
18,17,30
14,15,26
13,10,26
16,11,24
12,13,23
14,14,27
21,12,26
25,16,30
24,15,30
27,16,26
23,16,28
24,15,28
25,16,31
32,18,26
32,16,27
30,16,29
25,16,31
26,20,30
27,23,28
28,18,32
25,18,31
28,19,32
26,14,34
24,21,32
25,18,33
27,18,34
26,19,34
25,20,32
28,21,32
25,19,32
24,19,31
27,19,28
30,19,28
33,19,32
36,18,32
39,18,28
35,22,29
35,21,27
34,21,29
37,20,28
36,18,26
32,17,27
33,19,30
30,20,35
30,17,31
32,18,33
32,15,34
28,16,36
29,11,35
31,12,34
32,13,37
34,17,35
36,14,33
35,15,36
34,18,38
38,17,36
36,15,33
36,15,32
31,11,30
30,9,32
32,4,34
37,3,31
39,5,33
40,5,36
43,0,35
46,-2,34
51,-2,35
55,1,38
62,1,43
69,2,44
71,0,44
75,0,46
84,-2,50
95,-1,55
96,2,55
94,2,55
97,-1,59
101,-2,59
101,-2,59
101,-6,61
107,-10,62
104,-14,63
110,-17,63
115,-21,69
119,-23,73
126,-26,80
141,-25,93
154,-25,100
163,-22,103
177,-18,109
197,-13,117
209,-11,124
221,-9,127
232,-9,133
241,-10,146
250,-12,151
262,-14,155
275,-17,163
288,-18,172
302,-18,180
318,-19,181
324,-19,182
331,-15,189
341,-15,189
344,-13,189
347,-23,192
355,-30,194
363,-33,197
373,-40,204
388,-48,212
398,-55,219
410,-59,227
424,-63,237
436,-67,244
450,-69,254
463,-72,260
469,-72,268
470,-77,277
476,-81,284
483,-86,291
488,-91,299
492,-94,306
492,-95,314
490,-101,325
494,-109,329
492,-116,332
484,-125,337
478,-129,341
472,-136,348
466,-143,353
463,-151,360
457,-159,367
448,-165,374
441,-175,382
436,-186,391
432,-189,402
423,-190,409
422,-196,418
425,-203,425
430,-205,434
432,-208,445
434,-211,452
438,-214,456
444,-218,459
449,-218,468
458,-222,476
466,-223,485
467,-229,491
466,-231,498
462,-235,507
464,-236,515
466,-240,521
470,-242,525
474,-246,532
476,-249,539
482,-252,543
482,-255,546
484,-252,549
487,-254,554
484,-254,558
481,-257,561
480,-254,562
474,-253,565
478,-251,569
475,-254,567
468,-258,567
466,-257,570
463,-253,569
450,-251,567
428,-254,565
395,-257,560
354,-261,555
313,-262,548
275,-258,543
239,-254,543
208,-250,541
178,-244,536
153,-232,530
137,-222,523
124,-217,515
114,-208,509
100,-198,501
89,-189,497
78,-180,497
71,-165,492
74,-155,493
80,-141,494
97,-130,494
118,-121,494
141,-108,493
169,-101,492
192,-90,496
213,-81,496
243,-73,498
268,-60,500
292,-52,500
311,-42,496
326,-41,489
338,-37,483
346,-36,475
355,-35,473
363,-35,472
378,-34,470
398,-31,467
421,-29,468
447,-22,467
471,-15,466
498,-14,463
528,-9,457
562,-5,453
605,-4,454
639,-2,453
675,1,453
709,-2,451
739,-3,455
762,-2,460
783,1,457
806,-1,453
832,0,447
846,1,442
857,9,439
869,19,435
881,22,427
892,25,423
901,30,420
909,34,414
899,30,410
890,38,398
894,48,383
893,49,368
874,45,346
838,49,322
834,73,292
837,91,271
815,97,252
764,99,225
697,99,185
613,104,136
537,116,92
473,121,59
412,121,39
349,121,16
294,123,-10
262,132,-35
260,145,-52
268,158,-63
288,175,-78
311,202,-84
350,237,-95
393,267,-102
428,293,-105
451,316,-99
463,333,-94
477,349,-85
496,364,-77
506,366,-65
511,365,-56
513,357,-53
514,345,-52
516,331,-52
516,319,-52
518,299,-52
526,286,-52
545,275,-52
585,269,-51
636,270,-52
699,279,-52
773,297,-52
850,320,-52
917,345,-53
965,364,-56
989,369,-63
994,373,-80
973,373,-96
938,361,-105
883,347,-111
821,326,-117
748,302,-123
675,278,-122
616,256,-124
560,240,-122
515,227,-120
500,224,-121
504,227,-116
522,234,-109
539,243,-96
559,243,-82
578,242,-70
591,231,-56
597,219,-49
596,203,-35
587,187,-16
581,164,1
570,147,18
562,137,33
549,123,42
538,106,53
527,90,60
520,78,58
500,61,57
476,42,55
454,30,54
432,16,58
414,4,60
397,-8,66
372,-18,73
349,-22,78
337,-26,78
326,-28,76
323,-29,79
329,-30,78
326,-30,78
317,-27,82
306,-30,85
285,-31,85
257,-31,85
223,-29,81
180,-30,73
139,-30,63
100,-30,51
64,-25,45
33,-26,33
7,-18,17
-29,-10,-7
-68,-4,-36
-108,6,-60
-144,18,-90
-159,26,-117
-166,38,-140
-167,52,-158
-179,65,-174
-198,80,-195
-224,90,-220
-255,99,-251
-284,107,-277
-287,123,-291
-266,140,-295
-229,153,-291
-186,162,-286
-146,164,-284
-112,160,-287
-85,155,-287
-70,154,-295
-59,144,-298
-50,137,-294
-53,137,-297
-62,135,-302
-73,134,-307
-90,136,-314
-103,136,-324
-123,137,-332
-150,140,-340
-180,137,-353
-222,135,-363
-268,131,-370
-308,125,-382
-349,123,-392
-378,124,-402
-394,129,-409
-380,148,-413
-331,177,-418
-275,201,-415
-216,217,-403
-162,231,-391
-124,248,-392
-101,263,-405
-90,283,-413
-106,308,-417
-138,332,-419
-183,353,-422
-236,382,-430
-290,421,-439
-344,457,-447
-393,482,-465
-448,497,-490
-492,511,-519
-523,521,-543
-530,523,-557
-511,521,-560
-475,521,-558
-439,526,-561
-383,523,-563
-323,522,-564
-274,529,-568
-231,535,-570
-198,537,-566
-175,531,-562
-167,528,-554
-166,522,-546
-173,520,-538
-184,511,-531
-196,503,-521
-207,498,-511
-221,491,-504
-224,490,-494
-217,489,-479
-209,487,-467
-201,486,-455
-192,480,-448
-176,481,-440
-151,484,-433
-128,485,-422
-105,487,-415
-85,489,-413
-68,490,-412
-55,496,-410
-44,501,-415
-31,513,-419
-21,522,-417
-17,528,-414
-12,538,-413
-13,545,-407
-14,549,-395
-18,553,-388
-31,557,-377
-51,563,-370
-69,561,-365
-84,561,-359
-96,563,-354
-106,568,-350
-114,574,-345
-122,575,-342
-126,580,-337
-122,585,-336
-115,589,-338
-93,592,-340
-60,599,-335
-10,608,-329
68,621,-322
153,636,-314
242,646,-302
328,657,-293
400,675,-291
469,689,-288
538,701,-289
604,711,-280
643,716,-271
667,717,-265
670,711,-255
664,706,-252
646,699,-245
610,687,-236
557,673,-232
501,660,-228
439,643,-222
379,627,-217
325,609,-217
275,595,-218
232,586,-221
204,579,-227
181,570,-235
176,563,-241
179,565,-247
182,563,-248
175,552,-246
163,544,-246
143,540,-252
114,534,-261
79,525,-272
47,516,-282
15,506,-289
-15,499,-292
-40,492,-294
-67,492,-299
-98,489,-313
-123,488,-326
-150,490,-338
-169,499,-345
-193,507,-353
-212,511,-355
-234,516,-355
-259,518,-356
-281,515,-361
-303,516,-368
-318,510,-369
-331,506,-370
-344,500,-371
-355,494,-378
-369,489,-387
-385,485,-395
-399,480,-395
-409,471,-395
-417,467,-401
-420,459,-404
-430,451,-400
-435,440,-401
-441,431,-403
-437,425,-402
-431,414,-403
-406,409,-396
-359,409,-391
-300,414,-389
-235,419,-386
-171,429,-386
-120,439,-384
-79,450,-384
-45,460,-379
-14,466,-377
5,470,-376
15,476,-379
15,482,-387
11,496,-393
19,512,-398
31,527,-400
43,536,-395
52,557,-398
74,581,-401
92,600,-406
115,619,-413
136,630,-414
161,640,-413
188,647,-416
220,655,-420
263,660,-422
307,666,-420
359,672,-424
408,667,-424
469,660,-422
526,653,-421
570,641,-421
606,626,-422
628,609,-420
642,593,-421
657,580,-423
677,573,-421
692,574,-410
691,576,-396
660,573,-387
617,565,-391
561,560,-397
502,549,-396
437,545,-390
377,541,-379
334,539,-366
320,541,-352
331,547,-335
361,551,-318
402,551,-304
452,543,-296
521,535,-288
574,515,-281
595,499,-273
598,487,-272
600,474,-265
588,460,-253
569,445,-235
549,430,-213
527,417,-190
506,402,-176
478,394,-172
450,388,-170
424,379,-168
399,366,-168
377,348,-161
356,332,-149
342,318,-135
324,302,-126
311,287,-120
298,277,-114
287,276,-115
269,274,-109
251,269,-107
242,268,-108
249,266,-108
277,267,-108
320,263,-100
371,263,-92
427,263,-86
477,263,-81
522,259,-76
553,258,-81
566,250,-87
570,242,-87
578,229,-90
579,216,-87
583,204,-88
594,192,-84
600,172,-80
604,146,-75
602,124,-68
597,96,-64
585,71,-59
565,43,-54
546,16,-52
524,-12,-50
504,-39,-42
487,-59,-32
474,-82,-22
467,-103,-14
461,-124,-11
456,-143,-4
454,-159,0
454,-173,1
460,-181,0
471,-187,-1
484,-193,-5
505,-193,-7
528,-192,-8
541,-195,-11
542,-195,-18
530,-195,-30
501,-192,-37
450,-186,-43
387,-181,-43
318,-176,-43
257,-165,-43
198,-154,-45
151,-142,-40
125,-132,-34
104,-125,-28
82,-124,-15
61,-120,-3
38,-113,6
18,-109,18
3,-108,30
-9,-103,44
-20,-100,61
-36,-98,75
-52,-98,92
-77,-99,108
-102,-100,124
-130,-103,139
-157,-111,149
-185,-113,171
-206,-117,189
-236,-125,209
-268,-133,228
-295,-141,244
-322,-155,263
-348,-164,280
-378,-178,299
-416,-189,317
-450,-197,334
-483,-212,349
-504,-222,364
-519,-223,380
-526,-228,397
-525,-228,411
-512,-231,426
-493,-232,439
-475,-228,451
-444,-221,462
-417,-221,471
-388,-216,486
-361,-210,496
-333,-200,505
-304,-196,510
-284,-191,514
-258,-189,522
-233,-196,526
-209,-191,535
-176,-186,544
-139,-188,549
-105,-186,556
-68,-189,561
-31,-191,561
11,-195,566
51,-201,573
79,-205,577
99,-214,577
111,-228,577
117,-237,574
119,-248,572
123,-259,570
125,-268,566
133,-274,562
145,-285,560
155,-293,554
174,-301,545
196,-305,540
219,-310,529
238,-313,519
255,-319,508
265,-327,492
273,-330,480
275,-331,464
273,-336,449
271,-335,436
275,-336,423
267,-338,414
263,-344,404
253,-348,390
241,-347,376
230,-345,364
220,-352,346
210,-356,327
208,-356,312
208,-352,299
202,-353,286
200,-349,280
200,-345,275
204,-342,275
203,-340,273
199,-336,270
193,-333,272
183,-331,279
167,-331,285
141,-335,289
104,-336,296
65,-336,301
25,-336,303
-16,-337,305
-56,-335,306
-89,-331,307
-113,-326,311
-132,-322,310
-152,-320,313
-164,-315,310
-164,-304,308
-161,-295,302
-153,-284,298
-129,-268,289
-99,-259,277
-71,-246,267
-36,-235,250
-5,-221,240
33,-211,232
71,-205,217
110,-195,204
143,-185,191
168,-175,174
188,-172,162
201,-169,147
212,-163,137
211,-163,129
216,-165,122
220,-164,117
225,-162,111
223,-161,106
226,-161,101
226,-157,97
235,-153,94
241,-148,96
244,-147,96
240,-146,96
232,-142,92
226,-140,90
219,-139,84
210,-137,78
199,-129,75
184,-120,68
171,-115,62
164,-108,55
152,-101,50
139,-100,37
128,-100,28
121,-96,21
113,-98,18
101,-98,12
90,-97,10
85,-100,12
72,-102,15
61,-104,16
53,-109,21
37,-111,23
21,-110,22
5,-106,18
-13,-109,15
-27,-105,13
-41,-101,10
-54,-93,1
-66,-85,-10
-74,-75,-24
-82,-61,-40
-80,-48,-50
-76,-32,-54
-68,-16,-66
-55,2,-82
-46,19,-97
-35,39,-114
-29,59,-131
-25,73,-147
-25,84,-163
-22,98,-174
-25,104,-185
-34,112,-192
-43,116,-196
-63,121,-204
-85,125,-206
-106,128,-209
-124,130,-210
-134,132,-211
-138,130,-208
-142,126,-215
-145,132,-220
-139,132,-221
-128,137,-219
-119,136,-215
-112,137,-214
-95,140,-214
-79,140,-217
-69,141,-225
-54,145,-229
-40,149,-229
-28,150,-232
-17,153,-232
-1,157,-230
12,162,-227
26,165,-228
32,167,-233
26,170,-240
9,169,-245
-9,171,-250
-31,176,-249
-56,179,-248
-79,180,-246
-98,179,-242
-115,183,-235
-123,188,-231
-132,192,-228
-137,194,-223
-134,197,-215
-129,203,-209
-125,207,-206
-120,206,-200
-116,205,-195
-116,210,-190
-114,208,-186
-107,203,-179
-104,203,-175
-98,201,-170
-95,202,-166
-87,195,-163
-84,191,-160
-81,189,-156
-80,183,-153
-82,180,-147
-89,172,-138
-94,168,-129
-98,158,-117
-104,158,-106
-106,156,-92
-110,150,-79
-113,148,-65
-115,142,-55
-112,141,-47
-111,139,-35
-111,136,-16
-106,135,2
-98,135,18
-92,137,33
-90,135,47
-91,135,58
-89,141,72
-91,144,83
-90,147,94
-93,151,103
-95,153,114
-103,155,125
-106,158,139
-107,161,152
-106,166,164
-105,167,176
-109,165,186
-113,164,199
-113,164,212
-117,163,222
-127,157,231
-141,151,240
-156,149,250
-173,140,258
-189,134,264
-207,130,268
-224,118,270
-243,111,274
-260,104,276
-278,103,270
-293,103,268
-295,103,270
-287,97,270
-272,94,270
-262,93,262
-256,94,253
-246,92,244
-236,91,236
-214,92,228
-196,89,220
-176,93,215
-152,97,212
-128,100,210
-110,100,203
-97,101,200
-89,100,196
-89,99,194
-88,96,191
-91,93,191
-97,93,194
-109,86,196
-123,80,197
-144,74,196
-163,74,194
-177,64,199
-187,56,208
-199,54,211
-214,42,213
-228,32,215
-236,22,218
-242,13,217
-244,3,218
-242,-10,215
-228,-19,219
-211,-26,220
-188,-34,220
-167,-38,219
-146,-49,220
-125,-57,222
-101,-61,216
-74,-64,211
-49,-65,210
-34,-66,202
-17,-69,197
-6,-73,189
3,-77,186
11,-81,179
19,-84,174
34,-86,172
51,-86,170
64,-86,170
75,-87,164
83,-86,166
92,-85,166
92,-83,159
87,-87,152
78,-90,146
75,-88,142
72,-88,133
69,-88,125
66,-87,117
65,-87,107
61,-88,100
59,-91,93
57,-91,83
60,-89,74
65,-94,66
76,-92,57
91,-90,51
105,-93,48
111,-95,41
117,-95,34
126,-93,29
131,-93,27
132,-96,20
131,-101,16
128,-103,14
118,-104,14
101,-109,11
97,-108,14
86,-115,15
68,-121,15
50,-126,17
34,-129,20
19,-126,19
6,-125,18
-7,-124,15
-16,-120,15
-17,-118,12
-10,-111,11
-2,-101,6
8,-91,4
28,-81,1
40,-69,-5
56,-54,-7
71,-43,-12
84,-31,-14
90,-20,-17
89,-9,-23
83,4,-27
70,14,-34
51,23,-39
35,32,-40
21,40,-44
4,49,-43
-16,52,-45
-30,58,-41
-44,65,-42
-62,64,-39
-77,64,-35
-92,68,-35
-104,73,-33
-120,72,-34
-132,73,-29
-141,75,-22
-150,75,-20
-159,76,-15
-164,76,-13
-167,79,-8
-167,81,-4
-168,78,1
-169,77,5
-164,77,9
-159,75,17
-151,73,20
-145,73,23
-133,69,29
-127,69,30
-124,69,32
-117,64,38
-108,57,39
-97,54,40
-89,50,40
-79,47,41
-68,45,42
-60,42,43
-50,36,43
-41,35,45
-33,33,39
-24,30,38
-19,29,37
-19,28,36
-16,25,36
-17,24,32
-14,23,30
-13,21,29
-14,23,22
-12,20,18
-2,22,15
3,21,11
6,19,7
11,19,6
16,23,2
17,22,-1
19,26,-4
19,28,-7
17,24,-5
16,20,-3
16,22,-5
16,17,-5
20,18,-4
24,19,0
25,17,3
23,16,3
21,13,3
19,8,7
14,7,11
9,7,15
3,4,20
-3,4,25
-5,2,29
-12,3,29
-17,1,37
-20,-1,41
-26,-1,44
-35,0,44
-39,-1,44
-46,-5,47
-49,-6,53
-48,-5,56
-47,-4,58
-44,-5,58
-42,-1,59
-34,4,60
-31,9,62
-25,8,61
-19,9,61
-12,11,62
-7,11,65
-3,15,64
-4,15,61
-3,16,61
-6,18,59
-8,16,60
-6,16,58
-3,16,57
2,18,58
10,19,60
20,22,62
28,21,58
32,24,56
33,22,57
30,18,58
29,17,58
30,15,60
24,10,59
18,9,57
14,8,62
17,5,65
23,-1,66
28,-6,65
32,-9,66
31,-8,68
31,-12,70
33,-20,74
34,-25,77
30,-26,77
27,-29,78
28,-33,82
24,-38,87
25,-39,89
28,-40,92
26,-41,96
24,-39,98
25,-37,99
22,-35,101
15,-35,100
9,-35,105
-5,-36,106
-24,-37,104
-45,-35,107
-66,-34,106
-90,-35,106
-114,-36,109
-134,-37,108
-153,-39,106
-166,-39,106
-168,-34,105
-156,-32,101
-141,-31,95
-114,-28,90
-80,-19,88
-51,-10,86
-24,-6,83
1,2,82
24,6,75
38,8,68
46,13,66
46,20,66
45,22,60
38,21,62
30,24,58
18,28,52
7,32,51
-2,36,49
-10,39,45
-21,44,42
-31,47,41
-43,51,40
-51,53,40
-61,56,40
-68,58,38
-74,60,37
-80,64,36
-87,68,34
-89,71,36
-94,70,36
-100,73,34
-102,75,33
-100,75,31
-101,77,29
-101,79,25
-96,80,27
-90,80,24
-87,82,22
-78,85,20
-73,85,21
-66,85,21
-65,84,17
-65,84,15
-65,87,12
-63,84,15
-65,83,14
-68,80,14
-65,82,12
-67,78,11
-70,77,9
-65,76,9
-65,75,8
-64,76,3
-61,74,5
-56,68,3
-51,66,1
-49,63,-1
-40,64,-3
-31,65,-1
-23,65,0
-22,59,-4
-22,57,-6
-20,56,-8
-16,50,-4
-15,47,-2
-13,47,-1
-10,44,-1
-9,43,-4
-5,37,-1
-4,33,-3
3,32,-1
14,28,-4
25,26,-1
33,25,3
41,25,4
50,21,5
54,15,7
60,14,8
58,7,8
59,7,7
62,6,9
61,5,11
59,-3,14
57,-8,13
58,-7,12
63,-7,16
63,-6,18
63,-10,18
64,-11,18
69,-14,17
71,-13,16
69,-11,18
73,-11,17
79,-11,16
78,-7,17
76,-7,15
75,-7,18
74,-10,18
72,-5,19
71,-5,15
68,-6,14
66,-5,17
64,-7,15
60,-8,14
59,-5,17
59,-9,17
61,-9,18
61,-10,22
61,-9,21
64,-9,22
60,-6,18
64,-3,20
69,-4,21
64,-6,24
60,-7,24
60,-4,25
60,-2,24
60,-2,23
58,0,26
55,1,27
54,1,24
58,0,22
66,4,24
68,3,22
68,1,22
67,5,22
65,4,24
62,6,24
62,5,25
55,6,24
54,11,26
48,13,28
44,14,24
38,9,21
40,12,27
39,14,23
39,16,23
33,17,21
37,21,24
42,23,27
40,22,24
36,24,24
34,26,23
28,28,25
28,28,24
29,31,22
30,32,23
32,34,28
33,35,31
30,36,29
27,36,27
24,36,30
20,35,30
17,32,28
14,34,29
12,35,29
12,36,29
12,36,30
14,36,34
16,37,36
16,38,36
20,33,35
21,34,37
17,34,36
13,32,34
15,34,37
16,33,40
17,30,38
17,28,38
17,31,39
23,31,40
22,32,41
20,37,40
16,35,38
13,32,34
9,32,33
9,32,34
1,34,34
-5,31,34
-7,32,36
-12,32,35
-16,35,33
-19,31,29
-24,33,29
-24,34,29
-18,33,26
-14,30,23
-12,32,21
-8,34,16
-2,32,16
1,31,16
2,30,18
0,25,15
-1,27,17
-6,30,14
-9,30,13
-8,28,10
-10,25,9
-10,26,7
-11,30,4
-11,33,-3
-11,32,-6
-9,34,-12
-4,37,-15
-4,35,-18
-4,35,-18
-2,39,-22
0,43,-28
5,40,-34
5,39,-37
9,37,-38
8,35,-39
10,35,-42
16,31,-40
14,29,-39
19,25,-42
18,23,-41
23,16,-41
37,13,-38
48,10,-36
55,4,-33
64,-3,-30
75,-4,-29
82,-11,-25
89,-16,-22
99,-22,-18
108,-29,-18
116,-33,-13
124,-33,-10
133,-40,-10
145,-44,-6
157,-45,-1
171,-52,1
183,-55,6
201,-54,6
216,-59,4
226,-60,5
229,-59,9
237,-63,7
237,-67,7
232,-69,14
226,-70,17
216,-73,18
202,-73,19
190,-74,20
176,-75,24
166,-72,31
159,-73,32
149,-74,30
140,-72,30
131,-70,31
126,-72,33
123,-71,32
123,-70,36
122,-67,38
121,-65,39
124,-65,43
126,-64,40
133,-62,42
133,-61,44
130,-59,44
134,-55,46
132,-53,43
128,-53,42
124,-48,41
118,-46,42
111,-43,42
103,-41,45
93,-35,42
81,-29,39
71,-30,37
58,-27,38
51,-22,42
40,-16,38
31,-11,38
26,-11,40
25,-9,36
23,-3,34
19,1,32
17,4,33
15,9,30
13,9,28
9,14,26
6,17,26
7,21,24
6,25,26
3,24,28
5,25,29
1,33,28
-7,35,30
-8,33,29
-13,38,32
-13,43,34
-13,44,36
-16,49,35
-22,50,35
-27,52,38
-31,57,40
-37,56,40
-42,57,41
-43,60,44
-44,59,43
-43,62,45
-44,64,50
-47,65,50
-50,64,51
-56,58,51
-58,57,53
-60,57,51
-70,58,51
-80,57,48
-98,51,43
-112,50,35
-127,50,31
-136,48,31
-129,42,33
-124,37,38
-118,38,41
-112,32,45
-99,29,49
-87,28,50
-78,27,52
-74,28,51
-70,28,51
-68,22,52
-65,23,52
-57,25,54
-50,26,56
-45,29,56
-40,34,53
-34,34,52
-25,31,50
-17,33,49
-11,35,48
-3,35,45
5,34,45
5,32,45
11,31,44
12,30,46
11,27,43
13,27,42
13,28,44
16,29,47
15,25,46
17,27,46
22,25,48
22,25,48
24,29,49
28,30,51
34,29,53
40,32,55
40,33,56
40,33,55
41,31,56
44,32,58
45,31,62
48,27,62
45,31,63
41,32,63
40,31,64
35,26,66
33,27,65
32,24,67
27,24,68
23,20,70
18,17,74
15,15,74
15,12,76
14,8,78
14,3,78
19,4,79
20,-3,78
22,-6,80
25,-10,80
30,-10,80
37,-9,83
42,-12,82
48,-12,84
56,-13,80
59,-17,80
66,-17,83
69,-16,82
69,-18,79
68,-16,77
64,-17,76
64,-18,74
60,-19,73
55,-18,70
54,-18,65
54,-14,64
53,-8,63
50,-10,60
48,-11,57
45,-6,53
42,-3,48
39,-3,45
35,-2,44
40,0,41
40,6,38
35,7,33
36,7,31
37,12,28
33,11,24
31,11,23
28,13,21
25,11,19
23,16,16
25,18,17
28,16,16
31,15,15
32,18,11
33,19,9
35,21,8
35,23,7
36,25,8
28,23,7
29,23,6
20,26,9
19,24,8
17,25,9
18,24,8
12,24,9
7,29,7
4,30,7
1,27,9
-8,28,10
-11,27,9
-8,28,10
-3,29,14
0,30,14
2,31,15
7,32,14
11,31,10
14,33,14
17,32,14
16,33,16
15,32,18
13,31,16
14,30,15
14,29,14
9,31,16
10,31,14
10,31,14
11,32,17
13,35,20
15,33,16
12,32,13
10,34,14
7,34,17
6,35,16
5,33,15
4,34,15
5,34,17
5,34,17
8,34,17
11,31,18
10,33,17
10,31,17
11,33,16
10,33,13
11,29,17
10,30,21
11,27,21
12,29,21
12,29,22
15,24,19
15,27,22
16,27,23
15,28,20
14,27,22
17,25,27
15,26,27
14,23,27
15,22,25
15,21,28
16,22,30
19,19,31
21,18,32
20,18,33
20,16,37
21,17,33
21,17,38
23,17,40
22,14,38
23,13,39
26,12,39
25,9,36
26,9,35
27,12,38
31,11,40
33,12,39
31,12,37
28,10,37
24,8,39
25,11,39
25,12,39
24,12,37
23,13,38
25,13,40
24,16,37
23,13,37
23,12,36
26,14,39
27,15,37
25,15,36
29,20,39
32,22,38
35,21,37
31,22,36
32,19,37
35,20,39
37,21,35
37,20,35
32,22,31
33,25,33
34,27,33
31,25,31
28,28,28
26,26,30
17,27,34
11,29,35
10,26,37
6,25,38
4,25,41
9,24,36
6,21,37
6,22,39
15,22,40
22,18,42
29,19,41
35,17,41
43,19,42
47,20,44
51,15,42
51,15,43
47,13,45
49,15,44
50,14,45
49,15,48
48,19,50
47,18,45
46,17,44
47,15,46
44,15,47
40,18,43
38,20,42
39,19,40
36,17,38
36,21,37
33,18,35
34,20,34
35,24,33
36,25,34
38,25,33
42,26,30
44,29,31
44,30,29
45,31,26
52,32,25
65,30,29
82,35,27
99,36,26
121,40,27
146,44,26
171,47,24
193,50,24
208,54,21
217,54,18
226,58,16
230,61,19
231,63,22
229,62,24
223,58,21
213,56,27
198,57,26
184,54,31
168,51,29
153,48,31
139,47,33
123,47,34
106,48,34
92,44,35
76,44,35
60,43,36
43,38,38
30,31,37
13,34,40
0,32,43
-12,27,42
-12,28,41
-4,28,43
6,28,42
18,29,46
29,28,44
37,29,39
45,30,41
53,30,40
56,29,40
52,30,43
46,30,42
37,31,44
36,32,44
30,27,44
26,21,46
25,24,47
15,25,48
5,25,48
0,24,49
-3,21,50
-8,20,54
-10,18,52
-12,18,53
-21,20,54
-20,17,54
-12,19,53
-9,20,52
-5,18,53
5,20,52
13,24,51
19,24,50
24,18,45
22,19,44
23,23,47
25,21,47
28,23,46
25,22,47
25,25,44
22,25,46
14,23,44
10,21,43
9,23,43
9,22,39
5,25,34
-2,26,31
-6,25,28
-11,27,29
-18,26,29
-24,24,29
-27,23,27
-25,22,23
-19,25,25
-14,27,24
-11,29,20
-8,28,21
-4,29,19
-1,34,17
2,32,20
8,30,22
12,32,24
13,32,25
15,34,25
16,37,26
12,35,26
9,34,22
9,34,24
7,34,25
2,32,27
1,32,26
-4,31,29
-4,34,32
-5,32,34
-4,33,31
-5,35,31
-4,34,35
-4,34,34
0,34,35
2,35,34
0,35,33
-2,32,34
3,31,30
4,32,33
9,34,28
14,39,26
18,40,29
17,42,28
13,41,25
14,39,27
16,43,29
15,40,28
10,40,27
9,41,24
4,38,26
1,37,28
-2,36,28
0,39,25
8,33,29
11,37,27
14,35,26
21,31,23
22,29,24
23,30,27
29,31,28
32,31,28
34,25,26
37,22,28
38,19,28
36,20,29
38,16,31
33,14,28
35,16,29
38,15,31
40,11,27
44,13,27
45,14,30
44,17,30
41,16,32
37,17,30
35,16,27
30,20,26
28,20,26
25,24,27
24,25,31
19,27,27
15,28,26
9,27,25
4,27,26
-1,29,21
0,28,20
3,32,19
7,33,21
6,32,19
5,36,18
8,38,15
9,37,15
8,36,15
11,36,15
8,39,12
4,39,11
7,35,10
9,37,9
8,36,13
7,37,15
7,35,17
10,33,17
11,31,15
10,35,17
11,31,16
11,32,16
11,29,15
14,29,14
17,29,15
22,28,16
23,29,18
26,29,21
30,29,19
28,30,18
25,29,18
21,31,20
21,29,21
21,29,22
16,32,19
10,30,19
10,29,20
12,30,22
11,32,20
9,33,19
4,34,20
2,37,20
3,34,22
-1,35,24
-1,38,22
-3,39,22
-5,39,20
-3,37,19
1,39,22
3,42,18
8,36,17
5,37,17
13,36,19
15,35,22
11,37,22
15,38,21
20,37,22
22,38,21
20,35,20
19,33,21
15,34,22
14,36,21
11,30,21
10,32,25
12,28,28
13,28,26
9,27,27
8,25,27
12,30,29
12,27,31
9,23,32
11,28,31
8,27,28
12,24,29
14,23,30
17,21,30
20,22,27
21,20,28
22,19,32
23,21,32
24,20,29
26,23,29
23,21,29
21,23,33
20,22,31
15,25,32
16,24,35
16,23,34
13,25,34
11,24,33
10,19,32
12,20,32
11,25,30
7,23,32
10,24,34
15,28,35
11,27,37
9,22,38
10,20,37
9,21,36
13,21,38
12,24,38
16,24,40
18,22,39
22,22,37
23,18,36
26,20,34
26,21,38
29,20,40
31,21,41
34,20,37
37,14,36
38,15,37
36,17,37
35,16,37
40,15,36
38,13,35
31,12,35
30,14,34
32,14,36
27,11,32
30,13,34
32,14,34
32,15,34
35,13,33
39,11,30
34,16,29
34,15,28
39,15,27
42,12,24
39,13,27
44,18,24
44,16,21
40,20,22
41,24,21
40,22,21
35,20,22
33,17,26
27,21,23
18,21,26
14,20,27
8,19,32
8,20,31
10,18,35
10,18,35
6,18,36
6,17,36
2,16,35
-4,16,41
-6,17,44
-10,14,45
-7,14,43
-10,15,45
-10,16,49
-6,14,50
-7,10,51
-6,8,50
1,9,52
6,10,52
14,8,50
20,12,49
27,10,48
33,11,46
36,9,45
36,8,46
42,9,43
44,6,40
46,10,41
49,9,39
49,10,35
42,11,35
41,13,32
40,11,33
35,11,33
32,10,31
31,11,29
32,17,28
31,18,29
28,14,31
29,15,32
28,16,32
34,18,30
37,20,28
38,19,30
41,19,30
47,17,33
44,19,32
43,20,32
45,20,32
44,20,34
40,19,36
37,18,39
33,18,38
31,17,37
29,17,42
26,18,41
25,16,43
28,20,42
27,20,41
27,20,41
24,20,40
19,19,41
20,18,43
23,18,46
27,18,44
26,17,47
27,22,47
27,22,46
28,19,43
29,17,43
28,16,43
30,15,43
32,19,41
34,19,42
35,20,41
31,20,39
29,19,40
28,20,38
29,20,38
26,23,38
26,18,37
30,20,36
31,20,34
26,19,37
25,18,35
28,19,35
27,20,34
25,19,33
19,19,31
18,17,35
17,19,34
17,20,36
13,17,35
16,17,34
16,19,34
12,17,36
9,17,36
10,18,34
4,18,35
-1,18,36
-5,18,36
-8,20,36
-16,24,37
-25,23,35
-36,26,34
-43,25,32
-49,33,33
-62,32,34
-75,32,33
-81,33,30
-87,34,30
-94,38,27
-101,35,27
-101,35,26
-95,37,26
-88,35,22
-81,38,25
-76,43,28
-67,45,24
-62,43,21
-53,40,21
-45,39,21
-38,42,16
-33,39,15
-23,38,16
-15,39,17
-7,40,18
-4,37,18
-2,39,19
3,37,19
2,38,22
-2,39,19
-2,38,19
-6,36,21
-6,35,23
-5,33,21
-5,35,21
-3,38,20
1,34,21
-1,38,24
4,38,20
-2,39,18
-1,34,18
-2,36,18
-4,33,20
-6,29,15
-5,33,13
-2,33,13
6,29,13
9,26,15
15,28,14
19,29,15
22,28,13
25,24,13
27,22,14
29,23,17
31,19,18
33,15,18
33,14,16
30,15,18
30,13,23
30,12,25
30,11,25
28,10,29
27,5,32
27,7,32
27,9,33
24,4,33
27,6,37
30,9,41
27,9,43
31,10,42
28,11,42
23,13,42
17,12,44
8,13,46
8,12,46
5,9,50
3,7,52
2,13,55
7,14,58
12,13,55
17,14,54
17,11,56
15,13,55
15,16,55
14,17,57
15,16,57
17,10,58
19,12,59
20,16,56
20,18,59
23,16,59
25,15,60
23,18,55
24,17,53
28,14,52
26,14,52
26,14,51
27,15,47
28,15,45
28,15,44
29,12,44
34,12,44
36,13,42
41,14,39
45,13,37
48,13,38
52,16,36
56,17,33
55,16,30
50,20,26
46,17,27
43,15,26
37,15,26
36,18,24
33,14,25
29,16,27
27,16,25
25,15,23
25,17,22
29,14,25
34,15,23
41,18,23
43,17,21
42,19,22
43,17,23
42,20,22
44,17,24
43,18,25
42,20,22
41,20,21
41,20,24
40,20,26
40,22,23
39,23,23
33,20,25
32,21,26
33,23,28
34,26,28
31,24,29
31,24,31
30,26,30
25,28,30
22,26,30
25,22,30
24,24,32
22,28,35
18,26,32
14,25,25
15,27,29
16,29,30
19,29,31
21,29,30
21,27,30
22,22,30
22,25,31
25,26,31
26,23,32
27,20,32
30,25,27
27,25,30
28,24,30
31,28,30
34,25,30
32,23,28
33,25,25
34,23,28
35,21,29
38,21,28
41,23,26
41,21,26
38,23,25
36,24,26
33,24,28
29,22,26
24,24,25
23,25,27
24,24,30
26,24,32
25,24,30
22,21,27
22,20,30
19,22,31
21,23,29
21,24,30
22,25,29
27,22,29
23,22,30
25,22,27
31,24,30
29,22,31
30,26,32
24,26,33
26,20,31
27,23,34
23,24,34
25,24,30
27,23,30
28,26,29
30,25,29
33,27,31
32,25,29
30,22,28
31,24,28
31,26,28
30,27,26
27,26,24
30,29,24
25,25,25
27,27,23
23,28,24
23,25,24
23,26,23
25,27,24
27,29,21
30,28,21
32,31,22
33,28,26
32,27,24
34,25,27
37,22,26
37,22,27
33,24,27
34,24,25
34,26,28
33,23,28
36,22,25
35,23,27
35,25,27
33,21,27
33,20,30
29,25,30
31,21,31
31,23,32
30,25,33
30,22,32
35,25,32
36,23,31
39,28,30
41,30,29
43,31,26
40,30,21
35,31,24
33,31,22
33,31,19
29,33,20
23,31,19
25,31,20
22,30,21
18,32,21
16,33,25
17,32,28
19,28,27
19,22,26
16,23,29
19,24,29
25,24,31
29,21,32
29,23,34
29,21,38
28,17,38
26,18,38
25,15,37
28,16,40
24,18,41
23,19,39
19,19,39
17,17,38
14,14,35
13,17,39
5,18,39
2,21,35
7,18,34
5,17,35
-3,20,32
-1,20,36
3,22,35
5,23,29
9,25,28
10,25,26
15,25,26
19,26,27
19,25,23
21,27,22
20,26,26
20,25,25
18,26,27
16,26,26
19,28,26
17,24,22
20,26,23
22,27,25
25,24,23
27,25,21
27,27,25
28,26,24
32,30,25
31,28,22
30,26,24
30,26,26
27,29,24
26,29,25
26,30,27
25,31,24
25,32,23
27,32,23
27,34,28
29,34,30
29,34,25
23,33,23
21,33,23
23,34,27
22,36,30
20,37,26
15,39,27
18,36,28
13,36,27
17,32,26
17,34,26
19,36,28
17,35,28
18,39,28
21,40,27
18,39,25
19,39,25
20,37,28
21,39,23
24,38,25
25,35,29
25,35,27
22,36,25
22,37,25
20,39,25
20,37,26
18,35,28
15,36,24
19,36,24
25,36,26
26,38,25
27,36,28
30,37,30
33,36,29
34,38,27
38,38,28
38,38,27
39,38,26
35,35,28
28,33,27
32,31,30
33,34,33
28,33,32
24,34,31
25,33,30
25,35,30
25,38,30
26,35,28
28,38,32
23,38,29
21,39,31
22,39,29
23,40,31
23,40,27
22,41,28
18,40,26
20,38,27
24,40,29
23,41,29
22,41,27
24,42,26
22,44,26
18,45,26
20,44,23
18,43,24
17,43,25
14,45,25
15,43,26
15,41,24
14,41,20
15,40,21
18,40,25
21,39,23
21,40,22
23,40,22
30,40,21
28,41,20
27,40,23
26,39,24
25,37,23
21,36,27
20,35,26
17,34,22
15,37,23
20,38,26
24,35,25
26,32,25
27,36,22
24,38,22
24,38,22
18,38,24
12,38,25
11,36,27
10,35,25
7,35,26
6,37,26
6,37,27
9,35,28
12,34,29
18,35,27
23,36,26
26,36,26
27,36,22
31,39,21
33,36,20
32,35,20
29,40,23
25,37,22
21,34,23
18,34,20
19,34,23
18,32,26
21,32,31
25,30,30
27,27,30
29,27,31
31,27,29
34,28,29
36,24,29
36,24,28
36,25,31
38,26,35
38,25,37
39,22,37
40,23,37
41,21,38
39,22,39
34,21,40
31,25,41
31,22,41
29,26,41
33,22,42
30,23,37
30,27,37
29,26,37
25,22,34
27,23,37
28,26,39
29,27,39
31,27,37
28,27,38
29,26,36
28,28,37
27,29,34
26,32,34
18,31,32
17,31,29
21,33,30
17,34,29
15,33,29
16,30,28
17,32,28
20,33,28
24,31,26
26,31,28
22,28,27
25,31,25
28,31,24
28,31,26
25,32,27
24,30,27
24,29,24
20,27,24
20,28,25
23,27,25
22,28,29
23,29,27
25,25,28
29,27,27
27,29,30
27,29,33
24,29,32
28,29,31
29,29,33
26,30,36
28,34,35
31,35,36
29,33,41
26,32,39
20,34,36
14,37,38
16,38,37
15,37,36
9,43,36
4,42,37
2,42,36
5,45,35
4,46,37
2,49,36
-1,49,33
1,47,33
3,45,34
1,48,34
-2,49,32
-4,52,30
-4,50,34
0,47,32
0,47,31
0,50,31
-1,50,31
-3,48,29
-5,48,28
-8,47,31
-9,47,31
-7,44,32
-4,47,35
0,44,34
1,44,32
1,42,32
5,44,34
5,42,33
5,42,32
10,39,33
11,37,32
10,40,35
10,36,35
10,34,35
12,36,37
13,35,37
15,34,33
12,33,30
14,33,32
18,33,37
24,36,35
24,33,34
25,32,34
24,32,30
29,34,30
32,34,32
31,32,31
28,32,33
25,31,29
24,30,29
24,27,31
23,29,32
24,28,29
28,28,30
30,27,31
33,28,34
37,23,32
36,25,32
40,19,32
40,22,35
39,20,32
41,21,33
44,21,37
43,20,37
41,17,34
43,16,31
41,15,32
40,14,30
43,14,30
45,13,31
51,13,32
52,13,33
50,10,31
54,9,34
54,10,33
56,9,33
53,7,30
52,8,31
53,13,33
49,11,34
47,10,33
44,10,34
41,11,35
37,10,37
33,11,38
30,10,37
28,12,36
18,16,33
16,14,34
20,18,38
18,18,39
15,20,39
18,19,40
20,18,40
24,23,37
31,25,38
34,22,38
35,22,33
37,22,36
43,22,33
42,21,33
40,24,30
39,26,29
36,27,30
32,27,28
29,31,25
28,33,24
26,31,25
22,31,27
18,30,30
17,26,30
19,27,30
23,28,30
22,25,31
22,24,32
30,24,34
36,25,36
40,20,37
41,22,36
37,24,39
38,21,42
40,21,44
33,18,44
32,17,46
30,15,47
28,17,48
30,12,52
32,15,55
28,17,54
31,17,53
31,17,55
31,15,55
28,14,54
30,14,55
32,14,53
35,16,52
37,16,51
41,15,51
39,15,51
35,17,49
31,17,47
32,14,45
30,19,44
30,21,43
30,20,46
28,19,44
26,20,39
28,20,41
30,17,40
32,17,39
37,19,40
38,19,40
37,17,37
37,20,37
40,18,37
42,16,37
38,15,36
36,15,38
32,16,36
31,15,36
30,11,37
33,12,41
34,11,41
35,11,43
34,7,42
38,6,43
37,7,42
38,6,40
38,4,40
40,2,45
40,5,47
41,4,45
40,8,45
41,6,44
41,6,45
42,7,46
39,7,48
36,8,47
34,9,47
31,4,46
29,6,44
30,5,47
32,2,46
26,11,44
24,14,47
20,13,44
20,15,46
27,16,45
31,16,45
29,15,46
31,14,45
30,15,42
35,17,40
34,15,39
33,15,39
30,16,35
38,16,34
41,15,39
42,14,45
