3351,2001,221
3368,2000,214
3380,1984,209
3391,1949,201
3391,1919,194
3370,1899,193
3350,1893,208
3327,1899,235
3309,1911,261
3282,1930,283
3268,1951,303
3261,1971,304
3258,2000,306
3264,2035,297
3275,2074,281
3286,2120,260
3299,2182,233
3320,2241,203
3341,2288,171
3376,2316,153
3414,2328,139
3449,2308,137
3460,2270,153
3479,2215,151
3489,2168,151
3480,2103,149
3475,2074,190
3453,2026,177
3408,1971,118
3343,1924,52
3302,1911,31
3276,1931,40
3266,1976,39
3257,2025,38
3262,2082,58
3275,2115,54
3279,2137,31
3279,2142,12
3274,2137,7
3279,2122,11
3282,2091,15
3274,2061,33
3273,2053,63
3286,2043,105
3313,2025,162
3352,1998,194
3387,1981,201
3421,1986,205
3449,2003,175
3462,2040,117
3476,2093,61
3491,2146,-2
3503,2189,-56
3524,2222,-75
3542,2235,-87
3552,2238,-102
3564,2233,-121
3564,2204,-158
3556,2170,-172
3558,2159,-182
3556,2126,-189
3542,2082,-172
3531,2025,-145
3514,1962,-104
3515,1906,-48
3502,1862,2
3495,1815,44
3474,1784,78
3444,1747,80
3430,1717,80
3413,1721,87
3401,1745,89
3397,1783,94
3390,1806,82
3388,1821,54
3382,1849,33
3386,1878,17
3391,1887,1
3398,1899,-1
3419,1918,10
3447,1939,30
3495,1966,51
3541,1994,70
3551,2026,70
3566,2045,66
3581,2070,64
3607,2103,88
3631,2135,115
3643,2168,116
3652,2180,97
3647,2186,73
3614,2180,40
3574,2170,13
3535,2171,15
3473,2156,59
3440,2141,104
3421,2118,122
3406,2078,152
3371,2023,141
3348,1966,120
3347,1885,108
3349,1807,91
3365,1752,83
3386,1708,67
3413,1662,58
3461,1634,63
3486,1632,51
3505,1642,40
3520,1655,36
3530,1657,35
3528,1667,34
3527,1687,52
3516,1713,58
3509,1730,69
3507,1755,94
3502,1780,107
3507,1814,129
3500,1851,124
3498,1889,102
3505,1931,102
3506,1965,85
3522,1999,80
3539,2028,86
3547,2052,77
3558,2081,93
3551,2093,91
3540,2097,97
3522,2094,104
3499,2078,87
3487,2055,96
3463,2020,81
3448,1983,90
3438,1937,91
3427,1882,77
3424,1831,94
3423,1785,88
3422,1742,115
3412,1695,119
3416,1673,141
3416,1646,147
3430,1630,145
3445,1633,146
3472,1641,132
3494,1656,117
3512,1671,99
3530,1685,89
3542,1700,76
3549,1715,80
3553,1726,88
3559,1730,96
3562,1729,111
3570,1729,125
3578,1728,152
3582,1728,164
3586,1741,193
3580,1746,197
3576,1751,182
3575,1761,179
3574,1774,162
3584,1798,177
3590,1820,184
3605,1844,198
3609,1870,195
3596,1876,180
3574,1892,176
3563,1901,175
3544,1912,185
3523,1920,186
3509,1930,190
3498,1939,192
3494,1939,199
3486,1931,202
3474,1912,199
3458,1878,167
3423,1823,93
3387,1767,12
3369,1735,-12
3380,1733,51
3415,1751,156
3450,1765,227
3465,1771,275
3469,1775,276
3477,1787,267
3485,1795,250
3497,1794,204
3510,1792,180
3521,1780,133
3539,1782,100
3543,1772,67
3558,1772,51
3575,1773,58
3563,1781,58
3557,1803,101
3551,1817,103
3552,1833,132
3544,1840,133
3541,1841,138
3525,1835,126
3524,1829,123
3521,1813,131
3521,1805,139
3521,1795,160
3518,1779,161
3524,1771,186
3518,1763,178
3526,1770,198
3524,1776,197
3535,1779,199
3540,1782,189
3543,1787,158
3545,1800,149
3538,1805,109
3539,1826,121
3531,1836,103
3533,1858,118
3528,1856,106
3507,1870,105
3490,1881,102
3481,1890,98
3473,1900,104
3462,1908,93
3456,1921,108
3451,1921,95
3453,1933,113
3446,1927,94
3453,1938,110
3454,1936,98
3469,1942,111
3474,1935,103
3478,1928,86
3477,1914,74
3488,1910,76
3502,1908,110
3514,1900,120
3523,1895,134
3514,1880,101
3502,1871,90
3482,1849,58
3471,1826,63
3460,1808,61
3457,1798,99
3451,1782,108
3439,1772,128
3430,1741,100
3428,1720,94
3416,1699,74
3431,1709,84
3445,1719,75
3452,1744,100
3457,1771,115
3477,1796,141
3499,1817,158
3515,1839,160
3525,1873,165
3536,1899,157
3541,1934,152
3546,1961,140
3550,1989,131
3548,2011,117
3551,2028,110
3556,2046,115
3569,2060,123
3581,2067,131
3593,2066,132
3591,2053,116
3581,2032,86
3552,1997,50
3528,1964,25
3505,1935,31
3487,1908,51
3469,1881,68
3451,1850,80
3425,1827,75
3388,1805,62
3363,1797,69
3345,1799,88
3347,1820,112
3347,1836,130
3355,1837,110
3357,1833,88
3366,1816,46
3393,1808,17
3409,1811,8
3427,1818,5
3447,1814,9
3465,1809,20
3476,1801,41
3485,1801,73
3491,1799,95
3496,1795,112
3501,1788,110
3497,1782,105
3504,1785,99
3516,1794,99
3522,1806,100
3529,1819,94
3539,1839,97
3549,1866,96
3558,1899,128
3577,1930,163
3592,1954,182
3600,1968,192
3596,1955,146
3589,1958,109
3573,1948,70
3565,1946,53
3569,1956,67
3559,1954,68
3557,1965,81
3544,1968,86
3534,1967,82
3521,1967,88
3512,1958,82
3507,1961,101
3506,1945,97
3509,1934,123
3513,1902,120
3525,1885,131
3530,1871,123
3540,1862,133
3547,1847,130
3544,1824,119
3539,1793,83
3526,1764,42
3496,1738,-26
3475,1701,-98
3467,1688,-109
3487,1694,-66
3516,1713,21
3535,1721,38
3543,1721,54
3534,1715,35
3532,1718,21
3526,1708,-5
3521,1705,-17
3513,1704,-40
3519,1707,-49
3525,1713,-56
3537,1719,-46
3556,1722,-18
3593,1723,15
3594,1724,40
3598,1724,57
3598,1711,66
3593,1700,66
3584,1689,61
3575,1684,53
3586,1686,46
3603,1684,55
3628,1683,68
3629,1690,76
3640,1706,94
3625,1714,95
3596,1733,97
3576,1751,107
3565,1764,116
3557,1777,130
3543,1797,135
3533,1813,138
3528,1824,138
3533,1841,143
3538,1841,137
3530,1841,127
3526,1841,121
3531,1844,136
3537,1849,146
3540,1855,147
3542,1858,143
3530,1860,118
3529,1867,114
3525,1862,94
3529,1868,99
3526,1863,84
3542,1858,74
3540,1850,64
3535,1847,56
3549,1846,63
3539,1820,32
3533,1810,19
3542,1804,29
3569,1818,96
3596,1832,133
3619,1835,163
3614,1823,140
3608,1813,115
3587,1800,78
3573,1782,54
3568,1763,36
3573,1756,45
3573,1754,59
3585,1743,66
3580,1731,75
3563,1716,69
3548,1705,72
3547,1698,68
3534,1684,74
3520,1676,64
3522,1667,83
3529,1662,82
3534,1658,94
3537,1652,86
3555,1649,85
3554,1660,83
3561,1668,81
3580,1664,90
3593,1654,92
3605,1642,91
3603,1631,86
3595,1614,78
3586,1593,71
3579,1573,67
3572,1558,66
3568,1566,60
3553,1561,53
3540,1561,49
3537,1564,52
3546,1566,65
3558,1573,75
3567,1584,83
3576,1593,79
3581,1607,77
3587,1616,74
3596,1622,78
3607,1626,74
3615,1623,69
3620,1621,67
3618,1640,75
3616,1642,62
3618,1641,64
3621,1638,77
3623,1632,82
3628,1634,81
3633,1632,80
3637,1633,81
3638,1631,81
3638,1634,83
3634,1639,83
3631,1644,85
3624,1641,80
3625,1645,80
3626,1647,83
3631,1645,85
3631,1637,86
3627,1639,88
3624,1638,84
3620,1634,84
3618,1630,79
3612,1627,83
3612,1627,77
3614,1620,76
3608,1619,73
3606,1616,73
3606,1615,74
3601,1617,74
3603,1626,66
3605,1636,64
3606,1641,62
3606,1652,64
3605,1657,62
3602,1665,61
3607,1668,55
3610,1669,60
3608,1677,68
3614,1680,72
3616,1677,81
3617,1678,91
3618,1682,103
3625,1680,114
3626,1678,120
3628,1673,120
3616,1663,100
3597,1644,59
3573,1625,0
3546,1600,-63
3533,1584,-90
3540,1606,-47
3552,1648,11
3554,1682,36
3551,1700,51
3551,1700,62
3556,1704,62
3570,1705,61
3590,1703,72
3615,1708,92
3639,1706,102
3643,1684,79
3643,1658,45
3642,1643,26
3637,1641,28
3634,1652,40
3623,1663,50
3612,1671,48
3597,1673,38
3592,1672,32
3592,1671,27
3593,1669,25
3602,1661,24
3615,1658,33
3631,1658,47
3644,1656,51
3653,1654,49
3665,1652,44
3675,1654,44
3685,1659,41
3688,1661,44
3691,1662,40
3688,1658,35
3682,1651,29
3675,1645,19
3667,1636,11
3657,1627,4
3644,1620,-5
3641,1617,-5
3632,1614,-4
3627,1611,-4
3622,1609,-4
3620,1613,-5
3615,1618,-8
3612,1627,-6
3610,1636,-3
3613,1642,2
3616,1648,8
3617,1656,6
3614,1657,-14
3597,1652,-46
3593,1640,-59
3601,1638,-36
3616,1646,-2
3629,1644,17
3634,1639,18
3627,1629,8
3622,1624,-7
3612,1625,-18
3607,1626,-21
3608,1632,-13
3614,1646,-3
3622,1663,9
3629,1674,20
3628,1682,21
3624,1675,16
3627,1673,10
3629,1669,8
3627,1671,10
3628,1674,13
3630,1670,14
3634,1667,14
3637,1666,10
3639,1666,7
3641,1664,8
3647,1664,17
3648,1659,23
3648,1657,24
3649,1653,23
3643,1653,21
3636,1655,17
3632,1658,13
3620,1662,11
3607,1660,11
3601,1660,10
3594,1665,11
3586,1667,13
3574,1671,12
3571,1671,15
3570,1679,13
3571,1686,18
3571,1692,15
3576,1699,14
3579,1710,16
3584,1717,20
3591,1713,19
3589,1715,20
3589,1715,17
3585,1708,13
3585,1706,9
3583,1706,5
3583,1706,2
3582,1704,1
3584,1703,-1
3580,1701,2
3580,1700,5
3575,1702,6
3574,1704,10
3580,1706,18
3583,1706,20
3582,1706,21
3584,1708,21
3581,1712,19
3583,1720,22
3588,1721,26
3591,1725,24
3592,1722,23
3590,1720,22
3585,1715,17
3577,1713,16
3575,1712,12
3568,1710,9
3559,1707,4
3556,1711,-3
3545,1711,-1
3541,1713,2
3535,1708,3
3537,1706,7
3539,1704,7
3543,1706,7
3547,1713,10
3550,1720,15
3555,1729,20
3561,1735,25
3562,1745,34
3565,1752,39
3567,1756,46
3569,1757,54
3570,1757,62
3570,1755,63
3569,1748,64
3566,1750,66
3553,1752,67
3534,1747,52
3506,1733,8
3466,1714,-57
3430,1706,-98
3407,1714,-95
3407,1736,-57
3419,1775,5
3431,1811,59
3426,1822,41
3407,1812,-32
3401,1802,-91
3423,1819,-68
3467,1856,9
3521,1879,57
3545,1863,45
3541,1822,-3
3526,1778,-54
3516,1756,-73
3519,1757,-55
3520,1761,-25
3518,1771,-3
3506,1782,5
3501,1787,6
3489,1791,-4
3481,1790,-10
3489,1791,-16
3511,1787,-17
3535,1786,-11
3567,1785,-4
3599,1776,2
3627,1769,7
3654,1750,5
3674,1729,9
3683,1718,12
3689,1705,13
3693,1684,10
3682,1674,14
3677,1669,15
3666,1671,26
3649,1671,20
3618,1675,10
3597,1682,2
3576,1686,-10
3575,1691,0
3564,1699,0
3564,1707,6
3576,1693,5
3584,1689,4
3597,1688,9
3603,1699,10
3614,1707,20
3617,1703,18
3614,1688,18
3615,1660,5
3598,1664,17
3584,1676,48
3584,1688,103
3577,1687,139
3565,1685,160
3565,1659,148
3553,1639,122
3541,1628,86
3538,1632,63
3547,1650,47
3570,1669,59
3595,1684,75
3623,1694,87
3638,1697,85
3650,1701,90
3661,1702,103
3666,1705,117
3661,1704,123
3654,1683,114
3646,1662,96
3648,1628,79
3629,1612,66
3606,1619,60
3592,1614,60
3591,1607,67
3591,1602,74
3583,1605,84
3570,1614,82
3567,1619,84
3571,1618,86
3570,1618,83
3572,1621,83
3585,1616,90
3587,1612,91
3576,1633,87
3569,1643,78
3561,1644,67
3559,1649,55
3559,1653,49
3568,1657,41
3576,1659,24
3584,1661,18
3595,1663,20
3610,1668,36
3620,1671,37
3628,1668,36
3638,1665,26
3638,1666,27
3641,1665,29
3641,1660,32
3643,1656,30
3646,1655,24
3641,1653,18
3641,1652,12
3638,1656,11
3632,1658,8
3628,1655,6
3617,1655,10
3608,1650,13
3592,1650,23
3581,1646,21
3574,1643,21
3569,1643,18
3569,1645,11
3577,1650,7
3576,1655,4
3575,1659,3
3579,1663,1
3586,1665,1
3586,1662,-4
3578,1660,-2
3571,1657,-2
3571,1648,1
3567,1647,6
3566,1645,8
3566,1642,16
3578,1643,19
3588,1650,25
3590,1656,29
3598,1669,33
3616,1684,39
3631,1700,42
3638,1714,42
3640,1721,37
3632,1712,23
3622,1693,-2
3607,1677,-45
3584,1660,-89
3570,1648,-114
3565,1641,-105
3567,1658,-72
3575,1676,-43
3582,1691,-21
3578,1697,-24
3570,1692,-52
3569,1685,-71
3576,1686,-62
3600,1694,-37
3627,1703,-11
3645,1700,-4
3656,1684,-10
3655,1679,-16
3656,1685,-22
3654,1696,-17
3655,1709,-10
3652,1717,-4
3648,1725,-7
3642,1732,-15
3637,1735,-35
3635,1734,-56
3622,1733,-72
3614,1729,-86
3609,1721,-82
3603,1721,-68
3601,1725,-52
3603,1721,-44
3610,1717,-30
3613,1716,-31
3618,1698,-41
3623,1683,-47
3626,1682,-41
3633,1683,-40
3639,1683,-42
3641,1687,-49
3635,1695,-54
3623,1705,-61
3609,1711,-65
3596,1718,-68
3581,1727,-75
3575,1736,-81
3573,1742,-90
3577,1746,-99
3576,1756,-106
3575,1766,-112
3570,1774,-113
3571,1779,-115
3576,1772,-120
3571,1762,-131
3568,1757,-146
3562,1750,-167
3553,1734,-160
3551,1730,-131
3560,1727,-103
3573,1728,-75
3590,1734,-57
3591,1732,-73
3594,1728,-99
3587,1726,-118
3582,1727,-129
3584,1738,-121
3590,1751,-122
3591,1764,-114
3591,1779,-113
3590,1784,-110
3582,1784,-113
3570,1774,-116
3563,1765,-121
3558,1757,-123
3551,1756,-121
3550,1756,-118
3557,1749,-113
3569,1758,-100
3574,1757,-104
3582,1754,-106
3588,1744,-102
3598,1738,-100
3603,1731,-95
3602,1732,-92
3602,1738,-97
3604,1743,-104
3601,1753,-98
3592,1751,-94
3582,1757,-97
3579,1764,-99
3579,1769,-100
3577,1778,-104
3573,1785,-101
3570,1786,-90
3573,1786,-89
3569,1780,-90
3569,1780,-98
3569,1781,-100
3565,1786,-100
3566,1788,-92
3565,1787,-85
3566,1785,-83
3561,1784,-83
3558,1791,-82
3559,1809,-74
3557,1817,-75
3559,1824,-76
3556,1831,-76
3555,1831,-74
3553,1831,-70
3538,1830,-75
3521,1822,-73
3511,1814,-70
3503,1815,-74
3492,1821,-79
3488,1835,-74
3494,1825,-77
3498,1819,-80
3498,1819,-76
3494,1832,-82
3494,1850,-88
3499,1872,-91
3513,1896,-96
3528,1905,-96
3537,1901,-98
3548,1900,-96
3551,1901,-90
3547,1890,-83
3559,1881,-69
3561,1862,-46
3553,1843,-22
3542,1819,0
3521,1786,23
3518,1772,49
3510,1766,82
3502,1772,95
3499,1787,95
3494,1804,81
3480,1809,50
3454,1784,-3
3427,1747,-74
3412,1745,-91
3420,1785,-46
3427,1837,1
3427,1891,30
3424,1928,25
3423,1950,3
3428,1961,-28
3427,1953,-45
3441,1949,-34
3463,1936,-3
3489,1926,31
3508,1908,35
3515,1894,30
3521,1891,21
3513,1886,12
3508,1882,6
3506,1886,9
3499,1889,8
3494,1898,-2
3491,1901,-16
3483,1913,-46
3479,1915,-71
3480,1910,-88
3478,1905,-79
3486,1902,-60
3490,1899,-42
3494,1893,-21
3510,1880,-12
3522,1873,-1
3533,1868,8
3546,1869,13
3555,1871,17
3560,1867,23
3563,1868,27
3571,1870,34
3561,1867,20
3540,1861,5
3522,1855,-5
3501,1852,-10
3485,1850,-9
3476,1854,-4
3464,1848,-9
3454,1847,-15
3450,1843,-22
3446,1841,-21
3449,1835,-18
3455,1831,-15
3462,1830,-8
3465,1832,-7
3459,1830,-15
3451,1823,-40
3454,1820,-51
3453,1827,-38
3465,1837,-16
3480,1847,-2
3495,1849,2
3503,1841,0
3510,1834,-12
3510,1826,-23
3513,1820,-31
3521,1826,-24
3531,1830,-19
3543,1830,-10
3551,1837,-6
3545,1844,-5
3546,1850,-4
3546,1853,-4
3542,1853,-6
3541,1847,-9
3541,1841,-5
3536,1834,-2
3539,1826,2
3538,1816,3
3543,1805,4
3548,1801,7
3557,1798,10
3564,1795,18
3572,1792,21
3581,1793,22
3582,1794,26
3586,1797,22
3581,1794,21
3572,1789,14
3563,1782,10
3556,1777,6
3543,1772,5
3534,1770,3
3527,1772,6
3525,1774,7
3525,1774,6
3528,1778,5
3530,1782,3
3537,1782,2
3547,1781,3
3552,1780,3
3557,1779,7
3563,1772,8
3564,1763,10
3562,1759,7
3562,1754,5
3561,1753,6
3558,1755,4
3557,1753,4
3550,1747,8
3553,1750,7
3553,1749,8
3554,1749,6
3552,1742,8
3555,1743,9
3554,1738,9
3557,1739,10
3558,1734,9
3553,1727,4
3557,1722,3
3555,1718,7
3558,1718,8
3557,1720,9
3560,1723,9
3557,1723,8
3560,1730,7
3560,1732,6
3562,1737,4
3567,1742,6
3580,1751,15
3587,1751,28
3591,1757,35
3599,1758,50
3608,1759,63
3611,1758,73
3613,1759,73
3614,1760,72
3619,1752,74
3617,1745,69
3606,1736,57
3592,1733,39
3577,1719,2
3551,1697,-56
3528,1677,-110
3522,1685,-98
3522,1710,-56
3523,1739,-12
3524,1766,20
3515,1764,15
3497,1742,-21
3483,1723,-58
3486,1720,-59
3510,1730,-6
3549,1748,72
3584,1756,117
3600,1739,107
3593,1717,67
3581,1705,30
3574,1710,15
3575,1729,26
3586,1753,33
3592,1770,28
3584,1779,8
3579,1782,-26
3571,1783,-57
3572,1783,-66
3585,1779,-60
3601,1775,-40
3615,1766,-21
3628,1752,-10
3637,1742,-2
3644,1735,1
3647,1729,4
3651,1725,7
3651,1719,8
3649,1715,8
3641,1717,6
3626,1718,3
3609,1720,-4
3595,1722,-7
3576,1723,-12
3562,1724,-12
3546,1721,-11
3532,1720,-14
3522,1727,-20
3516,1729,-23
3513,1726,-21
3515,1728,-23
3519,1729,-23
3524,1726,-17
3528,1717,-15
3532,1722,-22
3535,1715,-41
3531,1708,-68
3532,1701,-75
3546,1702,-51
3561,1706,-15
3578,1716,24
3585,1723,44
3582,1719,35
3574,1709,18
3566,1699,-3
3566,1699,-18
3572,1711,-14
3582,1720,-5
3584,1728,0
3582,1729,-5
3580,1729,-11
3574,1733,-15
3570,1738,-10
3575,1734,-1
3569,1727,3
3565,1716,10
3563,1709,13
3561,1702,11
3563,1700,12
3566,1697,11
3573,1693,11
3572,1688,11
3571,1688,9
3569,1691,7
3565,1693,8
3563,1692,7
3558,1697,4
3551,1704,7
3546,1709,7
3545,1715,7
3547,1719,9
3548,1722,16
3551,1723,16
3555,1723,21
3557,1727,20
3556,1728,18
3559,1727,17
3563,1725,18
3566,1720,19
3565,1721,22
3566,1713,21
3567,1711,25
3568,1705,26
3572,1700,26
3572,1699,27
3572,1696,24
3573,1692,23
3573,1686,22
3574,1689,17
3574,1694,22
3576,1699,22
3582,1703,23
3580,1702,24
3577,1707,22
3575,1711,17
3578,1708,14
3576,1705,14
3579,1706,12
3576,1703,9
3572,1701,10
3572,1701,8
3569,1698,5
3567,1700,4
3564,1698,2
3557,1696,7
3552,1697,8
3549,1691,9
3545,1688,17
3545,1684,22
3547,1687,29
3549,1692,38
3553,1692,49
3561,1696,63
3573,1704,73
3580,1712,75
3587,1720,78
3592,1720,73
3595,1716,69
3596,1712,57
3590,1707,30
3576,1686,-27
3562,1675,-66
3543,1675,-76
3541,1701,-44
3538,1737,9
3538,1764,33
3535,1764,18
3526,1757,-10
3543,1749,-2
3583,1753,47
3623,1757,104
3653,1747,133
3658,1725,121
3643,1701,85
3621,1683,52
3608,1685,37
3604,1702,41
3603,1723,56
3604,1740,60
3595,1750,54
3583,1752,34
3574,1743,11
3568,1743,-10
3561,1743,-21
3564,1745,-11
3569,1744,1
3581,1743,15
3584,1738,33
3586,1735,40
3589,1732,45
3594,1727,43
3600,1721,50
3607,1714,57
3608,1712,54
3607,1711,45
3600,1711,34
3591,1714,22
3580,1718,14
3567,1718,10
3563,1721,-1
3559,1728,-9
3553,1733,-12
3543,1738,-15
3543,1742,-12
3538,1744,-7
3542,1745,-3
3549,1751,3
3548,1754,5
3551,1752,3
3552,1749,3
3546,1750,-4
3536,1751,-19
3527,1748,-18
3533,1755,5
3547,1759,41
3566,1756,63
3578,1752,71
3584,1746,55
3591,1736,35
3588,1734,19
3597,1735,5
3609,1747,7
3618,1760,14
3629,1770,21
3633,1776,24
3632,1777,24
3632,1768,18
3632,1764,11
3635,1765,10
3634,1763,18
3637,1760,29
3639,1754,34
3635,1749,35
3634,1742,33
3638,1732,29
3633,1724,22
3638,1722,18
3637,1719,18
3636,1713,16
3631,1709,18
3625,1702,15
3612,1704,15
3599,1702,10
3588,1703,10
3581,1705,9
3578,1708,10
3576,1716,8
3573,1722,6
3574,1727,5
3572,1729,3
3572,1733,2
3573,1731,3
3575,1733,4
3581,1728,5
3591,1728,5
3593,1723,5
3597,1719,4
3610,1721,7
3616,1720,7
3627,1717,7
3625,1716,4
3625,1715,4
3624,1719,2
3623,1723,4
3622,1729,4
3622,1731,10
3621,1733,13
3623,1741,12
3620,1741,1
3620,1745,-4
3625,1743,-15
3630,1740,-20
3631,1731,-21
3625,1728,-23
3615,1718,-28
3603,1711,-32
3586,1699,-32
3565,1697,-41
3540,1694,-52
3510,1701,-45
3486,1709,-43
3466,1711,-44
3450,1720,-37
3433,1729,-22
3420,1742,-8
3415,1750,1
3412,1753,10
3417,1749,9
3429,1739,7
3441,1729,3
3463,1731,9
3489,1747,40
3507,1740,59
3525,1728,75
3547,1732,90
3554,1735,72
3559,1721,18
3559,1715,-33
3569,1739,-40
3580,1779,-29
3588,1822,-23
3595,1845,-24
3570,1876,-46
3540,1883,-71
3524,1874,-76
3502,1882,-62
3490,1867,-39
3491,1845,-4
3478,1824,21
3466,1808,18
3452,1787,15
3455,1771,15
3470,1763,24
3480,1762,38
3500,1771,41
3499,1800,53
3502,1814,52
3506,1816,28
3511,1825,15
3513,1835,-13
3529,1871,-13
3533,1907,6
3542,1901,8
3553,1903,12
3562,1899,36
3559,1893,30
3553,1895,42
3537,1884,50
3533,1866,28
3534,1863,31
3544,1879,25
3553,1889,15
3544,1876,3
3539,1829,-23
3543,1809,-7
3531,1808,1
3524,1836,22
3513,1838,32
3507,1841,42
3500,1850,42
3495,1855,44
3493,1870,47
3490,1876,33
3495,1887,21
3484,1876,-1
3491,1862,-8
3475,1866,0
3443,1857,-16
3427,1837,-20
3428,1833,13
3434,1849,73
3452,1869,122
3469,1894,135
3475,1902,114
3488,1903,72
3494,1908,40
3515,1921,23
3509,1936,12
3507,1924,-9
3504,1908,-4
3510,1911,19
3490,1904,44
3487,1891,50
3477,1886,70
3467,1880,75
3441,1877,90
3434,1884,104
3441,1884,124
3451,1907,137
3471,1935,150
3486,1948,129
3507,1961,100
3530,1975,85
3543,1986,71
3559,2012,99
3554,2005,103
3541,1970,92
3521,1924,99
3499,1878,90
3493,1846,94
3485,1816,94
3480,1799,85
3493,1798,116
3495,1793,120
3504,1795,121
3518,1802,133
3524,1807,120
3530,1823,127
3524,1830,129
3521,1834,117
3511,1844,131
3494,1837,118
3484,1840,126
3469,1842,130
3466,1840,116
3465,1853,133
3459,1848,127
3467,1849,135
3468,1850,155
3469,1845,146
3479,1847,167
3479,1840,162
3493,1835,171
3486,1842,181
3480,1833,162
3488,1822,163
3494,1806,141
3514,1804,144
3519,1802,137
3528,1797,125
3541,1795,137
3561,1791,124
3576,1800,158
3580,1781,141
3594,1759,158
3594,1741,153
3595,1741,154
3586,1743,164
3587,1737,148
3587,1750,165
3576,1743,138
3569,1759,159
3558,1758,135
3554,1775,159
3532,1771,133
3530,1781,145
3512,1778,134
3511,1781,143
3503,1781,144
3511,1779,156
3504,1766,162
3497,1748,145
3478,1731,111
3461,1712,56
3443,1698,9
3433,1682,-37
3440,1700,17
3457,1735,68
3465,1788,141
3456,1811,133
3455,1832,158
3441,1830,112
3467,1840,134
3495,1842,154
3545,1848,206
3564,1838,203
3573,1814,170
3569,1790,139
3571,1773,99
3581,1780,125
3583,1786,113
3579,1810,165
3562,1813,153
3546,1821,193
3511,1809,164
3494,1806,178
3471,1796,165
3466,1804,181
3450,1812,186
3463,1806,195
3468,1800,209
3490,1786,196
3516,1778,216
3543,1757,195
3573,1750,216
3592,1733,187
3615,1733,206
3625,1720,171
3641,1715,177
3632,1703,147
3638,1703,154
3630,1705,144
3632,1713,156
3611,1723,157
3601,1730,151
3584,1746,156
3575,1753,139
3571,1764,152
3573,1759,129
3580,1760,154
3586,1741,135
3593,1725,153
3589,1694,126
3596,1682,149
3582,1659,132
3575,1647,139
3558,1626,110
3565,1626,136
3572,1630,167
3597,1638,206
3602,1646,220
3607,1649,199
3595,1652,190
3575,1648,145
3559,1653,149
3547,1649,124
3543,1663,168
3544,1666,174
3554,1679,209
3543,1674,211
3542,1674,211
3527,1676,216
3527,1682,203
3522,1705,224
3518,1717,205
3522,1740,226
3515,1739,196
3527,1749,192
3529,1749,172
3546,1745,162
3558,1747,158
3568,1755,137
3583,1773,154
3587,1777,136
3591,1794,160
3576,1807,171
3568,1822,207
3545,1829,216
3523,1837,218
3502,1838,205
3482,1841,186
3476,1848,180
3476,1857,192
3484,1866,203
3495,1860,205
3509,1848,185
3518,1836,162
3528,1828,145
3545,1814,138
3560,1799,140
3568,1786,139
3567,1765,121
3556,1738,92
3537,1719,80
3532,1714,103
3529,1712,140
3535,1706,168
3546,1699,185
3553,1691,185
3558,1688,176
3566,1690,157
3567,1698,146
3566,1710,140
3565,1720,135
3565,1736,147
3564,1750,151
3558,1760,163
3547,1761,153
3541,1759,155
3532,1758,136
3528,1767,139
3521,1770,121
3524,1774,135
3523,1764,119
3534,1767,129
3534,1763,118
3547,1764,123
3544,1760,111
3555,1760,119
3553,1758,112
3568,1766,121
3565,1770,116
3568,1774,115
3561,1774,101
3565,1779,97
3560,1779,88
3564,1783,87
3561,1782,89
3566,1785,99
3561,1779,101
3562,1777,106
3555,1775,109
3560,1770,110
3560,1770,124
3564,1774,131
3562,1769,135
3554,1743,108
3530,1723,72
3505,1706,19
3474,1691,-33
3469,1691,-38
3476,1727,27
3489,1768,94
3494,1798,118
3485,1813,108
3477,1819,92
3490,1824,88
3520,1832,118
3549,1840,149
3574,1845,174
3580,1838,171
3579,1816,145
3568,1797,121
3564,1782,91
3565,1788,102
3564,1791,110
3566,1799,137
3558,1797,137
3546,1794,143
3527,1783,123
3525,1775,112
3514,1773,100
3517,1775,115
3518,1779,127
3528,1784,136
3525,1793,145
3525,1798,136
3529,1809,144
3534,1815,144
3542,1822,161
3548,1821,145
3551,1828,148
3545,1830,126
3552,1829,116
3550,1825,116
3551,1821,110
3547,1815,126
3539,1811,117
3535,1812,123
3525,1807,113
3520,1808,116
3508,1809,122
3501,1798,111
3491,1805,120
3481,1811,116
3475,1820,115
3471,1826,123
3473,1828,131
3470,1833,130
3464,1834,121
3453,1828,92
3450,1828,81
3462,1827,120
3485,1836,164
3501,1841,190
3506,1840,191
3503,1832,171
3493,1821,139
3484,1815,109
3489,1818,94
3504,1829,104
3516,1835,120
3521,1841,132
3519,1834,133
3512,1825,125
3505,1816,112
3497,1808,105
3496,1804,97
3497,1805,99
3497,1809,99
3504,1814,103
3506,1817,105
3506,1815,112
3514,1820,113
3516,1818,106
3521,1810,99
3517,1804,97
3517,1798,102
3522,1794,111
3526,1781,118
3532,1774,119
3535,1770,114
3539,1764,117
3547,1763,112
3549,1767,103
3551,1768,100
3550,1770,101
3551,1773,99
3555,1781,92
3554,1785,92
3554,1789,95
3555,1793,93
3554,1794,98
3548,1803,103
3543,1811,107
3541,1814,114
3539,1820,116
3545,1823,119
3545,1824,119
3550,1830,120
3560,1828,120
3566,1827,122
3573,1826,120
3575,1821,119
3569,1819,115
3560,1815,112
3560,1806,106
3557,1798,102
3554,1795,99
3552,1799,102
3544,1806,103
3540,1811,100
3543,1817,103
3540,1823,108
3533,1835,111
3533,1841,115
3534,1844,111
3535,1846,111
3536,1842,105
3539,1841,98
3546,1847,100
3553,1851,101
3557,1846,98
3555,1839,80
3556,1828,65
3553,1819,49
3551,1811,37
3553,1804,41
3553,1797,47
3557,1792,51
3557,1789,58
3559,1789,64
3560,1792,60
3557,1785,44
3554,1773,31
3545,1761,22
3537,1747,24
3524,1740,42
3514,1733,64
3507,1732,92
3500,1727,120
3495,1736,158
3495,1742,176
3480,1753,176
3463,1750,141
3432,1739,94
3400,1715,25
3369,1705,-6
3351,1704,-21
3351,1739,38
3361,1791,83
3368,1848,120
3378,1900,131
3397,1947,156
3418,1973,150
3450,1997,158
3486,2018,164
3524,2030,183
3547,2030,177
3562,2017,143
3553,1997,101
3546,1990,75
3524,2004,73
3517,2029,85
3508,2054,122
3507,2065,143
3505,2076,168
3504,2070,165
3497,2054,175
3496,2019,167
3484,1982,165
3469,1940,167
3449,1900,160
3428,1859,150
3400,1823,152
3383,1798,151
3373,1792,174
3379,1784,181
3393,1778,193
3409,1764,179
3420,1755,167
3438,1747,133
3453,1749,122
3466,1746,92
3487,1751,104
3497,1748,100
3511,1752,130
3506,1745,131
3512,1743,151
3512,1732,151
3520,1723,155
3528,1721,159
3546,1719,151
3560,1729,167
3576,1731,156
3584,1742,174
3575,1744,166
3567,1761,155
3553,1771,149
3556,1799,156
3561,1843,200
3559,1885,226
3552,1928,229
3537,1954,196
3522,1983,152
3517,2002,109
3519,2013,80
3514,2018,57
3523,2018,42
3537,2015,34
3549,2007,34
3556,1990,27
3552,1966,23
3540,1945,23
3531,1923,22
3528,1897,24
3521,1868,16
3522,1843,6
3515,1820,-2
3508,1797,3
3508,1776,16
3513,1765,41
3533,1743,37
3567,1719,28
3599,1690,22
3613,1673,12
3620,1666,9
3609,1664,-1
3595,1656,-18
3582,1643,-33
3572,1623,-49
3571,1623,-42
3567,1630,-28
3566,1636,-10
3547,1634,3
3526,1640,14
3511,1643,15
3507,1653,11
3505,1676,8
3511,1704,9
3518,1733,7
3527,1764,10
3529,1787,12
3537,1806,20
3540,1825,14
3548,1836,9
3548,1842,5
3558,1845,4
3564,1847,4
3580,1851,10
3589,1848,15
3595,1839,14
3601,1838,22
3604,1833,30
3610,1828,32
3608,1816,23
3609,1809,24
3611,1795,17
3603,1779,9
3598,1769,12
3601,1761,20
3605,1762,42
3601,1756,46
3592,1751,30
3587,1749,33
3571,1757,30
3559,1763,30
3544,1769,21
3539,1768,20
3527,1782,22
3517,1785,14
3508,1779,10
3495,1772,0
3482,1760,0
3473,1758,-2
3467,1741,-12
3460,1734,-16
3455,1724,-19
3458,1715,-14
3454,1714,-3
3459,1708,-7
3475,1708,0
3485,1712,7
3500,1723,12
3516,1730,16
3526,1736,11
3542,1745,24
3563,1737,28
3578,1752,47
3590,1770,66
3604,1788,76
3626,1790,88
3628,1786,96
3629,1779,84
3620,1770,55
3603,1757,13
3578,1730,-48
3549,1697,-112
3534,1671,-138
3530,1666,-101
3534,1688,-42
3524,1707,-11
3513,1716,12
3508,1721,35
3510,1719,44
3522,1706,42
3550,1700,54
3582,1708,81
3608,1721,87
3616,1714,48
3611,1690,-6
3602,1667,-49
3584,1657,-74
3566,1656,-66
3555,1671,-49
3541,1690,-24
3522,1692,-19
3494,1687,-24
3476,1686,-35
3460,1679,-52
3457,1672,-64
3466,1670,-64
3474,1672,-56
3486,1681,-52
3494,1683,-58
3504,1689,-61
3514,1691,-71
3525,1688,-72
3537,1694,-63
3551,1699,-58
3564,1701,-58
3574,1711,-65
3579,1716,-90
3574,1713,-122
3570,1712,-151
3566,1728,-157
3571,1752,-141
3586,1780,-110
3603,1798,-73
3619,1809,-42
3638,1814,-36
3641,1809,-37
3644,1801,-44
3642,1796,-46
3650,1792,-48
3658,1784,-50
3655,1777,-52
3645,1769,-71
3628,1756,-90
3624,1740,-91
3619,1731,-69
3620,1722,-48
3614,1711,-38
3608,1696,-54
3592,1689,-102
3575,1684,-145
3559,1685,-179
3555,1691,-203
3560,1704,-215
3578,1715,-222
3595,1730,-225
3602,1745,-225
3608,1755,-235
3604,1758,-246
3598,1757,-269
3594,1758,-286
3586,1768,-291
3583,1772,-289
3575,1782,-288
3580,1787,-290
3573,1791,-289
3565,1801,-292
3559,1812,-305
3548,1819,-311
3533,1826,-315
3520,1829,-312
3500,1828,-304
3477,1832,-282
3446,1829,-263
3414,1825,-236
3382,1825,-204
3346,1816,-176
3308,1810,-165
3264,1807,-164
3226,1809,-169
3186,1818,-176
3159,1840,-178
3134,1870,-180
3126,1900,-181
3130,1936,-175
3139,1965,-169
3169,1994,-171
3205,2021,-162
3254,2044,-179
3312,2068,-193
3378,2092,-195
3452,2113,-186
3521,2139,-164
3581,2162,-143
3631,2183,-118
3661,2197,-96
3682,2211,-79
3684,2222,-61
3677,2232,-46
3650,2247,-20
3627,2249,1
3591,2252,21
3555,2257,35
3520,2265,39
3487,2274,45
3460,2279,47
3439,2284,59
3425,2283,67
3399,2286,75
3366,2280,82
3332,2266,79
3293,2254,72
3268,2239,58
3237,2226,51
3230,2208,50
3226,2184,45
3221,2178,44
3232,2170,46
3258,2159,44
3297,2149,42
3339,2139,50
3388,2139,60
3439,2140,67
3479,2151,78
3518,2166,86
3548,2178,92
3562,2196,99
3574,2211,100
3566,2225,107
3555,2237,114
3532,2249,120
3504,2247,123
3469,2241,122
3440,2235,123
3412,2229,125
3394,2218,121
3376,2204,117
3354,2190,115
3323,2182,106
3289,2180,78
3244,2169,21
3188,2159,-28
3138,2165,-56
3106,2178,-31
3091,2202,9
3083,2225,71
3088,2228,113
3077,2214,94
3049,2196,49
3027,2190,21
3025,2195,49
3043,2211,110
3061,2214,154
3073,2193,154
3067,2163,113
3057,2144,58
3046,2141,18
3049,2157,12
3062,2177,19
3084,2203,35
3100,2223,39
3120,2231,23
3132,2239,-6
3139,2242,-28
3145,2241,-51
3157,2236,-49
3171,2231,-36
3187,2227,-18
3201,2224,-6
3218,2220,-2
3230,2209,-10
3242,2199,-15
3247,2192,-29
3251,2192,-35
3255,2190,-46
3252,2193,-54
3248,2197,-67
3239,2205,-86
3223,2210,-100
3212,2222,-111
3204,2235,-113
3201,2246,-116
3197,2255,-133
3200,2260,-137
3212,2260,-140
3231,2253,-137
3253,2242,-136
3273,2228,-141
3296,2212,-145
3315,2190,-154
3332,2169,-177
3343,2149,-221
3359,2130,-253
3383,2123,-247
3416,2130,-208
3444,2138,-162
3463,2141,-137
3469,2131,-147
3459,2110,-186
3443,2090,-234
3434,2082,-283
3431,2086,-305
3430,2098,-307
3437,2109,-305
3451,2114,-309
3464,2112,-312
3469,2110,-320
3496,2107,-324
3516,2114,-311
3531,2119,-284
3556,2117,-267
3578,2102,-256
3598,2085,-261
3613,2067,-282
3633,2051,-317
3650,2042,-351
3672,2035,-383
3708,2037,-425
3751,2043,-471
3806,2055,-505
3862,2069,-537
3925,2089,-569
3986,2110,-599
4044,2138,-626
4092,2166,-631
4133,2188,-620
4164,2202,-614
4176,2199,-616
4174,2190,-652
4157,2175,-706
4133,2161,-754
4115,2154,-793
4092,2149,-813
4067,2134,-821
4044,2106,-813
4016,2055,-794
3985,1985,-778
3940,1909,-764
3888,1818,-753
3831,1721,-745
3775,1612,-742
3716,1497,-739
3662,1381,-733
3603,1263,-738
3551,1146,-741
3496,1032,-750
3444,933,-759
3392,842,-766
3345,757,-788
3299,683,-824
3260,626,-864
3228,585,-915
3211,573,-970
3207,580,-1022
3224,610,-1060
3259,664,-1090
3304,745,-1091
3356,846,-1080
3424,954,-1064
3492,1064,-1041
3570,1168,-1024
3650,1275,-1009
3723,1375,-997
3791,1468,-995
3858,1552,-998
3914,1612,-990
3957,1661,-1018
3994,1686,-1040
4021,1695,-1041
4029,1687,-1021
4023,1669,-986
4006,1648,-938
3981,1616,-880
3949,1581,-828
3918,1550,-773
3895,1520,-729
3864,1478,-686
3839,1440,-647
3813,1386,-628
3791,1333,-611
3768,1273,-615
3741,1206,-653
3710,1147,-691
3672,1127,-683
3648,1125,-626
3645,1126,-567
3650,1110,-538
3654,1076,-529
3664,1058,-499
3676,1054,-449
3706,1047,-395
3738,1024,-365
3768,983,-366
3778,926,-413
3771,867,-478
3756,820,-554
3738,797,-621
3722,796,-663
3701,811,-682
3694,839,-682
3685,870,-679
3684,891,-669
3682,911,-657
3685,927,-648
3692,935,-637
3710,950,-625
3730,969,-602
3752,991,-578
3774,1007,-553
3805,1009,-528
3828,1020,-514
3846,1015,-503
3865,1004,-504
3880,990,-498
3886,975,-499
3884,961,-508
3876,959,-512
3858,954,-526
3829,955,-533
3799,963,-539
3780,977,-540
3762,998,-527
3747,1021,-514
3738,1034,-494
3737,1045,-483
3735,1049,-470
3739,1047,-459
3741,1048,-454
3745,1045,-456
3747,1039,-462
3751,1036,-472
3753,1028,-486
3755,1026,-503
3753,1026,-517
3753,1042,-503
3764,1067,-476
3776,1079,-441
3783,1083,-413
3781,1074,-406
3767,1063,-417
3753,1049,-436
3739,1043,-457
3726,1041,-470
3713,1049,-469
3709,1061,-468
3715,1077,-461
3719,1088,-461
3730,1090,-454
3742,1087,-450
3750,1082,-456
3761,1076,-464
3762,1069,-465
3764,1063,-464
3763,1062,-457
3762,1053,-451
3768,1045,-444
3775,1040,-435
3775,1037,-427
3774,1038,-413
3777,1042,-400
3777,1049,-397
3775,1059,-397
3769,1076,-401
3758,1075,-416
3744,1073,-430
3741,1065,-439
3740,1059,-432
3735,1059,-421
3735,1060,-415
3728,1054,-409
3726,1041,-410
3722,1029,-408
3723,1019,-410
3723,1011,-414
3727,1010,-415
3730,1007,-411
3741,1009,-406
3751,1014,-391
3764,1021,-376
3778,1028,-361
3793,1038,-347
3809,1044,-330
3830,1061,-316
3840,1073,-310
3847,1077,-306
3856,1077,-305
3863,1080,-301
3870,1082,-297
3870,1087,-294
3864,1089,-296
3851,1088,-301
3837,1086,-304
3821,1083,-312
3805,1081,-320
3790,1089,-332
3773,1089,-353
3765,1095,-375
3748,1098,-401
3737,1101,-435
3728,1100,-465
3719,1101,-498
3715,1088,-528
3706,1069,-558
3706,1046,-573
3703,1013,-584
3707,979,-596
3724,949,-602
3741,930,-607
3766,923,-604
3796,933,-607
3837,957,-595
3879,997,-582
3918,1052,-558
3953,1107,-535
3986,1168,-527
4000,1230,-539
4004,1289,-560
4002,1343,-584
4000,1385,-610
3999,1423,-621
3999,1445,-632
3995,1441,-661
3978,1423,-715
3940,1389,-781
3900,1377,-819
3866,1380,-812
3853,1394,-765
3848,1401,-725
3837,1399,-711
3816,1393,-705
3807,1395,-676
3805,1401,-621
3824,1401,-584
3836,1377,-579
3845,1328,-607
3845,1268,-660
3845,1213,-721
3839,1168,-777
3840,1140,-821
3838,1123,-852
3836,1116,-877
3834,1123,-904
3828,1135,-935
3823,1159,-966
3825,1187,-992
3834,1221,-1013
3851,1256,-1023
3880,1295,-1036
3913,1336,-1042
3959,1376,-1040
4000,1408,-1042
4045,1437,-1043
4082,1457,-1045
4112,1466,-1045
4141,1466,-1058
4162,1461,-1077
4179,1455,-1109
4185,1451,-1143
4182,1455,-1177
4177,1461,-1209
4178,1468,-1237
4174,1489,-1268
4171,1513,-1291
4163,1542,-1313
4156,1572,-1329
4157,1601,-1352
4156,1620,-1347
4157,1637,-1368
4153,1650,-1383
4148,1658,-1391
4142,1657,-1401
4135,1649,-1414
4129,1641,-1437
4120,1635,-1469
4115,1630,-1508
4110,1629,-1551
4105,1636,-1590
4103,1651,-1638
4107,1679,-1707
4133,1709,-1735
4161,1752,-1789
4189,1797,-1831
4210,1836,-1865
4238,1887,-1859
4258,1944,-1891
4266,2003,-1916
4268,2061,-1935
4266,2121,-1944
4254,2173,-1949
4232,2233,-1936
4196,2282,-1929
4149,2324,-1929
4090,2351,-1942
4018,2360,-1962
3936,2358,-1983
3852,2350,-2005
3743,2332,-1987
3666,2318,-2003
3619,2310,-2033
3550,2313,-2056
3473,2314,-2060
3396,2310,-2081
3323,2306,-2118
3252,2299,-2141
3184,2290,-2146
3123,2291,-2160
3069,2289,-2160
3025,2289,-2150
2989,2281,-2137
2953,2275,-2120
2927,2272,-2103
2895,2266,-2094
2875,2259,-2082
2860,2239,-2072
2848,2226,-2063
2839,2212,-2059
2835,2201,-2084
2848,2183,-2085
2855,2170,-2106
2869,2158,-2125
2884,2147,-2130
2902,2138,-2123
2917,2134,-2117
2932,2135,-2099
2949,2134,-2070
2972,2131,-2027
2995,2138,-1974
3022,2148,-1913
3045,2157,-1852
3062,2168,-1791
3077,2175,-1723
3081,2177,-1660
3068,2174,-1598
3046,2177,-1547
3020,2175,-1509
2990,2171,-1475
2952,2167,-1440
2917,2158,-1411
2891,2141,-1392
2871,2123,-1378
2854,2110,-1358
2840,2090,-1344
2830,2075,-1322
2828,2057,-1301
2834,2045,-1271
2838,2030,-1240
2847,2013,-1205
2854,2002,-1160
2860,1994,-1118
2867,1986,-1068
2868,1979,-1015
2865,1974,-969
2858,1966,-930
2843,1956,-895
2825,1942,-867
2805,1927,-847
2783,1906,-832
2763,1885,-822
2741,1865,-813
2726,1843,-807
2713,1822,-800
2709,1799,-787
2713,1781,-763
2722,1760,-734
2733,1746,-706
2741,1726,-689
2731,1701,-693
2697,1685,-712
2663,1665,-741
2638,1659,-743
2625,1659,-725
2630,1659,-677
2635,1668,-633
2631,1668,-620
2613,1670,-627
2598,1684,-623
2594,1697,-596
2597,1714,-579
2603,1723,-576
2606,1719,-593
2614,1716,-616
2625,1718,-634
2651,1729,-640
2678,1748,-646
2713,1777,-638
2745,1808,-630
2782,1834,-628
2827,1859,-635
2879,1878,-637
2928,1891,-623
2974,1904,-605
3019,1920,-582
3070,1930,-544
3124,1937,-510
3171,1938,-483
3223,1933,-463
3265,1919,-454
3295,1896,-465
3302,1876,-493
3300,1850,-523
3275,1827,-560
3243,1805,-587
3208,1789,-609
3167,1783,-616
3128,1777,-610
3110,1771,-594
3092,1780,-577
3085,1785,-567
3086,1789,-563
3088,1799,-559
3098,1806,-552
3113,1814,-543
3136,1815,-528
3158,1809,-508
3180,1805,-497
3195,1796,-495
3208,1784,-505
3217,1779,-516
3220,1785,-532
3212,1793,-547
3204,1815,-564
3191,1833,-585
3175,1849,-608
3173,1863,-611
3179,1880,-584
3195,1903,-543
3220,1918,-513
3242,1923,-494
3261,1923,-493
3274,1913,-512
3287,1902,-545
3300,1901,-579
3317,1911,-600
3341,1929,-609
3373,1941,-616
3408,1944,-616
3439,1949,-617
3471,1949,-615
3493,1942,-618
3513,1939,-627
3527,1947,-637
3543,1948,-643
3561,1951,-643
3576,1958,-640
3596,1977,-633
3614,2008,-616
3636,2045,-594
3653,2076,-584
3668,2099,-584
3685,2123,-592
3698,2145,-601
3705,2162,-615
3708,2174,-643
3712,2178,-679
3712,2171,-710
3704,2166,-733
3699,2169,-734
3686,2162,-715
3667,2145,-703
3636,2123,-722
3599,2087,-798
3559,2062,-905
3538,2059,-1004
3535,2092,-1075
3568,2149,-1097
3619,2211,-1074
3687,2266,-1045
3764,2309,-1036
3850,2330,-1038
3934,2335,-1046
4012,2332,-1057
4087,2344,-1081
4171,2340,-1107
4269,2335,-1145
4359,2332,-1179
4451,2342,-1235
4566,2339,-1278
4676,2339,-1326
4787,2335,-1362
4885,2321,-1377
4977,2321,-1399
5064,2331,-1405
5134,2335,-1403
5178,2330,-1402
5195,2318,-1411
5188,2292,-1447
5165,2260,-1498
5122,2235,-1556
5072,2214,-1611
5027,2191,-1668
4993,2169,-1714
4970,2144,-1743
4959,2106,-1749
4941,2046,-1740
4917,1959,-1720
4880,1846,-1693
4841,1711,-1678
4791,1559,-1673
4734,1404,-1677
4679,1249,-1678
4614,1107,-1681
4543,970,-1689
4472,844,-1700
4383,737,-1738
4273,643,-1804
4155,569,-1884
4027,536,-1935
3905,550,-1946
3803,591,-1923
3713,648,-1895
3629,709,-1884
3555,770,-1874
3494,828,-1857
3451,884,-1830
3429,929,-1815
3417,975,-1816
3417,1002,-1819
3429,1017,-1818
3451,1024,-1810
3478,1021,-1779
3504,1015,-1722
3531,1007,-1658
3546,1000,-1593
3555,997,-1533
3558,990,-1487
3549,985,-1447
3534,991,-1416
3519,1000,-1385
3491,1020,-1353
3454,1055,-1314
3412,1092,-1267
3375,1127,-1219
3338,1153,-1173
3307,1169,-1135
3276,1165,-1094
3244,1151,-1064
3216,1135,-1044
3183,1111,-1035
3157,1087,-1033
3129,1075,-1033
3103,1066,-1025
3070,1066,-1011
3043,1070,-986
3008,1083,-958
2974,1092,-923
2942,1103,-893
2916,1114,-857
2888,1117,-821
2860,1117,-787
2836,1109,-762
2816,1102,-741
2804,1096,-721
2796,1089,-704
2789,1078,-694
2784,1070,-694
2781,1051,-695
2782,1025,-702
2783,996,-704
2785,966,-710
2795,937,-708
2797,904,-710
2798,872,-715
2809,845,-697
2824,822,-669
2847,803,-638
2879,776,-606
2914,747,-574
2953,729,-556
2982,701,-558
3006,681,-570
3025,670,-586
3051,674,-593
3081,697,-579
3109,736,-566
3137,771,-548
3169,797,-522
3195,821,-502
3218,832,-497
3233,832,-502
3245,826,-509
3253,823,-520
3261,818,-541
3265,818,-558
3269,824,-583
3266,832,-612
3261,839,-640
3256,854,-657
3255,870,-657
3264,884,-652
3275,897,-639
3290,911,-616
3314,929,-585
3347,955,-544
3380,983,-495
3427,1014,-435
3480,1050,-397
3534,1078,-364
3603,1102,-339
3659,1129,-324
3712,1143,-329
3746,1157,-351
3771,1177,-379
3784,1200,-416
3780,1220,-451
3771,1229,-476
3758,1226,-493
3743,1221,-503
3731,1200,-501
3718,1176,-495
3707,1149,-487
3694,1112,-481
3679,1079,-481
3671,1051,-484
3664,1032,-486
3656,1021,-486
3643,1017,-489
3637,1019,-485
3632,1029,-480
3623,1040,-478
3616,1050,-480
3610,1056,-483
3602,1059,-485
3597,1065,-497
3585,1071,-510
3579,1075,-530
3573,1084,-553
3569,1091,-570
3566,1107,-589
3562,1119,-613
3558,1132,-620
3556,1142,-622
3564,1154,-629
3584,1174,-637
3607,1199,-639
3635,1219,-631
3661,1235,-628
3682,1253,-628
3702,1274,-632
3715,1299,-635
3726,1318,-641
3748,1347,-653
3774,1384,-654
3804,1424,-670
3831,1446,-728
3850,1456,-823
3875,1467,-915
3892,1506,-974
3918,1582,-952
3955,1665,-876
3977,1711,-815
3964,1710,-805
3936,1667,-828
3917,1623,-859
3917,1596,-888
3939,1586,-925
3965,1586,-967
4000,1595,-1024
4047,1612,-1083
4095,1627,-1145
4144,1645,-1191
4187,1659,-1229
4239,1682,-1259
4288,1706,-1293
4331,1736,-1330
4378,1774,-1355
4436,1820,-1385
4496,1884,-1418
4563,1969,-1454
4641,2066,-1477
4734,2183,-1496
4841,2316,-1515
4955,2454,-1522
5066,2581,-1513
5167,2691,-1521
5256,2774,-1536
5312,2822,-1566
5325,2829,-1600
5290,2804,-1631
5206,2766,-1665
5088,2715,-1694
4913,2667,-1709
4755,2647,-1740
4597,2637,-1785
4437,2640,-1838
4274,2649,-1899
4136,2662,-1960
4000,2683,-2008
3868,2713,-2058
3737,2741,-2088
3612,2760,-2123
3486,2776,-2155
3368,2793,-2193
3258,2812,-2236
3153,2826,-2275
3054,2837,-2315
2964,2857,-2356
2891,2874,-2399
2834,2904,-2432
2801,2926,-2459
2796,2934,-2478
2804,2945,-2487
2831,2940,-2481
2886,2915,-2453
2956,2875,-2409
3043,2827,-2357
3127,2769,-2314
3202,2705,-2272
3254,2644,-2237
3286,2587,-2197
3294,2534,-2143
3277,2492,-2087
3248,2456,-2012
3209,2421,-1932
3165,2390,-1851
3117,2361,-1784
3065,2342,-1715
3015,2318,-1660
2966,2298,-1603
2919,2276,-1565
2878,2259,-1523
2836,2231,-1478
2800,2203,-1445
2774,2168,-1403
2755,2129,-1375
2747,2086,-1330
2740,2043,-1286
2730,2009,-1226
2717,1976,-1169
2699,1949,-1108
2681,1915,-1057
2658,1885,-1008
2626,1856,-966
2586,1834,-937
2536,1813,-914
2482,1804,-889
2419,1805,-866
2358,1792,-856
2326,1776,-843
2295,1764,-853
2273,1748,-870
2258,1749,-902
2239,1749,-931
2223,1759,-950
2214,1763,-941
2215,1761,-911
2215,1751,-857
2200,1737,-796
2184,1730,-744
2167,1726,-707
2143,1716,-686
2118,1699,-676
2099,1677,-675
2083,1659,-666
2069,1652,-659
2056,1651,-626
2052,1659,-589
2065,1667,-563
2081,1677,-553
2109,1690,-548
2142,1699,-550
2179,1713,-545
2215,1726,-541
2258,1748,-533
2307,1771,-510
2346,1790,-484
2383,1816,-460
2407,1837,-441
2446,1878,-430
2478,1905,-418
2506,1931,-413
2536,1961,-403
2569,1993,-403
2601,2019,-403
2623,2045,-404
2639,2058,-417
2655,2065,-430
2667,2070,-443
2681,2055,-458
2700,2039,-466
2720,2033,-471
2757,2032,-478
2816,2048,-480
2888,2077,-470
2976,2115,-446
3063,2155,-416
3144,2190,-391
3201,2208,-390
3230,2210,-421
3231,2190,-487
3215,2172,-530
3204,2166,-521
3204,2173,-481
3210,2190,-407
3203,2199,-357
3187,2195,-325
3153,2175,-339
3118,2149,-361
3092,2129,-360
3079,2121,-374
3066,2115,-391
3052,2108,-440
3044,2121,-469
3033,2144,-485
3039,2168,-489
3056,2208,-467
3077,2241,-450
3102,2278,-432
3127,2311,-440
3154,2338,-458
3176,2352,-496
3193,2357,-539
3205,2351,-582
3213,2345,-623
3227,2330,-649
3245,2316,-656
3265,2307,-648
3291,2306,-632
3328,2309,-601
3368,2311,-567
3414,2325,-530
3469,2348,-483
3532,2375,-448
3604,2399,-444
3676,2414,-459
3743,2418,-496
3814,2422,-548
3880,2427,-596
3943,2431,-636
4006,2433,-651
4052,2439,-644
4087,2440,-598
4119,2440,-522
4140,2438,-463
4157,2420,-434
4167,2395,-467
4177,2367,-543
4188,2342,-633
4203,2334,-738
4219,2336,-823
4227,2344,-887
4229,2348,-941
4231,2345,-986
4231,2339,-1023
4236,2337,-1051
4256,2343,-1060
4294,2349,-1076
4358,2360,-1111
4450,2383,-1153
4569,2416,-1181
4702,2460,-1201
4837,2508,-1210
4966,2558,-1208
5077,2589,-1195
5154,2595,-1183
5195,2562,-1163
5194,2505,-1129
5168,2427,-1092
5113,2344,-1071
5039,2245,-1080
4937,2132,-1124
4823,2019,-1192
4699,1909,-1272
4564,1827,-1340
4426,1764,-1399
4291,1705,-1444
4167,1645,-1489
4058,1585,-1522
3958,1519,-1536
3870,1451,-1570
3787,1377,-1618
3719,1303,-1667
3654,1224,-1723
3602,1148,-1784
3560,1086,-1837
3527,1036,-1885
3509,1004,-1922
3516,975,-1932
3532,963,-1936
3558,966,-1919
3596,970,-1898
3644,976,-1867
3710,999,-1829
3780,1017,-1808
3844,1047,-1779
3900,1083,-1736
3941,1113,-1685
3963,1153,-1613
3955,1174,-1549
3939,1184,-1499
3906,1176,-1460
3861,1161,-1430
3821,1156,-1404
3781,1154,-1364
3738,1160,-1319
3707,1181,-1264
3685,1211,-1200
3664,1244,-1137
3641,1283,-1069
3613,1319,-1015
3586,1349,-971
3543,1380,-921
3494,1400,-890
3441,1409,-860
3377,1393,-841
3318,1378,-801
3258,1362,-778
3203,1338,-751
3150,1310,-714
3101,1263,-687
3058,1219,-646
3011,1182,-608
2960,1159,-582
2924,1148,-560
2891,1138,-565
2866,1133,-567
2849,1124,-579
2835,1125,-597
2823,1134,-610
2818,1136,-636
2823,1143,-649
2842,1153,-645
2885,1164,-632
2936,1173,-600
2981,1159,-576
3017,1131,-562
3034,1099,-549
3040,1065,-542
3041,1050,-523
3047,1032,-494
3055,1014,-462
3057,986,-417
3055,955,-383
3054,947,-358
3023,934,-357
2976,900,-404
2911,846,-489
2849,798,-575
2796,774,-620
2743,793,-614
2707,834,-585
2683,868,-570
2671,893,-540
2672,897,-525
2688,880,-532
2717,856,-554
2748,843,-551
2788,852,-521
2838,865,-499
2891,869,-494
2950,881,-480
3011,887,-461
3078,901,-446
3147,909,-425
3213,907,-409
3277,903,-405
3338,904,-389
3390,909,-366
3432,924,-337
3473,961,-306
3515,995,-269
3553,1025,-246
3580,1047,-231
3599,1064,-241
3616,1083,-270
3619,1119,-304
3619,1157,-330
3614,1196,-347
3605,1225,-368
3586,1231,-393
3565,1226,-414
3537,1210,-423
3512,1192,-423
3505,1172,-423
3506,1152,-421
3518,1137,-419
3536,1130,-431
3558,1123,-464
3567,1111,-518
3565,1104,-574
3568,1106,-607
3568,1115,-635
3567,1134,-641
3569,1155,-639
3576,1171,-636
3588,1190,-620
3605,1206,-611
3638,1231,-595
3665,1266,-587
3698,1311,-588
3733,1366,-592
3765,1422,-629
3804,1477,-673
3841,1527,-729
3875,1577,-787
3897,1628,-842
3920,1666,-890
3945,1719,-912
3964,1759,-927
3984,1799,-922
4004,1835,-931
4019,1861,-939
4044,1889,-928
4071,1899,-909
4099,1899,-874
4137,1896,-827
4178,1872,-793
4240,1855,-785
4298,1827,-817
4365,1783,-910
4430,1754,-1024
4490,1725,-1152
4553,1712,-1260
4610,1715,-1362
4666,1726,-1422
4708,1755,-1419
4737,1788,-1363
4760,1837,-1276
4783,1899,-1188
4812,1979,-1135
4846,2080,-1126
4888,2210,-1137
4932,2349,-1183
4988,2501,-1244
5051,2668,-1275
5109,2834,-1316
5157,2993,-1366
5196,3139,-1369
5205,3249,-1391
5184,3308,-1432
5133,3328,-1472
5043,3284,-1522
4929,3204,-1556
4786,3111,-1563
4624,2992,-1568
4456,2879,-1559
4279,2767,-1540
4116,2663,-1524
3947,2589,-1493
3788,2515,-1483
3648,2476,-1463
3514,2449,-1455
3341,2412,-1470
3246,2427,-1490
3163,2458,-1535
3082,2473,-1575
2998,2479,-1628
2922,2480,-1691
2856,2475,-1758
2803,2465,-1822
2778,2460,-1877
2766,2446,-1941
2759,2419,-2002
2777,2386,-2052
2825,2368,-2097
2883,2336,-2121
2943,2305,-2125
3005,2278,-2104
3026,2211,-2077
3070,2178,-1922
3194,2186,-1739
3299,2203,-1564
3368,2197,-1432
3412,2178,-1331
3420,2152,-1242
3403,2113,-1171
3372,2080,-1102
3321,2066,-1037
3248,2077,-985
3183,2114,-930
3115,2163,-894
2940,2108,-891
2928,2213,-843
2927,2288,-844
2867,2310,-885
2828,2328,-932
2793,2333,-959
2755,2307,-965
2724,2267,-956
2689,2229,-925
2659,2191,-875
2624,2133,-834
2585,2068,-817
2536,1999,-806
2495,1936,-785
2450,1887,-757
2401,1846,-726
2354,1809,-699
2313,1789,-664
2272,1770,-630
2225,1754,-607
2190,1747,-565
2158,1744,-508
2133,1739,-450
2123,1738,-401
2098,1726,-363
2084,1714,-338
2060,1694,-325
2030,1668,-340
1997,1645,-361
1963,1622,-411
1933,1607,-441
1909,1598,-464
1892,1602,-468
1886,1617,-465
1896,1627,-447
1912,1635,-420
1950,1643,-394
1991,1645,-367
2049,1651,-335
2125,1664,-298
2204,1696,-252
2283,1738,-208
2364,1789,-166
2441,1842,-137
2511,1893,-122
2560,1942,-146
2598,1990,-198
2618,2018,-262
2621,2059,-336
2625,2087,-401
2632,2110,-446
2646,2118,-485
2660,2130,-523
2675,2135,-546
2695,2124,-562
2721,2105,-581
2754,2079,-592
2797,2049,-594
2856,2006,-588
2920,1980,-565
2991,1972,-533
3053,1973,-497
3127,1964,-493
3204,1954,-507
3261,1968,-513
3307,2006,-501
3360,2059,-469
3415,2109,-416
3464,2159,-371
3531,2184,-369
3592,2217,-373
3639,2241,-389
3664,2247,-426
3686,2250,-469
3701,2238,-520
3714,2211,-571
3719,2187,-582
3729,2156,-602
3726,2131,-603
3725,2100,-605
3709,2076,-603
3700,2046,-596
3690,2018,-607
3679,2005,-610
3684,1989,-641
3688,1966,-703
3688,1942,-752
3684,1919,-800
3688,1909,-826
3689,1902,-822
3694,1895,-807
3709,1888,-767
3747,1890,-733
3817,1907,-722
3928,1931,-767
4048,1969,-878
4211,2022,-1024
4397,2089,-1175
4626,2157,-1315
4857,2241,-1418
5098,2334,-1475
5319,2422,-1476
5529,2490,-1457
5701,2529,-1463
5842,2525,-1505
5947,2488,-1589
6013,2446,-1660
6058,2390,-1728
6084,2342,-1765
6076,2293,-1783
6036,2252,-1784
5954,2200,-1771
5841,2148,-1754
5694,2071,-1725
5528,1956,-1702
5359,1808,-1687
5179,1637,-1700
4989,1479,-1714
4797,1343,-1742
4611,1238,-1769
4433,1161,-1793
4270,1111,-1811
4128,1066,-1820
3992,1020,-1804
3878,977,-1786
3787,945,-1776
3723,917,-1774
3676,903,-1787
3654,905,-1793
3648,915,-1798
3657,938,-1806
3688,971,-1812
3732,1006,-1809
3785,1045,-1791
3850,1086,-1756
3924,1121,-1700
4001,1153,-1621
4062,1189,-1526
4101,1219,-1429
4131,1241,-1328
4142,1250,-1237
4141,1243,-1171
4125,1223,-1136
4097,1195,-1116
4061,1167,-1123
4002,1131,-1139
3933,1093,-1152
3855,1048,-1152
3773,1018,-1139
3694,996,-1104
3607,972,-1060
3512,948,-1014
3406,921,-1006
3288,888,-1033
3161,865,-1058
3049,851,-1054
2958,852,-1018
2884,867,-955
2823,884,-892
2782,894,-836
2738,902,-804
2697,909,-788
2671,915,-758
2660,922,-716
2667,924,-678
2686,920,-638
2714,915,-614
2746,901,-598
2779,894,-578
2810,892,-554
2835,896,-538
2846,891,-536
2839,873,-559
2813,855,-598
2781,844,-633
2750,834,-655
2724,828,-660
2710,835,-638
2698,856,-594
2690,883,-543
2697,902,-499
2707,925,-459
2722,951,-430
2746,968,-424
2772,975,-421
2796,979,-405
2818,985,-382
2844,996,-357
2865,998,-340
2876,995,-332
2876,994,-331
2874,979,-345
2876,966,-358
2881,959,-369
2881,957,-377
2881,958,-375
2887,962,-370
2898,956,-364
2921,944,-344
2951,927,-322
2982,923,-300
3018,920,-288
3052,915,-277
3080,901,-283
3103,885,-301
3123,867,-323
3142,866,-338
3159,870,-356
3168,873,-376
3194,878,-381
3219,887,-375
3266,921,-330
3318,958,-256
3372,1000,-184
3418,1030,-128
3457,1051,-97
3486,1062,-88
3495,1074,-97
3498,1097,-113
3500,1132,-130
3502,1181,-131
3502,1233,-120
3505,1284,-105
3510,1320,-88
3509,1341,-73
3492,1350,-70
3477,1355,-81
3460,1351,-98
3448,1343,-104
3439,1342,-106
3429,1341,-116
3418,1342,-126
3413,1346,-143
3406,1352,-153
3407,1364,-158
3414,1374,-156
3418,1385,-149
3426,1396,-152
3436,1403,-154
3452,1421,-156
3464,1423,-163
3475,1419,-169
3484,1423,-191
3494,1435,-214
3510,1453,-246
3529,1476,-290
3556,1504,-322
3591,1541,-357
3625,1580,-377
3663,1623,-389
3713,1666,-389
3765,1706,-395
3819,1749,-407
3871,1781,-429
3912,1811,-444
3949,1837,-451
3980,1864,-452
4009,1883,-461
4045,1893,-496
4073,1899,-550
4101,1909,-591
4142,1929,-607
4190,1962,-593
4243,2000,-563
4299,2028,-543
4357,2043,-557
4405,2051,-598
4450,2056,-651
4490,2078,-691
4531,2107,-714
4565,2137,-714
4594,2156,-700
4630,2156,-690
4667,2148,-689
4714,2133,-697
4770,2133,-717
4842,2144,-735
4928,2174,-759
5019,2219,-775
5106,2266,-804
5178,2322,-833
5219,2374,-866
5235,2430,-900
5221,2486,-944
5167,2538,-1006
5073,2565,-1121
4944,2575,-1259
4800,2597,-1364
4671,2646,-1398
4557,2699,-1387
4442,2732,-1383
4328,2742,-1397
4217,2742,-1410
4109,2736,-1407
4003,2734,-1402
3904,2729,-1404
3806,2717,-1425
3715,2701,-1473
3625,2683,-1534
3534,2675,-1599
3440,2669,-1661
3363,2667,-1716
3287,2680,-1761
3220,2700,-1798
3175,2718,-1831
3141,2728,-1855
3115,2731,-1873
3081,2734,-1887
3054,2733,-1891
3031,2747,-1887
3024,2757,-1891
3033,2764,-1903
3061,2769,-1918
3095,2766,-1933
3136,2770,-1937
3176,2770,-1927
3211,2757,-1913
3241,2734,-1896
3261,2703,-1861
3271,2666,-1812
3274,2624,-1746
3263,2584,-1677
3239,2539,-1609
3214,2502,-1545
3187,2470,-1498
3163,2449,-1464
3135,2429,-1427
3110,2416,-1397
3085,2398,-1367
3066,2387,-1336
3042,2375,-1310
3027,2363,-1276
3010,2353,-1246
2985,2344,-1213
2963,2338,-1180
2941,2329,-1140
2925,2317,-1096
2901,2316,-1055
2883,2299,-1014
2862,2272,-969
2838,2244,-934
2806,2212,-907
2775,2177,-874
2743,2139,-830
2716,2099,-777
2693,2052,-729
2675,2013,-679
2659,1971,-638
2638,1917,-610
2603,1866,-606
2560,1809,-611
2514,1754,-615
2474,1699,-608
2420,1646,-597
2366,1599,-590
2319,1554,-582
2279,1504,-592
2249,1466,-607
2202,1424,-602
2154,1395,-566
2118,1383,-534
2090,1362,-515
2070,1351,-508
2060,1335,-499
2040,1321,-492
2022,1323,-496
2010,1328,-493
1994,1353,-496
1993,1380,-496
1998,1402,-485
2016,1428,-474
2038,1459,-468
2068,1496,-457
2099,1533,-445
2131,1569,-425
2165,1606,-412
2204,1638,-401
2251,1666,-396
2302,1699,-385
2358,1740,-380
2412,1771,-378
2461,1803,-374
2515,1831,-363
2577,1865,-343
2632,1905,-321
2681,1936,-301
2725,1953,-300
2772,1968,-301
2809,1981,-309
2846,1989,-333
2875,1995,-359
2899,2007,-388
2929,2010,-414
2957,2011,-440
2979,2012,-458
3005,2022,-457
3039,2041,-447
3085,2056,-413
3135,2078,-356
3179,2113,-297
3236,2140,-239
3289,2157,-191
3327,2163,-160
3362,2169,-151
3399,2149,-152
3424,2115,-165
3443,2079,-183
3449,2030,-210
3445,1978,-241
3440,1929,-281
3427,1902,-313
3413,1880,-336
3372,1868,-389
3312,1849,-489
3232,1830,-609
3183,1818,-710
3185,1833,-737
3225,1876,-660
3279,1943,-539
3334,2009,-463
3384,2045,-468
3424,2080,-496
3472,2101,-503
3538,2123,-524
3613,2131,-540
3689,2136,-565
3766,2123,-578
3843,2119,-596
3922,2120,-589
4009,2103,-555
4085,2109,-513
4171,2110,-457
4235,2099,-398
4272,2091,-354
4276,2069,-348
4249,2034,-380
4179,2001,-441
4114,1987,-519
4065,2000,-611
4050,2043,-710
4065,2127,-801
4109,2241,-866
4187,2372,-902
4277,2512,-905
4358,2644,-913
4431,2754,-928
4480,2836,-966
4512,2882,-1002
4522,2894,-1036
4535,2881,-1083
4562,2855,-1142
4618,2835,-1233
4716,2817,-1312
4862,2828,-1325
5043,2863,-1310
5267,2892,-1254
5500,2893,-1174
5708,2841,-1117
5844,2740,-1090
5868,2586,-1088
5795,2397,-1122
5653,2194,-1176
5474,1989,-1247
5286,1801,-1299
5107,1641,-1330
4940,1505,-1350
4788,1395,-1358
4642,1303,-1368
4504,1225,-1389
4366,1163,-1411
4237,1117,-1427
4117,1085,-1434
4007,1066,-1439
3914,1047,-1459
3820,1030,-1497
3752,1016,-1546
3697,1011,-1601
3662,1021,-1646
3650,1036,-1673
3657,1069,-1685
3681,1109,-1695
3716,1149,-1697
3762,1177,-1696
3818,1198,-1688
3872,1212,-1674
3934,1224,-1648
3983,1221,-1623
4031,1212,-1589
4066,1192,-1549
4083,1167,-1501
4083,1138,-1439
4059,1097,-1377
4021,1046,-1313
3972,990,-1254
3921,938,-1200
3856,899,-1148
3787,859,-1103
3722,826,-1065
3645,804,-1030
3573,794,-997
3505,789,-975
3438,790,-958
3370,795,-942
3301,806,-939
3234,814,-940
3160,824,-939
3081,842,-934
3005,864,-919
2933,893,-878
2867,932,-819
2822,959,-742
2780,995,-664
2749,1009,-585
2723,1024,-510
2696,1020,-455
2669,1005,-435
2645,999,-422
2625,985,-417
2611,991,-417
2591,1006,-418
2568,1034,-435
2555,1057,-453
2535,1090,-469
2519,1134,-473
2506,1182,-459
2507,1223,-441
2523,1265,-411
2532,1318,-389
2545,1370,-387
2544,1411,-390
2550,1414,-414
2550,1398,-452
2547,1399,-473
2531,1411,-504
2511,1410,-544
2492,1398,-575
2471,1381,-591
2468,1388,-588
2464,1384,-572
2464,1373,-559
2471,1375,-535
2495,1399,-486
2515,1401,-460
2562,1359,-464
2613,1284,-510
2659,1202,-595
2698,1126,-666
2746,1094,-683
2804,1097,-647
2877,1137,-567
2959,1151,-506
3054,1176,-447
3130,1163,-422
3221,1139,-387
3322,1145,-328
3413,1150,-283
3498,1185,-242
3586,1205,-240
3676,1240,-235
3756,1271,-234
3832,1303,-233
3896,1342,-227
3938,1371,-250
3967,1395,-278
3988,1396,-331
4006,1395,-358
4012,1375,-395
4023,1346,-421
4037,1355,-408
4042,1365,-407
4046,1368,-393
4051,1366,-378
4052,1344,-381
4042,1326,-366
4006,1281,-360
3957,1219,-361
3889,1144,-354
3811,1042,-358
3726,950,-340
3641,855,-334
3581,782,-336
3537,755,-325
3520,747,-338
3511,779,-353
3535,802,-370
3599,793,-395
3748,653,-404
3854,663,-413
3941,718,-435
4017,804,-455
4091,898,-491
4164,1009,-537
4204,1126,-580
4220,1242,-615
4216,1344,-635
4199,1419,-656
4171,1473,-670
4140,1510,-683
4117,1525,-693
4092,1529,-709
4065,1535,-738
4042,1540,-761
4036,1556,-778
4046,1584,-786
4073,1613,-792
4113,1629,-803
4170,1649,-826
4246,1660,-870
4341,1670,-910
4438,1670,-921
4527,1672,-898
4601,1680,-822
4661,1692,-750
4703,1704,-684
4720,1720,-635
4729,1736,-616
4729,1751,-648
4740,1785,-737
4761,1851,-832
4808,1954,-939
4870,2071,-1020
4956,2201,-1084
5056,2334,-1110
5150,2452,-1092
5233,2539,-1040
5283,2603,-953
5301,2652,-866
5279,2687,-806
5219,2711,-789
5130,2725,-820
5011,2726,-870
4867,2726,-920
4720,2721,-970
4552,2713,-1008
4377,2698,-1039
4215,2686,-1064
4035,2672,-1069
3867,2653,-1076
3715,2623,-1089
3566,2589,-1105
3431,2562,-1126
3306,2530,-1156
3198,2507,-1194
3098,2496,-1228
2986,2480,-1274
2933,2490,-1296
2896,2527,-1303
2876,2550,-1321
2878,2569,-1335
2876,2573,-1348
2884,2567,-1357
2907,2555,-1364
2951,2521,-1387
3010,2495,-1399
3084,2460,-1403
3177,2427,-1387
3263,2393,-1357
3337,2357,-1304
3389,2321,-1242
3421,2281,-1187
3425,2236,-1145
3413,2200,-1129
3388,2164,-1124
3355,2129,-1122
3323,2104,-1105
3289,2093,-1070
3259,2104,-1014
3229,2114,-945
3199,2116,-869
3170,2121,-799
3141,2123,-744
3122,2108,-711
3091,2082,-691
3058,2051,-690
3004,2007,-712
2952,1962,-751
2901,1936,-785
2875,1932,-807
2851,1929,-823
2827,1921,-820
2807,1914,-811
2783,1909,-786
2763,1887,-737
2727,1865,-675
2682,1821,-612
2631,1766,-554
2568,1708,-517
2509,1638,-505
2433,1580,-514
2371,1532,-537
2308,1504,-580
2253,1481,-613
2213,1441,-651
2186,1392,-680
2164,1337,-705
2155,1277,-712
2151,1210,-708
2164,1147,-689
2191,1081,-667
2242,1031,-642
2298,1012,-616
2366,1018,-589
2436,1053,-541
2498,1114,-477
2546,1183,-413
2591,1262,-345
2625,1349,-289
2648,1445,-246
2658,1522,-232
2662,1591,-225
2660,1651,-226
2658,1708,-227
2647,1771,-244
2635,1824,-259
2628,1879,-260
2632,1930,-255
2647,1973,-260
2669,2007,-252
2702,2030,-232
2741,2046,-216
2790,2053,-188
2854,2044,-159
2935,2036,-122
3021,2037,-70
3093,2032,-33
3198,2038,-18
3294,2041,-15
3373,2030,-25
3425,2007,-47
3468,1980,-78
3486,1960,-115
3496,1929,-151
3490,1911,-215
3481,1897,-259
3463,1888,-263
3444,1880,-247
3423,1872,-217
3414,1855,-171
3404,1834,-130
3397,1807,-97
3411,1778,-73
3424,1761,-50
3445,1750,-29
3463,1752,-10
3482,1760,10
3487,1767,24
3472,1768,23
3447,1756,11
3412,1743,-2
3373,1719,-19
3331,1697,-36
3291,1680,-51
3260,1674,-64
3232,1674,-76
3201,1683,-94
3166,1692,-106
3135,1700,-115
3119,1710,-128
3123,1731,-140
3144,1747,-137
3170,1770,-124
3203,1787,-108
3245,1804,-72
3284,1816,-35
3328,1821,-9
3372,1818,2
3417,1802,0
3453,1782,-8
3481,1764,-35
3495,1748,-78
3504,1739,-124
3502,1741,-166
3498,1748,-195
3486,1769,-201
3478,1802,-190
3483,1840,-153
3496,1879,-109
3515,1906,-72
3539,1907,-56
3564,1897,-42
3594,1872,-47
3634,1845,-58
3675,1823,-62
3715,1800,-74
3750,1798,-76
3784,1799,-70
3829,1799,-61
3872,1817,-36
3903,1821,-13
3910,1829,22
3885,1836,68
3827,1841,97
3758,1839,100
3700,1830,46
3666,1853,-26
3654,1902,-112
3673,1984,-180
3713,2098,-207
3771,2214,-207
3840,2308,-164
3894,2340,-131
3937,2305,-100
3934,2213,-108
3900,2081,-185
3834,1928,-298
3761,1779,-417
3716,1690,-467
3704,1640,-486
3727,1625,-474
3780,1647,-450
3858,1687,-434
3937,1761,-417
4020,1839,-416
4124,1935,-426
4241,2046,-426
4358,2147,-409
4482,2254,-419
4588,2355,-428
4696,2454,-445
4797,2530,-461
4895,2597,-505
4972,2657,-545
5042,2701,-607
5095,2715,-683
5138,2710,-755
5166,2686,-823
5177,2632,-874
5183,2567,-918
5190,2482,-943
5199,2380,-968
5208,2274,-977
5202,2172,-977
5188,2063,-976
5151,1946,-997
5092,1825,-1044
5019,1715,-1094
4920,1623,-1148
4815,1540,-1203
4698,1478,-1245
4583,1413,-1291
4470,1338,-1338
4361,1262,-1368
4268,1189,-1391
4187,1127,-1411
4130,1080,-1418
4078,1029,-1419
4037,972,-1425
4025,917,-1430
4033,864,-1437
4055,819,-1443
4080,794,-1441
4091,770,-1447
4090,744,-1470
4087,720,-1485
4079,698,-1505
4057,692,-1521
4030,702,-1522
4005,720,-1521
3993,746,-1501
3987,784,-1459
3997,823,-1402
4002,870,-1325
4006,916,-1241
4009,959,-1178
4002,1003,-1136
3982,1034,-1132
3961,1051,-1157
3942,1079,-1177
3909,1097,-1191
3882,1113,-1182
3854,1135,-1163
3822,1157,-1140
3780,1182,-1106
3720,1198,-1079
3649,1221,-1037
3568,1236,-993
3488,1246,-941
3417,1244,-893
3349,1234,-840
3275,1218,-785
3204,1198,-734
3151,1170,-696
3080,1150,-651
3016,1132,-622
2965,1110,-608
2919,1081,-602
2880,1056,-599
2840,1033,-601
2808,1019,-597
2773,1004,-584
2748,996,-572
2736,989,-551
2735,986,-526
2748,985,-500
2764,986,-471
2775,986,-455
2781,984,-456
2773,981,-468
2762,974,-487
2747,965,-513
2739,954,-534
2726,949,-540
2710,937,-536
2679,919,-533
2638,894,-537
2608,854,-560
2561,820,-572
2511,790,-569
2465,764,-555
2431,741,-528
2415,725,-502
2409,714,-462
2426,706,-412
2466,696,-374
2527,686,-342
2600,670,-322
2684,657,-312
2768,650,-319
2851,647,-338
2932,653,-362
3014,662,-382
3092,668,-395
3156,688,-393
3217,711,-386
3265,746,-374
3306,772,-370
3337,803,-380
3365,830,-405
3390,859,-440
3423,897,-479
3451,944,-521
3473,991,-579
3491,1031,-649
3516,1063,-713
3539,1106,-738
3572,1168,-715
3608,1232,-668
3652,1287,-609
3699,1342,-544
3746,1386,-476
3794,1417,-431
3838,1441,-398
3881,1461,-363
3919,1478,-330
3945,1475,-323
3958,1454,-350
3967,1421,-387
3972,1382,-432
3977,1345,-474
3978,1313,-515
3983,1293,-546
3985,1278,-572
3983,1267,-592
3967,1261,-608
3962,1254,-622
3962,1249,-635
3970,1243,-641
3983,1235,-641
4002,1232,-645
4031,1232,-641
4064,1236,-638
4108,1242,-630
4156,1252,-631
4212,1263,-645
4273,1278,-648
4345,1297,-659
4428,1324,-654
4527,1350,-634
4617,1380,-606
4706,1416,-569
4774,1467,-509
4826,1514,-443
4865,1561,-412
4882,1612,-401
4874,1659,-392
4843,1705,-383
4786,1737,-373
4703,1747,-387
4611,1733,-454
4531,1705,-586
4476,1687,-772
4464,1697,-968
4499,1739,-1119
4576,1802,-1183
4696,1880,-1179
4841,1951,-1114
4992,2000,-1016
5142,2018,-921
5271,2014,-862
5366,1998,-850
5429,1998,-875
5459,2020,-936
5467,2070,-1017
5465,2158,-1097
5444,2283,-1140
5400,2442,-1159
5328,2614,-1157
5217,2786,-1138
5047,2943,-1092
4822,3078,-1079
4550,3172,-1090
4250,3226,-1127
3941,3250,-1190
3636,3235,-1261
3363,3192,-1350
3118,3141,-1448
2912,3078,-1535
2750,2996,-1607
2632,2902,-1661
2565,2783,-1692
2544,2629,-1691
2558,2465,-1679
2584,2307,-1657
2616,2162,-1629
2649,2018,-1604
2691,1893,-1581
2749,1797,-1561
2844,1724,-1536
2977,1667,-1498
3127,1626,-1440
3278,1613,-1364
3418,1629,-1277
3525,1680,-1175
3600,1743,-1091
3646,1809,-1046
3659,1870,-1034
3658,1918,-1051
3640,1958,-1077
3610,1997,-1094
3571,2026,-1090
3521,2039,-1054
3463,2040,-993
3409,2037,-918
3356,2021,-843
3315,1982,-778
3277,1920,-730
3244,1856,-679
3217,1793,-643
3180,1742,-606
3133,1704,-576
3081,1679,-553
3015,1653,-530
2951,1634,-511
2888,1624,-489
2826,1628,-464
2767,1632,-440
2715,1642,-416
2661,1650,-391
2608,1657,-367
2559,1655,-345
2520,1647,-326
2480,1632,-321
2443,1610,-315
2413,1587,-309
2391,1556,-297
2379,1520,-281
2376,1488,-270
2369,1462,-276
2343,1434,-310
2317,1395,-366
2286,1362,-398
2258,1341,-369
2242,1334,-319
2225,1351,-285
2201,1362,-285
2177,1372,-294
2174,1375,-285
2201,1375,-256
2233,1371,-234
2274,1364,-238
2309,1352,-265
2342,1339,-302
2376,1329,-331
2407,1329,-350
2441,1338,-361
2476,1363,-353
2513,1409,-330
2564,1462,-306
2612,1520,-284
2664,1578,-274
2706,1639,-265
2751,1703,-247
2803,1761,-230
2854,1817,-211
2916,1864,-195
2987,1905,-174
3055,1938,-157
3128,1952,-150
3202,1961,-144
3274,1962,-144
3339,1955,-142
3399,1948,-137
3458,1930,-130
3505,1914,-120
3548,1899,-110
3577,1888,-92
3597,1875,-77
3615,1857,-79
3612,1841,-79
3601,1822,-85
3581,1800,-101
3551,1780,-119
3523,1755,-140
3483,1739,-163
3451,1714,-183
3419,1700,-203
3390,1684,-215
3364,1665,-218
3346,1651,-221
3334,1643,-230
3319,1635,-249
3311,1627,-285
3307,1623,-329
3313,1627,-356
3336,1638,-366
3363,1650,-368
3398,1663,-372
3429,1680,-384
3451,1694,-416
3483,1703,-460
3531,1713,-507
3585,1725,-548
3652,1740,-568
3725,1764,-576
3809,1798,-572
3897,1832,-543
3983,1861,-509
4063,1886,-481
4143,1902,-446
4219,1908,-423
4290,1902,-407
4369,1874,-407
4447,1846,-402
4519,1820,-384
4587,1794,-340
4645,1759,-300
4697,1736,-297
4750,1722,-334
4801,1725,-421
4857,1749,-520
4913,1801,-618
4965,1876,-693
5004,1963,-730
5032,2032,-739
5033,2075,-740
5006,2089,-747
4958,2075,-775
4894,2049,-839
4826,2027,-930
4777,2001,-1046
4759,1972,-1152
4764,1948,-1232
4805,1922,-1296
4903,1884,-1325
5019,1831,-1313
5138,1763,-1264
5244,1698,-1205
5328,1611,-1155
5371,1510,-1140
5375,1390,-1172
5346,1261,-1221
5289,1143,-1271
5210,1032,-1322
5116,934,-1362
5004,839,-1390
4880,750,-1410
4747,667,-1438
4612,596,-1472
4474,534,-1513
4350,485,-1557
4239,437,-1607
4152,398,-1646
4079,361,-1677
4029,324,-1700
3999,298,-1705
3980,286,-1704
3966,280,-1699
3972,263,-1691
3982,244,-1682
3994,224,-1675
4008,201,-1676
4015,186,-1687
4021,176,-1695
4019,178,-1716
4003,176,-1769
3986,171,-1850
3974,189,-1917
3975,240,-1926
3994,315,-1888
4019,400,-1809
4042,480,-1715
4045,537,-1632
4034,570,-1563
4007,596,-1491
3975,624,-1405
3942,647,-1327
3913,653,-1273
3882,647,-1242
3855,621,-1217
3819,598,-1199
3778,574,-1179
3741,558,-1154
3699,538,-1124
3644,524,-1098
3583,518,-1081
3520,505,-1066
3459,492,-1053
3408,488,-1038
3354,483,-1013
3305,488,-982
3268,495,-944
3234,500,-908
3202,499,-874
3168,495,-841
3148,479,-815
3122,473,-787
3091,471,-763
3074,463,-753
3054,460,-758
3038,469,-757
3027,487,-756
3023,515,-735
3022,545,-708
3023,582,-673
3020,614,-635
3016,639,-593
3014,655,-546
3005,656,-504
3000,648,-474
2991,640,-443
2981,628,-423
2966,615,-410
2952,609,-400
2930,604,-397
2903,601,-394
2880,590,-388
2849,585,-377
2822,583,-360
2801,579,-350
2778,580,-345
2752,583,-335
2732,581,-312
2731,581,-270
2742,584,-221
2758,579,-185
2781,572,-165
2802,563,-163
2821,550,-180
2847,548,-205
2871,563,-224
2898,587,-228
2943,612,-213
2992,646,-193
3043,675,-169
3096,707,-139
3150,739,-111
3202,770,-84
3251,790,-69
3294,810,-58
3331,825,-58
3363,834,-56
3391,846,-53
3417,863,-45
3437,870,-40
3452,875,-39
3479,866,-47
3488,871,-45
3490,864,-39
3495,860,-42
3489,856,-45
3496,847,-47
3508,839,-48
3530,847,-41
3562,860,-34
3599,869,-30
3646,876,-26
3688,886,-26
3722,896,-21
3762,898,-17
3799,896,-6
3835,887,2
3869,871,17
3897,852,41
3916,834,65
3929,818,88
3939,801,100
3948,789,109
3955,789,120
3976,794,123
3983,819,133
3983,848,141
3982,871,140
3972,882,136
3950,875,124
3916,862,97
3871,842,65
3811,821,28
3745,801,-14
3680,783,-66
3620,772,-118
3573,769,-178
3543,776,-222
3525,785,-267
3528,806,-307
3550,840,-332
3592,884,-336
3653,934,-313
3729,996,-266
3816,1068,-189
3897,1149,-119
3967,1224,-90
4012,1287,-98
4033,1349,-116
4042,1414,-124
4053,1486,-104
4065,1563,-77
4076,1640,-61
4087,1712,-40
4101,1787,-13
4126,1853,45
4165,1904,100
4212,1941,116
4268,1972,84
4327,2001,32
4417,2042,-34
4540,2093,-82
4692,2166,-88
4861,2237,-44
5021,2286,40
5154,2283,128
5226,2226,192
5199,2128,205
5102,2000,130
4951,1872,-3
4783,1743,-148
4640,1622,-278
4531,1540,-362
4455,1491,-395
4420,1489,-362
4405,1549,-278
4399,1640,-179
4408,1748,-88
4416,1851,-22
4409,1925,0
4387,1960,-15
4345,1973,-73
4281,1967,-139
4205,1958,-200
4128,1946,-238
4036,1917,-258
3926,1896,-270
3804,1875,-268
3678,1833,-271
3537,1781,-281
3380,1728,-305
3222,1677,-338
3066,1617,-362
2927,1552,-388
2803,1471,-388
2720,1388,-380
2641,1337,-365
2557,1332,-357
2517,1304,-312
2472,1292,-251
2433,1303,-183
2412,1328,-142
2405,1368,-152
2425,1421,-180
2470,1473,-219
2535,1537,-257
2605,1604,-294
2672,1676,-343
2766,1720,-370
2867,1758,-381
2968,1798,-383
3052,1847,-387
3148,1896,-402
3270,1922,-380
3402,1948,-330
3514,1976,-277
3603,1993,-236
3698,2008,-208
3796,2014,-164
3866,2015,-109
3907,1997,-56
3916,1981,-28
3920,1936,-14
3904,1883,2
3861,1832,14
3807,1791,16
3747,1762,13
3688,1757,11
3633,1759,12
3580,1771,27
3534,1782,44
3485,1795,64
3431,1812,83
3376,1811,107
3320,1811,132
3272,1801,158
3220,1786,176
3165,1767,182
3114,1736,177
3060,1708,172
3008,1675,174
2969,1639,184
2945,1607,210
2926,1588,228
2919,1574,243
2922,1561,249
2933,1550,243
2948,1548,220
2964,1546,186
2981,1542,152
3001,1545,116
3025,1546,105
3054,1553,105
3085,1561,121
3113,1578,143
3142,1596,170
3168,1600,187
3194,1610,186
3215,1626,180
3227,1636,163
3238,1653,146
3250,1669,123
3265,1689,114
3281,1704,116
3299,1719,132
3323,1724,151
3327,1742,185
3323,1758,215
3320,1764,236
3314,1758,240
3302,1761,233
3293,1768,219
3292,1771,205
3284,1776,174
3260,1783,113
3232,1787,33
3225,1780,-30
3248,1777,-39
3292,1797,2
3355,1829,79
3417,1871,147
3464,1908,179
3494,1936,196
3519,1952,207
3539,1957,206
3544,1939,173
3532,1905,114
3524,1863,48
3520,1822,-5
3526,1787,-32
3540,1771,-22
3562,1766,-4
3592,1759,21
3616,1754,34
3639,1738,25
3663,1710,9
3689,1684,-20
3716,1665,-51
3744,1661,-66
3780,1670,-61
3816,1697,-46
3851,1734,-35
3895,1781,-23
3939,1839,-5
3980,1900,27
4010,1966,72
4024,2035,125
4030,2105,176
4027,2173,205
4020,2225,214
4022,2249,208
4042,2244,199
4081,2220,192
4156,2186,204
4264,2142,215
4401,2103,220
4563,2057,196
4735,2005,145
4903,1934,96
5037,1855,58
5125,1768,47
5153,1667,50
5117,1546,45
5022,1401,21
4894,1252,-27
4770,1109,-91
4656,978,-160
4569,869,-228
4506,784,-292
4465,731,-358
4437,703,-411
4422,701,-435
4410,715,-441
4388,715,-443
4359,698,-465
4310,664,-505
4253,614,-563
4178,561,-615
4107,511,-639
4033,467,-638
3954,428,-614
3874,386,-587
3800,342,-578
3729,305,-596
3623,262,-628
3594,262,-693
3578,271,-765
3567,296,-829
3568,350,-877
3587,412,-911
3614,477,-927
3663,560,-931
3712,638,-919
3761,716,-900
3806,791,-880
3851,865,-858
3878,947,-827
3908,1033,-798
3924,1117,-775
3943,1194,-743
3951,1250,-716
3973,1285,-694
3971,1313,-676
3974,1318,-660
3976,1305,-660
3972,1272,-666
3966,1236,-658
3963,1202,-633
3957,1153,-604
3953,1113,-559
3949,1063,-518
3934,1024,-476
3911,982,-433
3888,929,-397
3862,880,-359
3833,838,-325
3799,803,-297
3763,774,-263
3731,727,-243
3700,685,-229
3670,638,-216
3644,596,-212
3622,545,-196
3599,496,-182
3586,463,-168
3570,426,-151
3548,381,-136
3527,346,-125
3508,318,-112
3479,301,-105
3453,271,-105
3423,251,-106
3387,236,-99
3355,226,-91
3328,215,-85
3303,192,-86
3290,184,-80
3281,181,-86
3276,198,-97
3273,238,-111
3292,298,-123
3321,359,-129
3359,416,-126
3408,446,-159
3445,445,-247
3482,450,-326
3530,471,-344
3595,513,-307
3665,532,-254
3720,566,-226
3772,584,-189
3819,574,-178
3842,545,-197
3867,523,-203
3895,513,-180
3934,511,-145
3977,499,-119
4008,489,-103
4032,482,-105
4047,480,-117
4038,484,-135
4015,500,-158
3981,529,-184
3945,570,-198
3904,611,-205
3873,642,-203
3845,702,-192
3844,758,-152
3858,802,-91
3879,831,-40
3903,850,-1
3924,863,27
3948,865,51
3963,866,56
