986,879,5186
982,853,5230
981,883,5283
952,866,5291
982,855,5297
997,883,5344
946,927,5255
944,919,5279
962,909,5344
966,946,5278
953,981,5335
889,977,5394
899,1006,5266
860,1087,5258
894,1140,5231
818,1212,5294
811,1276,5236
738,1304,5199
760,1335,5201
720,1407,5174
722,1430,5177
690,1467,5118
642,1496,5158
651,1516,5209
618,1508,5267
641,1497,5307
601,1463,5281
558,1479,5357
586,1517,5316
543,1491,5350
503,1508,5384
538,1523,5378
489,1541,5394
469,1580,5305
467,1600,5348
456,1613,5207
453,1685,5244
408,1677,5255
397,1710,5147
386,1727,5160
410,1733,5243
330,1761,5164
343,1787,5119
334,1788,5240
319,1785,5226
357,1764,5258
366,1716,5257
360,1688,5272
331,1674,5379
333,1648,5359
394,1625,5403
392,1623,5404
387,1559,5466
415,1463,5447
392,1456,5561
409,1421,5622
456,1299,5597
478,1244,5702
486,1148,5731
538,1099,5874
569,1043,5876
582,939,5911
583,884,5821
651,852,5860
664,810,5882
696,728,5828
728,684,5873
747,653,5832
750,623,5863
753,538,5946
801,515,5914
834,465,5679
840,416,5934
860,367,5886
835,378,5904
843,344,5925
839,353,5835
866,276,5835
875,322,5828
878,268,5774
858,283,5706
906,290,5888
910,275,5834
924,281,5771
936,247,5755
917,232,5821
943,238,5790
896,124,5793
922,127,5798
892,110,5682
945,101,5750
940,81,5720
951,108,5842
955,131,5701
924,126,5798
925,135,5756
927,149,5714
932,126,5818
935,156,5793
897,180,5771
883,189,5786
863,252,5836
882,254,5765
859,242,5824
828,324,5791
835,356,5849
839,389,5847
853,422,5824
849,417,5876
834,417,5904
822,419,5922
814,458,5967
824,465,5912
794,461,6039
817,447,6037
784,404,6018
820,403,5975
824,410,6112
824,353,6164
798,328,6181
812,288,6203
820,268,6211
806,231,6215
824,209,6259
791,165,6279
816,201,6197
802,241,6277
808,243,6209
778,286,6176
808,331,6201
826,389,6245
813,393,6158
827,470,6172
845,495,6135
788,492,6117
827,572,6029
768,613,6056
766,621,6085
788,664,6040
798,693,5994
785,687,5932
774,680,5967
749,723,5953
774,723,5976
800,746,5829
823,752,5913
807,743,5936
794,712,5972
787,723,5930
835,687,5928
822,655,5951
849,643,5947
848,605,5958
874,559,5948
869,543,5958
889,475,5972
930,448,6014
879,393,5998
908,367,5898
935,296,5958
940,241,5881
942,174,5872
977,86,5885
990,16,5919
992,-12,5909
1010,-35,5905
1002,-106,5949
992,-180,5970
989,-256,5911
1025,-298,5856
997,-344,5840
997,-405,5817
1024,-454,5839
1004,-488,5791
1024,-472,5731
1013,-473,5792
991,-472,5792
1048,-500,5682
1051,-499,5693
987,-500,5800
1027,-469,5753
998,-482,5737
1012,-472,5772
1025,-465,5795
1002,-402,5825
1041,-430,5708
1066,-404,5725
1022,-412,5857
1076,-454,5793
1073,-441,5609
1040,-456,5765
1075,-401,5681
1044,-461,5633
1062,-467,5660
1049,-429,5649
1089,-466,5547
1107,-417,5634
1106,-455,5563
1105,-431,5503
1109,-429,5479
1135,-352,5465
1152,-374,5415
1187,-320,5397
1191,-326,5368
1209,-269,5301
1225,-225,5285
1239,-161,5261
1290,-102,5129
1269,-106,5155
1287,-48,5125
1271,-5,5005
1304,46,5001
1276,90,5007
1311,144,5052
1291,171,5163
1305,205,5046
1264,226,4854
1227,276,5020
1265,309,5004
1250,317,4986
1203,343,5042
1200,327,5076
1180,346,5060
1181,329,5051
1131,290,5107
1133,271,4978
1072,297,5151
1044,281,5158
1042,278,5180
1045,256,5217
1007,281,5176
984,266,5265
966,283,5279
978,290,5267
991,272,5321
1012,303,5285
991,298,5310
951,355,5296
977,388,5365
989,383,5356
993,365,5325
981,411,5343
1019,420,5402
991,379,5335
951,423,5349
948,456,5277
996,396,5395
971,422,5323
985,432,5378
960,415,5398
1008,411,5442
996,465,5410
923,433,5427
959,390,5488
985,374,5528
957,379,5499
940,363,5411
976,400,5515
954,340,5548
949,320,5497
950,241,5521
962,194,5540
999,162,5513
966,102,5576
974,80,5642
979,-9,5535
1009,-96,5525
1012,-137,5500
980,-163,5515
1009,-232,5486
1005,-294,5515
1018,-330,5400
977,-375,5292
1005,-405,5325
1025,-423,5305
1007,-456,5286
1017,-453,5268
1008,-459,5218
988,-495,5176
976,-478,5192
991,-500,5042
1001,-488,5239
990,-540,5141
1012,-529,5076
1008,-559,5061
1009,-549,5056
1037,-559,5045
1001,-590,5023
1003,-540,4962
1007,-562,4824
980,-557,4867
983,-622,4858
995,-598,4824
979,-629,4855
996,-614,4764
1005,-616,4798
1012,-600,4730
989,-624,4805
1027,-614,4603
1007,-588,4712
1020,-566,4684
978,-586,4692
1009,-549,4737
1002,-556,4781
1015,-506,4731
1042,-507,4768
1060,-519,4736
1062,-486,4719
1063,-479,4761
1075,-500,4840
1096,-458,4801
1086,-418,4868
1122,-387,4882
1092,-392,4936
1121,-397,4890
1143,-367,4971
1131,-364,4817
1134,-363,4880
1113,-325,4902
1121,-367,4844
1133,-368,4801
1155,-338,4750
1139,-321,4743
1140,-287,4731
1151,-275,4660
1179,-288,4507
1174,-262,4603
1209,-253,4601
1182,-203,4625
1234,-184,4525
1200,-170,4583
1232,-136,4573
1271,-34,4517
1296,33,4508
1304,78,4409
1291,91,4464
1355,157,4485
1334,227,4407
1333,312,4440
1298,337,4408
1354,389,4340
1361,455,4311
1315,469,4291
1372,560,4339
1343,582,4268
1352,626,4253
1320,651,4245
1309,690,4239
1328,710,4208
1324,756,4209
1287,778,4186
1378,767,4146
1331,814,4156
1344,842,4197
1333,827,4098
1364,833,4198
1341,829,4189
1313,824,4202
1353,813,4132
1330,789,4136
1361,767,4074
1362,719,4103
1387,712,4017
1341,685,4025
1352,604,4067
1407,551,4058
1377,535,4096
1373,456,4056
1392,422,4062
1404,378,4047
1401,330,4026
1373,283,3816
1368,265,3917
1353,186,3941
1334,139,3858
1359,71,3834
1304,67,3847
1356,51,3797
1323,5,3751
1304,-30,3806
1294,-58,3843
1300,-33,3789
1277,-75,3671
1268,-134,3809
1277,-90,3769
1238,-145,3830
1239,-162,3776
1251,-172,3813
1255,-196,3826
1269,-213,3660
1235,-195,3844
1230,-202,3766
1217,-247,3844
1238,-215,3810
1215,-242,3801
1223,-252,3788
1218,-224,3733
1197,-265,3800
1197,-307,3628
1209,-274,3776
1219,-280,3780
1212,-278,3784
1173,-272,3702
1207,-282,3760
1241,-267,3728
1223,-272,3706
1239,-241,3693
1225,-278,3613
1246,-262,3706
1260,-261,3684
1242,-231,3693
1273,-227,3723
1249,-167,3725
1274,-148,3738
1291,-178,3734
1287,-144,3729
1324,-90,3533
1318,-126,3638
1311,-82,3687
1353,-58,3751
1334,-45,3687
1377,-33,3599
1387,1,3624
1351,55,3629
1376,70,3574
1399,114,3444
1354,189,3546
1369,205,3586
1389,297,3502
1363,334,3547
1406,348,3506
1380,376,3514
1388,420,3422
1432,472,3524
1420,499,3477
1405,543,3534
1401,573,3550
1396,600,3528
1409,654,3571
1402,658,3486
1403,731,3592
1393,776,3534
1397,789,3498
1432,825,3479
1427,857,3519
1392,896,3534
1396,928,3578
1402,928,3516
1360,956,3566
1374,956,3569
1380,955,3593
1415,950,3576
1359,921,3574
1418,941,3655
1392,895,3689
1416,919,3660
1391,838,3724
1376,797,3772
1406,798,3844
1433,754,3850
1422,739,3812
1398,675,3868
1397,621,3945
1408,581,3946
1375,562,3952
1425,486,3989
1417,390,4126
1411,340,4065
1365,288,4117
1360,204,4209
1362,112,4212
1355,71,4259
1352,-17,4311
1323,-74,4285
1304,-172,4389
1280,-196,4368
1260,-271,4492
1241,-338,4500
1195,-322,4483
1228,-402,4513
1213,-415,4551
1231,-428,4484
1193,-451,4594
1157,-496,4583
1141,-484,4633
1178,-485,4614
1175,-487,4661
1163,-497,4749
1194,-441,4596
1179,-454,4664
1179,-440,4776
1211,-451,4841
1224,-403,4845
1225,-412,4826
1222,-408,4896
1219,-415,4935
1173,-369,4866
1211,-394,4968
1226,-381,4911
1179,-376,4896
1168,-393,4845
1199,-414,4942
1180,-357,4989
1189,-402,4947
1217,-371,4986
1194,-390,4918
1203,-388,4871
1160,-391,4783
1183,-372,4738
1169,-379,4778
1186,-387,4739
1143,-378,4752
1196,-400,4698
1191,-402,4645
1244,-394,4672
1211,-398,4567
1227,-394,4484
1224,-374,4616
1213,-390,4620
1255,-413,4614
1256,-409,4656
1258,-358,4699
1276,-377,4749
1245,-342,4663
1280,-325,4733
1295,-281,4607
1270,-255,4751
1272,-232,4790
1290,-210,4814
1308,-182,4727
1318,-112,4704
1298,-111,4863
1360,-70,4741
1374,-48,4785
1323,-49,4713
1332,16,4760
1332,27,4698
1359,17,4790
1352,92,4805
1359,94,4882
1359,98,4808
1387,139,4874
1366,157,4905
1358,185,4819
1361,202,4990
1345,231,5010
1336,222,5000
1312,297,5047
1352,303,5018
1342,371,5059
1297,374,4994
1312,412,5058
1365,418,5003
1326,434,5095
1318,436,5094
1280,453,5160
1308,454,5159
1312,434,5197
1316,404,5325
1242,372,5249
1239,349,5337
1273,348,5318
1258,357,5351
1239,349,5476
1222,318,5544
1215,292,5539
1200,243,5507
1211,216,5551
1194,163,5602
1137,116,5640
1160,53,5675
1079,-20,5688
1090,-55,5824
1070,-98,5865
1085,-108,5800
1055,-190,5840
1055,-224,5932
1019,-261,5998
980,-254,6016
961,-253,6059
965,-252,5957
933,-237,6050
923,-296,6128
868,-283,6097
873,-274,6210
871,-277,6117
863,-297,6168
841,-281,6166
828,-275,6212
836,-301,6249
833,-293,6194
835,-284,6264
813,-285,6260
805,-290,6230
767,-258,6250
790,-266,6239
788,-261,6218
811,-241,6283
794,-233,6280
814,-218,6301
772,-217,6250
816,-142,6309
801,-173,6285
781,-128,6242
820,-119,6256
857,-80,6221
824,-65,6216
843,-84,6075
847,-4,6207
841,-18,6207
854,-18,6179
887,52,6198
862,-32,6153
893,51,6174
895,77,6122
905,55,6090
903,108,5993
887,125,6029
900,142,6051
937,176,6007
897,172,6048
910,203,6009
915,234,5940
914,299,5935
926,310,5912
941,315,5775
949,355,5820
956,388,5849
986,395,5812
977,424,5855
986,423,5858
987,394,5822
949,413,5844
984,408,5797
969,384,5680
957,387,5857
951,365,5827
921,380,5819
928,369,5901
911,362,5840
924,355,5812
896,416,5857
890,385,5865
913,409,5843
925,422,5878
884,439,5906
889,457,5984
837,454,5898
867,429,5937
811,411,6021
832,427,5998
798,409,5942
788,408,5947
795,420,6099
763,396,6051
791,402,6125
767,397,6066
780,380,6134
743,372,6133
711,390,6214
688,357,6281
695,373,6285
681,337,6125
633,355,6284
653,349,6229
632,331,6353
575,358,6336
545,358,6396
527,359,6467
513,352,6431
470,357,6501
396,325,6412
365,334,6554
352,284,6571
274,299,6627
248,321,6651
230,368,6669
148,332,6693
112,345,6757
103,374,6749
31,424,6779
2,395,6844
-2,423,6816
-43,407,6883
-100,480,6960
-108,434,6860
-140,410,6893
-221,423,6969
-263,414,7056
-298,421,7024
-312,436,6989
-337,443,7062
-397,468,7101
-470,481,7017
-524,466,7157
-574,527,7209
-644,576,7179
-709,587,7144
-740,616,7157
-835,632,7078
-839,744,7112
-934,781,6964
-980,831,6953
-1070,948,6847
-1142,1036,6762
-1215,1165,6660
-1302,1284,6507
-1332,1318,6372
-1423,1392,6439
-1463,1377,6342
-1479,1406,6407
-1512,1392,6385
-1588,1390,6355
-1638,1386,6401
-1666,1382,6308
-1734,1358,6313
-1721,1395,6062
-1812,1430,6182
-1826,1452,6082
-1852,1491,6053
-1943,1540,6031
-2002,1577,5920
-2041,1628,5840
-2094,1626,5826
-2175,1650,5676
-2199,1685,5502
-2247,1748,5343
-2298,1788,5372
-2332,1871,5220
-2381,1930,5227
-2424,1979,5061
-2485,2049,4976
-2500,2075,4984
-2550,2125,4814
-2576,2160,4650
-2630,2175,4747
-2613,2171,4609
-2661,2229,4608
-2664,2200,4603
-2701,2183,4495
-2688,2217,4370
-2700,2150,4425
-2738,2156,4399
-2734,2144,4351
-2785,2148,4436
-2797,2144,4459
-2805,2117,4399
-2844,2122,4357
-2844,2122,4325
-2860,2059,4377
-2872,2011,4440
-2881,2009,4469
-2874,1936,4393
-2877,1911,4447
-2900,1884,4474
-2944,1863,4603
-2914,1787,4628
-2926,1765,4696
-2909,1693,4808
-2913,1633,4742
-2928,1558,4824
-2948,1545,4802
-2936,1481,4779
-2965,1419,4872
-2968,1389,4798
-3037,1360,4781
-3037,1339,4805
-3077,1370,4727
-3101,1350,4672
-3091,1338,4702
-3062,1320,4491
-3103,1316,4596
-3095,1301,4557
-3146,1285,4532
-3130,1360,4478
-3162,1364,4524
-3172,1374,4454
-3157,1368,4350
-3165,1354,4345
-3180,1371,4388
-3217,1403,4392
-3187,1405,4346
-3210,1371,4260
-3208,1402,4274
-3219,1395,4331
-3202,1402,4241
-3217,1403,4270
-3233,1419,4216
-3224,1368,4255
-3217,1370,4259
-3261,1386,4208
-3270,1376,4232
-3253,1347,4180
-3270,1318,4189
-3264,1309,4231
-3291,1277,4187
-3289,1242,4258
-3302,1219,4171
-3318,1222,4181
-3312,1257,4141
-3285,1255,4055
-3288,1226,4118
-3325,1258,4105
-3324,1260,4103
-3321,1260,4115
-3281,1271,4179
-3264,1250,4120
-3300,1191,4150
-3300,1218,4208
-3316,1241,4185
-3262,1258,4264
-3283,1300,4143
-3291,1313,4157
-3262,1308,4194
-3301,1311,4148
-3262,1335,4153
-3262,1317,4007
-3256,1347,4166
-3260,1395,4142
-3261,1395,4190
-3243,1384,4239
-3222,1431,4195
-3301,1411,4140
-3269,1446,4149
-3244,1441,4151
-3265,1471,4068
-3259,1469,4110
-3281,1489,4167
-3270,1512,4068
-3277,1509,4123
-3230,1539,4147
-3218,1513,4106
-3227,1552,4195
-3210,1555,4201
-3188,1547,4070
-3215,1542,4171
-3183,1511,4106
-3178,1517,4112
-3210,1568,4179
-3210,1511,4173
-3200,1521,4255
-3195,1481,4312
-3182,1463,4353
-3196,1473,4262
-3175,1454,4327
-3136,1379,4384
-3139,1399,4361
-3145,1377,4422
-3165,1323,4451
-3135,1311,4567
-3118,1318,4476
-3106,1301,4592
-3066,1305,4494
-3062,1261,4596
-3050,1238,4593
-3071,1201,4683
-3075,1182,4646
-3070,1156,4665
-3077,1171,4718
-3051,1163,4764
-3021,1186,4726
-3044,1183,4753
-3041,1182,4754
-3020,1202,4782
-2999,1206,4766
-3012,1221,4724
-3020,1256,4740
-3013,1232,4761
-3015,1268,4739
-3013,1265,4739
-3014,1257,4615
-3047,1258,4650
-3045,1296,4636
-3028,1288,4700
-3039,1273,4764
-3011,1252,4696
-3062,1260,4702
-3028,1206,4710
-3031,1198,4784
-3005,1190,4730
-3017,1208,4784
-3073,1212,4828
-3044,1193,4814
-3041,1206,4744
-3022,1197,4803
-3061,1233,4764
-3027,1230,4752
-3031,1201,4749
-3040,1191,4760
-3032,1184,4657
-3032,1169,4793
-3022,1212,4696
-3022,1197,4772
-3001,1197,4715
-2961,1205,4711
-2970,1270,4794
-2982,1272,4746
-2983,1266,4751
-2985,1288,4787
-2971,1287,4762
-2991,1295,4800
-2996,1309,4803
-2938,1314,4717
-2996,1315,4766
-2955,1288,4830
-2992,1318,4795
-3002,1318,4782
-2956,1312,4747
-2969,1311,4768
-2971,1313,4714
-2978,1320,4669
-2972,1311,4719
-3019,1303,4758
-2977,1282,4727
-2993,1307,4742
-2993,1281,4739
-3001,1312,4734
-3001,1287,4781
-2978,1299,4768
-3017,1293,4700
-3027,1300,4705
-2981,1313,4782
-2992,1289,4728
-2962,1313,4695
-3000,1312,4707
-3009,1327,4713
-3006,1344,4700
-2986,1301,4785
-3011,1326,4669
-3008,1316,4736
-2996,1329,4783
-3011,1339,4706
-2991,1312,4760
-3002,1315,4744
-3009,1306,4703
-3007,1309,4817
-2977,1314,4832
-2965,1317,4772
-3002,1260,4748
-2979,1281,4749
-2991,1300,4796
-2984,1276,4775
-2993,1256,4794
-2983,1260,4612
-2944,1247,4703
-3014,1238,4780
-3016,1251,4762
-3016,1269,4724
-2991,1272,4789
-2992,1275,4767
-2990,1247,4787
-3000,1255,4755
-2950,1251,4640
-3004,1270,4712
-3021,1272,4817
-2998,1284,4804
-3014,1275,4732
-3038,1257,4734
-2993,1273,4714
-3015,1263,4739
-2996,1233,4767
-3000,1246,4598
-2989,1273,4756
-3009,1253,4728
-2990,1254,4739
-3008,1248,4733
-2980,1241,4763
-2985,1272,4763
-2993,1266,4727
-3005,1258,4727
-3032,1227,4694
-2990,1231,4792
-3004,1214,4808
-3003,1233,4753
-2964,1219,4710
-3008,1229,4758
-3019,1221,4840
-3031,1260,4795
-3015,1193,4718
-3037,1220,4767
-2995,1191,4776
-2954,1208,4809
-2978,1228,4759
-2980,1225,4747
-3027,1210,4772
-3022,1233,4796
-2982,1240,4813
-2982,1240,4783
-2957,1238,4727
-3026,1230,4761
-2981,1192,4713
-3010,1236,4705
-3038,1228,4804
-3007,1208,4826
-3008,1249,4725
-3011,1242,4801
-3029,1224,4671
-3015,1243,4759
-3052,1215,4820
-3007,1248,4766
-3000,1206,4761
-3010,1271,4810
-2998,1277,4768
-3025,1267,4682
-3001,1274,4745
-3017,1249,4735
-3006,1243,4701
-2982,1235,4705
-2972,1232,4705
-3008,1254,4735
-2964,1233,4748
-3008,1210,4724
-3009,1218,4772
-3036,1221,4696
-3025,1211,4729
-3028,1202,4798
-3044,1211,4740
-3045,1126,4642
-3030,1146,4764
-3045,1126,4714
-3016,1154,4691
-3029,1179,4774
-3070,1139,4721
-3048,1167,4749
-3042,1157,4815
-3037,1173,4830
-3030,1163,4762
-3016,1194,4799
-3036,1161,4794
-2987,1184,4811
-3022,1192,4741
-2983,1220,4716
-3012,1172,4716
-3014,1202,4783
-3036,1193,4633
-3001,1206,4739
-3027,1179,4700
-3053,1150,4756
-3016,1157,4789
-3018,1166,4774
-3056,1196,4720
-3018,1168,4692
-3043,1178,4684
-3028,1181,4647
-2982,1200,4738
-3014,1213,4721
-3005,1197,4682
-3047,1168,4785
-3011,1172,4725
-3031,1206,4684
-3024,1190,4708
-3038,1190,4687
-3007,1166,4628
-3027,1221,4675
-3027,1199,4769
-3015,1170,4783
-3018,1201,4683
-3000,1181,4770
-3005,1179,4774
-3055,1201,4781
-3018,1196,4726
-3007,1169,4603
-3024,1199,4659
-3023,1204,4800
-3022,1196,4740
-3011,1201,4745
-2995,1203,4637
-3054,1170,4732
-3038,1201,4685
-3057,1198,4715
-3037,1215,4651
-3041,1168,4742
-3027,1197,4724
-3020,1205,4701
-2989,1188,4684
-2957,1171,4688
-3014,1178,4688
-3001,1174,4706
-2983,1216,4784
-2994,1179,4685
-2983,1208,4714
-2990,1184,4746
-2997,1204,4776
-3032,1185,4769
-2993,1208,4739
-2978,1184,4797
-2987,1191,4744
-2989,1197,4792
-3009,1184,4774
-3019,1151,4790
-2991,1190,4758
-3015,1213,4727
-3016,1203,4780
-3017,1171,4763
-3013,1166,4721
-3010,1228,4729
-3010,1190,4702
-3030,1202,4729
-3016,1185,4793
-3000,1205,4784
-2997,1175,4763
-3010,1212,4768
-2978,1196,4799
-2992,1164,4800
-3029,1203,4750
-3016,1180,4750
-3040,1166,4825
-3062,1231,4791
-3023,1222,4843
-3058,1212,4725
-3017,1195,4726
-3020,1191,4667
-3012,1177,4709
-3034,1233,4758
-3015,1147,4728
-2997,1184,4764
-3014,1197,4755
-3049,1199,4713
-3013,1176,4691
-3026,1150,4728
-2991,1144,4692
-3013,1196,4716
-3015,1177,4777
-3026,1188,4783
-3023,1184,4759
-3002,1204,4703
-3015,1162,4802
-3034,1186,4729
-3009,1174,4664
-3006,1200,4660
-3041,1158,4763
-3022,1178,4750
-3008,1172,4749
-3041,1190,4816
-3001,1193,4768
-3014,1198,4775
-3000,1174,4716
-2965,1185,4698
-3021,1134,4735
-2985,1166,4715
-2996,1176,4716
-3013,1187,4688
-3014,1174,4706
-2993,1190,4744
-3026,1171,4736
-3005,1185,4772
-2988,1206,4811
-2996,1212,4706
-3029,1222,4735
-3022,1191,4645
-2996,1175,4771
-3057,1186,4680
-3007,1188,4637
-2986,1186,4738
-2987,1205,4684
-2987,1155,4765
-2983,1178,4715
-2998,1162,4752
-2998,1166,4761
-2961,1176,4664
-2967,1186,4824
-3008,1156,4599
-3006,1191,4678
-2988,1198,4768
-2982,1173,4800
-3017,1150,4688
-3016,1192,4807
-2997,1184,4735
-2959,1149,4823
-3012,1161,4800
-3017,1167,4698
-2982,1189,4726
-2994,1212,4760
-2995,1148,4745
-3011,1130,4743
-3020,1170,4767
-2982,1151,4805
-3010,1176,4766
-2986,1182,4743
-2995,1186,4759
-2995,1191,4829
-3026,1213,4819
-3015,1204,4817
-2998,1154,4791
-3002,1199,4824
-3009,1186,4802
-2992,1182,4763
-2996,1186,4852
-3028,1180,4632
-3008,1204,4727
-3037,1187,4786
-3051,1177,4785
-3023,1168,4802
-2991,1176,4797
-2990,1187,4722
-2988,1195,4841
-3024,1196,4810
-2988,1157,4733
-2990,1195,4727
-3024,1188,4813
-3021,1174,4726
-2974,1165,4773
-2986,1157,4782
-2990,1136,4719
-3016,1158,4756
-3001,1153,4724
-3007,1182,4790
-3022,1144,4798
-3036,1173,4788
-2951,1163,4687
-2995,1164,4744
-2997,1182,4804
-2988,1144,4750
-3031,1182,4744
-3066,1146,4849
-3040,1193,4745
-3017,1164,4802
-3000,1141,4798
-2987,1174,4761
-3046,1153,4721
-3040,1185,4763
-3009,1188,4811
-2986,1168,4788
-3010,1222,4745
-3025,1191,4787
-2995,1157,4763
-2983,1179,4810
-2987,1178,4766
-2992,1164,4682
-3014,1180,4764
-2981,1178,4754
-3049,1142,4737
-3012,1180,4806
-3020,1201,4773
-3004,1175,4781
-3018,1165,4807
-2988,1165,4796
-3025,1165,4782
-3001,1134,4771
-2980,1152,4789
-3005,1161,4742
-2997,1186,4718
-2994,1193,4821
-3005,1210,4785
-3025,1177,4799
-3017,1206,4820
-3033,1167,4799
-3005,1195,4806
-3025,1208,4755
-3025,1201,4867
-3013,1183,4756
-3011,1187,4801
-3014,1171,4756
-3024,1173,4813
-3014,1165,4730
-3037,1188,4847
-3031,1206,4782
-3046,1244,4743
-3031,1190,4790
-3023,1193,4792
-2981,1209,4723
-3011,1192,4613
-2979,1184,4783
-2999,1199,4775
-2997,1230,4806
-3027,1190,4813
-2965,1167,4802
-3000,1169,4773
-3031,1172,4847
-3001,1199,4760
-3027,1199,4706
-3027,1199,4765
-2999,1160,4779
-3031,1205,4780
-3034,1181,4761
-3006,1213,4813
-3035,1209,4797
-2985,1197,4801
-3022,1187,4743
-3007,1188,4575
-3022,1214,4797
-3026,1193,4750
-3010,1168,4677
-2995,1216,4823
-2999,1144,4766
-3004,1196,4735
-3012,1168,4802
-3001,1176,4790
-3011,1161,4773
-3013,1182,4787
-3054,1161,4832
-3036,1173,4774
-3002,1191,4801
-3000,1199,4756
-3006,1187,4775
-2998,1182,4783
-3005,1149,4856
-2995,1164,4716
-3017,1172,4772
-2990,1132,4828
-2985,1119,4852
-2984,1176,4834
-2992,1141,4803
-3004,1162,4778
-3009,1160,4686
-3052,1160,4807
-3001,1159,4731
-2983,1146,4751
-2999,1174,4711
-3002,1162,4717
-2994,1161,4789
-2988,1148,4737
-2999,1139,4755
-3032,1157,4810
-3020,1137,4755
-3014,1157,4638
-3054,1155,4748
-3016,1159,4723
-3019,1180,4740
-3002,1197,4809
-2993,1196,4718
-2966,1191,4805
-2966,1176,4786
-2992,1222,4777
-2974,1203,4718
-3002,1197,4870
-2979,1175,4823
-2979,1191,4838
-3033,1222,4787
-2984,1167,4818
-3004,1161,4760
-3006,1178,4776
-3007,1171,4750
-3001,1166,4767
-3001,1171,4724
-3047,1148,4670
-3038,1179,4799
-3001,1189,4788
-2958,1183,4745
-3052,1235,4756
-2997,1182,4786
-3040,1179,4763
-3013,1169,4763
-3013,1190,4786
-3045,1180,4841
-3001,1177,4803
-3007,1153,4777
-3025,1174,4716
-3025,1191,4753
-3024,1213,4754
-3032,1179,4740
-3027,1157,4746
-3042,1148,4649
-2996,1194,4766
-3043,1218,4762
-3037,1183,4814
-3040,1172,4765
-3038,1203,4771
-3038,1215,4754
-3067,1175,4731
-3028,1194,4761
-3002,1225,4651
-3023,1157,4753
-3020,1180,4750
-3007,1197,4749
-2997,1172,4829
-2993,1201,4787
-3004,1183,4797
-2984,1187,4728
-3006,1172,4812
-2966,1162,4774
-2982,1191,4758
-2999,1166,4751
-3020,1154,4760
-2993,1155,4766
-2981,1168,4745
-2977,1179,4741
-3012,1190,4700
-3028,1190,4820
-3010,1194,4710
-2981,1151,4784
-2990,1138,4833
-2988,1162,4853
-3013,1199,4852
-2983,1183,4835
-3023,1191,4812
-2982,1202,4785
-3005,1209,4816
-2967,1161,4685
-2982,1179,4816
-2974,1204,4819
-2999,1212,4825
-2986,1194,4850
-3000,1188,4794
-3008,1199,4856
-2987,1227,4811
-2996,1251,4746
-2973,1209,4698
-3031,1225,4809
-2988,1201,4764
-2998,1210,4793
-2989,1217,4773
-3015,1217,4755
-2980,1235,4755
-3006,1208,4843
-3010,1176,4759
-3020,1208,4768
-2984,1180,4786
-2983,1171,4851
-3013,1190,4773
-3032,1206,4764
-2998,1229,4796
-2992,1207,4869
-3015,1177,4875
-2975,1221,4745
-2989,1207,4667
-3000,1215,4764
-3011,1171,4798
-2974,1222,4853
-2989,1199,4796
-2983,1164,4815
-3005,1194,4779
-3002,1224,4822
-2983,1203,4854
-2959,1220,4761
-2996,1204,4787
-2996,1182,4843
-2993,1188,4724
-2995,1189,4831
-2978,1195,4782
-2992,1207,4761
-2970,1191,4797
-2984,1195,4796
-3018,1211,4776
-3028,1222,4799
-2950,1172,4787
-3007,1218,4784
-2989,1199,4712
-3014,1213,4812
-3003,1165,4813
-3011,1205,4767
-3024,1213,4804
-3019,1204,4903
-3054,1206,4774
-3065,1168,4767
-3009,1220,4857
-3020,1185,4872
-2955,1163,4786
-3028,1190,4837
-3012,1205,4759
-3013,1170,4755
-2998,1185,4728
-3034,1184,4834
-3019,1211,4707
-2964,1194,4811
-2997,1173,4807
-2984,1208,4765
-2983,1171,4744
-3007,1164,4775
-3006,1212,4806
-3009,1217,4796
-3048,1221,4801
-3015,1206,4804
-3003,1197,4768
-3024,1173,4848
-3005,1185,4791
-3010,1165,4763
-3022,1168,4832
-3001,1177,4776
-2992,1200,4747
-2982,1187,4824
-3015,1210,4757
-2989,1210,4812
-3011,1190,4749
-2996,1195,4801
-2973,1211,4768
-3000,1228,4763
-2999,1195,4820
-2982,1220,4759
-2996,1200,4652
-2990,1217,4722
-2980,1222,4788
-3004,1223,4878
-2992,1210,4813
-3003,1201,4760
-2997,1204,4766
-2979,1225,4776
-3005,1199,4798
-3004,1170,4718
-3020,1197,4814
-3014,1203,4819
-2942,1173,4832
-2999,1230,4758
-2999,1230,4776
-2974,1219,4753
-2980,1235,4736
-2974,1238,4766
-2970,1239,4793
-2999,1236,4800
-3018,1184,4740
-2981,1224,4792
-2982,1226,4784
-2984,1185,4732
-3013,1214,4786
-2970,1211,4777
-2997,1170,4769
-2986,1205,4650
-2993,1189,4747
-2975,1191,4806
-3001,1200,4692
-2995,1204,4824
-2953,1164,4752
-3008,1171,4820
-3005,1203,4735
-2994,1200,4703
-3004,1201,4691
-3014,1208,4712
-3020,1193,4719
-3005,1213,4760
-3029,1213,4753
-3018,1217,4787
-2989,1191,4785
-3003,1205,4801
-3009,1222,4739
-3007,1181,4742
-3011,1196,4721
-3012,1180,4706
-2990,1162,4811
-3021,1199,4718
-2999,1205,4759
-3016,1165,4674
-3009,1172,4720
-3019,1223,4773
-3015,1194,4745
-3011,1217,4660
-3009,1207,4787
-2951,1180,4768
-2994,1184,4771
-2996,1220,4812
-2985,1207,4818
-2999,1247,4790
-3032,1224,4751
-3018,1233,4750
-3001,1239,4755
-2994,1217,4825
-2991,1197,4716
-3043,1181,4705
-3001,1175,4760
-3009,1191,4757
-3027,1194,4692
-3020,1200,4800
-2967,1208,4813
-3000,1183,4797
-2993,1203,4793
-3019,1225,4794
-3036,1227,4768
-2991,1189,4778
-3017,1197,4776
-3014,1207,4769
-2992,1219,4776
-2974,1255,4821
-3009,1201,4740
-3028,1207,4795
-3041,1223,4771
-2993,1245,4805
-2993,1240,4768
-2993,1230,4739
-2983,1259,4760
-3023,1240,4809
-2990,1204,4788
-3013,1225,4669
-3029,1217,4872
-3011,1212,4805
-3023,1211,4790
-2998,1239,4780
-2988,1256,4760
-2989,1262,4754
-2991,1252,4821
-3019,1245,4789
-2978,1231,4683
-2974,1206,4720
-2988,1250,4779
-3015,1248,4724
-3013,1234,4749
-3006,1226,4762
-3011,1237,4739
-2985,1229,4705
-2998,1192,4790
-2992,1209,4658
-3006,1220,4820
-2985,1212,4767
-2967,1192,4752
-2984,1247,4781
-2968,1232,4782
-2969,1222,4792
-2968,1234,4752
-2997,1198,4784
-2930,1205,4731
-2981,1229,4839
-2994,1271,4802
