-737,-263,-48
-750,-258,-46
-769,-232,-34
-792,-186,-17
-812,-134,2
-827,-98,15
-846,-86,20
-857,-88,22
-851,-80,20
-829,-60,23
-788,-40,12
-722,-19,-15
-639,-8,-39
-557,-12,-68
-490,-35,-104
-452,-65,-147
-442,-104,-183
-447,-135,-212
-436,-161,-235
-403,-182,-256
-345,-208,-275
-264,-241,-292
-148,-272,-314
11,-301,-345
212,-337,-386
398,-388,-421
538,-458,-446
617,-529,-459
632,-584,-463
596,-617,-454
555,-628,-441
541,-623,-435
550,-617,-444
582,-610,-463
617,-605,-492
641,-607,-526
645,-618,-563
601,-646,-594
502,-685,-619
365,-727,-634
213,-770,-645
63,-802,-648
-92,-813,-628
-257,-806,-587
-429,-788,-534
-596,-759,-484
-748,-741,-453
-876,-739,-429
-982,-751,-397
-1072,-776,-356
-1159,-816,-309
-1242,-866,-263
-1327,-923,-224
-1417,-980,-196
-1506,-1035,-176
-1579,-1093,-165
-1622,-1150,-153
-1639,-1201,-135
-1620,-1242,-112
-1580,-1267,-78
-1520,-1278,-49
-1444,-1268,-25
-1362,-1252,7
-1286,-1219,47
-1223,-1167,91
-1168,-1098,137
-1124,-1019,192
-1075,-937,239
-1015,-867,272
-965,-795,302
-927,-715,322
-896,-621,329
-857,-518,324
-804,-421,309
-745,-336,280
-670,-258,239
-580,-201,181
-467,-169,107
-378,-159,47
-332,-159,18
-332,-158,11
-359,-153,14
-382,-145,17
-384,-134,13
-348,-124,-8
-294,-119,-40
-233,-122,-56
-187,-148,-58
-158,-185,-52
-140,-213,-41
-133,-229,-29
-125,-236,-19
-119,-230,-13
-103,-219,-6
-66,-216,2
-7,-224,10
67,-240,11
154,-262,8
234,-286,-1
299,-308,-9
345,-325,-19
375,-335,-19
406,-331,-37
441,-310,-57
483,-286,-82
531,-243,-115
578,-188,-158
632,-127,-212
698,-56,-272
795,19,-325
888,98,-367
990,178,-398
1086,247,-415
1164,318,-413
1242,382,-391
1331,437,-352
1409,487,-297
1445,524,-250
1358,560,-199
1082,606,-141
593,672,-77
-11,750,-15
-492,818,44
-719,859,109
-759,850,193
-740,799,309
-657,714,420
-465,624,519
-209,553,610
29,535,699
238,600,754
423,725,745
624,853,661
834,926,536
1003,937,421
1082,906,366
1087,860,355
1051,813,345
978,773,331
867,729,316
745,687,299
606,645,273
438,607,241
270,592,206
120,597,175
4,625,151
-76,664,131
-123,707,127
-164,748,127
-198,778,140
-232,800,173
-262,816,211
-278,818,257
-268,809,302
-225,793,349
-153,777,396
-67,768,435
23,770,473
121,785,506
233,816,527
367,859,533
527,901,529
702,929,512
884,944,479
1060,948,437
1209,938,386
1331,917,329
1425,884,277
1488,843,230
1538,798,188
1570,750,162
1560,706,135
1530,671,115
1493,655,99
1467,659,89
1454,681,81
1423,708,77
1377,741,88
1306,763,106
1226,775,135
1157,793,172
1079,809,212
979,814,242
857,814,259
713,799,268
566,781,271
421,755,266
299,719,260
195,676,247
112,638,244
39,592,247
-26,548,251
-79,509,247
-135,475,239
-182,440,231
-215,402,222
-229,360,215
-215,324,211
-187,293,208
-159,261,211
-134,233,225
-98,215,251
-52,206,268
9,203,274
76,201,273
141,204,272
197,213,269
239,230,274
277,252,277
302,260,276
320,261,273
335,247,266
328,219,251
300,178,233
255,136,210
189,99,197
105,68,187
36,49,173
-21,38,150
-75,19,118
-127,-8,87
-186,-41,59
-244,-73,33
-307,-89,7
-359,-84,-12
-377,-79,-26
-378,-73,-33
-366,-68,-36
-360,-67,-34
-373,-71,-23
-397,-87,-13
-433,-103,-4
-482,-114,4
-523,-125,9
-551,-135,8
-559,-150,5
-550,-167,1
-539,-194,-10
-552,-237,-19
-583,-291,-16
-632,-321,-2
-689,-326,22
-744,-315,51
-780,-310,71
-799,-323,85
-815,-346,101
-825,-360,102
-816,-347,98
-783,-307,78
-734,-265,42
-670,-229,-13
-613,-204,-69
-590,-190,-138
-611,-182,-203
-651,-177,-258
-688,-179,-300
-704,-185,-337
-692,-197,-379
-652,-214,-417
-579,-233,-451
-451,-255,-485
-244,-282,-524
6,-317,-566
273,-372,-604
495,-460,-630
625,-569,-622
669,-661,-597
666,-716,-564
668,-742,-535
690,-748,-520
741,-755,-521
818,-760,-541
903,-763,-574
982,-766,-607
1039,-766,-640
1041,-760,-670
986,-748,-691
870,-730,-697
728,-717,-702
576,-713,-701
424,-712,-695
260,-712,-673
97,-701,-636
-69,-687,-588
-228,-683,-537
-390,-688,-497
-552,-706,-470
-701,-738,-451
-837,-784,-430
-956,-852,-404
-1071,-928,-380
-1183,-1014,-355
-1300,-1106,-339
-1421,-1192,-326
-1527,-1259,-317
-1612,-1298,-303
-1673,-1320,-278
-1715,-1329,-240
-1736,-1324,-205
-1735,-1308,-173
-1715,-1291,-142
-1686,-1274,-107
-1647,-1258,-65
-1597,-1233,-31
-1544,-1180,9
-1476,-1115,49
-1388,-1043,79
-1286,-960,90
-1174,-866,84
-1052,-780,71
-927,-704,51
-795,-645,31
-673,-592,17
-576,-540,0
-509,-487,-12
-465,-436,-22
-416,-382,-27
-367,-325,-37
-321,-279,-58
-289,-241,-77
-269,-210,-88
-269,-171,-90
-282,-136,-88
-296,-104,-85
-311,-72,-87
-326,-54,-89
-337,-40,-87
-334,-35,-88
-326,-44,-86
-319,-62,-80
-315,-87,-66
-306,-109,-46
-280,-126,-29
-244,-130,-7
-191,-125,14
-133,-122,31
-78,-117,44
-24,-112,55
40,-107,58
101,-103,59
153,-97,51
203,-94,31
256,-91,5
302,-84,-29
347,-73,-63
392,-63,-105
424,-47,-152
459,-26,-196
495,-5,-235
533,18,-268
582,44,-301
628,71,-326
684,103,-347
756,139,-362
851,175,-370
973,207,-372
1128,238,-374
1291,281,-362
1418,349,-336
1443,451,-293
1264,568,-249
858,681,-215
333,776,-178
-201,852,-117
-684,905,-24
-1026,933,100
-1201,945,248
-1231,939,397
-1086,927,536
-724,920,654
-214,919,734
293,918,772
713,898,775
1041,836,719
1240,721,603
1315,583,456
1273,483,326
1141,436,261
953,439,258
756,471,270
565,499,265
379,508,240
204,506,198
55,506,153
-56,511,108
-134,537,72
-212,576,47
-277,625,46
-342,678,61
-410,731,85
-467,778,122
-511,813,172
-548,840,226
-557,856,288
-534,861,342
-479,855,387
-392,844,414
-277,832,426
-132,814,436
14,796,460
155,779,489
293,771,506
423,777,492
566,792,448
721,803,392
897,811,329
1076,806,272
1234,797,216
1370,782,161
1465,773,112
1527,770,73
1546,769,47
1531,767,29
1503,765,11
1469,766,-5
1413,767,-10
1337,766,-10
1237,773,-8
1121,774,-2
1008,778,5
911,782,12
822,787,26
747,790,47
674,792,67
593,795,93
501,788,117
406,771,134
308,745,160
216,709,192
137,664,224
69,621,248
-10,583,261
-94,544,254
-175,504,242
-242,465,232
-304,418,227
-348,365,229
-374,307,233
-385,241,242
-379,183,260
-353,132,277
-309,98,285
-273,77,288
-236,71,288
-193,73,289
-161,73,284
-139,70,278
-114,72,271
-88,79,261
-60,93,259
-32,110,260
-21,131,261
-7,150,262
2,164,255
12,178,247
16,191,238
3,193,226
-14,193,210
-33,190,203
-58,181,198
-84,162,193
-118,137,185
-154,112,174
-195,93,167
-230,79,160
-259,75,159
-293,70,158
-325,60,161
-362,48,162
-394,32,167
-424,9,178
-442,-8,184
-452,-23,190
-455,-40,192
-462,-57,196
-470,-72,196
-470,-90,195
-474,-109,196
-468,-128,196
-451,-149,200
-432,-178,203
-408,-206,199
-381,-229,187
-356,-242,176
-326,-252,167
-291,-271,147
-254,-300,123
-228,-324,94
-219,-345,66
-245,-363,48
-297,-379,44
-367,-388,46
-448,-383,55
-543,-366,65
-637,-341,72
-708,-307,80
-743,-276,86
-723,-253,76
-659,-240,56
-564,-230,31
-466,-220,1
-382,-208,-25
-312,-189,-48
-248,-173,-72
-180,-158,-99
-123,-145,-133
-83,-138,-163
-77,-129,-183
-93,-109,-200
-112,-78,-208
-137,-41,-200
-172,-11,-186
-214,3,-169
-271,12,-149
-344,7,-123
-407,-4,-93
-438,-29,-69
-437,-73,-53
-410,-142,-45
-372,-224,-36
-331,-313,-26
-289,-399,-22
-243,-477,-31
-196,-543,-49
-156,-602,-67
-121,-643,-92
-87,-662,-127
-47,-661,-158
12,-641,-184
85,-601,-215
168,-553,-258
255,-496,-299
317,-433,-340
357,-365,-380
372,-298,-419
362,-236,-457
340,-186,-493
310,-153,-521
271,-136,-542
225,-135,-557
171,-156,-574
102,-188,-591
19,-230,-604
-81,-272,-618
-197,-329,-631
-338,-392,-641
-489,-453,-648
-632,-505,-657
-773,-545,-665
-897,-576,-670
-1006,-599,-668
-1093,-616,-670
-1162,-627,-665
-1217,-640,-651
-1273,-647,-638
-1333,-649,-628
-1382,-653,-617
-1417,-657,-602
-1439,-661,-585
-1441,-668,-568
-1432,-678,-557
-1406,-691,-541
-1371,-716,-521
-1336,-741,-499
-1304,-762,-475
-1278,-781,-457
-1249,-798,-446
-1215,-812,-444
-1175,-811,-447
-1131,-801,-446
-1081,-787,-438
-1018,-766,-436
-962,-748,-436
-922,-737,-433
-884,-741,-433
-845,-748,-433
-804,-753,-433
-771,-761,-429
-731,-773,-424
-678,-778,-422
-622,-779,-421
-566,-773,-418
-515,-756,-420
-464,-726,-416
-417,-682,-403
-367,-627,-399
-321,-569,-390
-280,-509,-380
-238,-441,-372
-201,-371,-354
-172,-298,-337
-150,-237,-321
-139,-184,-310
-142,-143,-297
-159,-115,-281
-194,-93,-266
-233,-83,-251
-276,-75,-234
-324,-68,-228
-376,-69,-228
-428,-72,-222
-471,-77,-218
-505,-88,-208
-532,-99,-199
-570,-118,-197
-609,-138,-199
-644,-151,-207
-666,-163,-209
-676,-171,-200
-700,-174,-185
-737,-176,-164
-779,-165,-135
-802,-132,-104
-782,-87,-67
-719,-37,-31
-618,13,8
-512,45,27
-385,63,28
-253,72,12
-129,69,-4
-57,60,-4
-70,47,9
-119,51,19
-117,73,-2
-33,103,-38
123,140,-84
303,185,-132
451,242,-166
536,290,-187
568,330,-199
569,360,-205
529,368,-197
443,361,-177
292,345,-135
56,316,-74
-202,273,-9
-380,215,45
-406,164,57
-305,139,33
-119,145,-13
93,179,-59
298,219,-108
441,249,-160
528,257,-209
578,257,-255
597,267,-301
581,279,-342
539,301,-373
477,327,-389
414,352,-387
371,377,-384
346,399,-381
344,426,-374
344,463,-356
341,501,-333
334,543,-308
293,576,-277
194,593,-232
39,583,-182
-143,534,-134
-350,458,-96
-550,362,-74
-706,254,-58
-814,151,-52
-868,57,-52
-890,-23,-56
-908,-102,-55
-916,-176,-45
-888,-242,-34
-795,-284,-32
-617,-304,-34
-381,-301,-46
-131,-271,-56
90,-190,-66
254,-61,-81
345,97,-99
382,257,-120
403,394,-139
422,512,-150
446,610,-150
441,682,-132
394,713,-110
310,728,-85
197,747,-58
81,781,-33
-25,824,-1
-127,872,28
-219,921,52
-309,958,72
-408,983,93
-534,984,114
-686,947,130
-848,879,142
-1018,780,150
-1196,661,166
-1359,523,184
-1515,375,198
-1644,205,209
-1755,29,220
-1848,-145,232
-1912,-298,231
-1940,-414,220
-1946,-476,189
-1921,-487,150
-1864,-448,109
-1787,-365,67
-1712,-250,34
-1648,-116,4
-1597,21,-26
-1540,156,-47
-1483,275,-67
-1415,379,-84
-1327,467,-98
-1229,535,-110
-1124,584,-108
-1007,627,-95
-903,667,-84
-835,693,-78
-797,705,-76
-779,704,-82
-772,691,-83
-774,662,-83
-780,622,-83
-786,572,-75
-785,516,-59
-789,457,-36
-803,393,-2
-820,330,30
-840,268,65
-859,208,104
-872,160,140
-888,125,175
-910,93,213
-940,55,252
-984,24,291
-1027,9,323
-1078,0,346
-1128,1,360
-1193,3,376
-1259,1,384
-1311,-7,390
-1361,-17,390
-1421,-38,383
-1482,-63,370
-1547,-91,362
-1613,-111,356
-1682,-125,360
-1757,-131,364
-1846,-139,373
-1950,-142,383
-2054,-142,390
-2144,-143,388
-2217,-130,388
-2266,-109,389
-2288,-93,399
-2296,-87,414
-2280,-87,424
-2243,-98,420
-2173,-114,397
-2069,-130,366
-1948,-145,344
-1831,-162,328
-1737,-176,315
-1664,-182,301
-1609,-189,279
-1553,-196,254
-1484,-198,231
-1401,-200,209
-1306,-208,188
-1197,-219,159
-1070,-229,117
-953,-242,63
-833,-251,-1
-715,-256,-54
-605,-248,-101
-521,-239,-155
-468,-218,-212
-446,-187,-263
-444,-153,-301
-474,-122,-329
-526,-89,-357
-585,-65,-388
-651,-54,-411
-715,-58,-433
-771,-81,-451
-807,-116,-469
-829,-154,-485
-842,-186,-495
-860,-202,-498
-896,-215,-504
-952,-223,-510
-1022,-233,-512
-1104,-258,-515
-1187,-290,-531
-1238,-327,-560
-1237,-369,-592
-1183,-415,-619
-1089,-467,-640
-988,-524,-662
-924,-578,-686
-901,-626,-721
-908,-666,-758
-930,-696,-794
-932,-720,-833
-895,-738,-868
-820,-756,-902
-703,-767,-933
-575,-776,-961
-451,-776,-984
-338,-764,-1005
-255,-749,-1024
-207,-724,-1050
-195,-688,-1088
-211,-633,-1142
-237,-565,-1210
-266,-488,-1261
-283,-402,-1294
-290,-328,-1302
-293,-262,-1296
-294,-215,-1276
-289,-200,-1255
-284,-207,-1238
-268,-227,-1222
-252,-248,-1206
-246,-266,-1182
-264,-271,-1145
-308,-260,-1097
-380,-232,-1044
-480,-185,-999
-606,-134,-957
-770,-83,-915
-948,-46,-872
-1116,-24,-835
-1271,-26,-807
-1398,-51,-787
-1504,-86,-782
-1587,-134,-786
-1648,-184,-792
-1696,-233,-797
-1749,-285,-796
-1807,-330,-796
-1866,-363,-791
-1937,-395,-786
-2007,-416,-776
-2068,-427,-758
-2131,-427,-729
-2185,-424,-693
-2230,-419,-659
-2269,-414,-624
-2302,-412,-586
-2325,-411,-549
-2345,-411,-521
-2364,-407,-500
-2369,-389,-483
-2374,-368,-474
-2363,-346,-468
-2344,-317,-459
-2320,-286,-458
-2294,-258,-459
-2267,-232,-459
-2245,-208,-460
-2231,-190,-463
-2226,-169,-459
-2220,-144,-451
-2213,-116,-440
-2214,-83,-429
-2214,-53,-415
-2215,-25,-394
-2215,10,-364
-2207,42,-333
-2188,65,-300
-2164,84,-263
-2138,96,-224
-2095,105,-183
-2045,120,-148
-1990,138,-110
-1946,159,-63
-1931,178,-9
-1973,174,59
-2077,123,134
-2270,22,226
-2523,-123,333
-2757,-315,413
-2775,-517,409
-2413,-650,329
-1858,-650,221
-1329,-506,124
-886,-257,36
-503,15,-46
-205,210,-100
-78,266,-114
-32,246,-110
23,211,-108
82,193,-119
162,203,-154
279,249,-219
409,322,-297
519,398,-375
592,452,-438
627,473,-485
635,458,-518
642,434,-545
662,424,-579
701,438,-623
737,486,-675
751,556,-724
742,615,-757
739,632,-779
739,612,-800
714,588,-814
653,572,-809
568,558,-789
475,535,-747
390,502,-705
290,463,-670
155,425,-653
16,403,-659
-100,393,-672
-218,406,-693
-339,432,-697
-425,448,-687
-475,442,-669
-550,427,-636
-670,424,-590
-814,452,-519
-925,500,-426
-915,546,-326
-764,561,-231
-559,503,-155
-420,398,-95
-392,297,-45
-429,228,1
-477,204,24
-509,223,20
-553,279,18
-615,358,25
-711,448,36
-817,529,53
-937,596,83
-1076,638,129
-1230,664,183
-1380,668,250
-1526,662,325
-1672,655,401
-1801,656,476
-1903,657,535
-1979,646,579
-2016,628,598
-2013,590,592
-1974,542,557
-1919,488,500
-1865,434,439
-1823,387,382
-1784,339,323
-1748,301,261
-1715,261,201
-1683,232,149
-1641,220,111
-1607,229,100
-1565,267,95
-1509,327,94
-1440,393,89
-1358,444,86
-1279,475,82
-1215,491,78
-1164,508,73
-1118,528,78
-1075,536,87
-1026,542,103
-967,551,117
-911,556,129
-845,562,129
-763,566,126
-672,567,123
-590,570,106
-523,562,84
-480,542,70
-441,524,70
-430,504,79
-433,482,88
-435,473,99
-455,467,122
-485,457,147
-521,451,180
-557,443,214
-609,422,246
-676,387,279
-756,335,305
-836,282,322
-913,231,334
-976,186,339
-1034,152,338
-1076,123,330
-1104,113,327
-1117,114,326
-1114,117,329
-1099,124,340
-1088,138,351
-1075,152,347
-1063,159,314
-1046,159,283
-1008,157,277
-955,151,294
-919,138,315
-905,109,313
-907,77,298
-896,46,282
-890,18,268
-882,-3,257
-863,-15,250
-840,-25,255
-816,-41,258
-798,-64,263
-783,-86,265
-768,-108,263
-742,-132,265
-716,-150,271
-684,-164,280
-666,-176,290
-652,-178,295
-650,-176,297
-660,-168,299
-660,-154,301
-659,-139,307
-655,-129,302
-661,-125,297
-679,-128,286
-689,-142,273
-695,-160,255
-704,-180,240
-704,-210,224
-707,-243,204
-713,-264,183
-719,-266,174
-730,-257,171
-749,-247,168
-784,-234,170
-847,-213,174
-931,-182,182
-1019,-149,185
-1101,-127,173
-1159,-118,155
-1181,-121,137
-1158,-137,115
-1086,-169,94
-986,-213,67
-858,-248,30
-730,-263,1
-625,-259,-20
-570,-241,-35
-583,-205,-50
-630,-168,-73
-687,-132,-92
-736,-107,-116
-769,-91,-139
-793,-91,-166
-793,-104,-197
-780,-140,-227
-763,-203,-253
-758,-299,-267
-766,-412,-276
-783,-533,-286
-826,-639,-297
-884,-726,-297
-939,-787,-294
-974,-823,-302
-981,-837,-325
-954,-840,-368
-904,-825,-437
-839,-810,-512
-766,-799,-582
-705,-793,-651
-660,-773,-706
-614,-731,-756
-564,-654,-809
-523,-546,-861
-493,-406,-909
-473,-251,-960
-464,-102,-1015
-467,30,-1066
-475,149,-1107
-500,234,-1120
-570,266,-1103
-707,241,-1055
-897,161,-1002
-1094,50,-959
-1266,-56,-930
-1397,-160,-911
-1490,-276,-896
-1550,-415,-879
-1578,-579,-857
-1578,-759,-827
-1573,-938,-797
-1576,-1101,-764
-1590,-1239,-738
-1619,-1343,-723
-1645,-1417,-726
-1676,-1454,-734
-1702,-1452,-744
-1712,-1416,-743
-1715,-1354,-734
-1704,-1279,-718
-1678,-1215,-701
-1632,-1150,-682
-1574,-1083,-663
-1501,-1030,-648
-1436,-986,-626
-1384,-959,-597
-1355,-953,-560
-1343,-958,-526
-1335,-969,-494
-1330,-987,-472
-1309,-996,-462
-1267,-990,-454
-1197,-975,-453
-1101,-951,-461
-992,-925,-472
-887,-897,-482
-785,-869,-493
-697,-833,-496
-635,-789,-497
-602,-735,-505
-593,-676,-515
-591,-616,-514
-599,-556,-504
-613,-491,-489
-637,-429,-473
-672,-355,-458
-722,-273,-445
-779,-196,-425
-836,-137,-401
-908,-92,-378
-986,-64,-353
-1055,-52,-335
-1116,-49,-317
-1174,-55,-293
-1225,-69,-260
-1273,-93,-227
-1303,-127,-208
-1324,-168,-196
-1367,-199,-167
-1446,-215,-117
-1541,-205,-66
-1609,-172,-18
-1624,-131,22
-1572,-92,48
-1450,-73,46
-1275,-76,22
-1058,-90,-15
-826,-116,-55
-618,-134,-84
-466,-151,-108
-361,-154,-132
-282,-155,-155
-206,-155,-186
-131,-159,-218
-76,-158,-241
-37,-143,-262
-10,-135,-291
11,-125,-322
28,-113,-353
44,-100,-379
72,-85,-411
109,-63,-435
164,-24,-450
228,17,-467
292,71,-475
358,124,-478
426,179,-474
490,237,-466
553,295,-461
620,359,-450
694,422,-442
778,486,-436
872,552,-423
924,622,-411
890,694,-392
746,753,-367
496,781,-331
160,769,-261
-202,738,-156
-526,712,-45
-747,719,78
-867,765,204
-870,843,321
-674,897,411
-272,865,457
236,738,495
720,555,535
1051,395,548
1149,336,534
1046,388,493
819,513,430
551,663,371
328,776,332
189,820,304
149,782,274
173,690,240
227,589,214
274,520,203
292,505,212
271,536,238
211,602,272
123,684,308
32,761,337
-45,815,362
-102,842,382
-135,844,396
-135,819,414
-105,784,437
-56,739,473
11,688,515
86,646,548
152,618,577
206,609,598
260,617,605
312,641,595
365,673,577
425,701,553
489,720,531
581,732,504
693,745,475
825,763,429
964,780,372
1081,798,319
1159,812,283
1212,823,252
1249,833,231
1272,840,221
1291,838,209
1319,833,200
1334,834,193
1337,838,194
1339,842,195
1339,849,198
1333,856,193
1324,862,188
1294,868,187
1254,869,191
1198,854,198
1133,829,208
1052,794,220
958,753,234
863,706,247
764,660,260
667,626,289
593,612,327
532,609,362
478,610,390
403,600,410
310,582,422
192,554,419
85,522,428
21,484,458
-42,443,489
-101,402,513
-159,367,542
-199,328,570
-236,288,583
-267,259,586
-297,236,579
-323,220,561
-343,213,541
-368,207,513
-403,201,495
-450,202,485
-508,214,473
-554,216,454
-586,205,426
-597,177,386
-611,144,330
-634,106,274
-672,74,221
-715,55,163
-757,35,109
-803,13,69
-841,-29,44
-875,-81,33
-908,-127,30
-927,-156,18
-910,-161,-3
-873,-140,-30
-817,-105,-57
-745,-68,-99
-652,-37,-145
-566,-14,-178
-511,-9,-206
-511,-18,-224
-552,-49,-234
-619,-92,-234
-714,-144,-218
-833,-188,-191
-966,-227,-156
-1102,-269,-122
-1240,-321,-93
-1382,-367,-70
-1508,-392,-56
-1603,-394,-48
-1661,-366,-39
-1670,-326,-33
-1631,-290,-34
-1558,-266,-44
-1476,-259,-54
-1385,-270,-77
-1293,-286,-107
-1196,-295,-136
-1092,-291,-162
-973,-291,-194
-839,-296,-228
-697,-314,-266
-547,-355,-305
-392,-403,-337
-224,-462,-372
-36,-524,-407
171,-586,-445
371,-649,-482
520,-716,-521
608,-781,-549
628,-831,-565
589,-862,-574
490,-870,-577
356,-859,-576
225,-818,-583
127,-754,-604
74,-686,-640
55,-628,-676
42,-596,-708
19,-591,-736
-9,-603,-753
-47,-627,-750
-110,-640,-718
-197,-641,-665
-301,-640,-605
-411,-652,-560
-511,-676,-524
-587,-706,-489
-645,-746,-438
-683,-797,-367
-715,-855,-286
-767,-912,-222
-836,-960,-179
-903,-1005,-156
-970,-1049,-151
-1031,-1097,-156
-1069,-1138,-161
-1083,-1166,-155
-1074,-1189,-144
-1059,-1195,-132
-1054,-1195,-118
-1053,-1200,-106
-1050,-1201,-86
-1050,-1200,-63
-1051,-1179,-31
-1045,-1143,10
-1024,-1092,50
-1004,-1053,84
-984,-1011,104
-960,-967,115
-952,-915,124
-951,-854,129
-947,-780,127
-936,-702,117
-919,-627,100
-879,-552,75
-826,-487,45
-767,-430,22
-708,-383,8
-657,-344,1
-612,-309,-5
-551,-287,-26
-494,-288,-37
-465,-285,-30
-473,-265,-11
-500,-225,16
-524,-188,38
-528,-159,55
-516,-129,69
-497,-106,77
-468,-91,83
-431,-82,90
-388,-90,94
-332,-105,95
-264,-122,88
-174,-144,77
-83,-174,65
9,-203,56
90,-233,45
169,-250,34
254,-244,23
361,-229,0
470,-201,-31
600,-167,-64
730,-128,-107
868,-82,-155
1022,-35,-206
1167,22,-249
1299,93,-291
1395,177,-330
1449,264,-361
1485,345,-386
1528,420,-407
1611,505,-420
1705,627,-429
1672,793,-414
1408,959,-386
954,1082,-351
434,1137,-290
-43,1120,-211
-407,1038,-114
-637,893,-26
-780,742,69
-932,649,183
-1086,643,297
-1114,718,404
-869,835,486
-301,955,547
465,1038,594
1203,1051,609
1656,979,565
1760,850,481
1611,707,386
1329,606,325
1013,548,315
719,515,323
479,480,318
322,448,277
246,424,206
229,419,140
251,448,94
255,513,72
216,603,73
139,699,95
34,796,129
-66,876,163
-147,923,206
-199,944,250
-203,940,292
-160,915,329
-80,866,358
17,812,380
121,766,400
211,735,423
285,721,453
361,715,482
444,725,492
538,746,485
652,767,465
781,781,438
918,793,394
1064,798,332
1198,804,269
1328,812,216
1447,825,177
1566,837,149
1674,853,128
1762,864,114
1828,882,102
1865,913,92
1874,937,82
1855,962,80
1825,977,69
1793,986,72
1749,983,93
1689,973,126
1609,956,167
1493,921,201
1341,875,227
1177,823,250
1028,783,275
889,759,309
745,742,344
602,719,366
464,681,374
341,642,386
229,605,404
123,564,421
24,525,424
-50,482,417
-102,431,407
-134,377,403
-154,325,401
-164,274,405
-169,228,406
-172,190,411
-177,168,414
-161,158,419
-139,165,429
-115,183,432
-83,211,430
-44,235,427
-3,250,418
21,254,405
35,260,391
31,266,370
13,274,347
-1,283,313
-14,286,275
-31,282,233
-44,269,191
-65,248,147
-115,233,107
-206,210,78
-311,187,49
-424,162,22
-532,132,-1
-603,93,-22
-631,61,-37
-622,36,-46
-608,9,-52
-613,-31,-55
-650,-74,-54
-696,-114,-53
-738,-149,-50
-783,-178,-45
-813,-207,-43
-810,-240,-37
-790,-273,-28
-758,-299,-19
-719,-325,-7
-682,-351,0
-654,-368,17
-648,-374,35
-656,-381,49
-672,-389,58
-690,-411,57
-716,-440,48
-738,-458,36
-751,-456,23
-756,-433,1
-758,-391,-26
-773,-340,-58
-809,-292,-97
-863,-261,-145
-928,-245,-192
-974,-237,-236
-993,-231,-275
-970,-234,-320
-912,-243,-363
-823,-262,-404
-718,-292,-438
-610,-320,-464
-485,-350,-493
-325,-389,-522
-135,-434,-550
64,-502,-571
269,-585,-586
437,-670,-581
554,-746,-566
624,-803,-548
650,-841,-528
663,-860,-502
671,-861,-476
689,-843,-466
724,-813,-468
767,-777,-480
801,-745,-501
802,-713,-527
776,-693,-559
711,-682,-591
607,-678,-618
464,-675,-621
303,-660,-581
130,-642,-514
-51,-628,-455
-233,-630,-423
-416,-654,-416
-561,-700,-403
-677,-756,-363
-763,-832,-319
-838,-916,-272
-923,-995,-230
-1012,-1070,-203
-1099,-1139,-195
-1178,-1203,-199
-1238,-1252,-203
-1270,-1290,-208
-1279,-1322,-208
-1271,-1345,-201
-1253,-1361,-181
-1220,-1360,-144
-1174,-1343,-111
-1124,-1297,-82
-1073,-1238,-59
-1013,-1160,-42
-946,-1078,-24
-875,-1002,-6
-802,-939,8
-735,-883,14
-681,-819,9
-649,-755,2
-630,-681,-2
-619,-607,-8
-606,-538,-17
-594,-463,-19
-578,-381,-28
-551,-301,-42
-510,-226,-53
-460,-160,-64
-411,-110,-74
-371,-80,-79
-338,-66,-88
-316,-73,-100
-303,-87,-99
-293,-77,-84
-286,-59,-66
-286,-38,-55
-287,-24,-47
-296,-11,-42
-322,-4,-36
-357,4,-17
-381,6,10
-385,5,42
-364,5,75
-316,2,99
-239,-3,107
-131,-13,101
-12,-33,85
100,-39,77
197,-40,66
284,-27,42
362,0,29
431,33,13
503,66,-10
584,91,-42
663,106,-73
754,133,-109
845,171,-147
922,221,-182
981,285,-219
1031,359,-261
1085,431,-302
1132,509,-345
1143,579,-381
1086,632,-408
959,657,-432
763,662,-441
478,652,-420
181,630,-368
0,588,-310
-56,516,-254
-91,420,-199
-182,335,-125
-343,318,-19
-454,412,135
-311,611,299
157,829,427
845,963,498
1490,982,520
1836,904,500
1819,774,442
1541,640,371
1131,560,301
713,543,260
385,547,262
187,540,280
111,511,281
106,468,257
132,426,218
152,416,173
136,430,144
81,480,135
-11,546,149
-115,613,183
-221,678,226
-305,725,273
-367,750,312
-409,760,350
-409,760,387
-363,748,423
-274,726,454
-156,706,483
-30,685,508
107,674,522
242,676,525
370,698,520
496,726,506
625,759,484
760,800,451
910,838,412
1058,862,375
1185,859,346
1285,846,317
1354,838,288
1409,830,250
1472,834,205
1551,855,166
1631,888,146
1704,918,143
1750,943,143
1771,959,139
1756,961,134
1711,955,123
1664,944,113
1630,934,114
1600,914,125
1569,887,139
1525,850,150
1458,810,169
1369,773,192
1259,742,213
1131,717,236
991,705,259
835,681,274
699,653,282
572,623,294
450,595,305
332,563,320
235,520,339
154,464,357
79,406,366
18,342,372
-23,280,380
-58,219,389
-81,170,402
-98,128,410
-112,108,416
-109,96,414
-102,92,409
-91,94,408
-69,97,412
-41,99,420
-14,107,432
7,110,452
17,110,468
23,106,480
27,99,483
18,112,485
25,151,487
65,202,476
125,231,454
185,227,417
223,202,360
239,187,300
223,175,243
149,174,192
38,169,147
-90,154,108
-223,135,62
-361,117,19
-472,99,-13
-555,77,-29
-620,48,-31
-663,13,-26
-703,-31,-17
-741,-74,-8
-765,-112,-4
-776,-141,-4
-755,-170,-10
-695,-200,-20
-604,-235,-31
-496,-286,-40
-403,-331,-50
-339,-368,-65
-290,-394,-91
-241,-409,-123
-205,-415,-134
-177,-419,-135
-174,-408,-126
-204,-388,-110
-274,-364,-87
-360,-340,-75
-432,-328,-70
-494,-323,-66
-540,-309,-68
-566,-280,-70
-582,-246,-78
-598,-214,-87
-637,-191,-102
-707,-185,-130
-796,-185,-150
-883,-193,-175
-970,-206,-197
-1017,-232,-225
-1003,-270,-255
-936,-314,-290
-823,-352,-331
-665,-377,-375
-463,-404,-426
-218,-442,-479
50,-483,-533
296,-525,-572
474,-564,-582
580,-604,-571
620,-649,-547
603,-689,-519
540,-725,-491
462,-752,-476
407,-772,-475
386,-781,-480
387,-776,-490
399,-763,-503
401,-746,-522
394,-735,-544
368,-729,-575
326,-723,-599
251,-712,-610
152,-691,-594
39,-657,-546
-88,-628,-485
-237,-615,-444
-408,-618,-426
-588,-636,-419
-761,-662,-408
-912,-705,-391
-1044,-749,-371
-1159,-795,-351
-1249,-849,-334
-1328,-903,-321
-1391,-946,-311
-1437,-986,-306
-1463,-1016,-304
-1476,-1027,-301
-1479,-1025,-292
-1483,-1027,-274
-1491,-1025,-258
-1490,-1024,-243
-1486,-1029,-222
-1470,-1040,-189
-1441,-1042,-154
-1402,-1045,-119
-1361,-1045,-92
-1315,-1039,-69
-1261,-1034,-48
-1194,-1024,-33
-1127,-1006,-16
-1061,-982,-9
-1004,-946,-5
-959,-906,-1
-922,-859,11
-898,-799,19
-876,-734,23
-843,-659,20
-799,-575,12
-751,-501,6
-709,-436,-2
-669,-375,2
-643,-328,5
-608,-298,-9
-586,-284,-15
-573,-266,-7
-576,-241,11
-585,-211,29
-586,-178,45
-574,-145,52
-543,-123,50
-499,-117,49
-455,-120,54
-412,-124,66
-360,-129,69
-291,-131,63
-206,-148,54
-104,-179,50
1,-216,45
110,-248,34
218,-263,21
304,-266,4
363,-264,-11
402,-246,-28
442,-228,-52
480,-206,-83
520,-181,-118
561,-149,-158
608,-110,-203
656,-75,-242
696,-40,-271
726,3,-291
755,45,-302
776,95,-306
797,144,-313
828,196,-312
860,254,-309
888,317,-302
903,391,-299
910,487,-302
900,591,-298
868,700,-290
800,800,-265
641,867,-231
417,901,-200
172,903,-175
-103,882,-140
-395,855,-86
-633,823,-19
-738,808,56
-767,834,138
-792,895,237
-797,949,346
-709,966,441
-501,924,510
-239,844,578
21,761,634
275,686,645
511,640,587
728,632,487
924,668,382
1062,739,310
1105,822,286
1073,889,295
997,925,320
881,920,341
745,883,352
601,840,351
462,789,337
339,747,316
243,727,296
183,728,280
158,736,258
141,757,235
117,781,220
88,802,219
48,816,234
9,821,263
-25,827,292
-44,832,324
-45,830,353
-29,823,379
5,821,412
71,813,442
146,804,477
225,794,512
310,790,539
412,793,551
549,802,537
714,808,499
886,809,446
1051,805,387
1201,803,330
1330,797,271
1428,794,222
1499,789,180
1552,786,143
1601,783,111
1636,787,89
1643,802,68
1619,814,55
1570,818,49
1512,817,49
1459,808,61
1393,785,81
1323,757,105
1239,721,135
1158,686,168
1081,662,202
989,644,235
873,631,260
747,622,289
610,598,303
474,574,322
362,552,352
249,525,377
138,483,391
39,434,391
-28,376,383
-60,316,375
-78,266,371
-96,221,359
-122,187,346
-147,161,335
-170,135,328
-188,112,326
-188,97,330
-168,88,333
-136,83,335
-105,70,343
-89,71,351
-81,82,367
-67,111,380
-47,148,387
-27,180,374
-16,198,351
-8,204,317
4,201,275
19,189,233
22,181,188
5,179,154
-19,182,117
-48,192,89
-93,192,61
-146,182,35
-214,166,14
-281,137,-2
-349,107,-9
-398,80,-17
-438,49,-23
-473,11,-16
-495,-37,0
-499,-90,17
-491,-145,23
-489,-188,26
-489,-230,30
-493,-255,28
-503,-264,16
-521,-260,2
-554,-254,0
-588,-247,-8
-623,-241,-10
-649,-239,-2
-658,-238,10
-669,-233,24
-672,-214,40
-668,-193,60
-654,-177,81
-617,-170,93
-581,-175,91
-548,-180,78
-522,-176,63
-508,-160,47
-516,-133,24
-554,-109,9
-607,-94,-16
-666,-97,-50
-732,-113,-89
-791,-138,-139
-833,-179,-189
-851,-225,-231
-842,-275,-273
-810,-326,-312
-756,-368,-350
-649,-394,-382
-481,-411,-422
-255,-429,-465
-13,-463,-508
215,-494,-536
400,-527,-541
533,-560,-534
638,-584,-519
724,-597,-502
781,-605,-478
820,-611,-455
852,-612,-431
873,-608,-411
893,-596,-400
916,-580,-404
915,-562,-420
889,-538,-443
832,-530,-462
751,-538,-481
639,-556,-500
505,-584,-530
339,-617,-552
142,-650,-560
-62,-666,-541
-270,-669,-497
-485,-674,-460
-681,-693,-436
-848,-729,-410
-981,-778,-382
-1081,-837,-343
-1156,-902,-306
-1200,-969,-271
-1234,-1031,-238
-1260,-1081,-211
-1276,-1129,-195
-1283,-1173,-177
-1284,-1208,-162
-1278,-1245,-139
-1279,-1273,-118
-1277,-1288,-97
-1263,-1286,-78
-1237,-1255,-57
-1189,-1196,-34
-1112,-1123,-14
-1007,-1047,0
-889,-977,10
-765,-927,15
-659,-893,22
-586,-851,27
-536,-794,26
-501,-727,19
-475,-667,8
-454,-608,1
-439,-551,-5
-424,-502,-15
-409,-464,-25
-385,-432,-39
-352,-419,-58
-335,-413,-82
-344,-408,-91
-367,-400,-90
-398,-377,-82
-422,-344,-70
-442,-305,-58
-456,-268,-53
-470,-236,-51
-483,-206,-50
-481,-175,-53
-461,-148,-65
-431,-130,-77
-395,-124,-72
-359,-135,-52
-336,-153,-26
-322,-162,1
-306,-165,28
-278,-161,55
-237,-154,75
-181,-147,87
-122,-141,94
-68,-138,97
-12,-136,86
42,-131,75
99,-126,61
144,-117,44
184,-106,19
224,-99,-14
263,-81,-40
303,-57,-67
329,-24,-102
357,15,-136
401,55,-169
457,94,-199
527,140,-223
610,187,-243
705,234,-257
800,288,-270
883,340,-280
960,401,-286
1046,463,-285
1140,526,-277
1259,589,-263
1357,659,-246
1365,749,-229
1190,840,-200
793,924,-150
236,1003,-79
-342,1072,7
-759,1109,91
-903,1102,184
-855,1053,297
-707,970,421
-442,868,538
-70,757,626
322,661,693
653,614,736
908,626,727
1104,668,658
1246,702,539
1318,724,414
1308,750,320
1234,799,268
1134,857,245
1020,891,236
891,894,234
747,861,229
583,801,218
410,733,197
251,682,175
119,658,157
10,661,149
-66,682,147
-129,713,149
-199,740,158
-267,762,179
-331,780,216
-383,790,262
-415,789,322
-418,788,389
-390,786,443
-337,788,492
-254,788,528
-157,789,556
-55,797,589
47,801,628
159,802,663
273,795,679
387,789,663
504,787,622
641,788,561
793,797,490
968,802,421
1142,807,357
1297,811,292
1431,817,242
1534,832,199
1611,854,167
1654,868,145
1667,874,129
1650,873,123
1613,863,116
1562,842,109
1500,822,101
1439,793,99
1367,760,104
1290,729,107
1217,702,112
1138,673,121
1050,650,137
964,639,168
857,644,208
755,651,253
646,663,300
515,666,339
391,672,358
274,682,375
161,687,374
50,675,365
-39,648,354
-110,611,346
-165,569,341
-202,524,345
-219,475,347
-219,427,352
-205,376,356
-186,336,354
-163,301,354
-135,269,353
-109,238,350
-77,217,349
-42,203,351
-11,197,357
13,195,353
29,204,348
45,222,349
49,246,348
41,268,345
36,288,338
36,310,324
36,327,315
26,342,308
9,352,305
-6,355,304
-18,345,305
-32,323,303
-57,289,306
-94,242,312
-136,177,316
-198,128,314
-270,104,318
-316,103,311
-320,93,295
-298,64,270
-305,14,248
-359,-36,229
-445,-88,221
-550,-130,215
-669,-163,208
-784,-190,192
-885,-222,176
-945,-260,152
-971,-304,128
-963,-358,96
-925,-407,68
-878,-449,48
-821,-474,37
-759,-479,29
-686,-456,28
-616,-408,32
-577,-359,43
-575,-334,53
-609,-347,50
-666,-392,26
-720,-442,-9
-752,-473,-42
-760,-485,-69
-766,-483,-107
-793,-479,-156
-861,-461,-207
-965,-428,-255
-1082,-394,-301
-1178,-368,-340
-1240,-355,-380
-1275,-355,-413
-1274,-372,-446
-1250,-391,-474
-1184,-401,-515
-1058,-403,-567
-888,-410,-616
-686,-415,-670
-463,-408,-726
-217,-393,-780
19,-384,-819
264,-396,-836
498,-440,-830
682,-515,-805
798,-617,-770
840,-739,-729
827,-864,-687
774,-985,-643
701,-1086,-605
630,-1166,-575
562,-1215,-553
498,-1227,-542
453,-1204,-540
424,-1151,-545
398,-1069,-556
370,-977,-571
320,-877,-581
237,-788,-594
132,-715,-606
10,-670,-602
-118,-649,-567
-275,-656,-520
-456,-690,-467
-647,-730,-425
-836,-781,-405
-1001,-847,-406
-1131,-915,-423
-1228,-990,-431
-1297,-1062,-436
-1335,-1127,-435
-1355,-1182,-427
-1365,-1223,-422
-1375,-1246,-417
-1384,-1262,-400
-1393,-1260,-376
-1392,-1243,-344
-1377,-1214,-306
-1353,-1190,-268
-1318,-1162,-222
-1270,-1137,-174
-1197,-1116,-128
-1087,-1100,-99
-953,-1084,-84
-817,-1066,-84
-696,-1035,-92
-614,-988,-101
-563,-926,-101
-544,-854,-90
-550,-788,-82
-572,-732,-81
-605,-688,-70
-648,-644,-56
-701,-592,-44
-755,-537,-40
-800,-493,-37
-838,-464,-30
-862,-441,-13
-867,-428,-1
-869,-430,4
-875,-434,13
-884,-433,23
-894,-419,36
-892,-398,46
-879,-373,55
-863,-341,64
-841,-305,73
-796,-282,69
-743,-271,58
-687,-269,44
-626,-276,33
-579,-298,35
-540,-331,46
-513,-358,62
-490,-377,77
-475,-394,97
-451,-396,120
-410,-392,144
-357,-392,166
-293,-392,176
-223,-398,185
-151,-403,196
-81,-397,198
-5,-390,192
81,-380,179
165,-362,155
246,-346,128
327,-327,93
406,-302,46
475,-267,-10
545,-230,-62
602,-189,-120
655,-148,-184
698,-109,-245
733,-71,-305
767,-26,-355
786,23,-398
801,72,-433
803,133,-462
782,196,-479
728,255,-473
638,305,-456
517,342,-437
390,378,-416
277,395,-395
186,380,-382
81,340,-387
-58,279,-393
-204,227,-379
-306,206,-339
-272,242,-265
-80,353,-167
221,522,-68
523,703,15
709,831,97
714,845,158
553,738,183
355,560,205
223,385,232
158,264,240
98,205,214
6,182,170
-102,191,121
-208,239,82
-282,326,54
-318,448,38
-333,583,32
-348,715,47
-363,834,70
-373,914,101
-374,954,145
-378,970,206
-383,964,259
-356,942,303
-303,911,339
-222,881,360
-128,853,363
-34,838,352
63,826,341
164,816,328
255,809,307
340,791,278
404,776,239
453,763,192
486,752,147
508,755,106
513,775,76
529,803,54
551,838,38
586,869,31
619,888,31
657,893,33
680,891,31
698,880,34
728,866,35
751,846,34
780,818,35
800,778,31
815,749,34
829,729,34
833,703,39
824,694,44
810,685,47
793,680,52
784,673,54
780,657,59
768,632,73
733,596,93
674,555,106
599,523,105
525,496,96
467,475,84
422,452,74
376,429,68
321,404,65
255,376,70
179,351,83
87,329,95
1,310,107
-71,302,116
-130,305,128
-183,312,132
-233,320,129
-285,324,127
-346,322,124
-425,308,115
-516,279,99
-609,242,93
-692,205,98
-764,175,112
-830,149,124
-897,130,134
-948,108,138
-973,88,134
-980,74,125
-985,62,110
-970,60,103
-938,58,96
-894,51,97
-848,47,100
-804,44,104
-769,43,110
-743,38,113
-715,42,117
-688,45,130
-659,46,141
-630,50,145
-603,54,147
-582,63,150
-572,72,150
-568,83,152
-570,91,146
-579,95,143
-598,96,141
-626,90,135
-669,86,130
-723,80,123
-771,72,113
-810,61,103
-843,51,99
-883,38,96
-925,21,98
-976,0,101
-1035,-21,104
-1091,-41,119
-1141,-64,137
-1184,-81,154
-1221,-97,179
-1252,-114,202
-1278,-121,220
-1305,-125,233
-1332,-129,248
-1356,-128,266
-1379,-132,282
-1399,-136,302
-1418,-151,322
-1443,-166,341
-1466,-179,351
-1484,-189,360
-1495,-202,369
-1484,-218,372
-1464,-237,372
-1432,-250,367
-1389,-259,348
-1331,-263,328
-1252,-262,306
-1171,-250,283
-1094,-235,266
-1015,-219,247
-937,-202,228
-858,-181,215
-780,-167,199
-694,-156,180
-596,-153,154
-475,-165,125
-329,-186,85
-165,-213,38
-11,-231,-10
137,-250,-47
269,-270,-83
380,-293,-119
454,-315,-152
481,-323,-175
461,-319,-198
422,-309,-224
383,-296,-239
348,-287,-241
302,-282,-241
235,-274,-229
145,-258,-224
60,-233,-229
-18,-210,-242
-77,-185,-260
-131,-165,-274
-194,-147,-289
-257,-134,-298
-321,-130,-301
-397,-128,-305
-496,-129,-311
-609,-138,-323
-718,-142,-342
-820,-148,-370
-900,-157,-413
-970,-179,-469
-1021,-208,-530
-1055,-234,-597
-1073,-271,-669
-1069,-313,-743
-1050,-361,-819
-1036,-404,-891
-1035,-428,-945
-1046,-439,-991
-1052,-428,-1024
-1033,-404,-1045
-997,-361,-1054
-939,-310,-1055
-858,-250,-1054
-748,-193,-1051
-619,-148,-1046
-483,-119,-1043
-363,-101,-1048
-250,-108,-1060
-144,-126,-1070
-57,-142,-1072
1,-150,-1068
22,-147,-1054
3,-143,-1043
-53,-151,-1041
-130,-169,-1040
-217,-198,-1042
-292,-241,-1051
-337,-291,-1063
-365,-350,-1077
-390,-407,-1089
-429,-452,-1092
-496,-479,-1094
-601,-480,-1092
-739,-455,-1089
-907,-402,-1079
-1080,-332,-1056
-1247,-257,-1024
-1390,-190,-981
-1506,-135,-931
-1601,-92,-872
-1685,-67,-815
-1755,-62,-754
-1819,-77,-698
-1877,-119,-650
-1937,-186,-618
-1995,-270,-610
-2051,-370,-617
-2108,-481,-632
-2156,-591,-648
-2200,-695,-668
-2242,-785,-685
-2270,-849,-706
-2291,-889,-719
-2300,-909,-730
-2301,-908,-733
-2295,-884,-733
-2281,-843,-727
-2270,-780,-722
-2244,-697,-725
-2216,-613,-728
-2186,-520,-734
-2159,-430,-744
-2133,-338,-747
-2113,-256,-748
-2096,-190,-751
-2092,-139,-749
-2100,-98,-747
-2113,-64,-747
-2130,-39,-748
-2153,-22,-742
-2191,-14,-730
-2239,-16,-721
-2281,-27,-714
-2304,-41,-699
-2311,-62,-680
-2313,-83,-666
-2320,-112,-656
-2338,-140,-652
-2359,-160,-644
-2385,-172,-628
-2416,-180,-608
-2439,-177,-590
-2455,-169,-568
-2453,-160,-548
-2431,-142,-527
-2394,-124,-506
-2347,-101,-492
-2285,-78,-478
-2211,-57,-466
-2130,-34,-455
-2053,-8,-446
-1972,14,-433
-1890,38,-416
-1811,56,-396
-1782,66,-360
-1881,65,-298
-2112,28,-210
-2388,-67,-107
-2587,-172,-31
-2577,-232,10
-2371,-234,3
-2043,-189,-32
-1685,-110,-66
-1376,-20,-99
-1153,59,-122
-1012,118,-137
-930,147,-150
-869,157,-163
-826,152,-170
-809,137,-179
-811,122,-195
-814,109,-218
-820,77,-247
-885,37,-271
-967,-3,-301
-1037,-34,-346
-1065,-40,-396
-1094,-24,-438
-1125,6,-465
-1155,36,-477
-1178,50,-481
-1189,48,-487
-1175,45,-509
-1140,52,-545
-1084,69,-590
-1015,91,-634
-918,104,-662
-786,106,-693
-630,101,-727
-452,95,-763
-270,91,-801
-125,88,-840
-34,74,-877
25,46,-921
48,2,-970
47,-47,-1019
29,-88,-1075
-1,-118,-1139
-28,-138,-1199
-46,-141,-1259
-68,-109,-1309
-128,-30,-1338
-247,88,-1325
-399,211,-1266
-563,302,-1165
-776,361,-1030
-1064,405,-871
-1393,458,-703
-1700,512,-542
-1922,571,-400
-2026,630,-281
-2007,685,-165
-1915,722,-32
-1834,738,132
-1783,718,297
-1701,658,418
-1504,561,440
-1117,403,357
-559,171,214
-28,-84,64
337,-309,-50
517,-447,-120
563,-467,-159
522,-407,-186
425,-292,-215
268,-147,-254
43,11,-287
-241,149,-288
-576,235,-255
-971,277,-228
-1356,315,-221
-1652,367,-214
-1847,454,-188
-1952,570,-155
-1995,711,-116
-2008,855,-75
-2009,975,-35
-1979,1055,7
-1906,1087,40
-1779,1085,67
-1603,1056,90
-1366,989,104
-1098,879,110
-854,744,113
-675,617,111
-559,529,113
-479,489,106
-419,487,89
-386,490,61
-403,474,24
-462,438,-12
-533,390,-33
-600,356,-35
-651,337,-21
-676,331,11
-672,337,44
-643,349,78
-601,367,103
-552,385,117
-512,416,125
-485,451,136
-469,487,145
-466,526,147
-470,570,143
-488,612,139
-522,650,137
-578,675,137
-650,676,143
-720,659,155
-775,640,156
-822,618,147
-856,583,132
-880,545,120
-889,496,105
-887,431,100
-873,375,106
-852,322,112
-830,276,114
-806,237,108
-792,211,101
-793,189,91
-816,165,91
-835,133,91
-846,106,102
-877,86,114
-918,71,114
-954,58,115
-983,51,121
-996,46,131
-999,39,136
-988,32,137
-956,29,142
-903,32,146
-850,39,161
-792,37,170
-721,30,180
-644,12,182
-585,-5,175
-527,-25,159
-468,-44,139
-411,-61,112
-361,-77,94
-307,-87,99
-270,-98,108
-258,-105,113
-257,-115,108
-258,-123,92
-257,-127,76
-254,-129,63
-236,-127,55
-215,-117,56
-197,-101,56
-184,-89,62
-161,-73,63
-145,-58,62
-135,-44,60
-129,-32,64
-131,-31,65
-127,-35,70
-127,-37,79
-139,-41,92
-142,-48,109
-145,-56,127
-151,-74,140
-175,-87,147
-211,-96,153
-252,-94,160
-294,-87,164
-341,-80,171
-386,-65,180
-429,-55,188
-473,-39,188
-509,-25,181
-546,-12,179
-585,-5,184
-622,2,191
-661,4,204
-711,4,226
-757,-2,253
-783,-4,279
-776,-4,294
-743,-6,304
-690,0,297
-635,10,277
-585,21,253
-533,22,228
-484,10,202
-421,-15,170
-362,-51,131
-336,-72,99
-347,-78,78
-387,-68,67
-476,-50,60
-607,-30,55
-759,-25,52
-901,-21,43
-1008,-7,32
-1074,3,14
-1102,11,-16
-1111,6,-42
-1115,-23,-80
-1128,-71,-126
-1158,-139,-165
-1184,-221,-195
-1206,-298,-217
-1211,-370,-238
-1199,-422,-255
-1186,-443,-294
-1159,-441,-346
-1105,-422,-407
-1011,-388,-466
-890,-348,-511
-754,-307,-550
-613,-262,-587
-511,-213,-630
-481,-169,-679
-528,-135,-720
-620,-114,-744
-731,-103,-762
-835,-93,-774
-946,-72,-785
-1064,-40,-785
-1163,-5,-790
-1227,29,-797
-1264,58,-799
-1283,57,-786
-1331,18,-772
-1428,-51,-755
-1557,-144,-731
-1698,-251,-703
-1842,-352,-661
-1964,-449,-614
-2044,-550,-582
-2089,-655,-559
-2111,-761,-544
-2120,-863,-548
-2126,-961,-561
-2130,-1039,-580
-2133,-1092,-608
-2133,-1123,-650
-2126,-1133,-704
-2119,-1134,-765
-2107,-1132,-815
-2077,-1125,-835
-2024,-1117,-828
-1959,-1101,-806
-1877,-1090,-778
-1789,-1091,-758
-1711,-1089,-751
-1651,-1083,-753
-1601,-1071,-755
-1556,-1047,-745
-1510,-1012,-723
-1449,-968,-701
-1377,-918,-690
-1292,-867,-687
-1195,-815,-703
-1104,-763,-721
-1018,-714,-737
-949,-668,-750
-895,-619,-759
-856,-570,-763
-833,-519,-754
-829,-472,-740
-832,-424,-719
-850,-368,-696
-881,-315,-672
-925,-268,-651
-972,-225,-632
-1024,-184,-608
-1084,-153,-584
-1150,-123,-557
-1216,-101,-529
-1284,-99,-497
-1359,-110,-462
-1426,-130,-418
-1492,-155,-371
-1548,-184,-325
-1587,-216,-287
-1609,-249,-259
-1614,-283,-244
-1614,-323,-238
-1612,-344,-223
-1613,-351,-204
-1609,-341,-185
-1612,-330,-165
-1630,-319,-146
-1649,-295,-131
-1637,-256,-125
-1583,-217,-141
-1486,-195,-172
-1351,-184,-214
-1193,-178,-263
-1037,-176,-306
-903,-175,-338
-794,-169,-363
-719,-167,-378
-661,-168,-387
-620,-159,-387
-597,-138,-387
-576,-108,-383
-555,-75,-380
-523,-41,-391
-478,-6,-398
-423,15,-413
-362,28,-426
-292,35,-442
-224,34,-468
-169,38,-491
-115,34,-509
-59,33,-518
-13,40,-517
30,53,-510
90,72,-504
158,92,-506
244,123,-501
342,158,-492
439,205,-477
507,265,-467
530,331,-463
470,395,-462
278,444,-442
-39,466,-401
-387,467,-328
-652,488,-214
-769,564,-87
-769,694,45
-743,839,189
-771,963,334
-815,1014,485
-759,974,622
-544,862,708
-237,705,725
31,554,698
225,446,642
381,395,555
506,397,454
564,451,360
545,540,306
468,627,287
352,679,296
238,681,317
118,644,330
1,593,327
-97,542,306
-175,503,281
-252,474,257
-334,452,249
-410,436,242
-490,427,235
-572,421,226
-647,420,223
-709,424,224
-758,442,232
-788,464,252
-801,486,273
-802,512,295
-791,541,319
-769,569,347
-739,596,374
-701,623,394
-659,647,404
-602,676,413
-522,697,420
-407,710,422
-275,717,421
-138,721,411
-7,723,381
138,733,337
291,746,284
454,745,228
615,741,186
778,744,156
922,753,136
1035,770,125
1097,790,118
1116,817,121
1118,836,120
1105,846,116
1098,852,106
1075,850,99
1040,836,96
974,814,100
902,781,108
837,745,115
789,717,152
747,695,196
692,689,231
615,690,258
523,690,277
423,696,291
311,700,297
199,689,302
106,677,317
48,661,340
20,647,373
4,635,414
-11,624,442
-52,614,459
-100,589,470
-139,557,487
-161,525,513
-188,497,539
-226,458,564
-272,412,576
-301,357,585
-320,296,590
-339,229,586
-355,180,581
-387,153,582
-422,154,576
-442,178,557
-432,212,517
-401,249,473
-361,279,426
-328,311,383
-299,343,346
-260,363,304
-243,366,265
-255,350,231
-284,328,210
-326,311,183
-371,297,148
-412,279,110
-448,260,76
-476,232,48
-503,191,28
-513,142,16
-523,91,11
-532,44,2
-539,3,-2
-545,-27,-9
-562,-46,-14
-591,-60,-6
-638,-65,13
-700,-69,43
-790,-79,75
-907,-94,113
-1045,-113,150
-1173,-144,171
-1281,-201,169
-1369,-265,152
-1425,-316,126
-1454,-357,98
-1453,-373,58
-1417,-372,13
-1342,-377,-35
-1228,-402,-87
-1081,-440,-149
-907,-490,-221
-714,-532,-294
-510,-559,-379
-289,-573,-472
-65,-576,-571
150,-578,-665
334,-577,-742
467,-576,-797
546,-579,-819
568,-576,-805
546,-559,-766
536,-532,-734
570,-513,-719
644,-521,-724
698,-553,-729
710,-599,-726
675,-645,-713
608,-677,-696
534,-701,-673
474,-704,-647
423,-692,-614
371,-669,-579
319,-630,-547
262,-592,-521
191,-574,-505
115,-569,-492
35,-572,-472
-45,-580,-445
-121,-600,-414
-204,-628,-389
-293,-663,-370
-389,-717,-360
-501,-786,-359
-616,-869,-350
-728,-962,-339
-834,-1061,-329
-936,-1147,-317
-1032,-1218,-310
-1107,-1264,-301
-1165,-1283,-287
-1200,-1278,-276
-1223,-1250,-266
-1244,-1211,-248
-1246,-1158,-228
-1229,-1099,-195
-1190,-1044,-164
-1142,-999,-138
-1075,-952,-114
-989,-913,-94
-894,-884,-76
-800,-861,-64
-711,-842,-57
-642,-821,-53
-592,-806,-54
-569,-789,-51
-562,-773,-43
-579,-760,-25
-638,-740,3
-719,-701,34
-807,-638,61
-867,-579,74
-899,-518,77
-904,-459,78
-898,-397,79
-864,-343,70
-807,-306,52
-751,-275,44
-697,-246,48
-646,-214,55
-602,-182,67
-568,-159,78
-543,-143,93
-521,-137,111
-499,-138,117
-483,-142,121
-475,-160,122
-464,-192,117
-445,-230,111
-413,-262,98
-364,-283,85
-301,-295,66
-224,-301,53
-134,-298,40
-61,-285,29
-6,-262,13
44,-231,-16
98,-194,-55
175,-153,-104
285,-116,-164
417,-84,-229
571,-53,-301
741,-20,-377
912,27,-449
1067,104,-512
1204,203,-558
1316,319,-579
1407,438,-569
1455,547,-546
1443,632,-518
1353,699,-487
1185,777,-448
914,871,-391
561,961,-325
197,1008,-241
-122,1018,-134
-405,970,-32
-632,872,89
-751,780,224
-648,746,336
-305,755,412
167,761,457
635,735,468
984,689,429
1108,662,382
1019,665,346
782,687,320
477,706,297
191,692,275
7,643,243
-54,574,196
-37,503,145
17,452,109
70,434,88
97,461,86
74,531,101
3,635,128
-84,743,160
-161,847,193
-196,913,223
-192,938,259
-151,925,300
-88,878,343
-11,815,382
74,745,417
149,694,452
219,662,480
294,659,497
378,673,515
461,694,534
537,721,543
622,762,529
711,806,502
808,860,465
916,910,424
1029,946,384
1139,963,346
1229,965,308
1301,945,271
1359,919,233
1410,886,200
1446,848,176
1459,798,165
1453,750,152
1439,716,142
1426,687,136
1415,667,132
1406,661,128
1383,674,125
1360,693,119
1335,715,123
1304,739,126
1269,764,137
1215,782,150
1135,797,161
1038,805,170
946,805,201
854,806,247
765,803,292
667,809,330
573,813,362
491,810,383
416,795,393
354,767,403
312,734,424
275,687,445
237,631,453
196,569,451
143,503,442
83,447,437
18,402,443
-43,371,453
-92,360,466
-114,360,479
-112,366,486
-101,379,488
-81,389,484
-55,393,470
-28,401,456
-3,406,447
38,404,426
72,389,397
94,371,361
108,349,323
114,329,281
109,313,231
98,293,183
68,263,131
16,213,91
-69,175,63
-186,154,42
-311,129,20
-419,111,-5
-502,103,-27
-580,89,-45
-649,69,-56
-712,26,-67
-762,-30,-79
-784,-86,-91
-776,-135,-99
-752,-178,-104
-727,-214,-110
-714,-241,-103
-727,-265,-91
-764,-288,-79
-824,-302,-60
-914,-310,-40
-1019,-315,-11
-1124,-335,16
-1202,-375,28
-1250,-413,26
-1272,-441,16
-1271,-453,2
-1259,-440,-13
-1212,-421,-35
-1138,-400,-61
-1045,-396,-95
-933,-409,-141
-799,-427,-194
-664,-442,-254
-533,-459,-315
-405,-472,-374
-278,-490,-439
-193,-520,-493
-156,-543,-532
-154,-561,-561
-137,-559,-588
-70,-547,-621
39,-552,-658
140,-581,-681
186,-624,-691
174,-648,-681
141,-646,-666
120,-628,-649
131,-606,-638
161,-594,-633
199,-603,-635
217,-626,-628
216,-642,-608
208,-651,-568
202,-655,-524
183,-662,-478
148,-671,-437
90,-683,-398
5,-697,-354
-105,-724,-305
-245,-757,-264
-413,-803,-238
-598,-858,-206
-791,-919,-170
-985,-977,-137
-1172,-1023,-103
-1311,-1051,-83
-1409,-1062,-73
-1451,-1072,-76
-1450,-1073,-81
-1411,-1073,-76
-1354,-1077,-61
-1301,-1085,-42
-1256,-1080,-19
-1215,-1058,5
-1164,-1028,29
-1101,-988,58
-1031,-957,88
-948,-928,119
-856,-887,141
-757,-849,155
-669,-814,160
-595,-775,150
-533,-731,132
-473,-690,103
-423,-653,72
-374,-633,44
-330,-625,23
-294,-619,-1
-262,-618,-29
-232,-623,-49
-229,-618,-57
-237,-608,-56
-253,-601,-51
-285,-590,-38
-322,-573,-19
-367,-553,3
-427,-517,30
-487,-473,60
-548,-425,89
-598,-380,108
-637,-337,119
-653,-308,126
-652,-297,130
-633,-302,136
-595,-316,133
-547,-343,133
-496,-365,141
-442,-372,150
-396,-351,154
-337,-292,149
-256,-208,130
-157,-117,90
-46,-38,36
83,28,-28
238,82,-90
394,130,-160
552,164,-231
715,188,-296
882,216,-358
1036,264,-409
1137,343,-438
1148,454,-439
1044,574,-415
834,681,-367
578,747,-301
362,772,-228
225,756,-147
149,676,-75
97,555,-22
5,457,38
-169,435,110
-373,488,198
-454,596,290
-287,726,380
101,863,451
543,991,498
841,1097,509
965,1156,479
1024,1154,418
1085,1081,368
1144,949,365
1194,791,393
1226,640,402
1223,519,373
1191,432,326
1136,389,268
1057,378,215
938,393,172
774,426,145
574,481,129
382,546,120
232,616,115
147,674,109
111,725,107
103,762,122
96,791,146
88,811,173
82,816,208
65,809,247
47,797,283
44,795,317
62,804,342
106,828,361
163,859,382
249,900,402
357,939,415
491,980,424
644,1008,428
802,1028,419
962,1031,399
1110,1013,368
1235,979,333
1353,927,296
1461,865,256
1559,802,216
1621,741,178
1651,698,158
1659,661,151
1634,624,155
1576,588,166
1501,562,191
1405,542,210
1272,550,221
1121,578,234
973,623,240
846,680,249
741,733,270
639,769,299
525,785,329
405,792,357
286,790,375
191,782,382
118,753,386
59,710,391
12,661,398
-40,610,400
-89,562,409
-131,511,418
-167,463,426
-198,421,430
-231,390,433
-247,362,438
-239,338,441
-214,310,448
-178,282,456
-136,264,459
-104,260,454
-78,269,449
-37,287,453
16,298,449
67,306,427
131,315,393
199,342,369
255,371,342
297,406,308
323,435,271
319,454,231
283,448,194
219,431,164
135,415,144
60,386,126
-8,345,109
-58,286,84
-87,211,58
-101,130,38
-117,60,18
-140,-12,-4
-176,-82,-25
-225,-144,-34
-284,-195,-34
-350,-237,-25
-420,-269,-11
-496,-302,11
-585,-326,35
-694,-335,69
-832,-334,111
-984,-328,148
-1137,-329,169
-1266,-334,169
-1366,-327,152
-1431,-320,121
-1457,-312,82
-1466,-308,32
-1477,-316,-13
-1518,-333,-57
-1560,-351,-112
-1554,-371,-181
-1497,-402,-245
-1400,-435,-311
-1262,-478,-375
-1105,-526,-440
-944,-557,-503
-788,-579,-568
-625,-598,-634
-454,-622,-688
-294,-661,-717
-166,-705,-731
-58,-733,-725
54,-749,-717
194,-751,-709
361,-752,-700
534,-763,-690
668,-797,-681
746,-861,-666
766,-944,-636
739,-1026,-598
683,-1079,-560
621,-1097,-528
558,-1070,-507
492,-999,-499
414,-896,-498
338,-779,-501
273,-671,-512
225,-604,-524
189,-575,-534
156,-579,-533
104,-597,-515
26,-617,-470
-76,-643,-420
-203,-680,-384
-360,-734,-368
-521,-810,-355
-671,-901,-336
-810,-1004,-314
-943,-1101,-289
-1066,-1190,-270
-1175,-1268,-258
-1268,-1329,-254
-1335,-1371,-252
-1381,-1394,-248
-1401,-1401,-242
-1375,-1395,-228
-1314,-1380,-207
-1228,-1346,-176
-1119,-1308,-148
-1006,-1253,-126
-906,-1175,-114
-814,-1081,-103
-736,-984,-105
-667,-893,-108
-609,-817,-117
-563,-737,-140
-534,-657,-172
-512,-571,-188
-499,-483,-194
-505,-395,-198
-512,-317,-202
-511,-254,-208
-499,-211,-210
-489,-195,-209
-486,-201,-198
-490,-217,-180
-504,-234,-163
-519,-254,-156
-528,-281,-150
-551,-309,-136
-584,-323,-101
-628,-316,-65
-665,-298,-43
-693,-275,-24
-709,-253,-9
-702,-234,-3
-673,-216,-6
-617,-194,-19
-545,-181,-33
-441,-171,-50
-313,-150,-60
-192,-139,-76
-100,-129,-95
-27,-117,-118
55,-110,-149
149,-99,-183
265,-76,-216
392,-43,-253
519,7,-297
641,81,-347
726,197,-390
735,364,-420
673,574,-434
550,769,-426
397,920,-400
257,1024,-359
153,1084,-315
11,1108,-255
-188,1092,-179
-383,1052,-89
-507,969,-8
-540,846,66
-532,722,140
-550,670,228
-575,726,337
-500,853,434
-291,962,493
-22,995,511
221,947,506
382,864,490
493,791,453
600,755,380
742,757,298
910,782,232
1063,823,211
1168,863,214
1215,889,223
1212,902,222
1162,891,201
1068,858,172
942,811,141
796,757,120
655,712,110
528,676,110
426,655,116
354,653,116
310,663,115
286,689,107
272,723,112
264,752,129
252,776,163
223,789,207
193,794,259
175,789,309
174,779,361
185,775,411
213,778,447
272,790,472
354,811,488
458,833,500
577,858,508
712,871,510
849,873,502
992,872,479
1142,865,437
1272,861,386
1382,850,339
1472,835,302
1532,807,272
1568,777,252
1584,743,235
1577,710,214
1543,676,195
1491,642,188
1432,614,202
1362,602,228
1273,605,250
1187,613,264
1104,629,281
1016,648,297
920,666,316
813,677,338
700,684,354
574,699,365
453,711,397
341,713,437
230,701,463
125,662,473
26,588,463
-45,500,443
-60,421,423
-47,375,393
-30,355,355
-11,338,318
-9,315,291
-15,283,284
-19,260,290
-18,251,306
-11,254,319
1,269,324
18,283,319
33,301,315
57,322,307
94,344,302
134,360,301
169,369,285
196,367,259
203,361,229
189,355,186
149,344,142
94,326,106
18,306,72
-66,279,45
-155,237,20
-259,188,-1
-361,146,-8
-448,111,-13
-513,68,-27
-563,21,-40
-594,-11,-48
-601,-33,-51
-591,-51,-51
-592,-69,-46
-593,-96,-42
-595,-126,-42
-607,-166,-42
-612,-207,-36
-628,-252,-30
-649,-294,-28
-684,-318,-24
-739,-332,-12
-808,-337,-1
-863,-353,3
-905,-374,5
-943,-401,3
-983,-419,-4
-1027,-424,-12
-1083,-414,-17
-1160,-393,-25
-1248,-359,-36
-1332,-329,-51
-1380,-301,-76
-1372,-287,-111
-1298,-278,-158
-1166,-276,-208
-991,-295,-262
-792,-335,-313
-593,-394,-362
-411,-453,-410
-246,-502,-453
-105,-535,-489
47,-559,-513
224,-571,-530
402,-575,-531
573,-580,-519
715,-588,-502
808,-595,-483
853,-600,-460
873,-614,-447
869,-637,-435
830,-664,-429
765,-689,-420
694,-701,-414
627,-711,-415
575,-723,-420
515,-740,-432
431,-758,-437
331,-774,-430
226,-797,-419
118,-818,-401
8,-844,-378
-104,-869,-369
-223,-900,-364
-342,-944,-358
-452,-1005,-338
-552,-1077,-299
-659,-1153,-248
-762,-1230,-198
-859,-1298,-154
-943,-1352,-125
-994,-1378,-100
-1007,-1384,-79
-988,-1374,-56
-945,-1345,-31
-889,-1301,-7
-825,-1248,16
-751,-1187,32
-666,-1136,47
-579,-1095,73
-490,-1077,100
-395,-1081,120
-315,-1097,132
-257,-1092,133
-210,-1076,130
-177,-1047,135
-179,-1003,146
-230,-920,150
-298,-792,134
-344,-650,100
-359,-522,56
-347,-421,9
-310,-364,-44
-271,-344,-89
-257,-332,-108
-261,-323,-112
-294,-313,-109
-333,-302,-103
-373,-288,-96
-413,-285,-89
-431,-291,-98
-413,-309,-116
-391,-321,-118
-386,-323,-105
-384,-321,-89
-379,-316,-79
-367,-313,-75
-340,-318,-77
-297,-321,-83
-233,-324,-88
-155,-327,-95
-71,-329,-102
15,-335,-106
103,-337,-105
171,-337,-93
240,-335,-93
307,-322,-106
356,-292,-123
387,-256,-148
400,-205,-177
398,-140,-210
398,-74,-245
407,-3,-276
432,64,-308
487,139,-341
561,214,-360
641,272,-364
727,302,-366
819,306,-370
905,293,-359
984,276,-327
1025,253,-262
1029,240,-178
998,265,-92
942,358,-13
863,531,72
776,751,169
684,951,262
607,1059,344
568,1059,405
553,991,462
536,930,515
501,924,549
438,963,553
385,1018,519
376,1055,461
387,1069,407
402,1050,385
424,1002,405
475,948,460
566,903,540
696,881,611
830,881,649
922,884,658
952,885,636
912,878,596
836,873,549
733,862,496
619,848,438
534,827,387
494,799,348
503,768,318
544,740,307
600,716,309
650,707,317
680,708,323
701,716,326
701,729,326
692,750,325
688,762,317
699,777,313
723,803,315
769,831,319
829,863,319
906,893,321
976,921,326
1039,948,329
1099,971,326
1147,978,320
1180,980,306
1208,971,295
1215,949,278
1207,917,255
1185,872,236
1160,823,220
1125,770,207
1092,715,199
1056,664,199
1014,618,197
952,581,198
881,550,200
804,530,207
724,525,215
655,534,216
592,543,225
546,554,247
512,562,282
479,571,313
428,579,342
374,583,364
310,586,377
247,580,389
185,574,398
130,560,403
92,549,410
70,544,418
65,529,431
77,511,451
88,492,473
84,468,487
64,447,498
35,425,501
19,404,502
26,388,491
46,383,475
78,377,464
117,368,456
150,364,448
182,366,444
206,374,441
219,388,434
224,403,427
230,419,409
228,420,392
223,412,372
214,406,359
199,403,351
188,386,347
172,365,335
138,345,310
77,336,278
14,334,241
-31,331,200
-60,326,167
-77,314,137
-88,281,103
-112,223,73
-151,175,56
-195,156,49
-216,159,39
-201,168,23
-144,170,0
-87,168,-21
-44,162,-32
-14,147,-33
6,111,-42
5,59,-54
-15,4,-69
-43,-58,-86
-74,-118,-100
-108,-182,-103
-155,-237,-88
-219,-286,-69
-313,-320,-50
-442,-342,-35
-590,-370,-21
-735,-402,-12
-871,-434,-7
-976,-450,-9
-1050,-448,-19
-1075,-433,-35
-1057,-407,-63
-1018,-388,-107
-974,-386,-162
-949,-397,-210
-933,-413,-250
-926,-431,-289
-898,-452,-330
-837,-474,-373
-740,-506,-415
-631,-546,-455
-516,-576,-492
-399,-589,-523
-284,-585,-550
-161,-566,-574
-29,-540,-591
136,-521,-606
318,-521,-612
494,-539,-612
637,-578,-614
725,-643,-626
744,-723,-637
716,-803,-651
661,-873,-662
605,-938,-673
546,-982,-690
480,-1013,-701
420,-1025,-702
363,-1013,-705
300,-987,-718
228,-950,-732
148,-898,-734
46,-831,-720
-82,-761,-695
-235,-700,-657
-401,-652,-605
-566,-614,-548
-734,-591,-501
-898,-584,-468
-1041,-604,-442
-1161,-646,-424
-1265,-711,-411
-1348,-789,-400
-1428,-875,-392
-1491,-978,-386
-1541,-1077,-385
-1570,-1162,-384
-1579,-1232,-385
-1586,-1286,-385
-1595,-1322,-376
-1604,-1338,-362
-1592,-1340,-336
-1575,-1325,-302
-1548,-1301,-269
-1510,-1278,-232
-1453,-1255,-196
-1369,-1218,-167
-1274,-1171,-147
-1181,-1110,-129
-1084,-1051,-117
-995,-994,-108
-916,-933,-99
-859,-877,-97
-823,-825,-93
-807,-769,-81
-824,-680,-61
-867,-556,-59
-924,-415,-69
-960,-282,-83
-976,-186,-89
-965,-139,-104
-941,-134,-113
-921,-148,-108
-918,-171,-94
-925,-192,-76
-945,-207,-58
-962,-220,-45
-968,-238,-38
-947,-253,-35
-919,-263,-33
-889,-278,-29
-855,-297,-16
-824,-319,-7
-788,-348,4
-744,-371,19
-700,-391,37
-655,-405,52
-606,-407,62
-551,-397,71
-486,-387,73
-414,-373,68
-338,-360,52
-274,-348,24
-224,-339,-15
-178,-329,-56
-129,-311,-107
-91,-284,-169
-74,-250,-239
-61,-206,-313
-53,-163,-376
-46,-111,-438
-32,-53,-491
-6,14,-528
11,90,-552
10,162,-567
-18,211,-583
-66,234,-602
-118,224,-623
-160,203,-638
-163,186,-644
-148,178,-650
-143,207,-642
-164,267,-612
-227,360,-550
-321,484,-442
-376,632,-297
-324,788,-136
-140,917,15
158,992,146
522,974,243
813,837,301
913,631,330
802,429,327
565,289,295
318,229,239
118,254,171
-40,335,118
-156,446,81
-245,576,65
-321,702,54
-402,809,60
-496,877,85
-585,904,134
-657,902,211
-687,879,299
-656,841,375
-592,793,420
-498,742,435
-389,690,425
-282,626,386
-183,561,335
-85,500,287
8,448,242
84,403,200
140,369,168
188,359,140
229,367,118
265,389,91
308,419,61
358,458,33
416,501,9
478,542,-13
535,585,-33
580,635,-42
616,673,-45
639,704,-44
638,738,-39
614,770,-34
586,806,-32
557,840,-31
528,871,-23
490,895,-11
449,899,1
410,892,12
380,870,16
360,836,14
336,794,15
309,749,19
280,705,28
254,657,41
216,615,49
160,571,57
101,526,72
37,484,85
-20,443,90
-55,406,95
-72,382,97
-88,363,100
-113,349,99
-135,350,101
-156,356,99
-178,359,101
-212,353,106
-258,343,116
-306,322,118
-349,297,110
-387,269,98
-431,231,88
-488,183,81
-542,150,86
-587,130,109
-647,111,133
-710,97,153
-770,83,165
-827,69,172
-868,45,172
-904,22,174
-942,-2,169
-994,-25,167
-1046,-41,172
-1101,-53,175
-1154,-64,178
-1191,-68,180
-1216,-75,184
-1236,-82,185
-1252,-80,183
-1261,-70,185
-1261,-64,190
-1253,-52,199
-1242,-43,212
-1233,-39,219
-1227,-44,228
-1235,-61,233
-1254,-78,235
-1280,-100,235
-1321,-126,243
-1365,-141,249
-1410,-155,260
-1462,-166,274
-1506,-172,289
-1550,-173,306
-1591,-168,321
-1626,-156,334
-1638,-141,342
-1635,-128,332
-1611,-119,311
-1567,-104,293
-1511,-92,278
-1452,-88,263
-1388,-83,254
-1306,-82,254
-1218,-79,251
-1112,-74,242
-990,-67,231
-855,-66,207
-715,-67,176
-583,-79,136
-452,-110,92
-316,-156,48
-175,-209,5
-58,-260,-33
40,-299,-67
117,-316,-100
170,-318,-132
184,-305,-162
173,-277,-194
136,-248,-229
80,-220,-267
29,-199,-316
-23,-183,-360
-79,-178,-395
-138,-176,-425
-214,-178,-452
-299,-187,-477
-379,-194,-496
-448,-197,-514
-512,-203,-528
-569,-211,-539
-634,-223,-552
-714,-242,-570
-808,-259,-587
-909,-271,-611
-995,-284,-636
-1047,-313,-654
-1037,-358,-664
-1004,-413,-671
-986,-462,-660
-976,-506,-653
-988,-539,-653
-1007,-560,-664
-1016,-577,-683
-992,-596,-700
-920,-622,-721
-806,-647,-741
-659,-674,-765
-495,-696,-790
-332,-701,-811
-199,-687,-832
-101,-652,-855
-34,-587,-888
21,-503,-936
62,-410,-998
103,-304,-1062
130,-207,-1124
147,-131,-1174
149,-77,-1216
144,-58,-1247
113,-64,-1257
43,-90,-1264
-71,-128,-1254
-223,-163,-1229
-409,-183,-1196
-593,-191,-1153
-765,-185,-1110
-898,-166,-1063
-987,-142,-1007
-1047,-118,-944
-1094,-96,-875
-1136,-88,-794
-1185,-90,-707
-1260,-104,-621
-1352,-130,-562
-1463,-172,-525
-1577,-231,-511
-1667,-302,-515
-1727,-395,-525
-1764,-497,-535
-1789,-592,-544
-1816,-676,-551
-1848,-739,-544
-1891,-785,-543
-1940,-812,-541
-1987,-815,-533
-2035,-808,-523
-2088,-773,-508
-2124,-731,-498
-2139,-676,-484
-2141,-610,-477
-2125,-548,-472
-2097,-487,-469
-2051,-429,-476
-1991,-379,-486
-1921,-337,-492
-1848,-296,-493
-1773,-264,-496
-1706,-235,-500
-1650,-206,-508
-1602,-181,-521
-1559,-162,-531
-1514,-142,-539
-1473,-124,-541
-1450,-106,-541
-1437,-98,-543
-1434,-92,-537
-1425,-81,-519
-1416,-63,-499
-1407,-47,-471
-1405,-29,-441
-1411,-11,-408
-1421,3,-372
-1436,27,-335
-1444,56,-295
-1437,96,-250
-1426,134,-202
-1417,161,-147
-1422,170,-81
-1470,149,-20
-1591,96,55
-1761,9,138
-1923,-131,226
-1978,-296,279
-1814,-387,255
-1456,-377,176
-1047,-293,89
-714,-163,28
-507,-28,-14
-379,88,-43
-299,160,-68
-229,179,-88
-162,169,-101
-150,139,-99
-223,121,-97
-288,130,-121
-329,160,-173
-328,193,-233
-297,234,-298
-248,270,-361
-219,294,-408
-218,296,-442
-243,274,-466
-281,240,-484
-317,205,-500
-337,168,-528
-322,146,-570
-295,136,-624
-294,141,-668
-311,151,-687
-317,149,-684
-287,137,-686
-243,118,-692
-200,102,-702
-173,109,-710
-148,133,-718
-133,158,-728
-125,180,-751
-140,193,-777
-184,182,-803
-259,149,-833
-355,108,-859
-458,72,-869
-572,41,-864
-714,14,-836
-846,-5,-800
-951,-18,-763
-1060,-27,-716
-1227,-45,-651
-1442,-56,-558
-1647,-47,-437
-1707,9,-309
-1512,102,-203
-1076,170,-124
-527,155,-82
-51,84,-75
257,27,-86
403,28,-104
410,93,-134
323,187,-173
174,289,-220
-2,379,-252
-188,451,-261
-410,517,-240
-640,583,-188
-871,653,-117
-1102,721,-47
-1341,778,22
-1563,823,91
-1787,840,141
-2003,825,175
-2188,797,209
-2329,761,252
-2399,700,285
-2404,623,309
-2341,546,315
-2239,470,304
-2129,389,294
-2041,290,275
-1964,169,248
-1880,41,212
-1774,-63,171
-1644,-133,127
-1486,-142,93
-1314,-89,63
-1140,13,23
-978,151,-22
-838,306,-58
-722,451,-80
-638,576,-87
-570,677,-81
-512,759,-67
-474,826,-52
-444,872,-39
-414,899,-30
-379,913,-22
-340,917,0
-315,918,30
-304,912,60
-316,895,86
-352,860,112
-417,802,142
-502,730,171
-590,651,199
-668,580,226
-721,518,253
-746,456,278
-757,405,299
-769,370,320
-784,340,342
-815,316,365
-856,287,394
-917,253,427
-987,224,459
-1055,201,481
-1123,188,493
-1184,176,491
-1240,159,478
-1292,139,470
-1335,127,481
-1368,114,495
-1386,100,499
-1389,86,494
-1379,63,483
-1366,41,467
-1354,15,452
-1350,-19,440
-1356,-52,433
-1371,-74,432
-1394,-98,425
-1427,-122,417
-1467,-143,404
-1512,-161,392
-1547,-172,387
-1580,-176,380
-1605,-176,377
-1618,-172,371
-1621,-165,369
-1620,-159,362
-1613,-157,349
-1592,-162,328
-1555,-166,303
-1526,-171,283
-1508,-188,263
-1490,-209,250
-1471,-225,231
-1442,-235,210
-1404,-241,183
-1365,-241,149
-1319,-233,115
-1262,-218,77
-1194,-201,47
-1104,-186,21
-988,-179,-6
-853,-183,-32
-714,-188,-52
-578,-201,-81
-461,-221,-114
-364,-253,-159
-298,-290,-199
-275,-313,-228
-297,-329,-249
-366,-330,-268
-458,-324,-293
-544,-313,-324
-613,-294,-361
-659,-272,-405
-696,-248,-450
-740,-222,-491
-787,-203,-535
-845,-190,-579
-906,-180,-619
-957,-175,-669
-1008,-177,-720
-1051,-183,-773
-1088,-191,-815
-1127,-204,-844
-1143,-220,-862
-1129,-235,-866
-1104,-262,-862
-1097,-292,-855
-1125,-324,-844
-1184,-354,-842
-1253,-388,-843
-1302,-425,-841
-1313,-470,-836
-1278,-541,-839
-1199,-624,-844
-1090,-718,-850
-969,-811,-870
-851,-882,-900
-750,-924,-941
-686,-932,-989
-658,-901,-1035
-648,-834,-1078
-649,-744,-1113
-637,-630,-1138
-611,-522,-1154
-583,-425,-1165
-548,-338,-1184
-522,-269,-1199
-509,-232,-1204
-516,-217,-1196
-562,-215,-1181
-654,-213,-1147
-783,-212,-1098
-943,-203,-1032
-1140,-184,-967
-1350,-171,-900
-1549,-175,-837
-1710,-211,-779
-1824,-284,-741
-1891,-386,-729
-1914,-506,-741
-1905,-637,-770
-1887,-763,-804
-1882,-879,-833
-1900,-978,-854
-1950,-1058,-856
-2025,-1113,-854
-2125,-1146,-844
-2236,-1163,-828
-2352,-1160,-812
-2473,-1137,-782
-2589,-1106,-755
-2680,-1070,-738
-2738,-1041,-724
-2766,-1015,-719
-2768,-997,-713
-2761,-979,-705
-2758,-963,-694
-2742,-952,-683
-2733,-943,-671
-2724,-933,-660
-2706,-923,-649
-2679,-908,-629
-2642,-877,-610
-2587,-833,-595
-2511,-770,-578
-2417,-702,-566
-2306,-627,-550
-2191,-545,-531
-2074,-474,-504
-1951,-408,-476
-1829,-334,-455
-1715,-264,-430
-1610,-214,-407
-1522,-179,-383
-1455,-143,-360
-1405,-94,-340
-1379,-32,-326
-1360,20,-320
-1324,35,-334
-1257,16,-357
-1191,-18,-359
-1145,-46,-347
-1106,-68,-331
-1069,-87,-312
-1043,-99,-297
-1012,-112,-283
-981,-127,-278
-948,-144,-273
-911,-150,-265
-871,-153,-259
-843,-156,-252
-830,-151,-242
-823,-141,-240
-810,-130,-245
-785,-119,-258
-753,-109,-274
-726,-104,-291
-710,-97,-310
-701,-92,-323
-694,-95,-342
-699,-106,-358
-706,-110,-372
-717,-112,-388
-719,-117,-398
-726,-111,-406
-732,-98,-420
-747,-74,-434
-755,-44,-439
-761,-2,-442
-773,45,-440
-792,105,-436
-807,158,-438
-803,196,-445
-786,231,-450
-762,264,-450
-751,299,-446
-750,320,-451
-743,332,-458
-726,345,-465
-706,358,-465
-685,366,-463
-667,365,-477
-633,367,-491
-573,373,-504
-485,382,-510
-382,389,-517
-294,396,-522
-236,389,-512
-180,363,-490
-117,304,-458
-45,226,-404
10,147,-325
18,97,-238
-4,115,-168
-45,222,-104
-129,400,-47
-229,602,16
-257,758,90
-156,830,169
41,835,233
286,815,275
476,824,282
533,877,262
465,946,214
277,984,162
-1,965,133
-273,890,161
-446,777,215
-500,645,257
-487,509,277
-444,397,291
-398,335,304
-390,329,319
-437,381,338
-523,469,356
-629,579,368
-737,698,385
-818,806,402
-851,885,423
-843,931,450
-792,943,481
-699,929,512
-577,901,540
-435,861,564
-298,823,573
-177,799,572
-77,795,578
15,793,572
107,798,540
186,806,499
270,824,451
356,839,402
449,853,356
534,864,316
606,878,284
654,894,260
678,911,235
678,935,211
670,970,182
680,1002,158
697,1027,139
720,1045,128
722,1053,128
713,1044,125
703,1025,120
681,1004,111
651,976,104
621,944,95
589,905,93
543,863,98
478,820,101
400,769,108
333,726,110
276,686,107
232,650,110
177,621,114
108,597,124
44,593,134
-25,590,141
-95,590,146
-176,593,147
-262,596,143
-341,596,138
-401,598,144
-436,606,157
-463,608,183
-489,599,214
-520,576,243
-542,550,267
-553,514,282
-550,490,281
-529,471,281
-507,453,291
-490,431,299
-476,411,306
-456,397,312
-420,390,312
-380,385,311
-359,382,304
-347,374,290
-322,369,282
-300,366,278
-281,361,278
-277,356,268
-289,353,251
-310,346,226
-341,332,205
-376,316,184
-403,291,162
-414,262,153
-423,245,148
-440,234,143
-468,227,130
-497,208,111
-534,187,96
-568,177,89
-584,167,83
-617,148,80
-654,130,76
-684,123,73
-702,99,70
-707,59,65
-713,8,63
-738,-44,58
-777,-84,53
-817,-112,54
-856,-133,56
