1022.297653370473,28.60271862506867
1022.291805431992,28.60191773891449
1022.320295557361,28.60258514404297
1022.342442346209,28.60185099840164
1022.313247561859,28.60198447942734
1022.328772428648,28.60458735942841
1022.357827243631,28.60251840353012
1022.371739871287,28.60625587224961
1022.344335042402,28.60458735942841
1022.315908055602,28.60245166301727
1022.314435379644,28.60552172660828
1022.259416880431,28.60358625173569
1022.321965346835,28.60185099840164
1022.321051366312,28.60405343532562
1022.316657739492,28.60578868865967
1022.359573964906,28.60518802404404
1022.347204826117,28.60365299224853
1022.349510053036,28.60545498609543
1022.297494954314,28.6063893532753
1022.343237362858,28.60932593584061
1022.311311210043,28.60371973276138
1022.310187733668,28.60732372045517
1022.343129006443,28.60665631532669
1022.355733053494,28.6079243850708
1022.276725668104,28.60625587224961
1022.310276596975,28.60699001789093
1022.28993912727,28.60892549276352
1022.295856777913,28.6063893532753
1022.304454104411,28.60732372045517
1022.295621862756,28.60665631532669
1022.319020005564,28.60799112558365
1022.37248985081,28.609592897892
1022.341948474827,28.60985985994339
1022.313546773186,28.60885875225067
1022.33525577893,28.6079243850708
1022.307140076007,28.60892549276352
1022.325515541253,28.60759068250656
1022.280522723699,28.60799112558365
1022.310860778245,28.60725697994232
1022.341504213935,28.61152837276459
1022.264604384672,28.60932593584061
1022.335796042087,28.612662961483
1022.358203831539,28.6127964425087
1022.33282404867,28.60905897378921
1022.367308793378,28.61059400558472
1022.316524852472,28.61059400558472
1022.304479582505,28.60845830917359
1022.344044228274,28.61306340456009
1022.290028011019,28.60859179019928
1022.319890103176,28.61026030302048
1022.312226157046,28.61012682199478
1022.349720734793,28.612662961483
1022.342824769231,28.61026030302048
1022.30539374665,28.60625587224961
1022.332087673072,28.61059400558472
1022.364109148838,28.61399777173996
1022.32905845059,28.60658957481384
1022.364610578556,28.61272970199585
1022.379157067525,28.61039378404617
1022.356254021922,28.60965963840485
1022.377728111179,28.60899223327637
1022.3048225882,28.61086096763611
1022.286834212842,28.61012682199478
1022.372020090172,28.61012682199478
1022.292656763589,28.60979311943054
1022.313807172242,28.6097263789177
1022.321090155842,28.61006008148193
1022.310524552249,28.61159511327744
1022.2708332927,28.60992660045624
1022.350577570563,28.61006008148193
1022.338989729583,28.6111279296875
1022.333338743374,28.612662961483
1022.250794033972,28.61012682199478
1022.332176531419,28.61026030302048
1022.322931572997,28.61052726507187
1022.338754825193,28.61139489173889
1022.295399821877,28.61179533481598
1022.297533295071,28.61239599943161
1022.328449625857,28.61379755020142
1022.294402939928,28.61246273994446
1022.225110026229,28.60999334096909
1022.29514576888,28.60905897378921
1022.328538497874,28.61346384763718
1022.33205599988,28.61132815122604
1022.343517224419,28.61319688558579
1022.33365010515,28.61579976558685
1022.34443130897,28.6109944486618
1022.280706784506,28.61406451225281
1022.179710708779,28.6094594168663
1022.296923709254,28.6109944486618
1022.329503644939,28.61353058815002
1022.299057185352,28.61159511327744
1022.32886847458,28.6109944486618
1022.272871413066,28.61272970199585
1022.293666377684,28.61399777173996
1022.290783646267,28.61006008148193
1022.193076371588,28.61032704353332
1022.310784924088,28.61246273994446
1022.241250423299,28.61212903738022
1022.263924899201,28.6112614107132
1022.268877652687,28.60865853071213
1022.30644155007,28.60785764455795
1022.299539565048,28.60732372045517
1022.30155246981,28.60899223327637
1022.21740216696,28.60572194814682
1022.295335990203,28.60465409994125
1022.296885295192,28.60498780250549
1022.2797479165,28.60351951122284
1022.346233707008,28.60545498609543
1022.282783084533,28.60565520763397
1022.292320040691,28.60552172660828
1022.336797611346,28.6015172958374
1022.229676018616,28.60084989070892
1022.310910803879,28.60091663122177
1022.303672885832,28.6047208404541
1022.332455285458,28.60552172660828
1022.299539565048,28.60732372045517
1022.317241926084,28.60605565071106
1022.351605976314,28.60865853071213
1022.261708991739,28.60912571430206
1022.286129413666,28.61092770814896
1022.367987822577,28.60865853071213
1022.364038413708,28.60872527122498
1022.397437715203,28.6112614107132
1022.321534466933,28.60839156866074
1022.302365299285,28.61086096763611
1022.342824769231,28.61026030302048
1022.276560567914,28.61179533481598
1022.231719885054,28.61039378404617
1022.312251624012,28.6112614107132
1022.408226166969,28.61319688558579
1022.401260851287,28.61413125276566
1022.327846147198,28.61052726507187
1022.320271060988,28.61006008148193
1022.350437569261,28.60812460660934
1022.347980295225,28.60812460660934
1022.287399258449,28.60739046096802
1022.276249483505,28.60865853071213
1022.337567002811,28.60785764455795
1022.371347048499,28.61019356250763
1022.292275794286,28.60999334096909
1022.377716173625,28.61272970199585
1022.34365710258,28.61513236045838
1022.306854568748,28.61553280353546
1022.310346793217,28.61226251840591
1022.3326911804,28.61386429071427
1022.36308679182,28.61353058815002
1022.365366404199,28.6141979932785
1022.302765391309,28.61366406917572
1022.341517369208,28.61640043020249
1022.278757545833,28.61092770814896
1022.373265323063,28.61406451225281
1022.313864346995,28.61012682199478
1022.347822093774,28.61179533481598
1022.350095557142,28.6143314743042
1022.346647577869,28.61313014507294
1022.301362122202,28.61339710712433
1022.348044719253,28.61526584148407
1022.354597553561,28.61526584148407
1022.354781382253,28.61272970199585
1022.291005891198,28.61353058815002
1022.336475248134,28.61072748661041
1022.312473994018,28.61473191738129
1022.33504642763,28.60932593584061
1022.316816942623,28.61072748661041
1022.318829871335,28.61239599943161
1022.393158654412,28.61379755020142
1022.334157842945,28.612662961483
1022.324442992761,28.61346384763718
1022.390973756178,28.61092770814896
1022.372985238689,28.61019356250763
1022.310714732928,28.60719023942948
1022.336366967563,28.6080578660965
1022.320492731843,28.60492106199265
1022.402484303073,28.60645609378815
1022.354621859297,28.6077909040451
1022.353561848455,28.60992660045624
1022.356768883192,28.61326362609863
1022.338906996539,28.609592897892
1022.272592139385,28.60885875225067
1022.307451366898,28.61206229686737
1022.294523572471,28.61139489173889
1022.345066566664,28.61353058815002
1022.341853503152,28.61206229686737
1022.330151212027,28.61232925891876
1022.315966146272,28.61146163225174
1022.356210228522,28.61413125276566
1022.351232275036,28.61559954404831
1022.310537370399,28.61646717071533
1022.292320254419,28.61413125276566
1022.348679898322,28.61780198097229
1022.343625415598,28.6158665060997
1022.302676499576,28.61399777173996
1022.315140793541,28.61333036661148
1022.351955290087,28.60919245481491
1022.423603042888,28.60712349891663
1022.311648185633,28.60799112558365
1022.319978969386,28.60992660045624
1022.375499751588,28.61059400558472
1022.364387741875,28.60925919532776
