5768,66,485
5741,-209,535
5724,-521,576
5660,-826,588
5511,-1086,550
5282,-1278,486
5008,-1395,401
4712,-1451,308
4430,-1458,233
4174,-1430,177
3931,-1375,164
3700,-1298,193
3490,-1212,272
3285,-1132,384
3083,-1054,501
2881,-974,592
2648,-893,632
2371,-816,607
2068,-759,526
1729,-728,400
1380,-718,257
1038,-725,122
716,-745,9
432,-769,-73
189,-789,-153
-9,-792,-228
-171,-788,-287
-294,-761,-340
-383,-725,-354
-423,-672,-319
-379,-594,-248
-221,-482,-145
36,-340,-37
382,-213,54
824,-129,92
1386,-112,53
2068,-161,-58
2791,-214,-166
3483,-228,-192
4113,-182,-119
4637,-66,49
5022,93,278
5220,245,489
5226,352,594
5078,420,559
4881,436,375
4784,386,89
4909,284,-243
5333,163,-509
6103,77,-617
7118,16,-572
8090,-82,-464
8702,-214,-291
8589,-331,29
7922,-476,430
7084,-665,689
6327,-831,763
5730,-923,699
5291,-976,579
4976,-1060,422
4735,-1171,242
4550,-1282,79
4371,-1368,-54
4195,-1440,-114
3970,-1440,-72
3739,-1403,70
3523,-1350,272
3333,-1283,494
3156,-1198,679
2959,-1082,794
2763,-944,837
2572,-784,810
2362,-603,729
2121,-385,621
1853,-159,486
1569,57,335
1296,254,178
1031,419,14
779,551,-137
557,653,-263
336,751,-347
133,840,-396
-67,929,-417
-260,1012,-426
-421,1107,-454
-496,1202,-509
-442,1261,-580
-219,1282,-646
232,1238,-697
924,1116,-707
1955,838,-682
3361,474,-624
4961,209,-442
6550,49,-92
7973,-38,440
9072,-241,1026
9675,-710,1348
9721,-1350,1114
9284,-1835,563
8642,-1968,113
8141,-1896,19
8128,-1863,265
8244,-1922,539
8210,-2059,611
7997,-2156,577
7750,-2121,553
7501,-1829,621
7187,-1337,713
6815,-799,720
6419,-349,620
6017,-12,448
5668,186,237
5354,313,8
5078,385,-218
4899,401,-408
4854,395,-554
4943,358,-652
5138,305,-663
5364,281,-553
5567,266,-272
5709,190,173
5791,52,685
5762,-166,1150
5601,-478,1467
5275,-836,1582
4806,-1099,1517
4289,-1228,1309
3769,-1253,1026
3291,-1213,747
2875,-1147,535
2514,-1069,421
2199,-983,376
1924,-895,352
1661,-800,320
1414,-696,263
1182,-597,171
960,-496,78
752,-396,-23
565,-315,-138
479,-270,-274
540,-262,-413
781,-298,-535
1177,-352,-602
1656,-389,-568
2202,-390,-396
2757,-364,-96
3296,-351,268
3802,-360,610
4262,-418,857
4639,-499,968
4900,-603,950
5097,-718,823
5299,-837,634
5586,-947,422
6007,-1055,210
6523,-1149,-24
6982,-1237,-281
7203,-1288,-427
7014,-1235,-256
6515,-1138,198
6049,-1089,711
5685,-1067,1044
5349,-1062,1127
5037,-1078,1031
4776,-1099,857
4590,-1134,696
4475,-1158,604
4441,-1170,608
4467,-1180,702
4531,-1178,842
4619,-1164,978
4698,-1141,1084
4745,-1086,1150
4748,-997,1186
4715,-891,1199
4652,-780,1200
4581,-676,1200
4517,-584,1188
4456,-504,1146
4389,-436,1079
4313,-368,1017
4239,-308,962
4156,-267,915
4056,-238,896
3953,-238,896
3834,-258,897
3711,-297,886
3595,-346,870
3497,-406,859
3413,-454,852
3344,-499,856
3278,-537,868
3206,-569,856
3137,-598,810
3058,-628,727
2978,-645,615
2892,-651,503
2827,-637,406
2789,-600,342
2774,-559,312
2773,-525,315
2776,-504,359
2756,-507,436
2716,-551,516
2637,-623,592
2524,-698,644
2381,-752,666
2216,-774,655
2044,-747,627
1872,-689,590
1720,-604,546
1593,-511,475
1521,-413,367
1529,-308,247
1682,-181,134
2062,-62,-14
2620,68,-242
3238,291,-477
3839,602,-591
4393,951,-532
4872,1298,-322
5300,1585,-49
5670,1761,231
5964,1792,474
6153,1666,664
6250,1428,796
6293,1112,876
6337,760,889
6431,390,768
6612,51,505
6897,-209,153
7277,-429,-217
7747,-677,-466
8241,-945,-486
8596,-1158,-244
8615,-1295,160
8323,-1374,558
7879,-1404,855
7396,-1353,999
6959,-1235,1001
6680,-1095,899
6529,-949,807
6539,-722,735
6553,-436,680
6547,-133,640
6505,156,589
6438,410,516
6356,608,429
6265,738,352
6172,796,305
6093,783,299
6050,694,343
6046,550,426
6060,359,524
6056,148,634
6016,-57,736
5912,-250,812
5744,-405,845
5526,-524,824
5262,-615,758
4973,-674,662
4662,-707,557
4366,-700,462
4092,-670,385
3865,-635,326
3688,-584,276
3531,-506,211
3372,-413,143
3227,-322,90
3107,-228,52
2997,-134,39
2896,-57,41
2811,0,56
2746,45,75
2673,87,98
2597,112,100
2516,123,87
2438,133,48
2357,142,-20
2279,155,-104
2196,170,-202
2124,191,-312
2076,225,-405
2053,253,-475
2044,269,-540
2065,274,-602
2121,276,-665
2206,291,-722
2310,315,-767
2435,347,-789
2565,369,-775
2695,385,-728
2811,388,-654
2901,369,-567
2974,330,-477
3023,285,-402
3058,243,-341
3085,195,-320
3105,140,-347
3121,78,-424
3128,14,-554
3133,-66,-701
3159,-153,-869
3215,-264,-1043
3331,-403,-1238
3507,-577,-1440
3740,-801,-1627
4033,-1062,-1732
4381,-1334,-1702
4760,-1617,-1514
5124,-1879,-1176
5413,-2126,-746
5550,-2317,-350
5516,-2434,-123
5369,-2470,-127
5229,-2412,-325
5217,-2251,-601
5320,-2004,-850
5453,-1736,-1007
5541,-1487,-1087
5598,-1298,-1093
5682,-1183,-1020
5811,-1121,-870
5965,-1085,-667
6097,-1071,-422
6191,-1077,-170
6232,-1086,95
6221,-1076,360
6154,-1021,588
6025,-912,707
5911,-814,709
5819,-753,665
5713,-709,581
5579,-657,519
5439,-579,514
5318,-497,560
5212,-414,642
5119,-340,703
5039,-250,725
4964,-151,702
4873,-47,614
4757,58,500
4643,143,378
4541,200,278
4454,217,205
4372,209,160
4291,167,133
4209,109,121
4145,52,118
4092,-2,122
4048,-50,117
4019,-86,117
4000,-117,113
3975,-141,99
3951,-152,77
3930,-172,48
3903,-211,4
3854,-246,-52
3787,-278,-115
3713,-301,-170
3627,-340,-217
3545,-377,-251
3498,-426,-264
3483,-489,-252
3466,-561,-224
3444,-637,-196
3401,-696,-163
3350,-755,-145
3292,-819,-127
3239,-878,-110
3181,-927,-92
3112,-962,-70
3034,-993,-52
2960,-1006,-30
2887,-1008,-15
2816,-985,-6
2754,-948,0
2685,-896,-1
2607,-835,-20
2528,-766,-54
2453,-695,-105
2377,-628,-139
2313,-566,-138
2257,-507,-113
2216,-457,-76
2191,-413,-38
2183,-382,-18
2197,-366,-23
2236,-365,-41
2296,-376,-66
2379,-400,-91
2474,-427,-117
2573,-462,-146
2684,-516,-171
2809,-589,-201
2944,-675,-236
3087,-772,-277
3240,-882,-320
3392,-995,-351
3542,-1116,-364
3689,-1235,-339
3834,-1362,-278
3957,-1489,-180
4055,-1608,-68
4145,-1717,58
4234,-1810,166
4324,-1881,236
4415,-1924,266
4499,-1931,267
4571,-1906,271
4639,-1851,285
4713,-1768,296
4813,-1668,298
4958,-1550,274
5150,-1433,229
5384,-1286,162
5626,-1075,85
5802,-778,44
5825,-429,50
5670,-93,114
5402,204,249
5107,463,437
4835,689,601
4609,886,654
4404,1075,548
4223,1252,305
4059,1404,16
3943,1538,-267
3908,1657,-502
3958,1769,-654
4092,1853,-746
4303,1905,-805
4531,1909,-832
4721,1867,-797
4863,1729,-690
4957,1497,-592
5022,1228,-547
5084,958,-518
5157,704,-470
5246,463,-389
5335,227,-278
5415,-25,-165
5490,-287,-90
5539,-553,-79
5557,-812,-121
5543,-1036,-194
5478,-1200,-266
5370,-1305,-316
5202,-1340,-339
4995,-1321,-348
4779,-1265,-360
4584,-1202,-385
4413,-1123,-414
4283,-1026,-436
4193,-917,-445
4135,-791,-427
4090,-663,-394
4053,-540,-347
4036,-424,-291
4021,-323,-235
3998,-241,-188
3972,-173,-147
3939,-122,-116
3898,-79,-97
3854,-48,-83
3795,-26,-75
3734,-11,-76
3662,-2,-73
3591,5,-68
3520,9,-54
3451,14,-35
3379,16,-15
3322,10,12
3261,3,38
3210,-7,60
3156,-18,73
3104,-27,80
3061,-35,86
3016,-45,83
2968,-53,72
2904,-60,47
2840,-71,21
2787,-73,-9
2749,-91,-26
2732,-135,-21
2732,-184,4
2743,-232,43
2760,-271,82
2781,-290,101
2813,-295,98
2849,-290,78
2891,-266,42
2948,-240,5
3027,-220,-42
3138,-204,-88
3276,-195,-141
3453,-192,-184
3665,-197,-215
3899,-211,-232
4164,-232,-231
4435,-262,-219
4679,-280,-180
4894,-288,-108
5083,-288,7
5242,-285,150
5368,-291,270
5450,-304,317
5483,-326,280
5500,-360,153
5516,-390,-32
5570,-428,-246
5654,-482,-469
5720,-564,-685
5726,-676,-852
5601,-772,-925
5312,-808,-898
4958,-800,-791
4640,-770,-654
4397,-740,-532
4224,-734,-454
4082,-749,-433
3944,-781,-455
3798,-833,-493
3658,-907,-537
3553,-1001,-573
3482,-1119,-615
3468,-1256,-674
3504,-1409,-747
3560,-1557,-822
3629,-1692,-876
3693,-1800,-881
3761,-1870,-848
3836,-1902,-801
3891,-1886,-787
3906,-1848,-817
3891,-1778,-868
3872,-1696,-888
3882,-1586,-868
3913,-1460,-828
3953,-1329,-778
4011,-1192,-714
4079,-1053,-634
4159,-919,-555
4243,-788,-481
4311,-657,-417
4356,-525,-360
4373,-400,-315
4345,-278,-275
4295,-176,-250
4218,-99,-230
4122,-56,-215
4011,-46,-209
3902,-51,-208
3808,-84,-202
3723,-123,-185
3651,-172,-164
3585,-236,-153
3524,-301,-129
3465,-371,-102
3403,-433,-76
3345,-488,-59
3285,-533,-49
3229,-575,-43
3176,-606,-50
3129,-636,-59
3090,-668,-55
3050,-695,-43
3019,-717,-21
2984,-725,8
2949,-731,59
2905,-734,120
2859,-738,173
2808,-735,212
2764,-723,225
2731,-712,220
2722,-687,190
2744,-663,156
2798,-619,122
2869,-563,92
2956,-501,69
3044,-432,45
3128,-366,25
3208,-311,-3
3283,-265,-44
3364,-241,-84
3468,-237,-87
3489,-207,-84
3478,-170,-65
3493,-151,-26
3527,-144,49
3535,-139,119
3508,-151,120
3461,-170,63
3394,-187,-22
3313,-191,-136
3242,-188,-249
3170,-174,-342
3091,-153,-434
3008,-131,-542
2883,-145,-638
2758,-174,-728
2625,-211,-768
2500,-245,-752
2385,-292,-693
2271,-341,-608
2133,-385,-505
1964,-419,-422
1776,-448,-359
1584,-476,-324
1367,-504,-312
1139,-525,-316
893,-530,-320
646,-533,-322
408,-533,-325
176,-540,-331
-65,-553,-338
-304,-553,-322
-527,-529,-273
-726,-493,-196
-879,-465,-124
-977,-443,-59
-1021,-428,-16
-977,-423,0
-782,-386,12
-422,-322,51
50,-224,142
619,-135,281
1270,-67,449
2034,-10,629
2849,7,762
3749,-35,826
4874,-132,780
6113,-214,648
7318,-223,396
8641,-287,-156
10084,-488,-1005
11451,-805,-1864
12631,-1128,-2306
13363,-1357,-1713
13160,-1646,83
12307,-2258,1896
11249,-2753,2685
10259,-2507,2403
9203,-1791,1502
8052,-999,474
6871,-347,-389
5838,86,-975
5095,299,-1246
4714,376,-1227
4652,406,-937
4829,462,-431
5115,528,193
5394,536,774
5608,438,1208
5753,232,1443
5832,-28,1500
5828,-293,1429
5735,-509,1279
5553,-663,1100
5313,-764,910
5050,-828,741
4786,-883,588
4516,-928,438
4246,-975,280
3961,-1028,133
3631,-1108,-33
3283,-1218,-189
2970,-1329,-316
2693,-1425,-407
2453,-1501,-468
2229,-1584,-485
1999,-1650,-455
1744,-1695,-387
1457,-1706,-288
1146,-1648,-190
834,-1520,-127
549,-1346,-91
325,-1156,-94
175,-957,-113
113,-769,-132
152,-581,-137
250,-391,-146
364,-204,-200
489,-25,-269
643,143,-348
857,295,-441
1108,422,-527
1400,511,-621
1731,570,-680
2078,601,-711
2455,598,-685
2870,590,-571
3327,594,-372
3837,621,-91
4375,639,239
4880,597,569
5312,464,857
5643,225,956
5730,-138,875
5515,-567,626
5193,-978,313
5138,-1222,171
5346,-1346,141
5611,-1411,102
5736,-1420,86
5704,-1380,90
5629,-1313,164
5586,-1223,343
5585,-1125,565
5628,-1040,755
5711,-992,882
5796,-983,936
5837,-982,930
5832,-986,882
5786,-989,823
5715,-1017,752
5664,-1067,686
5645,-1125,644
5624,-1186,622
5595,-1250,589
5553,-1308,578
5476,-1359,601
5362,-1402,625
5216,-1430,634
5033,-1445,633
4809,-1447,591
4563,-1441,527
4301,-1426,461
4024,-1414,398
3750,-1405,356
3470,-1378,355
3189,-1333,391
2915,-1277,430
2654,-1216,458
2394,-1149,406
2146,-1058,278
1906,-945,109
1666,-798,-79
1423,-610,-237
1206,-422,-348
1034,-256,-396
913,-117,-410
823,-4,-417
766,94,-419
773,179,-433
850,250,-449
1017,291,-478
1261,292,-518
1570,260,-574
1933,212,-637
2372,136,-702
2850,64,-727
3336,-6,-695
3771,-63,-578
4154,-94,-353
4508,-103,-47
4861,-115,345
5262,-169,713
5680,-278,992
6116,-461,1073
6535,-679,982
6920,-886,721
7271,-1008,463
7357,-961,280
7104,-816,258
6625,-699,264
6124,-614,288
5672,-542,267
5338,-434,252
5145,-298,235
5130,-180,236
5240,-91,262
5447,-48,292
5667,-35,356
5876,-95,390
6048,-163,441
6151,-222,473
6252,-280,507
6269,-320,566
6252,-367,600
6172,-408,653
6085,-453,669
5997,-493,669
5915,-549,627
5818,-590,526
5667,-614,373
5449,-621,207
5181,-625,62
4899,-622,-60
4618,-592,-143
4362,-540,-206
4135,-473,-237
3930,-389,-233
3744,-305,-200
3579,-237,-145
3427,-189,-77
3285,-148,-4
3156,-131,69
3030,-126,149
2870,-130,197
2699,-146,228
2513,-163,236
2307,-183,218
2083,-213,191
1856,-268,146
1622,-347,106
1394,-452,66
1183,-551,45
980,-662,23
787,-757,7
615,-838,-58
464,-910,-142
358,-965,-253
305,-1005,-350
319,-1031,-427
421,-1057,-455
621,-1068,-473
913,-1070,-490
1276,-1066,-536
1651,-1017,-581
2040,-932,-612
2419,-823,-580
2790,-704,-457
3157,-566,-262
3537,-388,30
3917,-201,366
4292,-63,676
4633,-45,876
4900,-184,834
5093,-434,587
5244,-705,211
5510,-908,-226
6013,-988,-514
6635,-1063,-621
7207,-1172,-528
7530,-1310,-250
7592,-1465,68
7374,-1644,375
7010,-1831,646
6598,-1992,866
6190,-2070,1011
5790,-2050,1047
5401,-1963,985
5057,-1845,873
4777,-1734,724
4572,-1637,576
4457,-1561,449
4421,-1504,342
4458,-1468,252
4546,-1431,184
4679,-1378,153
4822,-1298,154
4947,-1187,197
5039,-1051,255
5105,-906,317
5142,-775,360
5132,-674,375
5086,-600,361
4981,-522,334
4821,-414,301
4612,-289,276
4390,-164,267
4166,-69,267
3950,-14,256
3730,-3,228
3511,-10,180
3284,-28,123
3044,-53,58
2792,-83,-12
2549,-115,-82
2304,-154,-133
2058,-189,-160
1806,-225,-181
1560,-266,-199
1323,-302,-202
1101,-333,-202
911,-357,-216
751,-379,-238
630,-397,-243
553,-400,-248
534,-398,-254
615,-415,-277
824,-469,-319
1144,-554,-378
1545,-629,-427
1973,-679,-465
2429,-696,-447
2884,-673,-365
3327,-620,-201
3723,-555,64
4057,-492,433
4334,-416,865
4588,-366,1223
4822,-344,1445
5040,-368,1369
5249,-396,1089
5452,-405,616
5736,-363,146
6169,-295,-229
6955,-306,-418
7877,-346,-349
8490,-421,-151
8494,-517,187
8017,-654,458
7421,-744,618
6863,-716,676
6457,-602,605
6195,-420,529
6049,-287,394
5993,-225,340
5977,-242,312
6010,-298,385
6051,-384,490
6090,-472,618
6116,-569,719
6105,-646,759
6066,-718,709
6000,-751,639
5911,-759,559
5804,-763,495
5685,-773,423
5535,-793,362
5372,-822,319
5181,-849,290
4986,-887,262
4773,-923,262
4544,-953,268
4317,-977,279
4075,-986,301
3816,-984,315
3541,-983,320
3248,-991,288
2948,-997,246
2658,-1001,189
2386,-1017,133
2120,-1026,73
1858,-1030,35
1577,-1021,14
1308,-1012,-10
1066,-986,-47
859,-956,-95
668,-927,-136
491,-897,-172
320,-858,-204
153,-822,-214
-26,-787,-211
-203,-750,-206
-373,-710,-179
-522,-641,-139
-654,-560,-69
-764,-469,22
-832,-377,97
-829,-297,148
-695,-236,129
-406,-191,51
-6,-192,-81
560,-257,-268
1329,-361,-509
2261,-510,-776
3234,-657,-1045
4183,-741,-1283
5094,-736,-1463
5937,-637,-1519
6579,-452,-1371
6930,-224,-1023
6983,-15,-506
6761,154,146
6427,221,745
6145,101,977
6042,-142,818
6190,-374,477
6453,-473,198
6648,-499,62
6662,-473,7
6542,-421,-42
6337,-378,-143
6121,-370,-275
5910,-385,-365
5717,-407,-383
5549,-436,-302
5431,-512,-137
5328,-623,82
5246,-750,295
5184,-886,455
5151,-1024,509
5150,-1143,465
5166,-1245,334
5200,-1314,165
5247,-1349,-6
5289,-1354,-144
5320,-1333,-240
5351,-1292,-282
5330,-1225,-267
5282,-1143,-211
5195,-1050,-100
5051,-953,33
4869,-870,156
4669,-806,260
4442,-757,315
4210,-731,329
3945,-711,335
3658,-683,332
3355,-652,329
3057,-616,353
2768,-575,390
2467,-521,446
2189,-471,509
1931,-427,559
1692,-388,569
1468,-356,516
1255,-313,402
1060,-254,243
888,-180,80
759,-85,-73
678,38,-217
666,158,-347
742,249,-473
925,300,-598
1222,307,-725
1634,271,-866
2108,203,-979
2607,137,-1060
3100,69,-1050
3586,40,-924
4081,61,-672
4551,139,-299
5015,208,152
5469,219,550
5904,131,758
6352,-40,717
6842,-210,483
7342,-314,119
7767,-321,-275
7974,-209,-576
7815,24,-638
7334,311,-383
6838,508,8
6449,504,386
6136,301,645
5872,42,768
5659,-166,774
5507,-301,700
5442,-384,599
5495,-430,515
5660,-454,431
5861,-471,330
6020,-486,242
6109,-506,175
6114,-517,132
6041,-496,117
5924,-450,122
5792,-387,130
5644,-326,127
5494,-284,92
5348,-261,39
5206,-245,-24
5058,-242,-96
4917,-248,-147
4762,-263,-172
4601,-296,-167
4435,-336,-120
4267,-387,-51
4074,-446,35
3862,-510,114
3641,-571,185
3416,-636,241
3194,-692,272
2986,-752,285
2783,-795,275
2557,-822,242
2325,-818,193
2102,-804,127
1882,-776,56
1656,-752,-6
1441,-741,-57
1222,-732,-113
1016,-734,-163
821,-744,-205
638,-767,-237
480,-797,-262
346,-833,-294
225,-855,-320
124,-861,-337
52,-850,-339
27,-810,-327
108,-756,-332
316,-725,-368
609,-723,-423
984,-749,-458
1470,-792,-463
2135,-821,-453
2879,-825,-365
3604,-782,-173
4296,-690,79
4882,-591,330
5331,-536,509
5658,-567,563
5951,-678,471
6348,-840,239
6945,-1003,-120
7716,-1137,-587
8421,-1230,-946
8739,-1264,-894
8355,-1286,-281
7698,-1489,504
7120,-1827,1118
6538,-2069,1373
5952,-2100,1220
5414,-1939,778
4969,-1675,259
4616,-1386,-166
4374,-1131,-409
4242,-939,-465
4244,-834,-357
4367,-840,-154
4608,-922,123
4922,-1027,398
5250,-1109,613
5526,-1135,726
5739,-1127,731
5873,-1085,643
5930,-1014,504
5921,-941,368
5850,-874,285
5740,-823,251
5613,-785,247
5474,-765,232
5336,-753,191
5208,-764,110
5091,-800,24
4961,-834,-42
4815,-855,-70
4647,-868,-61
4474,-867,-25
4301,-856,14
4134,-845,50
3961,-826,79
3788,-806,116
3618,-792,155
3434,-783,197
3244,-778,235
3058,-776,271
2885,-784,306
2726,-796,333
2578,-804,362
2439,-796,404
2303,-763,480
2161,-722,552
2010,-682,542
1832,-639,384
1627,-588,152
1424,-497,-43
1227,-344,-113
1042,-153,-72
876,52,5
728,240,88
607,411,151
500,566,180
431,704,147
418,827,45
486,933,-104
651,1011,-278
893,1040,-422
1192,1009,-497
1539,925,-499
1886,823,-464
2227,700,-417
2553,544,-376
2860,365,-334
3144,171,-280
3402,-36,-201
3631,-249,-101
3867,-437,-1
4139,-628,65
4485,-848,82
4908,-1086,21
5404,-1315,-134
5957,-1513,-337
6529,-1654,-523
7032,-1754,-586
7506,-1772,-474
7932,-1712,-225
8147,-1657,67
8123,-1614,307
7858,-1527,426
7440,-1298,418
6969,-914,327
6524,-544,208
6105,-231,103
5715,10,40
5375,192,1
5083,317,-22
4867,386,-41
4706,421,-61
4588,397,-87
4489,330,-115
4381,218,-136
4251,95,-153
4093,-52,-145
3885,-186,-98
3668,-316,-27
3455,-431,43
3251,-514,104
3052,-565,141
2869,-595,141
2695,-603,115
2519,-608,74
2339,-607,27
2159,-602,-21
1990,-598,-66
1832,-607,-108
1662,-618,-140
1494,-630,-164
1321,-648,-191
1142,-675,-214
965,-703,-226
784,-712,-229
604,-715,-215
418,-697,-194
247,-668,-184
111,-625,-181
35,-571,-196
44,-513,-215
170,-459,-215
411,-411,-177
779,-363,-112
1295,-322,-73
1930,-315,-95
2673,-352,-192
3528,-408,-349
4471,-459,-469
5372,-447,-469
6081,-356,-298
6519,-228,-33
6667,-144,221
6615,-167,339
6380,-276,242
6114,-428,-33
5977,-496,-310
6090,-515,-485
6431,-632,-530
6816,-844,-533
7052,-1102,-553
7048,-1288,-568
6827,-1333,-564
6528,-1277,-569
6167,-1151,-602
5837,-1004,-650
5593,-872,-683
5446,-771,-674
5400,-721,-598
5500,-755,-482
5712,-885,-390
5949,-1098,-347
6160,-1357,-310
6322,-1624,-231
6448,-1851,-121
6554,-2021,-38
6630,-2118,-6
6656,-2122,-16
6616,-2063,-38
6501,-1969,-69
6326,-1858,-101
6076,-1734,-129
5784,-1601,-159
5469,-1459,-182
5135,-1317,-204
4799,-1181,-231
4465,-1051,-266
4144,-928,-319
3823,-818,-376
3514,-712,-429
3218,-614,-460
2953,-521,-471
2703,-453,-461
2473,-407,-423
2262,-386,-349
2070,-386,-275
1861,-411,-208
1637,-461,-144
1409,-529,-94
1185,-609,-65
988,-684,-48
828,-752,-62
695,-811,-116
608,-853,-184
591,-872,-268
654,-877,-354
825,-862,-447
1094,-838,-558
1437,-806,-663
1856,-786,-712
2343,-748,-687
2845,-653,-572
3318,-509,-373
3748,-336,-127
4153,-164,137
4513,-2,368
4818,151,515
5073,286,532
5258,401,410
5379,534,197
5460,683,-38
5555,841,-223
5674,961,-288
5788,993,-205
5856,924,-30
5888,755,138
5923,503,229
5950,232,253
5966,-12,266
5965,-212,292
5940,-346,345
5896,-408,417
5818,-413,505
5700,-404,591
5533,-386,667
5333,-340,745
5125,-278,809
4928,-210,851
4750,-133,862
4590,-40,842
4460,46,807
4362,124,769
4309,195,735
4301,262,716
4312,326,710
4333,386,717
4358,427,737
4369,445,753
4354,449,763
4316,447,753
4259,435,718
4189,422,670
4097,404,614
3988,383,545
3876,377,463
3766,379,369
3667,387,277
3597,400,195
3558,421,140
3544,454,103
3558,492,91
3590,516,106
3644,535,144
3716,547,206
3788,543,288
3855,515,372
3912,458,464
3962,382,563
4002,281,656
4026,200,753
3982,111,834
3899,22,889
3791,-61,929
3644,-106,929
3452,-122,856
3216,-123,728
2978,-97,567
2731,-57,434
2505,-31,329
2296,-16,263
2115,-8,233
1967,-16,232
1877,-35,237
1872,-78,197
1960,-138,91
2126,-217,-83
2335,-283,-271
2548,-327,-397
2743,-349,-462
2938,-380,-473
3150,-436,-480
3379,-524,-515
3647,-640,-583
3949,-774,-664
4276,-913,-724
4647,-1043,-723
5027,-1191,-659
5429,-1322,-495
5815,-1457,-253
6173,-1609,-27
6527,-1736,134
6881,-1826,179
7252,-1866,73
7639,-1825,-163
7988,-1699,-431
8153,-1491,-593
8022,-1206,-516
7673,-987,-229
7271,-862,139
6844,-820,439
6441,-829,579
6110,-827,568
5895,-788,447
5745,-702,313
5653,-598,212
5606,-495,167
5608,-424,176
5625,-381,232
5631,-351,314
5626,-373,442
5656,-425,597
5713,-493,781
5760,-548,969
5786,-555,1134
5776,-491,1217
5721,-354,1203
5643,-177,1114
5552,26,982
5433,240,878
5354,457,788
5295,673,732
5243,865,719
5206,1015,730
5172,1126,753
5115,1218,766
5059,1273,753
5003,1320,717
4943,1352,665
4885,1374,621
4821,1381,595
4740,1371,582
4616,1345,566
4454,1293,551
4282,1224,536
4144,1122,510
4032,1009,485
3942,890,458
3869,771,426
3790,659,392
3716,554,352
3639,464,302
3568,381,242
3503,301,177
3443,219,109
3398,131,43
3367,47,-14
3355,-43,-56
3365,-149,-65
3403,-247,-51
3448,-335,-36
3489,-423,-51
3519,-517,-116
3538,-612,-224
3548,-704,-368
3565,-797,-513
3586,-877,-644
3622,-941,-733
3661,-987,-765
3710,-1033,-741
3765,-1077,-664
3830,-1129,-553
3891,-1181,-434
3927,-1234,-352
3941,-1278,-291
3929,-1309,-231
3904,-1329,-167
3861,-1338,-91
3804,-1348,-8
3723,-1339,40
3600,-1324,8
3425,-1271,-119
3212,-1202,-315
2976,-1127,-518
2765,-1055,-648
2634,-979,-584
2566,-923,-302
2524,-866,33
2468,-812,286
2382,-760,397
2268,-692,368
2131,-578,236
1995,-386,52
1885,-76,-109
1862,323,-256
1988,743,-446
2328,1127,-704
2862,1447,-1015
3540,1712,-1349
4272,1949,-1641
4982,2202,-1799
5590,2479,-1723
6001,2807,-1281
6083,3138,-431
5874,3315,510
5562,3198,1016
5254,2863,867
5058,2478,255
5024,2219,-510
5201,2075,-1157
5509,1988,-1574
5826,1872,-1755
6085,1630,-1753
6230,1225,-1640
6213,719,-1434
6058,220,-1173
5821,-194,-896
5556,-516,-663
5320,-743,-515
5124,-876,-449
4986,-920,-427
4917,-906,-449
4938,-861,-477
4999,-821,-503
5054,-774,-544
5090,-718,-590
5125,-663,-631
5159,-580,-642
5210,-482,-630
5277,-365,-599
5350,-223,-558
5404,-47,-505
5440,144,-432
5451,327,-349
5452,486,-276
5452,577,-242
5425,605,-251
5328,612,-291
5176,615,-344
4996,584,-377
4816,514,-389
4644,425,-372
4483,345,-344
4332,262,-330
4192,186,-334
4046,128,-341
3905,94,-334
3777,81,-323
3658,68,-312
3545,60,-304
3442,49,-307
3332,36,-296
3240,17,-281
3175,-1,-261
3125,-19,-236
3077,-42,-226
3007,-68,-234
2926,-110,-265
2841,-155,-314
2755,-200,-363
2677,-250,-416
2596,-306,-462
2510,-369,-507
2434,-441,-547
2361,-507,-594
2302,-567,-649
2245,-624,-726
2206,-695,-817
2184,-772,-908
2197,-844,-997
2250,-918,-1063
2332,-996,-1116
2436,-1064,-1170
2545,-1135,-1218
2650,-1198,-1266
2758,-1256,-1307
2866,-1293,-1342
2969,-1310,-1366
3093,-1328,-1384
3250,-1346,-1387
3450,-1373,-1385
3702,-1406,-1401
4006,-1466,-1407
4325,-1533,-1363
4620,-1563,-1243
4827,-1500,-1094
4887,-1348,-981
4795,-1164,-944
4587,-1034,-908
4416,-987,-753
4379,-969,-502
4541,-936,-260
4888,-886,-101
5338,-799,-21
5713,-685,-1
5910,-544,-37
5940,-412,-138
5863,-319,-277
5738,-270,-387
5618,-271,-441
5527,-301,-440
5472,-357,-411
5444,-403,-361
5430,-429,-312
5425,-419,-258
5425,-394,-199
5419,-350,-129
5404,-303,-66
5374,-266,-8
5329,-243,36
5266,-212,60
5183,-190,63
5073,-172,56
4941,-172,39
4804,-192,22
4664,-230,8
4530,-281,-7
4392,-331,-18
4258,-384,-24
4134,-427,-20
4015,-460,-11
3897,-491,-9
3778,-516,-10
3664,-542,-9
3548,-566,-10
3430,-587,-23
3318,-606,-33
3211,-622,-52
3116,-637,-61
3037,-645,-64
2973,-648,-62
2924,-648,-62
2879,-649,-69
2840,-652,-87
2789,-659,-116
2732,-658,-159
2672,-661,-209
2611,-673,-232
2566,-694,-219
2535,-720,-183
2517,-746,-132
2509,-765,-110
2492,-780,-128
2466,-785,-188
2429,-786,-257
2399,-786,-323
2363,-769,-351
2336,-731,-341
2323,-677,-304
2303,-619,-258
2289,-571,-227
2271,-537,-224
2272,-529,-255
2289,-540,-310
2318,-573,-385
2350,-616,-477
2370,-661,-569
2394,-711,-645
2413,-760,-694
2433,-799,-717
2459,-838,-724
2493,-865,-708
2528,-873,-676
2556,-850,-647
2582,-800,-617
2614,-725,-595
2681,-642,-584
2801,-550,-592
2984,-473,-635
3232,-420,-716
3531,-379,-826
3872,-319,-957
4244,-200,-1077
4616,-18,-1169
4962,254,-1209
5273,608,-1152
5555,1026,-970
5823,1503,-623
6057,1950,-204
6217,2282,130
6289,2464,273
6298,2502,201
6292,2432,-24
6277,2296,-300
6242,2128,-492
6155,1941,-541
6026,1733,-465
5891,1443,-316
5781,1106,-158
5672,714,-42
5571,297,50
5457,-151,95
5338,-588,73
5215,-980,5
5093,-1301,-79
4969,-1527,-154
4858,-1653,-206
4786,-1703,-221
4779,-1678,-196
4832,-1588,-118
4943,-1449,-9
5091,-1256,117
5250,-1025,233
5393,-764,302
5484,-492,316
5517,-238,285
5509,-15,221
5467,174,147
5394,328,78
5293,448,20
5152,536,-30
4982,590,-75
4814,602,-109
4663,576,-127
4535,511,-126
4429,416,-112
4355,295,-92
4311,151,-69
4287,-12,-64
4262,-183,-71
4223,-353,-84
4169,-513,-99
4084,-658,-117
3954,-784,-143
3774,-885,-181
3556,-945,-218
3312,-967,-251
3060,-959,-280
2800,-934,-310
2540,-886,-333
2272,-830,-359
2008,-779,-384
1749,-731,-413
1480,-674,-439
1227,-622,-455
1001,-581,-470
796,-548,-475
606,-524,-474
426,-510,-468
263,-503,-468
116,-515,-461
-11,-533,-461
-118,-556,-477
-215,-589,-503
-309,-624,-532
-410,-664,-560
-518,-695,-590
-638,-712,-612
-762,-708,-609
-884,-678,-590
-997,-638,-555
-1108,-585,-498
-1241,-517,-406
-1383,-435,-271
-1486,-343,-116
-1512,-207,55
-1463,-26,258
-1334,151,483
-1156,311,670
-904,412,759
-526,440,719
-62,410,562
483,356,339
1076,294,126
1718,244,-47
2451,172,-174
3328,51,-251
4348,-83,-237
5473,-139,-107
6571,-96,216
7462,4,688
8072,52,1080
8337,-50,1088
8094,-261,642
7312,-442,-14
6245,-460,-602
5365,-307,-1007
4981,-80,-1161
5240,36,-1063
5817,-30,-809
6344,-158,-516
6643,-301,-386
6739,-454,-494
6731,-662,-711
6696,-820,-940
6638,-916,-1059
6584,-977,-1019
6520,-1068,-807
6413,-1207,-464
6271,-1386,-68
6076,-1581,306
5827,-1763,612
5503,-1884,815
5123,-1942,895
4694,-1934,860
4268,-1873,739
3875,-1779,592
3516,-1674,459
3195,-1547,396
2906,-1418,301
2626,-1290,160
2360,-1148,-1
2106,-997,-168
1875,-829,-286
1700,-650,-355
1601,-459,-373
1594,-268,-361
1668,-94,-347
1825,37,-342
2039,144,-307
2289,189,-234
2578,161,-138
2928,88,-24
3371,-21,125
3894,-178,274
4489,-382,382
5195,-598,440
6094,-739,462
7227,-763,474
8515,-706,435
9562,-618,371
10002,-503,381
9555,-383,789
8610,-470,1430
7822,-809,1853
7252,-1171,1803
6760,-1327,1367
6320,-1222,789
5976,-955,282
5804,-594,-14
5790,-182,-74
5895,224,43
6071,562,278
6283,748,541
6448,755,765
6526,590,908
6538,300,986
6465,-9,1011
6313,-288,983
6104,-520,916
5860,-709,821
5576,-868,715
5276,-999,608
4938,-1109,498
4594,-1186,392
4256,-1231,297
3905,-1234,217
3545,-1205,147
3197,-1150,85
2879,-1083,26
2582,-996,-54
2309,-904,-135
2061,-804,-191
1833,-699,-243
1630,-599,-295
1441,-497,-348
1251,-409,-407
1078,-341,-467
907,-297,-519
770,-270,-551
655,-261,-553
562,-281,-530
499,-310,-490
459,-361,-436
421,-423,-363
377,-488,-285
317,-554,-210
264,-614,-137
238,-669,-71
278,-723,-16
417,-787,7
645,-874,5
946,-974,-23
1322,-1068,-53
1782,-1131,-88
2312,-1124,-134
2856,-1057,-165
3405,-939,-134
3913,-778,-57
4347,-600,58
4633,-409,192
4744,-215,292
4732,-52,291
4650,75,198
4530,150,32
4422,194,-188
4408,223,-430
4634,250,-594
5178,197,-666
5942,43,-721
6835,-197,-755
7714,-467,-698
8471,-720,-512
8927,-948,-190
8939,-1154,221
8530,-1328,605
7973,-1440,825
7444,-1438,879
6937,-1356,773
6453,-1253,573
6022,-1166,344
5695,-1103,133
5494,-1045,-51
5389,-978,-152
5374,-905,-177
5393,-842,-158
5357,-803,-156
5220,-775,-137
5008,-762,-68
4761,-728,109
4503,-665,361
4238,-597,590
3947,-533,723
3651,-477,756
3350,-420,714
3013,-342,615
2658,-261,439
2287,-171,227
1933,-74,26
1596,35,-160
1275,153,-315
964,298,-412
661,462,-460
355,617,-491
69,752,-507
-181,837,-499
-362,855,-439
-441,850,-319
-386,829,-155
-199,775,20
99,680,183
484,556,321
955,413,442
1571,223,542
2292,-10,621
3050,-248,676
3817,-482,708
4649,-697,681
5514,-828,605
6371,-880,494
7216,-882,325
7928,-896,115
8365,-915,-109
8410,-907,-244
8006,-831,-151
7399,-766,50
6960,-866,195
6723,-1024,319
6552,-1047,424
6340,-894,455
6062,-669,404
5768,-481,288
5532,-355,158
5359,-278,61
5230,-240,0
5117,-237,-32
5000,-273,-34
4866,-337,22
4726,-416,132
4569,-511,253
4379,-592,356
4159,-655,405
3899,-688,398
3595,-699,336
3265,-693,230
2912,-681,118
2560,-669,14
2198,-659,-78
1861,-661,-146
1547,-670,-201
1245,-693,-249
968,-724,-292
733,-764,-325
526,-804,-357
347,-844,-384
197,-887,-415
71,-937,-440
-44,-992,-468
-154,-1045,-481
-246,-1094,-484
-310,-1123,-477
-341,-1123,-441
-321,-1076,-363
-192,-990,-264
100,-940,-161
599,-940,-97
1306,-939,-80
2249,-927,-98
3249,-896,-52
4230,-809,85
5184,-647,251
6081,-423,337
6842,-205,199
7439,63,-63
7971,427,-313
8427,710,-596
8731,888,-953
8939,987,-1318
9052,1188,-1546
9077,1474,-1462
8925,1719,-1085
8614,1455,-532
8234,744,-98
7861,-79,110
7517,-771,139
7219,-1266,84
6989,-1587,25
6828,-1788,-12
6728,-1907,-29
6656,-1982,-31
6582,-2003,-16
6465,-1952,24
6267,-1797,56
5993,-1554,50
5658,-1258,36
5280,-949,24
4898,-644,44
4526,-368,85
4171,-140,133
3811,66,178
3420,260,222
3063,407,244
2733,516,237
2403,607,218
2083,684,194
1782,740,160
1499,785,131
1230,824,91
950,869,45
648,920,-17
315,974,-99
-16,1001,-196
-295,985,-296
-509,919,-385
-592,792,-440
-498,595,-455
-248,380,-423
142,173,-350
715,-71,-254
1494,-379,-168
2373,-715,-52
3309,-1026,139
4290,-1282,384
5234,-1494,659
6080,-1711,853
6789,-1921,903
7355,-2068,772
7824,-2137,478
8228,-2174,34
8540,-2110,-445
8694,-1920,-836
8696,-1642,-1066
8584,-1355,-1087
8392,-1157,-840
8134,-1107,-374
7812,-1083,146
7431,-897,498
6993,-602,537
6531,-282,337
6079,5,38
5667,225,-280
5311,374,-546
5034,435,-727
4817,419,-793
4641,356,-740
4494,244,-585
4355,121,-366
4217,-15,-151
4063,-160,29
3900,-301,155
3710,-425,222
3509,-529,229
3283,-607,192
3036,-666,131
2772,-706,64
2503,-733,1
2229,-748,-55
1969,-769,-109
1719,-794,-164
1479,-814,-213
1241,-828,-280
987,-843,-360
736,-855,-429
512,-862,-479
312,-855,-491
145,-826,-449
7,-771,-356
-107,-699,-198
-176,-612,3
-177,-534,227
-75,-474,408
136,-440,511
447,-442,524
864,-480,437
1371,-541,265
1953,-593,34
2578,-623,-226
3226,-650,-449
3880,-635,-593
4545,-578,-622
5167,-467,-499
5680,-321,-241
6047,-187,133
6216,-123,502
6218,-188,720
6129,-360,674
6026,-575,368
6030,-725,-58
6259,-763,-444
6771,-782,-701
7333,-805,-755
7556,-764,-545
7356,-699,-140
6886,-647,270
6321,-610,499
5800,-593,457
5354,-567,209
4995,-532,-129
4766,-522,-459
4679,-551,-756
4720,-615,-989
4844,-709,-1131
5019,-818,-1140
5221,-920,-959
5432,-1017,-562
5594,-1105,-25
5658,-1184,523
5585,-1227,943
5362,-1188,1161
5021,-1077,1176
4631,-917,1048
4234,-750,861
3841,-601,684
3465,-471,551
3096,-369,474
2713,-275,435
2352,-213,382
1997,-175,277
1636,-136,137
1287,-85,-11
947,-10,-167
614,112,-310
341,283,-407
160,469,-465
87,624,-505
153,731,-545
375,763,-572
728,742,-557
1184,664,-484
1703,565,-349
2248,458,-162
2827,335,80
3464,195,319
4196,40,524
5044,-143,663
6000,-387,701
7133,-678,644
8542,-951,473
10151,-1196,71
11312,-1412,-571
11416,-1547,-990
10227,-1551,-679
8791,-1625,-52
7877,-1621,527
7246,-1293,723
6599,-859,489
5946,-494,71
5377,-244,-308
4949,-91,-550
4686,-25,-635
4548,4,-576
4494,12,-372
4490,1,-67
4529,-52,279
4573,-152,582
4590,-287,772
4545,-437,831
4425,-582,779
4248,-702,652
3995,-801,493
3681,-871,341
3341,-912,212
2984,-923,106
2620,-929,17
2275,-937,-55
1949,-963,-116
1642,-993,-182
1359,-1026,-235
1099,-1050,-271
863,-1077,-297
651,-1097,-307
454,-1104,-322
267,-1095,-342
91,-1066,-352
-67,-1030,-331
-184,-985,-283
-243,-936,-204
-214,-868,-81
-104,-781,34
69,-655,97
306,-513,78
611,-396,-7
1006,-325,-123
1507,-287,-264
2094,-284,-414
2696,-314,-526
3315,-343,-580
3981,-368,-578
4698,-390,-499
5377,-397,-332
5935,-371,-90
6280,-316,138
6362,-258,252
6227,-238,169
5935,-230,-117
5634,-181,-497
5609,-59,-779
6027,65,-900
6766,101,-941
7435,124,-845
7712,174,-590
7538,215,-280
7116,230,-85
6658,217,-69
6278,181,-251
6020,86,-531
5801,-55,-772
5642,-246,-879
5584,-517,-764
5588,-827,-442
5634,-1149,-7
5680,-1447,427
5685,-1692,755
5594,-1811,932
5394,-1791,943
5089,-1655,829
4729,-1455,668
4362,-1234,527
4013,-1025,453
3690,-833,451
3386,-646,506
3075,-456,589
2767,-284,655
2461,-122,679
2153,35,650
1860,188,586
1572,343,486
1286,499,362
1003,641,230
724,776,74
501,875,-109
377,941,-294
436,971,-503
705,941,-719
1121,851,-907
1604,728,-1015
2122,608,-1004
2665,506,-867
3226,444,-583
3777,400,-152
4312,316,358
4807,141,813
5263,-115,1080
5678,-378,1057
6074,-635,785
6391,-840,393
6588,-996,23
6682,-1105,-251
6714,-1109,-326
6699,-1022,-221
6637,-892,-52
6507,-764,117
6302,-652,267
6056,-534,363
5837,-418,378
5562,-245,351
5263,-17,303
5033,204,252
4931,351,205
4946,438,160
5032,485,112
5191,486,59
5357,467,17
5516,465,-17
5662,505,-20
5776,551,1
5836,599,45
5873,612,95
5882,563,149
5840,454,196
5738,327,237
5586,199,269
5387,91,297
5149,-7,315
4867,-90,317
4562,-164,307
4246,-224,274
3913,-265,219
3571,-287,146
3246,-294,75
2927,-301,8
2624,-316,-28
2349,-332,-26
2104,-358,7
1902,-397,72
1710,-451,146
1540,-529,195
1386,-629,196
1260,-745,145
1174,-880,62
1134,-1026,-56
1153,-1193,-183
1243,-1375,-311
1406,-1556,-447
1633,-1666,-574
1938,-1691,-700
2340,-1661,-789
2813,-1629,-797
3345,-1577,-684
3897,-1469,-417
4447,-1288,-42
4944,-1050,366
5343,-784,694
5615,-520,854
5713,-264,828
5592,-28,668
5306,182,442
4965,349,217
4720,427,25
4625,409,-108
4663,389,-154
4684,387,-173
4654,303,-235
4593,158,-263
4541,9,-209
4532,-130,-84
4563,-265,92
4643,-387,284
4745,-494,470
4835,-581,625
4895,-650,708
4906,-698,723
4889,-734,721
4870,-760,734
4864,-787,753
4870,-813,779
4876,-839,804
4882,-870,828
4897,-900,859
4912,-922,906
4910,-926,953
4891,-925,1000
4868,-916,1057
4840,-891,1122
4816,-862,1187
4780,-824,1234
4722,-779,1256
4643,-723,1256
4538,-665,1218
4395,-608,1132
4240,-550,1035
4074,-498,941
3892,-447,830
3707,-408,701
3521,-380,545
3345,-369,373
3183,-368,215
3043,-377,97
2939,-411,29
2876,-466,9
2845,-539,42
2846,-637,133
2862,-748,256
2877,-857,386
2873,-966,497
2865,-1066,583
2859,-1158,629
2839,-1207,658
2782,-1205,647
2689,-1157,604
2560,-1054,560
2402,-915,515
2244,-759,465
2090,-585,431
1936,-410,429
1796,-225,442
1677,-40,483
1554,173,556
1438,385,648
1356,591,752
1313,789,861
1340,973,934
1552,1078,894
2035,1060,659
2837,915,237
3942,734,-304
5353,586,-890
7104,559,-1459
9158,838,-1844
10995,1516,-1818
11837,2481,-1396
11349,3349,-752
9804,3703,-21
8068,3364,464
6958,2498,605
6761,1294,396
7135,173,73
7680,-624,-176
8244,-1116,-301
8643,-1379,-300
8815,-1461,-211
8812,-1410,-87
8672,-1275,51
8412,-1125,141
8013,-1003,170
7582,-911,168
7238,-868,159
7027,-850,181
6932,-811,244
6876,-717,313
6770,-553,344
6577,-313,301
6357,-87,182
6151,84,18
5971,189,-166
5793,226,-315
5585,232,-418
5368,231,-453
5168,247,-433
5002,286,-365
4865,352,-262
4746,423,-137
4664,481,-13
4603,502,102
4524,495,177
4424,465,198
4307,418,186
4179,357,126
4029,292,35
3881,232,-46
3757,182,-87
3642,151,-72
3532,136,-24
3417,137,48
3291,162,127
3169,188,183
3053,220,199
2949,259,181
2845,297,122
2750,333,39
2657,359,-57
2553,385,-154
2451,405,-246
2344,423,-331
2234,431,-396
2141,418,-460
2063,386,-518
2014,333,-576
2000,262,-636
2023,176,-699
2074,84,-770
2132,19,-843
2192,-12,-915
2271,-13,-980
2380,13,-1046
2527,53,-1090
2717,90,-1106
2931,118,-1088
3144,137,-1033
3356,163,-940
3548,190,-820
3713,220,-657
3825,247,-473
3878,263,-291
3887,265,-149
3858,252,-74
3794,218,-91
3703,186,-178
3612,171,-308
3540,162,-451
3490,174,-585
3475,205,-701
3499,234,-810
3567,233,-897
3675,172,-959
3811,64,-981
3960,-82,-954
4114,-265,-895
4265,-480,-802
4413,-722,-698
4570,-1002,-601
4716,-1289,-526
4849,-1569,-469
4955,-1810,-407
5032,-2015,-325
5080,-2175,-252
5103,-2298,-190
5129,-2373,-144
5176,-2395,-133
5225,-2354,-144
5265,-2242,-160
5301,-2082,-185
5343,-1888,-223
5394,-1684,-251
5436,-1476,-248
5488,-1270,-193
5543,-1066,-76
5605,-865,98
5668,-674,304
5707,-504,508
5727,-358,671
5699,-236,773
5613,-116,819
5478,5,814
5302,147,779
5106,304,715
4915,443,647
4722,558,580
4537,643,511
4355,715,435
4192,752,347
4045,756,267
3912,728,212
3807,672,182
3726,599,168
3649,510,156
3579,410,135
3511,311,108
3435,215,79
3345,142,47
3245,79,12
3152,27,-17
3085,-20,-28
3029,-68,-31
2984,-107,-26
2955,-145,-13
2935,-189,-1
2941,-227,35
2964,-253,59
2979,-281,7
2966,-306,-130
2915,-311,-322
2859,-322,-493
2808,-327,-526
2799,-336,-410
2848,-373,-218
2928,-441,-41
3021,-522,106
3085,-611,210
3125,-698,256
3137,-786,238
3128,-876,178
3123,-968,116
3111,-1058,65
3096,-1151,28
3091,-1235,6
3091,-1308,-18
3104,-1359,-40
3134,-1393,-58
3167,-1414,-73
3212,-1433,-92
3260,-1453,-129
3314,-1469,-185
3348,-1483,-227
3366,-1492,-243
3376,-1500,-240
3390,-1514,-216
3412,-1527,-174
3439,-1532,-130
3473,-1531,-89
3529,-1526,-50
3591,-1510,-22
3647,-1481,6
3728,-1449,24
3817,-1412,26
3901,-1389,28
3972,-1365,12
4038,-1342,-18
4106,-1306,-52
4170,-1269,-81
4241,-1225,-109
4314,-1169,-128
4391,-1101,-122
4465,-1008,-77
4530,-900,-12
4599,-772,76
4675,-640,181
4763,-496,289
4850,-355,391
4927,-214,468
4991,-76,529
5060,63,583
5142,192,630
5222,333,662
5273,501,650
5269,686,585
5203,867,473
5072,1064,324
4905,1248,146
4741,1391,-61
4591,1494,-283
4454,1591,-491
4339,1647,-684
4240,1651,-844
4168,1612,-969
4124,1521,-1058
4126,1397,-1134
4179,1264,-1201
4286,1124,-1280
4444,969,-1341
4625,838,-1408
4812,721,-1443
4988,629,-1436
5127,543,-1376
5230,452,-1261
5276,383,-1123
5293,302,-977
5299,199,-869
5289,89,-821
5272,-9,-836
5252,-88,-891
5240,-152,-948
5234,-218,-977
5229,-285,-996
5198,-355,-996
5143,-430,-989
5069,-496,-963
4979,-556,-924
4862,-596,-880
4725,-612,-831
4582,-609,-789
4428,-579,-764
4279,-528,-748
4153,-466,-737
4035,-393,-735
3926,-322,-735
3828,-247,-735
3742,-176,-728
3668,-107,-718
3618,-44,-694
3574,30,-649
3545,109,-584
3521,184,-529
3497,247,-531
3460,288,-598
3405,317,-701
3342,336,-776
3278,370,-804
3219,391,-780
3179,408,-709
3160,406,-617
3166,385,-509
3187,351,-405
3218,310,-330
3230,262,-311
3230,224,-340
3219,199,-408
3212,194,-483
3211,202,-552
3227,199,-600
3262,190,-625
3304,174,-632
3349,152,-619
3399,128,-593
3442,105,-559
3477,92,-528
3507,80,-501
3534,77,-490
3541,82,-496
3545,89,-523
3549,95,-574
3559,92,-645
3583,79,-733
3603,59,-827
3633,33,-924
3681,9,-1011
3746,-26,-1092
3819,-72,-1150
3898,-127,-1201
3992,-181,-1242
4091,-243,-1257
4181,-294,-1248
4265,-340,-1208
4365,-392,-1131
4475,-451,-1033
4590,-511,-923
4704,-555,-814
4814,-586,-725
4912,-613,-664
5004,-646,-647
5098,-682,-675
5176,-718,-743
5220,-755,-827
5159,-775,-890
4965,-769,-877
4677,-746,-753
4352,-725,-565
4054,-735,-389
3805,-781,-288
3603,-847,-280
3440,-909,-343
3307,-972,-449
3204,-1031,-551
3142,-1109,-635
3127,-1189,-688
3152,-1271,-713
3209,-1335,-728
3240,-1381,-697
3269,-1400,-655
3315,-1389,-600
3375,-1353,-526
3469,-1298,-432
3593,-1232,-324
3738,-1160,-226
3892,-1074,-123
4041,-969,-29
4182,-847,78
4294,-701,183
4359,-532,267
4370,-352,314
4327,-164,324
4254,22,301
4149,192,253
3990,326,178
3808,404,95
3639,429,21
3500,402,-24
3386,334,-31
3289,221,-12
3229,89,21
3190,-61,64
3169,-215,116
3170,-362,160
3177,-500,187
3197,-627,205
3238,-733,203
3301,-820,201
3381,-879,196
3454,-902,195
3512,-896,197
3581,-873,210
3653,-835,254
3726,-780,321
3799,-711,414
3854,-633,518
3903,-548,612
3945,-457,644
3956,-361,583
3950,-268,469
3924,-186,362
3905,-113,325
3889,-54,351
3837,10,371
3734,75,386
3587,143,386
3416,192,361
3223,216,304
3025,212,215
2820,191,111
2626,175,14
2402,187,-40
2179,209,-75
1960,236,-110
1732,262,-136
1501,282,-166
1253,313,-184
1019,343,-192
798,361,-211
595,381,-225
410,404,-245
255,427,-264
133,452,-291
38,485,-320
-49,511,-360
-148,544,-407
-260,571,-475
-395,581,-566
-535,581,-676
-652,572,-784
-763,568,-876
-881,572,-942
-1000,580,-980
-1126,583,-984
-1245,565,-947
-1334,508,-866
-1433,417,-722
-1451,262,-482
-1236,123,-169
-743,-27,217
181,-264,569
1539,-602,764
3256,-952,830
5270,-1307,833
7614,-1626,853
10190,-1806,949
12750,-1909,988
14402,-1990,612
14775,-2086,-85
13958,-2200,-680
12664,-2294,-1045
11427,-2344,-1005
10598,-2471,-683
10195,-2486,-192
9819,-2259,262
9305,-1836,527
8621,-1316,545
7817,-812,316
7027,-425,-43
6352,-170,-446
5802,-2,-769
5388,119,-968
5074,200,-998
4833,238,-851
4649,231,-565
4507,171,-195
4403,58,205
4300,-101,572
4158,-310,839
3982,-567,969
3754,-843,969
3490,-1103,883
3227,-1340,738
2945,-1519,552
2629,-1613,333
2304,-1658,142
1987,-1662,-20
1687,-1652,-139
1404,-1624,-217
1140,-1583,-275
888,-1547,-301
633,-1506,-315
391,-1470,-312
176,-1431,-283
-27,-1388,-233
-198,-1340,-155
-329,-1314,-67
-386,-1299,-14
-329,-1168,-13
-154,-914,21
142,-636,102
570,-408,183
1151,-245,216
1882,-150,193
2706,-100,148
3580,-53,111
4460,5,95
5273,104,129
5949,230,265
6397,366,459
6606,430,646
6577,364,701
6363,148,551
6087,-155,236
5939,-496,-137
6117,-832,-395
6565,-1114,-449
7044,-1350,-345
7398,-1532,-153
7537,-1647,107
7455,-1702,368
7224,-1697,566
6942,-1632,685
6621,-1542,725
6241,-1425,675
5808,-1287,566
5373,-1158,436
4984,-1065,303
4673,-997,184
4466,-946,80
4344,-915,-20
4287,-910,-124
4258,-916,-211
4230,-922,-261
4181,-900,-244
4101,-841,-167
3974,-739,-65
3813,-629,32
3631,-523,102
3425,-432,135
3216,-345,140
3001,-275,139
2782,-211,125
2570,-144,105
2361,-84,77
2144,-43,53
1916,-7,10
1684,28,-43
1432,85,-92
1192,158,-152
980,226,-220
794,289,-291
666,362,-361
615,436,-426
680,473,-485
873,425,-531
1168,303,-548
1564,129,-505
2012,-84,-384
2485,-292,-185
2937,-462,74
3370,-603,334
3823,-747,523
4318,-909,595
4864,-1072,530
5520,-1228,371
6390,-1349,164
7569,-1390,-109
8937,-1310,-391
10002,-1136,-557
10247,-804,-427
9584,-446,127
8725,-426,767
8180,-631,1248
7764,-731,1345
7232,-610,1049
6622,-381,562
6064,-188,88
5653,-79,-282
5416,-47,-511
5356,-65,-594
5464,-110,-540
5719,-166,-383
6072,-262,-172
6451,-409,49
6760,-591,235
6952,-775,347
6998,-928,372
6913,-1049,315
6716,-1121,202
6440,-1142,64
6121,-1127,-68
5801,-1083,-172
5506,-1019,-234
5230,-933,-258
4996,-830,-243
4791,-718,-187
4596,-605,-86
4407,-497,30
4215,-408,144
3998,-351,249
3758,-327,332
3505,-331,391
3232,-355,420
2943,-378,412
2634,-408,380
2317,-449,327
1990,-486,267
1660,-523,208
1328,-569,135
1002,-631,65
672,-687,-12
370,-742,-89
93,-784,-150
-167,-811,-203
-413,-827,-231
-643,-834,-231
-852,-825,-230
-1020,-801,-256
-1123,-779,-317
-1175,-753,-384
-1197,-707,-428
-1207,-635,-427
-1189,-552,-422
-1085,-468,-440
-856,-404,-490
-501,-367,-535
-6,-377,-551
670,-446,-523
1553,-517,-420
2631,-506,-306
3669,-485,-158
4637,-461,53
5534,-442,317
6262,-385,596
6741,-359,820
6885,-435,822
6670,-585,509
6194,-678,-10
5737,-633,-497
5588,-494,-762
5861,-416,-753
6291,-439,-620
6628,-539,-501
6804,-645,-433
6850,-690,-363
6786,-664,-291
6628,-592,-239
6386,-495,-206
6152,-444,-155
5900,-466,-77
5600,-535,0
5269,-621,67
4929,-707,118
4592,-773,156
4282,-811,199
3974,-815,231
3665,-788,247
3357,-736,244
3033,-675,209
2705,-623,140
2369,-577,52
2018,-503,-47
1706,-418,-139
1427,-324,-247
1150,-212,-355
883,-85,-459
642,30,-555
440,121,-642
273,185,-733
140,231,-820
60,257,-898
31,261,-976
82,229,-1059
261,148,-1201
589,11,-1392
1075,-198,-1619
1753,-495,-1832
2621,-854,-1952
3614,-1179,-1800
4609,-1354,-1249
5656,-1316,-200
6913,-1205,1170
8620,-1201,2661
10366,-1579,3271
11073,-2369,2276
10748,-3092,669
10032,-3239,-470
9474,-2843,-741
9254,-2470,-308
9119,-2341,327
8892,-2256,772
8628,-2007,962
8306,-1565,918
7923,-1062,661
7544,-580,346
7178,-156,140
6822,215,69
6443,491,104
6021,619,197
5575,616,282
5131,522,328
4721,378,338
4372,209,332
4047,25,322
3729,-207,310
3415,-466,300
3098,-723,285
2773,-953,244
2452,-1139,179
2107,-1277,66
1767,-1353,-89
1461,-1390,-243
1169,-1407,-390
903,-1403,-491
642,-1385,-553
418,-1389,-583
214,-1407,-575
25,-1426,-532
-161,-1444,-436
-336,-1439,-260
-509,-1408,-1
-678,-1348,312
-858,-1285,569
-1042,-1216,642
-1204,-1076,438
-1271,-845,136
-1237,-542,-100
-1014,-259,-240
-499,-54,-323
407,83,-415
1591,156,-552
2865,175,-662
4331,162,-746
5998,154,-838
7700,182,-830
9176,447,-530
10110,905,-9
9884,1271,365
8647,1285,389
7211,988,191
6147,551,-17
5897,-69,-179
6468,-797,-280
7221,-1509,-321
7608,-2089,-258
7518,-2425,-71
7117,-2491,122
6654,-2390,218
6209,-2175,194
5861,-1933,145
5635,-1693,110
5507,-1496,104
5455,-1338,142
5438,-1230,210
5401,-1164,280
5320,-1110,352
5167,-1055,411
4950,-976,478
4686,-877,548
4385,-757,618
4053,-618,673
3703,-466,691
3346,-328,657
2985,-206,579
2632,-96,480
2285,22,390
1948,135,315
1626,243,256
1309,334,192
999,409,117
692,470,39
413,529,-37
169,580,-120
-49,610,-216
-234,620,-314
-347,594,-407
-325,525,-502
-121,403,-614
227,250,-713
681,82,-747
1235,-80,-672
1868,-215,-407
2572,-311,46
3329,-404,647
4175,-551,1229
5169,-828,1677
6350,-1212,1930
7786,-1673,1956
9597,-2072,1727
11424,-2244,873
12375,-2085,-297
11611,-1370,-818
9568,-436,-308
7737,106,770
6807,37,1717
6351,-408,1943
6077,-863,1547
5873,-1047,927
5684,-986,345
5536,-801,-105
5440,-561,-392
5473,-320,-491
5625,-105,-444
5871,85,-297
6151,220,-97
6383,266,126
6520,201,322
6541,77,463
6462,-85,540
6319,-252,546
6113,-432,489
5857,-617,401
5568,-783,309
5269,-908,244
4954,-997,206
4625,-1070,190
4294,-1131,181
3942,-1173,182
3581,-1194,203
3236,-1198,224
2901,-1197,252
2575,-1194,258
2256,-1201,224
1934,-1214,165
1611,-1220,109
1289,-1210,50
971,-1189,-40
642,-1159,-177
327,-1103,-329
18,-1015,-450
-277,-891,-529
-559,-727,-555
-771,-555,-536
-890,-391,-461
-925,-243,-354
-901,-123,-211
-834,-29,-60
-741,44,83
-597,93,172
-367,117,181
-30,95,115
468,26,-35
1093,-73,-218
1843,-130,-415
2685,-138,-578
3537,-116,-633
4398,-90,-573
5262,-48,-377
6048,-25,-39
6716,-47,412
7272,-135,885
7691,-350,1144
7968,-680,975
8181,-1032,420
8412,-1270,-218
8651,-1393,-607
8769,-1518,-550
8544,-1756,-23
8083,-2125,673
7444,-2372,1178
6679,-2347,1307
5911,-2088,1070
5239,-1734,601
4717,-1385,62
4363,-1075,-406
4168,-821,-731
4120,-635,-883
4215,-536,-879
4447,-540,-752
4778,-657,-545
5138,-865,-288
5479,-1124,-13
5726,-1396,249
5838,-1629,449
5778,-1752,547
5589,-1712,538
5363,-1609,444
5110,-1491,297
4837,-1354,158
4535,-1188,40
4237,-1023,-43
3935,-858,-77
3639,-714,-71
3361,-594,-38
3088,-481,-1
2815,-373,46
2527,-254,94
2233,-131,142
1923,-13,192
1621,103,235
1327,210,260
1024,309,259
744,384,237
494,458,196
282,513,112
135,531,-22
46,520,-178
34,499,-311
149,454,-411
396,378,-465
742,284,-465
1154,177,-422
1593,65,-357
2031,-45,-273
2450,-134,-199
2874,-189,-153
3329,-204,-136
3837,-208,-146
4403,-186,-166
5051,-152,-157
5779,-115,-82
6616,-72,-6
7479,-57,22
8191,-99,-10
8543,-187,-30
8455,-364,77
8101,-654,396
7749,-1072,756
7452,-1523,936
7094,-1792,863
6664,-1783,609
6218,-1572,325
5859,-1275,96
5667,-949,-56
5655,-632,-132
5805,-362,-128
6063,-166,-40
6357,-83,114
6584,-114,292
6711,-203,498
6739,-323,697
6686,-450,784
6533,-566,660
6298,-627,420
6000,-644,173
5672,-624,11
5343,-581,-51
5031,-531,-58
4730,-491,-63
4434,-468,-82
4147,-458,-107
3875,-452,-128
3624,-464,-138
3389,-472,-129
3169,-485,-106
2967,-510,-70
2788,-544,-33
2625,-582,-5
2462,-621,16
2291,-653,29
2110,-667,39
1912,-671,47
1700,-667,64
1478,-658,83
1255,-637,91
1031,-606,66
814,-579,31
606,-537,-27
415,-502,-101
233,-476,-180
81,-452,-244
-33,-439,-311
-112,-435,-367
-162,-432,-411
-192,-441,-444
-203,-447,-463
-182,-442,-476
-102,-423,-483
76,-414,-532
376,-437,-629
836,-506,-790
1473,-612,-1001
2233,-729,-1220
3016,-794,-1330
3766,-755,-1245
4462,-585,-893
5016,-247,-253
5449,153,550
5817,445,1241
6101,495,1669
6268,258,1682
6249,-215,1205
6086,-759,411
5872,-1158,-319
5803,-1366,-757
5971,-1515,-879
6240,-1659,-859
6408,-1804,-777
6361,-1914,-620
6103,-1953,-381
5697,-1964,-109
5257,-1952,134
4874,-1901,276
4593,-1789,285
4438,-1615,167
4392,-1419,-16
4432,-1235,-208
4556,-1089,-357
4751,-974,-437
4973,-899,-449
5169,-866,-404
5349,-887,-316
5480,-952,-201
5523,-1027,-87
5485,-1094,26
5392,-1138,119
5239,-1149,169
5029,-1123,181
4794,-1076,156
4539,-1018,102
4265,-941,52
3988,-853,14
3720,-776,-11
3454,-698,-16
3176,-618,-17
2901,-556,-36
2580,-499,-111
2237,-388,-212
1939,-209,-319
1701,5,-434
1528,215,-577
1389,397,-709
1286,547,-799
1231,668,-838
1254,752,-816
1394,803,-755
1665,813,-660
2043,769,-542
2523,685,-386
3060,554,-183
3635,398,71
4256,230,345
4953,62,606
5787,-124,805
6814,-316,902
7882,-488,869
8738,-685,684
9183,-904,371
9007,-1101,83
8209,-1196,-3
7232,-1228,121
6449,-1211,354
5858,-1134,534
5403,-1037,584
5061,-953,521
4821,-884,415
4653,-807,318
4564,-700,266
4542,-569,270
4574,-455,299
4640,-345,340
4729,-242,376
4840,-170,395
4985,-127,405
5143,-121,426
5297,-156,469
5417,-213,537
5474,-285,619
5468,-383,704
5409,-501,774
5322,-630,817
5197,-730,826
5045,-781,780
4866,-784,723
4686,-748,646
4495,-670,553
4313,-575,458
4161,-484,374
4029,-410,292
3923,-355,226
3832,-316,180
3759,-298,146
3705,-288,126
3660,-300,115
3621,-319,118
3578,-349,125
3530,-379,124
3479,-414,126
3430,-452,106
3365,-476,70
3312,-494,27
3288,-510,-14
3276,-523,-47
3279,-537,-70
3274,-547,-88
3284,-551,-102
3296,-546,-109
3322,-539,-101
3345,-532,-97
3357,-514,-118
3357,-494,-150
3347,-478,-187
3309,-467,-219
3230,-459,-250
3096,-456,-292
2898,-449,-346
2681,-456,-396
2488,-483,-410
2327,-519,-394
2195,-554,-355
2077,-574,-309
1991,-598,-277
1953,-621,-280
1963,-647,-317
2020,-679,-381
2121,-724,-459
2269,-792,-548
2444,-873,-647
2641,-970,-749
2878,-1074,-859
3160,-1202,-967
3469,-1353,-1082
3784,-1513,-1192
4056,-1677,-1273
4268,-1816,-1308
4413,-1916,-1284
4536,-2020,-1203
4598,-2111,-1068
4645,-2205,-930
4684,-2302,-790
4751,-2385,-697
4883,-2429,-660
5100,-2442,-694
5437,-2434,-779
5866,-2384,-917
6347,-2279,-1054
6739,-2126,-1104
6989,-1946,-1029
7013,-1715,-789
6844,-1433,-412
6640,-1175,-8
6470,-981,329
6361,-844,558
6289,-759,649
6269,-717,631
6287,-705,537
6330,-712,438
6385,-734,360
6426,-763,328
6463,-799,344
6481,-841,408
6486,-891,513
6458,-939,639
6383,-960,760
6257,-957,826
6101,-946,804
5937,-924,723
5768,-892,616
5601,-859,494
5441,-821,372
5277,-774,259
5126,-733,166
5011,-694,96
4916,-662,56
4829,-635,33
4754,-613,11
4682,-588,-19
4615,-571,-68
4547,-559,-117
4484,-550,-154
4431,-549,-177
4373,-559,-177
4305,-570,-175
4213,-595,-171
4105,-630,-168
3974,-662,-169
3830,-700,-187
3687,-739,-213
3547,-791,-245
3408,-842,-285
3291,-892,-340
3199,-941,-404
3130,-991,-470
3091,-1042,-538
3062,-1093,-608
3043,-1124,-664
3021,-1136,-706
2995,-1137,-735
2958,-1133,-748
2918,-1121,-748
2890,-1112,-756
2855,-1098,-773
2823,-1084,-810
2790,-1069,-857
2764,-1045,-899
2740,-1021,-919
2731,-988,-916
2740,-935,-866
2769,-886,-772
2815,-841,-638
2865,-807,-464
2926,-783,-269
3007,-760,-72
3092,-736,104
3192,-722,233
3302,-718,288
3395,-715,271
3467,-701,180
3528,-674,51
3592,-613,-104
3687,-501,-257
3825,-327,-407
3992,-123,-570
4194,112,-738
4400,346,-905
4575,573,-1062
4685,806,-1181
4683,1031,-1237
4540,1253,-1202
4321,1433,-1095
4108,1545,-959
3961,1602,-855
3921,1596,-829
4001,1556,-916
4174,1502,-1101
4428,1427,-1357
4703,1353,-1639
4955,1314,-1895
5159,1327,-2083
5289,1353,-2182
5349,1381,-2193
5363,1432,-2125
5355,1512,-1986
5351,1578,-1786
5358,1599,-1561
5396,1559,-1344
5506,1306,-1172
5624,943,-1056
5715,591,-980
5768,297,-944
5817,66,-944
5877,-126,-992
5913,-264,-1073
5902,-346,-1159
5820,-365,-1241
5705,-345,-1305
5547,-281,-1345
5396,-199,-1373
5263,-132,-1372
5155,-94,-1385
5058,-53,-1414
4993,-7,-1407
4948,51,-1382
4912,111,-1340
4888,170,-1285
4877,232,-1222
4861,309,-1150
4824,383,-1074
4760,458,-1003
4683,528,-937
4594,602,-854
4519,676,-756
4449,744,-683
4380,748,-689
4304,684,-775
4195,621,-897
4065,578,-974
3960,564,-971
3850,612,-887
3740,683,-762
3652,748,-646
3582,793,-555
3505,831,-503
3440,831,-490
3376,781,-524
3288,700,-573
3188,599,-631
3089,496,-683
2974,409,-724
2863,332,-774
2781,255,-816
2672,200,-836
2619,142,-867
2557,90,-879
2529,29,-892
2510,-36,-887
2504,-91,-882
2510,-139,-864
2536,-168,-868
2572,-188,-892
2616,-185,-949
2693,-180,-1031
2776,-171,-1134
2872,-167,-1256
2948,-153,-1361
3020,-134,-1451
3086,-100,-1507
3143,-66,-1536
3181,-37,-1533
3193,-22,-1523
3193,-22,-1504
3159,-48,-1492
3100,-96,-1471
2995,-149,-1437
2912,-239,-1389
2863,-381,-1334
2886,-584,-1300
2987,-827,-1303
3184,-1099,-1363
3458,-1330,-1493
3753,-1538,-1654
4021,-1700,-1813
4205,-1784,-1913
4266,-1801,-1955
4216,-1770,-1891
4087,-1707,-1761
3916,-1650,-1578
3790,-1627,-1399
3784,-1650,-1282
3948,-1701,-1220
4316,-1759,-1230
4855,-1781,-1254
5482,-1761,-1301
6059,-1713,-1354
6507,-1620,-1364
6756,-1486,-1329
6799,-1282,-1221
6706,-1049,-1029
6531,-808,-784
6361,-608,-529
6225,-472,-304
6102,-388,-136
5988,-333,-21
5875,-286,43
5749,-238,35
5594,-183,-27
5414,-117,-137
5230,-53,-251
5059,7,-340
4903,42,-406
4762,75,-430
4614,86,-424
4475,87,-403
4337,86,-386
4213,85,-382
4096,76,-384
3981,65,-388
3870,47,-395
3771,23,-403
3679,-9,-406
3598,-47,-408
3510,-92,-414
3416,-132,-433
3322,-173,-464
3231,-222,-489
3157,-281,-499
3079,-345,-473
3020,-420,-444
2957,-500,-402
2895,-588,-388
2841,-662,-371
2770,-721,-382
2718,-769,-384
2646,-784,-381
2602,-797,-382
2563,-802,-361
2550,-814,-365
2554,-827,-353
2578,-844,-371
2617,-858,-363
2662,-872,-385
2713,-868,-402
2757,-875,-482
2798,-884,-573
2826,-912,-713
2852,-935,-783
2893,-950,-781
2941,-963,-688
3002,-989,-564
3064,-1035,-412
3135,-1093,-317
3186,-1138,-256
3244,-1165,-292
3246,-1161,-419
3234,-1145,-597
3217,-1129,-779
3233,-1131,-931
3276,-1147,-1053
3361,-1174,-1115
3471,-1206,-1116
3585,-1238,-1068
3691,-1269,-1002
3776,-1290,-919
3836,-1307,-840
3868,-1302,-749
3881,-1286,-668
3863,-1241,-571
3842,-1169,-492
3802,-1067,-413
3773,-954,-352
3733,-820,-302
3703,-662,-267
3694,-489,-271
3743,-306,-304
3834,-107,-401
3973,138,-513
4125,400,-670
4262,646,-817
4361,857,-967
4413,1058,-1099
4431,1235,-1184
4416,1386,-1229
4383,1499,-1220
4366,1539,-1170
4371,1554,-1086
4414,1536,-977
4486,1481,-859
4582,1386,-742
4680,1256,-648
4792,1105,-560
4892,956,-474
4979,798,-400
5044,626,-347
5094,438,-333
5133,235,-345
5176,35,-358
5181,-139,-367
5162,-283,-374
5128,-397,-375
5093,-485,-371
5100,-568,-356
5129,-667,-319
5187,-800,-272
5238,-914,-222
5255,-984,-175
5236,-997,-144
5174,-956,-128
5072,-876,-132
4947,-775,-165
4815,-662,-210
4694,-554,-259
4589,-461,-294
4514,-389,-301
4486,-352,-276
4472,-337,-235
4442,-319,-188
4409,-323,-168
4403,-361,-159
4353,-388,-152
4275,-367,-138
4201,-318,-110
4173,-288,-75
4168,-286,-45
4174,-304,-17
4171,-333,4
4153,-374,24
4126,-408,21
4086,-445,6
4022,-461,-12
3957,-470,-24
3908,-474,-31
3854,-470,-57
3795,-441,-99
3730,-391,-154
3657,-344,-209
3588,-315,-260
3525,-314,-298
3446,-317,-321
3360,-335,-330
3279,-352,-330
3193,-377,-341
3093,-400,-358
2965,-405,-384
2822,-407,-402
2676,-401,-417
2515,-399,-421
2347,-399,-415
2184,-396,-401
2015,-394,-378
1846,-388,-350
1682,-393,-318
1536,-415,-289
1405,-430,-273
1270,-451,-268
1133,-475,-289
993,-500,-323
865,-529,-370
734,-563,-413
601,-599,-448
474,-637,-462
353,-669,-465
247,-696,-450
148,-731,-432
59,-781,-416
-32,-835,-406
-124,-897,-389
-217,-951,-358
-314,-995,-298
-402,-1034,-212
-496,-1068,-96
-575,-1095,47
-621,-1101,193
-635,-1051,343
-633,-924,484
-617,-699,598
-573,-426,638
-502,-157,595
-396,82,476
-205,276,305
104,419,116
625,457,-81
1340,401,-264
2166,266,-409
3033,117,-490
3941,12,-478
4896,-9,-320
5826,79,26
6605,243,561
7097,409,1143
7281,459,1534
7186,331,1508
6884,102,1077
6573,-99,480
6332,-156,-135
6348,-83,-634
6666,46,-947
7218,182,-1062
7841,279,-1012
8364,268,-843
8659,95,-618
8734,-230,-363
8684,-629,-91
8521,-955,172
8230,-1148,372
7779,-1249,460
7232,-1277,476
6664,-1234,455
6115,-1167,405
5618,-1110,339
5178,-1081,265
4789,-1084,187
4444,-1114,113
4134,-1150,60
3836,-1176,20
3556,-1176,-6
3288,-1160,-20
3048,-1104,-20
2819,-1001,-7
2598,-848,4
2395,-668,14
2205,-497,3
2038,-356,-40
1873,-242,-102
1737,-164,-165
1656,-102,-216
1623,-55,-251
1628,-7,-268
1688,59,-250
1777,123,-219
1901,141,-194
2072,106,-153
2293,62,-86
2568,38,13
2907,37,137
3290,28,242
3681,-1,284
4103,-63,273
4606,-159,205
5210,-274,135
5950,-397,67
6859,-490,3
7917,-490,-75
9009,-398,-204
9748,-265,-306
9841,-89,-128
9225,32,381
8452,-207,802
7861,-653,978
7379,-819,908
6836,-672,586
6287,-437,160
5842,-221,-217
5545,-41,-465
5415,111,-558
5416,267,-527
5572,401,-313
5826,461,-8
6093,407,305
6304,262,555
6418,49,711
6440,-195,772
6411,-435,782
6344,-639,798
6230,-791,782
6019,-904,615
5697,-982,299
5325,-1050,-10
4940,-1106,-155
4561,-1121,-121
4185,-1100,1
3791,-1049,110
3386,-983,154
2996,-934,136
2627,-903,64
2281,-876,-36
1963,-859,-155
1664,-834,-272
1391,-802,-366
1138,-782,-433
908,-776,-472
696,-780,-497
499,-794,-515
304,-806,-540
115,-810,-575
-70,-801,-606
-224,-793,-622
-340,-795,-612
-427,-796,-571
-501,-783,-505
-577,-726,-414
-665,-629,-299
-744,-508,-166
-784,-374,-58
-773,-253,18
-664,-158,58
-433,-95,61
-102,-44,51
317,8,9
851,46,-78
1531,59,-191
2354,13,-324
3194,-51,-404
3989,-55,-379
4711,5,-206
5299,129,77
5683,301,420
5886,409,668
5906,428,715
5729,375,583
5404,303,337
4993,238,57
4677,158,-223
4700,-15,-465
5163,-285,-651
5813,-532,-768
6419,-687,-809
6907,-768,-764
7238,-803,-583
7332,-747,-275
7137,-639,97
6778,-515,412
6364,-416,617
5921,-347,728
5439,-296,762
4964,-280,710
4546,-295,583
4202,-324,381
3915,-345,126
3660,-344,-167
3418,-332,-445
3194,-310,-679
2983,-279,-842
2784,-245,-919
2591,-213,-885
2408,-156,-782
2251,-81,-618
2105,-20,-388
1977,27,-153
1844,41,45
1701,22,148
1547,-4,144
1394,-27,27
1271,-18,-157
1214,26,-359
1278,102,-543
1465,176,-660
1755,229,-681
2120,204,-555
2566,97,-273
3051,-60,143
3546,-248,587
4060,-502,851
4620,-797,803
5334,-1073,483
6385,-1278,121
7920,-1338,-174
9705,-1176,-475
11059,-934,-730
11432,-610,-543
10710,-416,177
9510,-569,661
8575,-960,659
7880,-1046,393
7164,-826,1
6531,-547,-404
6053,-322,-734
5741,-144,-916
5593,48,-911
5625,244,-741
5815,388,-450
6096,431,-105
6409,302,247
6684,5,572
6865,-374,822
6871,-766,840
6661,-1110,574
6285,-1352,222
5818,-1489,-50
5336,-1551,-182
4849,-1588,-231
4403,-1596,-264
3991,-1575,-309
3610,-1527,-356
3256,-1461,-395
2911,-1388,-438
2593,-1337,-489
2300,-1307,-523
2023,-1273,-541
1749,-1234,-536
1477,-1193,-529
1199,-1128,-512
923,-1044,-501
643,-964,-484
343,-875,-476
40,-776,-482
-245,-652,-475
-494,-508,-438
-690,-359,-360
-828,-213,-249
-899,-81,-136
-906,42,-53
-818,137,1
-641,220,30
-387,279,21
-70,291,-40
341,249,-158
887,159,-332
1617,30,-557
2510,-139,-782
3425,-266,-894
4288,-292,-862
5120,-210,-652
5845,-69,-300
6440,59,64
6859,136,303
7079,133,298
7168,42,38
7158,-94,-384
7126,-221,-814
7125,-288,-1105
7228,-402,-1155
7465,-755,-908
7599,-1200,-420
7466,-1577,70
7079,-1789,343
6563,-1765,373
6029,-1541,259
5595,-1302,87
5302,-1131,-83
5183,-1048,-183
5224,-1039,-199
5384,-1078,-175
5601,-1139,-166
5824,-1197,-182
6001,-1231,-225
6105,-1238,-274
6118,-1203,-278
6058,-1131,-217
5950,-1042,-98
5805,-937,39
5639,-833,164
5451,-737,261
5218,-654,327
4956,-575,379
4652,-508,429
4327,-439,488
4001,-402,533
3654,-384,560
3286,-371,547
2916,-352,500
2546,-318,415
2196,-282,291
1842,-232,131
1484,-160,-28
1097,-45,-163
712,99,-271
354,239,-379
41,353,-485
-218,421,-589
-443,447,-697
-651,431,-812
-806,406,-885
-844,378,-846
-687,348,-715
-382,312,-530
3,264,-340
509,158,-172
1169,-24,-44
1938,-243,43
2751,-441,105
3635,-620,108
4675,-806,39
5853,-986,-107
7075,-1155,-238
8327,-1257,-348
9511,-1295,-549
10278,-1285,-920
10428,-1157,-1324
10025,-849,-1391
9219,-447,-904
8511,-268,-230
7993,-296,315
7566,-359,586
7170,-271,636
6776,-99,521
6421,41,265
6125,106,-65
5878,122,-369
5681,122,-553
5555,97,-569
5497,35,-443
5479,-74,-243
5464,-211,-18
5418,-361,212
5332,-519,396
5196,-677,494
5010,-827,486
4765,-951,386
4467,-1024,242
4136,-1039,82
3790,-1027,-69
3448,-1015,-198
3132,-1014,-291
2851,-1017,-345
2595,-1022,-366
2353,-1029,-364
2119,-1034,-358
1885,-1024,-342
1640,-1006,-326
1391,-977,-323
1128,-933,-337
863,-880,-368
581,-806,-400
311,-731,-443
62,-671,-487
-175,-645,-519
-383,-627,-536
-561,-598,-507
-705,-544,-428
-821,-461,-324
-909,-360,-199
-921,-251,-89
-815,-154,9
-554,-114,71
-129,-117,60
481,-188,-22
1293,-295,-184
2255,-431,-356
3295,-541,-454
4412,-559,-405
5526,-413,-153
6533,-174,283
7299,83,752
7726,280,1050
7820,403,1028
7634,399,649
7247,360,115
6867,347,-387
6660,435,-672
6787,519,-669
7144,362,-492
7401,6,-142
7312,-336,324
6954,-605,654
6481,-757,737
6025,-819,575
5711,-854,244
5438,-838,-127
5284,-836,-409
5264,-871,-558
5336,-929,-547
5451,-990,-378
5577,-1056,-106
5659,-1128,193
5676,-1192,442
5601,-1221,598
5427,-1192,659
5163,-1087,638
4835,-930,584
4467,-744,526
4092,-551,468
3721,-375,419
3361,-227,363
3027,-107,292
2713,-13,203
2406,74,116
2094,174,41
1782,277,-33
1479,389,-98
1169,522,-139
888,644,-177
619,744,-206
358,836,-219
122,895,-244
-70,918,-274
-198,910,-318
-234,885,-354
-158,851,-367
52,793,-345
432,670,-305
1027,442,-279
1730,165,-203
2471,-71,12
3272,-246,392
4152,-383,821
5122,-553,1095
6074,-772,1143
7000,-1060,979
7976,-1370,715
9168,-1599,401
10516,-1674,-61
11586,-1689,-696
11933,-1566,-1013
11105,-1232,-436
9763,-1064,601
8782,-1110,1522
8153,-958,1906
7494,-528,1575
6749,-59,830
6019,310,22
5410,555,-589
4979,676,-902
4734,721,-904
4656,713,-657
4712,653,-274
4837,527,129
4960,361,468
5019,184,677
4974,-21,737
4826,-217,695
4624,-393,603
4401,-541,494
4176,-648,408
3930,-731,336
3669,-804,269
3388,-875,197
3087,-954,134
2764,-1022,64
2447,-1093,3
2140,-1160,-47
1828,-1209,-89
1535,-1242,-141
1233,-1259,-193
931,-1261,-258
626,-1264,-343
324,-1259,-432
30,-1247,-504
-261,-1212,-554
-513,-1159,-578
-714,-1098,-568
-851,-1016,-504
-930,-900,-393
-921,-758,-278
-794,-601,-175
-564,-441,-80
-248,-294,7
163,-173,56
666,-104,49
1309,-82,-21
2048,-95,-127
2840,-123,-205
3682,-140,-219
4537,-90,-140
5339,-14,52
5982,93,351
6428,200,660
6679,278,861
6790,274,840
6896,184,568
7107,59,114
7488,-43,-447
8081,-100,-979
8800,-153,-1255
9298,-233,-951
9176,-393,-30
8634,-681,900
7845,-983,1334
6965,-1136,1215
6132,-1070,779
5463,-925,245
4950,-792,-240
4567,-712,-612
4307,-678,-821
4155,-719,-884
4072,-811,-815
4049,-917,-628
4056,-1017,-356
4070,-1092,-62
4065,-1139,217
4016,-1135,426
3901,-1086,546
3715,-980,577
3450,-806,524
3132,-608,412
2809,-420,256
2490,-254,88
2180,-110,-79
1880,20,-226
1592,132,-355
1319,240,-464
1067,339,-537
817,438,-582
571,534,-612
353,629,-621
152,702,-617
-26,748,-621
-135,765,-642
-130,735,-681
13,623,-718
325,434,-708
789,221,-601
1363,42,-378
1999,-80,-60
2687,-160,283
3443,-237,568
4213,-317,744
4905,-430,812
5512,-570,775
6069,-741,670
6668,-924,503
7359,-1098,293
8243,-1191,143
9409,-1193,-75
10591,-1137,-371
11223,-1005,-339
10874,-748,463
9918,-664,1454
8844,-747,1811
7690,-687,1424
6554,-437,688
5589,-132,-37
4897,140,-545
4502,381,-804
4389,602,-873
4544,812,-799
4916,994,-615
5444,1176,-337
6013,1323,-3
6530,1440,308
6907,1525,550
7102,1572,689
7139,1509,754
7041,1300,772
6871,978,760
6646,600,755
6378,229,747
6056,-102,723
5693,-358,688
5289,-522,652
4852,-627,603
4397,-691,545
3922,-728,466
3455,-759,369
3005,-797,274
2598,-855,185
2262,-923,117
1959,-995,61
1671,-1063,17
1392,-1107,-18
1125,-1142,-45
903,-1172,-78
720,-1182,-133
566,-1161,-200
410,-1096,-277
245,-1011,-364
105,-915,-469
33,-843,-600
136,-821,-759
452,-846,-929
956,-889,-1065
1597,-928,-1119
2314,-945,-1029
3067,-945,-766
3801,-914,-356
4485,-871,149
5080,-822,656
5554,-782,1079
5857,-727,1302
5919,-680,1280
5692,-631,1076
5258,-542,814
4862,-427,551
4640,-301,335
4609,-169,181
4708,-132,73
4847,-204,-33
4956,-353,-116
5018,-548,-124
5024,-741,-36
5052,-923,140
5104,-1106,371
5194,-1304,600
5302,-1477,782
5421,-1598,912
5512,-1648,1022
5555,-1662,1104
5543,-1638,1154
5483,-1591,1185
5362,-1518,1219
5218,-1437,1261
5090,-1393,1281
4980,-1362,1304
4845,-1330,1337
4711,-1305,1368
4591,-1282,1397
4481,-1243,1421
4388,-1203,1444
4306,-1146,1460
4220,-1067,1485
4131,-958,1494
4026,-833,1483
3898,-700,1450
3764,-570,1390
3625,-448,1303
3487,-336,1203
3350,-239,1102
3250,-155,1027
3213,-86,989
3241,-35,982
3245,4,965
3233,30,924
3225,27,880
3220,4,832
3208,-40,774
3171,-98,695
3111,-158,600
3013,-215,484
2902,-266,369
2790,-305,268
2694,-346,178
2605,-395,91
2502,-449,11
2401,-511,-56
2314,-580,-118
2243,-648,-160
2199,-721,-177
2161,-793,-171
2117,-867,-160
2065,-942,-155
1999,-1019,-186
1921,-1085,-249
1823,-1145,-316
1701,-1173,-340
1598,-1183,-321
1498,-1168,-245
1408,-1138,-132
1327,-1094,3
1266,-1044,145
1229,-1027,249
1228,-1045,290
1309,-1110,226
1545,-1237,45
1921,-1386,-246
2407,-1507,-571
2960,-1551,-857
3524,-1487,-1100
4093,-1341,-1285
4684,-1154,-1388
5257,-939,-1377
5789,-681,-1205
6222,-350,-828
6591,26,-268
6936,335,355
7254,453,819
7566,331,964
7849,87,809
8075,-184,438
8368,-462,-17
8766,-756,-434
9270,-972,-680
9682,-1088,-740
9802,-1136,-633
9587,-1144,-420
9214,-1176,-185
8799,-1252,8
8379,-1354,89
7961,-1423,69
7599,-1410,1
7302,-1316,-86
7083,-1159,-150
6964,-930,-155
6889,-694,-108
6845,-465,-37
6815,-275,36
6780,-153,78
6736,-114,98
6661,-155,92
6554,-237,82
6411,-345,74
6260,-462,70
6104,-580,81
5950,-674,105
5798,-750,146
5645,-799,202
5488,-818,249
5326,-804,277
5154,-769,280
4976,-715,258
4793,-650,221
4611,-574,186
4415,-495,154
4222,-405,125
4032,-316,103
3850,-225,97
3684,-142,99
3523,-74,103
3372,-26,109
3228,23,107
3088,67,100
2960,92,73
2854,112,41
2762,117,8
2685,114,-28
2616,101,-59
2553,79,-97
2483,46,-147
2417,12,-204
2358,-28,-283
2307,-73,-374
2271,-131,-482
2243,-189,-587
2217,-251,-687
2187,-324,-775
2155,-409,-838
2124,-500,-869
2112,-595,-868
2108,-694,-840
2128,-792,-794
2171,-884,-745
2231,-968,-695
2316,-1025,-672
2403,-1067,-670
2487,-1098,-715
2557,-1149,-811
2615,-1241,-978
2707,-1387,-1208
2851,-1565,-1482
3053,-1756,-1791
3303,-1944,-2126
3578,-2127,-2464
3842,-2304,-2788
4075,-2466,-3054
4257,-2578,-3191
4346,-2609,-3116
4348,-2392,-2510
4363,-1974,-1357
4511,-1500,125
4794,-1141,1444
5103,-1022,2067
5330,-1097,1821
5492,-1263,1041
5610,-1416,154
5692,-1457,-581
5715,-1375,-1021
5679,-1181,-1146
5624,-927,-990
5588,-669,-644
5602,-442,-270
5648,-252,41
5672,-112,207
5664,-10,212
5639,37,103
5600,55,-76
5548,75,-243
5492,94,-381
5412,108,-461
5317,115,-482
5210,95,-486
5105,53,-483
5010,-13,-467
4936,-99,-435
4873,-184,-384
4813,-260,-309
4747,-325,-226
4678,-386,-148
4598,-443,-80
4497,-494,-36
4375,-538,-13
4240,-578,-17
4093,-621,-54
3932,-663,-101
3781,-700,-145
3639,-711,-169
3512,-700,-177
3404,-667,-158
3299,-608,-140
3189,-571,-137
3071,-558,-151
2983,-570,-171
2933,-592,-173
2891,-618,-157
2846,-647,-139
2803,-678,-125
2757,-716,-117
2726,-754,-108
2689,-778,-92
2650,-796,-70
2622,-804,-37
2565,-792,-30
2503,-772,-46
2429,-736,-80
2359,-692,-113
2292,-643,-127
2216,-575,-134
2145,-506,-139
2070,-436,-174
1985,-370,-245
1902,-298,-342
1814,-228,-451
1735,-167,-559
1677,-123,-691
1660,-108,-833
1690,-123,-965
1769,-164,-1067
1876,-216,-1142
1995,-268,-1190
2126,-300,-1208
2254,-330,-1204
2386,-352,-1183
2523,-370,-1143
2661,-380,-1075
2808,-391,-982
2965,-404,-873
3126,-411,-781
3309,-405,-734
3528,-397,-752
3809,-391,-835
4150,-386,-973
4567,-373,-1161
5039,-323,-1348
5526,-228,-1482
5994,-79,-1511
6406,194,-1382
6687,587,-1068
6830,1071,-636
6871,1555,-269
6857,1937,-123
6844,2176,-233
6872,2291,-516
6927,2297,-801
6941,2220,-991
6897,2097,-1046
6812,1898,-1009
6716,1636,-944
6610,1322,-874
6505,987,-789
6411,664,-674
6324,381,-534
6233,144,-384
6140,-35,-244
6063,-163,-125
6015,-250,-47
5985,-309,-9
5953,-332,-5
5893,-312,-17
5793,-251,-30
5664,-136,-30
5508,4,-89
5325,153,-228
5122,277,-431
4902,349,-635
4671,413,-769
4442,503,-792
4251,596,-720
4071,689,-602
3918,771,-484
3790,845,-387
3659,910,-319
3517,963,-293
3362,997,-315
3191,1016,-354
3026,1025,-401
2857,1021,-449
2694,997,-498
2542,964,-542
2398,927,-576
2265,889,-600
2147,848,-618
2032,804,-622
1929,761,-619
1835,717,-609
1761,671,-595
1700,625,-584
1650,579,-580
1611,528,-586
1591,472,-604
1596,405,-640
1614,330,-678
1662,257,-717
1736,172,-741
1824,87,-729
1925,6,-689
2040,-70,-615
2149,-137,-512
2255,-190,-390
2361,-227,-264
2479,-243,-152
2605,-235,-60
2753,-201,-4
2929,-157,4
3138,-119,-27
3390,-77,-85
3687,-41,-150
4028,-13,-219
4426,5,-287
4871,22,-351
5331,20,-417
5760,16,-494
6116,-2,-565
6376,-9,-568
6517,-10,-501
6567,-22,-384
6547,-103,-273
6522,-254,-203
6531,-424,-170
6535,-589,-177
6501,-777,-219
6473,-981,-278
6458,-1160,-342
6452,-1279,-400
6430,-1316,-464
6369,-1274,-537
6241,-1160,-599
6041,-983,-637
5811,-769,-667
5585,-550,-696
5388,-348,-749
5231,-237,-786
5085,-149,-891
4947,-77,-1030
4818,-32,-1164
4673,4,-1295
4517,18,-1393
4335,8,-1458
4151,-18,-1499
3959,-72,-1529
3773,-160,-1572
3599,-277,-1634
3439,-412,-1703
