1024.111294197048,24.2879444694519
1024.111892356018,24.29041386842728
1024.11372309997,24.28647617816925
1024.136515924025,24.28761076688766
1024.100827678632,24.28981320381165
1024.11365533622,24.28827817201615
1024.122501677811,24.28714358329773
1024.043059201779,24.28313915252686
1024.043940772683,24.28207130432129
1024.061340336994,24.28040279150009
1024.157953952112,24.28080323457718
1024.154644000241,24.2833393740654
1024.125561478916,24.27606465816498
1024.221934976267,24.27159304380417
1024.307847339394,24.27045845508576
1024.323031779489,24.26852298021317
1024.24862200058,24.2689901638031
1024.233133429732,24.26858972072601
1024.29789238077,24.27072541713715
1024.29414595088,24.27452962636948
1024.243121467188,24.27713250637055
1024.308639874746,24.28474092483521
1024.451429855037,24.28694336175919
1024.25422393069,24.28801120996475
1024.233950266717,24.29021364688873
1024.245759086873,24.29261630535126
1024.238540616637,24.29521918535233
1024.228748054408,24.29995776176453
1024.250001942681,24.30369523048401
1024.220657718269,24.30656507253647
1024.336909115405,24.31070298433304
1024.353298797003,24.31517459869385
1024.263696410297,24.3183114027977
1024.459184120267,24.32745485305786
1024.302516836214,24.32558611869812
1024.310712666161,24.32818899869919
1024.283938636132,24.32818899869919
1024.312936122934,24.33139254331589
1024.250469947792,24.33359498023987
1024.30144169999,24.33499653100968
1024.29414434949,24.33646482229233
1024.236749809026,24.33326127767563
1024.283214404029,24.33226016998291
1024.284301903966,24.32652048587799
1024.280596228561,24.32118124485016
1024.26391431729,24.31731029510498
1024.266623787999,24.31157061100006
1024.271997298441,24.30850054740906
1024.299133022577,24.30683203458786
1024.250445158345,24.30389545202255
1024.238724050708,24.30556396484375
1024.253708031778,24.30903447151184
1024.3077722079,24.30963513612747
1024.28661599407,24.31290542125702
1024.210287725997,24.31544156074524
1024.293056544998,24.3198464345932
1024.292107430739,24.32271627664566
1024.215256727556,24.32391760587692
1024.262257783063,24.32939032793045
1024.236895225267,24.33259387254715
1024.261392591852,24.3355971956253
1024.29480796429,24.33639808177948
1024.257563242076,24.33753267049789
1024.297106134574,24.34000206947327
1024.253661103375,24.33980184793472
1024.249963324146,24.33666504383087
1024.301228470646,24.33746592998505
1024.304481017088,24.33966836690903
1024.2713678152,24.34120339870453
1024.230577217439,24.34073621511459
1024.287149439167,24.34026903152466
1024.274163092953,24.338800740242
1024.31481536201,24.3421377658844
1024.227479512452,24.34080295562744
1024.23987483695,24.3420042848587
1024.239220152504,24.34500760793686
1024.305461256094,24.34634241819382
1024.304075107093,24.35121447563171
1024.258851859046,24.34874507665634
1024.284754313361,24.35274950742722
1024.272506424647,24.3516149187088
1024.187018535986,24.35221558332443
1024.312350311507,24.35568608999252
1024.262483285021,24.35441802024841
1024.310500263155,24.35375061511994
1024.308497868274,24.35028010845185
1024.320591126008,24.34914551973343
1024.305463579374,24.34707656383515
1024.271226984554,24.34333909511566
1024.27070418661,24.34127013921738
1024.2998403823,24.34160384178162
1024.321231178016,24.34173732280731
1024.316287967936,24.34133687973023
1024.308040758288,24.34567501306534
1024.531225338943,24.34167058229447
1024.511967617159,24.33993532896042
1024.441664774115,24.33713222742081
1024.457451148429,24.33766615152359
1024.359931276821,24.33466282844544
1024.329916366589,24.33613111972809
1024.263472382663,24.34020229101181
1024.233749907378,24.34106991767883
1024.182850530896,24.33933466434479
1024.212727363785,24.34073621511459
1024.32129425952,24.33846703767777
1024.281725026491,24.3279220366478
1024.092213241889,24.31817792177201
1024.127913386669,24.31891206741333
1024.297921951261,24.31911228895187
1024.229996444895,24.32031361818314
1024.413518568615,24.32478523254395
1024.503748801792,24.33145928382874
1024.483610333465,24.33079187870026
1024.309147742283,24.32345042228699
1024.204547720244,24.31944599151611
1024.274471306488,24.32024687767029
1024.366746668051,24.32198213100433
1024.278295124255,24.31684311151505
1024.365325995664,24.31657614946365
1024.448464534308,24.32078080177307
1024.449730086542,24.32391760587692
1024.420081735973,24.3244515299797
1024.451282944641,24.32498545408249
1024.344563297728,24.32698766946793
1024.337398937342,24.32411782741547
1024.367127700602,24.32545263767242
1024.330014244107,24.3215149474144
1024.341497202405,24.31497437715531
1024.327329068233,24.31297216176987
1024.344001076972,24.31390652894974
1024.331160057729,24.31177083253861
1024.393928736018,24.31263845920563
1024.362583304407,24.31277194023132
1024.338451231973,24.3088342499733
1024.267072020249,24.31323912382126
1024.391422294672,24.31297216176987
1024.39112406934,24.31210453510284
1024.293171366258,24.3103692817688
1024.316691282651,24.30816684484482
1024.306740586531,24.30990209817886
1024.393627779156,24.31103668689728
1024.31405267144,24.31283868074417
1024.340379905721,24.3119043135643
1024.394299485486,24.31317238330841
1024.262940366863,24.31283868074417
1024.358400105047,24.31857836484909
1024.357650851825,24.31530807971954
1024.294796536929,24.31110342741012
1024.303643126615,24.30996883869171
1024.341491966513,24.31350608587265
1024.428519372027,24.31250497817993
1024.430964355915,24.31544156074524
1024.378221099475,24.31323912382126
1024.394885079947,24.31197105407715
1024.287774885084,24.30683203458786
1024.270429350424,24.30302782535553
1024.383053478073,24.30369523048401
1024.40177440237,24.30042494535446
1024.303157810558,24.29802228689194
1024.473094967587,24.3007586479187
1024.41627928895,24.29415133714676
1024.320030629235,24.29355067253113
1024.366047244213,24.29234934329987
1024.361026240357,24.29081431150436
1024.346253145823,24.2848744058609
1024.338274153437,24.28127041816711
1024.378909036529,24.28093671560287
1024.436012321894,24.26825601816178
1024.28752329281,24.25944627046585
1024.263540434918,24.25557532072067
1024.429588005533,24.24923497200012
1024.291233172841,24.2468323135376
1024.316669356346,24.24549750328064
1024.406546853949,24.24176003456116
1024.369630852178,24.23168221712113
1024.348669020843,24.22734408378601
1024.302492889715,24.22407379865646
1024.3103746129,24.22213832378387
1024.301675319702,24.22260550737381
1024.283113520567,24.22741082429886
1024.429856365715,24.22701038122177
1024.36823108499,24.21566449403763
1024.28801439773,24.2182673740387
1024.384457092049,24.21639863967896
1024.393314161865,24.21820063352585
1024.215880087015,24.21426294326782
1024.288809326411,24.21459664583206
1024.478930264735,24.21913500070572
1024.353153585429,24.20812281608582
1024.355439149471,24.20805607557297
1024.44067494994,24.2069882273674
1024.384776733095,24.20592037916184
1024.286766582541,24.20305053710938
1024.340010938948,24.20438534736633
1024.499038386031,24.19964677095413
1024.339498252243,24.18950221300125
1024.436059561458,24.1832953453064
1024.388941683431,24.18289490222931
1024.378693356805,24.18302838325501
1024.299259410638,24.17828980684281
