3740,884,1497
3759,1069,1438
3753,1072,1429
3760,934,1475
3780,1000,1467
3774,1021,1487
3790,1040,1555
3795,1039,1512
3807,1048,1550
3784,1048,1594
3830,1260,1471
3840,1182,1568
3800,1072,1601
3818,1086,1571
3843,1090,1637
3837,1127,1605
3838,1096,1581
3794,1111,1545
3829,1097,1616
3822,1266,1589
3821,1318,1575
3802,1344,1468
3796,1345,1543
3806,1322,1463
3802,1223,1557
3803,1105,1631
3794,1089,1636
3790,1106,1579
3779,1107,1669
3773,1214,1527
3785,1114,1602
3810,1120,1613
3795,1127,1611
3750,1152,1538
3773,1185,1520
3755,1200,1517
3740,1198,1514
3772,1220,1472
3784,1416,1398
3753,1280,1433
3742,1263,1442
3753,1294,1409
3708,1307,1441
3703,1323,1348
3658,1297,1362
3653,1378,1321
3665,1379,1258
3665,1554,1148
3632,1514,1099
3590,1459,1158
3604,1464,1041
3612,1489,1093
3626,1558,967
3550,1573,1055
3569,1598,934
3593,1588,988
3533,1690,871
3530,1703,823
3528,1600,819
3451,1608,730
3411,1580,695
3408,1558,673
3358,1566,572
3317,1547,496
3287,1534,418
3281,1665,360
3284,1637,294
3253,1508,269
3248,1514,270
3224,1528,210
3247,1522,172
3204,1491,220
3197,1514,127
3202,1513,123
3197,1712,-30
3166,1705,-59
3162,1569,-76
3192,1620,-152
3198,1618,-213
3184,1601,-320
3136,1614,-390
3106,1584,-430
3084,1582,-540
3061,1628,-738
2990,1683,-861
2964,1523,-726
2936,1440,-808
2928,1367,-848
2885,1339,-836
2846,1344,-864
2843,1324,-753
2865,1355,-654
2866,1300,-599
2907,1379,-662
2952,1210,-448
2984,1172,-369
3010,1172,-243
3019,1196,-16
3077,1170,91
3071,1169,111
3099,1164,212
3144,1172,326
3198,1298,357
3220,1171,444
3235,1206,611
3266,1181,646
3309,1177,687
3332,1243,745
3355,1266,771
3385,1256,814
3384,1254,818
3429,1338,804
3459,1233,864
3460,1212,1005
3512,1223,1025
3492,1194,1054
3553,1212,1029
3568,1198,1173
3560,1193,1072
3581,1171,1111
3561,1258,988
3607,1250,1033
3643,1123,1113
3651,1106,1150
3655,1102,1218
3717,1055,1178
3723,1055,1173
3781,1096,1261
3805,1127,1224
3808,1254,1196
3842,1216,1231
3859,1120,1238
3889,1097,1328
3915,1116,1273
3945,1153,1278
3967,1115,1339
3974,1132,1358
3973,1159,1263
4018,1323,1212
4012,1273,1256
4054,1216,1249
4019,1208,1315
4065,1283,1304
4065,1283,1377
4079,1271,1249
4113,1308,1339
4141,1282,1238
4118,1279,1203
4125,1353,1161
4119,1247,1192
4127,1227,1159
4115,1217,1155
4096,1203,1105
4069,1160,1119
4070,1110,1071
4063,1144,1009
4023,1088,946
4070,1214,910
4067,1088,1037
4042,1032,999
4046,1023,1042
4079,1039,1050
4091,1026,1007
4047,1052,1077
4104,1051,1030
4097,1049,1023
4120,1174,1006
4121,1041,1102
4124,1084,1129
4162,1058,1135
4173,1071,1186
4123,1103,1159
4148,1148,1180
4144,1145,1024
4092,1194,1090
4090,1355,917
4114,1367,928
4092,1377,971
4101,1343,928
4096,1342,838
4065,1202,1000
4097,1204,932
4092,1181,1064
4124,1196,1140
4101,1299,1074
4138,1261,1173
4113,1116,1287
4124,1110,1343
4147,1130,1223
4150,1148,1336
4137,1139,1276
4133,1098,1281
4156,1129,1326
4129,1270,1317
4122,1217,1311
4133,1064,1381
4137,1077,1520
4167,1084,1459
4178,1094,1536
4152,1046,1433
4135,1050,1491
4104,1014,1462
4127,1210,1365
4113,1129,1430
4097,957,1485
4072,944,1577
4052,908,1569
4052,896,1563
4037,858,1517
4056,853,1538
4009,841,1570
3999,834,1543
4030,943,1454
3998,806,1557
3978,821,1521
4016,827,1577
3999,839,1574
4023,867,1489
4009,836,1552
4021,881,1537
4031,898,1548
4000,1037,1493
4034,937,1495
4030,909,1547
4000,933,1613
4039,948,1517
4000,935,1538
4012,928,1537
3999,970,1508
3993,1003,1583
3999,1170,1457
3954,1011,1526
4004,1070,1542
4007,1102,1475
3979,1089,1513
3990,1132,1517
3986,1132,1447
3990,1151,1471
3958,1120,1462
3944,1226,1297
3926,1099,1312
3921,1073,1323
3881,1083,1337
3900,1076,1272
3894,1033,1240
3865,1031,1255
3849,1030,1273
3827,985,1257
3863,1084,1121
3828,1088,1108
3837,993,1214
3865,973,1258
3832,1008,1280
3869,1019,1337
3836,1046,1355
3881,1061,1338
3882,1067,1321
3892,1269,1304
3907,1187,1327
3921,1075,1503
3945,1058,1556
3982,1069,1577
3939,1067,1657
3922,1068,1524
3929,1072,1440
3891,1097,1518
3923,1299,1310
3930,1211,1258
3874,1105,1381
3923,1092,1344
3881,1146,1281
3893,1213,1258
3908,1212,1315
3938,1222,1416
3999,1180,1460
3988,1202,1528
3970,1294,1464
3964,1165,1590
3997,1174,1528
3992,1157,1480
3991,1181,1527
4009,1201,1507
4025,1202,1507
4004,1236,1552
4008,1226,1536
4017,1348,1554
4055,1246,1588
4031,1233,1639
4018,1242,1656
4028,1212,1673
4010,1213,1640
4011,1189,1735
3989,1161,1672
3993,1158,1667
3996,1228,1599
4010,1122,1697
3982,1049,1757
3974,1028,1663
4014,1023,1732
3996,1028,1750
3958,1030,1762
3993,1003,1723
3961,1025,1667
3982,1106,1684
3953,1100,1769
3972,974,1676
3971,1004,1669
3974,1047,1735
3964,1079,1741
4007,1095,1679
3990,1131,1689
4007,1162,1687
3990,1372,1510
3989,1245,1525
3989,1159,1610
4002,1188,1607
3990,1207,1565
3963,1252,1588
3987,1266,1499
3920,1310,1541
3960,1345,1473
3950,1571,1361
3936,1498,1385
3906,1409,1466
3925,1393,1395
3926,1401,1317
3919,1403,1230
3866,1358,1244
3907,1369,1272
3868,1376,1153
3854,1491,1049
3839,1532,936
3837,1510,841
3791,1436,925
3807,1371,880
3821,1251,958
3813,1218,1035
3796,1189,972
3796,1173,983
3772,1176,1028
3830,1283,994
3819,1166,1157
3858,1190,1174
3886,1236,1243
3873,1208,1271
3902,1238,1327
3906,1243,1395
3932,1266,1340
3992,1261,1397
3973,1418,1290
3943,1316,1358
3933,1338,1323
3968,1362,1264
3948,1372,1261
3950,1402,1250
3954,1358,1215
3949,1341,1130
3908,1345,1098
3903,1488,928
3886,1396,1039
3940,1412,1046
3933,1441,1113
3972,1420,1085
4000,1392,1112
3996,1390,1155
4006,1403,1219
4015,1412,1229
3999,1544,1123
4016,1551,1196
4015,1430,1307
4030,1494,1244
3995,1484,1280
4029,1489,1333
4000,1476,1312
4014,1479,1332
4049,1525,1323
4022,1613,1372
4042,1596,1425
3999,1481,1424
4058,1486,1480
4051,1445,1426
4030,1469,1604
4050,1453,1534
4019,1438,1525
4064,1426,1519
4074,1591,1428
4064,1552,1376
4061,1391,1496
4029,1367,1527
4035,1384,1493
4021,1363,1475
4015,1349,1464
4014,1313,1497
4007,1327,1428
4009,1372,1354
3987,1480,1323
3946,1344,1420
3987,1328,1429
3972,1360,1419
3978,1400,1505
3981,1405,1548
3984,1416,1483
3971,1457,1407
3988,1442,1432
3946,1525,1294
3958,1436,1358
3935,1447,1377
3947,1460,1386
3925,1475,1266
3892,1480,1301
3921,1518,1287
3894,1554,1229
3883,1608,1272
3892,1752,1146
3880,1661,1257
3896,1703,1295
3891,1709,1234
3859,1704,1267
3849,1699,1171
3857,1682,1103
3861,1685,1056
3807,1634,975
3795,1758,899
3781,1578,1011
3778,1558,999
3757,1573,876
3784,1574,821
3772,1573,852
3811,1583,890
3847,1513,923
3849,1548,943
3829,1709,802
3838,1631,902
3861,1534,1007
3882,1572,1072
3913,1602,1128
3924,1609,1152
3905,1646,1246
3912,1648,1301
3909,1618,1323
3972,1782,1241
3984,1781,1346
3945,1672,1449
3950,1635,1468
3981,1655,1436
3976,1681,1542
3971,1722,1472
3964,1699,1482
3959,1706,1511
3956,1945,1386
3962,1878,1374
3971,1786,1382
3943,1772,1403
3968,1810,1449
3974,1805,1491
3937,1854,1428
3957,1845,1421
3938,1870,1500
3961,1853,1502
3987,1970,1511
3978,1847,1567
3954,1835,1596
3976,1825,1639
3958,1817,1541
3953,1838,1597
4006,1849,1582
3989,1861,1686
3999,1847,1680
4003,1933,1650
4040,1857,1768
4047,1849,1795
4058,1848,1859
4075,1872,1888
4089,1878,1958
4062,1866,2017
4061,1850,1997
4058,1844,2094
4076,1980,1981
4060,1840,2087
4088,1823,2052
4089,1837,2052
4098,1771,2083
4109,1784,2061
4116,1754,2060
4131,1767,2079
4126,1745,2075
4192,1925,2003
4183,1948,1938
4156,1907,1930
4187,1885,1942
4189,1855,1971
4196,1721,2116
4159,1695,2085
4170,1676,2179
4195,1694,2192
4211,1791,2175
4189,1836,2214
4194,1767,2209
4191,1791,2264
4199,1792,2476
4195,1809,2339
4225,1802,2300
4201,1812,2367
4186,1836,2295
4205,2085,2208
4173,1999,2202
4160,1848,2169
4175,1922,2073
4121,1936,2056
4147,1968,2098
4133,2010,2033
4133,2048,2111
4144,2005,2123
4120,2259,2018
4135,2188,1910
4118,2064,1958
4104,2084,1984
4075,2123,1984
4088,2099,1912
4073,2104,1880
4061,2088,1797
4021,2095,1796
4079,2085,1682
4067,2169,1631
4054,2051,1647
4052,2040,1734
4081,2021,1739
4102,2027,1723
4092,2101,1722
4079,2050,1735
4102,2041,1791
4121,2012,1847
4112,2228,1855
4102,2149,1910
4113,2023,2056
4186,2072,2178
4147,2041,2112
4116,2035,2237
4147,2032,2245
4146,2047,2340
4150,2045,2366
4157,2207,2270
4148,2090,2351
4115,2106,2381
4111,2117,2279
4090,2133,2214
4068,2151,2194
4098,2174,2073
4072,2134,2090
4088,2146,2177
4063,2349,2007
4093,2267,2104
4085,2190,2306
4084,2186,2298
4079,2181,2366
4085,2199,2464
4095,2179,2433
4120,2188,2591
4162,2180,2645
4130,2293,2544
4122,2298,2536
4089,2200,2673
4110,2180,2722
4155,2194,2765
4135,2171,2731
4118,2177,2777
4123,2181,2784
4131,2175,2908
4140,2358,2786
4175,2298,2877
4176,2131,3025
4138,2092,3033
4176,2079,3038
4180,2095,3004
4166,2069,3164
4127,2029,3096
4180,2042,3070
4187,2203,2987
4197,2122,2978
4184,1983,3004
4232,1949,2985
4242,1949,3053
4193,1918,3012
4221,1971,2965
4205,1951,3017
4223,1948,2944
4222,1901,2895
4243,2055,2881
4271,1912,2916
4264,1937,2922
4242,1924,2982
4258,1942,2911
4266,1957,3011
4231,1970,2937
4225,1985,3019
4215,1994,3081
4220,2134,2992
4207,2002,2969
4187,2059,2947
4165,2024,2874
4170,2083,2875
4130,2081,2834
4153,2118,2863
4129,2132,2862
4138,2161,2835
4138,2300,2738
4117,2181,2836
4118,2220,2856
4108,2180,2830
4128,2209,2832
4085,2246,2825
4090,2228,2667
4097,2221,2624
4068,2215,2619
4137,2319,2528
4087,2247,2572
4098,2172,2538
4134,2168,2517
4123,2156,2534
4145,2178,2484
4121,2189,2562
4174,2125,2597
4146,2124,2546
4151,2304,2536
4163,2345,2644
4187,2353,2699
4221,2342,2767
4189,2243,2896
4157,2069,3164
4191,2070,3149
4131,2092,3318
4135,2093,3495
4187,2262,3489
4133,2193,3533
4149,2050,3694
4127,2050,3740
4108,2042,3694
4119,2068,3758
4077,2072,3695
4103,2079,3742
4102,2075,3752
4132,2224,3678
4127,2132,3699
4127,1973,3801
4134,1991,3818
4136,1943,3911
4151,1931,3922
4136,1945,4034
4143,1879,4077
4158,1851,4140
4178,1838,4194
4146,1931,4164
4137,1782,4382
4118,1749,4384
4104,1733,4499
4110,1715,4525
4126,1665,4666
4111,1618,4694
4098,1569,4720
4106,1516,4802
4130,1578,4748
4098,1424,4782
4078,1322,4807
4103,1316,4929
4095,1275,4945
4099,1218,4887
4112,1169,4920
4129,1133,4902
4111,1087,5006
4095,1144,4793
4101,998,4898
4103,918,4940
4120,869,4892
4075,894,4942
4101,825,4902
4094,797,4883
4070,716,4817
4128,700,4844
4086,805,4735
4114,742,4777
4093,582,4772
4104,549,4651
4060,517,4656
4082,498,4565
4055,454,4609
4065,368,4508
4046,366,4479
4058,447,4361
4068,405,4260
4022,245,4394
3974,213,4376
3968,150,4380
3946,116,4333
3931,55,4316
3900,-12,4267
3907,-34,4125
3925,130,4095
3897,64,3986
3832,-155,4022
3841,-126,3943
3860,-149,3854
3851,-142,3806
3850,-182,3772
3794,-190,3671
3804,-175,3677
3755,-132,3573
3792,-97,3459
3753,-223,3480
3756,-222,3473
3770,-250,3417
3714,-226,3374
3719,-241,3339
3730,-248,3339
3714,-263,3358
3699,-254,3237
3725,-168,3038
3731,-286,3124
3705,-302,3118
3712,-327,3135
3704,-304,3174
3682,-245,3143
3651,-314,3103
3691,-316,3115
3691,-319,3178
3693,-152,3022
3713,-285,3100
3726,-280,3142
3706,-291,3090
3718,-354,3092
3738,-267,3034
3737,-259,3020
3757,-270,2993
3785,-279,2922
3783,-136,2870
3730,-264,2885
3758,-278,2864
3763,-263,2852
3756,-254,2906
3774,-243,2903
3817,-233,2915
3807,-245,2866
3787,-231,2865
3788,-124,2764
3785,-112,2746
3768,-244,2898
3807,-233,2777
3803,-227,2786
3755,-209,2764
3816,-227,2724
3808,-240,2818
3786,-231,2713
3809,6,2541
3803,-91,2648
3818,-238,2757
3801,-234,2712
3845,-231,2771
3823,-229,2715
3834,-228,2656
3825,-210,2674
3836,-205,2566
3816,-32,2526
3808,-62,2411
3823,-208,2447
3827,-192,2399
3804,-163,2281
3778,-161,2349
3793,-163,2291
3842,-138,2256
3787,-123,2234
3815,-95,2162
3815,83,2087
3834,-110,2167
3850,-47,2171
3835,-5,2235
3857,4,2141
3866,50,2056
3890,71,2104
3919,125,2103
3936,157,2129
3954,411,1969
3963,444,1941
3977,508,1844
4034,535,1917
3996,416,1952
4008,426,1864
4030,493,1758
4033,521,1834
4118,614,1784
4110,803,1652
4093,674,1739
4094,775,1786
4113,810,1742
4100,920,1711
4093,977,1734
4078,1040,1731
4067,1083,1660
4069,1150,1650
4072,1323,1482
4023,1262,1595
4035,1325,1594
4036,1393,1661
4009,1385,1592
4012,1406,1585
4013,1437,1560
4004,1475,1545
4027,1479,1476
4015,1606,1354
4029,1645,1345
3998,1556,1437
4004,1525,1300
3996,1543,1275
3964,1583,1332
3991,1620,1277
3995,1633,1221
3943,1613,1248
3971,1850,1095
3929,1780,1084
3956,1642,1127
3954,1689,1160
3923,1730,1140
3894,1747,1173
3908,1754,1223
3918,1828,1176
3923,1786,1204
3888,2010,1135
3917,1968,1066
3882,1836,1129
3870,1886,1194
3887,1899,1210
3875,1893,1202
3854,1922,1118
3875,1957,1141
3850,1963,1180
3821,2009,1163
3828,2125,1056
3808,1998,1094
3831,2037,1169
3780,2057,1107
3779,2067,1043
3779,2095,1082
3755,2110,1030
3762,2142,1010
3741,2133,956
3731,2259,911
3703,2134,988
3716,2172,982
3703,2202,994
3688,2221,946
3703,2285,926
3707,2308,986
3659,2331,942
3612,2335,1021
3622,2477,855
3578,2400,939
3576,2403,959
3543,2415,933
3532,2451,952
3558,2446,899
3525,2454,948
3544,2469,879
3507,2499,986
3485,2652,816
3460,2558,900
3464,2548,939
3482,2601,895
3435,2638,961
3453,2655,958
3416,2670,1052
3367,2671,978
3362,2706,1027
3371,2838,974
3356,2862,981
3336,2742,1079
3275,2789,1131
3271,2809,1073
3256,2825,1137
3219,2871,1089
3196,2906,1166
3168,2924,1267
3123,3144,1190
3053,3067,1170
3075,3011,1154
3059,2974,1177
3075,2987,1146
3055,3002,1100
2976,3033,1104
2989,3032,1169
2998,3044,1057
3037,3224,1041
3040,3174,1116
2967,3042,1202
3005,3042,1202
3001,3052,1210
2983,3033,1255
2975,3052,1313
2948,3097,1303
2972,3078,1318
2973,3047,1388
3033,3194,1346
3044,3072,1382
3075,3085,1502
3060,3063,1526
3141,3084,1481
3156,3084,1605
3213,3045,1522
3190,3046,1548
3269,3019,1622
3281,3165,1586
3308,3031,1750
3312,3036,1821
3300,3035,1867
3298,3041,1836
3354,3067,1858
3333,3078,1872
3344,3035,1759
3332,3022,1783
3333,3137,1633
3319,3051,1635
3330,3046,1608
3266,3025,1579
3302,3039,1592
3292,3027,1645
3285,3020,1585
3312,2987,1528
3282,2949,1494
3225,3069,1438
3242,3000,1567
3238,2989,1514
3204,2982,1460
3157,3009,1314
3153,3025,1309
3134,2999,1347
3133,3015,1214
3086,3052,1332
3079,3202,1221
3027,3271,1124
3046,3300,1149
3050,3290,1207
3027,3195,1209
3045,3087,1301
3019,3051,1296
3046,3110,1305
3069,3096,1324
3058,3233,1185
3071,3173,1187
3025,3058,1223
3076,3076,1164
3057,3059,1186
3059,3067,1110
3039,3053,1079
3037,3061,1016
3080,3051,1147
3075,3208,944
3093,3149,880
3090,3038,1035
3090,3016,961
3114,2986,995
3105,3005,901
3113,2990,969
3099,2997,884
3079,2999,922
3065,3017,904
3094,3087,827
3124,2991,900
3108,3007,921
3080,2992,828
3078,3014,940
3079,2990,889
3088,3006,865
3093,3001,849
3088,2975,839
3083,3141,801
3072,3027,850
3072,2998,897
3090,2999,877
3069,2999,918
3030,3000,937
3060,2994,936
3050,3045,936
3082,3049,909
3042,3141,852
3098,3033,893
3072,3033,841
3057,2981,906
3047,3037,874
3051,3061,906
3075,3007,841
3067,3027,889
3059,3025,930
3064,3167,785
3081,3180,955
3096,3047,885
3098,3044,907
3072,3009,931
3100,3011,935
3071,3010,936
3067,3007,928
3065,3020,872
3054,3110,854
3068,3150,956
3067,3040,963
3067,3060,940
3051,3031,963
3112,3067,1052
3139,3067,989
3101,3058,965
3089,3031,990
3110,3219,824
3118,3168,836
3143,3023,1010
3112,3022,968
3094,3023,1043
3095,3000,997
3089,2987,1026
3088,3024,992
3061,3021,912
3096,3121,942
3122,3133,917
3091,2991,972
3105,3002,992
3114,2983,921
3093,2997,914
3094,3019,915
3066,3036,962
3086,3003,995
3084,3002,968
3102,3122,863
3122,2980,962
3100,3017,949
3104,2987,885
3072,2997,931
3115,3024,1071
3078,2974,981
3087,3039,1000
3145,2974,992
3096,3147,898
3109,3012,951
3097,3005,938
3092,3015,1107
3099,3010,989
3092,3018,1075
3126,3000,947
3085,2988,1014
3111,2983,1046
3111,3113,893
3103,2981,925
3117,2984,962
3132,3021,1027
3123,2989,985
3136,2993,978
3131,3014,925
3106,3001,971
3098,3025,998
3136,3194,881
3127,3131,894
3174,2982,948
3092,3025,889
3110,3045,937
3078,3028,958
3137,2994,1006
3136,3017,1017
3132,2991,985
3140,3134,899
3130,3112,913
3122,2982,903
3123,3011,1017
3103,2984,967
3094,2976,1015
3096,3011,1011
3162,2968,933
3125,2990,976
3115,3148,881
3123,3112,891
3120,2984,988
3110,3002,955
3110,3034,991
3118,3018,964
3124,3026,977
3125,3025,967
3131,2991,1013
3154,3033,886
3110,3146,923
3127,3013,1018
3137,3007,954
3101,3014,1010
3155,3011,994
3114,2983,1005
3136,3000,1035
3105,3042,971
3097,2991,922
3123,3219,786
3134,3245,804
3145,3211,884
3135,3135,906
3129,3044,983
3105,3018,936
3125,3046,932
3111,3009,949
3124,3022,955
3127,3178,850
3145,3033,960
3116,3002,912
3106,3003,883
3131,2985,905
3130,2990,972
3155,2976,992
3130,2992,928
3131,3010,974
3130,3133,823
3156,3030,925
3170,2999,967
3140,2989,1023
3144,3003,971
3142,3011,894
3135,3049,998
3142,3014,979
3159,3007,955
3127,3174,864
3102,3136,903
3112,3006,991
3123,3019,979
3152,3023,993
3165,3025,953
3134,3011,972
3131,3036,905
3156,3062,973
3149,3162,828
3166,3153,910
3148,3006,955
3162,2995,950
3160,3041,1054
3093,3019,927
3121,2991,920
3143,2990,1016
3116,3011,965
3126,3215,830
3138,3135,905
3149,3027,935
3125,3004,942
3120,3019,937
3141,3008,979
3142,3045,956
3124,2989,979
3132,2983,923
3142,2984,955
3133,3138,962
3172,3019,1016
3150,3031,1033
3149,3024,977
3141,2993,932
3124,2979,1007
3142,2991,936
3157,2975,928
3134,2983,968
3147,3126,818
3141,3013,969
3143,3018,948
3144,3008,932
3170,3009,956
3143,3003,1019
3156,2981,980
3147,2997,1029
3194,3011,1016
3101,3103,876
3145,3000,986
3154,3020,931
3127,2984,942
3123,3000,939
3134,2993,968
3160,2991,947
3161,3000,965
3173,3014,926
3149,3164,834
3139,2986,975
3168,2982,979
3135,2998,954
3150,2992,909
3108,2998,912
3140,3005,968
3137,3006,963
3155,3014,980
3168,3136,921
3145,3132,949
3137,3022,974
3136,3014,1006
3180,2980,986
3155,2955,943
3170,2981,946
3141,2992,921
3186,3001,1000
3149,3177,952
3169,3154,848
3153,2982,1011
3096,2979,963
3120,3030,1010
3167,3014,976
3142,3030,915
3144,3023,934
3160,2990,924
3169,3217,826
3147,3133,905
3140,2990,938
3129,3002,981
3137,3027,971
3144,2987,1007
3114,3029,894
3126,2982,1048
3134,2998,1036
3126,2995,975
3142,3151,809
3137,3006,1020
3095,3047,962
3137,3006,1001
3125,3031,976
3155,3023,1008
3122,2996,1022
3148,3004,958
3124,2988,1010
3158,3122,886
3117,2984,1023
3128,2998,968
3173,2995,998
3147,2956,1058
3132,2987,961
3158,2970,943
3127,3016,1006
3109,2991,997
3181,3214,897
3144,3245,867
3153,3164,926
3144,3119,884
3144,3087,997
3162,3037,934
3178,2990,917
3167,3038,994
3174,3037,992
3146,3150,907
3132,3007,979
3134,3011,1030
3138,2978,945
3136,3024,899
3160,2997,885
3117,2987,944
3156,3020,939
3148,2992,914
3146,3156,918
3147,3149,886
3122,3048,1036
3157,3042,911
3129,3031,977
3136,3025,983
3143,2997,991
3135,3004,1012
3130,3031,1046
3147,3218,892
3152,3141,910
3190,3021,965
3130,3036,957
3120,3037,934
3125,3021,931
3121,3002,976
3151,2994,927
3120,2998,875
3126,3176,867
3144,3125,881
3112,3020,956
3129,3010,992
3128,3007,947
3135,3016,1046
3132,2987,941
3139,3036,935
3154,2995,1055
3141,3026,930
3129,3134,831
3125,2990,977
3140,3016,1017
3152,3022,971
3129,2995,967
3154,3012,1087
3170,3018,1005
3107,2978,952
3128,3020,931
3130,3123,862
3163,2981,966
3122,2971,966
3134,2968,940
3145,2975,992
3138,3001,988
3125,3015,1000
3127,2969,987
3133,2987,920
3172,3121,945
3137,3018,1045
3133,3007,979
3169,2980,1029
3165,2994,1028
3155,2981,1003
3169,3004,1032
3146,2976,1076
3147,3009,1026
3166,3150,855
3120,3099,963
3157,3017,976
3177,2995,953
3165,3035,952
3143,3005,923
3182,3017,965
3167,3029,960
3164,3022,982
3165,3121,867
3138,3136,988
3152,3007,983
3159,3030,986
3166,2988,944
3119,2972,987
3153,2992,932
3149,3015,973
3134,2989,969
3177,3205,894
3166,3094,775
3144,2976,927
3146,3018,975
3134,3016,898
3189,2999,945
3142,3010,949
3162,2991,946
3153,2992,998
3145,3146,887
3161,3143,879
3127,2978,1038
3164,2989,939
3133,2974,955
3118,2982,900
3142,2956,923
3148,2983,947
3136,2989,903
3149,2993,977
3145,3118,880
3152,2969,884
3131,2961,915
3167,2983,1008
3152,2990,973
3137,2960,934
3168,3016,989
3134,2997,982
3140,2971,925
3157,3127,888
3124,3024,941
3170,2982,985
3165,2965,985
3177,3003,909
3140,3001,925
3150,3012,996
3120,2991,912
3129,2994,999
3177,3132,899
3155,2997,921
3117,3011,960
3132,3004,985
3141,3014,965
3159,2999,972
3125,2967,925
3156,2995,967
3139,2994,949
3174,3127,772
3151,3138,898
3150,3011,1015
3151,2986,960
3177,2964,1013
3180,2982,975
3145,3000,924
3150,2981,980
3169,2983,903
3156,3128,909
3124,3114,916
3127,2974,984
3155,3007,982
3159,3005,940
3156,3012,991
3120,3003,993
3153,2998,982
3140,2991,963
3136,3175,838
3169,3193,899
3189,3187,935
3161,3184,914
3174,3123,920
3177,2992,998
3150,2986,1017
3172,3001,968
3141,2966,985
3192,3029,865
3135,3132,911
3151,2977,950
3179,3008,1053
3155,2977,1014
3161,2986,1013
3134,2993,980
3128,2990,1035
3130,2993,987
3163,2983,1003
3146,3117,909
3114,2988,940
3155,2998,955
3174,2960,970
3153,3000,911
3156,3006,854
3145,2984,962
3117,2987,861
3165,2977,1020
3159,3097,927
3191,2968,1002
3150,2989,1010
3176,3009,1008
3160,3010,946
3171,2997,985
3155,2968,982
3137,2995,1044
3146,2974,1054
3140,3108,928
3152,2970,960
3160,2991,1063
3174,2989,943
3194,3003,994
3146,2992,972
3177,2977,1014
3121,2944,970
3128,2975,968
3171,3063,943
3166,3053,827
3124,2980,958
3126,2961,879
3135,2996,959
3148,2984,983
3176,3002,900
3166,3019,1010
3125,2999,947
3161,3135,904
3146,3132,976
3156,2991,923
3130,2983,936
3165,2992,901
3174,2949,925
3163,2974,979
3153,2971,1045
3140,2978,933
3149,3182,911
3140,3091,841
3143,2995,842
3165,3014,988
3167,2992,1017
3167,3011,926
3178,2983,948
3142,3004,1014
3151,2965,896
3149,3006,924
3158,3082,836
3132,2975,916
3163,2979,1044
3136,2976,936
3137,2968,949
3141,2953,908
3125,2946,950
3135,2993,959
3154,2959,996
3173,3104,847
3148,2982,940
3153,2966,932
3162,3005,947
3127,3010,966
3142,2994,946
3137,3023,994
3128,2976,999
3155,2968,962
3158,3113,880
3163,2969,981
3144,2979,945
3156,2974,992
3149,2988,895
3161,3004,932
3156,2998,878
3160,2993,943
3141,2999,998
3159,3195,926
3185,3017,985
3178,3024,1032
3186,2988,1047
3157,2999,947
3167,2989,983
3173,3022,996
3133,2974,920
3155,2963,939
3175,3106,901
3144,3096,902
3200,2993,982
3159,2986,952
3165,3026,1007
3143,2988,977
3168,2998,955
3171,2991,871
3179,2941,974
3151,3165,961
3165,3104,927
3152,2992,1009
3134,2967,990
3159,2985,953
3189,2989,920
3157,2971,962
3164,2993,982
3150,2998,1014
3155,3203,910
3175,3126,896
3180,2996,927
3167,2991,966
3138,3004,970
3174,2978,951
3155,2990,919
3147,2959,895
3158,2995,906
3145,2974,911
3132,3091,854
3145,2987,973
3170,3013,957
3172,3005,946
3139,2976,973
3154,2991,928
3162,3001,1019
3172,2990,970
3140,2997,986
3154,3116,817
3185,2985,978
3167,2978,936
3171,2999,928
3180,3036,965
3163,2988,962
3145,2986,996
3172,2964,993
3197,2991,997
3191,3229,823
3168,3199,843
3131,3181,847
3144,3135,800
3177,3110,917
3141,2973,886
3159,2963,1025
3161,2976,1004
3176,2984,1041
3182,3111,911
3178,2981,940
3171,2974,1043
3169,2994,985
3177,2920,957
3180,2963,966
3164,3013,1001
3157,3010,962
3164,3041,1002
3135,3187,842
3115,3135,974
3174,2994,926
3153,2989,955
3147,2991,995
3162,3003,1023
3103,3004,988
3183,2989,977
3146,3006,914
3167,3228,898
3148,3112,877
3170,3007,898
3151,2985,871
3156,2971,928
3172,3003,944
3156,2989,967
3188,3011,999
3133,2989,1012
3131,3190,851
3150,3115,920
3144,2986,986
3160,2975,935
3135,2966,963
3140,2967,956
3169,2991,958
3155,2967,996
3178,2982,1040
3135,3006,980
3147,3099,923
3166,3114,882
3172,2989,1044
3177,2957,949
3156,2980,1016
3184,3001,939
3185,2988,988
3168,2989,934
3191,3012,986
3211,3090,868
3199,2997,945
3182,2954,975
3174,2954,958
3182,3004,955
3176,2976,940
3166,2977,959
