3403,2676,138
3398,2678,127
3360,2614,259
3364,2586,277
3414,2620,326
3299,2808,461
3267,2809,612
3342,2776,691
3455,2756,787
3544,2733,913
3588,2789,946
3662,2641,1094
3688,2558,1127
3741,2533,1147
3796,2478,1064
3800,2466,1121
3762,2449,1042
3773,2409,880
3810,2318,848
3832,2466,736
3827,2359,974
3812,2334,783
3788,2396,825
3765,2397,787
3721,2449,738
3622,2465,660
3541,2538,490
3498,2555,469
3364,2764,368
3358,2756,295
3411,2634,362
3402,2700,524
3339,2747,550
3254,2816,474
3170,2872,416
3039,2948,373
2936,3057,348
2845,3225,324
2810,3263,333
2797,3096,405
2790,3117,416
2852,3112,399
2859,3064,380
2889,3053,330
2924,3033,334
2936,2975,220
2979,3004,149
3044,2990,0
3078,2790,147
3126,2723,127
3231,2655,-3
3207,2583,-114
3286,2556,27
3310,2556,-99
3256,2469,-55
3220,2820,22
3058,3052,62
2988,3205,139
3015,3135,237
3062,3012,267
3149,2899,438
3163,2906,617
3227,2850,542
3313,2837,673
3339,2997,603
3404,2910,613
3368,2793,767
3349,2793,883
3469,2773,835
3493,2736,910
3487,2725,848
3505,2716,799
3490,2713,843
3503,2759,875
3475,2911,766
3430,2807,901
3326,2837,822
3274,2883,766
3200,2906,803
3133,2969,645
3086,2972,465
3014,2950,377
3005,2930,313
3053,3069,334
3013,2951,359
3007,2950,292
2954,2978,312
2878,2992,328
2809,3038,342
2743,3152,317
2697,3215,464
2640,3223,574
2623,3379,704
2568,3394,759
2608,3320,1017
2639,3306,1030
2609,3284,1029
2646,3287,935
2581,3293,772
2590,3273,712
2593,3238,590
2596,3373,581
2630,3387,567
2578,3226,608
2604,3220,578
2608,3239,486
2624,3158,424
2662,3228,454
2559,3272,716
2531,3294,838
2586,3440,887
2621,3451,823
2651,3321,977
2657,3282,1118
2715,3254,1139
2779,3262,1185
2821,3257,1264
2795,3224,1363
2845,3202,1526
2852,3432,1497
2861,3360,1615
2884,3211,1617
2907,3214,1635
2927,3204,1542
2873,3163,1555
2884,3191,1588
2848,3187,1551
2830,3211,1525
2752,3442,1396
2699,3369,1328
2670,3245,1336
2577,3239,1208
2512,3273,1091
2476,3254,943
2413,3247,827
2397,3232,878
2395,3251,914
2350,3254,926
2281,3427,841
2241,3316,1013
2201,3307,1171
2169,3352,1276
2182,3337,1416
2182,3390,1548
2212,3359,1544
2206,3373,1641
2222,3398,1721
2256,3483,1706
2244,3423,1837
2265,3409,1830
2297,3369,1801
2311,3361,1697
2322,3368,1793
2356,3345,1834
2342,3333,1838
2317,3396,1807
2307,3574,1542
2264,3494,1488
2228,3415,1651
2256,3423,1689
2266,3454,1658
2300,3410,1703
2371,3424,1800
2445,3403,1877
2503,3422,1991
2539,3497,2082
2553,3500,2204
2604,3358,2460
2664,3339,2584
2712,3300,2674
2745,3264,2626
2798,3249,2751
2833,3220,2791
2882,3231,2752
2930,3352,2609
2938,3367,2657
2922,3270,2621
2891,3261,2643
2837,3272,2553
2846,3329,2547
2766,3325,2258
2706,3345,2214
2631,3389,2122
2556,3638,1898
2474,3581,1899
2499,3456,2151
2586,3460,2636
2762,3330,2863
2727,3344,2930
2594,3407,2967
2556,3428,2978
2495,3407,2941
2459,3645,2842
2447,3579,2815
2460,3464,2896
2450,3459,3012
2452,3455,3070
2501,3430,3016
2503,3441,2985
2532,3458,2842
2532,3457,2690
2540,3468,2695
2581,3559,2491
2608,3419,2549
2701,3400,2527
2709,3413,2529
2715,3414,2594
2736,3375,2560
2672,3450,2482
2643,3463,2350
2697,3395,2383
2640,3577,2541
2643,3626,2642
2685,3619,2763
2728,3557,2773
2772,3452,2938
2808,3299,3046
2888,3280,3182
2848,3255,3230
2925,3239,3310
2949,3331,3267
3007,3290,3221
3118,3138,3236
3158,3109,3237
3205,3072,3329
3257,3045,3253
3276,2995,3207
3326,3056,3126
3274,3039,3194
3310,3250,3085
3285,3265,3023
3241,3115,3099
3184,3151,2962
3144,3209,2881
3082,3237,2862
2976,3265,2885
2917,3295,2838
2928,3296,2801
2947,3422,2779
3002,3388,2993
3035,3256,2941
3011,3268,2812
2981,3278,2862
2958,3273,2944
2944,3239,3025
2962,3213,3105
2960,3231,3140
3016,3376,2994
3033,3304,2992
3121,3272,3046
3174,3099,3174
3199,3112,3100
3162,3126,3083
3156,3144,2987
3164,3151,2891
3201,3152,2744
3205,3352,2668
3270,3214,2606
3343,3059,2683
3316,3131,2592
3295,3115,2649
3189,3170,2678
3173,3208,2598
3185,3159,2638
3123,3169,2752
3163,3167,2842
3195,3253,2936
3245,3060,3113
3288,3047,3317
3353,3008,3330
3337,2955,3364
3409,2953,3326
3422,2938,3417
3405,2949,3323
3483,2872,3309
3499,3012,3235
3512,2898,3285
3564,2868,3256
3569,2814,3234
3598,2828,3284
3580,2849,3222
3595,2855,3170
3534,2868,3135
3496,2896,3075
3484,3069,2989
3436,3080,2869
3390,3015,2909
3313,3070,2922
3207,3158,2744
3136,3182,2719
3118,3195,2819
3121,3151,3022
3160,3136,3021
3145,3377,2905
3100,3337,2792
3075,3230,2893
3103,3213,2890
3101,3210,2941
3097,3196,2992
3120,3218,3066
3134,3176,3115
3221,3099,3127
3316,3244,3091
3413,3096,3168
3374,2973,3230
3373,2983,3128
3368,3018,3071
3356,3023,3023
3393,2989,2946
3454,2983,2981
3450,2965,2943
3466,3133,2948
3500,3038,3015
3443,2980,3110
3419,2987,2888
3487,2974,2917
3494,2951,2931
3535,2863,3077
3604,2785,3215
3630,2709,3494
3682,2891,3644
3673,2790,3715
3690,2593,3919
3721,2544,4025
3717,2567,3970
3741,2558,3934
3725,2615,3887
3741,2579,3817
3780,2574,3764
3830,2615,3608
3811,2706,3419
3845,2695,3399
3832,2573,3535
3785,2622,3453
3796,2622,3494
3756,2679,3379
3730,2697,3381
3698,2740,3329
3663,2801,3202
3562,2978,3112
3551,2884,3086
3479,2946,2965
3477,2930,3066
3504,2923,3317
3475,2936,3248
3486,2989,3100
3478,2986,3150
3463,2966,3158
3420,3089,3094
3476,3086,3117
3456,2959,3285
3499,2939,3346
3530,2830,3395
3631,2745,3549
3780,2615,3408
3883,2566,3347
3856,2563,3412
3895,2696,3320
3893,2642,3246
3888,2526,3403
3894,2480,3395
3909,2477,3391
3902,2458,3358
3920,2453,3371
3921,2490,3262
3900,2540,3286
3830,2826,3102
3820,2822,3015
3841,2814,2972
3841,2797,3126
3896,2605,3244
3920,2573,3416
3923,2426,3553
3901,2420,3702
3888,2421,3710
3848,2577,3709
3851,2535,3666
3848,2453,3655
3833,2417,3676
3876,2458,3672
3866,2484,3645
3871,2454,3603
3911,2481,3644
3893,2453,3529
3923,2628,3397
3932,2547,3480
3926,2447,3575
3852,2475,3471
3847,2497,3421
3826,2570,3407
3785,2623,3303
3736,2661,3404
3677,2739,3346
3661,2769,3200
3652,2895,3129
3636,2790,3214
3611,2795,3480
3647,2795,3447
3658,2829,3292
3600,2839,3147
3539,2843,3162
3546,2856,3224
3530,2880,3196
3574,2970,3108
3632,2844,3162
3658,2764,3298
3714,2690,3181
3806,2652,3198
3823,2614,3219
3804,2597,3083
3815,2628,3033
3803,2653,3009
3793,2792,2888
3789,2823,2900
3805,2675,2893
3799,2709,2867
3769,2716,2842
3662,2792,2919
3703,2795,2779
3698,2816,2874
3630,2847,2967
3680,2984,3128
3686,2802,3297
3760,2642,3512
3740,2592,3591
3771,2578,3662
3805,2551,3580
3874,2563,3595
3828,2568,3534
3826,2545,3484
3884,2675,3336
3874,2642,3370
3896,2517,3390
3873,2488,3401
3885,2510,3318
3825,2573,3363
3876,2541,3377
3862,2526,3430
3826,2556,3372
3786,2779,3251
3779,2778,3169
3731,2724,3221
3674,2803,3250
3596,2878,3082
3510,2940,2854
3422,3034,2691
3438,3014,2716
3467,2967,2904
3478,3137,2803
3436,3074,2734
3434,2989,3022
3407,2978,3160
3423,2971,3268
3431,2947,3361
3476,2896,3272
3501,2855,3361
3506,2838,3458
3452,2836,3572
3523,2926,3457
3512,2820,3476
3530,2848,3217
3582,2826,3108
3649,2762,3109
3680,2710,2993
3711,2699,3057
3744,2703,3004
3731,2695,2990
3716,2890,2935
3652,2866,2940
3633,2858,2929
3641,2832,2859
3651,2814,2974
3699,2750,3215
3733,2670,3398
3800,2552,3629
3871,2469,3769
3909,2468,3731
3932,2424,3881
3927,2314,4037
3878,2343,3961
3910,2369,3782
3960,2343,3646
4013,2368,3601
4004,2376,3518
4006,2357,3443
4060,2519,3257
4030,2489,3278
4014,2384,3444
3965,2383,3490
3988,2386,3511
3956,2433,3607
3890,2471,3470
3849,2551,3345
3784,2631,3358
3704,2808,3253
3672,2879,3149
3699,2774,3004
3706,2754,3135
3657,2738,3195
3670,2780,3160
3673,2743,3205
3617,2810,3190
3610,2811,3180
3636,3002,3128
3629,2963,3143
3571,2846,3238
3610,2794,3305
3666,2756,3293
3777,2662,3292
3848,2575,3352
3856,2598,3236
3837,2598,3240
3845,2760,2980
3837,2732,3051
3820,2614,3115
3873,2571,3105
3819,2602,3052
3863,2595,3052
3677,2703,3043
3724,2733,2937
3655,2752,3053
3630,2786,3176
3645,2927,3296
3723,2875,3514
3683,2790,3662
3729,2762,3835
3724,2629,3789
3735,2525,4062
3785,2484,3926
3849,2447,3914
3836,2428,3780
3836,2543,3772
3843,2524,3886
3852,2441,3884
3865,2445,3753
3885,2448,3723
3876,2436,3679
3853,2440,3744
3867,2444,3782
3821,2513,3746
3817,2673,3641
3786,2756,3546
3689,2669,3553
3688,2741,3559
3611,2778,3508
3563,2871,3357
3557,2877,3153
3560,2854,3201
3577,2866,3271
3588,3063,3210
3557,3001,3240
3584,2862,3265
3648,2827,3341
3620,2822,3271
3658,2788,3337
3718,2709,3436
3791,2657,3418
3864,2575,3448
3885,2622,3404
3952,2578,3328
3921,2478,3485
3891,2478,3302
3902,2494,3279
3950,2511,3185
3968,2497,3193
3935,2509,3205
3921,2529,3204
3898,2763,3169
3835,2745,3099
3746,2729,3151
3801,2729,3059
3755,2734,3083
3654,2808,3336
3671,2789,3474
3649,2732,3723
3665,2647,3835
3710,2688,3910
3732,2675,3822
3743,2561,3939
3797,2538,3853
3825,2496,3882
3808,2489,4009
3809,2432,3893
3850,2391,3910
3888,2378,3943
3914,2394,3859
3932,2530,3706
3868,2436,3946
3814,2501,3944
3768,2531,3907
3761,2515,3896
3725,2606,3735
3692,2664,3739
3653,2771,3628
3572,2825,3507
3477,3135,3327
3457,3005,3275
3472,2933,3392
3496,2878,3378
3495,2912,3304
3465,2915,3286
3511,2903,3253
3521,2911,3311
3511,2887,3329
3504,2966,3407
3536,2950,3325
3583,2778,3433
3658,2738,3425
3755,2640,3439
3800,2647,3400
3788,2613,3433
3811,2613,3522
3773,2645,3435
3825,2836,3229
3801,2774,3230
3773,2637,3253
3807,2628,3281
3825,2627,3243
3833,2624,3213
3802,2643,3238
3719,2728,3268
3703,2778,3136
3686,2892,3238
3642,2884,3329
3655,2748,3503
3689,2685,3652
3715,2637,3748
3705,2618,3787
3775,2581,3846
3795,2522,3874
3803,2504,4007
3776,2648,3982
3819,2567,4011
3833,2425,4069
3865,2391,3994
3906,2410,4074
3899,2357,4104
3917,2344,4014
3904,2340,4029
3874,2367,4076
3877,2445,3963
3865,2510,4028
3885,2382,4003
3850,2448,4021
3810,2538,3974
3744,2549,3823
3712,2662,3876
3624,2745,3701
3611,2779,3657
3648,2726,3632
3656,2818,3769
3696,2648,3638
3727,2652,3736
3742,2668,3615
3729,2672,3654
3724,2666,3677
3719,2688,3588
3769,2646,3578
3785,2574,3560
3821,2751,3482
3857,2718,3420
3898,2751,3390
3854,2727,3358
3846,2683,3253
3901,2668,3308
3893,2617,3290
3868,2558,3251
3924,2516,3210
3936,2638,3180
3907,2675,3128
3846,2548,3357
3792,2628,3290
3838,2609,3259
3846,2618,3287
3852,2571,3411
3844,2520,3543
3856,2480,3723
3881,2653,3677
3861,2603,3679
3846,2479,3875
3845,2462,3909
3826,2456,3893
3809,2467,3972
3862,2421,4036
3879,2419,3997
3880,2394,3972
3954,2495,3819
3907,2464,3857
3894,2419,3956
3852,2421,3960
3845,2457,4006
3841,2437,3936
3809,2496,3844
3816,2491,3824
3794,2585,3668
3781,2808,3444
3731,2805,3342
3683,2752,3368
3662,2749,3246
3660,2758,3345
3673,2759,3375
3641,2806,3369
3584,2831,3373
3617,2818,3270
3669,2798,3192
3629,2881,3247
3658,2760,3390
3638,2743,3395
3686,2703,3397
3778,2686,3426
3841,2631,3336
3809,2641,3418
3847,2626,3366
3848,2634,3348
3843,2740,3189
3837,2650,3257
3852,2614,3162
3843,2653,3179
3801,2669,3120
3770,2719,3160
3770,2710,3196
3739,2743,3184
3716,2761,3150
3753,2853,3139
3717,2849,3363
3738,2683,3537
3709,2629,3621
3729,2662,3696
3667,2676,3683
3702,2698,3707
3683,2698,3838
3671,2693,3675
3699,2819,3693
3701,2848,3635
3722,2692,3742
3762,2662,3853
3763,2632,3868
3809,2577,3843
3793,2572,3811
3777,2544,3925
3758,2540,3983
3792,2725,3898
3735,2647,3934
3758,2545,3990
3756,2561,3939
3744,2591,3778
3724,2656,3676
3727,2678,3620
3711,2699,3537
3734,2689,3602
3704,2908,3570
3612,2870,3676
3640,2820,3602
3690,2678,3733
3691,2649,3738
3714,2649,3731
3729,2629,3835
3732,2644,3836
3745,2558,3881
3800,2688,3843
3840,2526,3872
3921,2344,4004
3873,2339,4105
3878,2379,4075
3845,2395,4039
3836,2440,4001
3816,2460,4008
3796,2486,3995
3797,2421,3947
3839,2537,3961
3814,2398,4097
3815,2398,4115
3795,2454,3929
3852,2532,3840
3795,2545,3835
3760,2553,3927
3772,2514,4092
3782,2417,4368
3780,2504,4409
3770,2331,4606
3774,2318,4625
3750,2280,4671
3796,2280,4653
3783,2285,4579
3799,2303,4500
3804,2252,4537
3862,2234,4479
3825,2339,4367
3848,2328,4399
3919,2246,4432
3852,2251,4413
3833,2317,4497
3839,2301,4549
3833,2330,4441
3797,2333,4468
3811,2399,4417
3758,2564,4233
3703,2621,4183
3719,2626,4058
3634,2724,3898
3611,2667,4124
3555,2586,4499
3608,2510,4632
3627,2488,4438
3685,2498,4310
3723,2648,4188
3793,2561,4224
3808,2426,4212
3826,2487,4062
3820,2475,3969
3824,2485,4015
3837,2472,4002
3835,2415,4101
3869,2418,4110
3882,2646,3821
3888,2699,3772
3830,2757,3614
3801,2692,3678
3826,2687,3693
3920,2424,3810
3919,2431,3954
3932,2350,4005
3883,2457,3929
3912,2690,3767
4032,2471,3805
3940,2204,4373
3994,1922,4789
4015,1784,4793
3912,1813,4965
3815,1912,4997
3819,1943,5087
3832,1973,4894
3913,1998,4747
3972,2124,4506
3987,2027,4494
4028,1950,4480
4010,1902,4618
3974,1877,4656
4030,1906,4622
4045,1872,4571
4063,1882,4567
4049,1926,4523
3972,2166,4461
3913,2089,4652
3937,2108,4525
3941,2104,4496
3931,2122,4541
3933,2140,4590
3850,2229,4596
3758,2371,4538
3645,2379,4735
3390,2419,5144
3426,2272,5308
3588,2164,5151
3713,2165,4908
3806,2174,4737
3887,2161,4510
3988,2139,4302
4046,2193,4030
4053,2255,3797
4049,2446,3654
4017,2480,3698
3966,2378,3809
3860,2399,3883
3870,2478,3847
3879,2481,3812
3936,2410,3732
3995,2330,3731
4037,2250,3760
4080,2378,3722
4068,2374,3792
4080,2250,3948
4013,2335,3843
3992,2411,3618
4059,2300,3827
4036,2185,4113
4115,1927,4420
4095,1819,4701
3994,2083,4811
3907,2077,4807
3929,1958,4740
3978,2013,4645
4042,1986,4609
4077,1947,4512
4062,1891,4509
4074,1832,4584
4083,1797,4599
4128,1965,4533
4126,1890,4437
4131,1740,4564
4110,1760,4472
4102,1834,4638
4038,1917,4568
4049,1906,4603
4049,1914,4536
4039,1951,4498
4060,1960,4516
4050,2138,4439
4002,2142,4534
3872,2256,4432
3859,2271,4482
3648,2209,5092
3608,2076,5314
3759,2052,5050
3781,2148,4796
3848,2138,4605
3928,2220,4344
4027,2080,4297
4066,2137,4066
4093,2179,3912
4084,2242,3826
4086,2209,3795
4065,2238,3857
4061,2280,3850
4006,2329,3868
4018,2425,3634
4057,2411,3685
4078,2282,3791
4069,2239,3738
4112,2194,3837
4134,2133,3771
4091,2171,3868
4012,2257,3765
4009,2297,3739
4061,2380,3759
4063,2224,3909
4161,1938,4114
4134,1827,4414
4050,1890,4678
3969,1898,4801
3966,1910,4688
4000,1912,4738
4052,1890,4579
4130,2085,4387
4090,1935,4317
4095,1802,4483
4099,1741,4542
4131,1721,4524
4148,1676,4534
4167,1689,4574
4191,1694,4491
4120,1759,4504
4097,2013,4489
4094,1949,4470
4083,1829,4577
4050,1849,4562
4042,1908,4407
4067,1939,4413
4040,2080,4500
3909,2192,4510
3888,2238,4599
3651,2417,4974
3564,2199,5170
3710,2038,5167
3794,2117,4823
3854,2149,4660
3895,2115,4463
4013,2105,4201
4045,2138,4113
4027,2161,4004
4077,2191,3899
4063,2344,3729
4052,2254,3790
4031,2268,3809
3960,2336,3844
3986,2303,3778
4015,2263,3725
4056,2228,3809
4041,2209,3834
4129,2192,3734
4092,2365,3644
4131,2402,3626
4018,2435,3693
4020,2512,3649
4068,2423,3636
4054,2229,3925
4059,2018,4303
4066,1847,4596
3999,1827,4838
3933,2054,4880
3918,2038,4715
3970,1960,4779
4004,1958,4622
4030,1954,4459
4052,1923,4440
4068,1862,4533
4056,1789,4570
4065,1741,4521
4121,1957,4596
4135,1805,4485
4147,1668,4574
4152,1706,4490
4165,1748,4422
4075,1869,4528
4037,1858,4560
4056,1852,4555
4057,1885,4442
4062,2149,4345
4045,2087,4295
4005,2034,4377
3957,2130,4394
3923,2192,4294
3936,2219,4338
3724,2151,4971
3628,2067,5186
3689,2045,5120
3809,2264,4709
3848,2255,4623
3922,2119,4550
3998,2182,4287
4047,2125,4081
4037,2232,3913
4038,2263,3941
3989,2340,4002
3959,2231,4018
4011,2407,3875
4029,2351,3844
4015,2214,3865
4043,2195,3898
4091,2200,3872
4037,2219,3901
4015,2264,3874
3942,2311,3851
4013,2184,3799
4028,2256,3899
3920,2478,3724
3882,2396,3873
3908,2369,3924
3938,2284,4050
3965,2227,4141
3961,2154,4167
3986,2160,4308
3966,2094,4444
3987,2000,4469
4028,2133,4407
3990,1986,4575
4011,1900,4562
3983,1920,4619
3977,1879,4660
3997,1897,4660
3975,1879,4731
4000,1849,4746
3983,1840,4792
3959,1919,4754
3966,1957,4715
3957,1787,4853
3962,1793,4831
3976,1770,4851
4009,1806,4809
4028,1810,4654
4075,1848,4514
4071,1831,4459
4128,2079,4225
4148,1986,4065
4134,1878,4201
4116,1892,4199
4068,1971,4231
4081,1942,4213
4133,1919,4120
4152,1885,4115
4179,1888,4155
4178,2015,4059
4186,1917,4069
4230,1743,4174
4270,1694,4039
4279,1661,4077
4290,1593,4037
4300,1557,3981
4306,1602,3936
4295,1606,3890
4318,1835,3824
4323,1784,3798
4269,1687,4067
4197,1713,4081
4249,1715,4175
4242,1791,4186
4193,1801,4176
4134,1892,4192
4133,1887,4131
4172,2038,4018
4172,1937,4071
4148,1799,4453
4113,1768,4587
4039,1730,4738
4014,1704,4796
4029,1672,4895
4054,1683,4879
4008,1713,4810
4002,1722,4843
3985,1803,4773
3977,1712,4854
3998,1672,4831
3995,1685,4775
4006,1647,4811
4046,1653,4811
4030,1642,4797
4026,1661,4819
4038,1641,4881
4038,1764,4743
4028,1698,4739
4055,1753,4634
4072,1749,4616
4088,1774,4380
4099,1889,4301
4065,1997,4192
4034,2106,4022
4015,2182,3885
4016,2404,3773
4013,2495,3724
4057,2507,3631
4023,2479,3586
4052,2364,3533
4068,2327,3466
4089,2184,3506
4137,2175,3472
4205,2135,3459
4206,2238,3473
4230,2105,3505
4195,1928,3557
4240,1928,3684
4223,1953,3697
4232,1939,3582
4242,1937,3601
4213,1931,3623
4243,1874,3686
4261,2002,3621
4242,1929,3612
4187,1906,3775
4208,1910,3772
4176,1909,3898
4198,1828,3901
4165,1796,4085
4154,1723,4224
4124,1690,4346
4111,1878,4326
4086,1794,4417
4077,1649,4622
4118,1671,4683
4055,1663,4670
4073,1639,4733
4064,1621,4812
4035,1632,4791
4061,1597,4853
4031,1742,4807
4046,1685,4810
4069,1522,4861
4060,1555,4878
4010,1583,4891
4012,1582,4983
3992,1605,4967
3970,1630,4902
4006,1662,4838
4066,1685,4812
4091,1869,4610
4089,1778,4588
4112,1882,4405
4108,1910,4236
4128,1949,4210
4044,1995,4232
4010,2069,4300
3980,2122,4249
4026,2093,4237
4027,2205,4092
4029,2083,4075
4054,2012,4084
4086,1977,4099
4064,1965,4121
4125,1958,4087
4159,1855,3969
4232,1834,3938
4244,1826,3890
4206,1915,3919
4218,1933,3836
4178,1809,3928
4221,1808,3943
4230,1819,4042
4171,1865,4053
4126,1923,4148
4153,1948,4153
4056,2019,4137
3987,2329,4117
3916,2287,4120
3943,2203,4225
3920,2110,4359
3978,1985,4520
4072,1866,4487
4106,1762,4575
4065,1768,4617
4039,1769,4631
4018,1937,4661
4068,1918,4634
4012,1834,4630
3990,1893,4669
3957,1893,4759
3983,1895,4677
3997,1884,4698
4010,1846,4721
4049,1843,4752
4056,1985,4641
4051,1909,4584
3995,1779,4737
4011,1791,4829
4002,1828,4823
3950,1819,4795
4015,1844,4732
4000,1912,4619
4008,1973,4449
4062,2215,4200
4012,2217,4197
4045,2106,4201
4010,2065,4190
4015,2087,4353
4073,2046,4278
4064,2000,4229
4137,1951,4177
4149,1903,4140
4211,1831,4054
4202,1918,3933
4254,1736,3881
4319,1728,3759
4322,1652,3760
4344,1595,3747
4339,1598,3736
4311,1613,3690
4300,1654,3767
4282,1689,3733
4323,1832,3600
4290,1736,3779
4272,1760,3826
4191,1813,3975
4215,1817,4028
4201,1793,3993
4204,1819,3965
4179,1812,3999
4233,1762,4027
4225,1827,3999
4263,1706,4067
4229,1471,4153
4246,1399,4291
4220,1394,4398
4207,1436,4508
4205,1453,4509
4123,1468,4652
4097,1476,4561
4100,1638,4447
4131,1589,4550
4115,1412,4671
4142,1428,4641
4149,1427,4486
4143,1509,4529
4153,1568,4502
4152,1674,4496
4078,1719,4619
4083,1979,4436
4097,2028,4296
4086,2012,4308
4061,1924,4225
4065,1985,4230
4047,2083,4049
4016,2107,4093
3954,2166,4014
3977,2136,4181
3959,2365,4211
3959,2420,4114
3916,2366,4042
3973,2357,4004
4002,2257,4038
4001,2098,4062
3988,2129,4074
4026,2081,4077
4038,2057,4100
4096,2120,4069
4152,1994,4002
4145,1846,4012
4194,1883,4022
4119,1880,4028
4112,1871,4002
4144,1912,4012
4125,1916,4043
4090,1909,4060
4055,1883,4176
4027,2069,4141
4015,2005,4308
4031,1960,4267
3971,2014,4374
3901,2052,4508
3946,1955,4490
3929,1945,4619
3881,1903,4753
3886,1897,4815
3858,1966,4761
3831,1866,5010
3828,1860,4984
3773,1856,5077
3768,1854,5076
3829,1882,5075
3840,1822,5033
3825,1878,5018
3844,1871,5018
3874,1974,4889
3899,1941,4825
3962,1767,4756
4012,1731,4696
3989,1766,4771
3970,1753,4719
3989,1824,4767
3934,1824,4645
3959,1854,4766
3972,2128,4529
3984,2100,4348
4002,1998,4427
4020,2097,4311
3975,2087,4368
3921,1997,4506
3937,1951,4697
3952,1904,4580
3956,1975,4520
3970,2165,4353
3951,2115,4354
3986,1962,4375
4056,1912,4338
4101,1845,4230
4098,1892,4118
4146,1817,4049
4199,1729,4031
4191,1714,4073
4189,1917,4058
4151,1830,4152
4136,1703,4184
4189,1718,4245
4203,1732,4157
4160,1726,4234
4156,1757,4188
4194,1718,4178
4118,1838,4100
4158,1988,4067
4074,2051,4015
4083,1963,4101
4114,1888,4094
4040,1921,4256
4021,1911,4464
4002,1876,4535
4001,1851,4600
3974,1811,4680
3985,1792,4725
3996,1919,4642
4002,1811,4789
3973,1784,4797
3976,1778,4733
4002,1739,4797
4036,1657,4806
4008,1616,4745
4077,1560,4673
4117,1522,4753
4081,1588,4657
4110,1533,4716
4109,1467,4680
4102,1472,4721
4112,1487,4684
4114,1549,4615
4110,1627,4505
4077,1680,4555
4132,1744,4400
4118,1909,4188
4111,1985,4090
4126,1872,4238
4139,1856,4327
4074,1915,4349
4043,1884,4368
4080,1900,4311
4082,1831,4178
4104,1865,4190
4128,2029,4047
4142,1939,4039
4123,1775,4071
4156,1755,4152
4222,1694,4109
4283,1597,4028
4298,1474,3900
4312,1464,3738
4305,1506,3762
4319,1668,3746
4342,1615,3738
4342,1428,3857
4282,1439,3970
4287,1480,4028
4276,1500,3998
4244,1531,4040
4216,1555,3961
4289,1561,3966
4286,1685,3908
4230,1604,4037
4194,1396,4317
4220,1378,4429
4154,1339,4550
4133,1328,4589
4079,1280,4604
4060,1269,4790
4054,1261,4867
4032,1466,4825
4013,1352,4847
4009,1230,4929
4021,1257,5017
4036,1180,4960
4052,1186,4893
4110,1170,4776
4100,1165,4814
4131,1177,4800
4109,1198,4789
4106,1335,4811
4089,1238,4862
4076,1244,4779
4091,1273,4726
4128,1278,4614
4153,1366,4445
4193,1402,4461
4245,1427,4401
4185,1432,4346
4179,1608,4319
4166,1627,4297
4177,1653,4302
4191,1613,4206
4204,1541,4162
4252,1515,4117
4252,1363,4134
4284,1367,3988
4307,1337,4049
4336,1375,3894
4321,1324,3830
4350,1157,3876
4326,1175,3887
4316,1198,3879
4318,1234,3849
4340,1256,3859
4314,1248,3878
4300,1290,3972
4325,1489,3863
4298,1478,3978
4242,1393,4044
4257,1416,4120
4233,1422,4041
4246,1444,4091
4206,1441,4236
4198,1388,4383
4210,1347,4429
4150,1502,4471
4118,1407,4570
4126,1269,4751
4076,1234,4901
4041,1200,4929
4038,1192,4915
4015,1174,4931
4036,1153,4929
4048,1110,4882
4051,1275,4865
4078,1190,4747
4064,1035,4818
4099,1001,4858
4116,1036,4763
4124,1062,4725
4118,1064,4778
4089,1063,4817
4119,1088,4771
4104,1249,4532
4183,1330,4542
4215,1243,4537
4189,1367,4364
4214,1390,4309
4205,1408,4273
4211,1416,4266
4223,1418,4342
4159,1444,4354
4249,1483,4270
4240,1610,4135
4228,1486,4096
4252,1446,4028
4287,1470,3974
4280,1439,3925
4337,1347,3981
4287,1263,3935
4305,1178,3791
4382,1145,3675
4359,1226,3556
4357,1165,3777
4326,1108,3709
4382,1108,3763
4336,1124,3802
4323,1140,3895
4297,1148,3887
4303,1130,3947
4265,1194,3949
4286,1375,3842
4278,1416,3906
4271,1360,3942
4282,1393,3974
4287,1387,3982
4288,1345,4093
4255,1317,4064
4260,1285,4149
4221,1237,4217
4220,1424,4185
4177,1371,4215
4156,1231,4348
4203,1212,4406
4178,1212,4463
4165,1171,4536
4205,1142,4435
4204,1146,4342
4218,1076,4404
4261,1213,4274
4222,1099,4200
4247,972,4265
4203,1049,4382
4213,1092,4439
4216,1131,4302
4233,1154,4227
4274,1240,4117
4308,1262,3931
4366,1552,3703
4373,1470,3622
4456,1376,3850
4200,1481,4136
4151,1322,4418
4207,1206,4361
4234,1232,4262
4283,1301,4121
4303,1399,4055
4285,1489,3723
4300,1526,3651
4293,1418,3717
4317,1412,3707
4328,1432,3681
4325,1404,3691
4350,1334,3696
4348,1278,3670
4345,1265,3663
4336,1303,3710
4348,1391,3659
4383,1293,3712
4346,1245,3652
4376,1248,3537
4380,1221,3565
4369,1275,3503
4360,1272,3591
4350,1348,3572
4321,1313,3601
4334,1386,3499
4377,1300,3706
4295,1207,3829
4319,1187,3971
4260,1227,4119
4235,1230,4175
4204,1201,4335
4193,1142,4388
4211,1105,4407
4177,1238,4400
4173,1169,4486
4155,1038,4582
4172,1056,4548
4191,984,4454
4231,935,4398
4243,894,4368
4230,872,4266
4211,852,4269
4235,1017,4157
4244,988,4200
4240,897,4279
4261,952,4217
4233,984,4236
4255,1051,4118
4299,1090,3976
4333,1133,3935
4346,1159,3746
4338,1376,3725
4351,1479,3778
4287,1488,3831
4313,1484,3862
4354,1438,3696
4356,1277,3706
4375,1293,3449
4369,1287,3335
4343,1317,3280
4404,1439,3062
4387,1369,3039
4399,1230,3077
4452,1202,3071
4423,1207,3035
4429,1156,3070
4387,1162,3139
4408,1187,3084
4399,1213,3022
4442,1223,2921
4393,1252,2879
4375,1198,3017
4420,1192,3035
4410,1233,2939
4412,1264,2912
4340,1282,2916
4385,1247,2914
4436,1212,2936
