994.7792091409094,28.84051507234574
994.7631950207718,28.8383793759346
994.8266090062385,28.83544279336929
994.8456774116078,28.83477538824081
994.7513388954907,28.83357405900955
994.7849205081491,28.83163858413696
994.8337104352494,28.83030377388
994.7933673244098,28.83137162208557
994.828770994689,28.82489779233933
994.8242936624686,28.82356298208237
994.8477106915555,28.8226286149025
994.8693194328854,28.82469757080078
994.7991596478532,28.82523149490357
994.8534470523946,28.8226286149025
994.8583959933289,28.82302905797958
994.7865236105598,28.82776763439178
994.7887721185221,28.82342950105667
994.7956438001868,28.82396342515946
994.7854621980671,28.82302905797958
994.8551317553781,28.82149402618408
994.8461541252837,28.82536497592926
994.8366179271427,28.82396342515946
994.8502560439511,28.82883548259735
994.8399046631228,28.83090443849564
994.898715888001,28.82850178003311
994.8005008661334,28.82663304567337
994.8563541731919,28.82823481798172
994.8651991257834,28.83123814105987
994.8761638642865,28.82830155849457
994.8414476004525,28.82970310926437
994.840847904259,28.82903570413589
994.7522506209865,28.83130488157272
994.8758342529912,28.82930266618729
994.8397445749416,28.8289022231102
994.8380277103762,28.82963636875153
994.8056737379485,28.82983659029007
994.8541016928247,28.82910244464874
994.829073026097,28.82696674823761
994.8395203905227,28.82609912157059
994.8184419298405,28.83237272977829
994.8098588351309,28.82409690618515
994.8117997681117,28.82616586208344
994.8594719094457,28.82623260259628
994.8413425496314,28.82156076669693
994.869745206319,28.82489779233933
994.8624660100008,28.82609912157059
994.8599159781902,28.82836829900742
994.8364847649418,28.83083769798279
994.8034170664754,28.827233710289
994.8432103011448,28.82783437490463
994.8348276259994,28.8289022231102
994.830432459127,28.83030377388
994.8335503633981,28.82830155849457
994.8395247774673,28.82956962823868
994.8652311602334,28.83163858413696
994.8672180639732,28.83257295131683
994.8575215815704,28.82916918516159
994.8193532905125,28.83010355234146
994.8175083902394,28.82923592567444
994.7941368755184,28.82903570413589
994.9004053748079,28.83083769798279
994.8368923639064,28.82910244464874
994.8513914068718,28.82936940670014
994.8834020064867,28.83170532464981
994.8263989944895,28.83110466003418
994.8715490836825,28.83037051439285
994.8331886430186,28.8289022231102
994.7720885832707,28.82830155849457
994.9136135265933,28.83203902721405
994.8303823036736,28.82796785593033
994.8328589304772,28.82990333080292
994.867597996199,28.83390776157379
994.8503383046179,28.83157184362412
994.7926897394946,28.83143836259842
994.79508428006,28.83063747644425
994.822361330521,28.82843503952027
994.8093954719408,28.8319722867012
994.7870912557314,28.82803459644318
994.8793319590905,28.82863526105881
994.8262570783584,28.83103791952133
994.8441578951143,28.82943614721298
994.8261429375899,28.82790111541748
994.8046942920619,28.82783437490463
994.8450552564563,28.82870200157166
994.8598701733924,28.82950288772583
994.8173344736485,28.8287687420845
994.8248198024518,28.82843503952027
994.7875349481604,28.83017029285431
994.8354411608846,28.82803459644318
994.8470239084315,28.82770089387894
994.8412234261946,28.82690000772476
994.8150318206509,28.82730045080185
994.812371597857,28.82990333080292
994.8356332587183,28.8304372549057
994.7969151037075,28.83304013490677
994.8458652270087,28.83370754003525
994.8310182292937,28.83250621080398
994.7908168035466,28.8336407995224
994.8125495452783,28.83384102106095
994.8178603061443,28.8336407995224
994.8392813714224,28.83677760362625
994.8672362848915,28.83450842618942
994.8345800550975,28.83263969182968
994.81171603341,28.83537605285645
994.8456549605122,28.82936940670014
994.8283037044547,28.82930266618729
994.7707052529318,28.83150510311127
994.762634370848,28.82963636875153
994.8026156192977,28.82916918516159
994.7961015410569,28.82456408977508
994.80161386481,28.82176098823548
994.8274158625994,28.82503127336502
994.7952917073131,28.81955855131149
994.7979837419855,28.81735611438751
994.775460017524,28.81408582925797
994.7990184911084,28.81321820259094
994.7632918143136,28.81221709489822
994.7961205868033,28.8145530128479
994.8400558003073,28.81401908874512
994.8183651302504,28.82116032361984
994.7928289283943,28.8160880446434
994.8142586947241,28.81421931028366
994.8217804356079,28.8177565574646
994.7716187715623,28.81728937387467
994.8355558290327,28.81922484874725
994.7538282882836,28.81855744361878
994.7966009583988,28.82055965900421
994.8763331478945,28.82529823541641
994.8238861105585,28.82529823541641
994.8393784708833,28.82603238105774
994.822260970503,28.82376320362091
994.7933592634753,28.82443060874939
994.8199764631854,28.82423038721085
994.7888861308279,28.82656630516052
994.8500775847366,28.82489779233933
994.8390990218154,28.82936940670014
994.8091993933555,28.82609912157059
994.8213038961185,28.82716696977616
994.8543535007982,28.82883548259735
994.8495464421255,28.82850178003311
994.8181219615342,28.82836829900742
994.7868394105011,28.82830155849457
994.824160338903,28.8304372549057
994.7502852089863,28.83577649593353
994.8264449005333,28.82997007131577
994.807990303667,28.82976984977722
994.8466665797142,28.83177206516266
994.7936971392855,28.83037051439285
994.7978445446186,28.83270643234253
994.808611901422,28.83584323644638
994.8101549945518,28.83464190721512
994.8085658873586,28.83697782516479
994.8023077282409,28.83557627439499
994.7431438959131,28.83357405900955
994.8077424799528,28.8335073184967
994.8098891095899,28.83644390106201
994.8344742643646,28.83644390106201
994.805837599067,28.8353093123436
994.7936409160061,28.83651064157486
994.8107265234628,28.8383793759346
994.8777202694537,28.83751174926758
994.8453657362427,28.83771197080612
994.7514380937818,28.83824589490891
994.8147460803386,28.83911352157593
994.8433969427407,28.83871307849884
994.754574224173,28.83817915439606
994.7936126708233,28.83958070516586
994.7779354483911,28.84338491439819
994.7926690271229,28.8414494395256
994.8065368750682,28.84064855337143
994.8034787498857,28.83998114824295
994.7932047253006,28.84131595849991
994.776090681782,28.84251728773117
994.7971781500534,28.84318469285965
994.7678636120702,28.84211684465408
994.8068774978095,28.85005896568298
994.8115178544445,28.8414494395256
994.7815611589895,28.84431928157806
994.822015541615,28.84291773080826
994.7802344075608,28.84138269901276
994.8489816360764,28.84365187644958
994.8361390992967,28.84532038927078
994.805799051527,28.84338491439819
994.7770873743529,28.8464549779892
994.7640355467624,28.84378535747528
994.8230869273253,28.84265076875687
994.7858468131171,28.8432514333725
994.805171129384,28.84578757286072
994.8119011486974,28.84625475645065
994.7532255524383,28.84525364875794
994.768402641913,28.84545387029648
994.802229851741,28.85172747850418
994.7604593405957,28.84518690824509
994.7835654665443,28.84718912363053
994.8136962671709,28.844786465168
994.758128320727,28.84678868055344
994.8022903042296,28.84905785799026
994.8019107422707,28.84772304773331
994.867252906579,28.84839045286179
994.7998493532057,28.85099333286285
