995.4780344545486,27.99250177383423
995.5472384930879,27.9967991065979
995.5612965298543,27.99485187768936
995.5932884527934,27.99465044021606
995.5680027534323,27.99726912736893
995.5643170034775,27.99478473186493
995.5704383128319,27.99767200231552
995.6116668206818,27.99921635627747
995.5295425849644,27.99740341901779
995.5259693119998,27.99982066869736
995.5412764613383,27.9965976691246
995.5751191578794,27.99726912736893
995.5325797397256,27.99995496034622
995.5765751378992,27.99982066869736
995.5494060882789,27.99968637704849
995.5284048383322,28.00022354364395
995.5817309962393,28.00076071023941
995.4963491360365,28.00002210617065
995.4976779319098,28.0017678976059
995.5349207152715,28.00143216848374
995.5626437246521,28.00257364749908
995.5332447058789,28.00250650167465
995.5193744903395,27.99894777297974
995.5299082507772,28.00391656398773
995.5453746320787,28.00337939739227
995.4350531989373,28.00579664707184
995.4796656711172,28.00371512651444
995.5116739097837,28.00277508497238
995.5138090965641,28.00378227233887
995.5498986483194,28.00700527191162
995.4706668271541,28.00096214771271
995.4351946427009,27.99579191923142
995.489687132313,27.98531717061997
995.4702939843145,27.97094796419144
995.4490529768972,27.96242044448853
995.5222106065656,27.94919271707535
995.5024012267229,27.93388346910477
995.4832240989845,27.91924567937851
995.4650728651724,27.90360070228577
995.4562047089617,27.89084299564362
995.4902243952744,27.87519801855087
995.5443314521669,27.86828199863434
995.3834077944455,27.85874729156494
995.5126271864391,27.85444995880127
995.4385000097193,27.8455867099762
995.4811236928962,27.83773064851761
995.4590468636885,27.82396575450897
995.467066624866,27.81805692195892
995.4677371440138,27.81315527677536
995.4959638391432,27.81006656885147
995.4090233678808,27.80261338233948
995.491186776685,27.80073329925537
995.4400200667399,27.7937501335144
995.4683516447959,27.78139530181885
995.5258238134963,27.77421069860458
995.470948828496,27.76957763671875
995.54344294379,27.76575032472611
995.4757892131712,27.76440740823746
995.5343641322371,27.76333307504654
995.4521844917751,27.75514128446579
995.4604059861063,27.74970247268677
995.4311491157949,27.74298789024353
995.4540584269236,27.73963059902191
995.5000181501752,27.73298316240311
995.4804823682565,27.73271457910538
995.4663131670541,27.72976016283035
995.5090046483488,27.72492566347122
995.3685316635674,27.71868110179901
995.4419585984206,27.71827822685242
995.4632947496674,27.71827822685242
995.4760069928984,27.71458520650864
995.4968239404448,27.71545810222626
995.5269576911466,27.71364516496658
995.4551574005544,27.70773633241653
995.5140772883173,27.7031032705307
995.5076640871703,27.70417760372162
995.4379563597066,27.7055876660347
995.4576471262844,27.7051847910881
995.4926130085313,27.70229752063751
995.4328973862686,27.69947739601135
995.4709183849086,27.69840306282044
995.4987955896614,27.6981344795227
995.4966454486107,27.69786589622498
995.5149623159523,27.69793304204941
995.3437386594404,27.69618725061417
995.492762243867,27.69417287588119
995.5206286045423,27.69054700136185
995.4673540011712,27.68517533540726
995.4677677955965,27.68611537694931
995.4690663282032,27.68188519001007
995.4291172324604,27.68242235660553
995.4922014967524,27.68161660671234
995.4614284594302,27.6753048992157
995.5002774270492,27.67201475381851
995.5257066275971,27.66798600435257
995.4936603021421,27.66852317094803
995.4959283237939,27.66624021291733
995.4935312118623,27.66771742105484
995.482678496234,27.66409154653549
995.5167339131821,27.65965992212296
995.4763368959015,27.65328106880188
995.6002947863547,27.65025950670242
995.5250787050831,27.65093096494675
995.5431997601642,27.6497894859314
995.5811503853782,27.65240817308426
995.5344941122606,27.65462398529053
995.5163727917112,27.65576546430588
995.5560449328427,27.66254719257355
995.5401361989815,27.6684560251236
995.4167525717901,27.6751034617424
995.5214132376402,27.67899791955948
995.5262781626952,27.68799546003342
995.5150838663947,27.6912856054306
995.5234578928352,27.7008203125
995.5654103460332,27.70867637395859
995.5500029234023,27.71445091485977
995.5344660104261,27.71941970586777
995.6129499241212,27.7292229962349
995.5679525561069,27.73446037054062
995.5279022347042,27.74016776561737
995.5625776024771,27.74533799409866
995.4747371406032,27.74788953542709
995.5501667990477,27.75587988853455
995.6044212873198,27.7591028881073
995.5182954399998,27.76581747055054
995.5418509477712,27.77394211530686
995.4876534477813,27.77521788597107
995.5502257703577,27.77938092708588
995.574214789278,27.78361111402512
995.6028819672414,27.78743842601776
995.5730272365175,27.7893856549263
995.5640640267084,27.79596594572067
995.5411792961231,27.79784602880478
995.5712140817477,27.80529921531677
995.4588091721607,27.80670927762985
995.5280774704036,27.81402817249298
995.5136085429043,27.81167806863785
995.5273004804564,27.82074275493622
995.5446607341297,27.82221996307373
995.5252702178419,27.82537581682205
995.5051673436534,27.82819594144821
995.5305310557701,27.83195610761642
995.5665338770119,27.83551483631134
995.538241382637,27.83820066928864
995.5298024302983,27.83981216907501
995.4937966542761,27.84370662689209
995.5406597087657,27.84679533481598
995.5544026125469,27.84954831361771
995.4961991037478,27.85303989648819
995.5361202234973,27.854718542099
995.5242687187172,27.85807583332062
995.4752792790907,27.86069452047348
995.5754689196297,27.86358179092407
995.5517599132354,27.86693908214569
995.5327097290134,27.86727481126785
995.5509254925585,27.86915489435196
995.5610647444008,27.87244503974915
995.5638979533062,27.87452656030655
995.5354891141781,27.8756680393219
995.5428786038968,27.87989822626114
995.5255068991307,27.882516913414
995.486363831081,27.88493416309357
995.5672322301648,27.88392697572708
995.5047073286883,27.88761999607086
995.5248678585558,27.88929864168167
995.5520498552919,27.8920516204834
995.5564341881159,27.89561034917831
995.5810683831177,27.8964160990715
995.4611428335321,27.89540891170502
995.553527143285,27.89722184896469
995.5113966925568,27.9015863275528
995.5321122426609,27.90427216053009
995.5523031486664,27.90447359800339
995.5278299152476,27.9063536810875
995.5161477384704,27.90830090999603
995.5833153604658,27.90977811813355
995.4300254867389,27.90944238901138
995.540737594961,27.91132247209549
995.546766225198,27.915284075737
995.5964446087287,27.91447832584381
995.5938071612452,27.91696272134781
995.5564779248152,27.91837278366089
995.5562268828365,27.92011857509613
995.5789813307728,27.92152863740921
995.622879578592,27.92582597017288
995.540897997701,27.92817607402802
995.566144676974,27.92367730379105
995.4998508358142,27.92857894897461
995.534891460358,27.93019044876099
995.5637314068919,27.92925040721893
995.5078385556908,27.93160051107407
995.5618353591187,27.93059332370758
995.5968799042545,27.93556211471558
995.493737793483,27.93576355218887
995.5399563728523,27.93556211471558
995.5603395175413,27.93697217702866
995.561212038873,27.93999373912811
995.6040474813626,27.94006088495254
995.5102493355307,27.94019517660141
995.5693392781855,27.93972515583038
