698,58,-86
705,59,-106
713,52,-129
725,47,-154
729,35,-179
735,21,-200
738,9,-225
744,-4,-248
745,-20,-271
752,-39,-292
758,-53,-307
762,-65,-321
767,-75,-335
774,-85,-349
791,-92,-361
819,-100,-370
850,-112,-381
890,-128,-393
931,-137,-406
977,-150,-421
1027,-157,-434
1071,-161,-445
1126,-164,-458
1184,-163,-469
1238,-160,-477
1289,-156,-485
1342,-148,-496
1398,-143,-503
1446,-137,-510
1491,-129,-510
1530,-123,-512
1571,-117,-516
1606,-110,-510
1637,-99,-507
1670,-87,-499
1697,-78,-491
1726,-68,-476
1753,-57,-457
1780,-43,-433
1806,-30,-407
1831,-14,-376
1855,2,-343
1880,15,-311
1891,36,-285
1901,53,-258
1895,72,-229
1891,89,-203
1875,109,-174
1846,127,-148
1807,153,-125
1770,169,-97
1722,189,-69
1669,209,-54
1616,230,-46
1560,247,-37
1503,268,-30
1450,281,-26
1393,296,-29
1329,304,-38
1281,307,-50
1232,305,-59
1185,299,-81
1146,285,-105
1101,267,-135
1059,248,-163
1020,225,-193
991,202,-229
965,177,-270
942,153,-304
924,131,-339
911,108,-371
908,81,-406
905,55,-439
910,30,-472
919,3,-500
938,-27,-526
964,-51,-549
992,-66,-569
1020,-83,-584
1053,-100,-599
1088,-111,-607
1126,-122,-610
1159,-134,-613
1192,-143,-607
1229,-150,-601
1260,-149,-594
1294,-144,-576
1322,-141,-560
1344,-136,-543
1364,-129,-524
1381,-122,-498
1387,-118,-467
1391,-115,-432
1390,-113,-403
1382,-109,-375
1368,-105,-343
1347,-106,-313
1322,-101,-282
1297,-101,-249
1259,-103,-223
1213,-112,-196
1163,-115,-172
1109,-121,-148
1053,-132,-131
996,-139,-114
938,-149,-99
879,-155,-84
824,-158,-66
770,-159,-56
720,-164,-50
675,-173,-45
627,-182,-34
585,-185,-29
548,-189,-26
508,-193,-19
475,-197,-19
448,-199,-19
428,-200,-21
403,-200,-24
383,-204,-21
374,-208,-23
359,-206,-24
349,-209,-26
342,-210,-22
339,-212,-29
334,-212,-30
325,-212,-28
323,-207,-32
319,-209,-36
310,-212,-36
306,-212,-40
299,-217,-43
293,-219,-46
284,-226,-48
277,-229,-49
261,-237,-50
248,-237,-51
232,-237,-52
212,-241,-53
195,-247,-53
174,-248,-52
149,-250,-52
121,-258,-45
93,-263,-37
63,-271,-29
28,-278,-19
-3,-286,-9
-34,-292,0
-55,-302,15
-78,-307,24
-86,-316,28
-96,-321,31
-104,-327,35
-110,-345,39
-107,-368,52
-103,-391,61
-84,-422,70
-63,-462,71
-37,-498,76
-2,-532,81
48,-567,82
110,-601,85
187,-635,85
274,-667,83
364,-692,82
463,-715,82
571,-733,80
682,-749,77
803,-762,75
929,-763,60
1012,-754,42
1067,-742,22
1093,-718,-5
1107,-680,-33
1160,-634,-50
1266,-593,-57
1397,-559,-63
1547,-525,-73
1695,-477,-88
1829,-421,-110
1904,-364,-155
1871,-306,-244
1758,-227,-379
1631,-134,-514
1538,-28,-608
1478,67,-650
1454,152,-666
1442,227,-664
1408,293,-661
1322,344,-658
1188,378,-656
1036,403,-650
899,422,-641
780,427,-620
695,429,-582
661,428,-537
635,424,-511
600,419,-503
563,414,-502
535,407,-498
516,397,-479
520,382,-456
555,364,-427
594,353,-400
642,340,-373
694,325,-352
747,314,-330
789,307,-304
826,303,-281
861,297,-255
890,292,-228
921,284,-198
953,265,-160
984,247,-130
1012,230,-95
1044,219,-69
1077,200,-52
1106,184,-35
1135,168,-14
1163,153,10
1185,139,33
1203,127,52
1223,110,69
1238,97,83
1250,82,93
1255,68,105
1247,49,114
1238,31,120
1225,16,122
1205,-1,120
1180,-20,118
1154,-39,117
1128,-59,111
1100,-77,104
1077,-87,103
1058,-103,97
1040,-113,92
1024,-123,91
1015,-135,88
1010,-148,84
999,-158,84
990,-167,86
997,-177,86
992,-184,87
989,-198,87
988,-211,89
989,-222,95
988,-232,96
987,-241,100
987,-249,103
989,-264,107
990,-273,114
990,-284,117
990,-298,121
991,-305,126
991,-317,131
985,-329,137
985,-340,143
986,-349,151
983,-353,158
980,-359,164
977,-366,165
971,-371,167
972,-372,172
969,-379,173
965,-383,174
966,-387,174
968,-390,175
967,-394,176
962,-399,171
960,-396,169
959,-397,163
958,-402,158
943,-400,152
936,-394,146
924,-387,146
911,-386,138
895,-385,135
887,-380,128
882,-374,121
880,-367,115
874,-360,109
870,-351,100
866,-344,95
859,-335,86
851,-324,81
839,-315,78
830,-300,66
815,-289,56
797,-273,53
779,-263,43
764,-247,31
740,-230,19
720,-217,12
702,-205,1
677,-187,-6
654,-175,-17
635,-167,-29
614,-154,-37
592,-143,-48
575,-135,-52
555,-123,-57
545,-118,-65
530,-113,-76
510,-111,-87
492,-107,-96
472,-104,-103
457,-102,-109
439,-98,-115
425,-90,-116
415,-84,-111
402,-79,-113
404,-81,-130
414,-75,-144
432,-69,-150
458,-57,-152
484,-41,-146
516,-25,-138
540,-2,-129
562,22,-124
586,38,-124
606,54,-137
618,68,-163
630,76,-195
646,85,-221
659,97,-248
660,104,-270
655,102,-295
639,90,-319
624,79,-343
613,63,-365
592,46,-391
570,29,-419
543,14,-448
521,-7,-472
495,-31,-494
474,-54,-512
451,-76,-525
431,-105,-532
419,-136,-531
413,-162,-538
421,-182,-542
442,-199,-550
474,-216,-560
516,-225,-566
567,-231,-570
631,-229,-567
703,-225,-560
784,-210,-556
864,-193,-542
945,-177,-523
1036,-162,-502
1121,-146,-481
1208,-127,-456
1290,-112,-433
1364,-102,-407
1422,-88,-373
1475,-74,-337
1510,-60,-297
1534,-48,-256
1546,-31,-216
1550,-14,-183
1534,2,-150
1511,15,-118
1483,29,-87
1456,42,-61
1419,52,-45
1368,65,-27
1315,79,-14
1259,91,-2
1194,102,1
1122,112,3
1044,120,2
959,132,-9
875,142,-25
804,146,-41
745,146,-55
678,139,-79
608,125,-110
548,114,-150
490,99,-192
443,82,-227
396,62,-260
357,42,-290
316,20,-323
277,-1,-358
238,-19,-389
212,-37,-422
201,-55,-452
196,-71,-478
197,-84,-502
204,-98,-520
218,-109,-536
240,-126,-551
263,-135,-564
294,-147,-571
324,-152,-578
362,-159,-577
397,-164,-572
432,-161,-561
459,-158,-548
481,-154,-534
506,-148,-520
530,-142,-497
556,-139,-470
576,-135,-438
592,-134,-410
604,-133,-378
613,-134,-343
614,-133,-307
612,-135,-272
604,-137,-235
589,-138,-200
568,-143,-162
542,-150,-128
511,-155,-99
475,-161,-72
438,-164,-53
402,-169,-36
367,-172,-9
328,-177,15
289,-181,38
256,-184,61
223,-187,78
197,-188,93
169,-192,106
141,-194,114
117,-193,121
93,-192,127
73,-192,129
52,-194,133
28,-195,139
11,-196,137
-4,-194,140
-16,-194,143
-29,-191,146
-44,-191,149
-57,-192,152
-68,-191,156
-82,-190,165
-100,-190,172
-106,-189,179
-126,-193,186
-150,-194,190
-168,-191,202
-193,-193,214
-216,-195,226
-234,-199,239
-254,-197,246
-271,-196,256
-285,-190,267
-296,-185,277
-312,-180,282
-323,-171,287
-327,-164,291
-325,-155,296
-315,-146,307
-297,-136,315
-280,-121,329
-261,-105,338
-244,-94,347
-229,-80,353
-215,-67,362
-205,-55,369
-211,-42,376
-217,-24,379
-240,-1,378
-294,18,377
-350,35,377
-412,49,381
-475,63,389
-526,76,406
-568,88,425
-610,99,440
-655,117,448
-698,141,444
-744,170,432
-788,191,420
-815,216,406
-819,236,391
-808,249,382
-785,249,378
-762,247,374
-750,241,368
-737,235,355
-716,230,344
-684,225,333
-642,222,318
-600,218,306
-560,219,296
-508,225,282
-442,227,269
-355,229,262
-244,229,258
-150,229,250
-92,230,237
-46,234,229
1,235,215
45,237,200
86,233,187
132,232,173
174,229,160
211,230,152
244,232,131
280,235,109
311,235,85
349,234,60
377,237,32
399,235,2
418,233,-26
421,228,-50
419,223,-76
415,222,-111
401,219,-151
382,212,-189
359,201,-228
336,193,-264
311,181,-294
287,168,-327
267,154,-361
248,140,-391
229,123,-418
216,109,-441
214,93,-463
217,81,-487
220,71,-506
234,63,-520
247,55,-531
263,45,-543
286,35,-553
312,25,-557
339,18,-563
363,9,-567
383,-6,-567
404,-15,-570
426,-22,-568
447,-32,-561
466,-44,-555
484,-55,-545
491,-61,-536
509,-70,-526
522,-83,-515
531,-98,-500
538,-110,-479
545,-124,-461
552,-144,-449
571,-165,-430
590,-187,-409
602,-206,-390
615,-228,-369
640,-248,-346
668,-268,-313
710,-281,-279
753,-293,-246
802,-310,-213
840,-318,-178
876,-315,-146
916,-308,-111
951,-301,-82
988,-290,-54
1018,-275,-37
1037,-261,-9
1051,-247,15
1063,-234,42
1056,-222,64
1040,-203,82
1017,-186,95
975,-171,113
914,-153,132
835,-137,141
755,-116,140
674,-90,139
591,-74,137
515,-55,138
447,-33,138
391,-14,143
349,5,148
319,21,157
297,33,156
278,45,161
253,58,162
240,70,160
231,79,159
224,82,158
222,83,162
227,88,173
239,86,181
257,87,195
278,82,209
302,78,227
326,71,241
345,65,252
366,59,264
379,49,276
390,39,286
389,31,294
386,18,303
384,2,314
382,-9,325
383,-21,337
388,-34,349
393,-47,360
400,-62,371
407,-72,378
416,-81,381
430,-93,385
444,-106,384
463,-118,382
479,-128,382
496,-141,379
507,-151,376
517,-158,373
523,-163,367
527,-170,358
523,-176,346
514,-185,334
506,-190,317
497,-196,301
490,-207,285
477,-210,269
467,-213,252
450,-220,236
442,-226,221
428,-235,202
413,-245,190
407,-249,178
400,-254,163
393,-259,150
379,-269,138
371,-273,129
363,-278,120
362,-284,111
365,-291,103
360,-296,93
359,-305,85
361,-311,81
359,-316,76
354,-318,72
355,-320,71
360,-317,70
360,-314,79
366,-313,90
379,-299,96
394,-283,98
419,-266,97
450,-245,102
478,-228,111
506,-204,118
534,-178,124
556,-148,126
586,-114,122
617,-79,115
647,-56,98
681,-32,75
714,-17,55
748,-9,35
781,-3,9
812,-4,-19
844,-7,-47
881,-7,-64
909,-9,-97
937,-12,-129
957,-24,-161
970,-27,-189
974,-34,-215
981,-39,-246
982,-39,-278
982,-47,-302
975,-53,-321
971,-62,-331
978,-68,-340
991,-74,-357
1003,-76,-368
1011,-69,-376
1013,-58,-386
1013,-44,-391
1011,-35,-401
1002,-15,-413
993,4,-419
984,21,-428
981,36,-432
988,47,-437
999,60,-439
1014,77,-444
1030,90,-444
1040,105,-442
1048,114,-438
1056,118,-435
1067,126,-433
1074,134,-426
1079,141,-419
1079,145,-408
1084,145,-398
1098,144,-385
1109,146,-372
1118,160,-356
1134,173,-338
1149,189,-321
1167,203,-300
1186,222,-280
1202,240,-261
1213,259,-239
1215,275,-222
1209,288,-206
1201,301,-192
1185,310,-178
1162,319,-166
1130,334,-152
1096,347,-142
1061,357,-138
1020,367,-137
978,379,-147
937,388,-158
892,393,-176
843,396,-203
804,392,-230
768,380,-261
727,365,-297
685,347,-334
648,322,-371
620,301,-411
588,272,-449
557,239,-486
528,211,-521
504,184,-554
486,155,-587
472,124,-620
467,90,-651
461,60,-677
457,37,-700
462,15,-720
467,-7,-735
479,-25,-748
494,-42,-757
514,-59,-762
535,-73,-762
557,-80,-761
579,-87,-757
594,-84,-757
618,-86,-749
645,-85,-729
668,-79,-704
694,-81,-670
717,-79,-640
734,-84,-613
755,-82,-578
776,-82,-539
787,-89,-493
799,-92,-441
809,-96,-398
816,-98,-358
817,-101,-318
811,-106,-284
798,-115,-250
779,-121,-210
754,-134,-169
729,-151,-132
693,-165,-102
660,-175,-74
619,-186,-49
579,-197,-19
542,-206,14
506,-218,45
474,-230,73
446,-239,98
412,-251,118
384,-263,137
364,-278,152
342,-289,166
320,-295,180
301,-302,192
283,-310,205
264,-320,210
251,-328,218
239,-328,228
229,-331,234
219,-338,242
210,-343,247
204,-342,253
199,-345,252
191,-348,255
186,-347,264
178,-350,268
168,-352,270
163,-358,271
155,-359,271
145,-364,275
138,-366,277
127,-371,281
117,-376,284
110,-378,288
101,-380,291
93,-380,294
86,-386,299
77,-388,303
64,-388,306
49,-395,314
36,-399,322
23,-400,330
14,-405,333
3,-412,338
-9,-422,343
-14,-423,351
-19,-426,360
-25,-433,373
-29,-442,391
-34,-454,415
-34,-464,444
-31,-474,469
-28,-476,498
-17,-476,527
-12,-474,548
-52,-470,564
-120,-465,577
-201,-451,577
-268,-415,567
-282,-370,552
-239,-327,533
-160,-298,514
-34,-274,504
150,-250,509
329,-240,523
467,-250,531
571,-265,521
637,-252,486
693,-199,436
744,-153,388
788,-157,345
863,-181,298
933,-172,268
975,-144,242
999,-98,197
994,-59,148
999,-35,108
1014,-18,64
1035,2,26
1062,30,-2
1090,61,-28
1118,91,-56
1139,121,-93
1152,142,-134
1160,164,-177
1164,186,-210
1151,211,-250
1128,232,-294
1100,250,-335
1059,277,-379
1009,296,-426
962,310,-471
904,323,-507
845,341,-543
784,353,-577
725,367,-614
666,380,-650
610,385,-680
555,390,-716
513,387,-748
471,385,-777
431,379,-804
400,368,-826
375,359,-843
348,350,-859
328,338,-876
312,329,-882
307,313,-891
310,296,-892
317,280,-890
324,262,-889
344,245,-883
371,227,-883
403,215,-877
439,204,-866
480,189,-856
525,166,-840
573,146,-829
619,125,-812
668,106,-796
721,79,-774
777,53,-755
828,36,-731
879,18,-706
931,-5,-680
981,-32,-655
1033,-55,-627
1085,-75,-595
1136,-96,-564
1181,-113,-535
1218,-129,-504
1253,-145,-475
1291,-161,-445
1318,-170,-412
1342,-181,-378
1366,-191,-343
1383,-204,-310
1390,-222,-277
1396,-228,-246
1392,-238,-214
1383,-245,-187
1363,-252,-157
1337,-259,-127
1306,-264,-101
1275,-268,-77
1237,-272,-58
1204,-276,-45
1165,-283,-26
1130,-288,-3
1096,-292,21
1062,-298,39
1020,-300,53
985,-297,70
943,-294,89
917,-294,107
898,-303,129
880,-308,149
867,-311,167
857,-312,188
853,-315,201
857,-319,218
865,-322,236
873,-324,251
882,-320,269
894,-326,288
900,-326,304
898,-323,321
901,-321,336
904,-315,353
897,-314,367
893,-313,383
897,-308,399
895,-308,408
889,-310,418
881,-307,425
868,-297,438
862,-284,450
871,-273,460
887,-275,472
893,-278,478
882,-275,483
865,-270,487
839,-261,487
820,-253,484
806,-242,483
797,-240,484
796,-239,484
794,-242,481
790,-240,477
786,-240,476
783,-238,477
778,-235,471
769,-233,461
761,-230,446
750,-235,436
736,-236,423
724,-229,411
713,-228,403
706,-226,389
697,-225,372
681,-227,357
672,-223,336
659,-225,318
646,-228,304
636,-231,289
633,-233,271
630,-235,254
621,-238,240
620,-240,225
620,-242,208
617,-239,191
609,-237,174
602,-235,160
604,-233,151
610,-230,146
614,-225,141
624,-215,137
634,-201,136
651,-186,133
675,-169,129
700,-145,129
729,-122,127
753,-92,124
773,-56,117
790,-22,104
805,7,78
826,30,38
843,47,-7
860,61,-40
873,75,-57
886,80,-81
888,79,-107
891,75,-134
894,69,-167
897,58,-193
895,41,-216
894,20,-238
897,-3,-252
896,-22,-261
893,-38,-273
898,-53,-290
907,-68,-307
910,-85,-319
919,-100,-330
937,-111,-338
955,-116,-345
971,-121,-351
994,-125,-356
1032,-123,-361
1065,-125,-367
1099,-127,-378
1137,-130,-389
1180,-127,-396
1217,-124,-406
1256,-117,-420
1298,-110,-429
1336,-104,-439
1377,-100,-443
1413,-95,-451
1448,-90,-456
1481,-85,-463
1509,-84,-471
1536,-84,-472
1561,-80,-479
1585,-81,-481
1612,-86,-476
1634,-84,-476
1657,-83,-473
1675,-83,-468
1691,-81,-459
1706,-77,-451
1722,-74,-441
1735,-67,-430
1744,-63,-413
1746,-52,-396
1746,-43,-381
1738,-31,-366
1727,-13,-353
1710,5,-338
1687,16,-325
1653,29,-316
1614,42,-308
1579,59,-296
1536,81,-286
1492,102,-280
1448,122,-280
1396,139,-286
1340,157,-296
1279,176,-308
1221,190,-324
1169,197,-341
1112,200,-365
1056,198,-388
1007,195,-416
954,185,-442
907,175,-473
852,163,-502
807,147,-534
765,131,-561
722,115,-582
683,96,-603
652,77,-624
623,57,-642
599,38,-657
584,21,-675
568,2,-685
560,-18,-696
561,-33,-702
566,-47,-711
581,-63,-718
598,-78,-721
618,-91,-714
637,-102,-702
667,-111,-689
695,-127,-670
723,-129,-656
750,-132,-638
777,-140,-617
804,-146,-587
831,-149,-557
849,-155,-522
870,-163,-486
890,-169,-446
904,-175,-411
913,-185,-376
915,-192,-340
910,-207,-306
902,-214,-270
894,-213,-239
882,-220,-208
876,-226,-175
867,-241,-145
855,-254,-123
834,-267,-98
809,-278,-71
776,-287,-52
742,-294,-33
711,-306,-13
677,-315,6
641,-321,23
604,-330,39
568,-338,55
535,-342,66
501,-345,74
471,-346,87
448,-347,98
424,-346,110
406,-342,120
383,-343,129
368,-342,135
352,-334,141
336,-327,146
318,-319,155
304,-314,165
290,-309,170
272,-298,174
255,-293,182
243,-285,187
225,-278,195
208,-269,203
192,-257,210
169,-249,214
154,-243,217
136,-237,220
114,-228,227
95,-220,227
73,-214,229
55,-211,231
35,-208,229
13,-203,226
-8,-198,224
-38,-200,222
-68,-205,223
-95,-207,226
-113,-205,227
-136,-207,231
-158,-209,230
-183,-218,232
-203,-225,241
-218,-235,248
-229,-243,258
-241,-250,274
-262,-258,285
-284,-257,296
-301,-251,305
-284,-234,306
-294,-215,306
-357,-198,314
-417,-173,330
-440,-137,334
-422,-99,332
-348,-71,324
-231,-60,332
-126,-57,352
-33,-46,371
44,-22,382
103,10,386
143,24,381
169,25,364
187,27,329
211,56,288
251,105,264
298,122,273
362,104,290
442,97,284
526,134,280
603,194,278
671,241,261
740,260,245
820,264,236
895,280,234
954,294,239
996,311,226
1018,333,207
1025,351,183
1025,360,154
1022,359,136
1009,359,120
990,365,96
963,371,69
924,370,33
875,369,-11
825,365,-50
773,365,-87
723,361,-123
677,358,-156
642,355,-193
615,351,-228
597,347,-261
588,339,-296
578,323,-330
572,310,-358
569,296,-386
564,279,-406
561,266,-426
556,246,-446
557,229,-461
554,206,-475
557,189,-490
561,169,-503
565,150,-507
570,132,-512
581,117,-510
592,106,-503
607,88,-495
627,71,-487
645,57,-478
671,48,-468
696,35,-455
724,23,-445
751,8,-438
781,-10,-430
819,-21,-417
853,-37,-400
895,-61,-381
937,-78,-357
980,-98,-337
1022,-115,-317
1058,-133,-300
1090,-148,-280
1127,-164,-257
1158,-179,-238
1186,-188,-219
1203,-199,-203
1216,-208,-191
1224,-215,-177
1227,-228,-161
1226,-238,-148
1229,-245,-138
1226,-254,-127
1224,-260,-117
1216,-270,-113
1204,-277,-107
1193,-280,-105
1184,-280,-100
1170,-284,-85
1162,-285,-73
1154,-279,-64
1148,-279,-58
1146,-275,-55
1149,-270,-53
1157,-265,-47
1173,-257,-33
1186,-250,-16
1204,-246,-2
1218,-240,10
1224,-232,21
1226,-227,30
1224,-224,39
1209,-220,46
1191,-218,54
1166,-215,62
1131,-207,74
1093,-203,82
1053,-197,91
1019,-193,98
989,-182,103
958,-172,104
929,-157,107
901,-145,110
875,-134,115
858,-122,115
838,-107,114
818,-95,116
800,-87,118
777,-79,122
751,-76,123
728,-74,123
707,-72,117
684,-70,116
656,-71,114
628,-72,108
601,-76,104
574,-78,108
549,-78,106
531,-82,103
514,-88,100
502,-94,98
495,-99,94
487,-103,90
478,-110,89
475,-116,91
473,-121,90
477,-133,90
484,-141,92
491,-146,89
493,-156,86
496,-161,88
498,-168,87
505,-174,83
512,-178,82
520,-187,77
526,-192,72
525,-195,66
528,-202,62
532,-210,58
528,-212,51
525,-222,50
521,-226,43
513,-234,40
507,-242,37
502,-250,33
489,-260,30
482,-270,29
471,-268,29
467,-270,34
457,-270,44
449,-276,55
449,-274,64
458,-275,69
477,-269,74
498,-255,83
518,-243,94
535,-227,108
554,-208,122
571,-190,135
582,-165,135
589,-139,126
590,-119,105
585,-107,75
580,-95,40
573,-85,6
568,-76,-27
568,-76,-54
555,-78,-74
540,-89,-101
530,-104,-127
517,-125,-157
500,-143,-185
485,-166,-211
468,-186,-235
452,-206,-257
438,-228,-278
427,-254,-296
424,-277,-316
430,-298,-327
448,-318,-327
481,-342,-321
521,-364,-330
577,-378,-350
642,-382,-368
710,-393,-381
784,-387,-391
868,-376,-400
958,-362,-405
1048,-351,-408
1140,-332,-404
1238,-311,-397
1331,-288,-385
1413,-267,-371
1485,-254,-358
1554,-236,-346
1614,-209,-336
1671,-183,-323
1722,-160,-305
1758,-142,-287
1785,-120,-270
1802,-101,-250
1806,-82,-227
1804,-65,-203
1804,-46,-178
1789,-28,-158
1761,-11,-145
1722,8,-133
1682,31,-124
1635,58,-116
1586,87,-104
1530,112,-95
1467,134,-92
1391,154,-88
1312,174,-88
1236,194,-93
1161,213,-107
1083,235,-124
1001,254,-145
920,271,-167
836,286,-192
762,299,-219
694,304,-250
632,309,-280
583,314,-310
539,313,-347
505,305,-388
475,292,-423
446,275,-455
420,261,-487
400,243,-520
389,225,-552
382,208,-580
379,181,-609
375,161,-638
379,143,-662
388,127,-682
400,116,-695
418,101,-712
437,89,-727
460,76,-737
483,62,-741
512,53,-744
541,43,-744
566,35,-743
598,29,-740
619,26,-731
644,25,-722
667,22,-707
686,19,-682
704,20,-654
721,18,-629
734,14,-599
750,19,-572
758,21,-536
758,19,-492
757,14,-451
751,10,-415
743,9,-387
732,11,-356
709,5,-323
683,-2,-291
656,-8,-254
621,-18,-218
583,-27,-185
544,-39,-152
501,-47,-124
459,-57,-98
416,-63,-76
369,-71,-55
322,-75,-36
278,-83,-12
238,-86,10
199,-86,27
160,-92,41
126,-94,58
95,-96,76
65,-95,90
35,-95,101
7,-98,115
-16,-97,131
-38,-96,146
-57,-90,160
-77,-90,173
-93,-91,179
-113,-86,192
-133,-85,200
-152,-82,209
-168,-78,218
-185,-74,224
-198,-77,230
-213,-78,233
-227,-82,237
-247,-81,242
-263,-80,245
-277,-78,245
-293,-85,247
-307,-89,252
-323,-93,254
-336,-95,255
-354,-98,256
-369,-101,259
-387,-113,263
-404,-119,265
-421,-120,267
-437,-125,271
-456,-134,279
-475,-145,286
-493,-154,301
-513,-164,321
-540,-172,341
-560,-180,368
-585,-190,398
-607,-197,430
-628,-202,460
-651,-211,482
-665,-214,503
-673,-221,523
-677,-231,537
-668,-242,549
-661,-257,561
-648,-274,574
-619,-291,585
-558,-305,589
-505,-319,592
-475,-333,594
-463,-343,600
-455,-345,604
-416,-328,605
-335,-312,603
-227,-295,599
-121,-282,597
-17,-260,593
114,-234,596
251,-211,608
370,-210,615
473,-210,595
533,-193,559
557,-154,516
588,-106,470
633,-63,430
685,-42,393
742,-49,364
796,-38,329
805,-2,292
788,29,242
749,60,181
701,85,120
654,108,64
608,125,10
571,146,-32
541,167,-68
510,187,-117
474,199,-170
433,215,-216
391,225,-264
348,236,-312
306,243,-360
254,249,-405
210,252,-447
171,249,-485
141,251,-520
123,250,-548
113,249,-569
101,248,-592
89,243,-609
86,242,-618
99,239,-622
124,232,-626
157,229,-620
179,229,-612
188,224,-606
182,224,-607
171,228,-605
158,231,-603
150,235,-594
149,235,-578
150,228,-555
166,222,-530
191,216,-503
219,210,-473
252,201,-443
273,188,-412
290,175,-382
307,167,-360
313,149,-334
314,133,-305
314,113,-284
321,96,-259
332,81,-234
345,61,-204
364,54,-174
384,45,-140
403,37,-106
424,34,-71
441,32,-49
452,30,-24
449,30,8
444,29,40
430,26,67
407,24,89
379,23,103
348,24,119
315,26,135
279,30,153
240,27,170
203,29,186
163,30,200
127,34,209
91,32,221
58,33,231
27,34,240
-2,36,248
-26,35,258
-37,40,269
-40,39,277
-47,36,287
-57,34,299
-58,28,312
-55,25,324
-52,20,337
-45,13,349
-40,5,363
-35,-8,372
-34,-14,383
-25,-25,395
-15,-35,411
-3,-47,423
18,-55,433
36,-67,444
47,-80,455
61,-93,463
79,-105,468
90,-118,470
93,-133,468
96,-142,471
99,-153,473
102,-160,471
104,-165,470
112,-173,463
120,-178,455
133,-183,445
139,-183,437
145,-188,428
150,-190,416
154,-192,402
154,-195,389
152,-195,375
152,-191,357
149,-191,336
145,-192,317
140,-191,295
132,-186,274
125,-187,250
110,-187,223
98,-186,204
82,-189,180
65,-188,157
50,-190,127
30,-190,106
11,-187,86
0,-184,62
-13,-183,41
-18,-185,29
-17,-179,20
-12,-176,16
-1,-169,9
7,-160,11
14,-139,8
19,-119,6
26,-95,5
19,-76,1
15,-57,-11
5,-33,-25
-6,-1,-45
-22,28,-73
-43,50,-122
-61,66,-180
-79,67,-243
-101,60,-297
-126,50,-334
-155,35,-365
-182,7,-390
-212,-28,-422
-239,-66,-462
-264,-101,-503
-282,-135,-537
-269,-167,-561
-241,-198,-570
-213,-238,-574
-185,-279,-592
-151,-316,-607
-99,-341,-624
-39,-362,-649
35,-377,-662
113,-387,-673
197,-383,-687
280,-364,-704
357,-341,-712
445,-315,-715
545,-291,-715
647,-264,-707
749,-238,-697
855,-218,-681
951,-194,-663
1035,-174,-646
1119,-148,-625
1208,-112,-602
1288,-82,-580
1352,-55,-560
1393,-29,-543
1421,-6,-523
1442,17,-500
1451,42,-481
1441,57,-458
1423,75,-428
1392,91,-399
1358,105,-366
1310,121,-334
1248,132,-307
1178,145,-283
1107,157,-266
1029,162,-256
944,177,-256
866,200,-260
784,224,-256
703,250,-246
620,273,-233
539,298,-227
462,317,-226
387,336,-225
313,354,-229
239,379,-238
169,403,-249
104,421,-255
39,436,-265
-13,450,-278
-56,461,-296
-91,470,-319
-121,470,-339
-145,466,-362
-169,452,-387
-189,437,-406
-204,421,-435
-221,406,-461
-232,388,-485
-235,369,-509
-238,351,-533
-231,332,-554
-221,308,-573
-206,286,-587
-190,262,-597
-168,240,-607
-148,219,-616
-121,195,-619
-89,174,-619
-57,153,-614
-32,129,-611
4,112,-603
41,94,-594
76,82,-581
113,68,-568
146,55,-552
181,43,-531
207,32,-507
228,24,-482
255,15,-456
270,6,-428
284,-4,-397
296,-10,-362
300,-14,-326
299,-25,-297
298,-27,-261
286,-32,-232
272,-35,-198
254,-39,-166
230,-47,-134
198,-52,-106
163,-52,-77
128,-55,-56
88,-59,-40
50,-63,-20
9,-67,6
-31,-70,30
-64,-73,50
-100,-74,64
-137,-73,82
-172,-69,98
-204,-68,110
-241,-67,127
-277,-62,139
-309,-60,151
-339,-52,161
-369,-50,173
-397,-48,185
-423,-41,199
-452,-34,215
-484,-30,230
-508,-25,243
-537,-17,255
-565,-12,271
-593,-7,287
-612,-3,306
-637,0,321
-662,6,337
-684,12,355
-709,14,375
-727,19,392
-745,20,411
-763,20,426
-782,24,443
-798,28,460
-815,26,480
-823,25,499
-836,28,520
-850,30,539
-861,27,558
-872,24,578
-879,24,596
-882,23,611
-885,24,628
-888,23,648
-890,23,664
-888,18,681
-884,14,697
-878,16,714
-874,15,730
-873,17,747
-868,18,761
-866,20,781
-867,20,803
-872,21,821
-873,23,840
-882,20,866
-899,20,889
-913,22,901
-920,27,914
-937,23,931
-981,19,943
-1046,14,948
-1104,-2,952
-1128,-9,956
-1112,-4,952
-1050,9,934
-984,28,892
-942,38,837
-931,28,779
-935,7,729
-943,-21,692
-922,-36,660
-867,-51,640
-798,-70,622
-729,-95,595
-666,-129,561
-619,-148,530
-580,-154,494
-535,-156,449
-486,-154,404
-433,-158,366
-391,-156,331
-355,-149,301
-323,-135,268
-300,-112,230
-281,-89,194
-273,-71,161
-258,-55,131
-250,-29,109
-242,-9,88
-233,18,62
-232,45,30
-226,71,-7
-233,93,-43
-249,116,-59
-274,133,-81
-306,148,-104
-345,166,-129
-382,183,-151
-421,201,-167
-463,216,-183
-506,234,-198
-547,249,-206
-586,261,-216
-601,273,-224
-599,281,-227
-582,290,-224
-553,298,-221
-518,305,-213
-484,313,-206
-452,322,-194
-423,327,-185
-394,330,-173
-366,337,-155
-331,335,-141
-303,331,-126
-263,329,-106
-217,334,-78
-179,332,-55
-135,323,-43
-99,320,-21
-70,314,5
-45,310,31
-30,308,51
-20,307,66
-21,304,79
-39,296,93
-71,287,99
-105,276,103
-148,270,112
-198,262,107
-250,256,104
-296,255,103
-334,249,108
-360,248,108
-369,241,109
-370,236,112
-369,231,120
-368,222,123
-363,217,126
-352,211,128
-333,200,133
-315,193,136
-291,181,144
-271,171,155
-241,158,169
-208,150,181
-177,141,197
-142,132,205
-110,117,216
-82,100,226
-60,86,232
-45,79,237
-32,70,243
-24,65,246
-14,59,246
-10,51,244
0,48,246
3,44,248
6,39,251
11,33,249
12,27,249
16,25,251
22,20,246
28,16,242
32,18,243
34,14,240
40,8,233
44,8,232
51,11,230
59,6,222
69,6,219
68,7,213
75,5,208
79,2,201
89,1,196
100,-5,186
113,-6,176
124,-7,169
136,-9,159
148,-14,152
159,-14,145
165,-17,135
176,-22,127
181,-20,119
181,-24,113
182,-30,103
188,-32,94
192,-37,86
196,-41,78
198,-44,68
199,-45,59
201,-48,51
210,-50,43
218,-52,30
227,-52,18
227,-54,6
233,-53,-5
236,-55,-14
239,-59,-26
244,-61,-34
243,-65,-42
234,-59,-51
219,-56,-54
201,-57,-62
194,-61,-68
190,-67,-74
192,-70,-83
195,-68,-90
202,-65,-97
210,-65,-101
219,-64,-105
232,-60,-109
246,-60,-108
259,-55,-109
271,-52,-109
290,-51,-106
310,-48,-96
327,-47,-89
346,-46,-80
366,-39,-72
384,-34,-64
413,-35,-55
437,-44,-50
445,-47,-42
437,-42,-40
432,-34,-42
437,-29,-44
450,-33,-41
472,-36,-38
482,-37,-33
483,-41,-33
475,-35,-35
463,-32,-40
455,-30,-42
447,-28,-49
434,-31,-53
431,-33,-55
422,-33,-57
411,-35,-60
398,-31,-68
391,-27,-74
384,-27,-82
377,-27,-89
371,-23,-95
362,-22,-95
349,-25,-100
345,-23,-106
338,-19,-110
332,-15,-113
325,-13,-117
322,-14,-121
315,-10,-126
312,-8,-129
308,-10,-132
304,-13,-131
298,-11,-132
293,-9,-133
290,-10,-130
286,-5,-132
276,1,-132
273,-1,-129
270,-1,-129
271,-1,-127
270,-4,-124
269,-4,-122
268,-5,-121
264,-9,-115
264,-4,-112
266,-7,-112
261,-8,-110
259,-9,-109
259,-17,-108
260,-18,-107
257,-18,-109
254,-26,-109
258,-29,-107
258,-34,-105
258,-44,-105
253,-54,-107
249,-57,-109
245,-66,-108
246,-73,-110
238,-81,-108
239,-88,-108
235,-95,-109
230,-103,-111
223,-111,-111
222,-119,-110
220,-124,-111
218,-131,-114
219,-136,-113
217,-141,-113
216,-145,-110
211,-153,-104
212,-161,-97
210,-168,-93
207,-170,-89
200,-171,-83
195,-175,-78
194,-180,-73
186,-181,-65
180,-185,-58
171,-189,-54
167,-190,-51
166,-190,-47
156,-191,-45
149,-192,-37
135,-195,-25
131,-195,-18
126,-196,-13
118,-198,-9
105,-201,-1
96,-202,4
88,-201,9
80,-205,13
71,-206,21
62,-209,28
52,-210,32
47,-211,38
40,-214,42
31,-215,47
24,-218,54
16,-219,60
10,-219,64
4,-217,68
-4,-216,70
-14,-217,74
-22,-210,73
-25,-207,76
-26,-206,78
-26,-208,77
-30,-203,78
-32,-196,80
-34,-190,83
-35,-190,86
-33,-183,85
-36,-178,84
-36,-168,85
-37,-160,84
-38,-158,85
-43,-154,84
-43,-153,83
-39,-149,80
-40,-142,81
-48,-132,81
-51,-128,78
-52,-122,74
-58,-110,72
-64,-106,72
-68,-102,70
-71,-100,67
-69,-99,64
-74,-95,64
-78,-91,63
-79,-87,63
-77,-82,59
-74,-78,57
-68,-77,53
-68,-72,52
-64,-67,49
-62,-60,43
-59,-59,40
-57,-55,36
-55,-47,29
-51,-43,23
-47,-38,21
-43,-35,13
-46,-25,11
-49,-21,8
-48,-18,2
-50,-13,-4
-49,-11,-11
-49,-6,-20
-54,2,-27
-56,7,-32
-60,9,-37
-65,13,-47
-68,20,-52
-69,22,-53
-74,29,-56
-79,30,-60
-87,29,-66
-91,32,-75
-94,34,-84
-94,37,-92
-96,42,-99
-94,43,-106
-91,43,-112
-86,42,-113
-87,40,-117
-86,44,-125
-84,46,-129
-81,44,-131
-80,44,-133
-72,46,-141
-69,47,-145
-62,46,-146
-54,45,-147
-51,46,-148
-48,43,-151
-44,42,-151
-41,40,-152
-38,36,-154
-35,35,-153
-31,32,-156
-29,35,-156
-27,34,-155
-26,26,-154
-25,26,-153
-19,23,-154
-17,23,-155
-17,22,-153
-16,19,-152
-14,15,-151
-15,13,-151
-18,10,-152
-17,7,-154
-17,3,-152
-15,3,-154
-16,1,-156
-16,-4,-157
-15,-8,-156
-14,-8,-157
-16,-8,-163
-19,-17,-163
-26,-19,-164
-28,-19,-161
-29,-22,-162
-27,-27,-164
-26,-29,-161
-26,-34,-160
-25,-40,-159
-24,-37,-159
-20,-42,-157
-23,-45,-158
-27,-44,-160
-22,-50,-158
-24,-50,-157
-24,-56,-158
-24,-64,-159
-20,-66,-160
-22,-69,-161
-23,-72,-160
-20,-74,-155
-14,-77,-156
-12,-81,-155
-13,-83,-157
-12,-86,-154
-10,-95,-153
-9,-99,-152
-11,-98,-148
-10,-102,-148
-11,-101,-145
-12,-106,-143
-13,-110,-145
-14,-114,-146
-12,-113,-146
-15,-116,-143
-14,-121,-143
-11,-123,-145
-12,-127,-146
-13,-130,-144
-11,-129,-145
-12,-132,-148
-10,-134,-150
-9,-137,-154
-10,-142,-155
-10,-146,-155
-7,-147,-161
-5,-149,-166
-6,-153,-166
-6,-156,-167
-4,-156,-167
-2,-163,-168
-1,-162,-168
1,-162,-166
0,-163,-163
0,-163,-161
-5,-165,-156
-2,-165,-152
-2,-162,-149
-7,-156,-144
-6,-158,-137
-5,-152,-130
1,-150,-123
2,-150,-117
6,-141,-111
7,-137,-101
7,-138,-93
12,-133,-87
15,-133,-78
15,-134,-73
17,-129,-67
19,-125,-57
18,-119,-53
18,-111,-51
23,-100,-48
21,-94,-39
24,-87,-32
19,-78,-17
7,-68,-1
-7,-62,11
-20,-54,23
-36,-48,33
-51,-43,43
-71,-38,52
-93,-33,64
-112,-26,76
-130,-21,84
-150,-16,94
-168,-9,101
-190,-4,109
-216,-4,120
-231,-1,132
-248,11,143
-267,19,157
-287,31,173
-301,41,192
-321,46,213
-346,61,228
-364,76,241
-378,92,260
-400,108,277
-419,120,295
-429,129,308
-438,138,316
-443,146,318
-436,159,324
-421,170,329
-414,177,333
-404,178,340
-396,174,346
-391,170,356
-382,169,370
-368,165,388
-348,158,412
-323,154,421
-293,153,433
-271,149,447
-256,149,466
-250,142,483
-248,141,497
-242,145,515
-228,148,529
-209,147,546
-184,153,560
-156,160,574
-135,167,592
-116,168,610
-97,169,633
-78,168,663
-61,169,687
-40,173,707
-5,180,726
34,182,746
71,186,776
106,189,811
137,186,834
164,187,858
187,183,889
205,179,922
213,170,947
209,165,972
201,152,1003
202,132,1052
194,111,1096
192,100,1134
192,92,1169
182,96,1192
185,108,1208
192,128,1214
204,140,1232
213,139,1259
201,143,1277
183,159,1298
157,172,1320
127,185,1332
92,193,1328
32,200,1317
-18,202,1310
-57,211,1298
-96,221,1292
-140,213,1301
-182,195,1310
-198,172,1329
-203,164,1349
-201,150,1374
-194,134,1390
-173,129,1391
-145,120,1398
-126,102,1399
-106,101,1396
-86,111,1386
-88,120,1376
-115,117,1362
-167,104,1333
-225,84,1306
-274,62,1289
-306,46,1298
-336,40,1302
-354,32,1317
-366,29,1331
-390,31,1337
-428,37,1337
-484,56,1325
-553,88,1314
-621,122,1326
-721,146,1349
-857,166,1364
-1018,191,1362
-1196,217,1341
-1371,238,1306
-1531,257,1266
-1669,263,1221
-1802,251,1182
-1920,230,1150
-2012,205,1125
-2077,184,1103
-2131,151,1083
-2178,112,1057
-2209,84,1035
-2199,55,1033
-2162,33,1046
-2127,29,1051
-2112,54,1046
-2116,91,1028
-2139,115,985
-2185,138,913
-2255,167,826
-2341,197,732
-2426,213,639
-2486,213,539
-2537,151,440
-2556,35,312
-2284,-182,146
-1568,-456,80
-681,-626,457
-181,-854,1018
-49,-1279,1298
0,-1673,1097
-1,-1271,286
-139,75,-1138
-780,325,-2556
-1747,-224,-3341
-2633,35,-3676
-3323,726,-3816
-3556,1072,-3820
-3318,1188,-3861
-2948,1591,-4425
-2414,1864,-5850
-2496,1689,-6897
-3212,1242,-6456
-2614,778,-5369
-1089,900,-4395
114,1089,-3768
795,1105,-3605
1341,1165,-3658
1703,1249,-3752
1674,1300,-3972
1413,1344,-4321
1116,1416,-4733
831,1461,-5120
613,1482,-5434
470,1484,-5612
353,1482,-5630
190,1531,-5518
0,1612,-5356
-162,1701,-5198
-219,1752,-5098
-106,1819,-5031
130,1916,-4973
386,1978,-4907
493,2029,-4852
415,2101,-4833
308,2139,-4902
300,2130,-5023
362,2157,-5111
422,2203,-5136
519,2246,-5086
681,2272,-4939
841,2259,-4794
938,2234,-4678
952,2213,-4588
879,2159,-4507
731,2075,-4440
554,1998,-4375
344,1938,-4311
90,1895,-4252
-185,1848,-4208
-449,1818,-4185
-703,1806,-4175
-954,1793,-4167
-1206,1751,-4151
-1425,1714,-4116
-1585,1762,-4110
-1598,1939,-4271
-1418,1893,-4656
-1447,1678,-4929
-1586,1633,-4771
-1416,1763,-3708
-949,1685,-2506
-677,1544,-1835
-494,1548,-1480
-211,1779,-1409
152,2242,-1424
411,2692,-1339
479,2971,-1397
288,3234,-1500
-70,3304,-1575
-611,3328,-1900
-1629,3291,-2421
-2455,2999,-2840
-2673,2613,-3029
-2390,2285,-3130
-1885,2029,-3239
-1263,1816,-3440
-737,1618,-3621
-546,1398,-3744
-686,1145,-3883
-997,900,-3865
-1259,703,-3726
-1438,554,-3530
-1566,438,-3210
-1591,345,-2817
-1601,271,-2487
-1593,201,-2266
-1548,165,-2102
-1437,158,-1952
-1262,172,-1782
-1081,180,-1627
-906,199,-1473
-790,221,-1333
-727,236,-1218
-675,263,-1088
-620,299,-956
-588,330,-850
-569,344,-779
-553,341,-722
-573,335,-674
-593,332,-641
-624,336,-607
-679,349,-586
-746,344,-578
-799,319,-578
-843,297,-569
-886,279,-556
-922,262,-541
-941,251,-523
-945,240,-507
-937,225,-497
-911,211,-479
-900,200,-481
-920,191,-505
-924,202,-513
-911,230,-537
-881,253,-575
-837,270,-593
-794,275,-603
-740,271,-631
-689,262,-683
-644,264,-736
-608,252,-799
-599,228,-874
-608,198,-942
-614,184,-989
-607,172,-1026
-593,157,-1072
-604,146,-1116
-617,141,-1153
-652,139,-1183
-657,137,-1183
-633,120,-1197
-606,86,-1209
-588,62,-1204
-583,40,-1186
-581,8,-1164
-592,-40,-1116
-624,-79,-1022
-688,-106,-895
-767,-128,-755
-832,-144,-618
-898,-153,-482
-975,-160,-347
-1054,-161,-209
-1149,-171,-62
-1277,-196,78
-1410,-219,193
-1538,-239,273
-1649,-259,335
-1744,-278,382
-1805,-294,437
-1809,-298,526
-1782,-291,635
-1783,-288,724
-1786,-284,794
-1747,-266,850
-1722,-232,875
-1696,-206,870
-1657,-191,876
-1577,-183,906
-1457,-183,954
-1327,-191,1037
-1201,-200,1142
-1091,-226,1244
-997,-253,1340
-926,-275,1429
-875,-302,1498
-852,-335,1555
-872,-366,1603
-932,-401,1631
-1027,-443,1650
-1153,-501,1678
-1281,-560,1722
-1398,-618,1774
-1522,-665,1831
-1657,-704,1885
-1795,-723,1933
-1928,-719,1974
-2033,-690,2015
-2104,-627,2089
-2136,-536,2200
-2138,-434,2332
-2129,-327,2481
-2074,-240,2598
-2005,-170,2642
-1976,-111,2616
-1981,-62,2552
-2021,-29,2498
-2067,10,2470
-2119,52,2454
-2161,83,2466
-2241,104,2491
-2365,108,2475
-2473,101,2400
-2574,81,2283
-2643,40,2150
-2644,4,1998
-2609,-23,1814
-2508,-44,1635
-2411,-43,1463
-2327,-54,1297
-2247,-72,1127
-2203,-100,944
-2179,-130,738
-2124,-160,549
-2036,-166,374
-1867,-153,201
-1677,-112,57
-1517,-66,-47
-1361,-27,-135
-1229,-15,-240
-1122,-16,-318
-1021,1,-351
-922,36,-375
-810,57,-414
-712,67,-456
-640,71,-505
-578,75,-553
-497,86,-595
-401,112,-622
-316,142,-633
-250,160,-635
-209,175,-637
-182,180,-632
-168,187,-627
-172,194,-620
-168,199,-602
-160,211,-575
-160,223,-545
-176,231,-513
-179,220,-474
-197,207,-431
-248,200,-395
-282,187,-350
-312,174,-302
-347,166,-248
-390,151,-205
-431,134,-162
-464,117,-112
-500,105,-69
-529,91,-37
-572,72,4
-616,49,47
-635,32,89
-640,26,132
-633,24,167
-616,25,195
-600,24,213
-578,21,224
-553,23,231
-526,26,234
-500,21,228
-467,21,217
-431,22,204
-395,19,189
-358,16,172
-317,16,150
-275,13,130
-235,12,108
-186,10,90
-137,6,73
-94,5,54
-54,2,46
-14,-3,34
28,-5,23
65,-4,15
93,-5,5
122,-2,-5
148,-2,-16
164,-4,-26
175,-2,-32
182,-2,-37
191,-2,-42
196,-6,-44
192,-8,-44
188,-8,-45
184,-6,-41
178,-4,-31
168,-4,-24
157,-2,-19
146,-1,-11
133,2,-1
116,1,6
101,8,15
87,10,23
75,12,35
61,15,41
49,18,44
36,18,46
24,19,49
11,21,52
-2,20,51
-14,23,48
-27,23,45
-35,25,43
-41,25,40
-51,23,32
-56,22,28
-63,23,22
-65,25,19
-69,22,14
-67,20,7
-72,20,4
-75,19,0
-72,17,-5
-71,14,-9
-75,13,-13
-71,14,-14
-64,17,-15
-60,16,-14
-56,17,-16
-54,13,-16
-53,15,-10
-47,11,-11
-37,12,-9
-30,15,-10
-23,13,-5
-18,18,-1
-6,17,2
-1,18,4
6,16,9
12,19,11
15,17,14
19,20,16
20,22,19
23,21,19
28,19,19
28,22,18
32,26,18
32,26,22
29,23,20
28,25,18
28,23,14
27,23,15
25,23,14
19,23,10
17,23,10
14,24,10
12,21,6
11,23,7
9,22,6
9,23,4
3,20,4
1,20,2
2,22,2
-4,24,3
-3,22,2
-3,19,2
-6,24,4
-11,23,2
-17,22,2
-14,22,8
-16,22,7
-18,23,6
-20,22,6
-24,24,7
-25,26,9
-22,22,11
-23,22,10
-23,20,10
-24,16,8
-25,17,12
-27,18,8
-24,22,10
-23,23,7
-24,21,6
-24,19,10
-20,18,11
-20,19,10
-19,21,9
-18,22,9
-23,21,8
-22,22,9
-22,22,9
-23,22,9
-21,21,6
-24,21,6
-21,20,8
-18,21,9
-16,20,11
-20,18,10
-21,19,8
-19,14,10
-22,16,9
-23,18,6
-19,20,6
-23,19,7
-23,18,8
-20,20,10
-20,18,9
-22,17,9
-22,17,4
-21,16,6
-22,14,10
-22,19,9
-21,22,8
-21,21,8
-20,19,6
-21,20,6
-18,20,7
-17,22,8
-18,22,6
-14,18,4
-14,16,3
-17,20,4
-16,18,6
-20,23,4
-14,25,6
-13,24,7
-16,19,9
-15,20,11
-14,22,7
-13,22,6
-8,23,8
-8,24,5
-9,21,6
-5,24,9
-7,24,8
-9,20,6
-7,20,6
-7,20,5
-10,23,7
-9,22,7
-8,18,5
-9,23,8
-10,21,7
-9,21,4
-4,17,3
-4,23,7
-8,22,9
-9,21,9
-9,21,7
-13,21,5
-14,19,3
-11,23,5
-13,25,5
-13,24,5
-10,24,5
-11,24,6
-14,22,5
-16,23,3
-15,22,2
-13,21,4
-15,20,6
-18,23,7
-17,24,4
-17,22,1
-17,23,3
-15,21,3
-17,19,7
-22,21,7
-20,19,6
-21,18,6
-22,19,4
-22,21,4
-24,21,4
-21,18,5
-20,17,8
-24,23,7
-22,25,6
-20,24,5
-18,22,6
-19,21,5
-25,24,4
-23,22,6
-22,21,4
-19,22,3
-21,22,4
-20,26,7
-22,22,7
-19,22,8
-24,22,7
-21,22,7
-20,20,6
-22,20,5
-22,20,4
-22,20,5
-24,22,8
-21,22,7
-20,21,6
-18,23,7
-18,22,6
-20,23,6
-21,25,6
-19,24,5
-22,23,6
-26,23,6
-22,25,7
-18,22,7
-21,21,5
-19,22,3
-20,23,3
-22,21,3
-20,19,6
-15,21,5
-15,24,4
-12,23,8
-15,21,8
-22,20,7
-20,22,6
-22,23,5
-18,23,6
-21,23,6
-22,21,4
-24,19,7
-21,18,9
-20,21,6
-22,24,6
-23,20,8
-19,20,8
-21,21,7
-23,24,6
-21,21,5
-24,21,5
-21,26,4
-24,27,4
-27,26,7
-25,23,7
-22,23,6
-22,24,1
-25,22,2
-27,22,5
-24,23,5
-23,21,4
-21,21,8
-27,23,8
-27,23,8
-27,25,5
-24,24,4
-24,24,5
-24,24,5
-25,23,6
-21,22,5
-20,25,2
-19,24,2
-20,24,4
-18,24,3
-19,22,3
-20,21,4
-23,23,2
-22,22,5
-20,18,3
-22,20,5
-27,22,6
-20,23,3
-23,20,4
-25,20,7
-26,18,7
-26,22,5
-27,21,4
-26,20,6
-28,20,7
-30,18,6
-31,20,4
-30,22,4
-31,24,3
-32,23,3
-35,21,5
-38,24,5
-38,21,4
-36,21,4
-34,22,2
-32,22,4
-37,22,4
-35,24,6
-34,21,4
-32,21,3
-30,22,4
-30,22,6
-29,26,6
-30,25,5
-27,21,6
-31,22,8
-32,23,8
-28,21,10
-29,22,10
-30,24,5
-28,23,8
-30,22,9
-26,21,7
-28,22,4
-28,22,6
-27,23,7
-24,23,7
-25,24,7
-24,23,7
-18,24,8
-18,23,5
-18,23,4
-19,22,4
-23,20,5
-25,24,6
-20,22,7
-14,21,7
-12,21,6
-12,23,5
-12,23,5
-11,22,2
-8,22,4
-10,25,6
-11,22,4
-9,20,3
-15,27,5
-9,26,4
-9,26,5
-8,24,6
-7,22,5
-2,24,4
-5,28,2
-7,28,5
-7,23,7
-3,24,4
-5,21,6
-9,23,8
-11,20,7
-10,23,8
-10,25,10
-11,25,7
-10,24,5
-9,26,4
-11,25,2
-11,23,5
-13,23,5
-14,25,6
-12,22,6
-14,22,7
-14,23,8
-13,23,6
-16,21,5
-14,23,5
-18,23,10
-18,22,8
-19,23,6
-18,20,6
-16,25,6
-15,26,8
-17,25,7
-19,25,3
-18,24,1
-20,22,1
-16,19,5
-15,18,8
-15,21,7
-16,23,4
-18,22,2
-17,22,3
-14,21,4
-15,21,5
-17,25,6
-17,26,4
-13,25,6
-11,24,4
-14,23,6
-13,24,7
-14,22,6
-14,23,6
-13,25,6
-13,24,8
-11,27,7
-11,22,8
-13,21,8
-14,21,6
-14,22,7
-15,22,8
-12,23,5
-13,22,5
-13,20,5
-13,25,5
-14,25,6
-15,21,6
-16,21,5
-17,21,6
-16,21,4
-13,21,2
-13,21,3
-14,20,4
-13,22,4
-12,24,4
-12,23,4
-9,24,7
-9,22,6
-8,24,5
-8,23,0
-7,22,5
-8,20,7
-7,21,5
-7,25,8
-7,23,7
-6,22,5
-7,23,6
-6,23,6
-1,23,3
-6,20,7
-7,24,9
-7,21,6
-7,20,8
-4,19,9
-10,25,9
-6,21,4
-6,22,5
-6,24,9
-8,22,8
-7,22,6
-6,20,4
-7,20,4
-7,20,7
-7,20,7
-10,24,8
-8,23,8
-6,19,8
-5,21,7
-6,19,6
-7,20,5
-3,20,2
-5,20,5
-6,23,8
-6,23,8
-6,20,6
0,20,5
-1,21,9
-2,21,6
0,23,5
0,20,7
2,22,7
3,20,9
5,19,8
2,23,8
-1,19,6
3,20,5
3,22,6
1,24,4
-4,20,7
-1,21,8
-2,24,8
-6,23,9
-10,19,10
-10,20,5
-12,21,9
-15,20,10
-12,20,9
-13,21,11
-16,20,6
-18,21,5
-17,22,5
-16,21,6
-20,22,10
-19,20,4
-20,22,5
-20,24,5
-18,21,7
-18,20,4
-15,21,3
-15,23,4
-14,20,6
-17,21,6
-16,24,3
-20,24,3
-17,23,4
-15,23,3
-14,24,2
-14,23,3
-14,24,6
-17,22,3
-17,21,3
-13,23,6
-15,26,6
-17,28,6
-15,22,3
-12,21,2
-13,19,8
-15,20,11
-17,22,10
-15,19,5
-16,20,7
-13,22,6
-16,22,5
-13,25,9
-11,23,6
-14,18,3
-10,23,5
-13,21,7
-13,22,8
-16,22,7
-14,26,6
-11,23,10
-15,21,7
-13,15,7
-12,21,9
-15,23,5
-18,23,5
-15,23,6
-14,23,6
-12,18,6
-13,21,5
-13,20,5
-16,23,6
-15,24,5
-17,24,6
-21,24,5
-20,23,7
-16,22,6
-18,23,10
-13,24,11
-13,26,7
-16,24,6
-13,23,8
-16,22,10
-22,23,7
-20,22,5
-22,21,8
-18,18,5
-17,23,4
-20,23,6
-25,19,7
-17,23,7
-18,24,6
-22,23,4
-22,26,5
-20,25,5
-17,22,3
-19,23,7
-17,23,4
-14,22,3
-15,23,5
-20,24,9
-17,21,7
-14,21,8
-15,21,4
-12,23,6
-13,23,6
-10,24,8
-10,23,6
-12,22,8
-16,25,9
-16,23,10
-14,22,11
-13,21,7
-9,22,9
-10,23,8
-10,22,7
-11,23,7
-14,24,6
-15,22,4
-9,20,7
-11,22,6
-12,22,6
-10,20,6
-14,21,2
-13,23,1
-13,20,4
-16,20,5
-21,20,5
-19,19,8
-14,21,8
-15,25,7
-18,25,5
-21,22,6
-21,24,9
-19,26,8
-20,26,5
-20,20,6
-19,21,7
-15,22,4
-15,21,3
-19,23,4
-21,22,6
-17,21,7
-18,23,6
-16,22,6
-15,21,8
-13,20,6
-15,21,8
-13,25,4
-11,23,6
-15,23,7
-16,21,7
-15,21,4
-13,22,6
-18,23,6
-15,23,6
-14,20,4
-17,23,4
-14,22,5
-12,23,4
-14,23,8
-14,22,7
-15,20,6
-16,22,5
-18,19,4
-17,21,6
-14,20,5
-15,20,5
-16,23,7
-17,19,6
-17,24,7
-17,22,8
-18,21,5
-15,22,1
-16,23,3
-17,25,5
-18,21,6
-15,20,7
-15,20,5
-15,20,7
-14,21,9
-16,22,4
-19,24,3
-19,23,4
-15,22,5
-12,24,5
-12,23,8
-18,21,9
-21,23,6
-17,24,8
-14,24,7
-16,24,4
-15,26,6
-14,23,9
-16,20,8
-15,23,7
-17,25,6
-16,23,7
-18,22,7
-16,23,8
-15,25,5
-16,23,8
-14,21,6
-14,19,7
-10,23,9
-13,24,6
-14,21,4
-15,23,4
-12,23,6
-13,23,4
-12,20,3
-12,18,4
-13,22,6
-14,21,3
-13,20,4
-13,20,4
-15,21,6
-13,21,4
-12,23,7
-11,25,7
-11,23,6
-10,24,7
-12,24,8
-14,17,8
-12,20,6
-11,20,7
-14,22,6
-13,27,9
-13,27,8
-12,24,10
-13,21,8
-10,22,4
-11,23,4
-8,23,7
-12,24,8
-12,21,5
-12,21,4
-11,25,4
-12,21,5
-13,22,6
-13,24,6
-12,23,4
-9,25,3
-13,22,4
-13,22,5
-13,22,4
-16,22,4
-18,25,8
-15,24,7
-12,21,7
-13,19,6
-16,21,7
-12,23,8
-12,23,6
-12,21,10
-12,22,6
-14,22,9
-14,20,9
-14,24,9
-12,23,9
-12,23,7
-12,23,6
-9,23,9
-9,24,7
-13,25,6
-10,20,8
-15,18,6
-11,21,7
-12,21,8
-10,20,6
-11,25,8
-11,22,5
-16,21,6
-19,21,8
-18,21,9
-19,19,10
-15,24,8
-15,25,10
-20,23,12
-25,24,9
-16,24,7
-15,22,7
-18,25,8
-16,23,6
-12,22,6
-12,25,4
-16,23,2
-17,20,2
-13,21,4
-12,20,4
-12,19,6
-15,19,4
-11,22,4
-12,22,4
-13,21,4
-12,22,6
-10,21,7
-7,19,7
-9,21,5
-7,22,6
-7,23,5
-8,24,6
-11,24,6
-12,23,8
-11,22,5
-9,21,7
-14,20,5
-10,24,9
-9,25,10
-14,22,8
-16,23,6
-15,23,7
-14,21,8
-19,19,4
-15,22,2
-18,22,3
-14,24,6
-13,27,6
-16,24,5
-15,21,5
-15,20,3
-17,22,7
-14,22,5
-16,23,5
-18,23,4
-17,22,3
-16,22,3
-14,23,8
-13,23,7
-12,25,6
-13,25,7
-14,21,7
-12,23,8
-14,25,7
-12,19,4
-13,22,3
-15,23,5
-14,21,8
-13,21,6
-12,20,7
-14,22,6
-16,24,5
-15,21,6
-15,19,6
-19,18,9
-17,24,10
-19,24,9
-18,22,7
-19,25,4
-16,23,6
-17,24,6
-17,21,5
-16,21,5
-20,20,5
-19,20,6
-21,17,5
-23,22,8
-16,22,9
-16,22,6
-18,23,5
-14,20,6
-11,17,8
-13,18,5
-12,23,7
-12,20,5
-10,23,4
-7,29,0
-10,27,1
-12,21,0
-9,20,3
-9,23,3
-6,23,2
-6,24,3
-7,25,6
-10,27,7
-12,26,5
-10,23,6
-10,21,5
-8,20,4
-5,24,5
-10,25,6
-11,25,5
-7,24,4
-7,22,6
-14,21,4
-15,23,6
-14,21,4
-16,20,8
-15,21,6
-15,22,5
-15,22,5
-16,23,9
-15,22,7
-16,21,6
-15,22,6
-17,22,5
-17,22,1
-15,24,4
-16,23,5
-12,21,4
-16,19,5
-12,22,6
-15,23,6
-15,23,7
-14,22,2
-14,22,5
-12,24,5
-13,24,6
-18,22,6
-20,23,7
-15,24,5
-14,26,6
-17,25,6
-18,26,5
-14,24,4
-16,22,3
-18,19,4
-18,22,4
-15,21,7
-16,22,6
-15,22,7
-16,25,4
-15,26,5
-14,22,6
-16,23,6
-12,24,6
-12,27,5
-11,24,5
-12,23,4
-13,25,2
-14,24,4
-12,22,3
-15,23,5
-16,23,6
-12,21,7
-14,23,6
-16,24,5
-15,24,5
-15,23,3
-13,22,5
-15,23,6
-16,22,5
-14,20,6
-11,24,5
-15,26,7
-14,24,7
-14,22,9
-14,23,7
-17,24,8
-18,21,8
-16,22,6
-14,25,4
-15,21,7
-14,21,6
-16,20,6
-14,24,6
-12,23,6
-14,25,6
-13,23,7
-11,25,3
-13,26,5
-11,24,4
-9,23,3
-10,24,5
-9,23,8
-8,24,7
-11,22,6
-5,25,4
-8,21,5
-7,24,2
-11,25,3
-11,22,4
-10,22,6
-13,24,5
-13,23,4
-14,21,5
-15,20,7
-13,20,8
-15,23,6
-15,21,7
-14,24,7
-14,27,5
-15,22,4
-15,25,6
-17,25,7
-16,23,7
-16,23,4
-18,23,5
-15,21,7
-14,21,8
-15,20,4
-16,23,4
-16,22,6
-16,25,6
-16,23,3
-14,20,4
-12,22,4
-13,21,4
-14,19,6
-14,20,4
-15,22,6
-13,23,7
-11,22,5
-10,22,6
-12,21,9
-14,22,7
-17,21,8
-14,24,7
-11,22,7
-13,23,5
-14,21,5
-15,24,7
-13,22,8
-13,21,5
-13,21,6
-17,22,10
-18,25,6
-19,23,4
-16,22,7
-19,20,11
-20,21,7
-20,21,7
-18,22,5
-19,24,6
-18,23,7
-20,23,4
-20,24,6
-16,21,5
-15,24,5
-19,26,6
-17,25,7
-18,28,6
-16,24,5
-12,22,5
-11,22,4
-10,24,5
-12,22,5
-14,23,2
-14,23,1
-12,23,5
-11,26,5
-12,24,3
-12,22,6
-11,20,7
-14,22,6
-16,22,6
-14,22,5
-14,23,6
-12,26,6
-13,20,5
-12,21,5
-15,21,5
-14,22,5
-13,22,5
-16,21,4
-13,21,6
-14,21,6
-15,21,3
-14,22,4
-13,23,6
-15,24,7
-16,21,6
-17,22,6
-18,24,7
-17,24,5
-13,24,6
-14,21,5
-14,20,3
-15,22,4
-20,24,4
-18,22,5
-17,21,8
-19,21,8
-18,22,5
-15,22,3
-14,22,2
-15,22,6
-17,27,6
-13,27,7
-15,23,8
-11,19,8
-14,21,8
-15,21,8
-18,22,5
-16,24,4
-18,22,5
-18,23,8
-19,22,9
-19,22,7
-18,24,5
-17,25,4
-14,25,3
-17,24,1
-21,23,6
-20,21,8
-19,19,7
-17,20,3
-17,21,2
-18,22,7
-18,21,7
-18,21,7
-17,23,4
-16,22,5
-16,20,6
-13,20,7
-11,22,5
-14,22,6
-12,21,6
-12,22,4
-11,22,6
-13,22,5
-13,22,5
-12,24,4
-12,25,6
-16,23,6
-19,20,4
-16,24,6
-14,26,7
-19,23,6
-19,22,8
-18,27,7
-18,23,3
-19,21,4
-15,21,3
-13,21,5
-13,22,6
-12,24,4
-13,25,4
-15,22,5
-18,22,4
-17,22,6
-14,21,2
-12,23,5
-12,24,6
-9,22,5
-10,21,7
-11,20,6
-11,21,4
-12,22,6
-11,25,6
-13,22,7
-14,22,5
-9,24,5
-9,26,5
-10,28,6
-9,24,5
-11,20,3
-16,19,4
-13,20,7
-15,22,7
-13,21,5
-13,22,5
-15,19,4
-16,21,2
-14,23,4
-15,22,4
-17,28,5
-17,23,5
-21,19,4
-21,21,6
-18,20,7
-16,21,7
-15,22,8
-12,23,8
-13,23,8
-12,22,6
-13,23,4
-14,20,8
-16,22,5
-14,20,7
-12,24,7
-10,25,6
-12,24,7
-12,25,6
-10,23,3
-9,25,7
-7,24,5
-9,21,5
-13,24,6
-14,24,5
-11,26,5
-11,24,7
-12,23,8
-13,24,5
-16,24,4
-16,23,6
-12,24,9
-13,23,6
-12,21,8
-14,23,7
-11,22,4
-12,22,6
-15,23,4
-16,20,5
-13,23,4
-13,22,6
-14,22,6
-16,25,4
-14,24,4
-12,22,2
-12,23,4
-13,24,8
-13,23,7
-14,24,5
-13,25,6
-13,22,7
-16,23,8
-15,25,4
-14,23,5
-7,25,5
-7,25,5
-13,25,3
-13,22,4
-12,25,5
-12,26,5
-10,26,4
-9,25,3
-11,24,4
-11,28,4
-11,25,5
-13,23,4
-15,24,3
-15,20,4
-15,23,4
-13,25,5
-14,23,4
-12,22,6
-11,23,10
-14,22,9
-13,22,6
-12,25,8
-14,23,8
-17,24,7
-14,25,6
-13,23,3
-15,22,5
-10,22,6
-10,23,8
-14,22,7
-15,25,6
-17,24,6
-16,22,8
-12,24,9
-15,24,6
-16,22,6
-15,22,6
-12,20,7
-15,21,5
-16,23,6
-13,23,7
-14,23,6
-20,22,5
-16,19,5
-16,20,5
-13,23,5
-13,23,8
-17,22,7
-17,22,5
-14,22,4
-16,20,4
-16,20,5
-14,24,5
-14,22,8
-17,18,6
-15,23,6
-13,20,8
-13,24,7
-17,22,4
-18,23,5
-15,22,7
-14,24,6
-14,24,5
-14,25,7
-15,23,7
-12,25,6
-15,22,4
-15,22,5
-15,25,5
-17,24,5
-17,25,7
-20,24,7
-18,24,4
-18,22,6
-19,21,5
-20,25,8
-16,25,5
-14,28,4
-13,29,6
-11,23,3
-11,17,4
-9,21,6
-11,24,9
-12,24,8
-15,26,4
-12,25,5
-12,21,5
-13,21,7
-15,23,5
-12,25,5
-13,24,4
-13,20,3
-11,23,5
-10,22,6
-9,19,3
-6,20,6
-9,23,6
-12,23,5
-11,21,6
-12,23,5
-10,25,5
-10,25,6
-11,23,5
-11,23,7
-10,25,5
-10,25,5
-11,24,5
-14,26,4
-16,25,8
-15,23,8
-15,22,4
-14,23,5
-18,20,3
-18,21,5
-18,23,6
-16,24,7
-14,23,4
-18,22,7
-16,24,7
-15,23,8
-16,21,6
-19,23,3
-21,23,4
-15,22,4
-13,23,7
-12,21,4
-15,22,5
-19,22,4
-18,24,7
-16,23,7
-12,23,9
-12,21,7
-15,20,5
-14,19,6
-13,18,8
-12,20,4
-15,20,6
-14,25,4
-15,24,4
-14,24,4
-11,24,6
-12,22,5
-12,22,4
-12,23,7
-17,22,3
-16,25,4
-14,25,6
-16,25,9
-16,25,9
-17,22,6
-16,21,5
-16,24,5
-15,24,6
-11,22,6
-14,22,6
-16,23,2
-18,22,4
-20,23,8
-19,20,8
-16,21,4
-13,24,5
-13,24,4
-12,22,6
-13,24,3
-14,26,1
-16,24,3
-15,25,3
-15,25,4
-14,22,6
-11,23,6
-7,25,6
-12,26,6
-11,27,6
-11,25,4
-11,23,6
-9,27,6
-8,27,6
-10,27,5
-10,24,4
-11,22,7
-13,28,6
-17,24,5
-14,23,7
-10,24,6
-17,24,4
-16,22,7
-14,24,9
-12,22,8
-15,20,6
-18,20,7
-16,21,9
-19,22,9
-16,23,6
-15,26,9
-17,25,11
-16,22,7
-15,23,5
-16,23,7
-15,23,5
-15,22,7
-17,22,7
-17,19,4
-17,21,5
-15,24,2
-14,26,6
-9,28,9
-10,25,8
-14,20,4
-15,20,3
-12,21,7
-14,20,6
-11,22,4
-13,25,6
-12,23,7
-12,18,8
-14,18,6
-15,19,7
-13,21,6
-13,20,6
-14,22,6
-16,20,6
-15,21,8
-18,22,6
-18,24,7
-17,22,7
-17,24,6
-17,26,6
-17,24,3
-13,24,5
-15,22,6
-18,23,8
-13,23,5
-11,23,5
-10,23,4
-13,23,5
-14,20,7
-15,23,6
-16,22,3
-14,21,2
-14,18,4
-15,21,6
-14,24,6
-15,23,8
-17,23,8
-15,23,5
-16,23,4
-15,24,5
-14,22,2
-13,22,5
-12,22,6
-18,23,7
-18,25,6
-14,21,4
-13,20,1
-14,20,2
-14,17,3
-11,24,5
-15,22,6
-15,18,5
-15,16,5
-16,20,4
-15,22,4
-13,23,5
-11,22,4
-13,22,2
-19,19,3
-18,24,4
-16,23,7
-14,23,8
-14,21,6
-18,23,9
-15,21,9
-17,23,5
-18,23,7
-17,22,4
-16,23,6
-18,25,5
-19,24,4
-16,23,3
-14,20,4
-11,21,4
-15,23,3
-17,23,3
-14,24,7
-14,21,6
-10,24,6
-10,23,6
-10,21,4
-13,22,6
-11,24,5
-7,22,8
-6,20,4
-6,22,1
-7,21,7
-7,24,5
-7,25,5
-10,23,7
-12,21,6
-13,21,5
-12,21,6
-10,21,6
-13,24,5
-13,21,6
-15,24,9
-19,23,6
-19,23,4
-17,23,2
-15,22,1
-17,24,3
-20,23,5
-16,23,3
-18,22,3
-16,20,3
-19,23,6
-20,24,7
-21,21,8
-19,22,11
-20,24,8
-20,23,8
-15,23,6
-15,24,6
-16,23,8
-11,23,8
-13,24,5
-14,20,5
-15,20,2
-11,22,1
-11,22,4
-10,21,3
-12,22,5
-10,21,7
-7,22,4
-6,21,4
-9,23,3
-10,22,0
-10,20,4
-10,21,7
-10,21,6
-13,23,6
-14,24,5
-13,23,5
-14,24,4
-16,24,6
-15,23,7
-17,24,7
-15,25,4
-16,19,4
-17,21,3
-14,24,5
-16,25,4
-16,23,4
-15,25,3
-17,23,3
-16,21,3
-18,18,3
-17,22,2
-17,22,4
-19,23,3
-16,23,5
-17,22,5
-11,22,7
-13,24,5
-12,23,6
-10,23,5
-9,19,3
-11,21,2
-13,26,5
-12,24,7
-12,24,6
-13,24,7
-13,24,5
-10,24,6
-10,21,6
-10,24,5
-7,23,2
-13,22,4
-13,23,7
-15,24,6
-15,22,5
-10,22,5
-13,22,6
-12,23,7
-15,22,6
-14,23,6
-14,23,5
-15,23,4
-13,24,5
-11,23,5
-12,22,5
-17,22,4
-14,21,4
-12,21,5
-12,23,7
-13,22,6
-13,20,4
-15,23,7
-14,22,7
-13,22,3
-12,22,4
-12,23,4
-12,22,4
-14,24,4
-11,24,5
-14,24,5
-14,23,4
-12,22,5
-13,22,6
-17,22,3
-14,21,6
-10,20,6
-10,22,4
-13,21,5
-12,21,4
-10,24,3
-10,24,5
-13,27,7
-13,28,10
-16,23,9
-13,23,6
-14,25,8
-17,22,7
-15,22,8
-15,22,7
-16,25,5
-17,26,6
-15,24,5
-13,23,6
-14,20,3
-21,23,1
-15,23,5
-11,25,5
-13,25,6
-12,23,4
-14,23,5
-19,25,7
-12,24,7
-14,25,7
-12,24,5
-9,20,6
-12,23,6
-17,24,5
-16,24,5
-12,25,6
-11,23,7
-12,23,6
-12,22,4
-8,22,4
-9,26,6
-14,25,4
-13,25,2
-13,26,5
-14,22,5
-18,22,3
-19,23,5
-19,25,1
-21,26,2
-18,23,3
-18,20,2
-18,22,2
-16,24,4
-18,23,6
-17,24,6
-13,23,4
-14,24,1
-15,20,3
-15,21,1
-15,22,4
-14,23,7
-14,23,6
-14,24,7
-11,24,7
-16,25,6
-16,26,8
-14,27,6
-15,25,8
-17,23,6
-13,22,5
-14,22,9
-14,22,9
-10,24,6
-12,23,5
-8,23,5
-5,23,6
-10,23,7
-14,23,6
-16,23,7
-12,24,6
-14,23,5
-13,24,7
-13,22,6
-11,21,5
-11,19,7
-13,21,4
-9,24,4
-9,23,3
-10,21,5
-10,23,6
-10,25,6
-9,23,6
-8,24,7
-12,24,5
-11,23,6
-12,23,6
-13,22,7
-12,24,7
-12,23,6
-12,21,6
-13,21,5
-15,24,4
-14,21,3
-12,23,2
-14,21,3
-14,22,4
-15,24,6
-16,21,7
-14,23,5
-12,21,5
-13,23,6
-14,21,5
-15,22,6
-14,23,4
-16,21,6
-18,19,8
-15,23,6
-14,25,6
-13,26,8
-17,24,6
-12,23,6
-11,23,6
-14,25,6
-8,23,5
-15,22,3
-16,22,3
-10,23,5
-8,23,5
-11,25,5
-11,26,7
-8,24,7
-8,20,5
-14,23,7
-14,23,4
-18,25,1
-19,22,6
-19,25,5
-16,24,3
-16,22,7
-16,24,6
-16,27,7
-16,25,11
-14,19,9
-16,20,7
-15,25,6
-19,22,7
-19,21,7
-19,22,5
-20,22,4
-15,22,6
-16,21,4
-18,21,5
-19,20,4
-16,20,5
-15,20,5
-17,22,5
-10,21,2
-13,20,2
-17,20,5
-13,25,6
-13,27,6
-15,27,7
-15,23,7
-6,23,6
-8,21,5
-10,25,3
-10,24,3
-12,27,6
-11,25,10
-10,21,6
-10,23,5
-12,24,4
-12,21,6
-11,24,10
-15,23,6
-18,22,5
-15,24,4
-12,24,3
-12,23,4
-14,24,7
-15,22,7
-15,19,5
-18,18,5
-20,23,6
-17,21,5
-15,22,4
-15,24,5
-16,22,8
-18,25,6
-18,26,6
-18,24,6
-16,24,6
-15,24,7
-16,24,6
-16,23,7
-16,22,3
-15,24,3
-9,27,2
-10,26,2
-11,24,4
-11,25,7
-11,24,6
-10,24,6
-12,23,4
-11,22,8
-9,25,4
-10,23,5
-11,21,2
-13,24,4
-13,23,5
-11,20,5
-13,20,4
-13,19,5
-12,18,6
-14,19,6
-16,23,5
-14,23,3
-12,22,8
-16,23,4
-13,25,3
-15,24,2
-13,23,4
-14,26,5
-15,26,6
-14,24,5
-13,22,7
-10,23,4
-10,25,4
-15,24,4
-13,24,6
-11,24,2
-11,23,4
-15,20,7
-13,20,5
-15,22,5
-16,23,5
-13,23,3
-13,26,2
-16,24,6
-13,21,8
-14,20,6
-16,23,3
-18,23,3
-13,19,2
-7,19,1
-11,22,4
-12,22,6
-14,20,6
-13,23,6
-16,20,4
-15,22,5
-16,21,4
-15,18,3
-12,22,2
-16,22,3
-12,23,3
-16,22,5
-18,22,5
-21,25,6
-20,26,8
-19,22,4
-15,21,2
-9,24,2
-10,24,3
-13,23,7
-9,20,4
-9,23,2
-11,23,4
-14,23,6
-15,24,7
-17,23,5
-14,23,4
-12,25,4
-13,21,4
-15,21,7
-14,24,6
-14,24,8
-13,25,7
-13,22,7
-13,23,7
-9,23,5
-8,21,8
-8,23,8
-9,20,7
-8,24,8
-8,22,5
-12,23,6
-13,23,5
-12,21,2
-10,22,3
-14,23,6
-15,25,7
-15,25,6
-12,22,7
-13,19,4
-12,20,6
-10,22,6
-8,21,4
-9,22,8
-11,20,4
-8,17,6
-11,19,5
-8,24,5
-5,24,3
-6,22,5
-6,22,5
-10,23,6
-9,24,5
-9,24,8
-11,22,9
-9,21,9
-8,23,6
-10,25,5
-11,23,5
-12,25,6
-12,25,6
-12,22,5
-12,22,3
-13,25,4
-12,23,2
-14,23,4
-19,22,3
-18,22,1
-15,22,4
-16,23,6
-18,24,3
-15,25,3
-19,23,4
-17,21,5
-17,22,8
-18,21,8
-18,21,8
-17,22,7
-18,21,6
-16,21,7
-15,23,6
-15,25,6
-14,23,7
-13,20,6
-16,21,5
-12,21,7
-15,19,3
-17,21,3
-14,23,5
-13,23,6
-12,20,5
-15,21,5
-14,20,6
-13,22,7
-14,23,7
-12,25,6
-12,26,7
-16,23,6
-16,22,6
-13,22,7
-14,24,7
-14,25,8
-18,25,6
-15,22,4
-18,19,5
-20,21,7
-14,23,5
-17,22,6
-13,20,9
-13,24,7
-11,26,4
-11,24,3
-12,23,4
-11,23,3
-12,23,4
-13,24,7
-12,24,5
-12,24,5
-10,24,4
-11,23,5
-11,24,4
-10,24,3
-11,19,5
-13,21,5
-10,23,8
-9,24,5
-11,23,6
-9,23,4
-7,18,2
-9,21,3
-11,24,7
-10,23,4
-10,22,0
-11,22,2
-14,22,3
-15,23,3
-17,22,7
-16,20,7
-18,23,8
-16,25,8
-13,25,3
-13,25,4
-14,24,5
-16,25,2
-14,24,5
-13,25,8
-15,25,5
-16,21,4
-18,22,7
-15,24,8
-15,23,4
-13,20,3
-14,23,6
-14,25,5
-12,23,4
-13,23,4
-16,21,4
-15,22,6
-16,23,5
-14,24,7
-13,21,7
-13,20,5
-11,20,6
-12,23,3
-12,23,3
-11,24,5
-12,22,5
-9,24,4
-12,25,4
-11,24,5
-14,25,7
-15,23,6
-14,21,5
-12,21,4
-12,23,4
-15,22,5
-14,24,5
-13,21,4
-15,20,5
-11,21,3
-16,23,5
-13,25,5
-12,21,5
-15,22,4
-12,22,3
-15,25,5
-19,22,6
-14,20,5
-14,21,7
-18,23,4
-15,20,6
-14,21,3
-13,21,4
-11,21,7
-12,22,7
-11,24,7
-12,20,5
-12,18,6
-11,22,6
-12,22,7
-12,23,5
-11,22,4
-12,21,1
-13,21,5
-10,20,6
-12,22,3
-11,23,2
-11,25,5
-14,25,6
-18,24,7
-14,22,10
-15,23,7
-17,19,2
-14,23,6
-15,21,5
-17,22,4
-19,25,4
-16,24,7
-16,23,7
-17,21,7
-18,23,5
-14,26,6
-16,24,6
-16,20,2
-15,20,4
-16,23,5
-17,23,3
-16,21,2
-16,20,2
-14,22,5
-13,23,6
-14,23,5
-17,24,6
-14,24,7
-15,24,7
-18,24,6
-18,24,5
-17,21,5
-13,24,7
-18,22,5
-16,21,3
-14,24,2
-12,24,5
-13,22,5
-15,20,6
-17,21,8
-17,24,4
-15,24,1
-15,21,2
-17,21,5
-17,21,6
-15,20,3
-14,20,5
-16,20,6
-17,22,6
-15,23,6
-11,26,2
-11,24,6
-14,23,11
-11,22,5
-12,23,8
-12,21,7
-14,24,6
-11,24,5
-13,23,8
-10,23,6
-12,21,3
-13,21,3
-19,19,4
-17,21,8
-16,19,6
-17,19,4
-17,24,2
-16,23,1
-17,22,3
-17,24,2
-18,24,5
-20,24,3
-16,24,5
-13,21,7
-13,25,5
-14,24,3
-15,22,5
-16,26,5
-14,24,7
-14,19,6
-17,19,4
-15,23,5
-16,21,7
-16,23,7
-16,24,6
-16,21,2
-19,19,2
