26,13,30
23,13,27
24,15,30
25,20,26
23,23,30
21,24,28
17,22,23
19,23,23
14,23,26
12,21,26
11,20,23
8,19,22
11,18,22
11,18,22
7,15,20
2,11,19
4,13,20
8,16,24
7,15,24
7,18,24
5,20,23
4,19,25
4,18,23
6,18,24
7,17,27
7,15,28
14,15,27
17,15,27
15,13,27
16,16,28
21,17,29
21,18,28
22,18,26
25,19,27
23,24,28
26,20,23
26,20,24
25,23,24
22,20,22
16,22,22
16,19,20
13,20,17
9,21,18
12,26,18
9,29,21
7,27,22
6,28,19
4,28,19
0,27,21
1,27,20
2,25,21
2,27,22
-2,24,21
-1,23,24
-4,26,25
-4,27,26
6,26,23
8,22,22
8,19,23
13,16,22
15,17,21
21,17,24
16,17,25
20,17,26
25,17,22
25,17,22
25,20,22
26,17,22
27,13,23
25,14,26
28,20,29
33,20,31
30,17,28
28,16,29
22,17,29
21,17,29
19,14,27
15,14,26
9,16,27
9,17,29
6,16,28
1,16,28
1,16,28
-4,16,29
-3,17,31
-2,17,29
-5,18,28
-5,16,28
0,14,26
0,16,26
2,14,27
3,11,26
4,16,28
10,16,28
12,15,25
13,15,24
14,19,25
19,20,28
22,20,27
24,21,26
25,22,24
28,20,25
28,17,25
32,19,22
33,19,23
33,17,22
34,14,19
34,13,22
29,15,23
30,13,22
26,15,22
24,18,21
26,18,19
26,17,21
23,20,23
25,21,25
24,21,24
24,22,27
27,22,27
24,21,27
22,21,27
23,21,28
24,19,26
21,19,29
22,20,27
22,22,27
21,22,24
21,24,24
22,22,26
18,22,26
13,23,25
15,22,26
14,20,27
15,20,24
14,18,22
12,20,25
10,18,24
10,20,25
12,23,25
12,21,24
15,24,26
14,21,27
13,17,28
17,22,25
15,21,28
18,20,27
16,21,29
18,21,27
15,18,25
14,18,27
20,18,28
22,19,28
22,19,29
17,17,29
19,18,27
19,21,26
15,22,30
16,22,29
17,22,29
17,22,27
19,21,28
19,23,30
20,23,31
19,21,30
17,23,32
18,25,29
21,23,30
23,23,30
20,24,29
17,20,29
21,21,30
22,24,31
22,24,28
26,21,25
25,20,23
25,19,26
21,21,26
21,20,24
19,22,25
20,20,27
23,19,25
24,25,28
22,25,27
19,24,29
18,20,27
18,18,27
16,21,24
17,21,25
14,22,26
9,23,26
16,24,27
15,21,23
15,21,21
17,21,22
17,23,24
20,18,25
20,17,23
20,16,23
21,16,23
19,18,23
18,17,21
17,16,20
19,16,22
17,18,23
17,21,26
23,22,26
23,20,23
23,22,22
24,21,24
24,21,26
19,21,26
18,21,27
18,21,28
17,16,26
18,16,24
20,17,25
20,20,27
18,20,30
17,21,29
18,18,28
18,20,28
16,17,27
13,16,29
14,15,28
16,17,30
18,15,31
16,18,30
17,16,29
16,16,28
16,16,24
22,15,26
26,16,30
24,17,28
26,17,28
21,16,30
20,17,31
20,17,30
23,15,29
23,19,29
22,23,29
20,21,27
20,24,27
21,22,27
21,22,25
19,24,25
17,21,26
17,22,26
14,21,27
14,18,27
14,17,27
19,14,29
15,16,27
15,16,25
16,14,23
14,14,24
16,17,26
17,17,27
20,18,28
23,18,26
25,16,29
27,15,30
32,16,29
33,17,31
37,16,30
37,17,32
40,15,31
40,19,28
39,17,30
39,17,27
35,14,31
31,14,27
30,12,25
25,13,26
18,14,22
13,16,24
13,18,24
4,15,23
5,15,21
3,16,26
1,21,29
2,23,26
-1,24,25
-3,26,24
-4,28,26
-2,28,25
4,27,28
6,29,27
5,28,23
5,27,22
7,28,22
8,27,22
8,21,24
11,20,27
13,20,25
14,20,24
16,19,21
19,18,22
24,18,24
28,21,26
27,20,23
27,17,27
32,19,26
38,18,28
37,21,29
36,24,28
36,24,26
36,23,30
31,19,28
30,16,27
30,13,25
24,12,26
24,13,27
21,12,29
17,10,30
15,10,25
12,12,25
12,11,27
8,10,31
2,14,30
4,11,31
-1,11,30
-3,11,29
-6,10,28
-7,11,31
-8,9,29
-7,12,28
-6,10,29
-3,12,31
-2,15,28
1,15,28
1,18,26
3,17,28
7,16,27
8,17,26
11,14,25
12,16,26
13,15,24
14,15,22
17,16,26
20,15,28
21,16,24
19,12,27
19,13,25
20,13,25
22,12,25
22,13,25
22,13,26
23,13,25
23,13,24
18,15,25
14,15,27
13,16,28
12,14,29
11,12,27
12,10,26
13,13,27
13,16,26
10,17,26
6,16,27
5,15,27
7,16,28
5,16,29
5,17,30
5,19,27
6,16,21
7,19,23
7,19,27
8,18,28
6,18,28
6,16,23
6,15,25
8,22,25
8,22,25
7,22,28
5,18,24
3,18,20
4,18,20
4,12,24
6,16,24
11,15,29
12,14,29
14,13,29
17,13,29
17,12,28
19,11,30
22,11,28
24,14,29
23,15,30
24,15,31
25,16,29
26,14,30
21,17,27
24,18,29
25,17,30
25,17,30
26,18,30
24,20,32
21,18,29
21,18,29
20,18,29
20,17,29
17,18,25
16,17,29
11,16,32
7,19,29
8,20,29
9,19,25
5,17,24
5,15,27
4,20,27
4,17,28
7,18,28
11,15,27
14,18,26
14,21,28
16,22,29
21,21,26
19,20,25
20,20,27
25,20,26
28,17,26
35,20,28
35,20,29
35,18,27
34,19,25
34,19,27
31,19,27
30,20,25
29,20,25
31,19,25
30,21,23
29,21,24
27,18,23
29,19,23
24,20,24
24,19,30
29,18,29
25,19,26
23,17,25
24,17,25
21,17,26
20,17,29
18,15,26
20,16,27
15,15,26
19,18,26
21,16,26
20,17,26
18,19,26
15,17,26
19,16,26
22,16,28
23,17,24
22,17,26
23,16,27
24,18,28
21,16,28
21,13,28
21,12,29
21,7,28
26,11,29
27,12,29
25,9,27
28,10,31
29,12,32
32,14,30
32,17,27
33,15,27
33,14,31
30,17,30
30,17,25
30,12,25
31,15,27
35,16,28
35,19,30
33,18,29
35,19,26
29,17,28
25,17,28
23,16,27
21,17,25
20,14,28
21,15,30
19,15,30
20,13,27
16,12,27
19,12,31
18,11,33
21,12,31
19,16,29
21,18,29
21,17,29
24,16,31
22,16,33
23,14,31
23,15,26
24,16,28
24,14,27
23,14,27
26,20,30
28,19,30
27,23,31
25,23,30
23,21,26
19,20,31
20,19,31
21,21,31
20,22,29
21,19,30
23,17,29
22,16,29
22,15,24
24,14,29
25,15,31
23,13,31
25,14,27
27,14,27
29,13,31
30,16,32
30,15,32
31,13,34
33,16,34
36,12,33
34,11,34
37,12,34
37,11,36
41,10,38
45,12,39
44,14,38
45,17,37
43,11,36
42,9,35
39,11,35
37,13,31
28,14,30
30,15,29
30,14,33
30,16,33
26,15,31
25,13,30
25,12,30
28,16,28
33,19,29
36,20,30
37,19,33
35,20,34
39,19,34
39,18,36
38,16,34
38,20,35
33,18,37
31,16,35
31,13,33
28,14,35
26,16,38
20,16,38
18,13,39
21,15,42
20,12,38
19,14,36
24,12,37
25,13,36
25,16,35
29,12,35
29,10,37
35,11,36
36,11,36
37,11,37
41,5,37
43,9,36
45,11,35
43,8,33
47,7,37
50,9,35
45,9,35
43,12,36
43,13,37
41,13,38
39,16,36
39,17,35
39,17,37
39,16,38
36,17,38
37,17,37
37,16,37
36,17,40
33,15,39
31,14,39
31,18,38
29,17,37
31,13,33
31,14,35
35,11,40
38,11,41
39,12,40
41,12,39
41,15,36
41,17,35
40,15,33
39,16,35
42,18,37
42,15,33
40,14,33
44,15,32
43,14,33
45,15,33
44,12,30
44,9,32
48,7,35
49,11,37
45,14,36
46,18,36
46,18,36
45,14,35
45,13,36
44,16,38
44,17,34
45,13,33
44,11,33
41,11,32
41,12,32
41,13,32
38,13,30
39,14,28
46,11,32
43,13,30
39,17,30
40,16,31
36,12,32
34,10,32
30,13,30
33,15,32
32,12,31
26,13,30
26,14,31
27,18,32
31,17,32
28,18,30
28,15,31
28,13,29
28,13,34
26,11,34
27,14,33
30,13,34
30,14,34
29,17,33
30,16,32
29,13,33
27,13,35
26,16,34
28,15,37
31,12,38
26,13,35
27,12,31
29,14,31
28,18,32
29,18,33
27,16,31
29,13,30
30,12,30
21,8,31
21,12,31
30,11,34
29,14,33
26,16,30
26,15,32
22,13,32
22,16,33
22,15,32
20,16,33
26,15,29
24,15,30
23,14,28
22,14,30
19,14,30
20,15,29
17,15,27
17,15,28
18,16,27
17,15,27
16,19,27
16,15,27
16,16,24
19,16,24
16,17,25
18,15,26
15,15,23
16,15,24
18,17,26
17,18,27
17,19,24
18,19,25
19,15,25
19,18,24
17,19,22
14,19,22
15,19,22
16,19,25
18,21,20
16,19,18
15,19,21
16,21,21
16,19,22
13,20,21
13,19,21
13,18,21
13,19,20
12,17,21
8,22,22
8,22,23
6,21,24
2,22,22
1,18,21
2,18,21
-3,16,22
-2,18,21
4,18,22
1,18,22
3,19,25
3,23,24
0,23,24
2,18,23
4,19,22
1,20,22
4,18,23
4,16,21
4,15,23
7,19,23
3,19,23
4,20,24
2,18,23
0,15,27
1,16,28
4,21,25
4,20,23
4,19,19
5,18,23
6,17,25
6,19,24
3,19,25
5,18,24
7,18,23
7,21,24
14,22,28
18,24,28
13,24,25
10,20,24
12,17,24
15,17,23
13,18,24
12,18,27
13,15,27
13,17,23
11,17,24
11,17,27
15,22,27
12,22,25
12,23,24
9,25,24
9,23,25
12,22,24
11,21,24
9,19,28
13,21,27
13,20,24
12,17,24
14,19,23
12,15,22
13,13,23
15,16,26
15,16,26
16,16,26
13,17,25
15,14,25
12,15,26
11,15,27
11,14,27
12,13,26
10,10,29
11,10,30
18,15,31
19,13,28
18,14,27
19,12,29
22,11,28
22,14,30
24,13,30
24,16,29
20,14,25
22,11,23
22,13,22
22,15,21
20,18,22
17,19,22
17,18,19
15,14,20
18,18,24
17,20,20
16,27,20
14,25,20
11,25,20
11,27,22
5,27,22
3,30,25
5,28,24
3,27,23
-2,28,23
-2,24,23
2,25,22
3,26,25
7,24,25
7,19,23
5,17,24
8,19,23
14,18,23
15,23,22
14,21,22
16,17,22
19,20,23
22,19,23
21,17,24
22,17,25
26,20,25
33,21,25
27,16,24
25,17,23
26,18,23
24,15,24
23,11,25
21,13,27
20,13,28
20,12,30
15,13,31
14,14,31
12,14,31
12,15,32
16,15,35
19,16,32
21,15,30
22,15,33
20,16,33
23,15,33
26,16,33
23,14,36
24,16,33
25,16,29
21,17,28
20,18,26
19,19,24
18,17,28
20,20,29
13,20,29
15,20,26
17,19,24
17,19,26
21,20,24
22,20,22
22,21,24
21,20,25
22,18,23
23,16,22
25,19,24
24,15,28
24,16,28
23,18,27
26,20,25
28,18,24
27,20,28
24,21,27
24,25,24
24,25,23
28,21,29
26,24,31
23,24,25
21,24,24
21,22,23
26,21,24
26,24,25
27,22,27
26,22,25
26,24,24
25,21,22
23,18,24
25,20,24
23,21,24
19,23,28
13,21,26
13,19,24
10,20,27
11,20,26
9,23,24
9,21,25
11,20,27
9,20,23
16,18,25
18,17,27
19,17,26
18,19,28
18,16,29
21,15,26
25,16,27
23,19,26
22,17,26
25,17,27
30,20,28
30,19,30
28,19,30
25,18,33
22,18,30
21,17,30
21,20,32
17,19,30
15,15,31
16,14,31
17,17,28
15,17,29
14,18,31
14,18,30
11,19,32
11,20,32
12,21,28
12,21,29
15,20,29
17,19,28
19,19,29
18,23,28
21,21,25
23,20,24
24,20,27
23,20,26
25,17,29
29,13,30
29,10,28
26,15,28
25,21,24
27,19,28
27,17,26
24,17,25
21,16,29
22,18,28
22,19,27
18,13,26
18,18,28
16,20,27
16,21,24
16,20,24
17,19,27
20,13,24
19,15,25
21,18,27
21,17,26
20,19,28
18,18,25
16,17,23
15,15,24
15,15,24
11,17,23
13,19,27
21,17,29
19,20,27
19,14,25
17,16,26
17,17,26
14,18,26
15,19,24
16,17,23
20,15,26
18,16,29
22,18,28
24,16,27
25,16,27
24,19,25
25,19,25
24,15,23
23,15,23
22,15,25
24,15,24
24,15,23
24,14,26
20,16,27
19,18,29
21,21,29
23,20,26
19,17,27
23,17,28
26,17,28
28,18,27
25,20,28
27,19,28
25,18,25
23,15,24
25,15,29
24,17,29
28,19,28
25,19,28
23,20,25
25,19,28
25,12,24
23,16,28
25,16,27
25,15,29
26,13,30
23,16,30
24,17,29
25,19,30
24,16,29
25,20,29
23,20,30
23,19,27
24,20,28
22,14,26
22,16,28
25,19,27
26,18,30
22,19,30
22,19,31
24,17,30
23,20,29
22,19,28
20,21,26
19,21,30
19,17,31
18,20,30
16,20,26
12,18,26
13,20,26
15,22,29
13,21,28
14,20,24
10,19,25
8,22,27
8,21,28
11,21,27
8,24,25
6,23,22
5,20,24
2,20,23
4,21,24
6,19,28
8,17,26
8,17,25
11,18,25
10,15,27
11,16,27
13,19,26
15,16,25
19,17,27
19,14,28
23,19,25
28,15,26
28,15,29
30,14,31
31,17,29
31,14,29
39,17,29
34,17,29
33,13,28
30,11,25
29,12,28
27,13,30
21,11,27
18,12,27
14,16,27
6,14,25
3,14,23
2,15,27
-2,16,27
-1,18,25
-1,22,25
-3,24,25
-3,23,26
-5,27,27
-5,24,24
-4,25,25
-2,25,24
-4,25,24
-4,23,23
0,24,28
-1,24,27
1,22,28
4,19,23
4,20,24
8,21,23
13,21,24
18,16,21
18,17,22
25,19,25
29,17,28
34,21,28
35,18,23
36,16,20
34,18,25
38,17,27
33,20,24
34,18,25
33,16,28
29,15,28
29,16,27
28,15,25
23,13,25
19,14,28
19,16,28
14,11,28
13,11,26
10,16,30
13,19,31
10,15,30
5,17,30
5,17,31
3,17,29
4,14,29
6,15,31
12,15,30
15,13,31
14,13,30
19,17,32
19,18,28
19,15,30
21,16,31
27,18,29
32,21,30
34,21,28
33,19,26
36,19,28
38,20,28
37,21,27
33,20,26
31,21,27
31,22,28
34,24,26
34,21,28
33,21,29
29,21,26
27,19,23
25,20,27
23,20,31
20,18,30
16,18,27
18,17,24
17,15,24
19,15,26
13,16,27
11,15,27
7,14,29
5,15,27
6,13,27
8,14,30
9,17,28
12,19,29
16,19,29
17,20,27
23,23,30
23,19,30
27,18,27
29,21,27
26,22,26
29,18,28
25,20,32
26,16,31
26,20,27
27,22,28
30,18,28
31,15,30
28,18,30
27,17,31
30,15,34
31,16,31
33,17,31
32,16,30
31,15,29
29,13,30
27,13,31
29,13,32
32,16,38
34,16,37
33,15,37
31,15,35
32,14,33
30,13,34
32,16,35
31,15,36
30,16,35
28,17,34
27,17,35
27,11,34
29,10,35
32,9,34
29,10,35
33,15,32
34,14,33
32,15,33
27,16,31
29,13,34
34,13,35
35,14,35
32,14,33
32,15,35
31,15,35
34,16,34
37,18,32
39,21,33
41,17,34
40,14,33
40,14,30
43,13,32
41,14,32
41,15,33
42,15,35
39,15,35
37,15,31
36,16,31
36,15,33
36,13,32
35,12,31
30,11,33
32,14,33
29,15,30
31,15,29
32,14,32
33,14,29
31,16,30
33,12,32
35,14,29
33,14,28
33,15,27
29,13,28
31,15,31
34,16,30
34,18,31
35,17,29
37,18,27
37,16,30
36,14,30
40,15,29
39,19,29
39,17,32
39,14,30
35,16,28
34,18,27
34,17,31
29,15,29
28,16,26
31,20,30
26,17,31
22,15,30
19,14,31
20,13,30
20,12,29
18,15,26
17,19,26
16,20,27
13,15,25
14,16,23
14,20,30
13,21,31
12,17,28
10,17,30
10,19,32
9,20,31
13,24,30
14,21,29
12,23,28
14,27,28
14,28,26
20,27,27
22,28,25
25,25,29
25,25,27
26,25,28
25,22,27
23,23,28
28,24,27
26,25,29
30,24,31
32,25,30
28,26,28
32,26,33
35,22,30
29,21,26
35,24,28
36,23,27
31,24,29
30,21,28
30,20,29
28,20,29
29,22,31
29,19,31
30,18,33
30,18,29
29,21,29
25,15,30
26,15,31
27,16,32
26,19,33
22,18,33
25,9,36
24,3,33
20,7,29
17,15,31
14,17,33
12,17,32
6,19,31
4,17,31
9,14,30
7,14,30
9,14,30
10,16,30
9,15,36
11,14,34
9,14,34
6,13,35
11,15,34
11,13,36
12,10,37
17,10,39
21,9,38
22,8,38
25,10,38
26,11,36
29,11,34
32,10,35
35,9,35
37,12,33
36,12,34
35,14,34
38,13,33
38,13,32
38,12,29
40,15,28
39,19,26
38,19,25
38,20,26
34,22,21
34,25,22
33,28,26
26,24,26
25,27,25
28,27,27
25,24,27
21,23,25
21,19,25
17,17,25
13,17,23
15,17,24
12,16,26
14,16,26
16,15,22
18,16,23
21,16,22
22,17,24
26,18,23
26,17,20
23,15,16
24,15,17
25,14,21
26,14,19
24,17,19
24,20,20
25,16,21
19,17,19
21,17,19
21,16,20
20,13,24
16,11,25
13,12,25
8,11,23
7,8,24
8,9,25
5,13,28
7,13,27
9,15,26
7,17,23
6,18,23
8,17,24
8,16,26
10,15,25
11,18,25
10,16,25
10,19,24
18,16,24
22,13,23
21,12,25
21,16,28
24,21,24
25,16,24
26,17,27
19,16,26
21,18,24
23,19,27
24,18,28
20,20,23
18,23,24
18,23,23
14,23,24
12,19,23
10,18,19
5,18,19
4,17,21
1,18,21
3,19,18
2,17,21
-2,18,21
-4,19,20
-1,20,23
-5,22,23
-7,25,21
-5,25,20
-2,27,21
-4,29,21
-2,26,19
0,28,20
2,24,21
0,21,21
-1,24,19
0,21,20
0,26,22
0,26,23
0,24,21
0,23,22
1,28,20
1,28,20
2,23,22
2,27,19
4,27,22
5,25,24
6,26,26
5,27,23
5,27,24
1,27,24
2,28,23
0,27,22
-2,27,22
-3,23,23
-2,23,23
-3,22,19
-7,23,22
-7,22,25
-7,16,22
-8,16,22
-9,19,19
-9,19,22
-7,19,23
-5,19,27
-5,21,28
-5,21,23
-5,18,24
-1,18,27
0,17,27
-3,16,26
2,22,26
3,25,24
2,22,28
3,20,27
4,22,27
4,20,24
7,21,22
12,20,23
12,17,25
14,18,28
15,20,29
15,20,23
14,20,23
16,20,24
14,20,23
19,21,24
18,23,25
12,17,23
14,16,21
15,17,23
18,16,26
21,16,26
18,17,24
16,18,23
18,16,24
18,14,26
18,17,25
16,17,24
19,16,24
21,17,25
22,16,25
21,15,24
19,18,21
18,19,22
19,17,25
18,14,25
21,17,23
21,16,22
19,18,23
17,20,23
18,18,23
20,20,22
20,20,20
18,19,22
14,15,21
17,15,22
21,15,22
23,15,23
20,12,23
22,14,27
21,16,26
21,17,24
21,16,23
23,15,26
24,16,25
23,18,25
23,18,25
27,18,26
26,16,26
29,16,27
24,18,27
25,18,24
25,15,25
26,10,25
28,15,26
25,15,26
21,16,23
19,18,26
21,19,25
20,17,25
19,15,27
13,16,24
13,16,23
12,17,26
12,15,27
8,17,28
11,18,28
13,13,29
13,16,26
15,15,26
19,16,29
18,17,28
19,16,29
17,17,31
17,18,30
14,19,29
12,19,30
16,18,28
14,18,27
13,16,25
15,18,26
16,22,28
16,23,26
17,21,25
15,24,27
14,20,25
15,20,25
12,22,22
11,21,22
11,24,24
14,24,28
15,23,26
13,23,24
13,21,25
13,22,24
11,21,23
9,17,22
9,19,23
8,19,26
8,22,25
6,18,22
6,16,25
9,15,27
9,13,28
9,13,29
12,16,29
17,16,30
15,17,29
20,17,32
17,17,32
17,16,27
24,16,28
26,18,28
22,18,28
22,20,27
21,17,23
22,17,24
22,19,26
18,18,25
17,19,25
15,22,24
10,23,23
12,22,24
15,23,22
14,25,25
13,25,23
11,29,23
10,28,27
9,27,24
8,27,25
8,29,21
11,28,26
13,23,27
15,24,28
19,25,28
21,27,28
24,26,24
28,25,24
30,23,24
31,23,23
32,25,25
29,22,23
30,20,18
30,22,21
30,25,26
26,27,28
22,24,24
16,21,24
12,19,28
10,21,29
6,18,27
3,16,25
0,18,24
3,15,27
4,13,25
-3,14,26
-2,12,25
1,11,26
1,11,27
1,11,26
2,11,29
3,14,29
6,16,28
7,15,29
7,17,29
11,18,27
13,16,29
14,13,27
14,15,27
14,18,28
23,21,32
28,24,29
33,21,29
30,22,29
27,21,30
29,19,28
29,20,28
26,24,28
25,23,29
23,23,28
22,20,30
22,19,27
23,18,31
20,18,30
21,14,27
24,15,27
20,18,27
18,15,23
22,18,23
19,15,24
20,12,25
17,17,27
15,19,26
18,17,27
16,14,25
15,15,25
16,16,25
20,15,28
23,15,30
26,19,31
25,18,28
27,17,29
30,19,30
32,17,29
32,20,27
35,19,30
41,15,32
41,18,29
41,19,29
46,20,27
43,21,29
40,22,28
37,20,27
37,22,28
35,23,27
28,20,24
23,20,23
18,21,20
14,19,23
17,20,25
12,21,25
8,18,27
5,19,27
3,22,27
-1,19,28
0,17,30
2,18,27
4,18,26
4,17,29
5,15,30
9,14,33
10,18,31
10,20,30
17,21,29
17,18,29
17,19,30
18,21,28
24,22,28
30,19,30
31,19,31
29,22,31
31,19,28
37,21,30
34,22,28
32,20,32
31,19,32
26,21,34
20,17,32
20,19,32
16,21,33
15,21,28
16,20,31
15,19,31
15,19,31
16,16,33
13,19,32
16,20,28
18,16,29
15,22,28
18,23,28
16,20,29
16,16,31
21,15,32
20,19,29
19,18,27
19,21,28
19,19,30
20,18,29
18,15,29
18,14,28
23,18,28
22,15,26
23,17,28
21,17,28
18,18,26
22,18,27
23,20,26
21,16,25
23,15,26
21,17,27
21,18,29
21,17,28
22,16,24
23,17,23
20,19,24
22,19,22
21,19,24
23,18,23
21,18,24
19,19,23
22,18,25
28,18,25
28,20,26
28,18,28
27,18,28
29,18,27
28,17,30
32,22,32
37,17,29
33,21,30
36,22,31
39,21,30
45,20,34
44,18,29
46,16,26
47,19,31
48,23,34
42,23,34
42,18,31
45,17,29
42,18,31
44,18,27
44,21,23
36,21,28
30,19,30
31,18,30
27,21,28
24,22,30
21,22,32
19,18,34
16,20,35
18,20,35
19,20,32
22,21,34
20,21,32
23,22,32
21,22,31
23,25,30
27,23,27
25,20,24
22,19,20
22,19,22
20,21,23
22,22,21
17,25,17
9,27,11
2,29,7
-1,25,3
-2,22,-1
-7,25,-3
-14,32,-3
-18,39,-4
-19,43,-7
-25,46,-5
-29,48,-11
-36,49,-14
-38,45,-16
-38,49,-20
-39,53,-18
-37,54,-17
-37,59,-19
-35,63,-18
-29,67,-20
-25,72,-24
-18,76,-24
-7,79,-23
-4,76,-27
1,75,-29
10,78,-29
26,85,-27
35,86,-28
47,87,-36
55,82,-40
61,79,-46
73,75,-51
85,69,-53
95,62,-53
104,58,-53
113,48,-54
115,44,-56
113,45,-59
107,49,-61
101,48,-67
87,53,-73
70,62,-78
53,71,-75
43,78,-72
25,79,-75
12,83,-78
7,84,-80
2,80,-77
1,75,-76
5,80,-72
2,98,-68
0,119,-64
3,138,-63
-2,148,-64
-5,153,-64
-8,178,-61
-13,214,-54
-22,246,-53
-25,263,-53
-25,267,-54
-23,259,-63
-18,243,-79
-17,247,-90
-26,267,-91
-29,278,-93
-19,272,-97
-9,266,-105
-5,269,-116
-6,277,-128
-5,276,-142
3,272,-155
7,276,-168
10,279,-185
21,279,-200
26,290,-215
26,303,-224
26,328,-235
25,359,-247
29,399,-257
34,431,-261
41,448,-263
48,457,-269
61,464,-275
65,480,-279
75,511,-283
81,537,-287
91,556,-289
116,572,-298
148,602,-303
179,636,-305
215,667,-306
262,684,-300
308,698,-289
345,703,-273
379,700,-258
414,687,-240
445,670,-231
456,647,-216
454,625,-199
437,604,-176
410,582,-149
382,574,-122
350,569,-89
312,558,-60
272,546,-37
226,535,-6
180,522,28
122,513,61
61,507,88
0,500,114
-62,496,139
-127,496,160
-202,496,182
-283,494,199
-369,492,215
-459,497,232
-553,503,247
-649,513,265
-742,518,275
-839,520,277
-947,518,277
-1059,513,279
-1169,514,282
-1275,517,284
-1375,522,281
-1476,528,276
-1576,531,271
-1678,530,267
-1776,540,267
-1875,549,266
-1964,556,263
-2047,567,259
-2127,577,253
-2198,585,256
-2263,592,254
-2328,599,250
-2384,614,250
-2435,633,250
-2479,652,250
-2512,672,251
-2534,700,257
-2547,730,261
-2557,760,264
-2554,798,268
-2545,838,266
-2530,875,268
-2508,906,270
-2480,934,274
-2450,957,279
-2412,977,288
-2370,985,299
-2327,988,307
-2279,989,317
-2231,989,328
-2187,984,337
-2141,981,349
-2096,980,359
-2046,975,371
-1990,969,379
-1943,959,389
-1893,955,402
-1841,948,417
-1795,940,427
-1749,934,435
-1702,929,441
-1655,916,452
-1613,900,460
-1569,882,470
-1529,865,480
-1480,840,495
-1427,814,510
-1377,790,528
-1326,766,547
-1271,741,566
-1218,709,591
-1162,680,619
-1110,655,640
-1065,629,660
-1021,607,684
-977,583,709
-937,562,734
-902,543,755
-874,531,772
-848,519,788
-830,510,800
-816,502,808
-803,492,813
-785,485,813
-769,477,816
-753,463,819
-739,446,818
-722,431,816
-703,418,811
-680,409,810
-656,395,806
-629,388,804
-603,380,800
-574,370,793
-548,360,784
-518,349,775
-484,339,768
-454,334,759
-426,328,753
-399,318,741
-371,314,736
-344,313,730
-319,312,720
-297,309,718
-275,308,710
-257,302,702
-243,298,697
-235,291,695
-228,284,695
-227,275,695
-220,264,693
-217,248,693
-220,229,695
-221,212,692
-223,192,689
-222,168,690
-220,149,687
-217,130,685
-212,116,677
-208,104,668
-199,93,656
-191,85,643
-182,76,631
-178,68,620
-179,59,610
-178,50,602
-183,38,596
-188,30,591
-198,24,592
-214,15,591
-226,5,591
-242,-1,593
-255,-5,594
-266,-15,593
-277,-25,599
-286,-33,605
-285,-38,613
-283,-46,623
-282,-57,626
-277,-68,634
-275,-86,641
-273,-105,644
-263,-132,652
-255,-156,663
-252,-183,676
-251,-210,695
-245,-236,720
-232,-266,744
-220,-292,773
-209,-316,805
-200,-339,830
-185,-363,854
-181,-381,877
-184,-392,898
-185,-398,924
-177,-404,948
-168,-407,974
-153,-406,997
-135,-405,1012
-117,-406,1027
-99,-413,1036
-78,-424,1042
-57,-429,1037
-32,-430,1031
2,-435,1025
42,-440,1016
80,-449,1002
125,-462,985
175,-471,963
231,-482,943
284,-495,919
336,-510,897
385,-519,878
429,-530,855
469,-540,830
503,-555,804
532,-569,778
559,-584,752
582,-599,727
609,-620,701
633,-638,672
661,-651,649
695,-670,626
731,-689,606
763,-706,582
799,-721,557
834,-736,535
869,-747,511
902,-757,488
940,-766,467
980,-771,454
1027,-770,446
1074,-770,437
1118,-767,430
1166,-766,426
1218,-762,422
1267,-749,420
1314,-739,418
1362,-723,417
1405,-707,419
1440,-694,412
1474,-685,405
1505,-676,401
1528,-671,399
1544,-666,396
1553,-653,395
1555,-647,401
1556,-637,409
1553,-629,421
1547,-621,433
1532,-610,441
1516,-602,449
1498,-601,455
1476,-593,463
1457,-590,468
1435,-585,471
1412,-584,474
1391,-584,482
1376,-583,488
1355,-585,493
1341,-587,496
1322,-591,500
1306,-594,502
1289,-595,502
1267,-594,497
1245,-598,488
1225,-601,482
1203,-603,468
1183,-605,450
1156,-607,437
1129,-612,425
1106,-607,410
1083,-605,393
1061,-602,378
1044,-597,362
1021,-588,346
1005,-580,322
988,-572,302
968,-562,279
954,-559,260
938,-551,238
923,-547,214
907,-543,191
898,-540,170
892,-537,153
894,-535,134
892,-530,114
894,-524,95
893,-520,77
896,-520,59
899,-515,39
899,-513,19
895,-512,0
887,-516,-20
876,-517,-40
860,-514,-55
842,-513,-70
818,-513,-89
789,-518,-108
759,-527,-123
729,-535,-136
692,-548,-146
659,-560,-153
633,-574,-158
610,-589,-160
592,-605,-160
577,-621,-158
571,-631,-157
569,-645,-152
575,-662,-147
584,-675,-149
600,-687,-144
612,-695,-137
624,-706,-134
633,-714,-128
640,-721,-121
646,-726,-115
651,-729,-104
654,-732,-92
660,-733,-77
666,-730,-65
677,-731,-54
680,-732,-50
684,-729,-42
692,-725,-35
708,-727,-26
721,-728,-15
735,-722,-7
748,-719,-1
759,-719,5
771,-714,17
774,-710,23
778,-710,34
776,-706,41
768,-703,47
753,-699,53
735,-693,58
710,-687,60
682,-685,67
654,-684,74
620,-684,77
586,-683,80
551,-682,83
513,-681,88
474,-680,85
437,-684,79
393,-681,79
352,-680,79
314,-682,76
274,-684,81
228,-682,79
192,-682,73
162,-681,71
135,-679,67
109,-676,66
86,-672,68
70,-670,72
61,-670,71
57,-665,75
59,-666,76
66,-667,79
80,-668,82
97,-670,83
117,-674,78
144,-682,74
173,-689,70
207,-698,63
239,-701,52
274,-705,37
304,-709,26
332,-710,9
360,-714,-5
382,-712,-22
395,-707,-37
399,-701,-49
400,-693,-53
392,-681,-65
384,-669,-87
365,-660,-106
344,-651,-127
320,-640,-144
299,-635,-161
274,-626,-173
251,-619,-188
223,-617,-207
197,-620,-230
167,-623,-252
129,-630,-282
86,-638,-317
45,-648,-349
-10,-654,-381
-57,-660,-401
-97,-669,-423
-133,-672,-439
-165,-671,-450
-199,-668,-457
-223,-662,-465
-241,-649,-474
-250,-634,-480
-246,-620,-491
-231,-609,-503
-216,-606,-513
-201,-598,-526
-178,-596,-537
-148,-595,-547
-121,-600,-557
-98,-601,-566
-75,-601,-570
-51,-609,-572
-29,-612,-572
-6,-611,-571
22,-608,-571
50,-606,-574
79,-604,-576
108,-604,-578
131,-603,-581
153,-602,-581
172,-602,-577
193,-599,-570
212,-602,-560
226,-607,-555
238,-608,-549
243,-605,-541
248,-605,-535
244,-602,-527
237,-596,-519
227,-593,-511
211,-586,-506
195,-581,-502
178,-575,-505
165,-567,-509
156,-559,-508
143,-549,-507
126,-540,-508
120,-537,-507
118,-535,-505
117,-534,-508
116,-544,-508
114,-549,-507
114,-557,-504
112,-562,-502
111,-572,-501
104,-583,-498
97,-599,-495
88,-614,-494
92,-627,-484
99,-639,-478
107,-658,-476
118,-672,-475
139,-690,-473
171,-706,-477
209,-723,-481
254,-744,-490
295,-761,-494
344,-768,-501
395,-772,-502
454,-774,-509
511,-775,-513
569,-770,-517
635,-757,-525
703,-743,-531
776,-721,-533
851,-696,-537
938,-675,-538
1035,-657,-537
1140,-629,-532
1238,-601,-522
1339,-577,-513
1433,-546,-503
1518,-508,-495
1586,-473,-491
1643,-444,-490
1689,-414,-493
1718,-395,-495
1729,-373,-500
1722,-357,-511
1701,-352,-527
1658,-352,-547
1614,-355,-568
1560,-362,-590
1500,-375,-606
1432,-390,-622
1366,-400,-636
1296,-410,-652
1235,-428,-668
1183,-445,-685
1133,-463,-705
1085,-483,-720
1038,-503,-732
989,-533,-751
943,-566,-768
903,-600,-789
876,-641,-805
858,-688,-821
848,-745,-830
845,-808,-839
846,-864,-843
846,-922,-845
863,-985,-845
888,-1047,-836
914,-1109,-822
939,-1183,-812
962,-1269,-807
973,-1369,-803
984,-1482,-801
993,-1593,-791
996,-1702,-772
1016,-1806,-741
1042,-1909,-685
1065,-2010,-616
1068,-2095,-551
1016,-2147,-503
896,-2167,-487
714,-2147,-497
494,-2091,-521
264,-1998,-524
55,-1909,-480
-95,-1853,-395
-203,-1824,-289
-296,-1821,-183
-386,-1853,-90
-509,-1899,-16
-655,-1945,50
-825,-2005,106
-1034,-2039,157
-1234,-2023,196
-1451,-2024,218
-1699,-2041,241
-1931,-2038,262
-2131,-2015,273
-2295,-1993,278
-2395,-1967,286
-2402,-1925,304
-2290,-1889,343
-2065,-1863,395
-1731,-1834,461
-1341,-1800,530
-925,-1769,596
-533,-1734,642
-201,-1690,681
45,-1648,722
223,-1608,772
342,-1581,832
400,-1548,882
394,-1503,915
337,-1447,932
246,-1388,938
133,-1330,940
15,-1286,943
-84,-1253,958
-157,-1224,992
-210,-1198,1023
-256,-1180,1040
-292,-1175,1052
-319,-1172,1062
-334,-1174,1072
-332,-1180,1087
-312,-1189,1116
-275,-1199,1161
-228,-1217,1205
-179,-1237,1253
-126,-1260,1301
-94,-1288,1336
-77,-1310,1353
-76,-1323,1359
-71,-1328,1356
-64,-1341,1363
-45,-1362,1384
-19,-1384,1411
8,-1406,1435
42,-1424,1455
78,-1437,1472
119,-1452,1495
156,-1470,1509
189,-1485,1515
213,-1498,1514
241,-1517,1522
281,-1539,1541
325,-1554,1564
368,-1565,1587
408,-1573,1604
433,-1571,1618
444,-1565,1624
441,-1557,1612
441,-1535,1585
447,-1513,1564
473,-1490,1553
518,-1456,1544
571,-1419,1534
620,-1377,1525
675,-1332,1516
735,-1282,1512
795,-1238,1506
856,-1204,1498
910,-1171,1481
954,-1136,1454
997,-1090,1427
1040,-1050,1396
1073,-1018,1364
1104,-997,1329
1131,-984,1299
1156,-972,1276
1190,-950,1261
1223,-925,1236
1244,-888,1194
1250,-840,1123
1229,-783,1024
1182,-715,901
1117,-640,770
1032,-565,640
932,-497,520
824,-429,419
725,-359,324
628,-284,233
530,-201,138
430,-114,44
333,-35,-50
240,53,-144
146,147,-247
57,232,-348
-23,307,-437
-86,374,-516
-126,435,-577
-152,482,-619
-167,501,-646
-164,494,-662
-144,481,-661
-112,469,-650
-71,462,-638
-21,451,-621
29,439,-604
82,425,-590
131,424,-579
172,433,-570
201,450,-559
207,472,-548
200,502,-537
182,533,-525
157,562,-518
121,591,-511
80,618,-509
24,642,-508
-36,662,-507
-89,674,-509
-136,684,-509
-192,695,-505
-246,702,-496
-303,712,-490
-358,717,-488
-414,710,-489
-467,708,-499
-514,704,-509
-560,709,-513
-599,710,-522
-632,720,-527
-656,733,-533
-678,745,-537
-693,755,-542
-695,759,-546
-695,762,-552
-688,770,-551
-679,765,-553
-668,755,-555
-660,741,-556
-650,731,-555
-633,714,-550
-614,696,-542
-595,681,-532
-571,670,-518
-547,658,-501
-523,647,-489
-500,635,-483
-477,627,-480
-457,621,-474
-437,615,-475
-418,607,-474
-402,601,-473
-388,595,-476
-374,592,-480
-365,591,-486
-357,592,-491
-345,591,-496
-328,596,-500
-311,600,-500
-283,598,-496
-251,592,-490
-215,575,-477
-171,561,-460
-128,547,-441
-93,528,-421
-66,513,-406
-49,502,-396
-40,490,-384
-36,483,-372
-43,477,-366
-53,473,-360
-74,468,-356
-100,462,-356
-131,454,-350
-166,445,-348
-210,435,-349
-254,423,-350
-295,416,-347
-339,411,-350
-384,407,-358
-431,406,-364
-468,401,-368
-500,397,-372
-528,391,-375
-542,384,-372
-551,377,-372
-557,368,-373
-558,358,-368
-550,347,-364
-535,342,-358
-511,336,-351
-487,326,-352
-464,319,-347
-439,313,-342
-414,309,-331
-394,305,-321
-375,305,-314
-363,307,-305
-355,310,-301
-349,314,-296
-348,319,-291
-348,321,-290
-349,326,-285
-351,332,-285
-349,335,-290
-348,338,-290
-342,348,-294
-340,352,-299
-342,357,-304
-339,365,-314
-333,374,-320
-324,383,-324
-312,393,-335
-307,409,-341
-297,422,-349
-293,434,-356
-283,440,-358
-275,448,-360
-281,455,-361
-291,455,-364
-304,457,-366
-322,459,-368
-346,461,-367
-376,466,-367
-414,470,-369
-455,472,-368
-500,477,-369
-550,479,-373
-601,475,-373
-654,476,-370
-712,472,-368
-766,472,-362
-827,469,-353
-889,467,-346
-946,465,-341
-1014,463,-337
-1082,458,-334
-1155,454,-329
-1224,447,-328
-1288,437,-324
-1350,429,-320
-1409,414,-321
-1469,400,-319
-1517,384,-317
-1558,372,-315
-1600,356,-317
-1636,338,-315
-1667,313,-312
-1686,288,-308
-1700,269,-307
-1708,253,-304
-1711,238,-299
-1710,228,-293
-1703,220,-285
-1689,212,-277
-1671,197,-266
-1645,182,-254
-1609,167,-239
-1568,149,-224
-1520,131,-208
-1468,112,-189
-1408,98,-167
-1349,81,-143
-1285,65,-122
-1219,53,-99
-1152,37,-74
-1083,26,-56
-1016,15,-43
-956,1,-28
-898,-3,-11
-835,-4,8
-771,-2,22
-712,-7,33
-660,-11,42
-607,-16,52
-557,-18,63
-497,-13,71
-429,-15,80
-358,-21,86
-283,-35,89
-209,-51,91
-139,-60,92
-75,-57,93
-12,-48,93
66,-39,86
153,-32,81
249,-27,86
347,-26,90
434,-27,105
510,-24,116
581,-17,129
636,-8,143
669,3,153
682,9,159
673,15,162
647,20,159
606,24,153
556,29,149
498,43,151
431,61,153
353,82,155
269,102,157
180,119,154
89,136,151
5,152,141
-62,159,132
-120,159,124
-171,156,116
-216,153,112
-243,150,113
-270,150,114
-295,146,114
-313,141,109
-329,137,104
-346,130,108
-364,126,106
-376,116,105
-392,103,103
-407,93,98
-417,82,94
-425,73,83
-431,65,76
-438,54,71
-443,43,63
-442,26,65
-446,14,68
-453,4,69
-462,-6,72
-478,-18,76
-492,-27,78
-502,-35,81
-520,-41,86
-531,-46,93
-538,-45,98
-540,-45,107
-542,-48,112
-537,-52,118
-525,-55,126
-512,-56,129
-495,-57,133
-473,-57,135
-454,-55,138
-431,-53,142
-405,-46,146
-373,-40,148
-339,-40,144
-303,-36,133
-265,-34,126
-226,-31,125
-194,-26,123
-153,-20,117
-115,-15,114
-85,-14,106
-55,-14,101
-27,-13,95
4,-12,88
34,-9,81
66,-11,76
96,-13,66
126,-14,60
158,-12,53
189,-8,46
218,-7,43
242,-11,39
264,-15,34
286,-11,29
299,-9,26
306,-8,22
308,-10,15
299,-11,8
281,-18,-4
263,-16,-15
244,-8,-19
221,-9,-24
202,-12,-26
176,-20,-29
144,-25,-38
108,-29,-45
69,-30,-48
27,-34,-51
-18,-37,-52
-59,-39,-53
-94,-36,-53
-126,-31,-55
-153,-21,-60
-176,-11,-59
-193,-4,-62
-210,3,-68
-223,4,-69
-228,9,-66
-225,8,-64
-212,11,-60
-190,19,-55
-163,23,-52
-127,27,-46
-84,28,-36
-43,27,-28
-2,25,-21
41,28,-14
83,24,-6
122,24,-2
157,25,4
193,23,4
218,26,4
245,43,5
273,47,7
300,42,4
320,42,2
332,36,4
343,25,5
358,20,2
372,21,2
382,29,1
390,28,-3
398,27,-4
404,34,-6
408,36,-7
413,30,-9
415,25,-4
418,25,2
416,32,4
413,36,6
399,40,6
378,36,2
358,33,0
329,36,0
301,34,-3
267,33,0
228,35,4
187,29,4
140,29,8
93,29,11
45,30,16
-1,30,21
-46,26,24
-91,23,25
-134,29,28
-177,30,33
-218,31,33
-252,33,36
-281,34,38
-305,32,41
-326,32,44
-341,31,45
-355,29,47
-359,19,50
-359,10,58
-352,4,63
-350,-4,68
-342,-9,72
-340,-16,74
-336,-20,78
-339,-29,82
-339,-38,84
-336,-40,89
-331,-45,95
-323,-53,103
-311,-60,106
-294,-64,117
-277,-66,125
-258,-70,132
-233,-74,141
-208,-77,149
-175,-81,156
-143,-85,163
-112,-86,177
-76,-93,184
-41,-93,192
-2,-96,200
43,-99,209
81,-100,216
118,-100,221
154,-99,225
185,-99,230
216,-96,235
245,-90,239
271,-90,239
293,-85,238
316,-80,238
328,-76,239
343,-73,235
354,-70,231
360,-68,224
364,-59,217
359,-55,205
359,-49,196
357,-43,185
344,-41,175
329,-39,163
313,-34,154
292,-31,143
266,-24,128
241,-14,116
216,-10,108
189,-4,98
159,-1,89
130,3,78
102,11,61
71,15,47
39,20,36
9,24,22
-19,25,5
-43,27,-7
-60,28,-18
-74,33,-28
-84,33,-37
-93,33,-44
-96,33,-51
-99,32,-53
-95,34,-54
-95,34,-58
-95,32,-64
-87,32,-69
-85,27,-71
-81,24,-76
-77,30,-77
-65,30,-77
-54,32,-76
-43,32,-74
-28,32,-74
-14,32,-74
-1,32,-74
9,36,-76
27,31,-71
41,26,-65
49,27,-62
59,25,-57
72,23,-54
86,21,-53
96,22,-50
96,20,-45
89,25,-46
92,24,-40
102,25,-33
111,26,-26
116,26,-16
120,26,-12
129,22,-10
135,21,-7
138,21,-3
139,23,0
141,21,4
146,23,11
152,19,16
162,20,15
170,17,18
171,16,22
173,15,24
170,16,20
164,13,17
156,10,19
147,10,23
136,8,26
124,6,25
116,9,28
104,12,27
89,11,24
68,12,21
50,13,21
29,13,22
9,13,26
-10,14,28
-29,14,26
-46,14,26
-65,14,25
-84,11,22
-103,10,28
-126,12,33
-148,15,33
-171,14,33
-195,16,37
-219,14,39
-241,14,41
-257,16,44
-279,10,47
-295,6,49
-309,2,53
-317,2,60
-332,1,65
-339,-1,66
-344,-3,72
-344,0,74
-337,3,81
-331,6,89
-324,7,91
-316,6,94
-304,9,98
-290,9,102
-275,10,106
-266,14,108
-250,18,109
-233,20,111
-215,20,115
-197,23,114
-179,22,114
-170,22,110
-155,26,106
-142,30,103
-123,29,101
-109,27,103
-95,27,99
-74,25,101
-57,26,99
-39,24,96
-22,22,90
-9,24,88
7,26,85
22,29,79
42,29,77
56,27,77
69,26,70
86,29,65
99,28,59
111,29,55
123,25,50
134,24,44
134,24,39
138,20,32
143,20,22
148,18,18
158,19,17
172,19,16
184,19,13
189,16,9
198,11,5
208,10,3
210,8,-1
215,6,-3
221,8,-6
222,6,-6
223,8,-10
224,9,-12
223,10,-16
225,7,-17
225,7,-17
228,6,-22
235,5,-22
235,6,-22
239,7,-22
241,5,-26
240,7,-28
247,7,-28
246,7,-28
244,6,-30
240,2,-32
235,3,-29
229,6,-29
227,9,-28
218,4,-30
210,7,-29
202,9,-26
196,7,-22
188,9,-17
188,8,-11
187,7,-5
180,6,1
172,5,8
163,8,14
153,10,16
139,13,24
130,13,31
118,14,39
102,16,43
88,15,44
75,17,45
60,18,50
48,18,52
36,18,52
24,16,53
11,16,58
5,13,57
-2,14,55
-10,16,55
-13,14,55
-11,16,57
-17,15,56
-24,15,56
-29,16,51
-35,18,49
-37,19,48
-42,17,47
-47,15,45
-47,18,47
-54,20,43
-58,21,40
-59,19,41
-63,21,43
-62,18,40
-60,22,37
-57,22,34
-55,21,33
-53,17,31
-45,17,31
-37,13,32
-28,11,30
-15,11,31
1,9,30
14,7,29
28,6,26
44,4,28
60,5,29
79,4,29
96,6,28
108,2,28
125,3,28
135,5,27
150,1,25
158,-2,28
167,0,31
174,-2,28
180,-6,28
185,-5,32
185,-6,32
185,-6,32
185,-6,31
182,-4,30
179,-3,32
173,-7,31
168,-2,31
165,-3,35
161,-1,36
153,-2,33
148,-3,34
142,-4,34
139,-5,34
130,-7,36
120,-8,34
111,-7,36
108,-4,38
105,-2,42
100,-3,46
88,-8,50
81,-5,52
78,-5,54
76,-4,55
70,-4,60
70,-5,65
67,-5,66
64,-7,66
66,-7,68
69,-5,69
71,-5,72
73,-6,75
75,-4,77
79,-1,77
84,2,79
90,8,81
95,13,80
99,21,78
104,24,78
107,30,73
113,35,71
117,37,65
122,39,57
131,49,53
135,56,49
135,56,39
137,56,29
134,57,22
132,58,15
128,56,6
118,59,-4
113,65,-9
103,64,-18
89,66,-27
72,63,-32
53,65,-35
36,65,-42
13,66,-44
-10,63,-47
-33,61,-47
-55,62,-47
-79,60,-48
-104,59,-50
-124,56,-50
-146,55,-48
-163,55,-44
-176,53,-36
-185,50,-26
-196,45,-16
-202,37,-6
-204,34,5
-201,29,19
-198,26,31
-196,19,44
-194,14,59
-197,12,67
-199,8,76
-199,6,81
-193,-3,89
-189,-4,100
-183,-3,105
-169,-2,113
-155,-3,120
-136,-5,128
-119,-5,135
-99,-7,136
-86,-8,139
-72,-4,145
-62,-4,145
-48,-6,147
-38,-4,145
-31,-4,143
-25,-5,140
-27,0,139
-28,1,133
-30,2,124
-32,1,115
-34,4,111
-33,6,111
-34,7,102
-43,8,94
-50,15,89
-54,14,81
-64,19,72
-73,25,63
-84,28,53
-91,32,40
-91,35,33
-86,34,29
-78,32,21
-62,34,15
-48,32,11
-34,28,5
-21,28,-1
-1,30,-2
13,27,-9
32,22,-15
53,20,-16
68,20,-16
83,19,-17
98,17,-19
113,15,-22
125,11,-22
140,11,-21
155,14,-20
161,13,-23
168,9,-22
173,9,-25
176,9,-24
181,8,-23
185,6,-22
192,6,-23
191,8,-21
194,4,-15
199,-1,-11
203,-1,-10
201,-4,-9
197,-5,-7
191,-6,-4
186,-9,0
175,-9,0
168,-9,2
160,-9,5
152,-8,5
144,-10,12
141,-12,19
137,-7,19
131,-7,20
122,-10,21
117,-12,21
111,-13,24
106,-13,28
98,-13,24
88,-12,27
78,-9,27
64,-9,25
48,-10,24
33,-8,24
20,-5,24
7,-1,25
-6,-1,28
-16,4,27
-27,3,25
-39,6,24
-44,8,24
-53,12,22
-56,18,20
-59,17,17
-62,20,19
-65,20,15
-66,22,11
-69,24,9
-68,26,10
-71,24,12
-68,25,10
-68,27,8
-68,25,4
-68,26,4
-65,29,2
-64,36,3
-63,35,-2
-63,36,-6
-61,35,-7
-58,32,-6
-55,33,-8
-54,35,-7
-52,33,-10
-49,35,-10
-49,34,-9
-41,31,-14
-40,29,-14
-37,27,-15
-32,30,-11
-25,34,-15
-21,33,-15
-15,29,-13
-7,28,-13
1,29,-12
2,30,-14
10,32,-12
18,31,-11
25,24,-12
31,19,-11
32,21,-13
34,19,-12
43,22,-10
48,17,-4
51,17,-1
52,16,-1
55,18,-2
55,18,-3
57,15,-1
54,15,0
50,19,2
46,17,2
41,14,1
41,14,3
38,10,3
37,9,4
34,13,7
33,13,9
33,11,11
33,10,11
32,10,13
35,12,16
38,12,20
39,10,20
37,13,19
39,11,19
39,9,16
36,6,17
33,6,21
38,13,21
30,15,17
23,12,20
18,14,21
15,14,18
9,16,16
4,19,17
0,18,12
-5,17,14
-11,20,16
-18,19,15
-21,18,15
-21,18,18
-25,17,18
-29,19,17
-32,23,16
-36,25,14
-37,23,16
-38,25,17
-41,27,16
-42,26,16
-43,29,13
-44,29,13
-41,32,17
-45,32,16
-47,33,16
-43,36,18
-38,38,20
-37,35,18
-33,33,16
-29,31,18
-26,31,18
-17,34,21
-10,29,23
-2,27,20
5,23,23
13,26,22
20,23,22
29,26,21
38,27,25
44,26,24
48,25,25
57,23,22
63,25,26
66,26,28
73,25,27
79,25,30
85,24,32
89,24,31
92,24,36
90,24,38
93,22,36
95,19,33
99,19,38
100,22,41
101,21,40
101,18,42
97,15,46
96,15,44
93,16,48
89,13,53
84,16,53
86,22,51
83,20,51
82,22,52
84,21,57
81,22,60
82,24,61
82,23,62
91,21,62
94,17,65
92,16,63
90,16,61
85,18,63
81,16,64
77,15,65
71,11,65
66,11,59
61,8,55
58,2,53
53,2,50
48,4,48
40,8,48
32,11,44
22,16,40
11,17,41
0,20,38
-9,24,37
-17,29,36
-25,32,35
-31,36,30
-28,42,28
-30,49,27
-33,55,30
-37,59,33
-41,61,33
-46,61,24
-60,59,14
-75,60,9
-84,65,2
-94,64,-4
-94,67,-6
-88,65,-9
-81,66,-14
-69,64,-16
-57,59,-20
-41,55,-23
-22,54,-25
0,51,-24
16,48,-26
35,43,-25
49,43,-27
63,39,-28
74,34,-29
87,35,-25
101,37,-25
113,32,-19
115,29,-15
119,30,-13
125,29,-13
124,28,-8
123,27,-2
120,24,-2
116,24,-3
113,27,1
105,26,5
101,27,7
96,25,9
88,25,11
75,24,16
65,22,19
52,19,20
38,17,19
22,19,22
11,23,21
-4,27,23
-15,29,26
-25,31,25
-32,38,23
-34,41,24
-39,42,28
-42,40,28
-49,41,26
-50,42,23
-48,40,22
-48,41,20
-46,38,19
-48,34,18
-49,33,20
-47,34,18
-43,36,20
-39,33,20
-37,34,22
-40,36,23
-38,39,21
-39,40,23
-39,39,24
-38,39,22
-39,37,21
-42,34,22
-35,36,26
-26,37,27
-27,33,26
-25,34,24
-25,33,27
-16,33,27
-11,32,28
-6,34,29
-4,33,29
-1,28,31
7,28,32
10,26,33
11,26,28
10,29,28
9,27,28
7,27,30
1,29,34
-4,30,29
-9,31,30
-17,31,28
-22,31,31
-26,35,27
-35,37,22
-40,34,24
-46,39,22
-53,37,19
-56,40,18
-57,47,16
-55,50,15
-52,51,13
-52,53,13
-48,55,10
-47,55,8
-45,58,8
-39,58,6
-35,58,4
-27,58,3
-23,59,4
-21,60,4
-16,60,5
-9,62,2
-5,60,3
-5,63,0
-5,63,3
-1,60,3
0,59,1
2,56,0
3,54,1
3,55,2
5,56,2
6,56,3
5,53,1
5,52,-1
6,54,-1
2,51,0
2,50,3
3,50,3
4,45,5
7,44,2
10,45,5
9,44,9
8,39,8
9,40,10
11,36,13
11,36,13
14,35,16
14,34,16
16,36,14
19,38,14
22,34,13
23,34,13
29,33,17
28,28,19
26,25,21
28,24,20
27,26,22
25,24,23
27,24,24
27,23,29
28,21,29
26,21,30
26,19,28
33,22,33
34,22,35
34,25,35
35,22,33
36,20,30
33,21,29
40,18,31
42,18,30
45,20,31
43,21,30
44,19,31
49,20,32
49,20,32
47,18,33
44,12,32
37,14,31
32,14,32
28,11,33
25,12,36
24,8,34
17,8,33
15,6,34
9,6,32
7,3,31
6,3,30
2,3,30
2,4,30
5,4,31
1,5,28
-4,7,30
-5,3,26
-4,4,23
-6,5,24
-7,3,25
-7,3,24
-7,3,25
-6,10,24
-5,13,24
-8,14,23
-10,16,24
-7,15,22
-11,14,19
-13,16,19
-13,18,21
-22,19,21
-23,19,21
-27,19,18
-33,22,18
-33,22,18
-35,22,18
-37,23,14
-39,22,13
-40,20,11
-36,17,11
-34,19,11
-31,22,13
-23,20,13
-18,18,14
-8,17,11
3,17,14
9,18,15
14,19,13
23,14,10
31,14,8
39,13,8
42,18,9
50,17,10
48,15,5
52,17,5
56,12,7
56,11,10
57,11,9
53,10,9
53,14,11
54,12,12
49,11,15
42,10,17
39,8,19
37,8,17
35,7,14
29,5,19
26,2,24
22,3,24
18,4,28
9,3,24
6,2,25
1,2,29
-6,6,29
-12,7,29
-12,4,30
-13,5,31
-19,5,32
-24,9,35
-30,6,33
-33,6,36
-38,8,36
-47,11,39
-50,9,38
-53,10,37
-55,10,39
-56,7,40
-55,12,37
-57,11,38
-54,12,38
-52,12,35
-54,15,33
-51,15,33
-51,22,34
-48,21,35
-44,16,35
-43,19,34
-41,21,33
-37,22,31
-33,23,27
-27,27,24
-23,23,26
-18,27,28
-17,27,23
-13,26,22
-9,24,19
-6,19,18
-6,20,17
1,23,16
8,22,15
13,21,19
18,22,20
22,23,19
23,22,17
21,19,18
23,22,16
24,21,14
24,18,15
23,14,13
21,14,13
24,17,17
30,20,21
37,21,18
40,22,18
41,22,16
40,19,17
42,16,19
44,13,21
47,12,20
44,10,22
50,8,22
53,9,23
56,9,23
60,11,25
65,11,27
67,12,28
67,11,29
67,11,29
65,13,33
67,16,32
62,17,31
64,17,32
60,17,30
58,15,28
55,17,29
48,18,31
48,17,28
47,19,29
48,21,30
44,22,33
43,24,34
43,25,34
39,27,35
36,30,34
30,31,35
29,25,32
24,24,31
23,28,33
23,26,34
23,25,32
21,25,33
21,30,35
21,30,36
23,26,34
23,26,31
25,28,30
22,27,35
18,28,35
18,25,37
19,25,38
18,24,39
18,20,37
11,17,35
12,16,36
17,17,37
17,21,37
12,18,38
7,16,39
8,14,38
7,15,36
3,15,35
1,15,37
1,14,37
-1,18,38
-3,13,36
-2,14,34
-1,15,34
3,15,34
3,13,34
6,12,34
9,11,34
10,10,35
11,9,33
11,14,34
7,14,33
9,12,34
12,10,31
12,7,33
11,8,31
10,6,30
15,5,33
16,11,31
18,13,29
18,10,29
21,10,29
22,14,29
22,17,26
22,14,23
21,14,24
19,13,22
17,11,19
17,12,22
13,16,24
11,18,26
11,18,23
10,19,21
11,20,23
6,21,26
9,22,25
8,19,27
11,17,28
11,18,27
12,18,26
12,17,25
15,15,25
14,19,23
14,21,23
16,21,27
18,21,25
17,21,23
14,19,23
15,19,22
13,22,23
8,24,27
8,19,25
4,16,23
-3,14,21
-4,14,23
-10,14,25
-12,16,25
-9,15,23
-7,15,24
-12,15,25
-15,17,23
-19,16,22
-18,19,24
-17,18,22
-21,18,24
-24,16,22
-25,15,21
-23,17,22
-23,17,19
-23,15,17
-29,14,20
-24,15,18
-23,18,21
-28,16,17
-27,19,14
-29,18,11
-29,15,12
-27,13,11
-29,14,11
-32,13,10
-33,15,11
-30,15,10
-29,14,9
-29,14,7
-30,15,7
-24,14,8
-21,20,13
-21,22,12
-21,17,7
-18,16,10
-10,18,12
-7,17,9
-4,20,9
-3,19,10
2,19,10
8,18,9
7,20,7
9,20,4
14,20,6
14,21,8
15,24,7
17,25,5
19,25,2
21,30,2
22,32,0
28,28,0
30,31,1
28,33,4
30,33,3
32,34,1
31,37,0
30,37,2
27,37,-2
28,38,-1
28,38,4
28,40,0
24,41,3
24,39,5
22,42,6
22,44,7
22,45,7
20,45,7
20,50,5
20,48,5
20,46,7
17,48,11
21,48,13
23,48,12
22,47,14
22,44,15
17,45,15
13,49,17
13,48,15
8,49,17
5,54,19
4,50,19
1,44,20
-1,44,22
0,48,25
-3,50,27
-6,45,30
-9,40,31
-9,39,31
-11,39,35
-15,39,32
-16,40,32
-17,39,35
-16,39,34
-18,37,33
-16,35,32
-14,40,32
-15,38,33
-12,34,35
-8,33,38
-6,31,35
-1,28,31
2,26,33
-1,26,32
0,22,33
4,18,34
4,19,32
1,18,30
0,16,34
-2,14,33
-2,12,33
0,12,34
1,10,31
2,11,31
1,12,30
2,12,31
6,12,31
6,11,29
6,9,28
9,12,26
11,13,27
16,16,29
18,15,27
22,15,27
21,16,25
23,17,26
28,19,27
24,16,31
25,15,29
24,18,27
24,23,30
24,25,26
27,31,27
23,30,26
22,29,29
21,30,29
20,29,31
16,30,30
10,33,32
8,32,31
7,31,30
8,30,30
9,30,32
10,31,29
7,32,28
10,34,27
10,37,26
8,39,23
8,39,24
4,39,26
1,38,25
-3,35,21
-6,40,21
-8,42,21
-8,43,21
-10,40,22
-9,40,22
-12,39,22
-17,41,21
-19,42,22
-18,41,22
-23,43,20
-28,38,20
-28,38,18
-28,40,16
-29,40,16
-32,40,20
-37,41,18
-38,38,19
-39,42,14
-40,41,14
-42,37,16
-43,36,17
-44,35,15
-45,33,13
-45,34,15
-47,31,17
-49,32,18
-51,32,16
-48,30,16
-45,28,18
-45,30,18
-47,26,16
-48,28,17
-47,29,18
-46,29,19
-43,28,20
-39,26,24
-38,29,26
-36,26,24
-30,25,21
-29,26,20
-26,22,22
-21,23,24
-18,21,25
-14,18,23
-10,16,24
-6,15,21
-4,13,17
5,12,23
8,14,25
17,12,23
26,9,23
28,10,22
30,10,23
37,10,25
41,9,28
48,11,27
51,14,25
52,13,24
58,12,23
60,11,23
61,12,22
64,12,24
71,11,25
74,10,25
75,9,25
76,9,25
73,9,23
75,9,22
74,10,22
68,10,22
69,9,20
69,8,22
65,7,20
61,11,22
57,9,24
54,7,20
49,8,17
45,5,19
41,6,19
38,7,19
37,12,20
37,14,22
36,13,21
37,13,20
30,12,19
30,12,20
28,12,21
26,13,21
25,14,19
25,11,19
23,11,20
25,13,20
21,15,17
21,14,19
19,12,18
14,8,16
11,9,19
8,10,16
8,7,15
9,10,14
12,13,19
8,14,17
4,13,12
4,12,14
4,15,16
1,11,15
-1,10,12
-4,11,12
1,15,16
-1,16,13
-4,14,15
-4,15,14
-8,17,13
-13,14,16
-17,17,16
-17,19,14
-21,21,15
-27,22,13
-28,21,15
-30,21,16
-33,19,12
-37,21,11
-35,22,14
-37,19,12
-41,19,15
-44,15,16
-49,14,20
-49,16,21
-55,21,23
-56,24,20
-59,26,19
-58,23,16
-58,22,14
-59,22,13
-54,20,19
-52,21,23
-49,18,22
-46,18,20
-40,17,18
-39,15,21
-34,14,23
-31,14,25
-27,12,29
-22,11,28
-23,12,27
-18,10,27
-14,6,28
-8,3,29
-5,3,29
-1,4,30
1,-1,30
3,-2,29
5,-1,28
5,-1,31
10,2,34
19,1,31
24,1,28
24,1,31
23,3,30
21,3,28
20,3,26
23,8,24
25,8,23
26,9,23
23,10,20
25,6,21
31,5,21
37,10,20
46,9,18
54,8,16
58,7,16
64,9,14
70,5,14
75,7,15
81,7,14
84,9,12
86,12,16
87,12,20
88,10,20
86,12,19
83,10,19
86,8,18
84,6,19
81,8,21
75,9,23
70,6,21
67,3,22
61,4,22
59,6,21
60,8,23
58,7,21
50,7,23
46,3,23
41,2,19
37,5,22
33,4,22
29,6,26
27,6,21
23,5,20
21,6,19
19,9,21
17,7,22
15,6,22
12,2,19
10,2,19
9,3,17
10,6,22
10,4,25
7,2,24
4,1,25
4,5,25
2,5,27
0,5,28
0,3,25
-4,0,22
-5,2,21
-3,4,24
-3,5,24
-6,4,25
-7,5,24
-10,6,25
-6,7,23
-3,3,22
-3,2,23
2,2,25
5,4,24
9,5,25
12,8,27
19,9,26
23,14,24
30,16,22
37,11,26
44,11,25
47,14,26
50,16,27
55,18,27
57,21,28
56,22,28
58,23,26
57,21,23
55,23,24
57,22,28
58,22,31
57,22,26
55,23,27
55,17,30
53,14,28
53,15,29
56,15,30
56,10,30
56,10,32
56,9,32
55,10,34
57,7,33
59,8,31
58,8,29
56,6,28
58,5,29
59,5,32
59,9,34
62,12,35
61,13,33
61,16,30
57,17,33
55,17,32
55,19,27
54,20,25
47,19,23
41,17,26
41,16,30
37,17,29
34,21,30
27,21,32
22,24,32
17,27,33
13,28,32
11,26,31
9,31,32
7,29,31
7,31,34
11,33,30
13,33,33
15,32,31
21,35,32
24,36,34
24,38,38
31,38,37
43,38,36
47,39,35
56,37,34
62,43,34
68,40,36
75,41,34
79,40,33
82,39,35
87,37,38
90,36,41
94,36,41
94,34,40
99,33,41
98,32,41
97,31,41
96,33,43
93,38,39
93,38,38
93,32,38
91,32,40
91,31,40
93,34,39
94,32,41
96,31,43
94,29,40
90,27,38
88,27,40
85,28,36
85,26,37
80,27,36
76,23,34
71,23,34
66,23,32
60,23,31
51,22,26
48,22,28
46,22,26
38,23,27
29,23,29
23,22,29
17,24,27
11,25,28
8,26,25
7,26,24
8,30,24
6,35,23
6,38,21
9,42,20
14,41,18
22,40,16
26,42,15
32,43,13
34,45,14
46,47,14
48,47,11
51,44,9
55,44,7
60,42,9
64,43,12
70,42,13
71,35,13
79,32,14
87,28,16
101,22,18
111,15,19
118,12,19
125,11,18
137,8,19
144,9,21
153,8,26
157,3,27
165,2,30
170,1,32
178,2,34
176,9,35
176,10,33
176,10,36
173,10,39
169,12,42
165,14,45
156,15,45
150,19,44
139,22,47
130,26,49
123,24,48
111,21,46
100,23,46
89,26,45
78,25,40
67,27,39
57,28,43
43,29,38
38,29,38
29,30,40
17,32,38
12,34,38
5,31,38
1,33,36
-4,35,33
-9,32,32
-10,33,32
-11,33,35
-15,30,37
-13,32,35
-13,37,33
-11,39,32
-9,42,31
-10,42,32
-7,43,32
-8,38,30
-11,39,31
-9,38,32
-6,37,33
-4,35,32
-3,33,33
-5,29,29
0,31,31
9,30,32
14,29,33
17,27,30
20,25,28
23,21,27
22,21,25
22,19,25
22,18,26
22,17,24
21,16,25
19,17,23
16,15,23
13,15,24
11,12,25
4,12,27
4,16,30
1,17,28
-3,19,28
-6,21,29
-6,21,34
-10,19,34
-9,18,32
-11,17,32
-9,19,33
-7,21,32
-8,18,29
-8,19,33
-5,24,38
-7,27,35
-8,25,34
-8,26,31
-11,28,29
-10,30,32
-11,26,35
-13,28,35
-11,30,36
-11,32,36
-16,32,35
-12,27,36
-9,30,38
-11,32,36
-9,33,37
-8,32,36
-2,28,35
1,29,35
2,29,35
3,29,37
7,25,37
8,28,34
13,29,33
15,26,31
13,26,30
14,29,31
17,29,30
23,23,30
26,22,27
26,20,30
25,18,28
26,20,30
25,17,26
23,16,24
21,18,25
20,17,24
22,17,24
24,16,23
22,20,22
23,23,23
23,22,24
23,19,25
27,18,22
29,23,23
33,20,22
34,20,23
39,25,23
41,22,19
40,24,19
44,23,19
45,24,20
38,23,18
42,19,18
44,19,24
45,21,24
45,25,21
41,25,19
40,29,21
40,33,18
35,37,14
35,35,14
40,36,12
38,41,11
33,42,12
32,41,12
29,37,9
32,37,11
32,38,12
37,34,13
39,31,16
39,28,15
41,26,14
41,24,15
47,20,17
52,17,19
56,16,19
58,10,20
55,10,20
55,5,18
58,7,19
59,6,21
52,4,22
49,4,25
46,6,22
45,5,23
46,8,23
49,12,26
52,8,25
54,9,25
57,9,23
60,8,24
59,8,21
60,7,17
64,8,19
67,13,17
70,12,19
73,14,19
75,13,19
76,10,18
75,14,16
76,14,16
77,15,17
76,19,16
77,16,15
77,15,16
75,16,16
78,20,15
83,20,20
87,21,21
93,22,21
95,22,25
103,17,30
114,18,35
123,18,41
137,16,45
148,15,53
161,14,61
171,11,66
188,10,70
205,10,74
218,6,78
231,3,81
249,3,81
265,3,80
279,-2,84
292,-6,87
305,-3,86
319,-7,85
334,-7,84
343,-7,81
348,-9,82
352,-10,78
353,-10,75
360,-7,73
363,-8,65
358,-8,60
356,-7,54
352,-5,45
346,-5,38
341,-4,32
332,-4,23
324,-1,18
315,-1,11
306,1,4
292,5,-4
276,7,-6
261,14,-10
247,18,-15
228,16,-18
210,24,-22
191,24,-26
171,24,-24
155,26,-27
136,30,-27
116,35,-22
97,35,-20
79,35,-18
58,36,-15
42,35,-13
23,33,-12
10,37,-6
1,41,-2
-7,38,5
-18,36,9
-25,33,12
-34,32,17
-38,32,20
-39,33,25
-42,34,27
-43,32,31
-42,33,32
-44,32,36
-41,30,38
-41,28,39
-39,27,39
-35,25,39
-31,24,44
-23,24,47
-21,25,50
-16,25,54
-8,23,50
-2,18,56
7,17,58
12,20,55
14,21,58
18,23,57
20,20,55
30,20,58
40,21,62
45,22,61
48,24,60
52,23,57
55,22,57
57,20,59
57,21,58
54,23,56
52,27,53
53,28,54
52,25,54
52,23,55
50,20,57
44,23,53
45,21,50
42,21,50
39,21,49
37,23,47
31,25,47
29,25,48
28,26,47
21,24,44
15,29,40
17,29,41
15,27,39
15,21,36
13,21,38
8,23,40
4,25,38
2,25,36
-1,25,33
-3,22,32
-3,19,32
-2,15,33
-1,17,32
-1,21,30
-1,26,24
-3,26,20
-2,24,19
2,26,19
2,23,16
4,25,17
3,25,16
6,23,15
6,23,14
9,17,14
16,20,12
18,19,11
17,17,12
18,21,11
20,21,9
20,20,6
23,20,6
28,20,6
32,24,8
31,21,8
32,21,10
28,20,8
27,22,7
28,19,9
23,19,8
19,20,8
21,16,9
23,17,8
22,18,6
21,17,3
23,14,4
18,11,2
16,13,5
19,11,5
16,10,4
15,8,4
16,10,1
14,9,3
12,8,7
10,7,4
11,6,6
10,4,9
8,5,5
5,4,8
8,4,8
9,7,12
7,8,14
8,7,16
5,7,15
5,9,15
7,10,16
7,8,18
7,8,19
4,8,19
7,5,20
10,6,23
13,9,24
13,8,25
15,8,23
19,6,24
18,5,22
16,2,23
15,5,23
20,3,22
22,1,25
21,2,25
21,2,28
23,1,26
19,2,26
15,-1,24
14,1,25
13,0,26
14,-1,27
12,5,25
7,5,27
3,5,26
2,2,28
-2,0,25
-2,3,25
1,6,23
2,8,21
2,9,23
4,5,24
4,2,18
6,3,19
8,8,19
13,5,17
15,5,17
22,2,15
24,3,15
24,6,16
25,8,16
25,6,14
27,7,17
28,4,15
23,3,16
22,3,14
24,4,13
25,9,15
23,11,13
22,13,17
19,17,18
17,19,18
12,22,17
12,23,17
12,24,16
7,23,14
8,25,14
12,25,13
14,26,13
9,22,12
10,23,9
12,21,12
17,18,9
17,18,8
12,18,10
12,16,10
10,11,7
4,9,9
0,7,9
-3,12,10
-7,14,12
-14,13,16
-25,12,16
-32,15,21
-38,17,27
-43,22,25
-49,22,31
-53,22,32
-56,22,32
-59,27,32
-60,29,32
-61,30,32
-58,27,34
-57,29,33
-53,27,32
