995.2469872528128,28.32769372940064
995.3115590688389,28.33165533304215
995.2905223203942,28.33293110370636
995.3017132589381,28.33709414482117
995.3718074873032,28.34179435253143
995.249945897368,28.34179435253143
995.3220860021241,28.34521878957748
995.3149275178756,28.346695997715
995.250126352266,28.3489789557457
995.2985207939971,28.34978470563889
995.2907196451544,28.35394774675369
995.3199804845831,28.35468635082245
995.2957770908414,28.35596212148666
995.2084274457337,28.35656643390655
995.2805072423656,28.35958799600601
995.3216819833097,28.36146807909012
995.2708816090517,28.3647582244873
995.2473637162333,28.36448964118958
995.333088695216,28.36274384975433
995.2609464484756,28.36791407823563
995.2776267188351,28.36831695318222
995.3389942002951,28.37113707780838
995.2854846662481,28.37053276538849
995.2853115098534,28.37456151485443
995.2970397992659,28.37449436903
995.2259590714705,28.37456151485443
995.2715367085559,28.37590443134308
995.3077850516315,28.37919457674026
995.2594983916092,28.38255186796188
995.3556015893101,28.38308903455734
995.1511410378874,28.38295474290848
995.2829612623268,28.38503626346588
995.3255166360899,28.38644632577896
995.269655650667,28.38772209644318
995.3192287417315,28.38758780479431
995.3008659762837,28.38825926303863
995.2325275409786,28.39074365854263
995.2774199872033,28.39363092899323
995.2451148164436,28.39369807481766
995.2891544116725,28.39618247032166
995.2796762973006,28.3954438662529
995.2775060100926,28.39591388702393
995.2703458912342,28.39739109516144
995.3059404391368,28.39812969923019
995.2843310684868,28.39913688659668
995.2956951676169,28.39927117824555
995.3450771378609,28.40390424013138
995.1947457874657,28.40242703199387
995.2485054628041,28.40464284420013
995.2547134481391,28.40383709430695
995.2962749206766,28.404777135849
995.2713143999094,28.4045756983757
995.2666328059038,28.40759726047516
995.299995988732,28.40840301036835
995.2449422862134,28.40894017696381
995.2520462519358,28.40967878103256
995.2935517613566,28.41283463478088
995.2475870502469,28.41243175983429
995.2770498795065,28.41102169752121
995.2599517100758,28.41565475940704
995.2699560294117,28.41552046775818
995.2658566641485,28.41545332193375
995.2727380088786,28.41646050930023
995.3368310807168,28.41981780052185
995.1990726415004,28.41605763435364
995.285913156677,28.41894490480423
995.2356257334651,28.41874346733093
995.254217581558,28.42042211294174
995.2914960430586,28.42008638381958
995.2858565084657,28.4211607170105
995.2168630265022,28.42371225833893
995.2906906991801,28.4234436750412
995.1557026184194,28.42659952878952
995.2290807236656,28.42424942493439
995.2689614040713,28.42626379966736
995.2184694552809,28.42559234142303
995.2704021368315,28.42619665384293
995.2620420869644,28.42673382043839
995.2641367875685,28.42921821594239
995.2251895539073,28.42727098703384
995.2770655503368,28.43009111166001
995.256653281594,28.43203834056854
995.2160848259696,28.43156831979752
995.2839706716798,28.43297838211059
995.2294546914528,28.42928536176682
995.2292934801625,28.42995682001114
995.2769706551986,28.43378413200378
995.224145976975,28.43425415277481
995.2853354979935,28.43586565256119
995.1775914471131,28.43432129859924
995.2843402560358,28.43539563179016
995.2639467201803,28.43660425662995
995.2615722998912,28.43660425662995
995.2526198367257,28.43499275684357
995.2656292932792,28.43552992343903
995.2712881993971,28.43371698617935
995.2773545801622,28.43284409046173
995.2158004888225,28.43143402814865
995.3093543990818,28.43076256990433
995.2025597559582,28.4259280705452
995.2022710049912,28.42317509174347
995.2370142319504,28.42351082086563
995.25531711577,28.42243648767471
995.2385118845617,28.42122786283493
995.2437866156167,28.42035496711731
995.2699329312425,28.42485373735428
995.153404778727,28.4236451125145
995.2499617956034,28.4236451125145
995.2375875308094,28.42639809131622
995.1901044530853,28.42901677846909
995.2352176886282,28.42901677846909
995.2635917034769,28.43082971572876
995.2424875058076,28.43170261144638
995.2263548060358,28.43230692386627
995.173491938287,28.43425415277481
995.241742975142,28.43546277761459
995.2680652855785,28.43593279838562
995.2394110438606,28.43660425662995
995.2738944548776,28.43868577718735
995.2259219855868,28.44070015192032
995.2686238181492,28.44217736005783
995.2555717310047,28.44049871444702
995.2756093671101,28.44472890138626
995.2541967692549,28.44358742237091
995.2486605551624,28.44620610952377
995.265243643804,28.44768331766129
995.2715755849334,28.44768331766129
995.259503656177,28.44983198404312
995.2592001847963,28.45043629646301
995.2408152383994,28.45184635877609
995.2196099457983,28.45379358768463
995.1995343245086,28.45104060888291
995.2385676294955,28.45527079582215
995.2690521998899,28.4562108373642
995.2313864133344,28.45748660802841
995.2569798637327,28.45835950374603
995.2436701340525,28.46104533672333
995.265751893933,28.46138106584549
995.2231099873603,28.46030673265457
995.2206161836791,28.46211966991424
995.2109793333351,28.46467121124267
995.2596079752548,28.46520837783814
995.2561575550682,28.46507408618927
995.2789733871916,28.4676256275177
995.2914764505415,28.46829708576203
995.2499290221135,28.46661844015122
995.2658824574468,28.4674241900444
995.3086096652536,28.47078148126602
995.1705147578491,28.46836423158646
995.2530794973998,28.46997573137283
995.2461014042591,28.47266156435013
995.224649182185,28.47299729347229
995.2615249167313,28.47172152280808
995.2604104885035,28.47306443929672
995.347687233229,28.47615314722061
995.2819699681027,28.47689175128937
995.2152154085212,28.47601885557175
995.2353917119858,28.47769750118256
995.2560332889052,28.47810037612915
995.2458819647546,28.47554883480072
995.2012745053763,28.47803323030472
995.2550415637641,28.48024904251099
995.2073451002781,28.47977902173996
995.2740615148124,28.48212912559509
995.350012118463,28.48360633373261
995.1786487880734,28.4819276881218
995.2156512899927,28.48407635450363
995.2758095268532,28.48407635450363
995.2763360964871,28.48320345878601
995.2701298026403,28.48662789583206
995.250098459534,28.48763508319855
995.2629443705964,28.48622502088547
995.2995824580989,28.4885751247406
995.2214825070666,28.48944802045822
995.2710667886724,28.48931372880936
995.2787013671244,28.49179812431336
995.2941256259353,28.4908580827713
995.2352877549289,28.49260387420654
995.2302734977819,28.49173097848892
995.2782361032173,28.49307389497757
995.2465732492072,28.49307389497757
995.3331388595735,28.49320818662643
995.2974179996695,28.49428251981735
995.243245353149,28.49374535322189
995.2350677033334,28.49549114465713
995.2160698903288,28.49549114465713
995.2457427655126,28.49455110311508
995.3310132501484,28.49743837356568
995.2303405773305,28.49737122774124
995.3055243638193,28.50072851896286
995.1782189259093,28.49817697763443
995.2092327004788,28.49824412345886
995.2494221730434,28.49965418577194
995.260849979225,28.5001913523674
995.2631857762742,28.50166856050491
995.2433766032129,28.50240716457367
995.2812501037621,28.50160141468048
995.2375121252449,28.50375008106232
995.2123429718236,28.503078622818
995.2683646392726,28.50448868513107
