3857,-555,979
3854,-552,960
3845,-551,942
3835,-552,925
3828,-552,913
3826,-554,907
3818,-554,903
3816,-553,906
3814,-553,912
3812,-548,926
3809,-545,937
3810,-543,951
3810,-545,962
3810,-544,968
3811,-537,980
3810,-537,992
3812,-538,1000
3813,-539,1007
3815,-544,1009
3817,-547,1014
3821,-547,1012
3825,-551,1010
3825,-554,1003
3829,-558,994
3831,-557,981
3826,-554,959
3831,-555,939
3829,-558,921
3828,-565,908
3825,-564,897
3823,-556,895
3820,-549,899
3823,-548,902
3831,-544,911
3837,-545,925
3841,-550,943
3848,-561,956
3854,-567,969
3862,-569,972
3871,-576,980
3870,-575,986
3866,-581,993
3866,-587,998
3862,-582,1003
3868,-567,1002
3868,-554,993
3860,-547,970
3853,-546,947
3842,-540,921
3826,-546,885
3808,-547,852
3798,-543,831
3797,-539,824
3794,-542,820
3796,-542,837
3800,-541,869
3805,-544,911
3812,-547,952
3818,-541,985
3823,-542,1004
3821,-537,1008
3825,-529,996
3834,-529,966
3839,-524,942
3843,-522,921
3848,-521,908
3850,-521,894
3853,-533,886
3861,-551,877
3853,-534,881
3850,-522,883
3846,-521,884
3833,-520,883
3821,-516,883
3812,-520,881
3807,-525,884
3804,-531,892
3799,-536,905
3800,-546,915
3801,-549,921
3800,-553,923
3804,-558,918
3802,-562,909
3799,-561,894
3796,-561,886
3797,-559,880
3795,-558,882
3801,-551,886
3812,-544,894
3824,-534,906
3837,-529,915
3848,-531,917
3860,-524,924
3868,-523,925
3876,-520,927
3876,-516,927
3880,-519,931
3876,-518,928
3878,-518,928
3874,-515,924
3874,-514,924
3871,-514,923
3868,-512,921
3868,-521,924
3866,-518,928
3861,-522,930
3856,-526,933
3852,-528,939
3846,-532,937
3844,-531,935
3840,-531,939
3834,-532,944
3833,-529,949
3828,-530,943
3824,-531,947
3818,-531,950
3820,-533,952
3819,-530,954
3818,-527,952
3815,-527,955
3815,-528,956
3818,-522,961
3824,-518,963
3833,-519,959
3836,-524,958
3842,-524,959
3838,-518,962
3841,-521,959
3844,-521,957
3844,-526,953
3843,-531,949
3846,-532,952
3849,-538,954
3853,-541,957
3854,-543,957
3854,-544,950
3857,-544,951
3857,-543,952
3857,-544,947
3855,-542,948
3849,-545,946
3848,-544,943
3848,-543,944
3847,-542,946
3846,-545,941
3848,-548,938
3848,-546,938
3840,-547,944
3839,-545,947
3848,-540,945
3849,-539,941
3851,-542,940
3852,-545,942
3852,-551,943
3850,-549,931
3837,-541,925
3824,-536,919
3812,-527,921
3816,-521,921
3814,-515,928
3817,-511,946
3823,-514,976
3833,-517,1009
3838,-521,1045
3846,-523,1070
3852,-530,1078
3852,-531,1058
3850,-532,1022
3844,-540,984
3838,-545,948
3828,-540,916
3824,-552,890
3817,-556,876
3817,-559,874
3815,-563,877
3815,-563,884
3818,-560,903
3817,-556,920
3819,-551,939
3828,-544,954
3829,-544,970
3835,-546,989
3838,-548,1006
3842,-552,1021
3843,-560,1022
3845,-567,1025
3848,-574,1015
3845,-578,1004
3842,-580,986
3838,-583,973
3833,-587,956
3835,-583,948
3831,-596,930
3819,-587,927
3815,-571,922
3817,-561,928
3818,-560,924
3820,-561,919
3825,-560,917
3824,-556,920
3825,-555,927
3824,-556,933
3829,-554,946
3833,-555,955
3837,-555,965
3835,-552,972
3839,-555,974
3842,-556,980
3841,-556,988
3834,-557,994
3830,-553,1003
3825,-551,996
3828,-552,1001
3830,-545,1003
3826,-540,1003
3824,-542,1009
3816,-545,1017
3814,-543,1013
3812,-544,1014
3816,-537,1011
3819,-535,1006
3817,-534,1005
3814,-536,1007
3812,-540,1011
3815,-539,1015
3814,-533,1015
3818,-530,1019
3827,-533,1021
3832,-543,1022
3833,-549,1021
3835,-555,1022
3837,-559,1021
3832,-563,1020
3833,-567,1018
3834,-570,1013
3836,-574,1011
3836,-579,1006
3833,-582,1005
3836,-587,995
3839,-590,990
3841,-596,996
3834,-598,994
3840,-601,997
3840,-603,1004
3838,-603,1012
3831,-609,1018
3828,-605,1021
3827,-605,1029
3828,-604,1032
3826,-605,1035
3824,-604,1041
3822,-607,1043
3818,-609,1041
3814,-610,1042
3815,-615,1033
3820,-613,1021
3827,-611,1010
3834,-611,1001
3837,-603,996
3841,-600,995
3833,-606,988
3829,-609,983
3820,-603,984
3813,-600,983
3797,-589,983
3790,-581,989
3787,-577,1003
3798,-575,1027
3815,-581,1054
3830,-582,1089
3840,-582,1118
3845,-584,1132
3855,-583,1120
3855,-579,1097
3846,-579,1062
3836,-576,1026
3826,-571,987
3816,-570,954
3810,-570,925
3807,-577,908
3809,-583,909
3813,-589,921
3812,-588,938
3816,-590,958
3819,-591,986
3819,-582,1014
3813,-584,1041
3811,-583,1061
3810,-582,1078
3813,-586,1086
3818,-592,1090
3818,-597,1081
3817,-602,1066
3818,-605,1050
3815,-608,1025
3812,-604,1002
3804,-599,980
3799,-599,963
3790,-595,952
3787,-590,945
3785,-585,947
3787,-584,949
3794,-585,952
3805,-583,954
3813,-583,961
3818,-580,971
3832,-579,981
3839,-578,997
3842,-574,1008
3846,-571,1019
3856,-566,1032
3862,-563,1034
3861,-561,1036
3866,-561,1037
3868,-563,1036
3873,-562,1027
3868,-550,1020
3861,-541,1011
3856,-533,1002
3843,-530,985
3837,-532,982
3831,-533,970
3824,-541,968
3820,-542,971
3824,-534,975
3820,-529,982
3820,-533,990
3818,-537,995
3823,-546,998
3822,-548,1006
3821,-549,1011
3819,-547,1019
3815,-554,1028
3814,-556,1028
3814,-565,1027
3810,-568,1023
3809,-571,1023
3810,-574,1021
3811,-582,1021
3813,-579,1014
3818,-586,1010
3818,-589,1008
3824,-587,1004
3827,-587,999
3827,-590,993
3829,-592,989
3825,-592,981
3826,-597,982
3834,-593,981
3834,-595,984
3833,-595,986
3832,-593,989
3836,-593,996
3841,-595,1001
3846,-593,1005
3847,-593,1006
3853,-594,1006
3858,-597,1009
3858,-607,1013
3856,-613,1022
3852,-612,1030
3851,-615,1033
3849,-615,1031
3854,-611,1028
3861,-602,1021
3859,-593,1021
3862,-591,1018
3860,-591,1018
3860,-590,1024
3854,-586,1025
3852,-583,1026
3845,-583,1033
3844,-574,1041
3841,-570,1037
3842,-568,1037
3843,-565,1047
3843,-563,1069
3848,-562,1094
3851,-566,1110
3861,-569,1110
3871,-568,1092
3879,-570,1060
3878,-567,1011
3860,-563,964
3836,-563,924
3815,-566,886
3807,-570,861
3808,-577,836
3807,-586,828
3804,-596,828
3801,-600,838
3793,-595,858
3794,-593,879
3807,-591,907
3822,-587,927
3836,-580,949
3849,-576,974
3856,-577,997
3860,-579,1012
3863,-583,1021
3860,-588,1026
3857,-599,1018
3851,-608,1006
3845,-618,986
3841,-624,966
3832,-623,951
3821,-623,938
3813,-614,930
3807,-605,929
3809,-599,928
3820,-595,925
3832,-606,923
3832,-586,927
3834,-567,933
3834,-561,942
3832,-562,946
3833,-565,950
3831,-570,956
3835,-576,960
3839,-575,967
3847,-573,970
3851,-577,972
3858,-584,968
3867,-589,967
3869,-595,961
3866,-592,961
3861,-588,965
3861,-589,966
3859,-591,960
3858,-597,951
3853,-588,943
3850,-582,933
3844,-583,925
3840,-581,921
3837,-581,918
3835,-580,916
3828,-578,916
3827,-583,917
3827,-589,917
3826,-591,916
3829,-594,913
3835,-602,911
3839,-604,910
3835,-605,912
3833,-607,917
3828,-614,919
3826,-616,916
3824,-621,913
3828,-627,909
3829,-621,910
3831,-614,908
3839,-616,905
3843,-612,898
3844,-607,894
3844,-603,892
3840,-603,896
3844,-601,900
3844,-606,902
3846,-608,905
3852,-609,907
3856,-611,910
3863,-611,915
3860,-609,915
3857,-604,913
3857,-600,907
3851,-598,909
3849,-603,906
3846,-610,903
3847,-610,905
3847,-611,912
3843,-613,924
3839,-620,930
3842,-622,931
3846,-618,936
3845,-603,937
3837,-588,927
3829,-581,915
3817,-581,897
3806,-580,878
3798,-574,869
3799,-570,856
3810,-568,854
3817,-569,864
3822,-573,880
3828,-575,909
3831,-581,944
3832,-582,982
3839,-584,1013
3842,-582,1034
3845,-580,1035
3844,-583,1021
3844,-593,993
3844,-597,959
3848,-581,931
3851,-567,916
3856,-572,902
3854,-577,890
3859,-576,879
3857,-576,875
3851,-570,876
3848,-561,882
3842,-560,877
3832,-557,879
3823,-559,888
3812,-562,897
3813,-573,904
3813,-578,920
3811,-587,926
3814,-592,931
3812,-597,931
3814,-593,927
3815,-592,918
3813,-593,907
3806,-588,893
3803,-583,889
3802,-579,885
3795,-570,889
3793,-560,888
3801,-556,892
3804,-555,899
3814,-551,903
3822,-550,912
3834,-548,918
3840,-550,924
3841,-554,930
3842,-558,930
3848,-560,935
3850,-561,936
3853,-564,939
3859,-567,942
3859,-570,940
3861,-574,942
3863,-576,940
3865,-576,941
3864,-574,937
3862,-576,935
3864,-574,932
3861,-575,927
3859,-571,925
3856,-571,923
3851,-572,922
3847,-575,919
3847,-573,920
3838,-573,920
3831,-576,921
3827,-578,923
3822,-579,921
3816,-577,924
3810,-577,923
3804,-581,927
3803,-581,923
3801,-584,914
3802,-581,917
3802,-580,919
3802,-580,922
3803,-579,923
3803,-578,927
3809,-572,932
3815,-567,935
3817,-563,937
3819,-563,939
3821,-563,938
3826,-565,941
3829,-564,945
3840,-563,943
3845,-564,942
3847,-567,939
3848,-568,936
3847,-567,939
3851,-565,936
3853,-567,935
3858,-567,934
3859,-572,931
3856,-572,931
3853,-573,932
3846,-573,935
3849,-576,941
3853,-582,939
3853,-586,942
3856,-585,953
3854,-587,966
3853,-583,972
3856,-577,974
3864,-572,977
3863,-572,973
3866,-570,967
3859,-569,954
3847,-568,935
3833,-569,921
3818,-570,905
3814,-565,898
3816,-561,892
3821,-557,899
3827,-558,916
3832,-562,950
3839,-567,980
3841,-572,1015
3846,-572,1037
3846,-570,1038
3845,-568,1022
3840,-570,993
3833,-567,961
3826,-567,925
3822,-569,897
3818,-569,880
3817,-570,866
3820,-576,859
3828,-579,859
3824,-572,870
3824,-566,877
3821,-568,887
3820,-567,906
3821,-561,917
3825,-563,934
3828,-562,950
3827,-568,962
3829,-578,977
3834,-589,983
3837,-596,986
3840,-598,983
3844,-604,977
3842,-607,962
3838,-605,947
3834,-606,934
3828,-601,922
3825,-595,918
3821,-593,915
3818,-588,918
3820,-580,923
3827,-575,932
3837,-569,934
3846,-567,942
3854,-570,950
3867,-570,962
3875,-567,972
3878,-568,979
3877,-568,990
3878,-568,997
3876,-572,997
3868,-580,996
3865,-582,997
3857,-580,992
3853,-582,986
3850,-589,980
3840,-593,973
3840,-593,966
3839,-590,961
3831,-593,961
3830,-594,956
3826,-588,943
3824,-587,936
3820,-591,937
3814,-587,931
3811,-590,928
3807,-592,926
3807,-594,928
3809,-593,934
3808,-593,936
3806,-595,941
3807,-594,948
3805,-593,951
3805,-595,957
3810,-596,963
3811,-596,970
3815,-594,979
3816,-592,988
3819,-595,984
3821,-591,983
3826,-592,976
3823,-592,967
3827,-593,960
3834,-593,956
3833,-598,951
3830,-598,943
3831,-597,941
3835,-601,936
3839,-605,932
3840,-608,927
3845,-613,923
3842,-612,923
3841,-610,930
3843,-604,936
3847,-610,940
3842,-608,943
3839,-604,951
3838,-605,956
3837,-610,967
3840,-616,976
3847,-617,985
3844,-621,993
3841,-627,997
3840,-627,994
3850,-620,983
3853,-619,972
3851,-622,965
3851,-623,964
3843,-622,961
3831,-620,956
3822,-619,956
3815,-613,954
3806,-603,956
3804,-598,958
3808,-595,970
3807,-598,989
3808,-599,1023
3811,-598,1058
3819,-593,1099
3827,-583,1127
3835,-575,1135
3842,-578,1119
3843,-577,1091
3836,-576,1054
3824,-580,1019
3806,-575,981
3797,-573,953
3792,-574,925
3792,-575,908
3793,-573,902
3798,-575,913
3803,-576,930
3805,-574,960
3809,-569,985
3813,-567,1009
3818,-567,1035
3820,-566,1052
3826,-566,1060
3831,-568,1059
3838,-579,1052
3841,-586,1039
3840,-590,1019
3840,-598,995
3834,-602,971
3827,-603,956
3820,-605,939
3811,-606,931
3803,-607,925
3799,-604,930
3799,-600,938
3798,-598,945
3802,-599,946
3801,-595,942
3804,-592,939
3809,-590,939
3813,-588,941
3818,-589,939
3824,-584,948
3832,-581,951
3844,-589,949
3851,-590,950
3862,-589,954
3870,-587,957
3873,-587,961
3876,-586,958
3874,-591,950
3876,-587,944
3874,-582,933
3869,-582,925
3872,-586,913
3873,-587,905
3866,-582,900
3853,-578,896
3842,-575,896
3834,-583,897
3830,-576,912
3827,-562,924
3836,-562,929
3844,-567,929
3850,-569,938
3856,-574,947
3855,-574,950
3862,-571,951
3860,-576,952
3858,-571,946
3854,-574,952
3854,-576,950
3855,-573,950
3858,-570,954
3867,-570,953
3872,-569,950
3875,-571,943
3881,-575,934
3886,-575,929
3888,-574,923
3887,-574,913
3886,-573,907
3890,-578,897
3888,-582,890
3886,-584,883
3883,-591,868
3882,-592,857
3879,-592,853
3878,-598,850
3876,-590,845
3873,-591,843
3877,-599,839
3880,-599,839
3881,-599,845
3882,-600,853
3883,-600,858
3883,-600,867
3876,-606,871
3878,-603,871
3882,-595,870
3882,-594,868
3881,-594,866
3872,-596,859
3867,-597,859
3858,-604,853
3847,-614,852
3834,-617,848
3824,-622,849
3815,-627,855
3808,-625,860
3801,-623,873
3806,-624,891
3818,-631,908
3839,-633,927
3864,-634,948
3891,-640,969
3916,-633,974
3929,-632,963
3934,-630,942
3938,-631,910
3935,-623,874
3933,-618,834
3924,-623,791
3918,-627,747
3914,-641,699
3903,-655,656
3894,-667,620
3886,-680,595
3876,-691,580
3881,-694,574
3889,-688,582
3896,-681,597
3902,-684,617
3912,-692,640
3927,-702,660
3941,-700,686
3951,-706,705
3958,-719,710
3961,-727,703
3960,-727,691
3953,-729,668
3939,-723,644
3928,-715,617
3914,-710,594
3901,-696,573
3889,-691,555
3882,-679,544
3876,-673,541
3873,-665,547
3871,-662,551
3869,-671,554
3870,-679,565
3877,-686,588
3882,-693,611
3895,-698,634
3913,-702,654
3933,-702,667
3950,-702,678
3962,-697,689
3969,-696,696
3971,-689,706
3969,-685,707
3967,-677,711
3955,-677,708
3950,-674,704
3944,-674,700
3937,-672,687
3931,-668,669
3919,-668,657
3912,-668,641
3907,-667,625
3897,-662,618
3885,-665,613
3868,-671,613
3857,-682,611
3853,-692,618
3847,-699,626
3846,-708,633
3843,-716,632
3836,-722,637
3837,-721,640
3831,-719,639
3828,-720,636
3830,-724,636
3827,-726,637
3825,-727,638
3835,-732,634
3845,-737,627
3849,-737,615
3857,-738,605
3870,-732,594
3877,-734,576
3881,-726,570
3879,-715,565
3882,-708,563
3881,-698,560
3883,-683,566
3883,-678,572
3880,-669,578
3882,-662,581
3881,-653,585
3882,-646,589
3881,-650,587
3880,-653,584
3882,-661,578
3888,-671,568
3891,-683,563
3897,-696,562
3899,-701,570
3892,-709,574
3893,-717,582
3895,-714,589
3896,-708,590
3892,-705,594
3885,-704,587
3880,-702,578
3863,-695,557
3838,-691,538
3816,-690,516
3803,-689,501
3810,-694,489
3808,-685,489
3818,-682,499
3830,-674,523
3840,-667,556
3847,-661,587
3860,-656,612
3870,-651,622
3886,-650,615
3904,-648,596
3924,-649,573
3942,-652,560
3962,-656,548
3988,-662,541
4016,-669,532
4042,-680,532
4056,-689,534
4066,-699,537
4066,-709,544
4054,-721,548
4037,-724,550
4016,-724,553
3994,-721,555
3975,-723,562
3957,-725,575
3938,-715,585
3919,-708,593
3900,-702,599
3879,-698,604
3860,-691,605
3840,-678,602
3818,-673,600
3799,-665,591
3789,-661,574
3778,-646,569
3779,-640,566
3783,-623,571
3792,-604,578
3803,-584,579
3820,-570,584
3831,-557,588
3840,-549,592
3849,-546,597
3859,-550,604
3866,-559,602
3867,-567,600
3871,-575,603
3867,-580,594
3862,-590,592
3859,-594,586
3848,-605,580
3840,-613,580
3829,-619,571
3823,-626,561
3817,-637,553
3817,-645,543
3818,-654,539
3818,-665,528
3817,-673,521
3820,-682,515
3825,-697,513
3827,-715,516
3829,-735,522
3828,-753,531
3828,-776,544
3823,-798,560
3810,-812,570
3803,-831,584
3783,-852,597
3766,-875,609
3754,-890,625
3742,-906,638
3731,-914,651
3716,-919,663
3708,-923,669
3706,-924,678
3713,-924,679
3725,-928,671
3741,-938,664
3757,-937,649
3772,-938,634
3793,-936,619
3812,-937,598
3832,-933,581
3853,-934,566
3878,-945,561
3898,-936,568
3922,-916,593
3931,-876,635
3938,-825,682
3947,-791,737
3957,-761,794
3967,-736,858
3970,-709,911
3973,-687,958
3984,-681,994
3988,-672,1016
3990,-654,1027
3987,-625,1030
3968,-586,1031
3948,-552,1014
3931,-506,990
3924,-466,957
3920,-443,920
3921,-441,875
3924,-458,821
3920,-474,772
3912,-485,729
3904,-504,695
3890,-524,674
3875,-529,659
3863,-528,654
3853,-523,663
3849,-519,685
3852,-520,722
3847,-518,770
3836,-513,811
3825,-510,848
3815,-512,858
3801,-514,852
3789,-523,827
3778,-539,792
3771,-549,754
3764,-563,726
3760,-581,695
3763,-595,678
3763,-614,665
3767,-621,664
3773,-632,669
3778,-645,681
3779,-651,695
3781,-653,715
3780,-655,736
3782,-659,753
3783,-658,775
3783,-661,801
3779,-661,824
3770,-652,849
3755,-653,866
3743,-649,879
3733,-646,877
3717,-644,871
3703,-646,853
3693,-637,835
3684,-622,828
3668,-609,823
3668,-605,822
3673,-611,829
3684,-610,843
3694,-610,854
3698,-606,871
3706,-608,887
3710,-606,905
3710,-597,922
3707,-601,940
3708,-608,964
3699,-609,991
3695,-606,1009
3690,-614,1024
3708,-632,1036
3728,-658,1049
3736,-662,1069
3735,-647,1084
3739,-628,1088
3744,-617,1085
3736,-604,1076
3719,-590,1065
3689,-574,1045
3647,-554,1031
3622,-531,1013
3591,-507,996
3573,-471,978
3563,-437,971
3560,-419,963
3568,-398,969
3582,-380,982
3607,-372,999
3634,-363,1011
3640,-350,1020
3636,-330,1035
3628,-313,1049
3629,-306,1056
3626,-299,1065
3628,-292,1077
3648,-280,1094
3667,-273,1105
3675,-262,1124
3691,-245,1159
3710,-236,1190
3717,-232,1228
3712,-221,1282
3695,-231,1317
3671,-258,1339
3660,-274,1373
3646,-283,1403
3636,-282,1439
3630,-282,1471
3624,-276,1497
3605,-276,1528
3592,-291,1553
3589,-309,1572
3593,-321,1597
3599,-341,1619
3611,-352,1640
3631,-366,1663
3653,-388,1682
3667,-389,1727
3687,-396,1773
3730,-457,1783
3784,-501,1791
3834,-513,1813
3863,-508,1841
3894,-496,1868
3916,-491,1892
3929,-500,1913
3939,-529,1936
3952,-558,1956
3972,-596,1969
3991,-642,1962
4018,-680,1958
4029,-726,1941
4039,-766,1912
4051,-782,1896
4046,-775,1902
4037,-772,1905
4029,-789,1906
4023,-802,1925
4028,-816,1937
4053,-817,1923
4097,-792,1869
4182,-699,1793
4298,-588,1685
4472,-494,1546
4701,-443,1371
4981,-425,1186
5284,-426,1016
5573,-439,864
5835,-479,717
6063,-534,590
6231,-588,501
6333,-628,409
6388,-626,309
6385,-617,208
6374,-607,116
6283,-604,8
6096,-590,-123
5895,-582,-208
5618,-553,-251
5282,-484,-263
4942,-443,-273
4627,-424,-318
4264,-450,-366
3979,-444,-418
3663,-446,-393
3412,-433,-331
3340,-375,-300
3242,-290,-311
3218,-192,-311
3165,-86,-285
3060,10,-199
2888,70,-151
2852,109,-59
2974,212,196
3224,366,438
3293,510,533
3163,662,553
2997,751,606
2890,812,700
2829,824,738
2902,784,758
3077,687,727
3196,571,597
3324,479,475
3524,379,364
3724,237,238
4000,64,135
4387,-114,101
4709,-298,80
4907,-441,96
5007,-552,165
4995,-622,268
4904,-654,377
4806,-693,475
4733,-754,546
4696,-826,595
4619,-915,592
4507,-1010,571
4456,-1073,612
4339,-1137,556
4232,-1192,497
4160,-1223,456
4007,-1209,368
3901,-1130,322
3817,-1043,290
3730,-943,294
3644,-850,274
3604,-798,230
3543,-777,170
3515,-755,130
3478,-728,115
3444,-689,142
3467,-645,183
3463,-567,204
3438,-505,229
3400,-412,272
3333,-284,318
3270,-179,353
3205,-87,373
3145,-7,354
3100,45,330
3074,43,306
3071,38,282
3059,36,297
3035,32,331
3021,-2,377
3044,-62,424
3085,-74,480
3158,-131,533
3242,-214,591
3306,-283,673
3384,-329,766
3483,-343,880
3554,-394,978
3605,-442,1064
3632,-494,1120
3652,-510,1161
3649,-544,1176
3652,-600,1179
3644,-613,1193
3622,-605,1183
3583,-495,1158
3504,-448,1106
3404,-438,1021
3322,-426,942
3271,-432,851
3220,-449,736
3192,-442,669
3166,-334,627
3140,-278,628
3113,-245,642
3092,-224,643
3067,-212,643
3043,-217,670
3030,-246,715
3023,-308,770
3052,-369,839
3103,-440,916
3176,-535,995
3253,-632,1056
3344,-744,1096
3425,-858,1103
3512,-955,1107
3599,-1001,1126
3679,-1015,1133
3757,-997,1139
3832,-961,1136
3905,-912,1134
3968,-881,1132
4030,-847,1135
4092,-798,1157
4186,-742,1200
4295,-641,1277
4400,-594,1334
4498,-553,1385
4624,-437,1470
4731,-379,1541
4788,-338,1607
4804,-302,1653
4849,-206,1752
4893,-132,1826
4936,-68,1879
4966,-70,1875
5004,-87,1843
5079,-175,1762
5160,-343,1637
5224,-592,1500
5320,-856,1363
5482,-1074,1234
5706,-1255,1116
5960,-1402,969
6227,-1516,805
6456,-1592,631
6579,-1596,465
6585,-1547,309
6465,-1444,183
6257,-1311,84
5993,-1203,-28
5696,-1105,-149
5434,-994,-272
5209,-905,-399
5028,-876,-515
4857,-872,-577
4667,-886,-611
4454,-893,-625
4253,-941,-629
4034,-1021,-625
3811,-1113,-642
3591,-1203,-669
3409,-1247,-674
3322,-1326,-716
3302,-1390,-777
3300,-1449,-823
3304,-1552,-861
3345,-1672,-907
3420,-1791,-927
3461,-1891,-916
3442,-1945,-880
3419,-1955,-809
3439,-1928,-719
3495,-1890,-624
3581,-1845,-519
3718,-1794,-389
3866,-1736,-281
4011,-1680,-223
4171,-1623,-142
4336,-1531,-35
4491,-1394,104
4620,-1219,250
4749,-995,394
4855,-745,519
4912,-519,600
4904,-281,675
4830,-35,746
4688,195,812
4503,403,854
4316,551,864
4157,546,812
4015,451,704
3890,322,580
3788,233,485
3699,186,416
3598,181,371
3491,184,347
3357,182,334
3225,194,316
3093,119,331
2989,74,319
2915,48,279
2859,26,241
2806,10,212
2742,-6,199
2683,-21,203
2625,-51,215
2559,-65,237
2514,-86,266
2488,-117,299
2474,-153,326
2461,-203,366
2461,-278,409
2474,-352,466
2493,-421,540
2533,-507,610
2585,-588,686
2651,-661,766
2717,-754,836
2781,-826,891
2847,-914,906
2913,-983,906
2985,-1061,860
3043,-1114,817
3117,-1138,752
3150,-1120,701
3155,-1065,654
3118,-998,614
3114,-957,568
3096,-890,527
3048,-827,477
2987,-739,454
2907,-673,459
2835,-608,496
2772,-551,538
2721,-500,578
2662,-468,619
2655,-441,650
2694,-420,684
2792,-423,713
2891,-447,742
2986,-463,786
3092,-501,829
3182,-528,851
3260,-574,870
3355,-647,878
3439,-723,868
3586,-830,890
3805,-982,930
4013,-1154,984
4242,-1309,1070
4412,-1456,1140
4554,-1591,1211
4698,-1764,1279
4858,-1918,1373
5031,-2056,1496
5226,-2231,1625
5439,-2421,1766
5638,-2628,1914
5796,-2870,2024
5898,-3054,2102
5874,-3163,2155
5736,-3315,2111
5529,-3431,2095
5312,-3475,2063
5064,-3366,2012
4769,-3116,1909
4466,-2787,1740
4402,-2391,1616
4375,-1922,1440
4439,-1483,1211
4526,-1051,898
4691,-678,552
4825,-315,179
4871,8,-211
4894,307,-547
4967,567,-862
4937,747,-1104
4796,889,-1270
4621,995,-1385
4446,1032,-1468
4312,1013,-1518
4293,891,-1585
4382,800,-1642
4485,739,-1702
4529,696,-1764
4610,686,-1790
4701,663,-1790
4806,589,-1750
4878,585,-1642
4916,633,-1510
4967,684,-1369
5171,765,-1041
5496,784,-622
5912,735,-191
6246,624,109
6400,487,235
6340,358,248
6162,304,275
5924,310,333
5630,361,227
5326,401,92
5149,425,171
5001,422,228
4883,382,273
4750,305,258
4605,193,205
4505,36,173
4427,-142,123
4384,-324,88
4343,-484,77
4311,-633,80
4221,-791,33
4183,-920,78
4109,-1035,100
4065,-1123,157
3989,-1186,201
3839,-1216,182
3677,-1231,179
3479,-1241,130
3263,-1282,56
3098,-1318,58
2971,-1324,121
2834,-1324,177
2671,-1297,225
2448,-1299,144
2228,-1313,75
2052,-1341,43
1917,-1306,55
1844,-1217,103
1837,-1114,165
1834,-1003,209
1818,-917,235
1784,-869,239
1744,-836,244
1705,-817,254
1676,-789,254
1661,-754,253
1658,-737,235
1673,-740,202
1715,-756,164
1792,-767,125
1877,-770,69
1967,-773,-2
2066,-744,-98
2150,-664,-170
2242,-555,-235
2343,-447,-296
2429,-368,-329
2534,-334,-334
2657,-354,-321
2776,-362,-263
2892,-376,-173
3002,-412,-58
3094,-458,72
3196,-528,209
3303,-602,363
3410,-662,519
3529,-701,670
3661,-747,796
3772,-785,914
3870,-812,1108
3996,-819,1328
4127,-770,1522
4219,-712,1639
4267,-637,1671
4336,-544,1671
4348,-380,1621
4390,-181,1568
4451,-16,1494
4501,204,1381
4550,416,1260
4621,654,1175
4722,844,1114
4885,1004,1099
5021,1075,1088
5152,1065,1135
5278,951,1219
5413,773,1340
5519,602,1502
5597,456,1707
5653,337,1949
5660,231,2199
5651,120,2416
5602,-30,2554
5579,-200,2581
5601,-400,2466
5724,-572,2228
5932,-767,1878
6243,-1035,1434
6551,-1306,966
6755,-1552,501
6769,-1748,44
6545,-1897,-403
6138,-1937,-787
5621,-1865,-1151
5117,-1774,-1502
4673,-1667,-1802
4280,-1499,-2112
3973,-1459,-2314
3725,-1521,-2454
3530,-1629,-2521
3503,-1668,-2559
3698,-1663,-2545
3896,-1644,-2589
4051,-1635,-2578
4130,-1623,-2516
4161,-1630,-2386
4163,-1695,-2200
4140,-1817,-1907
4286,-2084,-1379
4561,-2341,-784
4777,-2366,-384
4935,-2222,-113
5015,-2007,151
4990,-1761,420
4856,-1606,595
4738,-1525,672
4681,-1520,659
4651,-1515,571
4613,-1506,414
4568,-1480,204
4514,-1435,-28
4481,-1352,-268
4422,-1221,-498
4366,-1065,-701
4294,-896,-862
4220,-731,-957
4158,-575,-970
4106,-425,-910
4090,-293,-801
4084,-149,-654
4057,21,-488
4007,198,-314
3929,374,-143
3831,506,47
3717,624,244
3597,715,433
3498,776,601
3410,827,730
3333,883,812
3259,955,850
3143,1034,869
3009,1106,841
2857,1160,773
2693,1184,689
2533,1173,591
2379,1139,493
2236,1077,404
2098,1001,336
1970,893,303
1875,751,265
1813,600,224
1756,413,190
1715,219,164
1689,46,144
1676,-90,143
1691,-206,139
1726,-314,121
1788,-396,92
1908,-482,44
2048,-572,-1
2185,-668,-53
2337,-757,-102
2507,-856,-124
2695,-983,-133
2858,-1187,-207
3011,-1382,-251
3121,-1494,-171
3190,-1548,-68
3214,-1521,57
3242,-1441,150
3265,-1338,203
3288,-1225,249
3336,-1095,293
3451,-969,366
3587,-878,451
3710,-766,587
3831,-660,773
3947,-591,993
4050,-579,1198
4185,-617,1388
4292,-690,1512
4346,-771,1558
4331,-859,1545
4314,-928,1490
4347,-1007,1435
4389,-1122,1354
4470,-1256,1282
4507,-1409,1198
4615,-1595,1115
4742,-1802,1023
4804,-1979,942
4884,-2140,921
4984,-2270,955
5090,-2386,1010
5190,-2475,1071
5270,-2529,1143
5245,-2520,1251
5148,-2438,1394
5043,-2314,1576
4969,-2173,1758
4882,-2000,1899
4808,-1800,1918
4789,-1593,1816
4915,-1401,1633
5155,-1191,1314
5439,-990,817
5766,-808,211
6167,-696,-462
6446,-555,-1050
6450,-358,-1450
6246,-150,-1749
5955,-40,-1880
5625,36,-1936
5361,132,-1968
5125,209,-2043
4983,223,-2156
4909,215,-2243
4836,219,-2284
4837,237,-2269
4852,263,-2228
4800,310,-2180
4755,375,-2123
4768,438,-2055
4879,503,-1975
5062,561,-1872
5356,601,-1635
5932,646,-998
6641,634,-292
7207,576,199
7401,457,306
7151,316,153
6816,197,-9
6509,116,-100
6215,62,-144
5934,32,-168
5653,9,-194
5348,22,-246
5041,27,-331
4702,19,-424
4395,-17,-501
4169,-89,-551
3990,-175,-566
3806,-291,-561
3670,-407,-510
3563,-573,-390
3560,-759,-195
3572,-961,39
3540,-1174,284
3514,-1355,483
3474,-1466,640
3388,-1503,728
3254,-1487,762
3044,-1431,728
2829,-1368,679
2569,-1302,612
2281,-1228,506
2062,-1095,451
1890,-924,435
1852,-736,396
1964,-663,421
1977,-630,437
1905,-605,415
1792,-588,355
1645,-578,301
1467,-564,259
1317,-528,232
1250,-518,209
1206,-521,173
1165,-532,133
1128,-557,99
1105,-573,68
1160,-474,93
1166,-384,96
1128,-346,67
1078,-314,10
1033,-298,-110
1026,-295,-245
1053,-272,-384
1101,-211,-532
1189,-188,-631
1313,-168,-683
1480,-177,-729
1660,-231,-770
1903,-309,-799
2160,-448,-800
2456,-630,-733
2779,-859,-606
3059,-1066,-416
3309,-1235,-182
3568,-1365,90
3842,-1486,368
4156,-1569,649
4416,-1686,887
4576,-1890,1053
4648,-2260,1070
4729,-2446,1159
4830,-2499,1317
4973,-2451,1474
5099,-2296,1631
5239,-2039,1774
5403,-1720,1884
5534,-1381,1970
5660,-1043,2029
5790,-670,2103
5860,-312,2128
5939,10,2127
6010,317,2109
5986,554,2058
5881,689,2016
5750,748,2023
5607,747,2054
5436,642,2074
5273,401,2065
5123,84,2042
5029,-284,1971
5047,-660,1824
5186,-1001,1604
5395,-1375,1309
5637,-1744,999
5847,-2081,667
5928,-2354,338
5897,-2522,15
5827,-2606,-291
5624,-2550,-563
5279,-2419,-795
4806,-2302,-1021
4282,-2193,-1255
3891,-2107,-1473
3611,-1959,-1654
3432,-1915,-1786
3462,-2008,-1810
3587,-2176,-1818
3682,-2381,-1870
3862,-2428,-2056
4080,-2438,-2244
4151,-2480,-2359
4224,-2486,-2273
4276,-2461,-1992
4376,-2579,-1609
4507,-2701,-1167
4685,-2759,-755
4853,-2772,-434
5017,-2698,-111
5088,-2500,273
4995,-2290,646
4872,-2232,920
4821,-2291,1038
4812,-2346,973
4844,-2366,779
4926,-2322,534
4981,-2214,268
4966,-2053,4
4914,-1866,-259
4835,-1663,-498
4681,-1418,-674
4506,-1211,-792
4339,-985,-813
4156,-729,-797
4033,-530,-740
3976,-379,-640
3952,-259,-507
3958,-174,-352
3951,-129,-169
3901,-123,29
3801,-143,243
3693,-197,442
3586,-259,626
3471,-359,781
3379,-424,888
3272,-488,950
3148,-539,957
3014,-558,919
2870,-552,857
2720,-530,781
2574,-497,709
2432,-448,636
2292,-408,587
2153,-370,549
2021,-350,517
1884,-339,503
1757,-338,505
1634,-339,509
1514,-329,504
1417,-321,479
1339,-313,456
1291,-298,425
1260,-288,392
1246,-297,352
1252,-314,294
1272,-322,238
1301,-319,201
1336,-304,159
1372,-282,113
1426,-287,72
1485,-304,50
1554,-308,27
1625,-325,18
1695,-329,-1
1788,-340,-4
1896,-357,-32
2035,-367,-35
2194,-373,-26
2410,-401,-2
2689,-439,32
3021,-477,85
3364,-495,215
3699,-509,404
4070,-512,639
4418,-503,913
4762,-510,1217
5066,-568,1435
5349,-689,1529
5582,-834,1637
5737,-958,1760
5806,-1087,1887
5787,-1232,1995
5673,-1385,2082
5528,-1588,2115
5342,-1819,2110
5210,-2061,2057
5022,-2296,1924
4864,-2531,1755
4776,-2702,1616
4720,-2849,1515
4596,-2922,1442
4500,-2950,1404
4367,-2950,1406
4135,-2919,1384
3935,-2907,1407
3814,-2909,1468
3784,-2893,1554
3923,-2842,1640
4167,-2684,1707
4455,-2368,1685
4860,-2060,1443
5409,-1769,975
6043,-1457,342
6666,-1193,-333
7117,-919,-939
7200,-661,-1422
6893,-407,-1711
6319,-196,-1881
5743,-31,-2014
5250,105,-2123
4954,197,-2294
4864,256,-2517
4857,262,-2675
4861,259,-2755
4931,250,-2731
5033,238,-2613
5172,274,-2404
5275,293,-2163
5329,326,-1901
5307,358,-1668
5306,379,-1475
5324,408,-1328
5346,446,-1188
5467,529,-1009
5871,725,-387
6390,866,192
6770,864,528
6954,758,671
6978,615,803
6853,491,937
6560,431,1011
6221,365,980
5914,283,847
5631,239,625
5363,212,344
5097,217,37
4805,218,-256
4426,217,-517
4093,183,-716
3747,159,-838
3485,81,-926
3243,-22,-965
3026,-165,-972
2859,-329,-939
2785,-505,-857
2750,-695,-737
2748,-873,-564
2795,-1057,-346
2868,-1242,-103
2935,-1400,160
2976,-1561,391
2983,-1680,583
2941,-1745,710
2849,-1755,771
2717,-1704,770
2569,-1655,707
2421,-1611,611
2290,-1575,500
2176,-1535,399
2073,-1477,303
1974,-1392,217
1884,-1306,142
1777,-1213,87
1674,-1140,25
1595,-1088,-44
1555,-1050,-117
1531,-1018,-174
1526,-985,-232
1529,-956,-280
1552,-937,-318
1599,-914,-356
1621,-883,-401
1623,-825,-455
1656,-813,-504
1720,-804,-555
1830,-797,-590
1927,-773,-601
2015,-735,-578
2101,-675,-520
2191,-610,-455
2275,-562,-365
2350,-529,-250
2455,-519,-130
2577,-531,-2
2678,-542,129
2792,-533,256
2940,-562,460
3115,-647,672
3262,-700,882
3398,-720,1052
3541,-748,1167
3684,-726,1246
3846,-726,1268
4000,-710,1269
4135,-688,1234
4259,-685,1174
4371,-665,1112
4498,-669,1061
4618,-627,1019
4724,-579,976
4819,-588,913
4916,-617,868
5039,-638,875
5173,-653,928
5306,-648,1019
5444,-629,1139
5594,-604,1272
5754,-562,1438
5921,-453,1649
6077,-280,1923
6223,-98,2212
6329,91,2517
6403,286,2833
6436,501,3130
6452,697,3369
6410,882,3473
6352,969,3370
6239,862,3028
6163,531,2502
6179,119,1865
6278,-258,1280
6331,-577,690
6322,-827,166
6148,-1036,-270
5779,-1189,-606
5317,-1279,-878
4903,-1268,-1120
4496,-1203,-1348
4146,-1173,-1540
3833,-1196,-1729
3532,-1272,-1857
3340,-1380,-1908
3319,-1541,-1855
3415,-1738,-1722
3543,-1933,-1551
3657,-2125,-1397
3777,-2316,-1287
3885,-2482,-1226
3953,-2642,-1126
4025,-2678,-990
4084,-2670,-798
4096,-2696,-517
4169,-2681,-184
4276,-2587,132
4436,-2433,375
4528,-2232,518
4538,-2010,592
4552,-1797,607
4526,-1625,520
4522,-1458,375
4548,-1321,189
4567,-1186,-16
4496,-1060,-263
4406,-883,-476
4376,-720,-661
4325,-534,-812
4265,-373,-909
4258,-253,-941
4222,-132,-922
4187,-11,-846
4146,116,-724
4125,222,-590
4111,296,-456
4074,357,-299
4049,410,-135
4011,450,42
3945,497,246
3847,552,461
3761,592,684
3702,596,893
3649,600,1075
3603,564,1214
3581,504,1293
3534,438,1308
3464,363,1275
3355,275,1218
3226,217,1127
3086,168,987
2936,124,833
2787,95,663
2643,62,469
2505,45,286
2382,42,125
2280,67,-6
2179,98,-103
2074,143,-175
1972,193,-213
1890,234,-231
1819,259,-222
1765,285,-186
1726,305,-132
1701,313,-83
1677,310,-26
1688,281,51
1726,225,147
1768,161,224
1821,59,223
1876,-36,212
1967,-134,238
2034,-237,259
2112,-338,337
2202,-466,406
2311,-581,457
2455,-709,471
2660,-853,475
2878,-992,467
3101,-1087,484
3319,-1111,581
3605,-1125,685
3887,-1111,821
4244,-1123,934
4545,-1177,1006
4794,-1189,1085
4988,-1185,1166
5137,-1192,1280
5205,-1249,1400
5196,-1326,1492
5153,-1456,1561
5016,-1620,1560
4895,-1806,1546
4797,-2002,1516
4653,-2260,1336
4489,-2499,1217
4460,-2749,1151
4519,-2939,1122
4548,-3083,1112
4607,-3235,1091
4755,-3368,1130
4939,-3439,1263
5116,-3427,1442
5279,-3316,1608
5481,-3099,1722
5783,-2828,1732
6126,-2524,1587
6547,-2212,1266
7037,-1922,799
7574,-1559,280
7942,-1124,-198
7892,-726,-574
7444,-370,-863
6838,-130,-1147
6240,18,-1440
5686,112,-1722
5171,183,-1958
4777,216,-2143
4535,204,-2252
4403,137,-2288
4378,50,-2263
4337,-31,-2193
4246,-36,-2096
4173,-18,-2022
4192,-1,-1986
4295,65,-1990
4411,141,-2019
4562,200,-2080
4727,279,-2113
4883,390,-2085
5281,574,-1482
5990,793,-455
6643,973,483
6952,1031,854
6984,1064,936
6689,1050,957
6348,1021,1044
6020,1006,1122
5696,999,1118
5317,988,971
4766,924,473
4328,821,196
4017,658,1
3763,464,-215
3475,258,-472
3280,51,-620
3089,-139,-741
2983,-305,-817
2883,-439,-866
2787,-563,-858
2694,-691,-791
2643,-841,-644
2637,-993,-407
2669,-1142,-109
2749,-1277,256
2800,-1387,631
2839,-1477,972
2737,-1506,1198
2642,-1469,1366
2623,-1418,1466
2677,-1310,1512
2730,-1197,1465
2688,-1117,1309
2555,-1014,991
2437,-891,794
2290,-783,616
2114,-695,435
1937,-626,276
1761,-544,130
1620,-482,6
1492,-434,-91
1362,-398,-176
1237,-338,-231
1135,-298,-252
1061,-288,-250
996,-284,-232
942,-295,-200
908,-318,-160
913,-354,-163
940,-369,-152
994,-405,-135
1066,-425,-106
1166,-421,-52
1280,-415,16
1435,-444,82
1618,-472,137
1812,-483,185
2020,-481,232
2287,-433,260
2547,-361,328
2844,-224,388
3242,-44,536
3629,224,823
4017,559,1104
4361,861,1327
4673,1248,1552
4927,1531,1745
5093,1719,1887
5192,1829,1963
5174,1814,1917
4977,1509,1709
4686,947,1410
4431,329,1113
4304,-228,933
4230,-690,872
4174,-984,885
4130,-1130,959
4055,-1221,1077
3935,-1367,1118
3826,-1518,1117
3775,-1644,1120
3816,-1777,1132
3964,-1900,1134
4084,-2032,1132
4143,-2206,1097
4167,-2387,1069
4202,-2575,1063
4275,-2717,1108
4368,-2800,1167
4461,-2847,1196
4561,-2861,1187
4663,-2863,1182
4733,-2914,1168
4803,-2941,1190
4831,-3020,1185
4851,-3067,1133
4923,-3011,1069
5010,-2877,975
5019,-2719,823
4938,-2578,638
4781,-2414,463
4544,-2253,271
4246,-2064,27
3906,-1851,-435
3556,-1637,-1079
3322,-1525,-1733
3252,-1518,-2234
3173,-1557,-2485
2999,-1578,-2585
2715,-1467,-2695
2316,-1108,-2867
1922,-638,-3132
1627,-141,-3438
1498,321,-3672
1476,658,-3806
1553,839,-3865
1732,886,-3871
1970,843,-3798
2184,676,-3757
2383,456,-3749
2636,184,-3831
3023,-135,-3991
3452,-471,-4226
3796,-804,-4529
4015,-1052,-4639
4208,-1249,-4563
4410,-1469,-4267
4709,-1863,-3603
5106,-2465,-2609
5501,-2971,-1520
5648,-3075,-615
5570,-2868,58
5519,-2612,513
5442,-2253,679
5333,-1815,642
5194,-1312,478
4989,-776,246
4784,-261,-13
4592,252,-307
4457,766,-617
4394,1224,-907
4445,1589,-1198
4676,1848,-1449
5134,2032,-1649
5703,2335,-1707
6316,2601,-1617
6861,2737,-1386
7212,2779,-1038
7304,2588,-822
7011,2149,-769
6707,1765,-735
6516,1444,-675
6393,1201,-633
6241,998,-634
6099,899,-655
6031,945,-640
5912,941,-635
5733,847,-611
5673,728,-510
5626,615,-455
5490,447,-454
5368,306,-429
5279,189,-407
5229,67,-451
5160,-14,-449
5067,-37,-413
4996,-66,-339
4932,-95,-314
4909,-160,-299
4922,-185,-230
4978,-170,-144
5045,-117,-59
5064,-151,3
5045,-259,95
4917,-324,129
4856,-290,123
4610,-304,110
4494,-380,86
4464,-486,64
4314,-528,10
4149,-475,-48
3945,-354,-104
3649,-235,-163
3235,-170,-153
2748,-156,-124
2442,-108,-136
2231,-59,-233
2005,-35,-376
1854,-49,-446
1745,-95,-474
1664,-134,-445
1514,-171,-512
1180,-174,-786
964,-207,-933
784,-294,-1060
538,-345,-1218
363,-347,-1312
194,-357,-1446
-96,-303,-1850
-325,-150,-2188
-353,-72,-2284
-305,-40,-2249
-259,-6,-2202
-355,69,-2282
-417,198,-2341
-455,323,-2401
-505,418,-2483
-514,453,-2527
-428,304,-2552
-353,99,-2594
-280,-221,-2664
-185,-580,-2759
-101,-819,-2895
-13,-985,-3148
140,-1143,-3571
322,-1265,-4190
587,-1340,-4940
858,-1323,-5813
1218,-1176,-6613
2210,-1026,-6967
3195,-910,-7329
4046,-577,-7578
4986,9,-7594
5741,699,-7496
6570,1208,-7293
7999,1808,-6343
8852,2080,-5806
9158,2114,-5559
9636,1999,-4812
9916,1760,-4083
9609,1592,-3640
9406,1363,-2936
8528,1126,-2807
7892,931,-2348
6837,841,-2245
5906,790,-2001
5046,743,-1854
4373,704,-1713
3894,647,-1583
3470,593,-1514
3139,526,-1505
3019,334,-1029
3028,104,-354
3050,-107,211
3133,-247,619
3282,-288,795
3655,-321,693
4088,-364,419
4517,-372,37
4944,-391,-372
5495,-424,-680
5690,-502,-1192
6276,-715,-1378
6340,-901,-1855
6458,-1165,-2274
6666,-1394,-2558
6717,-1580,-3002
6420,-1551,-3612
6020,-1559,-4094
5567,-1510,-4401
4990,-1245,-4478
4479,-1204,-4294
4026,-1259,-3894
3749,-1358,-3365
3636,-1495,-2804
3706,-1578,-2176
3899,-1735,-1463
4182,-1880,-874
4493,-1851,-627
4792,-1626,-603
5082,-1388,-734
5215,-1217,-1032
5207,-1112,-1319
5026,-996,-1614
4744,-836,-1874
4432,-712,-2095
4182,-600,-2251
3964,-527,-2311
3765,-482,-2236
3577,-476,-2039
3414,-501,-1775
3224,-557,-1480
2954,-623,-1223
2591,-672,-1077
2175,-724,-1028
1784,-737,-1030
1453,-695,-1074
1194,-627,-1133
981,-537,-1228
787,-464,-1412
661,-382,-1641
565,-283,-1874
472,-164,-2141
427,-109,-2406
460,-26,-2683
522,100,-3159
682,326,-3911
1051,653,-4997
1811,945,-6495
2729,1264,-8415
3852,1623,-10389
4607,1808,-12228
4995,1653,-13825
5078,1393,-14461
5139,850,-14239
5011,329,-13230
4795,-57,-11746
4558,-321,-10205
4133,-535,-8898
3518,-710,-7850
3375,-882,-6955
3206,-969,-6156
3140,-1047,-5464
2919,-1068,-4848
2915,-1086,-4272
3007,-1100,-3774
3148,-1213,-3259
3398,-1399,-2275
4460,-2185,1250
5553,-2714,3786
6080,-2699,4422
6295,-2447,3921
6375,-2190,3047
6305,-1970,2331
5863,-1794,1885
5145,-1637,1583
4484,-1507,1325
4015,-1425,1077
3743,-1356,759
3632,-1277,288
3589,-1200,-335
3614,-1120,-976
3687,-1037,-1568
3748,-975,-2066
3869,-914,-2441
3988,-857,-2808
4159,-817,-3231
4347,-787,-3683
4434,-730,-4127
4453,-676,-4522
4336,-546,-4846
4143,-426,-5052
3953,-264,-5113
3716,-135,-5068
3557,2,-4949
3487,104,-4769
3452,193,-4530
3451,263,-4278
3377,323,-4021
3268,368,-3766
3167,399,-3565
3153,438,-3384
3222,492,-3219
3365,575,-3071
3602,626,-2937
3770,653,-2842
3862,654,-2776
3906,625,-2732
3978,608,-2447
4653,294,-595
5572,-97,1080
6050,-440,1745
6082,-642,1558
5939,-726,1025
5643,-746,576
5232,-719,388
4895,-641,375
4763,-557,374
4793,-433,334
4825,-279,220
4758,-118,-15
4587,39,-329
4379,175,-676
4212,269,-1052
4121,320,-1406
4082,355,-1647
4044,333,-1851
3998,270,-2051
3978,190,-2236
3987,102,-2408
3987,31,-2581
3990,-49,-2764
3979,-136,-2945
3974,-238,-3103
3942,-348,-3263
3911,-495,-3416
3906,-652,-3538
3940,-752,-3603
3920,-870,-3655
3984,-958,-3672
3940,-1060,-3710
3874,-1149,-3746
3909,-1209,-3735
4051,-1190,-3650
4246,-1035,-3465
4350,-748,-3250
4390,-405,-3044
4379,-80,-2859
4336,228,-2673
4272,525,-2408
4218,834,-2103
4145,1121,-1758
4072,1398,-1328
4066,1650,-756
4115,1836,-206
4161,1902,311
4216,1867,654
4196,1694,801
4149,1410,792
4110,1061,697
4090,688,599
4086,352,529
4017,116,462
3938,-23,378
3921,-101,295
3867,-138,206
3750,-181,87
3602,-235,-78
3447,-309,-307
3314,-365,-564
3198,-382,-798
3090,-348,-1001
2974,-283,-1185
2860,-230,-1340
2760,-168,-1439
2685,-124,-1479
2604,-110,-1452
2549,-90,-1376
2499,-64,-1244
2400,-30,-1061
2335,-3,-859
2315,-3,-676
2297,-10,-539
2282,-47,-459
2284,-120,-449
2303,-217,-500
2325,-290,-582
2425,-323,-629
2540,-423,-688
2612,-503,-711
2637,-588,-724
2669,-670,-703
2698,-777,-641
2737,-857,-531
2858,-864,-390
2979,-828,-261
3075,-745,-140
3091,-646,-64
3071,-581,-36
3065,-549,-44
3049,-535,-74
3008,-538,-120
2989,-533,-158
2979,-523,-183
2976,-493,-160
2977,-459,-109
3006,-435,-46
3020,-436,24
3037,-476,84
3075,-554,157
3083,-574,210
3083,-571,212
3108,-571,186
3141,-581,131
3149,-600,60
3141,-610,-27
3130,-622,-116
3130,-636,-185
3124,-660,-234
3135,-707,-256
3176,-753,-236
3221,-796,-194
3290,-814,-137
3369,-805,-68
3455,-800,-9
3566,-790,54
3678,-761,117
3790,-732,165
3898,-688,202
3997,-616,248
4068,-522,289
4096,-423,316
4105,-323,309
4104,-252,275
4081,-206,240
4047,-196,211
4026,-202,227
4011,-232,271
3995,-280,350
3973,-345,439
3948,-409,517
3919,-474,569
3883,-530,582
3833,-567,564
3778,-594,533
3716,-613,487
3662,-622,440
3613,-629,394
3565,-635,352
3534,-634,321
3497,-608,291
3471,-582,274
3464,-570,267
3427,-548,260
3390,-530,259
3366,-507,263
3342,-475,269
3328,-435,265
3321,-397,252
3328,-381,236
3376,-376,221
3499,-390,249
3723,-432,309
4050,-528,343
4459,-636,317
4908,-716,193
5343,-753,-34
5744,-733,-346
6134,-651,-656
6452,-506,-848
6571,-295,-870
6440,-76,-718
6160,94,-458
5725,238,-171
5149,375,34
4807,438,149
4682,437,158
4612,348,67
4500,217,-97
4404,92,-254
4293,-1,-374
4177,-84,-442
4016,-170,-474
3864,-251,-480
3719,-334,-481
3587,-423,-485
3445,-524,-463
3284,-629,-431
3141,-733,-384
3054,-842,-315
3029,-954,-238
3009,-1060,-143
3012,-1157,-52
3032,-1241,39
3064,-1288,127
3105,-1316,210
3124,-1310,282
3109,-1275,339
3075,-1215,363
3067,-1148,342
3098,-1063,293
3176,-958,227
3288,-833,165
3446,-698,106
3640,-555,63
3844,-412,20
4034,-275,-19
4230,-138,-43
4429,6,-45
4593,162,-24
4737,343,31
4830,564,134
4894,797,238
4936,1023,342
4915,1195,446
4816,1342,540
4638,1453,608
4466,1473,616
4376,1415,589
4368,1297,538
4378,1150,456
4348,1001,352
4264,836,246
4171,646,138
4053,462,43
3934,310,-46
3828,178,-127
3759,53,-195
3697,-46,-242
3655,-127,-248
3626,-182,-224
3622,-204,-159
3636,-207,-70
3658,-207,44
3681,-202,188
3714,-201,340
3731,-217,477
3743,-242,593
3750,-273,689
3739,-312,750
3715,-357,784
3693,-403,791
3675,-434,776
3647,-448,745
3620,-431,711
3580,-363,674
3551,-267,624
3540,-170,548
3532,-85,478
3520,-13,427
3508,65,397
3476,132,386
3447,196,391
3420,261,427
3404,309,489
3417,339,553
3432,356,632
3442,378,724
3440,419,828
3426,464,912
3402,497,971
3393,512,1011
3396,499,1023
3417,465,1020
3446,411,1000
3469,355,972
3493,278,928
3510,196,874
3517,138,829
3553,80,759
3595,17,692
3633,-61,635
3668,-133,583
3706,-220,530
3730,-312,489
3739,-368,464
3740,-444,438
3744,-519,421
3744,-585,432
3751,-639,467
3768,-689,514
3794,-725,564
3811,-776,604
3839,-857,614
3862,-964,599
3893,-1084,583
3932,-1209,588
3978,-1321,600
4026,-1420,624
4070,-1487,666
4109,-1524,713
4136,-1531,759
4150,-1522,811
4167,-1485,871
4188,-1428,930
4214,-1351,984
4238,-1263,1025
4265,-1158,1063
4310,-1045,1081
4393,-917,1086
4531,-774,1058
4742,-607,985
5026,-441,859
5332,-262,683
5624,-74,456
5886,121,204
6084,325,-64
6209,531,-331
6257,746,-595
6218,970,-829
6056,1174,-998
5840,1321,-1076
5628,1371,-1080
5445,1385,-1057
5283,1354,-992
5109,1304,-878
4959,1217,-739
4872,1085,-616
4832,968,-510
4792,874,-417
4740,793,-326
4695,684,-279
4701,584,-351
4750,532,-514
4807,528,-695
4819,563,-851
4759,612,-985
4642,723,-1111
4534,863,-1220
4443,1038,-1304
4362,1206,-1318
4295,1361,-1250
4222,1526,-1122
4160,1806,-957
4096,2169,-754
4036,2547,-496
4008,2811,-244
4037,2858,-51
4130,2529,78
4284,1951,227
4422,1360,382
4520,774,499
4587,275,613
4631,-141,710
4673,-511,770
4644,-809,810
4589,-1115,793
4509,-1358,769
4367,-1567,707
4188,-1712,600
3990,-1791,484
3840,-1737,376
3775,-1622,256
3762,-1474,153
3777,-1293,82
3785,-1093,51
3726,-925,17
3598,-764,-28
3471,-636,-84
3345,-533,-131
3243,-433,-170
3168,-341,-211
3127,-255,-252
3101,-190,-282
3088,-145,-304
3081,-115,-326
3080,-90,-337
3091,-99,-353
3104,-137,-366
3118,-195,-373
3134,-271,-363
3156,-364,-334
3189,-481,-296
3227,-602,-227
3291,-726,-146
3357,-819,-81
3414,-917,-15
3447,-1013,40
3474,-1097,85
3487,-1164,110
3475,-1209,112
3476,-1238,95
3507,-1222,77
3561,-1170,44
3586,-1084,48
3554,-983,86
3531,-869,126
3548,-723,192
3577,-552,263
3508,-374,275
3383,-226,178
3240,-75,90
3173,60,84
3108,201,95
3072,305,88
3056,388,69
3045,448,56
3085,437,46
3119,405,58
3131,366,81
3163,311,104
3168,244,136
3183,186,156
3239,107,176
3335,10,196
3420,-74,240
3461,-117,286
3482,-173,334
3520,-257,372
3559,-327,405
3609,-382,441
3676,-432,477
3741,-465,516
3795,-459,559
3840,-446,595
3880,-424,632
3944,-389,684
4028,-365,734
4113,-369,773
4199,-398,797
4268,-431,797
4324,-458,801
4369,-457,811
4412,-439,828
4451,-402,848
4479,-368,864
4505,-321,893
4530,-272,930
4562,-196,988
4588,-120,1078
4605,-64,1157
4629,-33,1236
4657,-19,1312
4674,-28,1382
4693,-42,1448
4700,-67,1514
4697,-100,1583
4662,-161,1611
4617,-293,1571
4605,-472,1491
4656,-688,1350
4786,-871,1165
4945,-1053,988
5110,-1252,829
5229,-1458,623
5293,-1630,340
5304,-1740,34
5298,-1771,-244
5267,-1745,-470
5197,-1689,-633
5089,-1592,-759
4945,-1474,-862
4815,-1376,-953
4675,-1311,-1022
4524,-1265,-1052
4390,-1209,-1017
4243,-1125,-951
4094,-1060,-915
3952,-991,-949
3850,-912,-1047
3778,-873,-1187
3784,-850,-1350
3785,-816,-1560
3775,-797,-1758
3780,-802,-1949
3792,-849,-2091
3847,-936,-2132
3921,-1090,-2073
3967,-1313,-1895
4011,-1555,-1620
4041,-1786,-1284
4080,-1974,-924
4145,-2144,-604
4239,-2327,-371
4327,-2490,-215
4393,-2562,-144
4423,-2472,-84
4449,-2266,5
4477,-2006,107
4507,-1736,178
4560,-1477,203
4615,-1238,192
4649,-1011,148
4667,-804,77
4682,-604,-5
4692,-420,-84
4686,-264,-159
4665,-133,-224
4641,-12,-265
4602,116,-285
4529,250,-301
4434,377,-312
4338,503,-318
4247,620,-323
4158,701,-327
4079,713,-312
3990,710,-314
3908,673,-338
3831,608,-355
3756,548,-353
3663,504,-314
3561,472,-266
3470,448,-218
3411,425,-176
3379,408,-136
3371,390,-88
3346,372,-48
3308,346,-1
3269,330,43
3257,319,102
3292,311,195
3336,292,319
3364,255,477
3421,195,646
3491,112,786
3543,17,861
3554,-77,869
3533,-174,826
3508,-257,753
3439,-323,670
3334,-390,576
3237,-463,463
3167,-515,333
3113,-546,205
3054,-558,82
3000,-550,-47
2939,-521,-172
2884,-479,-288
2866,-427,-354
2857,-360,-369
2855,-294,-358
2842,-231,-317
2829,-180,-245
2836,-125,-152
2881,-54,-54
2931,23,70
2979,112,224
3033,201,404
3086,272,595
3146,313,773
3209,323,914
3267,300,1012
3321,249,1068
3361,187,1078
3399,95,1040
3447,-17,952
3496,-138,831
3529,-262,698
3542,-376,576
3575,-483,459
3638,-583,350
3698,-680,250
3763,-779,167
3839,-870,112
3937,-951,89
4042,-1034,100
4166,-1126,144
4308,-1235,217
4461,-1333,317
4614,-1416,445
4743,-1483,597
4859,-1542,761
4966,-1595,914
5068,-1649,1050
5144,-1703,1151
5171,-1738,1222
5150,-1733,1280
5115,-1674,1333
5081,-1562,1388
5055,-1409,1452
5037,-1228,1498
5018,-1027,1531
4997,-805,1565
4994,-574,1578
5050,-361,1542
5183,-167,1436
5387,8,1250
5596,189,969
5753,375,632
5843,544,250
5874,721,-183
5936,882,-675
6055,1008,-1234
6179,1116,-1816
6258,1162,-2306
6223,1215,-2666
6065,1197,-2932
5770,1158,-3049
5309,1212,-3042
4809,1237,-2954
4469,1234,-2735
4216,1245,-2380
4144,1226,-1916
4188,1098,-1437
4190,899,-1018
4145,693,-738
4118,511,-651
4079,408,-654
4060,378,-680
4075,373,-757
4116,386,-887
4169,386,-1074
4199,377,-1237
4269,379,-1385
4302,397,-1475
4269,401,-1490
4228,425,-1481
4224,489,-1424
4206,568,-1318
4222,680,-1133
4264,835,-842
4275,985,-523
4240,1035,-281
4205,961,-156
4220,792,-139
4272,570,-170
4332,342,-212
4384,120,-235
4406,-101,-238
4400,-317,-210
4378,-516,-174
4345,-710,-131
4326,-889,-79
4207,-1049,-50
4021,-1165,-47
3882,-1261,-46
3795,-1354,-21
3724,-1423,34
3628,-1467,109
3497,-1490,179
3350,-1470,197
3235,-1442,182
3175,-1367,156
3195,-1248,160
3185,-1097,161
3125,-943,136
3031,-802,83
2903,-677,31
2778,-571,-25
2666,-483,-81
2569,-412,-135
2478,-351,-176
2446,-307,-222
2417,-271,-288
2421,-250,-360
2434,-247,-438
2474,-256,-513
2528,-252,-569
2567,-249,-601
2618,-249,-613
2692,-265,-562
2784,-306,-455
2888,-358,-314
2965,-392,-169
2961,-397,-86
2920,-386,-58
2886,-355,-51
2891,-325,-38
2914,-275,-18
2970,-223,16
3021,-170,62
3063,-97,111
3086,-29,150
3083,29,173
3058,95,204
3052,124,223
3063,166,251
3106,201,283
3156,220,310
3224,194,333
3287,153,352
3346,118,363
3416,88,376
3495,49,397
3581,18,410
3676,-14,423
3792,-29,454
3908,-43,479
4005,-69,497
4086,-88,521
4155,-86,547
4214,-74,560
4278,-65,556
4344,-37,553
4427,-2,539
4517,42,528
4609,92,542
4696,136,567
4797,172,617
4914,181,671
5043,165,740
5178,89,796
5312,12,864
5423,-57,949
5503,-91,1058
5548,-107,1188
5556,-99,1309
5531,-78,1423
5478,-37,1550
5400,-12,1660
5309,-58,1747
5204,-136,1806
5092,-211,1866
4990,-271,1903
4916,-370,1907
4896,-507,1832
4960,-633,1690
5068,-752,1504
5202,-870,1259
5337,-995,976
5464,-1093,727
5563,-1182,491
5592,-1291,248
5549,-1367,-11
5439,-1375,-279
5274,-1341,-579
5080,-1231,-924
4829,-1113,-1247
4542,-949,-1500
4308,-818,-1698
4119,-739,-1893
4020,-707,-2081
4028,-654,-2244
4053,-604,-2337
4033,-611,-2396
3997,-654,-2433
3975,-693,-2455
3967,-766,-2491
3988,-876,-2532
4033,-1005,-2523
4089,-1157,-2433
4168,-1345,-2269
4242,-1540,-2034
4280,-1722,-1759
4290,-1920,-1469
4313,-2134,-1183
4372,-2298,-874
4461,-2427,-545
4496,-2483,-270
4466,-2450,-68
4415,-2333,82
4367,-2166,170
4346,-1967,199
4345,-1742,171
4355,-1522,92
4370,-1304,-10
4394,-1081,-118
4439,-844,-212
4461,-611,-303
4518,-373,-369
4563,-143,-405
4575,84,-428
4576,332,-427
4556,558,-407
4518,754,-384
4479,922,-357
4435,1047,-318
4387,1096,-276
4330,1075,-220
4269,986,-141
4205,915,-77
4136,842,-41
4023,748,-35
3904,624,-60
3784,481,-99
3661,348,-144
3544,239,-169
3429,172,-163
3311,142,-120
3213,133,-54
3122,167,61
3034,195,206
2956,213,368
2894,234,542
2865,213,700
2872,154,853
2907,47,989
2942,-95,1108
2975,-256,1203
3000,-437,1240
3022,-601,1238
3034,-769,1166
3030,-889,1060
3022,-1032,902
3015,-1135,727
3000,-1206,554
2986,-1279,382
2974,-1364,199
2974,-1390,45
2966,-1414,-97
2966,-1402,-198
2942,-1293,-222
2918,-1136,-214
2890,-932,-194
2875,-727,-143
2872,-549,-75
2880,-398,13
2892,-263,122
2929,-148,242
2956,-71,357
2970,-21,471
2977,14,585
2990,61,696
3028,112,799
3075,158,872
3138,195,934
3214,221,984
3273,234,994
3315,217,975
3359,193,953
3436,148,933
3496,83,882
3576,-20,826
3655,-98,771
3749,-159,718
3853,-228,674
3949,-295,635
4043,-366,622
4126,-412,632
4215,-453,667
4289,-489,718
4350,-512,786
4390,-525,869
4430,-548,948
4471,-565,1024
4510,-580,1100
4540,-615,1178
4570,-661,1264
4587,-723,1356
4590,-805,1439
4577,-855,1541
4554,-904,1633
4505,-965,1678
4457,-998,1707
4415,-1019,1686
4413,-1025,1623
4492,-989,1508
4670,-809,1381
4881,-560,1242
5111,-323,1036
5363,-170,778
5602,-57,518
5763,34,284
5856,111,46
5875,203,-242
5763,295,-584
5649,353,-954
5508,372,-1285
5341,340,-1540
5125,294,-1759
4900,250,-1956
4732,214,-2112
4671,179,-2206
4725,154,-2224
4798,107,-2175
4800,60,-2069
4747,27,-1966
4704,7,-1877
4682,23,-1830
4715,82,-1817
4780,233,-1797
4844,434,-1767
4939,716,-1652
5065,1100,-1392
5184,1544,-1068
5242,1933,-754
5258,2259,-450
5241,2519,-149
5197,2693,154
5109,2746,275
4979,2608,290
4825,2266,388
4698,1878,404
4577,1543,388
4480,1271,328
4433,1023,212
4425,806,63
4418,608,-121
4393,420,-325
4357,233,-515
4358,76,-621
4355,-59,-671
4306,-190,-702
4238,-321,-718
4183,-471,-694
4137,-637,-639
4055,-780,-554
3992,-898,-448
3937,-960,-346
3896,-1034,-270
3862,-1126,-215
3825,-1220,-188
3772,-1313,-180
3676,-1388,-198
3569,-1437,-225
3457,-1471,-234
3351,-1484,-246
3257,-1472,-245
3188,-1406,-209
3125,-1282,-166
3073,-1155,-124
3037,-1044,-85
3021,-951,-50
3029,-861,-5
3050,-768,53
3092,-673,112
3133,-563,162
3161,-449,203
3190,-331,222
3213,-211,236
3224,-109,232
3213,-22,214
3204,75,192
3197,160,165
3172,254,128
3134,336,77
3106,368,30
3075,369,-9
3053,360,-38
3032,337,-50
2973,338,-60
2886,355,-65
2802,364,-70
2781,341,-51
2789,299,-17
2786,230,24
2802,114,54
2855,24,94
2927,-44,155
3011,-101,234
3081,-132,336
3122,-144,449
3150,-185,555
3164,-268,570
3216,-354,621
3286,-446,693
3353,-546,793
3413,-647,870
3446,-724,926
3443,-796,948
3351,-833,923
3313,-808,865
3299,-753,768
3267,-655,649
3208,-583,558
3171,-502,475
3196,-398,380
3261,-257,351
3303,-177,340
3345,-96,330
3447,-51,302
3596,-26,286
3765,17,277
3928,83,319
4044,160,397
4143,233,513
4259,315,658
4394,365,815
4553,422,990
4724,499,1174
4878,571,1360
5014,650,1556
5142,730,1762
5241,773,1929
5316,779,2081
5337,708,2201
5257,543,2238
5151,385,2242
5059,260,2230
4991,181,2170
4986,82,2056
5033,-48,1879
5103,-223,1623
5172,-397,1332
5298,-565,1051
5460,-742,784
5598,-925,507
5670,-1064,208
5670,-1103,-82
5603,-1085,-360
5464,-1047,-642
5241,-980,-920
4969,-898,-1182
4664,-800,-1422
4364,-719,-1637
4103,-694,-1817
3907,-679,-1964
3787,-683,-2072
3754,-688,-2142
3820,-723,-2171
3946,-819,-2185
4100,-957,-2182
4253,-1146,-2138
4414,-1375,-2020
4589,-1598,-1809
4763,-1748,-1556
4959,-1806,-1271
5116,-1810,-955
5238,-1725,-652
5314,-1549,-378
5326,-1335,-159
5294,-1179,6
5226,-1081,127
5132,-1061,206
5020,-1105,250
4922,-1188,247
4835,-1258,190
4742,-1299,98
4659,-1293,-19
4591,-1246,-151
4546,-1153,-275
4504,-1023,-394
4459,-867,-501
4422,-691,-586
4369,-506,-640
4303,-317,-676
4217,-131,-707
4115,40,-726
4021,190,-739
3947,325,-730
3893,442,-706
3851,541,-666
3800,615,-609
3750,664,-531
3703,679,-415
3663,641,-260
3601,581,-93
3574,583,50
3543,609,170
3511,656,262
3469,697,329
3401,729,375
3311,753,397
3220,749,415
3125,735,420
3041,711,422
2964,680,438
2900,635,459
2862,554,478
2846,474,505
2852,379,532
2883,274,534
2929,156,510
3001,40,444
3072,-73,361
3151,-166,288
3222,-235,210
3267,-294,128
3282,-349,64
3269,-394,15
3240,-429,-8
3194,-454,-9
3141,-465,-8
3097,-476,16
3071,-478,52
3064,-472,95
3070,-452,127
3079,-424,143
3094,-398,139
3112,-358,123
3125,-301,107
3146,-233,96
3164,-157,92
3171,-83,96
3179,-15,106
3182,48,130
3175,101,157
3163,143,187
3154,167,216
3152,171,238
3161,168,271
3175,149,268
3196,132,306
3226,124,369
3273,109,439
3323,98,506
3385,83,562
3458,52,591
3545,4,599
3644,-49,586
3739,-104,568
3831,-157,536
3924,-216,512
4021,-271,499
4131,-341,487
4243,-401,480
4348,-463,495
4463,-537,530
4574,-605,582
4670,-654,646
4752,-696,711
4808,-730,792
4841,-757,877
4845,-777,960
4841,-810,1031
4827,-838,1107
4803,-852,1186
4796,-837,1275
4811,-804,1365
4776,-766,1415
4763,-705,1423
4799,-622,1378
4857,-517,1242
5053,-396,1065
5394,-274,837
5725,-169,556
6000,-69,275
6207,69,-25
6287,223,-313
6221,381,-576
6065,498,-802
5867,537,-1003
5617,543,-1150
5339,500,-1271
5078,448,-1388
4853,396,-1494
4661,349,-1563
4504,299,-1583
4411,274,-1557
4355,277,-1468
4371,304,-1319
4505,360,-1116
4766,444,-881
5053,541,-630
5346,663,-387
5598,803,-177
5748,912,-79
5775,1026,-102
5705,1143,-160
5550,1228,-215
5280,1269,-299
4990,1289,-396
4748,1279,-502
4473,1208,-1019
4265,1241,-1220
4080,1287,-1245
3802,1381,-1266
3515,1468,-1277
3278,1561,-1304
3091,1632,-1296
2992,1675,-1244
2960,1672,-1201
2970,1617,-1191
3027,1515,-1170
3136,1370,-1138
3295,1195,-1106
3464,1035,-1064
3622,889,-983
3740,783,-858
3808,689,-697
3853,594,-512
3915,471,-348
3992,302,-195
4080,138,-60
4156,-63,41
4214,-266,123
4262,-488,167
4280,-694,188
4302,-868,202
4293,-1023,180
4250,-1139,134
4170,-1217,55
4054,-1254,-49
3894,-1173,-171
3703,-1066,-295
3543,-951,-401
3387,-830,-471
3264,-714,-522
3189,-616,-563
3148,-530,-588
3139,-448,-598
3150,-366,-600
3188,-275,-575
3222,-191,-518
3256,-110,-444
3302,-18,-340
3358,84,-211
3414,201,-83
3471,296,38
3525,351,151
3562,360,266
3594,329,371
3629,256,459
3667,146,529
3630,52,564
3618,-28,603
3593,-112,621
3609,-227,621
3560,-308,582
3471,-367,514
3404,-419,457
3294,-470,397
3184,-539,307
3084,-601,191
3029,-629,98
3004,-613,67
3000,-583,35
2989,-523,-16
2956,-484,-111
2915,-417,-200
2883,-328,-268
2865,-275,-337
2902,-231,-344
2955,-225,-342
2977,-199,-303
2981,-141,-189
3041,-75,-94
3158,-79,-7
3304,-106,109
3442,-158,237
3600,-167,415
3742,-202,598
3880,-161,813
4026,-186,1002
4191,-134,1195
4333,-37,1344
4440,142,1454
4514,290,1487
4558,490,1474
4575,712,1462
4559,961,1421
4538,1154,1360
4511,1286,1301
4499,1357,1241
4498,1355,1182
4490,1185,1066
4518,911,956
4582,671,900
4641,490,903
4682,374,960
4701,296,1050
4706,222,1149
4706,143,1242
4695,46,1327
4666,-70,1408
4647,-213,1475
4649,-373,1524
4686,-557,1537
4758,-744,1514
4855,-907,1460
4946,-1033,1345
5023,-1112,1189
5077,-1134,981
5141,-1216,731
5215,-1296,468
5210,-1303,171
5142,-1270,-141
5048,-1245,-450
4928,-1186,-711
4804,-1134,-927
4682,-1103,-1057
4536,-1071,-1129
4343,-1053,-1191
4154,-1065,-1204
3972,-1083,-1200
3851,-1166,-1173
3787,-1232,-1108
3788,-1296,-1063
3810,-1322,-1051
3847,-1330,-1053
3921,-1358,-1032
4034,-1391,-1021
4158,-1409,-973
4262,-1422,-854
4343,-1443,-697
4428,-1430,-529
4529,-1420,-380
4589,-1404,-257
4612,-1375,-139
4618,-1315,-77
4578,-1222,-94
4509,-1184,-58
4467,-1214,-71
4402,-1186,-119
4355,-1153,-207
4247,-1066,-353
4118,-931,-519
4082,-853,-659
4076,-728,-753
4098,-591,-793
4132,-443,-785
4160,-302,-739
4211,-216,-665
4303,-197,-580
4386,-194,-497
4450,-163,-402
4468,-103,-288
4456,-34,-175
4442,57,-76
4418,141,18
4393,209,101
4363,244,165
4314,250,211
4250,247,247
4181,241,270
4110,238,299
4035,239,324
3962,248,337
3872,250,349
3773,228,355
3662,210,365
3555,214,370
3455,240,381
3376,262,399
3326,299,425
3297,336,472
3286,363,537
3282,385,616
3295,392,694
3339,369,773
3385,337,838
3438,297,900
3490,242,949
3526,197,977
3556,154,969
3578,113,932
3584,40,860
3564,-47,778
3503,-121,682
3441,-208,572
3389,-286,465
3341,-363,369
3292,-431,280
3239,-481,200
3192,-536,121
3141,-571,59
3090,-583,5
3042,-579,-19
2997,-566,-20
2961,-545,-7
2913,-505,49
2869,-478,147
2832,-458,252
2801,-428,360
2780,-402,472
2772,-390,569
2783,-388,651
2817,-412,716
2865,-427,764
2942,-476,787
3008,-515,791
3060,-529,794
3117,-535,805
3187,-543,805
3273,-562,804
3350,-578,803
3413,-589,797
3489,-603,781
3567,-623,774
3650,-635,764
3729,-645,751
3812,-644,742
3889,-632,738
3972,-630,732
4052,-628,732
4130,-628,736
4202,-642,759
4271,-665,800
4331,-708,856
4382,-768,925
4422,-825,1008
4468,-864,1101
4500,-885,1201
4530,-900,1285
4547,-915,1359
4564,-927,1418
4577,-914,1456
4583,-867,1480
4588,-782,1513
4584,-697,1550
4560,-615,1586
4528,-545,1598
4520,-481,1602
4527,-421,1581
4617,-363,1532
4887,-297,1479
5184,-234,1367
5466,-173,1185
5769,-93,953
6062,8,697
6267,148,465
6327,310,252
6215,480,37
5954,637,-183
5622,755,-378
5295,793,-527
5022,763,-641
4822,692,-711
4635,669,-730
4501,677,-727
4355,711,-733
4201,733,-737
4043,751,-729
3880,741,-739
3766,724,-776
3741,725,-828
3757,744,-878
3855,803,-906
3990,926,-903
4156,1078,-847
4319,1192,-781
4507,1301,-693
4647,1376,-583
4705,1382,-469
4705,1291,-381
4627,1141,-319
4455,989,-328
4238,678,-685
4107,484,-763
4017,323,-676
3891,252,-504
3727,236,-364
3563,238,-272
3409,249,-272
3307,295,-316
3314,319,-373
3394,300,-451
3538,237,-549
3719,165,-616
3893,78,-693
4036,-31,-774
4155,-149,-820
4235,-258,-837
4280,-354,-816
4294,-430,-757
4286,-494,-686
4267,-552,-616
4233,-614,-549
4200,-681,-505
4154,-745,-485
4101,-800,-482
4023,-820,-467
3949,-820,-430
3893,-769,-350
3849,-706,-235
3800,-655,-121
3735,-626,-29
3651,-589,46
3567,-532,89
3569,-473,106
3617,-397,114
3668,-316,109
3713,-234,102
3751,-159,92
3777,-81,93
3794,-9,103
3809,57,99
3836,99,98
3834,143,94
3816,168,102
3802,183,103
3804,190,94
3791,194,66
3753,197,37
3653,233,6
3545,271,-38
3462,276,-100
3394,267,-174
3327,248,-235
3287,196,-287
3265,168,-315
3234,142,-321
3225,107,-305
3221,77,-284
3217,66,-247
3206,63,-202
3211,73,-146
3229,86,-97
3249,105,-45
3286,124,5
3331,129,49
3378,100,86
3418,61,115
3461,24,140
3503,-24,160
3535,-76,179
3539,-106,203
3610,-139,228
3716,-173,246
3801,-198,243
3857,-220,240
3881,-230,245
3875,-224,247
3841,-212,237
3838,-174,206
3877,-132,143
3906,-79,71
3925,-28,25
3942,29,-10
3984,69,-46
4061,115,-84
4147,152,-110
4232,184,-121
4301,217,-108
4358,245,-78
4392,284,-37
4413,331,2
4420,376,50
4416,432,101
4421,498,162
4446,560,227
4482,615,305
4520,675,386
4558,724,484
4606,759,587
4645,773,702
4683,750,822
4715,702,934
4725,654,1036
4741,545,1130
4737,399,1193
4735,301,1225
4763,253,1238
4814,209,1232
4897,141,1187
5022,38,1097
5199,-79,963
5467,-205,768
5784,-332,520
6137,-441,255
6514,-552,-22
6836,-641,-293
7031,-675,-525
7028,-638,-712
6765,-539,-841
6333,-364,-911
5836,-184,-941
5345,-62,-952
4884,46,-966
4524,173,-1000
4208,282,-1059
3926,388,-1152
3635,468,-1259
3338,506,-1355
3086,553,-1448
2947,557,-1522
2783,545,-1565
2638,477,-1606
2496,407,-1649
2412,326,-1655
2398,237,-1623
2430,134,-1565
2508,20,-1491
2615,-87,-1393
2803,-243,-1278
3057,-521,-1162
3280,-806,-1018
3465,-1019,-816
3627,-1205,-591
3784,-1353,-353
3930,-1450,-133
4062,-1502,65
4178,-1519,219
4277,-1506,309
4350,-1452,318
4411,-1362,243
4480,-1231,117
4560,-1074,-44
4656,-882,-202
4759,-658,-326
4805,-405,-411
4793,-108,-452
4746,137,-413
4699,379,-361
4668,619,-330
4651,858,-281
4642,1082,-200
4622,1290,-96
4593,1477,31
4556,1654,173
4516,1801,309
4460,1898,426
4427,1888,516
4411,1729,565
4387,1535,588
4326,1383,594
4228,1242,600
4124,1018,619
4020,855,601
3935,760,554
3875,661,495
3793,599,446
3708,549,398
3629,502,356
3553,478,328
3498,464,333
3463,436,347
3425,401,371
3439,308,382
3472,152,371
3539,-29,361
3626,-225,347
3683,-438,283
3737,-658,180
3750,-811,96
3733,-936,31
3655,-995,-21
3539,-989,-57
3425,-941,-73
3333,-851,-102
3261,-695,-125
3207,-450,-138
3180,-222,-146
3169,-20,-126
3176,148,-82
3188,281,-33
3200,388,25
3222,470,81
3242,521,144
3268,509,197
3304,432,244
3344,350,286
3366,269,311
3380,215,336
3379,180,366
3374,132,397
3378,72,420
3379,22,433
3374,-31,438
3370,-97,431
3383,-184,406
3400,-279,364
3415,-377,336
3420,-443,315
3428,-512,315
3440,-564,324
3494,-639,337
3517,-685,379
3555,-718,444
3658,-814,504
3777,-962,528
3873,-1076,552
3988,-1191,569
4114,-1337,593
4248,-1479,637
4380,-1604,692
4494,-1722,724
4586,-1851,715
4644,-1960,688
4676,-2017,668
4663,-2006,663
4608,-1929,669
4556,-1882,659
4463,-1841,654
4390,-1815,684
4344,-1806,722
4279,-1791,779
4200,-1768,831
4140,-1706,896
4045,-1590,931
4001,-1434,984
4114,-1242,1038
4341,-1069,1027
4649,-945,916
4970,-865,727
5338,-753,517
5700,-623,314
6004,-479,116
6221,-298,-106
6307,-100,-360
6284,149,-621
6186,452,-852
6020,780,-1034
5766,1101,-1175
5463,1406,-1262
5138,1722,-1305
4852,1984,-1302
4641,2174,-1244
4522,2227,-1148
4462,2110,-1010
4440,1960,-803
4437,1817,-562
4442,1667,-336
4486,1469,-134
4502,1383,-6
4506,1385,49
4459,1445,46
4378,1502,-9
4312,1328,-541
4383,1203,-763
4473,1155,-749
4504,1123,-637
4428,1046,-541
4262,916,-500
4034,747,-529
3770,594,-578
3420,686,-629
3114,699,-748
2906,621,-831
2765,541,-905
2712,445,-987
2752,340,-1091
2853,256,-1190
3048,182,-1246
3242,154,-1281
3433,135,-1325
3642,117,-1378
3849,114,-1431
4041,129,-1448
4199,132,-1409
4348,123,-1335
4461,106,-1205
4522,76,-1054
4521,44,-896
4463,22,-750
4396,18,-614
4350,31,-489
4321,45,-376
4297,79,-273
4306,140,-184
4347,208,-119
4368,249,-97
4338,245,-124
4259,225,-189
4179,226,-266
4103,230,-346
4039,245,-416
3988,264,-476
3937,277,-509
3885,285,-523
3829,297,-514
3779,309,-483
3761,284,-426
3759,226,-356
3743,155,-284
3707,93,-217
3676,25,-166
3658,-71,-144
3640,-185,-143
3626,-296,-157
3621,-393,-178
3622,-480,-213
3624,-545,-243
3619,-583,-273
3594,-596,-302
3554,-595,-333
3510,-597,-360
3480,-592,-387
3457,-575,-400
3435,-556,-413
3406,-537,-442
3403,-523,-466
3428,-516,-474
3464,-505,-471
3492,-487,-456
3520,-471,-429
3547,-446,-388
3596,-416,-337
3652,-372,-273
3721,-338,-201
3798,-316,-118
3872,-319,-41
3930,-328,33
3971,-342,117
3988,-364,177
3977,-374,229
3955,-388,278
3933,-379,330
3895,-338,380
3863,-310,415
3818,-274,448
3752,-223,445
3739,-201,421
3757,-164,381
3765,-135,319
3755,-105,252
3752,-95,178
3742,-81,112
3724,-50,51
3736,-26,-2
3779,4,-62
3823,38,-119
3857,72,-168
3886,104,-197
3920,141,-190
3967,167,-156
4029,166,-100
4090,136,-41
4165,89,33
4254,50,115
4337,21,206
4414,-6,298
4491,-24,392
4548,-45,484
4587,-60,570
4621,-57,634
4631,-43,691
4611,-5,754
4572,10,806
4507,16,856
4448,-24,882
4412,-85,916
4393,-139,959
4399,-188,1007
4426,-229,1051
4488,-276,1081
4600,-331,1085
4750,-408,1054
4924,-475,993
5107,-544,924
5297,-612,835
5503,-700,724
5710,-781,597
5900,-841,459
6045,-892,289
6146,-908,91
6165,-894,-109
6141,-818,-286
6078,-703,-440
5933,-541,-556
5713,-356,-641
5449,-185,-694
5169,-59,-716
4906,4,-714
4598,32,-729
4269,42,-786
3984,-2,-881
3706,-64,-992
3458,-127,-1109
3229,-137,-1254
3037,-158,-1368
2916,-252,-1441
2918,-376,-1452
2945,-475,-1430
2938,-582,-1442
2894,-662,-1480
2828,-720,-1505
2749,-755,-1493
2669,-759,-1440
2575,-720,-1344
2456,-628,-1249
2436,-574,-1148
2506,-541,-1025
2623,-515,-888
2765,-509,-758
2912,-493,-627
3064,-459,-506
3246,-409,-414
3430,-333,-350
3611,-218,-309
3806,-93,-298
4011,25,-321
4202,117,-367
4387,194,-432
4526,290,-466
4607,378,-486
4637,439,-483
4629,449,-481
4624,420,-471
4647,355,-427
4645,276,-357
4620,196,-290
4609,145,-228
4600,152,-150
4566,199,-83
4519,253,-45
4477,306,-40
4445,361,-51
4394,399,-69
4331,404,-84
4260,371,-96
4175,331,-117
4065,280,-150
3953,219,-168
3844,128,-164
3762,61,-166
3701,0,-186
3650,-51,-218
3611,-97,-251
3582,-144,-280
3569,-185,-293
3571,-234,-296
3586,-296,-277
3624,-371,-246
3683,-445,-210
3727,-514,-163
3759,-575,-120
3791,-637,-85
3814,-685,-67
3824,-720,-55
3825,-748,-40
3830,-753,-32
3839,-752,-32
3868,-776,-117
3893,-773,-158
3916,-750,-170
3908,-700,-166
3895,-643,-152
3881,-584,-148
3871,-530,-152
3829,-468,-162
3781,-396,-160
3738,-328,-147
3689,-260,-124
3661,-209,-94
3665,-178,-62
3663,-170,-40
3645,-179,-29
3621,-194,-10
3628,-238,-2
3659,-289,4
3670,-324,9
3668,-341,15
3658,-344,48
3647,-333,102
3628,-312,162
3618,-280,211
3614,-266,240
3611,-277,252
3616,-309,239
3627,-350,213
3646,-389,188
3664,-424,160
3690,-457,129
3725,-484,109
3765,-498,90
3817,-506,74
3869,-508,56
3911,-515,35
3949,-520,15
3982,-531,-12
4009,-548,-49
4044,-572,-90
4077,-597,-121
4119,-623,-140
4157,-655,-152
4199,-686,-153
4247,-710,-148
4297,-729,-134
4349,-742,-115
4400,-768,-95
4442,-805,-85
4476,-856,-83
4507,-907,-92
4542,-964,-108
4571,-1032,-114
4588,-1104,-102
4609,-1172,-61
4620,-1243,3
4617,-1318,92
4609,-1390,196
4613,-1451,298
4626,-1494,383
4655,-1540,420
4733,-1618,419
4881,-1680,381
5055,-1701,320
5203,-1579,243
5329,-1461,134
5396,-1337,41
5448,-1171,-29
5460,-963,-96
5424,-728,-208
5340,-487,-366
5238,-234,-537
5109,19,-712
4988,273,-875
4864,505,-995
4716,717,-1088
4588,891,-1157
4493,1010,-1175
4431,1062,-1127
4405,1017,-1021
4410,956,-835
4389,920,-619
4357,887,-411
4323,846,-223
4282,785,-67
4230,764,55
4164,732,137
4053,551,-135
3972,431,-309
3921,345,-338
3843,283,-294
3727,225,-266
3596,179,-279
3440,184,-314
3300,235,-412
3153,341,-560
3004,481,-724
2910,558,-858
2876,614,-982
2903,625,-1130
2979,607,-1284
3069,597,-1420
3140,634,-1544
3202,686,-1623
3254,746,-1659
3309,812,-1634
3367,870,-1552
3455,917,-1426
3575,943,-1264
3714,972,-1114
3876,979,-972
4028,990,-812
4183,974,-649
4348,920,-478
4517,836,-317
4666,721,-175
4751,567,-80
4825,367,-13
4886,154,37
4944,-50,69
4975,-248,84
4978,-443,78
4937,-613,48
4838,-756,-8
4687,-862,-100
4522,-926,-217
4318,-931,-347
4113,-815,-463
3916,-637,-571
3739,-458,-656
3606,-331,-706
3504,-248,-723
3430,-209,-698
3377,-193,-641
3342,-186,-554
3339,-190,-445
3355,-187,-313
3388,-168,-172
3435,-123,-49
3484,-63,62
3518,17,151
3546,128,213
3570,254,273
3595,378,337
3581,485,388
3548,555,421
3519,582,434
3493,576,416
3497,537,382
3514,475,333
3548,416,277
3594,365,212
3663,310,148
3736,254,84
3810,199,12
3877,153,-46
3918,108,-90
3946,54,-111
3965,7,-134
3986,-39,-148
4011,-78,-150
4044,-111,-140
4061,-124,-124
4089,-130,-95
4109,-118,-59
4091,-70,-19
4059,-15,14
4076,0,39
4059,28,67
4028,73,87
3999,134,111
4013,157,127
4013,193,163
3986,241,192
3942,263,204
3894,262,205
3829,242,211
3777,187,201
3733,109,179
3700,35,171
3668,-42,183
3664,-133,204
3688,-204,230
3719,-244,245
3742,-276,257
3755,-291,255
3778,-311,241
3805,-341,219
3832,-357,177
3862,-379,129
3910,-389,65
3964,-413,28
4011,-454,4
4052,-483,-25
4088,-513,-43
4121,-517,-45
4166,-496,-37
4169,-479,-7
4183,-452,21
4201,-385,54
4233,-314,107
4268,-240,190
4334,-180,288
4407,-142,386
4480,-86,486
4558,-44,586
4644,-9,665
4721,21,722
4783,62,753
4833,119,757
4884,164,728
4949,198,673
5023,239,593
5111,282,499
5207,295,389
5323,298,282
5446,287,167
5571,222,70
5671,138,-6
5723,69,-39
5755,15,-53
5746,-26,-54
5698,-10,-29
5579,74,17
5418,189,79
5232,285,108
5104,286,97
4970,292,74
4855,281,41
4753,238,-5
4687,135,-79
4649,-13,-171
4607,-172,-270
4538,-315,-355
4440,-440,-418
4306,-536,-461
4137,-615,-476
3926,-678,-480
3720,-717,-452
3493,-697,-431
3308,-716,-396
3130,-759,-384
2973,-790,-404
2844,-805,-461
2755,-820,-537
2678,-835,-633
2615,-849,-741
2596,-869,-865
2602,-902,-988
2645,-938,-1095
2729,-970,-1204
2838,-969,-1304
2952,-936,-1406
3068,-872,-1491
3166,-798,-1552
3244,-705,-1576
3313,-638,-1572
3372,-597,-1532
3438,-584,-1464
3529,-599,-1362
3634,-647,-1227
3766,-702,-1076
3909,-740,-883
4051,-754,-676
4215,-735,-430
4379,-675,-191
4516,-562,15
4623,-426,180
4699,-260,314
4752,-89,417
4766,58,475
4747,183,490
4688,273,463
4604,322,388
4524,304,291
4429,206,164
4338,96,49
4264,-1,-43
4185,-56,-110
4093,-73,-159
3983,-77,-188
3877,-83,-210
3787,-104,-220
3703,-129,-231
3634,-180,-220
3599,-268,-175
3564,-342,-130
3546,-394,-99
3529,-432,-62
3515,-471,-26
3510,-495,14
3519,-528,46
3534,-561,74
3556,-587,96
3600,-627,113
3647,-666,135
3657,-678,155
3658,-679,175
3665,-672,189
3689,-669,196
3711,-654,191
3712,-622,185
3677,-558,179
3595,-460,164
3522,-370,141
3483,-314,117
3468,-287,86
3469,-279,54
3465,-273,29
3465,-268,16
3478,-254,4
3476,-232,-6
3468,-203,-6
3453,-165,-1
3443,-127,12
3429,-96,30
3413,-81,46
3407,-85,66
3418,-101,85
3432,-123,102
3448,-139,127
3460,-163,160
3488,-198,191
3515,-247,202
3548,-305,193
3578,-359,188
3602,-407,186
3619,-419,236
3641,-437,291
3655,-456,337
3652,-455,379
3639,-443,401
3621,-421,428
3615,-399,448
3610,-384,458
3612,-381,465
3627,-386,477
3650,-392,486
3683,-398,495
3720,-408,509
3768,-423,514
3828,-439,506
3888,-454,491
3949,-471,472
4010,-492,449
4061,-512,426
4102,-528,405
4137,-540,384
4164,-562,360
4201,-602,333
4241,-660,291
4284,-725,240
4321,-794,189
4356,-852,144
4390,-910,115
4428,-950,101
4478,-994,103
4534,-1064,105
4587,-1137,114
4632,-1195,138
4673,-1240,175
4718,-1284,227
4765,-1321,290
4807,-1356,372
4826,-1390,473
4823,-1425,582
4803,-1448,693
4797,-1451,802
4819,-1454,885
4860,-1458,941
4927,-1442,956
5009,-1345,937
5141,-1226,890
5322,-1140,809
5514,-1054,706
