4140,584,351
4099,554,368
4059,520,380
4037,499,391
4009,472,382
3991,442,371
3975,402,351
3959,375,340
3948,344,335
3943,324,330
3935,304,333
3925,285,328
3914,264,328
3911,246,335
3906,232,334
3895,236,341
3891,240,351
3881,249,359
3882,261,368
3898,272,381
3919,266,385
3949,236,388
3982,208,410
4023,178,432
4062,149,458
4084,136,482
4100,133,502
4107,130,510
4112,130,525
4119,124,537
4131,106,549
4152,93,558
4190,78,565
4236,58,565
4283,47,559
4324,46,549
4355,47,541
4374,63,539
4374,87,539
4345,117,539
4290,158,539
4216,195,541
4139,238,540
4049,275,536
3955,308,533
3862,348,527
3775,386,524
3683,428,516
3612,474,508
3559,523,491
3527,569,465
3520,607,441
3522,632,419
3543,646,397
3577,634,383
3619,596,381
3664,557,396
3698,513,431
3711,470,464
3732,428,497
3755,392,526
3784,368,552
3817,326,569
3857,272,591
3901,210,613
3936,147,638
3962,89,660
3982,43,680
4002,12,692
4015,-2,692
4018,-19,681
4009,-25,662
3996,-17,634
3976,-13,601
3962,-10,557
3946,-12,508
3928,-18,461
3912,-22,423
3893,-34,395
3871,-55,376
3844,-70,367
3815,-77,377
3803,-66,396
3794,-68,416
3796,-70,443
3788,-67,474
3777,-61,504
3768,-66,522
3758,-60,535
3749,-47,529
3735,-27,515
3712,6,506
3688,32,497
3673,52,486
3668,55,481
3675,48,473
3690,35,469
3714,17,465
3745,7,450
3780,4,432
3821,10,421
3854,29,413
3891,43,410
3928,55,412
3961,67,424
3989,66,441
4020,56,451
4044,40,455
4058,21,449
4068,-1,443
4083,-40,440
4091,-86,438
4092,-129,443
4078,-187,447
4068,-252,456
4045,-316,479
4032,-371,501
4024,-416,526
4019,-440,546
4017,-450,564
4025,-451,571
4039,-448,566
4051,-438,557
4053,-420,544
4047,-409,528
4042,-405,518
4032,-400,506
4018,-397,504
4002,-378,507
3977,-352,514
3943,-321,512
3909,-285,511
3882,-243,509
3868,-209,507
3865,-184,500
3865,-170,494
3871,-148,489
3891,-132,481
3915,-130,483
3937,-128,491
3954,-137,493
3967,-159,501
3976,-183,509
3979,-223,516
3977,-264,524
3978,-294,538
3984,-324,539
3990,-343,533
3997,-353,533
4015,-376,525
4034,-407,515
4052,-452,498
4064,-491,478
4061,-524,435
4053,-549,400
4048,-559,361
4036,-568,336
4016,-574,309
3999,-587,280
3981,-606,251
3953,-629,222
3930,-660,196
3917,-688,168
3907,-705,141
3902,-713,111
3902,-725,83
3902,-742,66
3909,-753,52
3918,-755,48
3935,-757,51
3958,-749,65
3987,-746,85
4030,-741,111
4070,-726,139
4118,-704,175
4173,-673,217
4227,-653,265
4278,-633,317
4319,-607,361
4347,-574,392
4357,-538,418
4349,-501,440
4329,-465,469
4306,-444,493
4280,-435,511
4243,-424,530
4204,-414,543
4166,-413,549
4138,-411,545
4118,-412,528
4106,-412,499
4099,-414,476
4089,-403,449
4074,-404,421
4057,-405,399
4047,-419,372
4023,-427,348
4008,-442,327
3983,-449,307
3957,-454,285
3926,-462,274
3898,-469,270
3878,-482,270
3858,-492,274
3852,-506,280
3840,-517,285
3821,-523,303
3806,-520,316
3787,-503,329
3770,-478,352
3757,-445,372
3759,-408,390
3767,-370,401
3777,-331,406
3785,-290,408
3802,-253,404
3827,-225,397
3856,-211,391
3886,-204,377
3919,-202,367
3953,-204,354
3984,-205,338
4014,-195,317
4041,-181,298
4060,-160,295
4080,-138,282
4099,-121,271
4136,-101,257
4200,-82,234
4273,-75,211
4359,-66,178
4437,-57,151
4495,-49,127
4532,-33,114
4544,-19,104
4523,-8,123
4473,5,153
4410,22,190
4331,28,230
4249,24,262
4165,19,288
4075,7,307
3984,-15,323
3911,-46,330
3874,-98,334
3874,-148,331
3867,-196,319
3854,-229,307
3838,-253,290
3820,-279,274
3815,-300,264
3812,-309,259
3800,-316,247
3802,-326,242
3815,-349,241
3822,-371,259
3842,-392,277
3867,-413,303
3887,-440,331
3913,-467,352
3936,-485,370
3921,-495,381
3881,-493,372
3840,-488,349
3804,-472,319
3776,-445,288
3764,-408,260
3758,-363,226
3761,-317,206
3767,-261,187
3782,-200,161
3791,-140,142
3799,-82,133
3803,-28,152
3789,41,189
3779,97,234
3764,155,273
3754,208,308
3757,251,343
3779,269,374
3834,257,392
3909,229,419
3958,191,439
3981,160,447
3986,129,444
3976,99,435
3964,76,418
3955,38,399
3941,9,379
3913,-37,355
3893,-83,331
3886,-131,310
3881,-168,295
3881,-200,285
3881,-210,285
3882,-201,292
3882,-174,308
3895,-140,329
3911,-109,360
3929,-80,392
3936,-55,428
3938,-32,449
3948,-20,461
3953,-14,473
3971,-14,477
3989,-19,474
4012,-29,466
4032,-41,455
4051,-61,444
4066,-85,437
4077,-110,441
4087,-129,456
4094,-151,477
4100,-177,507
4108,-198,541
4120,-219,581
4131,-230,630
4130,-243,676
4131,-245,719
4132,-234,763
4122,-216,807
4114,-189,844
4106,-160,870
4093,-135,886
4080,-113,887
4066,-97,873
4051,-85,852
4033,-75,821
4019,-77,782
4010,-76,744
4010,-81,709
4006,-84,678
3994,-79,649
3986,-59,618
3976,-38,588
3964,-19,566
3952,6,550
3935,30,529
3933,51,517
3931,72,510
3924,94,509
3915,117,515
3909,136,526
3904,156,539
3903,167,551
3908,182,558
3923,189,572
3939,196,588
3955,178,599
3965,144,616
3980,94,627
3990,50,632
3991,16,634
3983,-8,620
3979,-32,601
3970,-55,577
3954,-79,550
3936,-99,526
3921,-106,502
3911,-103,476
3910,-90,461
3902,-79,456
3899,-70,458
3895,-59,471
3886,-45,484
3882,-33,507
3878,-20,537
3876,-9,568
3874,0,597
3871,5,623
3874,6,651
3887,6,665
3892,6,679
3886,3,685
3888,6,685
3881,7,682
3879,7,676
3875,5,671
3880,4,664
3884,5,651
3899,1,636
3904,-3,623
3912,-7,616
3928,-7,614
3939,3,614
3964,13,616
3980,23,622
3991,33,627
4006,40,630
4022,48,631
4030,57,625
4029,60,620
4019,63,606
4003,65,597
3980,71,593
3952,70,588
3925,67,584
3897,63,567
3876,59,551
3865,53,545
3867,46,534
3869,46,528
3874,43,516
3873,50,506
3877,63,502
3880,72,499
3881,76,487
3879,85,472
3866,93,460
3849,107,447
3832,115,436
3811,122,432
3789,124,428
3770,129,424
3750,130,424
3748,131,421
3749,131,423
3755,132,422
3763,132,424
3781,133,423
3798,131,425
3808,136,433
3812,135,442
3820,138,451
3838,141,470
3842,136,483
3850,128,487
3859,125,491
3865,125,493
3867,133,481
3863,146,467
3857,168,452
3857,192,437
3851,216,419
3848,238,404
3851,259,396
3861,278,388
3869,299,389
3866,324,387
3871,345,393
3873,365,401
3872,372,404
3869,385,410
3866,394,417
3880,398,426
3904,394,441
3929,390,453
3942,385,463
3968,377,470
3995,363,469
4036,346,473
4075,332,480
4106,311,478
4128,295,477
4142,280,486
4157,260,486
4168,238,486
4168,213,487
4158,194,478
4132,179,466
4112,168,450
4090,159,433
4079,151,417
4069,140,400
4078,124,376
4090,107,353
4095,95,335
4095,87,317
4088,88,304
4083,101,291
4076,120,283
4080,152,284
4086,180,290
4093,201,298
4096,221,303
4096,236,303
4093,252,298
4092,257,281
4088,257,257
4088,250,232
4073,239,207
4069,214,187
4065,192,179
4062,172,173
4059,152,184
4055,134,194
4054,118,205
4055,109,214
4051,99,217
4040,98,223
4024,91,232
4000,91,233
3972,90,235
3950,91,229
3932,90,221
3918,90,213
3909,92,216
3899,85,225
3891,87,225
3888,88,231
3885,95,232
3879,101,234
3871,111,232
3860,126,231
3841,143,221
3822,167,220
3806,195,219
3797,238,221
3792,284,232
3799,329,259
3843,373,287
3941,401,306
4058,424,293
4194,427,252
4325,410,200
4503,406,99
4674,407,-10
4782,419,-85
4856,434,-122
4923,457,-132
4946,500,-135
4936,554,-133
4878,593,-122
4789,617,-96
4656,622,-44
4494,607,28
4303,573,100
4123,509,162
3981,427,206
3882,361,223
3820,320,213
3805,296,187
3831,302,163
3846,330,129
3826,354,73
3796,362,18
3757,385,-28
3720,395,-74
3698,382,-112
3678,373,-137
3649,363,-162
3621,349,-184
3581,337,-204
3546,330,-219
3520,302,-212
3516,235,-183
3515,181,-145
3524,153,-102
3532,138,-67
3543,118,-44
3563,100,-28
3597,96,-19
3640,100,-15
3694,97,-6
3740,94,-7
3784,97,-14
3821,109,-21
3854,115,-31
3888,99,-56
3932,53,-86
3974,-4,-104
4013,-48,-115
4063,-62,-126
4099,-69,-133
4130,-59,-136
4156,-57,-145
4188,-51,-165
4215,-52,-192
4234,-56,-227
4251,-53,-257
4252,-44,-269
4252,-39,-279
4231,-31,-286
4217,-31,-280
4207,-33,-272
4195,-29,-257
4177,-36,-240
4164,-48,-214
4155,-77,-190
4147,-121,-155
4138,-160,-106
4122,-197,-49
4106,-232,-9
4088,-258,15
4081,-276,29
4072,-293,31
4051,-317,22
4030,-339,4
4010,-356,-17
3980,-364,-33
3948,-369,-42
3920,-376,-52
3908,-380,-51
3900,-378,-53
3895,-375,-55
3890,-368,-53
3882,-365,-53
3878,-361,-53
3875,-351,-62
3858,-331,-72
3835,-292,-86
3799,-253,-99
3781,-228,-117
3768,-204,-142
3779,-160,-179
3796,-134,-201
3806,-124,-192
3835,-126,-178
3871,-127,-165
3898,-129,-147
3918,-135,-132
3934,-146,-112
3943,-159,-94
3950,-167,-75
3962,-181,-64
3981,-190,-58
4000,-204,-47
4015,-224,-49
4025,-241,-61
4029,-245,-78
4030,-243,-83
4025,-239,-84
4012,-239,-82
4005,-242,-79
3998,-248,-74
3986,-257,-75
3989,-265,-66
3991,-271,-62
3997,-279,-54
4003,-287,-46
4018,-292,-45
4040,-287,-31
4059,-277,-21
4077,-259,-10
4088,-240,1
4095,-227,14
4102,-216,23
4106,-207,30
4106,-199,36
4116,-185,47
4126,-173,60
4133,-162,68
4135,-154,73
4126,-148,80
4117,-146,84
4111,-149,92
4107,-160,105
4105,-177,118
4105,-203,128
4105,-230,139
4105,-251,146
4103,-262,154
4102,-267,167
4097,-271,170
4096,-262,173
4084,-244,175
4075,-233,172
4067,-229,157
4050,-224,145
4038,-207,137
4023,-195,126
4013,-181,121
4006,-171,121
3992,-167,122
3976,-171,120
3961,-176,118
3943,-183,120
3924,-189,116
3914,-203,119
3910,-213,125
3898,-223,122
3891,-240,121
3895,-261,117
3899,-284,118
3907,-295,116
3910,-305,121
3924,-311,126
3939,-309,129
3952,-315,136
3960,-318,141
3973,-319,150
3977,-321,158
3977,-330,163
3978,-338,167
3974,-336,166
3967,-338,165
3965,-342,162
3964,-343,157
3974,-345,153
3983,-351,144
3987,-357,130
3982,-353,120
3985,-354,111
3978,-349,107
3973,-346,106
3963,-334,104
3955,-320,105
3955,-307,108
3961,-295,121
3968,-285,126
3982,-279,131
3995,-286,135
4005,-294,136
4010,-298,145
4012,-293,159
4012,-291,174
4010,-290,181
4017,-290,178
4018,-289,179
4021,-298,175
4033,-295,172
4049,-300,166
4054,-312,152
4047,-320,137
4035,-327,141
4013,-327,152
3997,-324,166
3977,-316,177
3961,-315,187
3952,-312,193
3947,-323,192
3944,-331,194
3944,-338,195
3941,-338,190
3940,-334,189
3942,-325,182
3933,-311,172
3927,-294,154
3923,-285,142
3922,-277,126
3930,-272,115
3937,-272,108
3944,-270,102
3950,-267,107
3957,-257,114
3962,-255,129
3962,-252,151
3964,-249,174
3966,-249,204
3968,-248,234
3974,-249,266
3976,-253,286
3977,-259,301
3975,-264,314
3973,-264,324
3969,-266,324
3967,-268,319
3964,-270,312
3962,-272,293
3955,-274,277
3948,-281,263
3938,-279,248
3927,-282,229
3928,-282,222
3936,-284,212
3940,-287,201
3940,-283,194
3950,-288,189
3952,-291,193
3962,-287,201
3971,-279,216
3975,-271,226
3984,-267,238
3990,-265,243
4004,-266,259
4013,-265,278
4018,-262,295
4024,-263,312
4030,-268,321
4036,-270,333
4036,-278,339
4035,-280,336
4029,-282,339
4020,-293,327
4019,-296,311
4015,-298,304
4005,-299,294
3992,-299,278
3987,-294,262
3984,-295,244
3979,-300,227
3970,-309,208
3958,-314,190
3957,-317,184
3949,-315,186
3948,-322,187
3946,-316,192
3948,-307,207
3954,-294,210
3969,-282,215
3979,-254,220
3986,-229,220
3986,-200,212
3988,-181,208
3980,-169,198
3975,-159,184
3966,-163,165
3962,-178,145
3962,-198,126
3966,-213,110
3968,-229,97
3973,-240,94
3978,-245,95
3991,-249,92
4006,-249,95
4021,-245,98
4033,-242,110
4033,-244,123
4035,-251,141
4035,-251,162
4035,-242,175
4024,-227,192
4016,-218,204
4000,-208,217
3998,-197,227
3995,-198,231
4006,-201,235
4016,-196,235
4027,-193,226
4039,-200,213
4047,-202,198
4045,-211,187
4041,-220,180
4029,-224,173
4013,-232,166
4000,-235,163
3985,-238,158
3977,-244,155
3975,-251,153
3977,-261,145
3989,-266,140
4000,-267,143
4023,-268,135
4038,-268,127
4044,-271,128
4042,-273,123
4035,-275,119
4025,-265,111
4019,-254,100
4009,-253,87
3990,-255,80
3978,-253,78
3963,-242,86
3950,-231,96
3948,-219,102
3957,-210,113
3974,-205,119
4006,-206,130
4035,-206,149
4062,-207,165
4089,-212,174
4120,-215,169
4146,-223,153
4148,-226,131
4133,-232,108
4119,-241,82
4106,-242,55
4070,-237,34
4028,-229,16
3997,-216,-7
3990,-200,-30
3989,-196,-52
3985,-197,-71
3995,-204,-83
4016,-218,-97
4045,-234,-107
4069,-250,-108
4089,-257,-106
4120,-269,-87
4135,-286,-64
4154,-307,-40
4176,-338,-23
4199,-367,-17
4223,-401,-28
4245,-428,-39
4272,-455,-57
4298,-481,-75
4291,-516,-84
4260,-535,-93
4185,-539,-80
4079,-534,-59
3947,-518,-29
3820,-491,-4
3722,-456,16
3686,-406,35
3688,-353,50
3713,-297,61
3758,-236,62
3812,-178,54
3854,-117,44
3899,-60,32
3942,-5,17
3976,65,6
4010,126,-14
4049,170,-40
4099,212,-77
4172,258,-120
4241,308,-162
4299,354,-201
4333,397,-224
4350,424,-238
4353,456,-240
4333,484,-234
4281,512,-229
4193,524,-212
4107,526,-182
4025,521,-147
3959,502,-141
3904,470,-147
3860,445,-146
3806,409,-151
3766,360,-168
3750,307,-189
3770,267,-199
3836,246,-203
3919,243,-197
3980,238,-204
4009,230,-228
4009,206,-257
4015,182,-285
4015,162,-296
4024,133,-293
4021,99,-282
4012,53,-268
3995,1,-251
3979,-66,-233
3967,-127,-210
3956,-180,-177
3956,-221,-142
3951,-267,-107
3954,-305,-78
3959,-341,-58
3960,-363,-34
3969,-375,-12
3976,-365,10
3977,-331,28
3977,-281,37
3979,-220,33
3982,-155,18
3984,-98,-2
3985,-52,-29
3986,-17,-60
3991,16,-89
3991,51,-125
3984,81,-152
3987,111,-178
3985,135,-201
3986,163,-222
3985,192,-236
3982,218,-241
3980,237,-243
3975,251,-239
3976,262,-237
3980,259,-227
3984,249,-207
3984,237,-181
3982,215,-154
3972,187,-119
3977,158,-94
3987,135,-74
3991,119,-62
3992,106,-51
3991,91,-42
3989,83,-35
3992,68,-42
3997,53,-49
3998,40,-59
3997,35,-76
4002,41,-90
4004,47,-108
4008,58,-117
4010,69,-124
4009,73,-122
4002,74,-116
4006,82,-105
4000,91,-94
3996,97,-93
3994,98,-96
3991,103,-99
3990,108,-100
3993,112,-100
4003,110,-100
4022,117,-89
4036,124,-78
4047,131,-66
4043,141,-59
4038,152,-54
4032,160,-57
4019,169,-55
4008,173,-58
4005,170,-56
3997,158,-48
3999,143,-29
4003,119,-15
4015,95,6
4022,69,26
4030,43,50
4035,12,71
4038,-22,96
4041,-54,108
4041,-76,108
4039,-93,110
4045,-105,110
4055,-121,105
4056,-133,93
4051,-148,78
4047,-160,56
4037,-167,41
4017,-171,24
4001,-172,14
3979,-177,-2
3955,-177,-18
3948,-165,-19
3954,-145,-13
3973,-119,0
3982,-98,8
3982,-86,22
3986,-78,39
3986,-75,60
3987,-68,75
3981,-66,83
3977,-60,77
3979,-60,68
3983,-61,53
3981,-61,43
3980,-62,31
3977,-68,20
3975,-78,7
3972,-92,2
3967,-106,-1
3961,-109,1
3955,-112,4
3951,-107,9
3947,-107,23
3953,-100,40
3957,-93,60
3962,-85,77
3965,-78,92
3973,-70,103
3973,-59,118
3977,-48,122
3978,-32,124
3967,-17,117
3959,-8,113
3959,-1,110
3964,3,109
3960,3,103
3960,2,93
3950,-2,85
3946,-10,83
3942,-19,73
3934,-30,66
3930,-32,51
3931,-34,39
3934,-35,31
3937,-43,27
3939,-46,33
3948,-51,37
3955,-55,47
3970,-59,52
3986,-58,63
3996,-55,70
4010,-57,78
4020,-56,92
4026,-61,101
4035,-66,106
4039,-68,110
4043,-67,109
4048,-68,103
4044,-67,96
4043,-65,91
4038,-68,81
4032,-70,75
4034,-71,65
4033,-70,60
4031,-70,56
4025,-69,57
4027,-63,48
4026,-57,51
4031,-58,49
4034,-62,47
4034,-67,44
4036,-73,41
4024,-74,50
4013,-76,59
4013,-75,54
4017,-74,52
4014,-76,48
4007,-73,40
4010,-66,28
4009,-58,19
4008,-54,1
4010,-50,-10
4013,-50,-6
4013,-51,-3
4015,-50,-1
4017,-45,2
4019,-44,8
4015,-43,12
4011,-40,12
4001,-40,16
3996,-37,13
3991,-33,10
3985,-33,2
3975,-34,-9
3979,-36,-29
3980,-37,-53
3978,-49,-60
3982,-56,-65
3996,-52,-75
4005,-44,-77
4012,-32,-70
4012,-23,-63
4021,-19,-54
4031,-16,-41
4025,-13,-27
4022,-14,-11
4019,-16,2
4018,-18,20
4018,-16,33
4016,-23,41
4021,-28,51
4021,-37,56
4022,-46,60
4027,-57,58
4033,-69,61
4036,-73,51
4038,-76,35
4035,-81,21
4031,-93,10
4031,-101,-11
4041,-100,-31
4055,-95,-45
4066,-85,-57
4073,-70,-60
4071,-56,-46
4075,-41,-30
4073,-36,-12
4074,-33,2
4079,-32,19
4079,-31,35
4078,-32,46
4080,-26,54
4079,-20,65
4069,-19,69
4062,-17,71
4055,-17,71
4049,-18,68
4042,-20,62
4030,-17,48
4025,-17,31
4021,-20,20
4021,-25,10
4021,-26,2
4014,-28,1
4012,-29,-1
4014,-26,-1
4012,-27,-3
4007,-29,-4
4004,-35,-1
4009,-39,3
4010,-40,6
4015,-41,9
4017,-45,11
4023,-48,15
4030,-58,15
4036,-72,14
4039,-75,15
4032,-80,19
4033,-82,25
4032,-80,23
4031,-79,22
4028,-80,23
4025,-84,14
4022,-89,14
4015,-90,11
4010,-94,9
3999,-96,8
3993,-97,6
3996,-102,5
3998,-109,6
4003,-118,7
4006,-123,11
4009,-125,13
4011,-126,21
4011,-130,28
4004,-132,35
4001,-129,44
3993,-129,53
3986,-135,58
3985,-133,57
3976,-135,57
3977,-138,53
3979,-138,46
3982,-139,38
3987,-141,33
3987,-142,23
3990,-146,16
3990,-144,12
3997,-141,10
4005,-146,9
4011,-148,12
4019,-141,23
4021,-139,33
4020,-139,40
4020,-148,56
4023,-153,73
4029,-152,83
4028,-154,91
4025,-155,103
4031,-151,107
4025,-149,122
4013,-138,129
4005,-124,136
3998,-108,143
3997,-93,137
3993,-86,128
3985,-87,112
3984,-95,89
3984,-102,77
3983,-105,68
3984,-99,63
3991,-87,66
3992,-77,79
3990,-71,84
3987,-69,90
3986,-76,90
3988,-86,93
3984,-94,101
3981,-102,106
3980,-104,104
3983,-106,96
3988,-104,88
3988,-105,77
3990,-106,70
3991,-108,62
3989,-114,57
3997,-116,60
4004,-120,57
4009,-121,61
4012,-118,62
4014,-123,68
4015,-126,73
4019,-130,83
4017,-132,94
4016,-136,108
4021,-141,114
4025,-148,119
4028,-154,123
4033,-157,131
4045,-162,136
4055,-174,129
4062,-189,124
4064,-197,124
4062,-199,127
4063,-201,133
4056,-196,142
4043,-190,150
4033,-181,158
4030,-169,167
4023,-161,168
4011,-150,163
4004,-147,158
3999,-142,158
3999,-141,146
3996,-139,131
3997,-133,118
3998,-127,100
4001,-124,86
4007,-123,74
4005,-123,65
4008,-120,63
4010,-124,67
4012,-123,72
4013,-126,83
4011,-132,99
4004,-138,118
3991,-137,143
3998,-128,155
4009,-116,160
4008,-110,173
4008,-103,186
4011,-101,193
4009,-105,201
4002,-107,200
3999,-104,196
4000,-110,192
3991,-113,186
3984,-110,174
3977,-104,160
3973,-102,143
3971,-98,130
3971,-93,122
3973,-90,117
3976,-84,119
3975,-83,119
3976,-75,119
3976,-73,124
3974,-70,130
3971,-70,135
3976,-70,139
3977,-70,144
3980,-75,149
3988,-78,151
3991,-80,155
3992,-83,155
3993,-88,151
3993,-92,152
3996,-94,150
4000,-98,151
4001,-102,149
4003,-103,145
3998,-104,142
3995,-108,145
3993,-109,147
3989,-110,151
3990,-107,159
3991,-103,163
3991,-101,164
3987,-98,161
3986,-102,161
3984,-102,162
3984,-105,160
3982,-110,154
3982,-113,148
3984,-118,145
3990,-125,140
3990,-122,142
3991,-123,147
3992,-125,149
3995,-129,143
3994,-135,145
3994,-134,142
3993,-131,141
3991,-129,140
3991,-127,139
3997,-135,137
4004,-145,140
4008,-148,143
4007,-155,159
4003,-159,169
4004,-152,179
4010,-145,190
4014,-140,196
4013,-132,200
4005,-127,198
4003,-127,195
3997,-120,184
3990,-110,175
3989,-102,173
3987,-98,167
3999,-99,164
4007,-108,163
4016,-113,169
4014,-108,176
4014,-105,178
4012,-110,177
4002,-114,170
3997,-119,171
3999,-119,166
3993,-123,159
3992,-122,155
3989,-121,150
3985,-117,150
3987,-121,156
3985,-121,164
3994,-120,171
4000,-124,176
4005,-132,183
4019,-140,191
4028,-135,197
4027,-125,208
4022,-114,217
4018,-108,223
4014,-112,227
4015,-115,231
4015,-118,233
4017,-123,235
4017,-129,240
4017,-131,235
4016,-131,230
4015,-135,223
4015,-138,214
4011,-143,211
4008,-148,201
4004,-146,200
4001,-145,199
4002,-142,197
3999,-140,191
4000,-148,192
3990,-143,197
3984,-131,206
3983,-125,215
3982,-128,218
3991,-135,218
3997,-135,216
3993,-137,216
4000,-137,217
4003,-135,207
4002,-131,208
4000,-130,206
4002,-126,203
4000,-125,197
4009,-129,190
4011,-134,193
4007,-125,196
4009,-123,200
4010,-119,203
4010,-115,210
4007,-117,218
4003,-115,224
4000,-122,224
4001,-126,222
3999,-128,218
3992,-132,220
3995,-132,219
3990,-131,218
3985,-130,216
3986,-133,215
3990,-133,212
3991,-135,206
3992,-136,203
3991,-139,202
3988,-136,204
3991,-131,199
3988,-130,202
3987,-131,201
3991,-143,203
3986,-140,208
3987,-134,214
3993,-129,218
3994,-130,219
3986,-138,220
3990,-140,217
3989,-141,221
3986,-140,216
3989,-134,209
3990,-136,207
3984,-137,204
3983,-140,202
3987,-138,200
3990,-135,198
3986,-133,210
3981,-132,214
3989,-129,221
3983,-125,219
3984,-120,220
3985,-121,211
3984,-122,205
3978,-123,199
3974,-123,193
3972,-124,189
3969,-124,185
3963,-130,187
3962,-133,180
3962,-133,175
3959,-138,172
3958,-141,176
3957,-142,180
3957,-145,188
3956,-142,193
3955,-139,204
3953,-132,214
3956,-130,220
3963,-136,223
3966,-139,225
3973,-142,227
3977,-139,229
3970,-133,227
3964,-129,221
3967,-121,211
3972,-115,204
3978,-112,189
3977,-119,183
3977,-128,178
3974,-136,169
3968,-141,161
3958,-140,160
3956,-132,169
3961,-130,184
3969,-125,192
3978,-128,192
3986,-138,182
3991,-153,168
3993,-171,156
3997,-181,142
4004,-184,130
4007,-185,122
4002,-192,114
3992,-191,99
3979,-192,88
3972,-189,85
3970,-182,89
3974,-183,97
3980,-183,106
3990,-187,110
3996,-192,110
4002,-192,113
4006,-191,118
4011,-193,123
4013,-192,132
4013,-186,134
4013,-186,144
4014,-182,157
4008,-177,165
4005,-180,169
4005,-181,175
4007,-180,177
4008,-179,175
4006,-183,168
4003,-183,164
4001,-185,159
4000,-183,146
3998,-179,135
3994,-173,125
3988,-165,118
3984,-160,109
3982,-150,109
3980,-145,124
3978,-137,145
3975,-138,163
3986,-131,164
3999,-117,167
3996,-114,165
3992,-115,165
3984,-119,177
3997,-126,180
4016,-127,182
4024,-125,182
4034,-122,186
4036,-116,186
4044,-119,185
4045,-127,182
4039,-134,185
4036,-140,183
4033,-149,179
4030,-152,173
4028,-158,163
4027,-160,150
4022,-163,138
4014,-158,132
4009,-159,130
4008,-166,124
4005,-167,120
3998,-159,124
4000,-145,128
3997,-130,130
4002,-113,135
4005,-99,142
4007,-83,144
4007,-75,147
4011,-61,162
4010,-50,172
4011,-44,181
4013,-38,190
4015,-43,197
4014,-48,201
4023,-59,202
4027,-74,203
4026,-87,202
4032,-94,204
4034,-96,208
4032,-97,208
4031,-95,205
4028,-99,200
4029,-113,193
4023,-116,187
4024,-104,182
4026,-96,183
4019,-91,176
4013,-93,171
4012,-87,164
4012,-82,163
4010,-74,160
4009,-70,155
4009,-66,152
4011,-69,152
4015,-77,152
4016,-85,152
4016,-93,153
4012,-89,162
4016,-91,175
4016,-94,178
4019,-97,186
4016,-95,189
4015,-101,185
4014,-102,184
4015,-98,189
4012,-99,191
4010,-102,193
4012,-108,194
4012,-122,195
4010,-133,194
4006,-133,195
3994,-135,192
3993,-133,186
3995,-129,175
3993,-130,163
3990,-136,153
3982,-137,145
3981,-129,137
3987,-122,128
3992,-121,119
3997,-116,115
3989,-119,122
3979,-117,140
3979,-119,158
3979,-113,178
3997,-93,191
4007,-76,203
4011,-63,211
4014,-52,214
4005,-61,213
4002,-77,205
3997,-86,198
3998,-93,186
3999,-101,174
3993,-99,158
3996,-89,139
3992,-88,125
3993,-84,117
3997,-82,108
3998,-76,105
4001,-74,108
4000,-72,109
4001,-72,111
4003,-75,121
4002,-78,139
4003,-81,150
4003,-90,170
4001,-91,187
4003,-90,197
4003,-88,205
4004,-100,204
3996,-110,195
4001,-107,190
4006,-108,183
4009,-106,169
4011,-105,159
4006,-105,149
3998,-106,138
3995,-107,123
3988,-106,112
3987,-102,105
3989,-104,106
3988,-102,115
3990,-100,119
3995,-98,123
3993,-91,126
3997,-95,127
3997,-97,135
4006,-98,140
4010,-98,145
4013,-99,150
4017,-104,154
4022,-115,159
4029,-111,157
4030,-101,164
4024,-111,177
4030,-109,180
4036,-90,178
4027,-74,180
4014,-67,185
4013,-67,180
3999,-73,188
4002,-81,194
4003,-84,192
4006,-80,183
4008,-80,176
4009,-78,167
4012,-73,165
4015,-77,158
4008,-81,158
4006,-87,155
4005,-90,153
4004,-92,148
4006,-102,145
4006,-107,150
4004,-112,155
4005,-115,154
4005,-115,164
4002,-116,172
4002,-116,179
4002,-116,184
4002,-118,193
4007,-121,197
4011,-126,200
4016,-129,195
4017,-132,192
4020,-134,198
4026,-137,197
4028,-141,190
4032,-143,187
4034,-142,183
4037,-137,180
4038,-134,176
4042,-135,174
4041,-128,164
4040,-125,164
4038,-128,164
4040,-126,171
4043,-125,177
4043,-125,185
4045,-124,188
4046,-125,189
4045,-123,193
4045,-121,195
4041,-120,198
4042,-123,201
4043,-124,210
4037,-123,218
4031,-123,233
4026,-124,248
4028,-124,256
4029,-125,266
4033,-136,273
4036,-142,281
4034,-143,291
4028,-143,294
4018,-144,297
4014,-141,295
4012,-133,288
4015,-124,280
4013,-117,269
4009,-115,258
4004,-114,247
4005,-114,234
4007,-117,231
4006,-123,234
4005,-118,244
4005,-111,257
4009,-107,270
4009,-103,286
4007,-99,293
4006,-94,292
4004,-96,287
4004,-102,282
4005,-104,277
3999,-105,264
3998,-112,252
3995,-114,238
3992,-120,220
3989,-121,208
3991,-120,195
3994,-118,203
3999,-110,219
4002,-106,238
4005,-111,251
4010,-123,254
4014,-132,252
4009,-140,258
4012,-146,259
4012,-148,260
4007,-147,264
4002,-146,267
3993,-145,264
3989,-146,261
3984,-147,255
3982,-149,251
3976,-152,245
3976,-155,251
3976,-157,252
3970,-161,251
3967,-163,247
3964,-161,236
3960,-163,224
3953,-160,207
3947,-154,195
3942,-149,185
3940,-149,182
3938,-149,172
3939,-151,172
3938,-151,176
3940,-152,185
3946,-149,191
3950,-147,201
3953,-148,216
3960,-150,227
3966,-147,236
3968,-143,243
3971,-134,248
3975,-131,249
3977,-131,247
3980,-130,249
3980,-134,251
3985,-139,250
3986,-144,247
3989,-149,251
3991,-146,247
3988,-145,245
3989,-144,238
3989,-141,237
3993,-137,243
3992,-134,244
3993,-132,254
3993,-129,252
3992,-127,248
3989,-123,247
3984,-121,247
3984,-120,245
3983,-118,240
3982,-118,235
3978,-115,234
3977,-114,236
3976,-110,236
3974,-112,233
3974,-120,233
3978,-119,233
3980,-119,235
3982,-126,238
3979,-123,247
3975,-120,248
3972,-115,252
3974,-113,257
3974,-118,256
3975,-119,258
3973,-119,263
3973,-119,269
3979,-115,271
3981,-111,270
3978,-116,271
3978,-119,269
3978,-120,263
3975,-121,258
3976,-120,254
3977,-123,241
3983,-120,237
3981,-120,230
3987,-120,229
3989,-117,224
3991,-114,228
3991,-114,232
3986,-112,234
3987,-110,243
3989,-110,251
3992,-112,261
3991,-112,271
3988,-113,278
3989,-115,280
3991,-122,278
3993,-127,274
3990,-135,273
3994,-136,273
3989,-138,274
3975,-137,275
3968,-134,270
3966,-128,262
3969,-123,251
3968,-118,243
3958,-118,234
3950,-116,224
3946,-113,213
3946,-111,213
3948,-107,223
3953,-107,239
3963,-105,251
3971,-108,260
3976,-108,264
3980,-118,268
3984,-125,271
3981,-125,274
3983,-125,279
3983,-123,285
3982,-123,283
3983,-120,287
3984,-118,277
3988,-115,269
3996,-117,264
3997,-116,263
3996,-111,264
4003,-110,268
4005,-113,267
4008,-114,267
4006,-118,267
4004,-116,267
3992,-117,276
3991,-121,278
3983,-127,282
3979,-135,287
3977,-145,296
3974,-150,304
3972,-155,306
3974,-157,304
3972,-159,304
3970,-163,305
3968,-159,301
3971,-156,296
3967,-154,284
3966,-149,275
3964,-148,264
3964,-138,255
3963,-131,252
3965,-125,249
3971,-117,252
3971,-112,259
3968,-111,271
3969,-107,285
3976,-104,301
3990,-100,310
4001,-96,315
4006,-92,316
4006,-88,312
4008,-90,307
4006,-88,302
4002,-85,290
4000,-84,279
4001,-85,273
4000,-86,263
4003,-90,257
4001,-92,260
4000,-92,260
3996,-94,265
3995,-102,270
3996,-107,274
3992,-115,281
3992,-122,283
3988,-126,278
3984,-132,279
3983,-137,273
3978,-137,267
3978,-139,267
3976,-140,268
3976,-143,263
3976,-147,263
3977,-149,266
3978,-146,268
3976,-145,266
3978,-148,277
3971,-145,282
3972,-148,287
3966,-147,290
3968,-147,294
3971,-146,291
3970,-144,293
3965,-146,292
3966,-144,292
3970,-147,292
3970,-152,296
3973,-151,296
3973,-153,292
3979,-155,292
3978,-155,286
3978,-158,288
3979,-159,289
3984,-158,286
3983,-158,280
3982,-155,276
3985,-154,270
3986,-155,271
3988,-155,269
3991,-158,270
3993,-162,269
3996,-165,265
3997,-165,265
4001,-167,265
4004,-170,269
4002,-169,271
4003,-174,272
4005,-173,273
4001,-175,273
3999,-173,276
3996,-171,278
3992,-172,281
3993,-173,278
3994,-182,277
3995,-192,273
3996,-201,273
3992,-209,278
3988,-205,280
3980,-198,279
3976,-195,273
3972,-195,262
3972,-191,257
3971,-186,253
3968,-188,246
3971,-187,235
3969,-180,223
3967,-178,216
3966,-172,219
3966,-171,234
3970,-168,253
3980,-163,269
3985,-164,289
3991,-169,297
3997,-167,304
3995,-159,314
3993,-160,317
3994,-164,316
3989,-168,310
3986,-168,303
3985,-175,293
3985,-176,277
3983,-176,263
3982,-179,252
3987,-182,243
3989,-186,234
3992,-189,231
3996,-206,224
3996,-206,222
4002,-195,230
4004,-186,242
3998,-187,258
3998,-191,269
4000,-196,282
3996,-198,295
3996,-200,304
3997,-199,316
4000,-197,325
4002,-195,334
4002,-198,342
4003,-201,336
3997,-206,327
3994,-208,315
3988,-207,305
3992,-206,296
3986,-203,284
3986,-198,271
3985,-211,260
3987,-200,251
3989,-180,252
3991,-172,254
3990,-174,257
3991,-176,261
4001,-177,265
4003,-179,266
4003,-179,272
4000,-184,276
3998,-184,276
3997,-186,278
3994,-188,283
3994,-185,287
3998,-189,293
3999,-193,296
4002,-196,301
4005,-201,301
4005,-201,301
4002,-203,300
4004,-207,301
3997,-208,303
3990,-210,300
3987,-209,297
3986,-205,291
3982,-210,282
3979,-213,278
3977,-208,272
3971,-207,266
3968,-205,260
3964,-201,261
3964,-205,258
3964,-206,255
3963,-205,255
3965,-206,254
3964,-210,252
3969,-211,253
3969,-217,256
3974,-220,256
3975,-224,254
3974,-229,257
3978,-229,256
3980,-227,257
3976,-226,257
3981,-225,261
3980,-224,266
3979,-223,267
3977,-225,269
3974,-221,266
3974,-219,263
3970,-221,257
3969,-229,249
3973,-238,248
3972,-231,248
3975,-220,242
3973,-203,237
3974,-193,237
3976,-186,235
3975,-185,232
3976,-187,237
3975,-189,236
3976,-188,238
3975,-193,242
3977,-190,247
3977,-188,252
3976,-188,252
3977,-191,251
3977,-191,244
3978,-196,241
3976,-201,237
3973,-204,232
3972,-206,235
3975,-214,230
3975,-212,233
3973,-203,233
3970,-201,235
3968,-200,231
3970,-204,231
3976,-210,235
3974,-220,242
3974,-226,249
3967,-227,256
3960,-228,258
3960,-226,258
3964,-216,258
3968,-209,253
3967,-205,241
3967,-205,237
3969,-206,227
3975,-210,222
3980,-214,216
3982,-226,222
3987,-240,234
3993,-231,255
3998,-207,282
4002,-184,300
4005,-175,319
4005,-180,326
4002,-197,327
4000,-209,318
4003,-213,310
4001,-210,299
4000,-209,283
3996,-207,257
3991,-212,238
3985,-213,221
3983,-213,202
3984,-212,194
3987,-215,186
3986,-213,181
3986,-209,180
3990,-205,187
3999,-203,200
4000,-200,216
4001,-197,235
4003,-191,251
4010,-189,275
4013,-192,284
4012,-203,292
4015,-211,300
4017,-219,295
4017,-228,289
4014,-230,285
4012,-239,275
4011,-272,262
4009,-281,252
4005,-275,244
3999,-260,240
3993,-246,233
3985,-237,226
3975,-228,220
3971,-216,212
3966,-216,209
3961,-208,206
3960,-200,207
3953,-193,213
3954,-186,207
3960,-178,202
3959,-172,193
3962,-165,180
3967,-163,168
3969,-157,164
3975,-155,162
3973,-156,169
3974,-155,171
3975,-155,173
3979,-161,172
3979,-169,174
3983,-174,179
3986,-174,183
3985,-181,181
3985,-188,176
3988,-191,173
3989,-200,168
3988,-202,160
3990,-203,150
3988,-217,138
3985,-233,125
3980,-234,117
3974,-241,116
3966,-243,114
3955,-238,111
3950,-234,108
3941,-230,112
3941,-227,122
3943,-222,132
3938,-220,153
3938,-225,169
3943,-239,195
3944,-252,211
3949,-270,234
3952,-280,245
3958,-280,255
3959,-282,265
3954,-294,265
3961,-307,257
3961,-316,248
3952,-317,238
3934,-311,229
3893,-286,232
3872,-262,227
3847,-249,223
3834,-246,211
3823,-248,205
3793,-247,202
3759,-249,196
3721,-246,191
3694,-250,188
3673,-265,183
3663,-293,164
3656,-325,134
3649,-363,102
3636,-407,73
3614,-448,43
3591,-490,19
3565,-532,-8
3535,-573,-37
3499,-613,-51
3476,-656,-46
3464,-701,-25
3456,-749,-4
3453,-795,27
3457,-847,65
3461,-899,98
3485,-954,135
3542,-1005,175
3616,-1058,213
3691,-1100,259
3760,-1131,301
3827,-1150,340
3882,-1146,360
3941,-1125,375
3997,-1086,389
4049,-1051,398
4086,-997,406
4123,-930,422
4161,-868,444
4195,-804,462
4215,-726,490
4226,-643,528
4241,-551,573
4265,-468,628
4313,-409,689
4355,-355,752
4397,-308,808
4421,-255,859
4441,-199,886
4457,-143,902
4477,-77,906
4486,-10,894
4487,61,880
4469,140,858
4461,213,827
4458,270,802
4452,309,779
4436,326,738
4419,341,701
4401,347,685
4367,320,654
4306,270,633
4241,223,628
4177,178,620
4122,132,621
4061,102,615
4001,70,618
3946,66,623
3905,72,632
3877,109,629
3860,108,620
3853,95,604
3836,102,585
3807,81,569
3769,35,543
3736,-23,517
3690,-85,489
3634,-139,463
3585,-166,433
3530,-187,408
3469,-201,381
3440,-230,381
3423,-267,361
3403,-295,322
3376,-306,267
3401,-311,240
3393,-304,211
3342,-307,195
3466,-338,287
3481,-356,292
3530,-382,319
3551,-400,325
3557,-421,324
3488,-436,271
3631,-462,375
3767,-517,394
3996,-613,464
4136,-683,453
4172,-691,411
4181,-664,367
4133,-630,316
4063,-606,296
3949,-615,262
3864,-632,236
3925,-646,332
3943,-698,327
3844,-679,290
4073,-665,529
4221,-665,685
4321,-625,813
4369,-579,891
4360,-533,927
4333,-494,960
4281,-470,986
4208,-458,1000
4121,-434,1003
4029,-417,986
3995,-393,996
4013,-333,1016
3994,-275,982
3963,-214,933
3933,-171,897
3933,-149,883
3933,-136,879
3932,-134,870
3925,-148,847
3923,-166,832
3922,-186,815
3922,-216,795
3919,-242,772
3921,-278,745
3934,-288,750
3943,-292,745
3955,-297,727
3970,-315,700
4011,-367,681
4044,-427,659
4055,-453,655
4055,-448,674
4050,-449,691
4037,-458,719
4027,-473,765
4008,-497,808
3991,-513,845
3959,-502,869
3906,-474,880
3847,-447,867
3780,-392,811
3688,-319,697
3596,-255,510
3509,-207,269
3428,-167,16
3330,-111,-236
3255,-79,-484
3180,-69,-714
3109,-61,-921
3049,-68,-1102
2983,-89,-1257
2899,-111,-1392
2832,-135,-1510
2792,-142,-1630
2807,-164,-1773
2874,-181,-1948
3010,-225,-2185
3208,-286,-2466
3483,-328,-2711
3756,-358,-2948
4004,-388,-3147
4173,-407,-3301
4431,-410,-3266
4762,-395,-3119
4998,-369,-2951
5199,-334,-2668
5666,-355,-1845
6248,-432,-674
7065,-409,552
7633,-266,1275
7972,-32,1487
8182,167,1534
8292,337,1619
8264,515,1700
8122,673,1696
7836,864,1556
7570,1011,1410
7409,1136,1120
7295,1194,753
7245,1174,371
7239,1087,12
7254,915,-295
7210,648,-546
7171,274,-644
7116,-67,-635
7067,-228,-542
6953,-328,-356
6825,-394,-110
6658,-409,132
6491,-395,300
6316,-361,345
6228,-392,340
6179,-486,270
6095,-604,147
5959,-715,4
5789,-753,-175
5557,-827,-353
5334,-866,-511
5139,-863,-675
4914,-871,-776
4689,-910,-827
4491,-958,-847
4321,-1044,-846
4183,-1101,-840
4046,-1168,-817
3909,-1263,-777
3774,-1359,-746
3649,-1468,-694
3537,-1523,-622
3488,-1528,-543
3460,-1537,-477
3404,-1532,-405
3333,-1472,-311
3226,-1378,-199
3074,-1274,-82
2886,-1196,9
2669,-1115,89
2432,-1068,133
2191,-1031,174
1980,-1002,215
1806,-1005,256
1645,-991,286
1465,-942,292
1279,-858,262
1102,-783,169
919,-712,36
729,-648,-132
510,-593,-327
291,-545,-537
87,-499,-715
-111,-449,-848
-280,-395,-935
-423,-328,-989
-557,-247,-1032
-687,-161,-1076
-807,-85,-1102
-914,-30,-1118
-997,16,-1121
-1064,23,-1121
-1123,4,-1108
-1174,-49,-1097
-1225,-114,-1096
-1251,-190,-1115
-1219,-283,-1172
-1156,-371,-1262
-1082,-452,-1367
-968,-529,-1458
-739,-659,-1552
-391,-774,-1606
31,-833,-1676
518,-844,-1785
1160,-859,-1990
2045,-893,-2320
3161,-947,-2781
4505,-943,-3350
6054,-968,-4084
7697,-1026,-4862
9077,-1134,-5569
9807,-1284,-6054
9943,-1438,-6256
9628,-1516,-6113
9514,-1588,-3998
10109,-1309,285
10769,-784,3151
10984,-475,3874
10979,-513,3706
10993,-672,3828
11006,-686,4520
10682,-603,5025
9855,-529,4929
8834,-541,4433
7930,-642,3784
7430,-865,3000
7424,-1192,1926
7463,-1406,922
7453,-1650,-43
7367,-1856,-790
7159,-1917,-1189
6989,-1708,-1291
6830,-1346,-1245
6585,-992,-1141
6214,-685,-1031
5778,-404,-884
5365,-161,-722
5013,35,-570
4721,197,-470
4482,321,-433
4286,407,-431
4103,463,-428
3979,500,-415
3822,551,-328
3726,579,-225
3679,600,-92
3690,608,95
3778,624,304
3823,673,501
3888,672,685
3960,630,822
3997,546,916
3998,457,987
3969,353,948
3865,251,856
3737,112,693
3587,-62,448
3384,-211,199
3141,-402,-50
2910,-695,-297
2675,-903,-473
2423,-1022,-593
2164,-1109,-696
1924,-1175,-781
1658,-1205,-820
1365,-1171,-833
1056,-1026,-835
762,-850,-864
534,-704,-905
388,-581,-951
251,-461,-1026
132,-387,-1122
28,-340,-1225
-84,-293,-1322
-214,-256,-1378
-345,-235,-1396
-476,-228,-1357
-568,-211,-1263
-635,-182,-1126
-685,-155,-939
-751,-114,-773
-826,-38,-641
-857,48,-582
-874,131,-647
-787,233,-691
-603,315,-756
-387,375,-867
-118,421,-982
292,436,-1112
957,327,-1327
1986,125,-1766
3339,-122,-2242
5117,-460,-2905
6861,-759,-3525
8495,-1094,-4050
9535,-1173,-3879
10180,-1030,-2990
10276,-784,-1852
9598,-465,-720
9226,-281,265
9248,-143,850
9569,60,1033
10179,326,919
10756,691,628
10832,1114,291
10623,1590,56
10141,2080,-69
9679,2526,-69
9329,2909,21
8862,3122,118
8219,3181,160
7810,3040,92
7619,2556,-212
7690,1981,-473
7862,1466,-442
7826,704,-310
7581,-102,20
7244,-863,321
6865,-1484,514
6512,-1808,587
6247,-1883,520
5991,-1821,287
5729,-1708,-44
5440,-1563,-456
5112,-1434,-924
4746,-1245,-1385
4353,-1082,-1865
3940,-903,-2301
3593,-736,-2627
3342,-644,-2864
3191,-670,-2963
3144,-770,-2885
3185,-922,-2661
3270,-1117,-2301
3379,-1353,-1849
3454,-1583,-1335
3515,-1717,-774
3545,-1773,-219
3576,-1708,308
3541,-1463,777
3417,-1143,1193
3241,-767,1572
2999,-444,1821
2715,-190,1921
2443,-81,1864
2153,-297,1622
1855,-566,1280
1573,-745,901
1291,-813,524
1018,-817,178
750,-822,-163
459,-815,-481
163,-803,-752
-100,-775,-975
-314,-761,-1143
-492,-742,-1233
-629,-728,-1269
-738,-703,-1286
-812,-661,-1277
-883,-608,-1218
-962,-540,-1156
-1041,-462,-1092
-1111,-374,-1018
-1170,-280,-928
-1224,-200,-850
-1293,-118,-819
-1378,-59,-827
-1472,-13,-864
-1585,0,-936
-1682,-39,-1033
-1743,-148,-1175
-1712,-291,-1339
-1606,-437,-1490
-1376,-537,-1623
-1024,-598,-1750
-584,-686,-1837
-89,-777,-1940
434,-873,-2069
1155,-969,-2290
2238,-1037,-2716
3599,-1101,-3269
5479,-1086,-4088
8086,-1105,-5255
10705,-1112,-6411
12246,-1115,-7118
12261,-1108,-7109
11456,-1019,-6624
10772,-784,-4197
12749,-9,2598
13547,697,5143
13121,728,4968
12415,452,4415
11777,181,4547
11299,-134,4741
10806,-495,4499
10068,-863,4012
9528,-1444,3324
9471,-2052,2785
9492,-2673,2194
9441,-3178,1464
9233,-3548,797
8844,-3715,327
8394,-3579,108
7892,-3193,-35
7675,-2606,40
7486,-1975,262
7129,-1419,450
6674,-982,510
6193,-715,396
5711,-565,127
5265,-390,-246
4803,-202,-748
4366,-55,-1190
3918,41,-1499
3481,112,-1693
3066,150,-1776
2723,142,-1781
2459,124,-1730
2276,115,-1604
2121,126,-1446
2028,154,-1252
2056,281,-819
2321,506,-123
2707,677,442
3120,768,823
3458,791,1071
3716,748,1260
3848,605,1367
3887,362,1360
3846,35,1269
3680,-335,1071
3348,-683,778
2922,-961,459
2458,-1126,153
1991,-1191,-144
1517,-1163,-426
1086,-1039,-665
704,-884,-881
385,-725,-1064
150,-537,-1197
-16,-373,-1288
-164,-240,-1368
-326,-141,-1436
-459,-52,-1466
-591,12,-1469
-707,30,-1448
-776,-11,-1396
-855,-44,-1331
-916,-66,-1226
-974,-40,-1080
-1044,35,-938
-1149,122,-800
-1248,199,-627
-1342,286,-454
-1471,422,-424
-1475,549,-431
-1314,623,-468
-1081,679,-588
-756,687,-736
-345,662,-920
116,581,-1080
636,451,-1244
1281,306,-1432
2197,135,-1773
3532,-143,-2215
5737,-567,-3006
8256,-1056,-3900
10338,-1403,-4384
11519,-1493,-3956
11753,-1447,-2608
11073,-1363,-939
10682,-1426,415
10786,-1513,1126
11145,-1457,1419
11668,-1156,1404
11875,-601,1116
11465,104,658
10873,874,326
10212,1656,182
9681,2369,201
9250,2977,357
8629,3355,409
8059,3464,225
7865,3355,152
7867,2896,30
7890,1749,-40
8166,578,205
8338,-294,544
8170,-1031,840
7745,-1675,996
7259,-2078,1070
6781,-2173,981
6385,-2114,711
6049,-1954,277
5720,-1718,-226
5349,-1451,-748
4947,-1231,-1267
4538,-1080,-1729
4208,-987,-2101
3936,-955,-2403
3751,-1057,-2613
3630,-1236,-2705
3570,-1389,-2635
3558,-1547,-2436
3568,-1690,-2144
3552,-1832,-1748
3558,-1976,-1286
3583,-2114,-783
3622,-2188,-263
3625,-2195,196
3559,-2111,544
3435,-1947,790
3295,-1740,962
3149,-1555,1101
2997,-1317,1215
2863,-1022,1307
2678,-767,1328
2418,-580,1236
2104,-589,1008
1783,-713,693
1462,-795,362
1163,-817,55
858,-779,-241
573,-700,-498
325,-624,-710
90,-570,-893
-139,-547,-1050
-334,-539,-1164
-474,-533,-1214
-595,-490,-1203
-694,-418,-1146
-767,-339,-1040
-831,-278,-952
-895,-219,-868
-952,-160,-784
-1007,-98,-702
-1051,-34,-637
-1093,9,-599
-1159,23,-622
-1228,17,-699
-1326,7,-794
-1391,1,-839
-1475,-43,-922
-1495,-156,-997
-1417,-345,-1135
-1232,-507,-1310
-940,-668,-1469
-613,-768,-1624
-298,-791,-1754
157,-837,-1945
855,-865,-2208
1994,-939,-2650
3345,-1003,-3160
5201,-1050,-3945
7817,-1166,-5181
10552,-1253,-6369
12178,-1195,-7097
12260,-1058,-7115
11388,-819,-6627
10114,-527,-5937
9006,-366,-5312
8602,-352,-3795
11407,459,3890
12993,828,6083
13129,822,5689
12675,729,5222
12203,614,5482
11759,427,5671
10835,147,5117
9938,-446,4082
9444,-1035,3440
9208,-1555,2763
9082,-1941,1998
8832,-2255,1139
8656,-2384,589
8300,-2333,328
7896,-2151,190
7558,-1716,-7
7043,-1314,-317
6516,-955,-285
5957,-585,-105
5404,-311,21
4922,-151,16
4522,-90,-92
4212,-49,-284
3929,20,-578
3645,40,-930
3387,41,-1182
3163,43,-1314
2937,24,-1305
2710,29,-1193
2512,41,-1028
2348,36,-825
2269,34,-603
2239,52,-328
2281,99,-55
2421,149,189
2602,152,372
2785,113,491
3009,-79,420
3135,-225,388
3190,-340,346
3141,-470,284
2995,-621,173
2860,-805,43
2630,-938,-118
2336,-971,-277
1968,-900,-433
1589,-763,-553
1221,-616,-652
886,-483,-765
611,-381,-885
369,-268,-1023
160,-195,-1162
-51,-142,-1272
-244,-102,-1343
-367,-71,-1407
-492,-9,-1468
-608,-6,-1497
-716,-39,-1474
-786,-92,-1376
-908,-111,-1313
-968,-61,-1126
-1051,22,-949
-1130,114,-766
-1227,246,-574
-1304,423,-338
-1295,571,-182
-1204,688,-200
-1058,747,-394
-872,796,-647
-633,798,-860
-328,767,-1000
37,684,-1069
421,580,-1077
831,455,-1171
1385,374,-1405
2328,263,-1876
3856,-16,-2549
6277,-516,-3631
8754,-1004,-4842
10786,-1312,-5654
11625,-1278,-5569
11780,-1062,-3379
12060,-1280,-779
12048,-1559,471
11851,-1656,578
11789,-1482,338
11856,-1092,356
11885,-568,548
11972,-5,735
11510,578,786
10707,1145,791
9915,1686,837
9050,2117,840
8364,2447,832
7564,2613,677
6996,2566,383
6750,2071,-25
6858,1312,-85
7240,296,73
7589,-835,455
7837,-1740,977
7821,-2194,1345
7538,-2292,1421
7150,-2193,1215
6713,-1954,856
6252,-1612,371
5759,-1303,-286
5272,-1029,-938
4793,-803,-1535
4372,-712,-2066
3976,-623,-2471
3606,-512,-2760
3369,-436,-2907
3255,-457,-2907
3277,-525,-2742
3322,-678,-2467
3381,-875,-2108
3484,-1077,-1679
3642,-1248,-1205
3780,-1387,-712
3928,-1459,-202
4065,-1492,274
4162,-1474,659
4192,-1396,971
4144,-1273,1208
4015,-1091,1371
3831,-876,1465
3549,-686,1486
3164,-502,1428
2702,-356,1279
2214,-351,1030
1793,-408,723
1433,-482,394
1118,-546,62
848,-591,-272
595,-607,-604
400,-602,-883
195,-584,-1107
-9,-551,-1282
-182,-531,-1412
-309,-525,-1483
-402,-517,-1483
-494,-493,-1447
-559,-473,-1382
-621,-477,-1300
-685,-478,-1217
-755,-477,-1150
-853,-464,-1093
-962,-443,-1039
-1064,-406,-985
-1140,-380,-942
-1190,-382,-931
-1248,-413,-934
-1289,-483,-1020
-1298,-612,-1193
-1216,-751,-1401
-1039,-892,-1595
-787,-983,-1722
-468,-973,-1773
-111,-919,-1788
214,-856,-1800
511,-834,-1889
901,-844,-2019
1445,-893,-2266
2298,-987,-2717
3394,-1063,-3256
4911,-1139,-3911
6921,-1228,-4799
9140,-1287,-5768
11047,-1264,-6647
12141,-1199,-7107
12023,-1041,-6961
11355,-886,-6496
10960,-656,-4423
13293,650,2971
14095,1383,5210
13642,1425,4718
12680,1395,4336
12038,1287,5042
11716,861,5663
10892,344,5368
10138,-376,4426
9607,-1153,3454
9196,-1888,2600
8812,-2560,1745
8373,-3109,801
7853,-3361,-78
7348,-3231,-636
7154,-2706,-668
6966,-1936,-379
6621,-1167,-112
6218,-611,-1
5779,-278,-35
5331,-78,-190
4955,-16,-404
4535,7,-645
4168,14,-926
3842,-19,-1174
3500,-86,-1311
3139,-150,-1360
2774,-136,-1372
2498,-120,-1362
2310,-108,-1293
2204,-65,-1134
2205,12,-869
2272,128,-499
2457,162,-148
2708,234,253
2990,278,620
3237,200,872
3491,71,1025
3617,-150,1024
3673,-495,935
3586,-850,757
3299,-1123,570
2886,-1296,364
2402,-1356,130
1899,-1322,-101
1421,-1151,-284
1006,-969,-472
681,-796,-681
412,-604,-898
207,-414,-1111
31,-244,-1291
-133,-107,-1422
-267,-43,-1487
-375,-26,-1506
-465,-13,-1506
-653,47,-1571
-803,101,-1614
-914,144,-1594
-1008,187,-1528
-1100,240,-1447
-1137,305,-1286
-1203,390,-1112
-1281,452,-943
-1304,595,-692
-1260,763,-509
-1082,890,-445
-846,957,-566
-539,953,-782
-164,879,-973
307,749,-1153
911,565,-1380
1668,394,-1707
2699,184,-2165
4272,-103,-2834
6690,-491,-3826
9161,-930,-4804
10835,-1159,-5223
11277,-1056,-4720
10461,-700,-3294
9582,-403,-1554
9403,-417,-171
9890,-587,598
10593,-757,898
11148,-644,992
11506,-323,1002
11612,180,877
11152,766,679
10579,1383,636
9759,1996,656
9172,2478,667
8594,2769,627
8009,2889,420
7674,2727,-74
7573,2315,-470
7506,1687,-413
7514,727,-308
7610,-371,-73
7575,-1366,312
7421,-2087,692
7111,-2360,941
6722,-2358,936
6261,-2243,655
5802,-2045,207
5363,-1830,-325
4929,-1573,-949
4459,-1375,-1631
4028,-1206,-2253
3678,-1071,-2781
3398,-1037,-3187
3253,-1113,-3392
3228,-1272,-3363
3283,-1430,-3121
3362,-1582,-2793
3469,-1729,-2406
3547,-1855,-1975
3609,-1962,-1464
3708,-2038,-881
3768,-2065,-334
3720,-2020,109
3628,-1791,491
3540,-1512,798
3457,-1282,1051
3380,-997,1278
3267,-749,1421
3094,-549,1477
2833,-388,1447
2477,-305,1298
2081,-402,1026
1702,-536,734
1317,-584,447
959,-568,134
630,-536,-209
335,-494,-541
90,-451,-848
-126,-403,-1127
-319,-368,-1379
-476,-352,-1576
-607,-358,-1676
-698,-374,-1692
-771,-387,-1647
-849,-382,-1555
-947,-356,-1436
-1052,-328,-1314
-1157,-291,-1204
-1260,-252,-1114
-1345,-222,-1029
-1401,-212,-949
-1445,-199,-872
-1493,-201,-793
-1539,-255,-770
-1549,-351,-800
-1429,-488,-909
-1166,-625,-1072
-836,-722,-1252
-468,-806,-1455
-50,-881,-1697
430,-950,-1895
948,-1016,-2084
1618,-1093,-2266
2392,-1154,-2558
3429,-1215,-3031
4858,-1305,-3694
6535,-1367,-4518
8345,-1407,-5440
9829,-1407,-6207
10612,-1345,-6605
10634,-1257,-6587
10248,-1148,-6290
10171,-1059,-4428
11864,26,1920
12912,803,4625
13196,1097,4820
12906,1150,4695
12286,1022,4943
11681,768,5036
10669,453,4517
10096,-158,3881
9935,-990,3317
9822,-1778,2704
9608,-2397,1954
9299,-2824,1150
8886,-3053,401
8405,-3007,-109
7881,-2640,-351
7458,-2035,-366
7235,-1484,-314
6950,-1045,-282
6513,-695,-282
5976,-406,-341
5465,-193,-482
5003,-134,-662
4530,-228,-874
4030,-253,-1087
3542,-305,-1270
3061,-270,-1399
2651,-234,-1467
2338,-152,-1417
2160,-57,-1244
2058,50,-960
2051,171,-584
2143,284,-195
2313,359,195
2502,411,492
2684,470,740
2791,459,915
2848,349,943
2981,129,848
3018,-122,572
3040,-433,280
2958,-798,-81
2747,-1054,-389
2489,-1253,-689
2223,-1417,-941
1914,-1438,-1114
1511,-1239,-1197
1119,-1006,-1254
774,-810,-1314
474,-649,-1374
214,-523,-1422
2,-421,-1436
-195,-363,-1439
-379,-320,-1432
-572,-253,-1395
-746,-127,-1321
-882,37,-1180
-1005,199,-952
-1072,316,-634
-1085,439,-270
-1176,635,-22
-1302,888,110
-1334,1144,147
-1288,1363,61
-1131,1492,-140
-854,1532,-412
-498,1486,-684
-40,1255,-847
492,823,-994
951,454,-1169
1386,232,-1375
1902,88,-1678
2471,21,-2020
3223,-108,-2454
4357,-378,-3089
5774,-571,-3703
7407,-765,-4379
8886,-843,-4829
9846,-712,-4704
10343,-457,-3923
10128,-195,-2759
9986,-127,-1503
10142,-129,-506
10523,52,149
11075,498,570
11462,1026,791
11491,1537,834
11202,2056,917
10774,2498,1089
10134,2803,1270
9245,2935,1414
8421,2863,1545
7741,2716,1594
7300,2539,1515
7098,2284,1312
7245,1835,850
7457,1263,153
7609,623,-403
7622,-328,-912
7513,-1020,-920
7215,-1412,-760
6790,-1708,-681
6300,-1927,-712
5813,-1940,-790
5382,-1802,-913
5027,-1570,-1093
4664,-1300,-1365
4331,-1089,-1709
4022,-889,-2045
3755,-748,-2309
3558,-678,-2397
3453,-727,-2348
3435,-783,-2179
3467,-841,-1880
3574,-944,-1501
3704,-1080,-1095
3827,-1181,-712
3921,-1226,-359
3985,-1214,-57
3958,-1084,224
3894,-921,519
3828,-762,801
3733,-628,1021
3603,-517,1184
3393,-340,1287
3145,-171,1311
2849,-33,1261
2484,22,1116
2095,-79,857
1737,-220,555
1389,-333,260
1055,-414,-54
754,-461,-371
519,-470,-674
284,-481,-977
64,-493,-1274
-135,-504,-1537
-281,-529,-1726
-378,-538,-1823
-440,-536,-1850
-495,-518,-1809
-557,-446,-1719
-655,-382,-1616
-770,-327,-1500
-863,-269,-1353
-939,-232,-1210
-992,-213,-1071
-1020,-211,-937
-1054,-229,-834
-1082,-274,-761
-1106,-331,-769
-1091,-424,-854
-1032,-510,-971
-924,-617,-1117
-796,-756,-1332
-579,-860,-1504
-223,-885,-1571
174,-877,-1694
582,-850,-1904
1235,-859,-2279
2357,-925,-2835
3664,-960,-3493
5552,-1049,-4445
7849,-1154,-5588
10110,-1224,-6666
11884,-1279,-7484
12499,-1299,-7675
12048,-1275,-7370
11075,-1179,-6852
10174,-1062,-6314
9474,-1059,-5798
10617,-602,485
13673,363,6192
14184,659,6387
13948,821,5857
13303,1088,6481
12470,1124,7451
11352,778,7252
9841,231,5844
8775,-450,4369
8362,-1005,3315
8103,-1404,2411
7931,-1623,1439
7710,-1563,412
7332,-1314,-460
6736,-962,-997
6066,-594,-1247
5400,-228,-1372
4788,47,-1490
4276,197,-1620
3906,237,-1724
3567,298,-1713
3254,316,-1679
2977,264,-1655
2710,258,-1584
2520,272,-1492
2429,304,-1394
2392,335,-1275
2478,343,-1132
2603,351,-893
2747,330,-569
2913,268,-204
3155,184,186
3465,35,552
3751,-156,819
3988,-398,971
4165,-651,1002
4129,-885,847
3902,-1064,597
3479,-1146,307
2982,-1116,16
2494,-1028,-267
2029,-923,-518
1594,-805,-750
1221,-639,-935
920,-470,-1100
680,-337,-1267
503,-222,-1414
291,-160,-1532
78,-103,-1596
-97,-83,-1609
-262,-90,-1556
-404,-111,-1464
-549,-133,-1406
-703,-116,-1357
-861,-74,-1337
-937,-22,-1245
-1052,29,-1183
-1213,84,-1102
-1339,149,-917
-1424,287,-595
-1428,549,-112
-1457,799,184
-1427,994,209
-1301,1128,29
-1041,1186,-215
-691,1143,-462
-325,1059,-676
98,918,-893
591,760,-1154
1146,642,-1456
1750,574,-1786
2587,475,-2225
3929,167,-2895
6218,-206,-4036
8937,-629,-5342
11273,-933,-6287
12585,-882,-6288
12677,-516,-5001
11653,39,-2892
10831,292,-1055
10666,230,-46
10917,174,419
11603,337,870
11993,629,1208
12014,985,1489
11593,1379,1772
10506,1725,1922
9432,1920,1946
8466,1999,1839
7821,2010,1594
7556,2013,1208
7416,1821,421
7416,1336,-167
7521,589,-576
7615,-219,-869
7595,-1024,-865
7419,-1666,-602
7164,-2038,-270
6818,-2182,-71
6409,-2152,-39
6002,-2007,-198
5620,-1776,-523
5235,-1448,-999
4835,-1155,-1484
4436,-953,-1941
4052,-767,-2277
3703,-614,-2509
3423,-494,-2645
3256,-439,-2646
3169,-458,-2535
3165,-499,-2331
3184,-623,-2051
3283,-789,-1666
3414,-983,-1206
3580,-1150,-667
3736,-1229,-61
3811,-1216,536
3820,-1137,1051
3785,-1005,1462
3678,-846,1759
3494,-643,1952
3234,-461,2017
2942,-259,1963
2624,-156,1761
2244,-305,1377
1853,-520,922
1514,-669,488
1199,-765,49
892,-794,-372
584,-765,-744
267,-697,-1056
-25,-634,-1325
-276,-561,-1532
-473,-494,-1675
-618,-438,-1749
-719,-391,-1743
-816,-359,-1717
-959,-324,-1688
-1102,-283,-1652
-1196,-257,-1613
-1291,-237,-1579
-1336,-223,-1511
-1386,-234,-1465
-1431,-242,-1412
-1473,-262,-1364
-1525,-286,-1309
-1582,-331,-1298
-1619,-420,-1297
-1531,-584,-1355
-1304,-788,-1463
-950,-926,-1543
-595,-990,-1586
-236,-984,-1628
151,-935,-1676
570,-921,-1812
1056,-885,-2015
1780,-842,-2300
2707,-798,-2713
3954,-758,-3327
5526,-653,-4091
7319,-502,-5015
9358,-386,-6050
10971,-317,-6835
11586,-344,-7137
11450,-319,-6993
10941,-170,-6546
10208,-43,-5976
10898,608,-439
13061,1628,4929
13629,1798,5540
13723,1725,4896
13666,1768,5185
13319,1629,6141
12486,1218,6274
11165,562,5304
9799,-195,4205
8950,-850,3342
8568,-1545,2470
8385,-2198,1471
8216,-2707,460
7975,-3048,-533
7733,-3008,-1326
7512,-2487,-1662
7100,-1814,-1590
6527,-1203,-1373
5870,-700,-1186
5198,-340,-1074
4659,-74,-1016
4301,158,-1004
4025,352,-979
3760,481,-955
3494,560,-895
3265,616,-807
3094,702,-694
2979,785,-519
2916,812,-310
2934,840,-64
2984,850,235
3120,792,485
3317,750,717
3495,729,946
3799,699,1165
4139,562,1238
4283,365,1187
4327,137,1000
4226,-115,730
3973,-385,387
3610,-610,46
3166,-747,-230
2689,-812,-463
2227,-853,-685
1824,-913,-900
1409,-984,-1146
943,-1015,-1370
546,-970,-1566
245,-902,-1754
-1,-829,-1922
-268,-735,-2081
-508,-648,-2170
-675,-600,-2167
-757,-595,-2060
-760,-560,-1890
-814,-477,-1706
-940,-394,-1526
-1126,-298,-1329
-1253,-177,-944
-1226,-69,-417
-1283,67,18
-1457,250,286
-1582,479,506
-1640,729,532
-1645,1016,330
-1499,1241,77
-1216,1303,-142
-855,1279,-360
-446,1248,-586
8,1141,-853
513,974,-1115
1029,786,-1360
1646,609,-1699
2372,444,-2067
3531,236,-2657
5116,-18,-3414
7058,-253,-4360
9012,-410,-5164
10326,-404,-5601
11102,-212,-5329
11196,154,-4098
10411,371,-2411
9843,271,-971
9872,133,-150
10421,270,276
10875,663,509
11331,1189,759
11384,1825,1128
11181,2448,1454
10597,2953,1721
9636,3248,1879
8539,3350,1904
7525,3280,1728
6841,3089,1484
6486,2769,1151
6631,2003,716
7167,1131,431
7605,505,345
7654,-95,257
7467,-657,216
7174,-1115,152
6776,-1420,21
6347,-1572,-208
5913,-1566,-552
5450,-1524,-1006
5003,-1419,-1447
4588,-1280,-1816
4205,-1203,-2093
3861,-1124,-2281
3609,-1060,-2347
3480,-1009,-2265
3385,-992,-2126
3346,-989,-1918
3404,-1028,-1616
3530,-1098,-1233
3661,-1175,-851
3811,-1202,-483
3953,-1184,-144
4102,-1131,186
4213,-988,515
4272,-801,815
4235,-630,1026
4153,-493,1165
4037,-412,1239
3887,-360,1263
3690,-334,1215
3431,-395,1081
3104,-509,864
2731,-588,619
2364,-610,373
2015,-588,131
1662,-551,-130
1305,-514,-390
963,-470,-644
665,-426,-909
395,-353,-1146
170,-254,-1344
-28,-174,-1492
-199,-111,-1586
-343,-54,-1610
-459,-16,-1607
-573,21,-1586
-695,82,-1530
-818,151,-1444
-960,153,-1392
-1109,117,-1306
-1201,83,-1173
-1262,37,-1039
-1318,1,-921
-1398,-90,-909
-1433,-211,-966
-1393,-368,-1090
-1282,-523,-1256
-1103,-654,-1408
-884,-763,-1504
-580,-800,-1561
-267,-783,-1625
14,-741,-1704
313,-703,-1775
739,-717,-1918
1262,-768,-2150
2006,-849,-2513
2907,-868,-2982
4101,-863,-3550
5505,-911,-4223
7331,-1033,-5194
9579,-1235,-6379
11911,-1425,-7436
13405,-1570,-7952
13892,-1715,-6535
15980,-1504,68
16698,-610,3488
15821,-75,3687
14654,61,3279
13566,133,3487
13055,297,4406
12146,514,4923
10787,527,4653
9536,379,4339
8549,56,3992
7751,-384,3278
7236,-887,2250
6941,-1341,1153
6868,-1657,207
6821,-1749,-439
6665,-1504,-851
6413,-1108,-1124
6028,-685,-1330
5543,-334,-1468
4982,-47,-1575
4426,157,-1679
3963,330,-1735
3573,468,-1770
3262,492,-1705
3130,531,-1484
3042,628,-1220
3024,671,-922
2933,736,-584
2874,765,-206
2960,796,236
3243,779,618
3482,696,893
3641,606,1134
3782,466,1333
3879,287,1400
3946,36,1270
3920,-206,1031
3746,-399,703
3447,-518,359
3129,-572,31
2823,-682,-316
2503,-796,-634
2167,-853,-888
1820,-867,-1062
1487,-877,-1167
1184,-859,-1218
897,-769,-1238
647,-663,-1255
428,-563,-1262
222,-445,-1265
25,-331,-1256
-158,-193,-1243
-318,-56,-1249
-454,75,-1234
-537,167,-1147
-580,226,-988
-607,268,-798
-645,297,-585
-799,422,-423
-985,610,-271
-1111,775,-103
-1227,897,44
-1288,909,133
-1289,871,98
-1273,832,-95
-1220,771,-449
-1062,677,-861
-809,525,-1157
-528,474,-1342
-258,467,-1519
64,465,-1700
406,434,-1861
829,353,-2026
1386,243,-2192
2073,150,-2430
3012,40,-2830
4364,-125,-3384
6162,-367,-4191
8252,-584,-5180
10173,-658,-5769
11449,-509,-5328
12494,-217,-3468
12937,103,-1028
12799,386,696
12535,753,1332
12548,1220,1418
12767,1709,1520
12768,2185,1719
12497,2586,1779
11787,2913,1612
10739,3139,1371
9772,3294,1217
8765,3270,1130
7899,3192,1058
7094,2987,939
6440,2747,755
5918,2423,507
5674,1892,277
5681,1288,93
5895,620,-16
6170,-210,-68
6373,-1041,-97
6373,-1536,-64
6204,-1754,-38
5938,-1748,-93
5602,-1663,-265
5185,-1546,-615
4737,-1432,-1057
4303,-1325,-1534
3951,-1191,-1914
3716,-1107,-2149
3535,-1058,-2299
3399,-1084,-2381
3347,-1115,-2317
3377,-1170,-2156
3521,-1248,-1859
3796,-1260,-1437
4062,-1243,-971
4327,-1266,-513
4563,-1286,-26
4709,-1214,452
4753,-1107,835
4700,-985,1120
4565,-800,1360
4365,-591,1491
4065,-447,1451
3671,-439,1275
3220,-445,1056
2733,-410,801
2255,-369,546
1748,-321,287
1263,-253,21
808,-210,-270
383,-186,-564
-11,-165,-849
-367,-125,-1172
-682,-65,-1486
-952,-3,-1753
-1126,77,-1927
-1258,233,-1990
-1340,339,-2004
-1417,412,-1986
-1475,435,-1931
-1552,449,-1812
-1619,465,-1633
-1617,470,-1365
-1626,450,-1122
-1666,403,-947
-1704,328,-830
-1709,217,-753
-1667,81,-731
-1582,-80,-834
-1404,-240,-1004
-1116,-408,-1193
-693,-534,-1336
-258,-567,-1463
154,-545,-1577
499,-571,-1774
978,-674,-1971
1398,-798,-2232
1928,-943,-2425
2585,-1054,-2714
3427,-1045,-3109
4569,-991,-3630
6121,-1018,-4357
7920,-1024,-5205
10063,-1122,-6245
12278,-1341,-7015
14652,-1724,-5048
16975,-1859,-1485
17603,-1693,483
16304,-1444,1260
14651,-1378,1564
13403,-1293,2082
12416,-1046,2606
11675,-630,3013
10983,-282,3159
10190,-133,3334
9328,-151,3420
8395,-361,2992
7585,-685,2310
7119,-976,1665
6897,-1180,1077
6860,-1323,528
6763,-1317,74
6589,-1130,-326
6295,-772,-651
5952,-407,-910
5603,-130,-1133
5202,57,-1380
4738,191,-1594
4344,309,-1720
3996,432,-1727
3675,603,-1631
3472,822,-1421
3202,1029,-1239
2974,1181,-1052
2900,1247,-867
2957,1247,-695
2942,1262,-518
2961,1320,-203
3015,1375,219
3177,1414,659
3421,1313,975
3658,1121,1138
3801,959,1170
3902,771,1108
3939,471,886
3946,121,560
3804,-106,213
3543,-248,-120
3249,-372,-399
2930,-578,-632
2600,-777,-812
2261,-934,-907
1855,-1045,-950
1375,-1019,-938
920,-916,-925
575,-780,-921
312,-711,-971
131,-683,-1000
-92,-677,-1046
-398,-639,-1077
-585,-589,-1014
-763,-545,-980
-886,-511,-948
-1042,-454,-925
-1061,-435,-879
-1045,-430,-862
-1183,-337,-895
-1323,-175,-868
-1321,41,-646
-1172,228,-363
-1204,415,-268
-1271,561,-129
-1267,638,42
-1395,704,-9
-1578,850,-182
-1384,935,-318
-1111,992,-528
-695,886,-693
-257,706,-849
220,491,-995
796,330,-1115
1223,206,-1381
1448,51,-1697
2026,-120,-2164
3103,-298,-2872
4518,-506,-3674
6007,-657,-4328
7463,-760,-4919
9169,-812,-5635
10961,-733,-6274
12425,-512,-6062
13544,39,-4314
14488,620,-1807
14453,1163,305
14185,1538,1275
13955,1883,1762
13659,2354,2291
13415,2798,2799
12732,3056,2936
11737,3124,2828
10555,3096,2680
9378,2978,2503
8385,2758,2235
7474,2393,1735
6560,1929,1026
6003,1266,176
5831,567,-454
5806,-126,-954
5889,-750,-1315
5965,-1246,-1570
5966,-1515,-1633
5854,-1591,-1561
5657,-1560,-1450
5420,-1425,-1344
5150,-1298,-1321
4891,-1217,-1381
4626,-1170,-1468
4398,-1103,-1514
4190,-1061,-1554
4058,-1033,-1561
3940,-1018,-1504
3846,-965,-1355
3727,-945,-1138
3637,-1045,-838
3605,-1130,-461
3633,-1147,-141
3733,-1097,135
3833,-1015,358
3973,-871,506
4097,-781,584
4187,-688,632
4233,-583,630
4198,-498,566
4108,-387,504
3965,-258,446
3725,-150,382
3434,-50,322
3111,15,249
2773,-2,154
2422,-63,70
2072,-139,-16
1724,-237,-99
1385,-357,-220
1090,-446,-354
843,-489,-515
619,-512,-699
337,-486,-892
51,-435,-1082
-221,-388,-1258
-481,-378,-1418
-694,-374,-1545
-840,-328,-1596
-935,-246,-1579
-1006,-183,-1535
-1071,-162,-1466
-1091,-164,-1376
-1080,-204,-1272
-1052,-245,-1160
-1015,-330,-1106
-989,-422,-1088
-967,-510,-1108
-951,-612,-1201
-858,-700,-1350
-715,-783,-1531
-516,-864,-1664
-256,-870,-1742
4,-847,-1834
255,-837,-1916
504,-822,-1995
846,-832,-2144
1330,-913,-2362
1992,-1058,-2713
2833,-1158,-3170
3910,-1178,-3717
5257,-1252,-4408
6828,-1359,-5207
8580,-1500,-6046
10220,-1595,-6795
11261,-1632,-7239
12020,-1746,-6568
13028,-1774,-3221
13493,-1305,-26
13263,-819,1757
12662,-589,2225
12308,-477,2442
12398,-250,3206
12436,53,3930
11686,277,4190
10619,332,4288
9610,254,4233
8754,44,3858
7804,-345,2868
7207,-751,1826
7008,-1032,999
6996,-1231,354
6999,-1199,-150
6882,-991,-553
6600,-727,-845
6154,-403,-987
5554,-75,-1024
4948,216,-1078
4364,578,-1281
3883,816,-1412
3494,944,-1459
3210,983,-1417
3082,941,-1318
2903,907,-1165
2800,903,-978
2808,926,-646
2882,936,-306
2964,894,42
3046,810,348
3129,702,650
3238,586,936
3485,373,1128
3722,146,1221
3880,-46,1219
3938,-297,1107
3880,-550,895
3749,-817,592
3517,-1052,265
3192,-1221,-76
2818,-1385,-442
2405,-1449,-755
1977,-1416,-996
1525,-1334,-1183
1100,-1251,-1342
692,-1159,-1470
365,-1024,-1521
113,-832,-1537
-101,-652,-1535
-280,-494,-1533
-404,-370,-1536
-514,-257,-1533
-566,-165,-1498
-650,-96,-1472
-728,-53,-1390
-794,-30,-1255
-839,-2,-1046
-888,61,-781
-895,156,-473
-886,260,-255
-876,340,-238
-936,410,-393
-1005,477,-572
-923,537,-679
-752,561,-825
-556,561,-976
-419,577,-1210
-215,635,-1413
162,584,-1499
654,411,-1504
1035,274,-1567
1460,132,-1777
2352,-88,-2233
3780,-332,-2865
5669,-554,-3756
7525,-717,-4619
9313,-738,-5395
10781,-477,-5874
11873,70,-5219
12383,806,-3346
12414,1501,-1410
12192,1982,-284
12075,2221,3
12048,2502,31
12238,2820,151
12246,3138,367
11974,3350,740
11301,3382,1174
10283,3188,1544
9237,2890,1856
8229,2420,2040
7287,1954,2008
6619,1408,1812
6234,756,1491
6058,-15,1110
6195,-795,585
6617,-1465,-373
6604,-1536,-1009
6604,-1839,-1500
6401,-2112,-1609
6138,-2102,-1440
5665,-2088,-1382
5103,-2076,-1442
4638,-2118,-1544
4265,-2050,-1597
3897,-1856,-1613
3670,-1659,-1624
3540,-1518,-1637
3542,-1398,-1580
3579,-1233,-1445
3699,-1139,-1246
3836,-1030,-999
3993,-945,-709
4148,-811,-448
4293,-737,-224
4369,-605,29
4349,-420,330
4257,-266,561
4142,-194,722
3916,-139,871
3609,-75,965
3286,-110,953
2952,-194,873
2574,-269,737
2247,-350,563
2007,-444,364
1812,-547,173
1616,-606,-14
1374,-627,-225
1112,-613,-443
837,-555,-648
569,-484,-850
302,-435,-1051
54,-422,-1232
-181,-416,-1373
-407,-385,-1472
-597,-329,-1531
-736,-271,-1548
-839,-236,-1554
-884,-211,-1516
-901,-191,-1414
-953,-188,-1337
-989,-179,-1233
-1032,-166,-1116
-1077,-161,-1001
-1145,-180,-932
-1190,-228,-905
-1225,-313,-926
-1200,-423,-1021
-1085,-557,-1152
-885,-713,-1280
-614,-841,-1406
-284,-921,-1529
39,-925,-1613
441,-960,-1749
913,-1085,-1953
1606,-1287,-2267
2527,-1444,-2734
3835,-1606,-3384
5624,-1775,-4320
7673,-1880,-5349
9701,-1966,-6371
11037,-1899,-7072
11533,-1690,-7330
11285,-1405,-7128
10532,-1100,-6628
9887,-926,-5720
11030,-895,-566
13132,-448,3663
13830,-268,4270
13763,-184,4065
13614,-52,4711
12612,145,5405
10992,128,5428
9584,-59,5190
8557,-357,4686
7916,-790,3953
7612,-1276,2951
7456,-1675,1905
7354,-1946,964
7243,-2075,217
7099,-2110,-362
6929,-2027,-808
6586,-1629,-1065
6080,-1141,-1171
5489,-693,-1193
4892,-394,-1197
4385,-182,-1295
3962,62,-1446
3722,109,-1506
3423,152,-1420
3025,264,-1321
2729,390,-1186
2495,496,-956
2363,559,-688
2450,635,-383
2561,689,-63
2738,713,229
2928,640,474
3038,511,710
3152,382,917
3271,228,1026
3436,86,1025
3495,-101,969
3401,-309,843
3207,-489,620
2913,-652,343
2572,-780,69
2225,-823,-188
1872,-782,-434
1520,-720,-686
1163,-649,-909
815,-537,-1108
520,-442,-1265
270,-372,-1386
38,-301,-1492
-181,-238,-1556
-375,-169,-1562
-499,-89,-1496
-604,-46,-1391
-671,-67,-1262
-714,-108,-1105
-760,-109,-960
-853,-57,-895
-894,-29,-807
-957,8,-745
-1019,67,-658
-1072,166,-570
-1175,247,-514
-1184,299,-476
-1117,363,-519
-946,419,-637
-675,500,-792
-332,553,-925
91,524,-1072
531,442,-1239
1048,380,-1542
1698,319,-1942
2587,239,-2489
3853,12,-3133
5809,-305,-4102
8027,-658,-5293
9845,-869,-6253
10800,-843,-6731
10816,-574,-6565
9642,-54,-5845
9163,181,-2961
9717,-75,-14
10749,-285,1163
11865,-173,1362
13142,338,1700
13838,1096,2169
13697,1848,2463
12508,2472,2516
10779,2943,2438
9330,3213,2333
8291,3312,2123
7299,3312,1736
6502,3135,1216
6242,2565,560
6798,1849,241
7315,1167,-96
7546,208,-560
7754,-556,-781
7553,-1140,-781
7151,-1499,-704
6611,-1563,-740
6090,-1532,-809
5574,-1439,-989
5097,-1296,-1255
4701,-1253,-1477
4398,-1270,-1637
4157,-1355,-1743
3991,-1453,-1784
3830,-1455,-1739
3732,-1401,-1525
3650,-1324,-1239
3640,-1316,-964
3673,-1357,-674
3736,-1375,-361
3838,-1348,-4
3934,-1255,384
3969,-1125,763
3879,-911,1077
3729,-700,1317
3547,-476,1502
3336,-337,1589
3109,-300,1615
2845,-316,1572
2558,-360,1451
2247,-451,1195
1996,-593,835
1813,-704,471
1607,-815,92
1339,-893,-317
1052,-911,-696
766,-869,-1028
530,-755,-1276
332,-623,-1479
157,-504,-1646
10,-427,-1754
-120,-387,-1765
-250,-351,-1733
-379,-309,-1668
-470,-265,-1572
-545,-245,-1479
-625,-250,-1415
-706,-257,-1373
-793,-243,-1319
-874,-221,-1245
-948,-235,-1190
-1013,-277,-1190
-1091,-334,-1212
-1185,-394,-1233
-1314,-409,-1222
-1431,-391,-1155
-1521,-403,-1104
-1541,-475,-1080
-1457,-576,-1102
-1261,-681,-1180
-980,-766,-1285
-639,-835,-1442
-266,-877,-1619
180,-923,-1854
818,-995,-2121
1711,-1029,-2488
2888,-1038,-2968
4460,-1046,-3753
6735,-1078,-4945
9331,-1084,-6243
11475,-960,-7298
12539,-743,-7803
12574,-359,-7675
11207,125,-7118
9820,397,-6467
8927,430,-5958
9438,626,-2021
12814,1418,4667
14160,1532,5687
14632,1526,5501
14365,1663,6327
13596,1499,7212
12113,873,6680
10757,110,5671
9885,-559,4857
9338,-1166,4045
9204,-1655,3214
9194,-2087,2185
9125,-2326,1190
8931,-2307,432
8533,-2041,-45
8076,-1485,-217
7590,-904,-301
7121,-556,-394
6554,-433,-578
5914,-388,-746
5242,-297,-891
4643,-237,-950
4106,-197,-943
3594,-133,-927
3182,-75,-911
2887,-42,-908
2654,-26,-882
2492,-21,-806
2412,9,-707
2410,114,-561
2518,158,-420
2706,116,-335
2866,169,-121
2999,280,95
3138,432,278
3197,584,408
3162,727,447
3024,818,387
2806,833,281
2557,783,141
2262,710,-15
1985,599,-164
1715,470,-337
1448,357,-513
1199,204,-665
896,28,-822
478,-119,-993
53,-195,-1163
-304,-242,-1321
-566,-277,-1448
-739,-302,-1508
-842,-342,-1522
-936,-333,-1536
-986,-322,-1513
-994,-334,-1462
-1012,-423,-1404
-1038,-424,-1284
-1104,-340,-1159
-1169,-263,-963
-1235,-203,-731
-1286,-168,-415
-1355,-99,-122
-1446,-5,82
-1499,111,191
-1471,240,108
-1282,372,-144
-976,459,-455
-592,439,-756
-228,397,-1053
131,323,-1275
456,277,-1485
831,272,-1734
1373,253,-2078
2356,89,-2655
3789,-218,-3367
6067,-564,-4493
9381,-1101,-6182
12155,-1518,-7604
13365,-1443,-7490
13174,-888,-5199
12090,-78,-2013
11625,546,129
11574,1011,1057
11966,1456,1469
12407,1937,1746
12647,2433,1877
12117,2843,1781
11129,3162,1604
10198,3378,1498
9075,3493,1295
8141,3479,1026
7410,3322,704
7131,2998,350
7385,2273,-109
7837,1498,-421
8289,684,-586
8424,-403,-560
8338,-1266,-193
8249,-1676,273
8036,-1784,569
7648,-1807,608
7157,-1853,413
6667,-1942,106
6157,-1924,-253
5615,-1736,-672
5092,-1455,-1017
4658,-1202,-1270
4314,-933,-1434
4016,-737,-1575
3726,-574,-1709
3528,-400,-1788
3421,-307,-1767
3386,-293,-1652
3386,-335,-1472
3420,-429,-1235
3476,-587,-948
3511,-726,-638
3532,-854,-308
3530,-955,61
3492,-1063,411
3405,-1142,710
3289,-1169,936
3138,-1155,1078
2944,-1108,1152
2712,-1038,1149
2480,-985,1046
2217,-1010,856
1935,-1055,626
1659,-1065,371
1355,-1034,99
1060,-950,-164
786,-856,-428
532,-767,-685
273,-677,-955
25,-586,-1217
-210,-504,-1459
-405,-437,-1644
-548,-387,-1779
-650,-308,-1832
-729,-206,-1801
-786,-96,-1703
-838,-5,-1580
-908,71,-1458
-1012,128,-1361
-1085,149,-1259
-1133,133,-1165
-1194,92,-1095
-1258,53,-1042
-1320,23,-989
-1371,-28,-946
-1427,-107,-927
-1467,-202,-951
-1436,-318,-1019
-1327,-406,-1111
-1147,-458,-1202
-896,-505,-1289
-540,-522,-1381
-215,-507,-1492
91,-471,-1576
556,-481,-1757
1231,-543,-2094
2348,-614,-2596
3688,-689,-3240
5383,-788,-4097
7969,-980,-5411
10531,-1137,-6644
12191,-1203,-7485
12574,-1213,-7685
12052,-1176,-7358
11028,-1038,-6646
11180,-1131,-2731
13070,-349,3356
13827,211,5518
13834,463,5856
13398,627,6226
12759,654,6617
11460,448,6179
10216,-21,5674
9540,-569,5228
9280,-1160,4473
9207,-1787,3406
9165,-2306,2264
9112,-2619,1290
8885,-2605,620
8471,-2425,95
7995,-2166,-299
7632,-1915,-556
7302,-1572,-648
6874,-1153,-673
6374,-772,-681
5811,-428,-695
5237,-163,-719
4727,37,-728
4317,149,-766
3939,178,-810
3640,134,-836
3290,94,-865
3072,37,-926
2981,-25,-904
2911,-48,-771
2828,-16,-537
2768,16,-228
2780,22,81
2867,56,402
2993,68,649
3145,47,779
3332,40,861
3501,-55,818
3604,-203,723
3590,-318,566
3451,-429,374
3221,-563,163
2922,-673,-57
2562,-722,-256
2163,-720,-412
1787,-742,-520
1415,-760,-582
1063,-788,-631
746,-831,-697
478,-878,-796
220,-821,-931
-12,-687,-1105
-220,-569,-1297
-403,-507,-1448
-587,-489,-1533
-726,-432,-1512
-810,-357,-1415
-858,-264,-1295
-891,-186,-1177
-921,-121,-1069
-939,-51,-957
-932,20,-782
-953,101,-585
-992,188,-382
-1064,319,-196
-1108,469,20
-1148,637,217
-1150,817,404
-1105,1014,437
-985,1148,326
-734,1185,104
-389,1159,-226
13,1091,-565
516,1000,-937
1151,966,-1367
1929,920,-1847
2864,823,-2401
4493,660,-3325
6626,437,-4493
9291,24,-5935
11615,-462,-7088
12231,-898,-7499
10672,-816,-6909
9667,-672,-4472
9808,-804,-1357
10521,-1002,275
11160,-1092,693
11830,-1049,1042
12643,-813,1480
12964,-437,1708
12923,5,1900
12067,560,2215
10648,1069,2450
9085,1485,2472
7993,1740,2298
7230,1855,1901
6854,1926,1216
6976,1906,632
7001,1582,262
7073,961,-159
7170,359,-517
7172,-313,-706
6980,-950,-732
6660,-1350,-665
6293,-1492,-564
5886,-1439,-473
5481,-1240,-426
5066,-1007,-438
4682,-802,-528
4374,-664,-691
4136,-586,-871
3932,-582,-1063
3750,-553,-1200
3560,-500,-1326
3392,-509,-1460
3274,-580,-1511
3228,-677,-1437
3265,-789,-1217
3320,-883,-899
3362,-951,-540
3406,-1002,-162
3408,-1063,229
3383,-1113,583
3338,-1142,863
3255,-1147,1072
3146,-1145,1207
3023,-1133,1270
2895,-1110,1271
2781,-1066,1225
2642,-1001,1118
2428,-888,966
2142,-781,759
1835,-723,495
1505,-684,206
1179,-612,-72
879,-505,-324
549,-386,-549
222,-256,-744
-77,-160,-934
-331,-88,-1121
-534,-17,-1288
-697,30,-1406
-798,61,-1456
-867,78,-1462
-924,79,-1448
-984,76,-1443
-1050,87,-1433
-1104,86,-1416
-1149,56,-1379
-1190,25,-1319
-1217,-5,-1240
-1227,-56,-1146
-1218,-134,-1069
-1174,-230,-1021
-1057,-339,-1033
-872,-455,-1119
-633,-571,-1235
-353,-662,-1345
-49,-708,-1462
323,-739,-1612
766,-738,-1796
1583,-773,-2205
2778,-885,-2768
4480,-956,-3517
6985,-1095,-4745
9865,-1293,-6166
11850,-1355,-7164
12352,-1293,-7365
11743,-1024,-6964
10270,-674,-6386
9075,-484,-5735
9016,-849,-2993
11297,-857,2856
12705,-540,4705
12989,-340,4548
12673,-298,4369
12220,-395,4561
11303,-527,4157
9962,-533,3192
9135,-631,2750
8653,-947,2963
8290,-1370,2898
8224,-1858,2406
8335,-2231,1825
8419,-2351,1375
8272,-2286,896
7883,-2024,500
7301,-1510,324
6693,-905,300
6108,-417,237
5617,-28,116
5230,230,-86
4871,366,-445
4599,389,-846
4403,422,-1179
4183,466,-1399
3911,512,-1479
3658,571,-1493
3495,609,-1501
3382,704,-1407
3279,810,-1261
3245,920,-975
3296,1001,-624
3394,1077,-221
3555,1147,256
3713,1181,748
3804,1206,1169
3917,1176,1459
4015,1063,1582
4038,897,1553
3959,692,1376
3777,510,1145
3555,317,851
3304,104,509
2998,-87,146
2662,-253,-183
2324,-371,-461
1986,-440,-706
1648,-485,-913
1320,-551,-1114
1012,-598,-1312
711,-643,-1483
446,-644,-1610
223,-643,-1664
26,-658,-1690
-157,-676,-1704
-334,-725,-1675
-485,-753,-1616
-632,-784,-1548
-809,-795,-1497
-986,-766,-1417
-1084,-694,-1256
-1190,-596,-1139
-1281,-495,-907
-1393,-372,-673
-1521,-223,-410
-1644,-43,-56
-1718,171,391
-1804,423,746
-1834,670,1002
-1796,872,1035
-1652,1058,833
-1331,1159,488
-933,1163,108
-523,1087,-300
-131,989,-695
213,934,-1015
642,857,-1369
1074,766,-1669
