5874,-1379,1224
5755,-1116,1183
5630,-831,1061
5450,-520,858
5222,-243,619
4989,-4,398
4743,205,203
4505,358,31
4259,486,-103
3990,546,-198
3740,570,-250
3546,570,-247
3387,566,-213
3207,577,-151
3022,596,-72
2830,600,-8
2659,606,72
2494,613,161
2344,616,253
2208,612,360
2105,591,467
1998,549,559
1876,507,616
1770,457,635
1644,399,619
1526,335,560
1429,276,469
1324,226,357
1210,187,231
1119,149,110
1058,121,-10
1026,88,-130
1025,58,-238
1030,36,-335
1078,21,-414
1158,8,-506
1252,-11,-595
1362,-28,-670
1480,-44,-729
1601,-63,-774
1711,-78,-803
1817,-87,-823
1916,-93,-833
2017,-64,-782
2157,0,-626
2344,127,-321
2573,228,-22
2821,251,198
3075,195,332
3311,94,452
3530,-23,598
3730,-122,794
3927,-212,1014
4144,-289,1223
4381,-353,1398
4614,-416,1508
4851,-494,1532
5087,-600,1481
5319,-725,1381
5568,-886,1260
5796,-1076,1145
5978,-1315,1046
6065,-1556,977
6124,-1825,931
6094,-2100,896
5939,-2338,835
5733,-2520,809
5480,-2609,828
5193,-2604,892
4993,-2506,991
4902,-2337,1111
4867,-2130,1224
4853,-1904,1313
4827,-1671,1400
4806,-1455,1507
4822,-1242,1621
4912,-1015,1711
5084,-796,1699
5372,-590,1496
5755,-416,1051
6232,-258,387
6746,-94,-399
7047,114,-1169
6979,361,-1792
6606,629,-2227
6062,865,-2501
5502,1030,-2664
4997,1140,-2733
4651,1204,-2757
4509,1225,-2772
4462,1224,-2779
4473,1229,-2746
4562,1258,-2647
4681,1307,-2483
4815,1389,-2161
4909,1559,-1620
5021,1718,-1075
5126,1790,-683
5265,1802,-402
5449,1785,-183
5715,1773,0
6026,1762,143
6285,1723,200
6487,1626,186
6589,1469,116
6604,1264,7
6535,1037,-117
6374,810,-250
6159,613,-347
5944,446,-407
5696,307,-441
5405,172,-461
5023,65,-480
4638,-54,-519
4243,-194,-577
3958,-351,-606
3671,-538,-594
3386,-740,-525
3068,-971,-421
2787,-1204,-274
2513,-1386,-116
2292,-1505,39
2195,-1569,183
2193,-1568,331
2241,-1513,484
2287,-1416,603
2286,-1287,708
2230,-1147,787
2146,-1019,807
2034,-918,757
1905,-817,668
1761,-741,536
1616,-672,389
1452,-615,230
1306,-572,66
1220,-530,-88
1093,-474,-236
965,-429,-389
885,-394,-526
823,-379,-647
786,-359,-761
760,-346,-858
763,-330,-923
785,-310,-980
844,-286,-1032
941,-301,-1094
1062,-356,-1170
1180,-400,-1235
1342,-436,-1276
1547,-519,-1268
1856,-725,-1102
2338,-1054,-626
2950,-1503,-19
3577,-1975,539
4107,-2278,875
4512,-2446,1009
4783,-2438,1062
4955,-2309,1132
5053,-2136,1203
5059,-1911,1242
5021,-1643,1233
4984,-1308,1205
4988,-982,1149
5007,-658,1072
5031,-308,964
5119,24,836
5248,307,701
5360,601,588
5497,924,542
5618,1182,566
5678,1384,671
5638,1551,836
5561,1618,1039
5471,1652,1255
5399,1670,1471
5381,1656,1679
5399,1568,1860
5410,1457,1996
5433,1328,2087
5459,1180,2142
5466,1054,2169
5444,930,2185
5393,779,2155
5340,602,2063
5313,347,1841
5365,22,1446
5526,-354,917
5738,-723,327
5896,-1047,-294
5858,-1299,-889
5675,-1421,-1394
5425,-1459,-1878
5119,-1466,-2352
4746,-1395,-2718
4266,-1290,-2964
3907,-1185,-3124
3666,-1034,-3224
3604,-861,-3214
3724,-684,-3040
3826,-563,-2818
3864,-502,-2625
3884,-474,-2481
3925,-477,-2394
4066,-523,-2326
4300,-577,-2247
4604,-686,-2100
5020,-888,-1624
5522,-1188,-622
6010,-1401,404
6401,-1475,1089
6730,-1560,1436
6960,-1623,1666
7100,-1611,1835
7161,-1575,1871
7047,-1445,1735
6821,-1207,1427
6616,-936,976
6423,-626,470
6152,-293,-73
5759,54,-542
5292,383,-926
4816,656,-1218
4463,806,-1428
4128,919,-1545
3852,983,-1578
3658,981,-1529
3654,921,-1401
3659,854,-1237
3580,810,-1059
3454,797,-883
3303,815,-703
3147,852,-500
3021,909,-250
2936,971,50
2941,1003,412
2964,984,810
3004,899,1200
3024,756,1506
3015,551,1677
2945,335,1745
2828,130,1730
2690,-40,1654
2536,-183,1533
2361,-276,1365
2170,-328,1163
1971,-335,946
1763,-343,698
1545,-342,455
1345,-339,223
1163,-334,7
1021,-345,-186
916,-360,-348
846,-361,-460
821,-354,-547
821,-337,-618
853,-334,-681
911,-339,-740
998,-361,-813
1094,-385,-868
1197,-419,-912
1283,-451,-932
1365,-471,-935
1436,-481,-924
1519,-488,-905
1595,-479,-857
1686,-461,-791
1785,-425,-698
1943,-313,-345
2185,-147,191
2552,33,756
2990,155,1170
3451,217,1346
3865,259,1370
4264,308,1370
4629,385,1409
4923,478,1441
5157,552,1448
5347,577,1401
5507,534,1308
5638,400,1180
5729,193,1051
5796,-72,950
5883,-371,885
5914,-680,860
5973,-989,875
6006,-1306,911
6033,-1603,977
6047,-1882,1066
6064,-2139,1148
5936,-2381,1266
5711,-2574,1398
5553,-2765,1501
5464,-2877,1604
5435,-2907,1685
5468,-2837,1715
5686,-2600,1670
6138,-2241,1505
6623,-1805,1158
7018,-1329,647
7241,-815,94
7082,-282,-417
6689,200,-842
6168,607,-1165
5646,729,-1470
5115,774,-1693
4651,718,-1865
4287,714,-1969
4059,723,-2045
3850,803,-2107
3706,852,-2213
3681,938,-2330
3784,1047,-2423
3977,1168,-2439
4176,1283,-2403
4353,1413,-2352
4507,1532,-2301
4624,1612,-2263
4739,1689,-2213
4800,1767,-2141
4865,1864,-2024
5004,2148,-1525
5431,2641,-581
5987,3012,195
6440,3109,637
6662,2985,853
6625,2698,964
6451,2316,1030
6276,1899,1060
6134,1455,1040
6013,1032,953
5861,641,776
5643,305,501
5411,5,174
5196,-254,-159
4957,-463,-462
4682,-637,-696
4393,-782,-860
4107,-896,-948
3824,-1001,-982
3643,-1094,-943
3471,-1185,-856
3293,-1267,-732
3109,-1342,-570
2943,-1396,-378
2802,-1404,-183
2697,-1382,27
2640,-1317,238
2587,-1225,446
2542,-1121,645
2482,-1026,815
2422,-925,953
2324,-814,1032
2203,-705,1059
2076,-621,1021
1946,-534,924
1795,-465,784
1636,-393,625
1438,-324,438
1285,-271,256
1151,-236,70
985,-208,-92
938,-202,-222
851,-205,-344
837,-205,-444
801,-200,-547
772,-192,-640
776,-180,-734
811,-185,-823
855,-188,-903
929,-206,-964
998,-230,-1020
1097,-277,-1054
1218,-323,-1054
1373,-399,-1031
1532,-468,-988
1746,-557,-908
2098,-794,-591
2616,-1145,-84
3229,-1466,463
3793,-1636,867
4201,-1527,1036
4527,-1381,1094
4769,-1225,1117
4994,-1024,1149
5190,-780,1174
5355,-535,1209
5473,-288,1241
5542,-37,1269
5603,182,1280
5657,374,1275
5675,563,1233
5668,758,1176
5651,942,1102
5688,1147,1041
5745,1357,1009
5795,1569,1017
5827,1726,1105
5818,1819,1287
5785,1844,1543
5777,1775,1824
5812,1625,2101
5857,1450,2351
5905,1301,2573
5935,1147,2750
5938,953,2826
5897,699,2746
5921,388,2505
6064,40,2110
6226,-288,1598
6353,-557,1008
6345,-803,358
6175,-1008,-325
5897,-1133,-928
5464,-1242,-1478
5002,-1269,-1919
4578,-1209,-2215
4163,-1181,-2500
3706,-1149,-2810
3303,-1103,-3050
3032,-1024,-3142
2880,-922,-3123
2857,-794,-3029
3031,-659,-2865
3299,-566,-2691
3549,-517,-2567
3794,-532,-2499
4036,-596,-2468
4286,-700,-2442
4512,-852,-2382
4775,-1052,-2171
5358,-1530,-1241
5959,-1884,-189
6488,-2020,607
6798,-2034,1069
6835,-1999,1327
6747,-1925,1444
6647,-1816,1472
6545,-1634,1452
6391,-1372,1382
6235,-1071,1225
6032,-754,974
5777,-437,643
5450,-132,284
5164,140,-66
4887,369,-393
4637,559,-648
4428,711,-782
4270,826,-821
4241,901,-793
4214,908,-747
4136,899,-705
4002,892,-658
3833,906,-583
3661,929,-483
3474,965,-336
3306,1008,-147
3196,1057,87
3136,1074,355
3112,1065,636
3093,1031,910
3064,958,1127
2991,856,1278
2891,754,1355
2768,668,1378
2629,595,1358
2466,534,1295
2290,488,1189
2114,431,1040
1931,378,857
1748,324,658
1559,274,460
1401,235,263
1266,194,85
1167,150,-85
1106,104,-234
1086,67,-369
1116,34,-477
1174,-2,-576
1266,-30,-670
1376,-61,-750
1487,-97,-806
1587,-136,-842
1679,-165,-856
1752,-173,-843
1811,-171,-813
1856,-155,-773
1931,-97,-636
2035,12,-367
2199,134,-12
2440,226,354
2725,285,695
3011,305,953
3269,304,1117
3503,295,1223
3698,310,1333
3873,342,1448
4041,370,1536
4208,380,1590
4371,372,1591
4513,340,1515
4616,258,1371
4738,124,1204
4884,-70,1042
5000,-298,908
5102,-541,810
5180,-791,736
5294,-1041,701
5370,-1292,676
5392,-1521,652
5420,-1721,644
5391,-1896,666
5329,-2058,726
5259,-2230,854
5208,-2403,1036
5153,-2575,1241
5059,-2713,1461
4973,-2789,1678
4944,-2783,1853
5016,-2643,1962
5282,-2378,1985
5666,-2004,1854
6038,-1584,1498
6456,-1163,896
6902,-760,167
7246,-364,-528
7276,52,-1063
6998,438,-1434
6517,754,-1701
5928,972,-1868
5322,1111,-1995
4756,1213,-2123
4327,1272,-2268
4093,1305,-2344
4013,1335,-2345
4049,1374,-2294
4166,1417,-2196
4315,1471,-2078
4445,1527,-1929
4492,1589,-1776
4508,1671,-1636
4567,1802,-1413
4803,2050,-1004
5132,2277,-591
5469,2399,-338
5765,2425,-183
6033,2410,-76
6252,2351,11
6394,2220,70
6450,2022,105
6389,1751,98
6264,1452,59
6119,1178,-1
5957,938,-96
5774,713,-227
5572,501,-410
5356,310,-628
5151,147,-857
4903,-3,-1072
4691,-146,-1237
4519,-294,-1309
4325,-462,-1295
4082,-622,-1216
3831,-799,-1115
3560,-964,-1018
3443,-1118,-876
3377,-1257,-691
3233,-1383,-500
3046,-1494,-319
2938,-1596,-115
2851,-1652,134
2739,-1638,405
2690,-1587,675
2695,-1482,928
2695,-1359,1099
2641,-1231,1181
2539,-1099,1185
2401,-973,1124
2264,-840,1013
2134,-702,880
2057,-538,760
1938,-407,597
1785,-357,394
1640,-311,191
1526,-237,0
1411,-160,-167
1314,-101,-328
1249,-50,-469
1193,12,-566
1216,122,-596
1257,233,-596
1240,309,-621
1187,340,-663
1126,329,-729
1099,279,-804
1111,216,-862
1142,167,-905
1204,104,-926
1291,41,-923
1406,-46,-900
1594,-182,-778
1899,-385,-492
2289,-611,-135
2669,-801,209
3003,-955,473
3276,-1036,650
3501,-1081,787
3691,-1138,886
3896,-1156,993
4084,-1128,1080
4278,-1036,1126
4445,-909,1129
4590,-767,1117
4719,-638,1107
4843,-539,1091
4986,-451,1057
5158,-385,1024
5351,-335,982
5522,-295,961
5642,-231,942
5713,-125,946
5754,10,990
5781,168,1072
5803,310,1167
5818,471,1296
5852,643,1480
5894,770,1702
5924,867,1927
5945,930,2146
5967,960,2337
5978,931,2472
5968,846,2551
5914,715,2585
5809,547,2555
5665,316,2403
5586,24,2111
5652,-298,1723
5807,-635,1270
5951,-933,791
6001,-1234,322
5950,-1525,-147
5804,-1724,-600
5589,-1789,-965
5341,-1770,-1232
4987,-1685,-1474
4512,-1552,-1658
4023,-1404,-1833
3600,-1290,-2027
3289,-1149,-2194
3238,-1072,-2228
3418,-1010,-2168
3591,-939,-2107
3703,-891,-2053
3761,-862,-2048
3863,-859,-2105
4004,-886,-2208
4189,-978,-2305
4425,-1138,-2272
4699,-1416,-1980
4980,-1699,-1493
5254,-1890,-898
5527,-1956,-336
5738,-1946,184
5926,-1904,660
6043,-1866,1071
6065,-1836,1312
5999,-1805,1316
5912,-1752,1147
5797,-1672,897
5638,-1556,601
5505,-1389,319
5385,-1183,58
5245,-954,-167
5083,-686,-334
4888,-390,-441
4669,-111,-489
4503,132,-479
4444,302,-383
4367,439,-240
4223,566,-96
4016,701,37
3780,836,154
3570,941,255
3387,1024,354
3232,1098,466
3085,1143,562
2966,1150,642
2874,1124,720
2794,1064,783
2707,988,837
2617,901,870
2527,812,888
2421,713,872
2292,623,821
2147,537,750
2005,444,647
1863,364,527
1736,291,398
1623,226,258
1529,168,120
1456,124,-8
1398,108,-105
1359,98,-174
1334,98,-243
1323,89,-308
1328,89,-356
1360,80,-396
1436,60,-433
1527,27,-458
1581,0,-477
1659,-11,-487
1726,-9,-499
1756,-1,-518
1774,23,-531
1826,58,-563
1862,95,-601
1908,124,-627
1997,135,-628
2122,256,-387
2298,450,-12
2549,597,361
2824,663,656
3073,653,904
3331,624,1152
3580,614,1389
3837,576,1575
4094,529,1698
4376,459,1783
4693,324,1792
5011,133,1735
5321,-108,1654
5582,-399,1528
5770,-739,1403
5910,-1085,1320
5987,-1423,1271
5972,-1752,1232
5890,-2073,1210
5749,-2336,1202
5622,-2546,1196
5503,-2697,1204
5394,-2792,1219
5298,-2831,1247
5215,-2825,1284
5152,-2791,1325
5117,-2729,1357
5104,-2633,1406
5152,-2479,1464
5326,-2282,1518
5574,-2044,1481
5853,-1752,1325
6122,-1426,1014
6428,-1097,538
6649,-762,-57
6687,-407,-643
6514,-110,-1145
6165,171,-1526
5726,462,-1788
5274,706,-1987
4908,735,-2166
4647,799,-2245
4413,877,-2284
4159,977,-2328
4056,1077,-2370
4064,1188,-2382
4167,1270,-2336
4297,1364,-2223
4489,1462,-2051
4671,1556,-1863
4795,1636,-1691
4914,1721,-1565
4983,1790,-1493
5078,1884,-1403
5252,2059,-1137
5549,2240,-751
5893,2354,-394
6213,2396,-85
6470,2368,232
6637,2249,529
6705,2026,769
6694,1682,909
6603,1279,947
6458,875,897
6303,482,755
6055,109,518
5794,-221,247
5462,-502,-44
5153,-744,-322
4889,-952,-556
4590,-1124,-721
4208,-1283,-837
3798,-1445,-913
3444,-1600,-978
3061,-1735,-1084
2688,-1841,-1223
2439,-1923,-1314
2271,-1951,-1321
2194,-1920,-1226
2350,-1887,-1004
2584,-1840,-670
2706,-1811,-321
2742,-1800,16
2728,-1773,335
2687,-1725,586
2600,-1619,770
2525,-1479,890
2444,-1311,950
2341,-1131,936
2251,-960,852
2129,-794,729
1963,-641,573
1795,-512,397
1673,-385,235
1532,-230,92
1448,-115,-47
1399,-25,-165
1375,48,-265
1367,90,-357
1386,141,-443
1435,173,-536
1500,194,-622
1571,222,-675
1623,230,-715
1654,218,-732
1647,191,-732
1644,157,-706
1659,106,-661
1707,35,-550
1834,-118,-314
2018,-316,-21
2228,-522,288
2429,-687,551
2599,-785,734
2750,-845,841
2898,-874,902
3063,-888,951
3236,-900,985
3404,-881,997
3600,-864,1014
3779,-843,1011
3940,-807,1008
4104,-747,1010
4265,-674,1003
4436,-614,993
4607,-581,965
4775,-581,901
4919,-605,810
5039,-614,729
5159,-609,683
5271,-548,691
5372,-454,751
5478,-348,863
5578,-237,1009
5677,-125,1179
5780,11,1402
5870,127,1634
5964,221,1885
6055,302,2138
6117,350,2402
6126,363,2628
6097,334,2808
6035,235,2899
5927,87,2874
5797,-119,2694
5761,-408,2342
5828,-721,1855
5923,-1051,1255
5978,-1341,654
5933,-1550,100
5748,-1696,-405
5484,-1803,-832
5131,-1841,-1207
4702,-1809,-1529
4256,-1680,-1821
3816,-1512,-2116
3485,-1288,-2325
3257,-1058,-2459
3128,-893,-2485
3230,-789,-2367
3330,-740,-2210
3429,-757,-2063
3487,-832,-1980
3599,-954,-1938
3747,-1076,-1922
3930,-1222,-1942
4160,-1386,-1947
4469,-1618,-1833
5003,-2221,-1235
5574,-2806,-476
5956,-3111,193
6153,-3207,594
6309,-3231,785
6440,-3174,847
6486,-3044,840
6464,-2857,791
6388,-2606,731
6264,-2299,672
6075,-1939,598
5827,-1549,526
5530,-1119,454
5241,-698,368
4964,-342,255
4718,-58,124
4509,154,11
4347,289,-60
4227,349,-88
4100,379,-105
3939,421,-103
3756,477,-99
3565,532,-78
3379,574,-51
3203,631,-6
3043,678,61
2883,718,130
2716,735,205
2562,764,278
2436,813,364
2302,860,444
2189,882,527
2080,879,584
1973,888,613
1858,890,605
1758,883,562
1665,852,508
1578,820,435
1489,793,351
1420,755,256
1384,714,158
1344,663,64
1343,608,-18
1365,543,-84
1413,482,-158
1454,423,-236
1482,359,-300
1505,292,-358
1525,213,-413
1541,137,-453
1560,77,-489
1613,23,-515
1672,-32,-533
1737,-69,-538
1814,-101,-496
1922,-136,-357
2076,-162,-121
2251,-203,84
2448,-269,239
2665,-329,370
2903,-394,498
3165,-442,642
3467,-476,808
3793,-504,997
4158,-499,1210
4553,-493,1411
4960,-510,1576
5333,-552,1685
5664,-653,1720
5929,-798,1706
6099,-980,1675
6197,-1211,1624
6238,-1492,1559
6225,-1811,1462
6192,-2137,1348
6077,-2441,1209
5843,-2706,1019
5550,-2938,837
5153,-3120,663
4821,-3274,520
4591,-3367,440
4486,-3366,431
4644,-3285,488
4906,-3112,568
5150,-2894,603
5384,-2647,528
5645,-2367,345
5983,-2044,65
6375,-1711,-297
6713,-1375,-692
6898,-1017,-1043
6844,-639,-1299
6584,-262,-1468
6195,95,-1602
5762,405,-1728
5355,634,-1849
5027,820,-1955
4810,978,-2040
4746,1119,-2070
4814,1243,-2035
4938,1409,-1866
5148,1635,-1589
5360,1846,-1338
5502,1993,-1179
5568,2089,-1097
5633,2162,-1049
5708,2218,-1016
5805,2280,-975
5880,2346,-941
5990,2394,-893
6079,2392,-848
6106,2311,-783
6069,2185,-655
6043,2032,-443
6009,1816,-214
5950,1536,-27
5848,1262,92
5690,991,100
5540,704,5
5387,437,-182
5237,181,-433
5086,-49,-670
4897,-256,-886
4660,-410,-1031
4305,-538,-1150
3899,-650,-1220
3602,-770,-1211
3389,-877,-1125
3229,-999,-976
3032,-1097,-802
2833,-1189,-617
2659,-1295,-428
2533,-1363,-208
2476,-1399,37
2503,-1374,276
2570,-1313,518
2640,-1228,737
2651,-1141,866
2594,-1063,920
2496,-1001,889
2357,-955,780
2197,-895,636
2028,-836,462
1880,-753,264
1725,-694,69
1556,-630,-100
1414,-558,-230
1308,-487,-329
1214,-420,-398
1192,-327,-403
1178,-235,-395
1110,-203,-424
1074,-203,-474
1076,-210,-546
1104,-207,-636
1191,-187,-708
1300,-182,-760
1410,-194,-778
1532,-220,-764
1698,-283,-681
1922,-404,-509
2192,-558,-298
2471,-699,-75
2712,-809,124
2915,-888,279
3091,-950,388
3236,-973,464
3379,-973,539
3540,-965,637
3641,-915,745
3732,-871,831
3806,-805,891
3900,-698,932
4004,-624,963
4106,-559,993
4186,-459,1034
4271,-345,1076
4371,-275,1102
4472,-192,1102
4603,-107,1073
4741,-10,1052
4852,89,1025
4954,186,1018
5038,269,1057
5096,329,1135
5162,329,1221
5229,304,1319
5306,279,1429
5370,281,1535
5425,321,1640
5495,426,1755
5559,572,1894
5590,742,2055
5621,879,2215
5637,929,2327
5645,868,2351
5675,694,2267
5736,429,2031
5869,85,1627
6078,-254,1165
6318,-569,676
6454,-888,123
6423,-1098,-465
6257,-1185,-1002
5995,-1164,-1395
5600,-1062,-1702
5095,-894,-1917
4676,-746,-2024
4330,-628,-2176
4054,-595,-2366
3932,-580,-2458
3978,-604,-2483
4124,-642,-2486
4295,-704,-2492
4437,-786,-2520
4512,-888,-2574
4584,-998,-2624
4707,-1185,-2582
4935,-1522,-2312
5268,-1972,-1813
5623,-2460,-1161
5935,-2904,-504
6236,-3152,125
6450,-3182,701
6527,-3105,1101
6492,-2969,1275
6448,-2785,1255
6431,-2574,1118
6284,-2285,913
6009,-1935,640
5677,-1529,342
5354,-1131,2
5008,-732,-299
4703,-396,-556
4400,-70,-740
4141,233,-851
3978,466,-887
3930,618,-846
3896,715,-763
3829,775,-645
3720,829,-493
3575,899,-311
3394,985,-112
3200,1072,101
3013,1156,304
2832,1229,513
2675,1275,698
2549,1256,855
2434,1199,969
2303,1122,1039
2166,1008,1053
2018,882,1015
1883,746,938
1770,603,825
1633,459,698
1483,356,562
1336,261,407
1206,182,252
1071,136,121
943,95,-4
841,51,-124
785,10,-227
739,-14,-309
699,-14,-369
698,-1,-428
734,14,-495
809,29,-569
940,32,-654
1171,23,-745
1431,11,-851
1723,1,-948
1979,-14,-1043
2195,-16,-1100
2403,-14,-1136
2547,-1,-1154
2675,42,-1134
2761,112,-1079
2827,215,-969
2996,535,-391
3221,913,334
3494,1150,954
3760,1181,1346
3953,1086,1622
4140,935,1863
4318,765,2094
4510,554,2260
4705,310,2334
4900,61,2295
5086,-195,2162
5246,-468,1959
5393,-729,1710
5547,-1028,1437
5659,-1299,1181
5728,-1578,990
5708,-1871,838
5586,-2168,738
5398,-2476,716
5145,-2808,601
4912,-3010,595
4851,-2988,757
5013,-2835,962
5140,-2622,1174
5180,-2393,1333
5149,-2174,1398
5072,-1986,1422
4969,-1837,1438
4885,-1748,1438
4859,-1699,1422
4931,-1674,1363
5111,-1660,1228
5359,-1621,992
5662,-1533,622
5972,-1362,141
6280,-1126,-405
6525,-835,-942
6636,-506,-1409
6561,-195,-1705
6318,127,-1834
5877,813,-1691
5298,1419,-1570
4758,1753,-1576
4438,1903,-1632
4351,1916,-1664
4409,1871,-1627
4444,1807,-1542
4323,1597,-1515
4110,1351,-1520
3986,1169,-1517
3966,1074,-1540
4047,1033,-1589
4244,1033,-1661
4524,1064,-1731
4823,1137,-1789
5248,1422,-1341
5745,1768,-778
6181,2025,-381
6508,2185,-168
6720,2293,-18
6816,2356,128
6675,2349,259
6340,2141,300
6064,1907,349
5831,1663,379
5590,1406,359
5336,1160,234
5079,907,8
4820,658,-294
4631,440,-595
4444,248,-875
4266,88,-1100
4041,-73,-1259
3822,-232,-1338
3633,-400,-1323
3518,-576,-1236
3465,-765,-1084
3439,-952,-904
3399,-1129,-722
3348,-1292,-545
3320,-1419,-375
3265,-1529,-239
3228,-1603,-151
3225,-1615,-7
3153,-1558,179
3069,-1454,388
3002,-1313,603
2977,-1169,792
2925,-1038,907
2838,-908,968
2711,-803,965
2537,-704,900
2368,-624,793
2225,-537,674
2069,-462,527
1918,-386,376
1778,-281,244
1644,-138,135
1484,-23,13
1330,47,-131
1188,73,-270
1093,83,-385
1049,89,-477
1030,90,-537
1048,77,-581
1059,62,-630
1097,48,-665
1166,46,-695
1267,36,-727
1398,4,-733
1576,-68,-687
1802,-168,-586
2055,-286,-430
2299,-426,-255
2526,-559,-78
2758,-688,84
2999,-807,238
3189,-913,388
3342,-1002,540
3518,-1100,685
3706,-1189,811
3902,-1241,914
4097,-1254,977
4270,-1212,998
4421,-1160,976
4559,-1093,922
4696,-990,870
4828,-853,830
4976,-709,790
5111,-591,735
5234,-489,677
5330,-378,631
5425,-285,601
5481,-182,586
5518,-80,603
5559,16,652
5589,103,740
5626,178,855
5651,258,999
5684,365,1197
5722,445,1417
5754,488,1667
5787,508,1937
5803,519,2203
5794,516,2440
5766,463,2598
5724,358,2658
5666,207,2588
5613,-46,2348
5652,-350,1969
5740,-671,1491
5838,-946,924
5892,-1211,317
5878,-1432,-242
5757,-1557,-774
5513,-1593,-1278
5177,-1460,-1660
4735,-1257,-1921
4223,-1040,-2155
3656,-816,-2379
3184,-574,-2562
2949,-369,-2637
2995,-194,-2549
3097,-62,-2354
3174,14,-2135
3212,89,-1918
3225,103,-1804
3253,38,-1808
3367,-39,-1873
3527,-138,-1975
3766,-282,-2065
4073,-454,-2117
4561,-883,-1758
5106,-1360,-1201
5585,-1735,-613
5788,-1981,-145
5900,-2164,236
5981,-2281,533
6015,-2311,714
6016,-2284,786
5971,-2204,747
5894,-2043,635
5813,-1802,470
5833,-1517,289
5825,-1164,133
5696,-752,-20
5506,-330,-151
5336,76,-248
5172,430,-310
4994,701,-354
4823,890,-372
4749,1014,-379
4755,1080,-376
4710,1106,-363
4573,1126,-319
4409,1161,-235
4249,1198,-107
4119,1227,67
4031,1240,290
3967,1218,549
3929,1161,808
3876,1053,1027
3782,923,1182
3661,761,1265
3524,592,1279
3358,444,1248
3179,307,1185
2990,211,1088
2796,142,970
2596,76,837
2406,25,688
2222,-12,518
2050,-35,345
1892,-59,181
1754,-91,20
1641,-119,-130
1550,-142,-261
1485,-160,-371
1450,-170,-468
1429,-194,-546
1425,-223,-620
1438,-226,-668
1446,-218,-697
1452,-203,-680
1486,-210,-653
1497,-226,-625
1503,-227,-594
1525,-219,-569
1567,-212,-545
1624,-213,-516
1679,-212,-480
1764,-243,-455
1866,-267,-351
2032,-291,-125
2261,-314,223
2532,-327,511
2814,-351,671
3098,-369,753
3361,-318,810
3642,-238,871
3933,-165,933
4267,-109,993
4633,-93,1042
4982,-130,1065
5309,-240,1060
5586,-405,1044
5786,-591,1022
5911,-791,1015
5967,-1021,1000
6000,-1249,994
5871,-1420,975
5677,-1563,927
5497,-1699,878
5348,-1817,858
5212,-1935,850
5097,-2042,850
5046,-2133,887
4961,-2183,947
4875,-2190,1030
4798,-2157,1104
4853,-2082,1129
5075,-1934,1100
5545,-1710,1029
5985,-1454,886
6335,-1190,595
6634,-902,239
6744,-582,-136
6641,-255,-487
6399,63,-798
6094,366,-1068
5628,884,-1231
5113,1379,-1348
4680,1590,-1535
4471,1549,-1734
4246,1511,-1853
4158,1405,-1885
4138,1384,-1790
4187,1416,-1615
4250,1508,-1388
4315,1606,-1149
4405,1677,-936
4505,1740,-750
4643,1811,-621
4797,1877,-538
5034,2084,-150
5421,2375,365
5795,2545,607
6036,2584,586
6132,2551,451
6094,2492,288
5826,2396,89
5556,2183,-131
5393,1934,-316
5327,1679,-480
5280,1429,-667
5166,1176,-884
5053,934,-1076
4914,707,-1242
4801,506,-1349
4719,322,-1376
4593,155,-1333
4482,5,-1218
4386,-152,-1036
4282,-307,-799
4161,-482,-546
4056,-670,-288
3996,-865,-28
3896,-1051,189
3811,-1281,299
3780,-1478,403
3717,-1615,542
3491,-1714,561
3128,-1709,573
2892,-1638,737
2777,-1549,913
2672,-1413,964
2568,-1265,886
2464,-1084,769
2351,-887,659
2252,-720,540
2155,-581,412
2056,-459,274
1976,-366,127
1911,-314,-40
1833,-298,-200
1754,-302,-327
1697,-304,-411
1663,-319,-473
1628,-337,-534
1580,-356,-611
1532,-378,-710
1501,-383,-789
1525,-376,-847
1599,-380,-884
1686,-392,-903
1790,-425,-893
1932,-510,-815
2101,-643,-675
2286,-774,-500
2439,-847,-312
2556,-889,-151
2670,-942,1
2807,-992,180
2964,-1018,347
3144,-985,520
3318,-901,670
3486,-762,803
3612,-591,916
3707,-393,1021
3780,-220,1094
3866,-73,1131
3967,67,1113
4096,202,1056
4259,294,972
4438,348,884
4631,355,792
4815,335,709
4951,331,660
5066,317,654
5147,291,695
5206,249,770
5253,134,850
5286,26,939
5296,-31,1050
5303,-30,1189
5312,12,1330
5334,99,1472
5373,229,1621
5409,375,1775
5458,538,1926
5537,677,2062
5613,769,2158
5635,792,2216
5589,743,2235
5474,620,2199
5369,451,2099
5326,247,1941
5370,8,1734
5514,-313,1437
5727,-617,1046
5898,-846,569
5948,-1017,14
5863,-1149,-578
5674,-1189,-1121
5372,-1135,-1566
5034,-982,-1883
4647,-767,-2092
4140,-469,-2283
3766,-213,-2303
3490,68,-2273
3438,109,-2206
3377,163,-2205
3306,210,-2208
3286,242,-2233
3359,254,-2281
3449,244,-2340
3565,240,-2411
3692,204,-2500
3823,155,-2588
3954,64,-2634
4091,-81,-2612
4278,-331,-2503
4516,-689,-2303
4910,-1254,-1685
5357,-1737,-837
5775,-2073,30
6057,-2241,754
6225,-2253,1321
6325,-2169,1708
6377,-1977,1905
6340,-1717,1890
6203,-1404,1684
6069,-1081,1343
5927,-732,929
5787,-350,530
5547,81,190
5225,526,-96
4909,879,-313
4586,1176,-462
4292,1431,-570
4095,1625,-627
4060,1723,-633
4042,1724,-600
3930,1691,-562
3770,1647,-502
3600,1616,-403
3475,1602,-261
3354,1606,-99
3259,1600,89
3219,1558,301
3218,1478,513
3239,1349,700
3247,1200,823
3203,1016,866
3093,815,843
2953,617,785
2802,438,701
2675,284,609
2556,159,502
2438,64,373
2337,-25,225
2242,-94,72
2161,-151,-91
2103,-201,-256
2060,-226,-396
2046,-253,-527
2047,-271,-636
2064,-273,-718
2083,-274,-777
2115,-276,-821
2166,-280,-839
2222,-286,-848
2275,-282,-832
2329,-278,-789
2359,-254,-720
2383,-215,-633
2395,-172,-515
2441,-121,-357
2527,-77,-183
2654,-64,-12
2791,-72,145
2925,-85,295
3076,-110,437
3215,-146,550
3332,-187,612
3428,-242,630
3507,-303,616
3587,-360,578
3690,-413,530
3826,-456,462
3982,-516,384
4143,-597,302
4314,-680,234
4504,-775,192
4718,-895,189
4939,-1034,216
5158,-1192,272
5379,-1369,349
5592,-1560,443
5771,-1745,558
5900,-1920,683
5962,-2085,822
5968,-2230,984
5947,-2341,1153
5917,-2407,1328
5867,-2408,1500
5780,-2359,1635
5662,-2243,1725
5567,-2080,1751
5499,-1851,1680
5540,-1556,1500
5683,-1187,1225
5901,-810,870
6107,-437,466
6223,-82,55
6197,288,-336
6011,676,-677
5692,1012,-980
5293,1293,-1237
4851,1510,-1459
4437,1659,-1624
4083,1768,-1728
3828,1839,-1800
3649,1860,-1845
3582,1850,-1884
3583,1841,-1897
3591,1836,-1875
3670,1856,-1870
3775,1903,-1890
3905,1968,-1946
4064,2052,-2017
4244,2133,-2093
4395,2223,-2131
4586,2326,-2184
4838,2467,-2210
5155,2668,-2213
5438,2927,-2055
5797,3377,-1385
6084,3725,-852
6231,3871,-574
6178,3845,-391
5921,3607,-239
5642,3187,-86
5404,2720,40
5216,2275,70
5048,1858,-45
4900,1455,-299
4764,1088,-647
4630,757,-1031
4503,446,-1398
4377,184,-1684
4279,-28,-1871
4190,-221,-1990
4085,-363,-2091
3965,-485,-2175
3837,-592,-2221
3649,-707,-2222
3492,-815,-2152
3348,-905,-2018
3179,-995,-1867
3120,-1122,-1648
3186,-1262,-1306
3313,-1373,-872
3362,-1457,-446
3357,-1501,-48
3263,-1488,334
3087,-1443,658
2872,-1385,893
2675,-1339,1029
2517,-1289,1083
2405,-1219,1086
2285,-1116,1056
2152,-995,976
2017,-865,855
1889,-724,692
1772,-592,518
1674,-466,345
1632,-344,171
1591,-238,-10
1558,-156,-203
1543,-85,-383
1561,-17,-551
1584,38,-702
1636,102,-850
1711,175,-979
1782,251,-1095
1872,318,-1201
1960,359,-1281
2080,379,-1321
2237,363,-1294
2413,285,-1204
2582,214,-1078
2768,126,-912
2956,7,-719
3119,-135,-534
3296,-298,-351
3489,-452,-168
3700,-592,41
3911,-718,262
4107,-826,485
4300,-874,707
4496,-858,898
4710,-811,1051
4932,-737,1120
5154,-628,1123
5381,-500,1078
5611,-351,990
5829,-164,875
6002,23,735
6106,229,608
6129,426,504
6088,604,411
6011,778,345
5925,945,306
5851,1072,307
5808,1176,351
5794,1292,465
5834,1385,640
5937,1453,889
6068,1478,1181
6200,1439,1473
6352,1316,1688
6566,1105,1780
6800,831,1714
7026,502,1440
7281,167,1003
7510,-173,472
7516,-504,-102
7251,-723,-664
6803,-734,-1130
6269,-617,-1487
5722,-428,-1708
5212,-181,-1798
4818,40,-1856
4381,232,-1990
3944,381,-2187
3552,492,-2438
3331,606,-2710
3246,747,-2968
3212,866,-3131
3188,925,-3274
3207,920,-3412
3273,889,-3494
3378,791,-3515
3499,638,-3444
3653,421,-3304
3781,151,-3127
3904,-206,-2937
4081,-526,-2683
4327,-861,-2298
4628,-1273,-1709
4953,-1691,-1029
5230,-2066,-354
5395,-2366,213
5563,-2560,677
5576,-2621,956
5425,-2501,1028
5310,-2153,977
5314,-1619,886
5320,-958,786
5275,-233,675
5181,498,575
5068,1174,483
4920,1741,386
4738,2212,306
4516,2565,231
4293,2782,160
4058,2841,84
3795,2755,2
3576,2579,-65
3439,2362,-82
3338,2126,-70
3268,1884,-16
3179,1636,54
3056,1384,101
2894,1131,104
2705,864,75
2538,621,28
2405,382,-41
2284,187,-137
2172,9,-265
2044,-146,-394
1950,-241,-501
1887,-341,-603
1865,-459,-735
1865,-562,-862
1863,-645,-973
1862,-710,-1062
1878,-759,-1158
1905,-798,-1250
1944,-802,-1316
2001,-793,-1340
2057,-758,-1319
2099,-711,-1284
2122,-643,-1244
2132,-546,-1209
2120,-452,-1173
2123,-364,-1144
2145,-276,-1122
2179,-172,-1089
2220,-68,-1058
2293,45,-1009
2408,193,-919
2654,543,-421
2998,1019,256
3391,1416,762
3760,1630,1006
4127,1690,1116
4472,1667,1200
4761,1554,1277
5026,1370,1359
5282,1141,1449
5523,868,1492
5732,558,1463
5936,195,1350
6117,-167,1201
6296,-530,1042
6416,-897,859
6508,-1248,708
6514,-1569,562
6435,-1858,462
6306,-2134,411
6168,-2457,397
6007,-2927,320
5729,-3380,385
5523,-3651,604
5388,-3815,761
5275,-3821,867
5283,-3664,1038
5425,-3379,1279
5524,-2974,1511
5592,-2436,1652
5671,-1851,1671
5754,-1255,1559
5832,-703,1325
5900,-189,994
5916,279,631
5794,649,253
5500,936,-138
5057,1175,-584
4589,1382,-1075
4199,1559,-1541
3752,1684,-1972
3377,1786,-2265
3148,1866,-2422
2951,1929,-2494
2872,1968,-2535
2916,2047,-2587
3021,2130,-2630
3211,2159,-2654
3469,2162,-2658
3738,2151,-2656
3963,2110,-2640
4180,2102,-2621
4410,2153,-2608
4644,2254,-2566
4854,2381,-2508
5054,2544,-2409
5201,2736,-2268
5338,2977,-1970
5920,3597,-463
6554,4023,857
6859,4043,1541
6642,3644,1813
6343,3146,1929
6019,2601,1836
5663,2008,1504
5394,1459,1027
5196,1009,445
5060,637,-159
4886,329,-731
4713,84,-1229
4556,-92,-1613
4336,-237,-1899
4035,-368,-2120
3730,-485,-2294
3543,-569,-2400
3259,-667,-2504
2893,-806,-2653
2648,-931,-2694
2321,-1067,-2621
2059,-1167,-2369
1868,-1239,-1940
1844,-1308,-1345
2061,-1373,-661
2292,-1506,106
2557,-1671,913
2831,-1759,1524
3008,-1732,1859
3034,-1599,1922
2947,-1423,1789
2792,-1230,1553
2601,-1030,1269
2399,-848,979
2211,-671,664
2033,-519,341
1879,-388,17
1764,-263,-281
1674,-163,-555
1607,-83,-784
1561,-16,-978
1553,39,-1136
1575,84,-1264
1632,135,-1348
1714,156,-1417
1808,113,-1473
1921,53,-1501
2045,-22,-1502
2185,-106,-1479
2321,-194,-1411
2495,-348,-1240
2743,-681,-852
3019,-1088,-415
3275,-1450,11
3511,-1691,353
3738,-1768,638
3952,-1724,897
4181,-1606,1073
4384,-1425,1100
4543,-1183,1081
4727,-932,1000
4890,-502,883
5142,-154,770
5427,59,664
5604,149,517
5714,169,369
5834,82,253
5932,23,186
5957,59,179
5942,140,196
5933,210,202
5929,285,196
5942,359,199
5975,420,209
6006,445,234
6057,459,270
6138,434,315
6245,408,381
6364,371,488
6474,357,622
6585,352,776
6690,370,918
6776,392,1051
6868,330,1052
6924,165,916
6922,-59,726
6811,-294,499
6597,-448,251
6308,-447,25
5942,-339,-199
5446,-119,-444
4938,159,-672
4431,457,-912
4021,727,-1170
3753,927,-1426
3627,1018,-1679
3544,1044,-1918
3445,1050,-2135
3364,927,-2348
3318,751,-2533
3333,541,-2677
3378,319,-2806
3439,127,-2895
3525,-69,-2932
3624,-257,-2902
3724,-432,-2835
3812,-617,-2757
3938,-807,-2649
4088,-985,-2490
4218,-1149,-2283
4326,-1356,-1976
4557,-1754,-1358
4866,-2155,-676
5085,-2345,-50
5148,-2232,387
5119,-1912,608
5067,-1447,702
5026,-856,727
4961,-187,695
4902,473,616
4796,1089,555
4660,1680,567
4475,2195,611
4268,2578,640
4065,2772,639
3881,2698,544
3722,2494,435
3537,2289,336
3366,2115,263
3177,1947,224
3007,1784,191
2858,1624,172
2704,1450,144
2572,1278,99
2471,1088,56
2330,922,19
2231,752,-21
2162,556,-100
2100,421,-186
2063,290,-275
2009,149,-380
1973,37,-497
1967,-79,-620
1986,-196,-755
1992,-287,-895
2014,-345,-1033
2047,-367,-1146
2110,-386,-1234
2181,-401,-1310
2246,-409,-1365
2289,-405,-1401
2338,-386,-1432
2402,-353,-1454
2458,-288,-1474
2517,-224,-1496
2586,-162,-1515
2681,-100,-1529
2801,-40,-1540
2948,28,-1518
3080,102,-1454
3182,197,-1306
3301,516,-674
3456,1021,250
3617,1340,880
3805,1390,1142
4029,1282,1240
4277,1110,1306
4475,903,1332
4615,632,1275
4738,341,1129
4885,43,926
5028,-245,682
5166,-493,435
5283,-748,180
5384,-979,-42
5481,-1174,-202
5562,-1328,-288
5643,-1452,-309
5712,-1537,-257
5780,-1599,-159
5837,-1642,-49
5868,-1672,74
5892,-1707,188
5915,-1738,302
5932,-1752,411
5949,-1767,492
5958,-1778,539
5953,-1789,544
5938,-1787,485
5944,-1759,350
6053,-1656,172
6213,-1431,-18
6357,-1121,-230
6411,-777,-446
6295,-416,-661
6031,-98,-964
5703,143,-1337
5329,318,-1700
4903,443,-1980
4479,520,-2155
4110,589,-2252
3849,709,-2340
3743,833,-2472
3764,977,-2609
3855,1100,-2709
3979,1233,-2777
4116,1364,-2833
4241,1474,-2851
4341,1549,-2811
4407,1624,-2750
4427,1720,-2678
4381,1820,-2603
4363,1934,-2544
4434,2081,-2480
4537,2271,-2400
4660,2491,-2298
4785,2755,-2171
4889,3022,-1987
4996,3455,-1382
5139,3873,-671
5214,4018,-143
5160,3770,215
5162,3288,501
5152,2741,656
5113,2207,630
4980,1667,410
4795,1146,76
4606,658,-315
4386,227,-718
4194,-119,-1094
4011,-383,-1395
3774,-620,-1627
3503,-850,-1775
3218,-1058,-1834
2983,-1275,-1843
2762,-1470,-1769
2542,-1680,-1623
2347,-1871,-1429
2219,-2021,-1203
2226,-2099,-900
2414,-2090,-536
2625,-1942,-145
2719,-1745,198
2690,-1509,425
2596,-1254,535
2487,-1001,569
2396,-784,564
2334,-573,552
2294,-365,540
2261,-154,521
2220,29,465
2197,178,384
2173,293,281
2136,374,167
2096,397,60
2079,401,-34
2058,366,-132
2045,313,-233
2019,235,-350
2008,137,-487
2048,36,-619
2116,-66,-741
2218,-169,-853
2354,-269,-934
2512,-369,-968
2663,-475,-976
2798,-611,-968
2936,-783,-944
3084,-923,-896
3253,-1023,-822
3419,-1098,-699
3565,-1168,-530
3736,-1213,-324
3923,-1240,-156
4134,-1197,70
4372,-1063,329
4622,-857,571
4841,-558,789
5072,-238,961
5272,18,1034
5439,248,1021
5575,435,1002
5704,554,986
5815,597,947
5933,514,868
6025,339,759
6073,169,662
6082,67,594
6052,41,557
5994,60,534
5941,49,489
5917,8,458
5925,-30,459
5933,-41,488
5906,-20,573
5863,6,701
5822,39,863
5796,110,1042
5772,196,1201
5804,194,1267
5888,76,1201
6019,-123,1025
6084,-368,754
6061,-670,467
5967,-908,183
5813,-1041,-107
5567,-1052,-454
5288,-980,-819
4983,-868,-1143
4639,-692,-1435
4370,-497,-1696
4196,-235,-1874
4081,-107,-2045
3912,-4,-2252
3665,86,-2528
3504,124,-2806
3413,153,-2996
3335,195,-3129
3254,210,-3270
3173,179,-3421
3152,120,-3531
3212,52,-3594
3328,-41,-3586
3487,-138,-3480
3709,-249,-3257
3957,-389,-2894
4257,-540,-2402
4749,-814,-1556
5259,-1090,-519
5606,-1272,495
5731,-1270,1246
5719,-1101,1712
5646,-802,1951
5513,-450,1978
5338,-107,1798
5112,232,1474
4852,509,1096
4560,694,683
4302,796,318
4046,842,31
3817,881,-146
3611,920,-230
3403,904,-262
3240,918,-194
3096,927,-91
3010,897,-12
2951,815,47
2867,790,126
2740,750,184
2640,707,218
2533,641,223
2392,576,215
2241,480,193
2095,374,161
1947,306,128
1809,227,75
1670,155,22
1557,74,-53
1455,19,-129
1366,-31,-201
1296,-72,-270
1253,-135,-342
1224,-189,-405
1207,-226,-467
1214,-268,-539
1222,-293,-630
1266,-312,-703
1328,-339,-770
1431,-377,-832
1540,-400,-879
1673,-404,-912
1836,-395,-927
1984,-382,-935
2149,-348,-929
2324,-302,-922
2482,-241,-843
2682,-175,-657
2920,-132,-423
3197,-111,-170
3495,-127,63
3810,-180,242
4115,-252,377
4370,-341,490
4583,-431,605
4786,-497,747
4970,-526,900
5148,-529,1054
5314,-524,1186
5439,-540,1268
5533,-588,1314
5660,-659,1341
5789,-767,1339
5935,-880,1295
6041,-1033,1222
6167,-1182,1148
6300,-1351,1071
6413,-1519,997
6495,-1738,882
6545,-1913,920
6559,-1974,1036
6543,-1962,1158
6557,-1884,1283
6550,-1747,1384
6475,-1551,1446
6393,-1353,1497
6321,-1204,1525
6235,-1102,1508
6153,-1027,1495
6082,-933,1481
6048,-806,1412
6070,-604,1275
6169,-362,1011
6334,-120,593
6459,158,94
6435,436,-398
6146,715,-810
5630,963,-1169
5031,1130,-1506
4483,1220,-1810
3961,1266,-2082
3486,1278,-2389
3231,1255,-2711
3237,1229,-2997
3402,1217,-3193
3585,1270,-3275
3826,1275,-3276
4062,1291,-3176
4238,1289,-2966
4349,1264,-2699
4311,1233,-2436
4191,1201,-2237
4064,1199,-2095
3937,1211,-2015
3883,1263,-1959
3858,1343,-1922
3895,1458,-1883
3988,1616,-1803
4186,1850,-1432
4855,2326,-125
5558,2686,1014
5920,2762,1543
5840,2537,1569
5592,2213,1429
5342,1865,1281
5138,1505,1116
4954,1107,888
4777,714,602
4619,334,240
4449,5,-146
4266,-229,-511
4016,-439,-840
3776,-618,-1108
3432,-769,-1327
3126,-929,-1476
2865,-1104,-1501
2594,-1256,-1430
2327,-1378,-1319
2084,-1509,-1224
1946,-1599,-1092
1942,-1636,-912
2154,-1560,-597
2406,-1419,-195
2582,-1273,206
2649,-1140,522
2640,-1023,729
2597,-920,852
2519,-802,905
2408,-670,891
2313,-502,824
2219,-337,729
2071,-233,574
1924,-154,412
1825,-78,242
1730,-25,62
1628,5,-100
1534,11,-239
1469,13,-363
1442,8,-485
1421,-15,-611
1411,-45,-730
1400,-57,-817
1410,-48,-879
1474,-28,-904
1577,-15,-908
1725,-8,-883
1916,-24,-810
2149,-79,-678
2440,-142,-506
2765,-208,-316
3125,-255,-105
3475,-299,84
3778,-326,270
3989,-309,455
4106,-286,620
4194,-257,783
4280,-189,921
4370,-80,1035
4460,16,1099
4561,97,1120
4693,163,1096
4840,204,1022
4972,259,916
5111,330,808
5279,376,703
5456,398,602
5625,420,527
5769,447,492
5887,417,493
5971,368,530
6023,346,619
6070,338,741
6100,336,873
6110,349,993
6143,384,1107
6211,441,1235
6340,505,1368
6473,554,1515
6582,553,1653
6652,535,1774
6650,497,1844
6595,370,1778
6655,155,1565
6820,-181,1206
7023,-502,801
7179,-781,387
7170,-997,54
6881,-1113,-204
6373,-1098,-429
5891,-994,-622
5483,-857,-852
5117,-680,-1108
4769,-470,-1376
4499,-205,-1618
4292,32,-1845
4081,223,-2067
3851,323,-2298
3585,356,-2502
3401,324,-2675
3385,270,-2802
3456,239,-2864
3536,177,-2869
3598,68,-2862
3632,-68,-2863
3644,-237,-2855
3660,-441,-2849
3730,-697,-2841
3851,-1006,-2777
3936,-1283,-2653
4015,-1557,-2365
4170,-1892,-1838
4366,-2245,-1201
4536,-2545,-560
4656,-2693,-30
4723,-2679,290
4764,-2460,420
4787,-2072,415
4778,-1564,370
4740,-996,328
4685,-417,259
4605,144,181
4501,607,90
4335,977,-1
4131,1297,-69
3929,1517,-126
3689,1672,-176
3466,1745,-224
3281,1751,-259
3159,1700,-277
3045,1603,-293
2909,1508,-287
2754,1415,-270
2588,1340,-244
2413,1285,-204
2257,1231,-150
2125,1152,-106
2014,1086,-54
1899,997,-20
1792,887,18
1706,756,34
1626,650,41
1544,553,26
1467,470,15
1395,391,-10
1318,303,-56
1253,221,-113
1216,158,-166
1179,109,-219
1165,68,-261
1158,35,-317
1171,-3,-398
1240,-43,-511
1347,-85,-642
1507,-130,-777
1675,-170,-913
1844,-203,-1031
1986,-225,-1131
2115,-231,-1200
2256,-231,-1259
2424,-221,-1308
2609,-200,-1345
2798,-169,-1358
2989,-107,-1220
3227,-30,-934
3522,63,-503
3854,107,-141
4224,71,78
4611,-9,185
4990,-90,262
5341,-133,372
5668,-144,552
5962,-134,793
6236,-123,1065
6475,-131,1303
6641,-147,1480
6774,-183,1565
6859,-255,1541
6873,-349,1434
6895,-465,1265
6773,-836,451
6567,-1197,306
6502,-1451,376
6304,-1704,321
6001,-1842,331
5599,-1861,329
5245,-1825,370
5157,-1673,511
5223,-1465,698
5337,-1277,850
5493,-1118,975
5687,-984,1082
5892,-883,1195
6115,-786,1278
6301,-692,1278
6445,-557,1195
6553,-389,1005
6645,-199,681
6751,9,245
6770,257,-241
6569,524,-692
6151,751,-1078
5633,879,-1426
5029,925,-1732
4412,905,-1966
3862,850,-2148
3444,778,-2291
3194,699,-2445
3150,647,-2615
3350,612,-2760
3734,528,-2873
4104,463,-2939
4366,457,-2962
4553,497,-2944
4637,571,-2911
4640,659,-2896
4633,772,-2884
4643,907,-2871
4610,1038,-2877
4586,1164,-2864
4612,1305,-2843
4615,1450,-2815
4627,1615,-2734
4728,1877,-2356
5052,2327,-1429
5400,2655,-599
5506,2672,-140
5471,2504,116
5337,2269,325
5149,2018,503
4944,1752,632
4707,1441,689
4488,1106,656
4304,764,573
4150,440,456
4030,128,288
3918,-199,90
3740,-524,-150
3491,-843,-404
3318,-1111,-621
3071,-1359,-827
2745,-1559,-949
2370,-1720,-1037
2111,-1833,-1033
1847,-1938,-1020
1590,-1996,-989
1410,-1962,-872
1373,-1834,-668
1478,-1639,-408
1680,-1475,-153
1822,-1370,46
1875,-1262,173
1838,-1141,212
1746,-992,188
1687,-828,130
1574,-645,58
1450,-433,-7
1305,-270,-100
1167,-140,-189
1065,-61,-284
997,-16,-382
927,9,-482
928,-3,-557
934,-27,-600
929,-54,-655
960,-74,-729
1028,-92,-828
1161,-101,-931
1331,-113,-1022
1561,-140,-1078
1825,-185,-1093
2126,-261,-1056
2477,-359,-975
2886,-467,-859
3291,-568,-729
3676,-647,-592
4005,-718,-458
4231,-795,-319
4486,-836,-131
4741,-820,98
4926,-754,343
5063,-625,587
5225,-444,811
5422,-270,981
5624,-125,1094
5814,55,1155
6015,231,1186
6208,383,1196
6324,452,1160
6433,466,1085
6592,416,1004
6765,305,902
6847,149,825
6790,-12,795
6641,-138,815
6487,-223,891
6349,-261,992
6238,-291,1078
6171,-334,1130
6120,-385,1139
6088,-389,1107
6083,-354,1062
6113,-301,1007
6198,-260,936
6320,-293,792
6471,-431,556
6637,-624,248
6776,-797,-43
6725,-908,-289
6478,-951,-503
6166,-905,-682
5876,-779,-898
5639,-643,-1117
5409,-458,-1296
5146,-237,-1412
4852,-52,-1501
4587,109,-1574
4347,219,-1632
4106,266,-1696
3909,230,-1773
3813,109,-1859
3849,-79,-1968
3942,-296,-2113
4022,-511,-2293
4038,-737,-2504
4007,-967,-2723
3994,-1168,-2893
3981,-1333,-2985
3935,-1496,-3009
3895,-1668,-2960
3888,-1866,-2834
3891,-2074,-2618
3891,-2272,-2298
3886,-2438,-1912
3876,-2584,-1514
3914,-2727,-1149
3979,-2828,-861
4033,-2817,-656
4029,-2613,-536
4026,-2237,-441
4033,-1740,-368
4027,-1158,-288
4060,-635,-258
4082,-204,-272
4101,212,-256
4098,566,-229
4040,865,-210
3945,1138,-167
3778,1340,-134
3595,1457,-96
3432,1488,-78
3289,1425,-67
3186,1330,-51
3082,1201,-30
3002,1068,3
2902,966,56
2798,868,114
2681,763,162
2557,648,198
2430,537,225
2285,444,257
2148,322,264
2022,204,247
1908,114,216
1801,41,175
1697,-68,109
1600,-147,30
1498,-196,-53
1416,-209,-129
1356,-209,-208
1301,-222,-296
1256,-230,-374
1224,-222,-464
1204,-193,-534
1223,-159,-574
1263,-126,-599
1317,-89,-614
1410,-61,-616
1518,-36,-642
1641,-22,-701
1787,-12,-761
1928,0,-830
2084,11,-899
2218,15,-951
2341,31,-969
2503,103,-878
2672,264,-626
2889,459,-328
3154,619,-76
3420,719,115
3670,764,269
3895,808,438
4109,854,639
4317,870,875
4549,855,1102
4816,814,1293
5094,704,1416
5384,526,1449
5676,320,1393
5954,65,1251
6202,-203,1064
6400,-463,876
6565,-723,692
6689,-969,523
6753,-1190,374
6758,-1392,252
6704,-1587,137
6573,-1770,94
6473,-1924,125
6438,-2051,203
6448,-2145,310
6503,-2227,430
6636,-2306,532
6862,-2352,598
7146,-2298,618
7382,-2150,543
7588,-1949,334
7779,-1704,19
7888,-1365,-278
7718,-959,-497
7175,-559,-703
6474,-306,-998
5791,-196,-1357
5125,-192,-1781
4618,-224,-2283
4253,-230,-2806
4012,-174,-3262
4038,-89,-3562
4389,-42,-3703
4898,-29,-3679
5189,-7,-3526
5189,44,-3280
5033,100,-3012
4820,158,-2789
4622,205,-2641
4492,270,-2571
4422,333,-2559
4404,427,-2572
4424,545,-2627
4459,703,-2682
4459,890,-2731
4443,1101,-2731
4438,1334,-2668
4427,1573,-2536
4388,1798,-2345
4456,2203,-1590
4824,2843,-222
5165,3230,747
5212,3159,1113
5181,2832,1177
5083,2413,1130
4922,1956,1045
4747,1435,942
4622,863,807
4551,281,648
4445,-240,436
4213,-702,110
3973,-1113,-250
3831,-1428,-556
3667,-1630,-808
3368,-1778,-1025
3060,-1900,-1195
2774,-1981,-1307
2373,-2024,-1418
1936,-2013,-1547
1598,-2003,-1577
1391,-1946,-1469
1256,-1773,-1288
1289,-1598,-1044
1363,-1468,-824
1407,-1375,-636
1397,-1279,-494
1376,-1155,-386
1343,-1030,-331
1296,-870,-298
1269,-686,-283
1228,-513,-279
1167,-332,-279
1105,-173,-295
1059,-80,-317
1025,-23,-333
1000,12,-354
990,27,-379
997,25,-411
1016,10,-452
1065,-19,-505
1149,-39,-572
1287,-59,-636
1456,-85,-703
1651,-115,-765
1875,-161,-820
2125,-223,-852
2408,-310,-843
2727,-422,-797
3058,-550,-730
3372,-688,-643
3617,-827,-540
3878,-976,-385
4163,-1122,-187
4446,-1235,26
4717,-1295,245
4994,-1311,457
5226,-1294,650
5437,-1236,835
5547,-1106,971
5530,-887,1061
5580,-677,1135
5628,-456,1170
5713,-224,1170
5848,6,1117
5954,186,1022
5994,341,875
6095,441,756
6206,527,668
6255,594,607
6260,600,571
6273,530,542
6329,338,524
6371,167,535
6387,20,546
6417,-73,569
6457,-135,621
6529,-187,704
6599,-232,813
6639,-271,953
6612,-296,1110
6532,-341,1231
6461,-478,1254
6475,-713,1128
6551,-1019,866
6638,-1341,501
6610,-1641,86
6378,-1851,-322
5950,-1934,-698
5481,-1838,-1009
5021,-1641,-1299
4593,-1404,-1574
4180,-1153,-1837
3871,-940,-2090
3673,-723,-2307
3526,-535,-2521
3445,-415,-2730
3417,-340,-2869
3401,-273,-2921
3362,-225,-2913
3318,-199,-2887
3276,-197,-2887
3209,-236,-2906
3179,-310,-2937
3211,-429,-2972
3288,-568,-2963
3365,-742,-2901
3448,-977,-2772
3606,-1313,-2469
3813,-1726,-1966
4052,-2121,-1357
4269,-2358,-728
4453,-2415,-215
4585,-2299,126
4658,-2048,290
4682,-1705,308
4666,-1285,255
4614,-809,165
4535,-363,57
4449,35,-26
4334,342,-75
4194,568,-122
3974,735,-177
3736,842,-254
3524,879,-377
3365,877,-499
3269,843,-579
3196,794,-576
3126,768,-499
3007,772,-390
2833,774,-272
2626,775,-161
2437,773,-59
2259,756,37
2105,729,120
1979,706,202
1860,651,272
1774,547,321
1704,439,357
1664,316,363
1597,187,334
1509,71,285
1448,-18,228
1402,-105,156
1367,-183,63
1346,-236,-36
1309,-273,-151
1294,-293,-268
1309,-295,-379
1385,-312,-499
1499,-333,-629
1613,-337,-736
1760,-337,-827
1946,-354,-888
2150,-380,-906
2339,-386,-873
2562,-372,-752
2825,-326,-569
3108,-231,-305
3345,-163,-116
3534,-137,-20
3691,-137,2
3823,-152,17
3910,-146,74
3981,-152,153
4064,-184,249
4171,-245,331
4245,-333,373
4377,-424,403
4522,-501,423
4623,-566,429
4704,-620,409
4823,-668,337
5007,-709,260
5266,-750,227
5587,-772,255
5901,-757,293
6194,-740,318
6490,-740,329
6768,-778,351
6989,-847,409
7094,-922,545
7177,-986,709
7192,-1058,870
7092,-1143,1079
6989,-1200,1295
6886,-1241,1506
6766,-1277,1661
6685,-1329,1700
6696,-1391,1651
6795,-1416,1532
6986,-1363,1259
7219,-1234,829
7420,-1051,300
7514,-834,-254
7315,-553,-717
6816,-250,-1095
6069,-6,-1474
5352,141,-1853
4668,180,-2285
4082,135,-2769
3765,68,-3224
3703,63,-3580
3839,128,-3812
4072,175,-3900
4320,217,-3885
4590,248,-3797
4895,312,-3571
5060,366,-3282
5018,402,-3008
4893,427,-2794
4722,447,-2663
4552,466,-2614
4436,509,-2619
4353,573,-2659
4316,682,-2699
4330,829,-2713
4377,1018,-2652
4447,1236,-2492
4551,1472,-2216
4859,1899,-1183
5375,2416,199
5688,2722,1162
5591,2649,1486
5329,2347,1466
5035,1981,1338
4754,1576,1177
4576,1138,1028
4470,670,849
4357,170,599
4278,-268,310
4155,-606,-7
3934,-869,-331
3670,-1087,-600
3336,-1279,-799
3059,-1432,-891
2791,-1512,-913
2435,-1567,-962
2135,-1641,-1039
1914,-1662,-1039
1741,-1629,-940
1630,-1535,-785
1615,-1405,-589
1700,-1267,-375
1777,-1132,-195
1809,-1023,-78
1815,-931,-3
1788,-824,30
1721,-730,23
1606,-602,-6
1447,-522,-104
1326,-425,-221
1233,-296,-328
1098,-225,-453
987,-165,-567
897,-104,-661
829,-45,-712
793,-31,-759
785,-49,-812
825,-62,-854
897,-87,-898
1031,-119,-930
1176,-159,-945
1342,-209,-961
1556,-266,-943
1772,-361,-908
2016,-498,-841
2297,-660,-749
2611,-821,-617
2918,-965,-466
3187,-1094,-318
3451,-1207,-181
3673,-1285,-55
3874,-1321,101
4089,-1336,290
4315,-1339,512
4534,-1310,727
4746,-1222,903
4948,-1104,1033
5149,-940,1113
5303,-754,1130
5433,-600,1072
5504,-426,984
5551,-285,852
5653,-195,713
5815,-147,571
5995,-128,463
6170,-123,398
6310,-112,406
6406,-97,513
6468,-88,702
6500,-64,918
6478,-38,1126
6434,-7,1297
6406,23,1425
6387,17,1470
6396,-11,1460
6435,-56,1422
6466,-126,1367
6453,-188,1335
6406,-247,1293
6338,-357,1192
6322,-579,991
6358,-911,679
6462,-1276,304
6542,-1634,-58
6466,-1878,-377
6149,-1994,-671
5726,-1964,-912
5349,-1795,-1118
4972,-1554,-1345
4602,-1247,-1574
4273,-935,-1796
3935,-633,-2022
3703,-371,-2223
3566,-188,-2396
3485,-97,-2567
3414,-75,-2723
3319,-102,-2885
3279,-124,-3007
3246,-162,-3112
3210,-247,-3222
3204,-352,-3333
3200,-477,-3445
3233,-637,-3573
3291,-842,-3676
3381,-1137,-3717
3503,-1399,-3654
3653,-1621,-3465
3842,-1846,-3164
4105,-2154,-2635
4418,-2649,-1666
4668,-3065,-583
4819,-3233,324
4891,-3127,901
4943,-2862,1185
4993,-2483,1227
5017,-2016,1104
5014,-1488,928
4960,-1032,675
4894,-569,440
4809,-114,234
4686,306,81
4532,633,-38
4337,880,-161
4071,1008,-305
3777,1051,-443
3497,1007,-550
3293,909,-621
3214,793,-624
3159,702,-545
3069,657,-431
2954,646,-297
2810,652,-149
2655,649,1
2520,640,135
2401,596,250
2300,538,357
2214,437,439
2129,330,499
2060,199,523
1991,79,498
1897,-41,442
1806,-155,354
1705,-223,253
1613,-293,127
1534,-348,-29
1463,-372,-162
1406,-383,-285
1361,-405,-400
1334,-415,-496
1337,-430,-575
1372,-448,-652
1437,-458,-700
1534,-453,-722
1652,-429,-728
1773,-396,-730
1900,-363,-730
2032,-331,-735
2185,-297,-735
2364,-246,-680
2549,-139,-514
2786,15,-269
3061,148,-78
3346,234,25
3617,289,69
3852,332,103
4025,361,149
4148,366,185
4238,344,201
4297,315,204
4346,267,199
4427,209,182
4542,153,146
4708,105,110
4936,50,112
5192,-26,135
5499,-160,186
5833,-335,271
6163,-505,383
6447,-633,538
6678,-731,726
6850,-850,893
7012,-1123,873
7132,-1392,1063
7177,-1673,1350
7129,-1969,1677
6977,-2256,2009
6835,-2558,2240
6694,-2885,2305
6534,-3198,2160
6485,-3389,1836
6617,-3213,1400
6836,-2838,918
6947,-2382,395
6852,-1846,-128
6588,-1192,-566
6317,-926,-967
5981,-688,-1312
5593,-457,-1650
5189,-272,-1972
4747,-139,-2217
4310,-40,-2439
3937,20,-2724
3641,62,-3074
3674,83,-3410
3987,91,-3686
4439,124,-3877
4877,197,-3919
5080,328,-3773
5038,481,-3495
4856,644,-3194
4645,813,-2939
4484,952,-2769
4349,1076,-2683
4264,1177,-2655
4250,1299,-2657
4249,1440,-2633
4261,1622,-2578
4331,1839,-2443
4408,2091,-2237
4561,2501,-1583
5055,3348,159
5479,3802,1306
5654,3745,1718
5619,3383,1813
5508,2895,1776
5371,2333,1604
5223,1734,1322
5096,1171,961
4966,648,538
4795,123,64
4562,-372,-375
4416,-831,-690
4279,-1198,-895
4068,-1455,-1036
3734,-1645,-1169
3442,-1780,-1253
3107,-1878,-1284
2777,-1949,-1290
2411,-2020,-1294
2091,-2074,-1273
1807,-2120,-1245
1597,-2133,-1202
1464,-2116,-1146
1418,-2059,-1003
1447,-1973,-769
1486,-1832,-502
1480,-1697,-284
1420,-1566,-138
1398,-1424,-54
1335,-1241,-13
1283,-1031,-2
1189,-808,-21
1094,-599,-53
1008,-421,-109
948,-270,-172
902,-148,-230
877,-80,-310
896,-36,-397
934,-3,-498
1019,3,-625
1115,3,-752
1241,-3,-864
1414,-4,-968
1611,-13,-1057
1866,-44,-1133
2169,-100,-1178
2522,-189,-1178
2916,-336,-1117
3362,-519,-990
3759,-729,-835
4044,-924,-671
4332,-1085,-484
4617,-1224,-269
4868,-1342,-21
5049,-1435,224
5125,-1500,451
5222,-1514,701
5298,-1483,921
5391,-1366,1131
5485,-1211,1281
5472,-986,1373
5490,-677,1408
5567,-401,1367
5756,-162,1279
6021,24,1136
6315,165,947
6524,245,732
6596,319,564
6568,391,485
6497,439,487
6427,450,547
6372,409,614
6353,282,691
6378,184,807
6434,127,931
6489,99,1050
6520,64,1156
6553,12,1254
6590,-54,1313
6615,-204,1240
6626,-458,1015
6659,-781,628
6669,-1121,203
6575,-1445,-243
6359,-1658,-633
6033,-1757,-921
5579,-1794,-1199
5122,-1711,-1404
4667,-1533,-1561
4158,-1380,-1773
3715,-1198,-2007
3463,-983,-2213
3324,-780,-2410
3331,-597,-2548
3425,-434,-2603
3442,-354,-2633
3464,-311,-2648
3486,-300,-2701
3511,-312,-2780
3519,-332,-2862
3536,-378,-2913
3573,-454,-2927
3584,-561,-2883
3565,-708,-2807
3551,-893,-2673
3565,-1105,-2494
3569,-1323,-2279
3669,-1625,-1888
3874,-1979,-1382
4100,-2299,-910
4297,-2479,-582
4427,-2446,-386
4485,-2254,-323
4499,-1967,-364
4511,-1621,-455
4523,-1258,-550
4540,-900,-594
4535,-551,-576
4474,-187,-507
4360,167,-413
4222,515,-308
4069,839,-197
3901,1102,-83
3743,1292,7
3645,1350,42
3579,1342,76
3502,1328,148
3389,1338,284
3264,1350,467
3141,1307,621
3009,1208,724
2883,1060,768
2762,872,768
2629,650,713
2491,425,639
2353,226,542
2213,70,426
2082,-46,300
1958,-128,164
1826,-186,33
1685,-202,-95
1540,-193,-223
1425,-197,-351
1345,-195,-464
1309,-189,-567
1310,-177,-661
1319,-156,-737
1341,-140,-805
1372,-130,-864
1445,-120,-916
1550,-116,-969
1638,-120,-1014
1748,-131,-1058
1876,-144,-1092
2020,-151,-1138
2196,-161,-1178
2354,-157,-1218
2552,-132,-1206
2837,99,-775
3164,398,-297
3498,652,65
3799,789,275
4057,829,406
4291,811,513
4498,729,633
4632,587,745
4749,430,870
4877,227,969
5025,10,1025
5133,-191,1046
5230,-393,1040
5321,-586,1001
5385,-766,953
5477,-964,873
5563,-1157,776
5647,-1469,410
5768,-1831,265
5811,-2135,269
5878,-2420,294
5915,-2644,428
5934,-2766,547
5957,-2820,636
6078,-2757,727
6194,-2576,823
6263,-2349,891
6302,-2120,931
6333,-1912,973
6365,-1734,1017
6400,-1589,1064
6434,-1491,1083
6465,-1406,1045
6509,-1306,911
6579,-1177,638
6678,-1016,250
6763,-780,-177
6704,-462,-543
6395,-106,-802
5863,184,-1005
5241,363,-1199
4637,459,-1443
4068,504,-1744
3644,512,-2107
3469,515,-2485
3543,539,-2820
3807,534,-3123
4138,519,-3326
4448,485,-3393
4662,415,-3340
4713,377,-3208
4645,372,-3035
4544,388,-2873
4434,422,-2741
4359,486,-2655
4333,552,-2621
4311,633,-2628
4304,724,-2648
4304,849,-2653
4315,1005,-2612
4314,1174,-2493
4322,1369,-2282
4341,1568,-1916
4900,2093,-139
5618,2472,1494
5971,2408,2158
5934,2092,2169
5664,1743,1981
5305,1379,1726
5018,966,1427
4836,499,1090
4681,30,730
4551,-383,358
4381,-727,5
4145,-1007,-332
3940,-1206,-597
3623,-1340,-833
3266,-1431,-1001
2914,-1483,-1102
2602,-1567,-1197
2312,-1616,-1267
2031,-1624,-1258
1796,-1576,-1105
1718,-1469,-834
1795,-1367,-511
1934,-1294,-218
2014,-1258,11
2041,-1179,186
2017,-1064,285
1924,-917,329
1857,-695,366
1905,-426,419
1903,-152,438
1832,84,413
1690,256,339
1462,336,196
1218,284,-1
1100,240,-178
1024,152,-336
1066,68,-418
1023,-49,-492
1003,-159,-549
1009,-233,-610
1042,-273,-659
1127,-306,-695
1236,-349,-715
1392,-401,-726
1583,-484,-724
1803,-570,-704
2044,-680,-669
2325,-809,-608
2638,-953,-518
2958,-1094,-421
3260,-1224,-327
3525,-1340,-236
3754,-1451,-137
3998,-1569,-9
4224,-1640,160
4438,-1641,353
4627,-1545,549
4803,-1405,715
4977,-1234,828
5124,-1023,892
5290,-855,930
5477,-712,959
5710,-599,1003
5912,-499,1021
6065,-360,1043
6197,-228,1075
6337,-135,1112
6479,-65,1149
6585,15,1171
6651,90,1197
6650,151,1248
6605,186,1309
6535,198,1363
6459,187,1358
6415,187,1306
6411,186,1211
6453,158,1056
6555,62,840
6700,-174,524
6857,-457,180
6977,-724,-155
6928,-965,-457
6706,-1118,-717
6404,-1132,-938
6125,-992,-1122
5815,-770,-1283
5437,-532,-1420
5049,-312,-1544
4642,-116,-1697
4338,-46,-1877
4103,-37,-2040
3967,-116,-2188
4011,-239,-2326
4118,-411,-2489
4201,-601,-2695
4260,-785,-2925
4257,-957,-3153
4211,-1131,-3309
4153,-1326,-3355
4116,-1531,-3307
4085,-1767,-3182
4090,-2045,-2980
4102,-2278,-2680
4147,-2489,-2292
4211,-2690,-1804
4285,-2849,-1257
4319,-2975,-733
4333,-3013,-328
4346,-2922,-88
4383,-2702,6
4427,-2385,10
4424,-2002,-46
4400,-1603,-153
4337,-1177,-283
4248,-749,-435
4195,-377,-571
4151,-47,-657
4087,255,-693
3998,542,-695
3898,796,-665
3776,979,-619
3648,1095,-557
3552,1141,-474
3479,1119,-380
3405,1080,-276
3292,1035,-165
3157,1002,-46
3026,982,107
2897,967,273
2789,940,457
2723,868,618
2659,756,732
2565,644,805
2452,512,821
2311,365,792
2165,215,729
2032,90,631
1906,-16,513
1778,-91,374
1640,-160,219
1505,-210,42
1388,-258,-102
1274,-269,-232
1168,-268,-353
1095,-271,-454
1071,-267,-548
1108,-263,-638
1185,-257,-726
1316,-238,-812
1472,-229,-896
1636,-248,-967
1826,-275,-1019
2007,-299,-1054
2178,-323,-1069
2346,-343,-1070
2503,-350,-1071
2661,-346,-1049
2820,-300,-936
2996,-159,-608
3235,32,-182
3488,164,165
3749,199,361
3981,169,462
4184,101,537
4356,36,639
4528,-34,765
4704,-123,897
4885,-267,1009
5065,-426,1063
5230,-585,1051
5396,-732,976
5566,-870,866
5736,-998,738
5882,-1108,600
5991,-1327,158
6153,-1584,64
6338,-1801,173
6468,-1938,377
6512,-1998,613
6483,-2022,822
6335,-1984,1023
6151,-1932,1204
5988,-1884,1329
5885,-1841,1399
5890,-1798,1430
5981,-1732,1441
6033,-1662,1442
6032,-1577,1419
6022,-1481,1352
6083,-1364,1213
6167,-1230,933
6250,-1077,507
6360,-912,72
6446,-697,-308
6392,-409,-636
6095,-109,-898
5599,136,-1134
5054,268,-1387
4539,286,-1685
4057,254,-2042
3679,203,-2424
3567,138,-2812
3692,67,-3202
3984,-16,-3526
4538,-56,-3693
4953,-95,-3672
5024,-64,-3435
4851,11,-3074
4565,88,-2710
4297,168,-2433
4114,240,-2274
4010,312,-2224
3973,402,-2249
3977,511,-2322
4001,656,-2388
4043,825,-2420
4123,1025,-2376
4215,1241,-2259
4335,1488,-2071
4515,1803,-1660
5116,2485,-195
5742,2953,960
6053,3014,1374
5979,2719,1333
5787,2297,1215
5588,1826,1095
5443,1312,950
5319,781,778
5221,307,568
5015,-153,255
4763,-563,-87
4567,-916,-360
4406,-1194,-541
4140,-1389,-658
3756,-1536,-781
3444,-1651,-878
3099,-1721,-942
2801,-1789,-963
2461,-1856,-997
2162,-1951,-1100
1874,-1985,-1166
1649,-1933,-1127
1544,-1763,-943
1664,-1578,-667
1801,-1453,-424
1877,-1343,-241
1887,-1204,-115
1868,-1023,-40
1839,-839,-15
1759,-647,-18
1711,-454,-18
1710,-241,-4
1596,-66,8
1488,33,-13
1417,120,-41
1381,175,-89
1377,182,-142
1400,156,-190
1458,95,-234
1512,29,-282
1575,-35,-324
1667,-85,-370
1773,-115,-422
1913,-151,-482
2047,-198,-546
2191,-243,-610
2334,-287,-671
2484,-338,-709
2636,-407,-712
2815,-487,-683
3009,-588,-619
3200,-701,-529
3360,-826,-409
3549,-954,-242
3792,-1071,-42
4051,-1178,171
4319,-1239,399
4590,-1280,608
4846,-1265,779
5076,-1212,901
5219,-1117,974
5252,-922,1014
5246,-693,1066
5249,-464,1132
5267,-229,1191
5267,-49,1186
5264,121,1113
5335,175,956
5444,150,740
5566,91,517
5689,-14,315
5777,-125,186
5837,-196,153
5871,-221,183
5897,-259,236
5968,-290,342
6093,-297,515
6248,-339,743
6389,-399,1014
6494,-484,1299
6521,-557,1583
6494,-641,1799
6432,-793,1891
6344,-1015,1810
6328,-1332,1539
6375,-1660,1106
6426,-2017,590
6370,-2301,45
6103,-2424,-444
5647,-2380,-827
5092,-2180,-1140
4553,-1904,-1433
4052,-1513,-1694
3661,-1164,-1930
3428,-776,-2166
3314,-405,-2442
3280,-49,-2761
3417,299,-2971
3566,582,-3045
3585,768,-3079
3555,874,-3121
3581,863,-3165
3619,762,-3233
3667,624,-3254
3722,451,-3222
3785,226,-3146
3852,-129,-3031
3917,-444,-2859
4065,-851,-2456
4323,-1297,-1903
4601,-1715,-1255
4836,-2042,-600
5019,-2269,-32
5114,-2405,371
5140,-2430,569
5120,-2316,597
5067,-2091,522
4997,-1777,367
4876,-1407,180
4724,-1009,-21
4585,-588,-217
4463,-213,-390
4355,99,-520
4241,311,-597
4118,442,-658
3996,518,-703
3888,555,-713
3794,568,-687
3701,566,-621
3587,570,-510
3452,592,-357
3296,628,-182
3125,630,-26
2979,622,136
2864,608,289
2804,547,420
2738,483,539
2661,405,624
2578,322,672
2502,218,674
2438,117,657
2367,29,604
2280,-50,541
2184,-110,470
2096,-145,382
1990,-177,288
1880,-209,187
1783,-211,93
1693,-195,-4
1606,-190,-108
1511,-178,-208
1435,-159,-295
1390,-147,-379
1368,-146,-456
1369,-147,-541
1397,-140,-617
1432,-146,-675
1477,-149,-718
1546,-153,-745
1638,-156,-775
1761,-169,-810
1916,-168,-853
2109,-189,-892
2297,-183,-857
2531,-156,-708
2802,-107,-418
3140,-39,-12
3480,-6,285
3816,-9,435
4142,-21,512
4421,-10,580
4677,3,647
4912,29,726
5095,65,816
5243,91,907
5370,115,994
5507,96,1065
5572,-47,892
5750,-285,940
5965,-528,1015
6137,-741,1089
6258,-941,1150
6397,-1106,1204
6454,-1255,1250
6530,-1352,1287
6574,-1408,1294
6644,-1489,1286
6683,-1562,1303
6612,-1599,1349
6481,-1601,1393
6348,-1594,1464
6248,-1588,1512
6174,-1560,1525
6160,-1480,1503
6259,-1343,1364
6488,-1103,1118
6736,-812,711
6909,-514,181
7062,-242,-299
7061,10,-633
6723,286,-765
6069,536,-853
5309,673,-1035
4622,710,-1308
4037,655,-1661
3636,515,-2026
3452,372,-2417
3480,204,-2871
3683,31,-3270
4020,-98,-3513
4520,-157,-3491
4841,-165,-3279
4849,-127,-2965
4658,-53,-2639
4406,6,-2404
4198,70,-2268
4073,139,-2204
4076,230,-2181
4122,358,-2200
4191,511,-2214
4260,695,-2187
4289,920,-2063
4317,1177,-1842
4437,1556,-1223
4731,2108,-151
5044,2576,795
5145,2721,1125
5024,2579,1002
4791,2261,755
4632,1933,589
4540,1582,467
4485,1198,309
4446,793,140
4405,388,-42
4329,-6,-224
4242,-339,-384
4171,-600,-498
4081,-833,-544
3964,-1048,-546
3711,-1234,-535
3441,-1406,-513
3255,-1570,-462
3168,-1698,-394
3067,-1786,-326
2881,-1867,-331
2581,-1942,-422
2293,-1968,-457
1933,-1938,-447
1781,-1815,-376
1916,-1632,-223
2045,-1471,-41
2127,-1333,107
2191,-1196,183
2219,-993,222
2151,-780,197
2014,-585,126
1986,-385,64
1926,-184,0
1835,-29,-72
1744,79,-150
1722,171,-192
1689,241,-221
1684,293,-232
1613,281,-282
1538,248,-311
1556,210,-301
1564,139,-304
1584,50,-316
1641,-8,-328
1745,-62,-343
1842,-121,-372
1930,-181,-437
2030,-252,-513
2186,-342,-579
2352,-427,-627
2512,-518,-637
2701,-587,-587
2912,-641,-501
3133,-704,-381
3337,-771,-221
3498,-857,-45
3609,-950,121
3713,-1041,269
3837,-1117,403
3999,-1163,514
4184,-1176,607
4421,-1187,655
4698,-1201,668
4994,-1195,675
5287,-1203,668
5566,-1201,689
5835,-1186,725
6088,-1200,765
6340,-1170,840
6570,-1161,908
6748,-1154,952
6877,-1117,988
6934,-1062,1017
6941,-941,1063
6925,-806,1129
6885,-653,1216
6826,-499,1336
6760,-359,1485
6694,-253,1610
6628,-192,1653
6599,-208,1589
6622,-346,1374
6678,-601,1055
6734,-934,659
6790,-1261,250
6816,-1506,-90
6614,-1569,-363
6084,-1425,-615
5469,-1132,-825
4996,-740,-967
4623,-306,-1077
4314,71,-1202
4019,433,-1340
3797,686,-1500
3610,853,-1680
3495,954,-1865
3529,920,-2004
3614,742,-2116
3696,449,-2196
3762,101,-2266
3819,-264,-2352
3856,-616,-2440
3883,-953,-2497
3903,-1260,-2494
3939,-1573,-2445
3971,-1852,-2341
3960,-2051,-2179
3918,-2208,-1954
3911,-2338,-1678
3927,-2456,-1357
3959,-2589,-1039
3990,-2703,-757
4029,-2780,-560
4090,-2780,-449
4187,-2708,-405
4291,-2559,-447
4399,-2297,-541
4492,-1941,-645
4569,-1519,-731
4625,-1043,-795
4644,-601,-849
4619,-179,-855
4534,249,-803
4415,672,-677
4280,1015,-526
4125,1280,-361
3963,1480,-189
3832,1602,-32
3744,1640,118
3667,1600,262
3595,1519,394
3515,1422,510
3418,1304,621
3315,1164,710
3198,1015,783
3052,840,834
2894,676,850
2754,500,832
2614,348,796
2475,192,749
2336,55,674
2199,-70,576
2054,-190,447
1900,-312,280
1775,-404,115
1662,-496,-59
1541,-561,-212
1426,-600,-328
1349,-642,-423
1268,-673,-501
1189,-678,-564
1133,-664,-596
1099,-635,-622
1106,-610,-668
1138,-601,-725
1177,-548,-772
1223,-476,-788
1304,-389,-784
1413,-309,-763
1526,-247,-751
1656,-201,-729
1793,-161,-717
1953,-127,-716
2133,-90,-708
2366,-30,-615
2631,103,-394
2950,294,-78
3295,447,115
3692,517,166
4086,535,128
4478,537,89
4847,544,96
5172,537,168
5427,523,272
5632,474,427
5799,391,616
5931,267,794
6049,122,937
6185,-70,1032
6345,-297,1082
6509,-562,1100
6659,-1023,856
6811,-1440,864
6908,-1763,969
6960,-1918,1107
6926,-2009,1209
6789,-2084,1273
6584,-2203,1316
6344,-2273,1397
6089,-2303,1457
5897,-2263,1492
5829,-2182,1486
5900,-2034,1444
6032,-1774,1352
6149,-1470,1140
6280,-1155,832
6435,-876,406
6582,-621,-71
6650,-352,-502
6585,-64,-796
6283,185,-999
5783,346,-1161
5199,403,-1358
4608,376,-1574
4097,287,-1793
3779,177,-2040
3700,78,-2323
3756,15,-2687
3915,-13,-3046
4201,-41,-3289
4601,-58,-3351
4783,-65,-3274
4751,-33,-3096
4616,39,-2887
4427,126,-2710
4280,236,-2586
4185,360,-2544
4147,491,-2540
4159,629,-2590
4242,793,-2665
4319,965,-2739
4322,1107,-2807
4320,1281,-2764
4351,1482,-2652
4403,1694,-2508
4448,1913,-2348
4528,2142,-2127
4991,2732,-783
5474,3081,361
5702,2947,879
5757,2536,1046
5754,2064,1122
5635,1553,1131
5457,1047,1081
5273,582,963
5063,172,753
4877,-227,520
4709,-580,300
4503,-871,109
4286,-1078,-58
4040,-1191,-221
3662,-1246,-397
3247,-1253,-560
2898,-1238,-695
2477,-1205,-816
2045,-1192,-918
1717,-1188,-969
1450,-1172,-1021
1226,-1160,-1101
1075,-1140,-1243
1114,-1059,-1255
1225,-932,-1140
1263,-835,-926
1246,-785,-708
1233,-762,-515
1213,-738,-357
1201,-687,-216
1233,-632,-110
1278,-564,-37
1294,-497,17
1302,-438,57
1334,-388,98
1376,-345,124
1407,-323,119
1463,-326,83
1531,-296,41
1596,-277,-47
1691,-285,-166
1821,-295,-288
1997,-301,-413
2188,-284,-542
2379,-280,-645
2596,-302,-710
2811,-339,-741
3020,-376,-751
3215,-417,-739
3327,-472,-728
3411,-549,-708
3537,-630,-679
3715,-713,-630
3909,-789,-549
4113,-831,-440
4310,-843,-299
4465,-875,-146
4574,-904,41
4750,-898,254
4929,-862,457
5112,-771,659
5257,-646,854
5404,-528,1027
5556,-391,1160
5706,-216,1247
5873,-68,1279
6038,73,1267
6201,173,1178
6343,225,1028
6419,240,853
6427,241,696
6389,237,566
6343,234,482
6332,208,460
6337,152,492
6355,54,544
6360,-11,627
6333,-35,752
6292,-45,898
6230,-43,1066
6201,-75,1194
6187,-233,1210
6225,-552,1047
6315,-926,716
6457,-1264,309
6498,-1560,-113
6274,-1787,-550
5882,-1814,-920
5344,-1678,-1286
4805,-1426,-1570
4355,-1151,-1766
4014,-914,-2001
3747,-698,-2271
3542,-508,-2602
3466,-395,-2946
3516,-290,-3202
3707,-197,-3307
3872,-137,-3320
3977,-112,-3303
4011,-145,-3284
4000,-234,-3241
3990,-333,-3184
3999,-426,-3131
4000,-550,-3059
3990,-716,-2974
4013,-953,-2844
4145,-1364,-2420
4325,-1789,-1823
4609,-2155,-1173
4876,-2431,-627
5011,-2604,-199
5074,-2691,84
5023,-2653,231
4909,-2509,247
4782,-2278,155
4651,-1957,67
4499,-1569,-39
4373,-1155,-157
4228,-697,-292
4071,-234,-422
3935,162,-561
3831,486,-659
3747,737,-729
3701,899,-764
3683,994,-772
3659,1029,-722
3615,1044,-622
3534,1044,-493
3433,1049,-336
3300,1070,-154
3138,1095,41
2999,1085,222
2899,1049,394
2819,980,534
2726,864,618
2635,701,635
2549,536,615
2477,363,575
2395,205,499
2296,77,403
2174,-25,293
2044,-122,180
1922,-200,59
1786,-260,-72
1659,-302,-205
1555,-331,-322
1477,-346,-420
1421,-368,-501
1392,-372,-549
1379,-358,-585
1404,-342,-613
1463,-322,-643
1533,-295,-688
1619,-274,-738
1720,-253,-765
1787,-223,-752
1858,-194,-732
1945,-170,-720
2034,-154,-704
2127,-138,-687
2260,-128,-647
2409,-83,-486
2609,16,-156
2847,104,164
3078,137,373
3237,147,474
3394,152,535
3579,184,600
3816,219,669
4053,278,737
4301,340,792
4553,374,814
4791,393,833
5020,403,844
5221,388,869
5388,336,911
5507,253,967
5630,113,992
5681,-173,797
5798,-509,870
5963,-840,1001
6093,-1089,1174
6164,-1277,1325
6231,-1433,1425
6259,-1560,1498
6217,-1684,1507
6169,-1794,1474
6129,-1871,1410
6081,-1934,1313
6008,-1961,1191
5969,-1876,1063
5993,-1692,888
6139,-1450,610
6360,-1139,305
6551,-804,-72
6713,-452,-424
6789,-132,-716
6609,195,-938
6142,442,-1159
5557,575,-1407
4920,610,-1711
4415,573,-2061
4105,510,-2422
4041,461,-2752
4225,458,-3014
4551,480,-3182
4865,508,-3264
5089,549,-3241
5163,582,-3146
5117,625,-3001
5001,665,-2872
4908,729,-2759
4823,816,-2694
4773,917,-2668
4752,1036,-2674
4769,1192,-2686
4790,1369,-2705
4827,1567,-2690
4826,1774,-2598
4786,2005,-2451
4796,2331,-2036
5061,2941,-936
5418,3474,88
5601,3677,617
5526,3530,773
5407,3233,808
5274,2850,769
5154,2387,648
5041,1873,454
4953,1352,209
4874,880,-97
4730,443,-456
4569,55,-790
4451,-292,-1049
4321,-596,-1198
4206,-831,-1234
3958,-1064,-1223
3684,-1256,-1187
3526,-1411,-1072
3446,-1540,-913
3301,-1650,-750
3158,-1717,-592
2946,-1765,-453
2744,-1791,-313
2489,-1789,-218
2233,-1761,-140
2019,-1679,-52
2001,-1516,114
2039,-1326,258
2056,-1130,352
2029,-933,373
2015,-758,390
1964,-581,397
1867,-402,382
1821,-241,358
1753,-110,313
1684,-2,258
1659,81,197
1605,133,131
1554,170,60
1532,205,-2
1514,229,-50
1422,211,-131
1367,200,-209
1299,195,-300
1200,171,-418
1125,143,-533
1103,123,-638
1114,112,-749
1168,100,-869
1276,94,-970
1430,71,-1053
1626,26,-1126
1878,-72,-1159
2206,-218,-1147
2583,-402,-1071
2981,-586,-949
3355,-751,-788
3649,-914,-607
3864,-1045,-389
4084,-1143,-115
4321,-1184,185
4566,-1207,508
4800,-1217,827
5028,-1211,1116
5250,-1184,1368
5440,-1125,1551
5611,-1036,1666
5777,-906,1717
5943,-734,1701
6090,-546,1621
6226,-405,1465
6352,-271,1295
6438,-158,1136
6458,-71,1011
6363,36,929
6182,151,879
5973,310,882
5814,486,975
5709,627,1110
5655,710,1248
5593,754,1374
5541,755,1461
5548,707,1491
5682,567,1452
5972,319,1301
6327,65,1085
6711,-184,778
7084,-403,387
7345,-574,-8
7260,-650,-372
6827,-626,-642
6226,-490,-833
5623,-251,-975
5067,12,-1111
4581,240,-1266
4204,460,-1417
3880,654,-1540
3640,774,-1679
3521,788,-1821
3494,774,-1960
3573,720,-2137
3723,573,-2344
3907,368,-2574
4064,147,-2784
4169,-69,-2939
4217,-269,-3009
4218,-451,-2983
4183,-631,-2913
4177,-816,-2795
4210,-1041,-2642
4215,-1243,-2458
4196,-1396,-2235
4178,-1500,-1981
4158,-1579,-1680
4189,-1699,-1266
4295,-1894,-779
4485,-2150,-293
4702,-2336,56
4865,-2330,191
4907,-2136,142
4928,-1817,-13
4941,-1414,-181
4946,-965,-322
4949,-501,-419
4919,-45,-467
4834,412,-491
4720,879,-484
4577,1322,-442
4415,1729,-381
4245,2059,-297
4060,2317,-158
3908,2492,33
3830,2591,293
3779,2549,527
3659,2400,670
3526,2195,731
3434,1954,746
3371,1702,741
3316,1442,709
3276,1168,648
3249,890,563
3180,649,475
3068,457,385
2932,284,296
2776,138,205
2622,30,109
2487,-52,21
2365,-122,-79
2254,-175,-181
2158,-233,-292
2090,-288,-397
2050,-328,-474
2028,-371,-537
2004,-398,-577
1996,-434,-607
1987,-449,-630
1969,-450,-652
1962,-448,-673
1959,-449,-694
1943,-439,-702
1930,-421,-707
1920,-395,-698
1914,-359,-674
1899,-302,-630
1887,-244,-580
1908,-187,-531
1963,-137,-466
2049,-101,-382
2164,-71,-274
2285,-42,-172
2402,-22,-86
2524,-1,-20
2637,36,44
2763,84,113
2901,142,176
3077,196,227
3302,251,261
3562,295,282
3839,342,286
4134,375,281
4452,399,285
4770,406,312
5057,403,352
5300,362,410
5514,284,488
5700,147,515
5816,-110,409
5904,-345,555
5961,-554,744
5888,-661,917
5760,-795,997
5660,-991,1009
5620,-1028,1103
5642,-1060,1128
5662,-1117,1098
5673,-1183,1026
5677,-1258,946
5674,-1262,939
5619,-1257,936
5543,-1263,956
5476,-1248,1002
5460,-1194,1098
5491,-1103,1219
5544,-971,1337
5635,-761,1448
5738,-465,1484
5882,-140,1398
6080,179,1149
6337,468,768
6605,706,323
6774,926,-115
6615,1154,-437
6016,1327,-690
5231,1388,-950
4529,1370,-1247
3929,1317,-1557
3406,1250,-1872
3049,1186,-2139
2893,1157,-2346
2950,1126,-2463
3101,1102,-2493
3296,1059,-2459
3473,1026,-2389
3592,985,-2319
3727,947,-2275
3848,923,-2261
3981,916,-2265
4105,942,-2271
4216,1005,-2259
4266,1084,-2254
4302,1183,-2247
4317,1331,-2203
4330,1535,-2093
4558,2107,-1244
4897,2711,-436
5164,3123,38
5321,3366,292
5313,3477,424
5162,3408,481
5012,3229,503
4900,2933,457
4819,2503,281
4759,1990,-23
4709,1469,-412
4664,1002,-853
4566,582,-1295
4451,203,-1691
4341,-110,-1967
4185,-366,-2111
4001,-534,-2105
3845,-660,-1987
3698,-768,-1813
3627,-850,-1593
3592,-934,-1328
3574,-1035,-1003
3626,-1172,-612
3675,-1322,-223
3658,-1459,83
3639,-1536,298
3561,-1529,433
3403,-1476,512
3263,-1384,556
3146,-1269,598
3099,-1143,652
3102,-978,707
3047,-822,715
2927,-676,664
2781,-551,567
2627,-454,455
2486,-371,333
2352,-314,197
2228,-273,58
2129,-243,-89
2074,-209,-228
2023,-190,-349
1981,-171,-446
1962,-154,-527
1983,-140,-598
2002,-124,-659
2030,-107,-702
2085,-96,-722
2176,-101,-701
2282,-118,-652
2400,-134,-565
2535,-148,-451
2684,-146,-327
2842,-142,-207
3003,-115,-105
3114,-73,-26
3227,-38,45
3367,4,126
3514,57,214
3650,121,312
3753,188,419
3814,271,549
3833,368,669
3837,451,791
3882,477,926
3934,482,1022
3986,506,1083
4067,545,1108
4180,578,1107
4308,572,1076
4477,574,1027
4681,578,961
4871,582,876
5000,618,768
5085,663,660
5128,695,566
5136,709,478
5116,707,389
5108,699,320
5112,731,300
5111,804,351
5087,906,448
5038,1012,577
4985,1114,720
4961,1215,875
4970,1308,1037
5031,1388,1203
5150,1436,1364
5345,1444,1494
5617,1379,1556
5954,1197,1501
6306,932,1299
6729,625,976
7182,339,591
7540,91,144
7655,-49,-303
7547,-71,-672
7193,-22,-929
6597,75,-1064
5836,248,-1166
5125,392,-1274
4484,540,-1380
3941,682,-1474
3432,815,-1590
2971,906,-1786
2588,1005,-2027
2299,1082,-2267
2145,1174,-2476
2216,1328,-2700
2527,1375,-2889
2866,1326,-3070
3233,1260,-3260
3595,1116,-3424
3904,929,-3505
4154,709,-3489
4339,427,-3384
4495,125,-3201
4658,-155,-2919
4822,-413,-2513
4989,-673,-1998
5136,-931,-1418
5221,-1170,-811
5281,-1363,-233
5336,-1529,306
5382,-1639,745
5404,-1661,1044
5400,-1567,1220
5349,-1344,1296
5255,-996,1307
5159,-553,1264
5076,-60,1158
5012,442,1005
4967,941,839
4930,1409,630
4853,1788,420
4708,2081,213
4521,2310,37
4314,2466,-126
4089,2558,-319
3893,2549,-530
3833,2433,-665
3825,2257,-705
3783,2089,-666
3726,1917,-583
3678,1748,-474
3670,1574,-345
3693,1398,-225
3740,1215,-132
3801,1050,-86
3859,896,-75
3885,783,-100
3895,690,-151
3892,608,-234
3867,533,-331
3807,477,-433
3760,440,-529
3750,422,-604
3744,395,-669
3716,352,-749
3692,301,-823
3671,249,-868
3651,203,-880
3638,162,-872
3607,120,-860
3560,92,-848
3495,85,-819
3405,69,-786
3315,54,-755
3244,39,-726
3190,18,-707
3163,-2,-679
3135,-43,-652
3112,-80,-616
3101,-105,-566
3111,-101,-507
3133,-71,-440
3160,-28,-385
3173,17,-343
3166,65,-313
3142,113,-282
3116,149,-253
3094,169,-222
3079,166,-192
3069,142,-156
3042,107,-108
