3185,988,-662
3200,974,-773
3200,982,-684
3196,958,-754
3257,944,-590
3272,946,-578
3280,884,-639
3349,851,-567
3362,826,-536
3377,765,-565
3389,748,-511
3407,731,-474
3418,696,-419
3426,718,-499
3446,710,-452
3429,712,-465
3437,728,-512
3476,752,-459
3504,712,-375
3475,695,-387
3442,701,-483
3463,746,-469
3470,731,-448
3470,694,-504
3423,763,-462
3401,813,-498
3415,844,-463
3391,840,-479
3386,856,-459
3397,820,-547
3402,815,-528
3393,821,-519
3358,758,-593
3371,743,-599
3349,729,-593
3333,684,-611
3338,622,-736
3330,606,-639
3381,496,-586
3396,455,-551
3431,412,-510
3465,329,-433
3537,261,-309
3594,266,-357
3586,259,-381
3582,281,-304
3544,383,-413
3501,475,-482
3450,539,-401
3392,620,-520
3413,713,-563
3409,766,-514
3370,847,-527
3399,874,-402
3438,894,-487
3422,912,-351
3462,931,-309
3455,915,-310
3481,880,-398
3480,877,-331
3486,882,-353
3477,895,-319
3485,895,-334
3484,855,-233
3507,882,-271
3532,862,-349
3518,857,-294
3496,833,-332
3537,805,-282
3538,796,-309
3553,773,-288
3573,727,-332
3566,686,-259
3552,685,-308
3579,652,-321
3561,634,-288
3557,659,-303
3528,634,-397
3523,659,-458
3508,694,-315
3507,738,-335
3503,735,-375
3522,850,-342
3463,843,-364
3473,816,-346
3432,806,-348
3503,757,-378
3472,698,-375
3478,681,-319
3512,656,-428
3512,600,-362
3581,560,-322
3568,557,-313
3582,473,-336
3590,475,-269
3590,428,-321
3576,399,-277
3574,373,-302
3575,364,-321
3633,291,-212
3591,289,-242
3603,253,-287
3606,237,-168
3613,242,-180
3655,222,-171
3664,209,-178
3680,216,-108
3706,144,-94
3731,139,-113
3684,142,-194
3703,103,-187
3691,134,-106
3683,123,-162
3670,167,-187
3696,214,-136
3679,263,-231
3667,307,-214
3668,376,-288
3643,440,-209
3610,482,-257
3579,527,-271
3591,509,-243
3578,526,-312
3579,453,-326
3563,450,-368
3564,426,-375
3549,358,-341
3549,351,-328
3544,314,-359
3534,269,-399
3539,229,-377
3543,190,-307
3512,121,-321
3571,102,-286
3553,80,-306
3547,81,-411
3577,100,-344
3530,81,-228
3575,90,-254
3572,166,-282
3590,203,-359
3553,252,-304
3459,322,-429
3512,380,-377
3475,459,-457
3471,446,-395
3488,497,-458
3467,548,-391
3430,593,-436
3479,649,-438
3455,671,-411
3445,695,-442
3471,741,-411
3483,791,-336
3456,845,-467
3471,850,-411
3488,821,-392
3447,880,-383
3445,875,-347
3444,869,-408
3436,903,-417
3472,869,-324
3470,891,-374
3483,858,-319
3453,796,-416
3451,804,-296
3454,788,-339
3492,779,-287
3469,792,-303
3454,819,-402
3437,834,-450
3419,824,-451
3363,815,-429
3402,832,-464
3335,842,-531
3358,844,-548
3298,882,-620
3300,893,-682
3319,870,-594
3323,832,-604
3338,861,-585
3327,821,-518
3338,798,-593
3322,791,-587
3325,802,-510
3362,772,-537
3381,781,-480
3416,731,-466
3422,750,-487
3385,694,-426
3420,639,-459
3467,627,-425
3470,581,-396
3489,519,-464
3517,431,-394
3525,405,-391
3563,353,-338
3569,340,-283
3573,314,-283
3620,324,-249
3614,339,-251
3638,358,-186
3654,350,-164
3628,361,-173
3672,368,-49
3687,354,-198
3660,361,-223
3640,363,-200
3621,439,-213
3633,446,-188
3623,509,-246
3623,544,-225
3620,607,-200
3614,644,-251
3612,652,-255
3610,660,-310
3587,643,-356
3604,609,-301
3595,551,-444
3576,527,-336
3606,448,-346
3589,384,-325
3594,300,-300
3645,220,-252
3657,121,-264
3661,10,-231
3690,-70,-107
3706,-69,-199
3697,-105,-82
3696,-91,-151
3678,-22,-125
3646,46,-174
3649,102,-229
3582,234,-327
3548,296,-339
3546,410,-326
3495,505,-445
3465,558,-477
3437,581,-460
3485,547,-473
3478,569,-371
3502,552,-417
3496,531,-440
3520,500,-378
3567,543,-297
3533,512,-306
3570,525,-344
3566,518,-306
3524,545,-306
3524,549,-240
3535,577,-274
3492,611,-319
3496,662,-466
3508,664,-407
3494,656,-502
3490,695,-425
3503,666,-351
3525,661,-404
3495,656,-305
3486,651,-357
3501,617,-392
3495,628,-456
3459,634,-425
3474,626,-426
3455,675,-461
3442,687,-500
3430,701,-538
3405,691,-549
3378,690,-582
3392,687,-613
3331,682,-602
3349,637,-571
3326,626,-615
3304,578,-691
3311,569,-626
3367,557,-643
3365,518,-557
3322,527,-603
3365,518,-603
3394,478,-639
3365,487,-519
3406,466,-542
3415,427,-524
3435,422,-572
3406,372,-528
3417,345,-532
3423,257,-629
3439,272,-546
3409,242,-489
3439,199,-605
3442,151,-603
3424,180,-461
3458,121,-542
3450,89,-452
3448,82,-420
3492,87,-438
3513,55,-368
3551,66,-347
3552,59,-378
3542,64,-408
3536,91,-406
3538,55,-320
3524,109,-424
3554,91,-305
3581,120,-312
3556,144,-376
3562,155,-360
3586,220,-353
3543,254,-342
3539,298,-448
3541,348,-414
3532,319,-470
3448,295,-476
3474,298,-471
3448,267,-473
3454,244,-504
3484,149,-404
3470,126,-490
3483,46,-417
3494,-17,-423
3517,-90,-362
3536,-114,-336
3556,-148,-264
3548,-143,-191
3554,-175,-345
3586,-141,-259
3572,-129,-242
3584,-66,-290
3597,-23,-275
3591,20,-278
3522,137,-286
3545,155,-393
3553,166,-313
3547,149,-392
3562,211,-339
3580,238,-308
3571,263,-236
3586,324,-280
3601,337,-266
3575,371,-286
3575,347,-243
3597,388,-319
3608,413,-279
3618,465,-169
3601,454,-195
3639,481,-141
3627,515,-163
3628,511,-145
3645,502,-182
3636,517,-155
3645,510,-197
3638,521,-292
3604,560,-265
3636,515,-308
3595,548,-246
3617,546,-247
3598,532,-235
3620,501,-218
3606,517,-250
3599,550,-274
3584,540,-372
3551,561,-307
3551,574,-340
3556,613,-378
3554,607,-375
3525,646,-410
3453,695,-457
3416,749,-516
3417,794,-506
3451,791,-613
3469,796,-393
3467,808,-469
3502,821,-328
3477,800,-448
3484,779,-397
3485,780,-357
3506,778,-374
3477,781,-394
3468,782,-466
3499,812,-335
3475,818,-403
3500,815,-245
3478,783,-410
3480,809,-375
3519,785,-270
3483,757,-357
3528,770,-248
3573,742,-366
3581,777,-211
3550,792,-218
3559,822,-216
3577,854,-114
3550,893,-209
3582,896,-181
3586,916,-66
3588,890,-107
3608,907,-194
3577,935,-64
3604,955,-169
3605,992,-115
3562,1039,-114
3598,1107,20
3596,1148,-50
3610,1158,-23
3587,1216,-56
3586,1204,-79
3549,1257,43
3542,1291,-40
3528,1315,57
3509,1331,32
3499,1397,5
3491,1436,17
3489,1454,-19
3458,1537,35
3445,1555,-34
3460,1563,-23
3454,1537,-13
3438,1560,24
3469,1474,-1
3495,1423,-82
3539,1376,-2
3521,1409,67
3538,1380,-16
3520,1419,79
3548,1451,46
3528,1472,154
3551,1474,174
3556,1490,293
3531,1554,282
3560,1584,351
3554,1612,375
3517,1646,458
3530,1705,392
3575,1699,527
3543,1726,608
3584,1730,657
3537,1790,694
3553,1793,756
3530,1841,644
3547,1837,845
3540,1906,820
3525,1930,826
3501,1929,867
3495,1966,886
3484,1964,936
3465,1987,1003
3480,2030,1042
3484,2056,1039
3440,2071,1043
3442,2106,1068
3412,2088,964
3440,2129,1041
3403,2116,1057
3394,2140,1152
3365,2147,1141
3353,2170,1103
3325,2198,1088
3344,2239,1041
3304,2219,1073
3296,2220,1047
3324,2262,1082
3313,2265,1047
3295,2269,1079
3298,2248,1091
3328,2264,1022
3347,2223,1027
3364,2252,1112
3355,2246,1078
3324,2284,1007
3329,2243,1216
3358,2261,1101
3351,2230,1152
3373,2242,1098
3342,2229,1162
3338,2279,1148
3320,2270,1220
3318,2243,1233
3333,2260,1129
3318,2239,1339
3352,2215,1389
3349,2204,1246
3369,2155,1357
3388,2080,1391
3423,2036,1395
3434,2032,1526
3427,1950,1533
3477,1941,1628
3463,1924,1712
3432,1889,1768
3404,1894,1788
3398,1884,1777
3395,1859,1850
3382,1838,1903
3409,1801,1975
3363,1771,2063
3385,1713,2023
3384,1676,2114
3360,1650,2226
3364,1607,2260
3318,1587,2409
3302,1555,2452
3303,1527,2475
3252,1554,2473
3215,1551,2570
3202,1571,2440
3232,1597,2567
3273,1586,2484
3242,1580,2475
3252,1590,2457
3262,1610,2460
3285,1601,2423
3285,1636,2412
3348,1655,2410
3319,1639,2348
3302,1637,2382
3370,1616,2394
3358,1633,2293
3352,1591,2324
3380,1581,2275
3383,1557,2318
3369,1537,2300
3431,1531,2295
3407,1488,2312
3397,1513,2377
3416,1495,2441
3370,1460,2432
3374,1426,2553
3365,1379,2555
3370,1318,2696
3379,1290,2570
3344,1230,2660
3343,1217,2636
3344,1212,2593
3347,1148,2688
3336,1182,2670
3359,1187,2621
3365,1184,2650
3299,1199,2669
3311,1171,2637
3310,1161,2745
3281,1096,2611
3312,1121,2659
3317,1165,2670
3326,1110,2637
3332,1120,2671
3345,1132,2688
3349,1098,2670
3362,1109,2623
3383,1146,2665
3355,1126,2620
3368,1133,2503
3366,1163,2540
3334,1188,2480
3363,1205,2596
3357,1170,2616
3382,1183,2514
3400,1211,2442
3410,1222,2584
3441,1260,2358
3442,1291,2435
3466,1296,2377
3481,1285,2313
3477,1281,2370
3513,1259,2273
3499,1216,2275
3533,1262,2281
3532,1223,2247
3587,1216,2188
3523,1257,2160
3542,1254,2212
3506,1271,2144
3488,1299,2125
3469,1341,2188
3485,1350,2232
3459,1312,2275
3464,1343,2286
3462,1294,2204
3496,1334,2256
3492,1286,2298
3496,1271,2286
3516,1242,2312
3488,1193,2323
3499,1158,2337
3539,1107,2309
3528,1051,2274
3599,1042,2234
3565,1039,2299
3553,1008,2303
3572,1002,2326
3558,997,2392
3572,977,2314
3558,953,2304
3573,909,2267
3565,912,2403
3568,824,2339
3575,825,2384
3622,790,2460
3615,728,2379
3654,696,2408
3651,681,2453
3689,681,2363
3673,667,2395
3689,671,2291
3693,709,2223
3714,714,2181
3730,716,2176
3704,771,2227
3683,780,2216
3708,809,2229
3683,817,2160
3675,801,2201
3712,742,2216
3686,686,2165
3664,690,2319
3653,646,2329
3663,634,2308
3667,664,2267
3657,672,2290
3665,650,2334
3634,625,2311
3626,592,2352
3619,590,2359
3616,576,2346
3644,591,2356
3646,544,2289
3634,564,2273
3646,567,2289
3605,562,2390
3626,586,2421
3585,628,2434
3560,665,2334
3585,675,2408
3574,727,2437
3588,700,2510
3589,720,2352
3544,706,2368
3552,745,2416
3569,750,2367
3575,752,2409
3575,732,2284
3581,768,2305
3546,796,2374
3585,770,2325
3573,805,2321
3622,821,2278
3647,802,2245
3626,802,2305
3644,794,2219
3665,796,2058
3653,839,2132
3682,838,2155
3700,840,2073
3697,859,2046
3742,859,2094
3747,824,2036
3730,844,2069
3695,825,2012
3677,833,1948
3708,853,2023
3704,882,2105
3715,918,2111
3687,896,2057
3700,913,2125
3704,908,2064
3670,920,2104
3710,959,2050
3688,957,1972
3672,961,2102
3677,965,2034
3677,950,2095
3699,930,1983
3709,894,1997
3737,837,2084
3769,838,2072
3750,793,2095
3751,767,1967
3734,714,1935
3728,657,2150
3730,589,2112
3744,555,2203
3723,569,2115
3767,582,2220
3742,535,2205
3750,515,2153
3779,468,2022
3757,505,2085
3702,464,2160
3737,424,2146
3739,427,2182
3754,397,2197
3764,398,2211
3732,366,2100
3772,382,2111
3746,343,2113
3762,347,2170
3750,315,2189
3773,316,2134
3798,275,2156
3788,294,2052
3807,330,2060
3779,287,2086
3784,264,1996
3785,275,1979
3819,246,1994
3843,217,1991
3830,190,1977
3798,215,1919
3798,237,2021
3805,263,1991
3802,229,1992
3818,177,2042
3787,189,2078
3777,170,2048
3802,177,2095
3783,160,2091
3791,194,1957
3792,189,2024
3770,179,2132
3742,247,2133
3742,241,2096
3750,307,2018
3776,307,2094
3735,355,2100
3764,388,2116
3735,399,2128
3755,455,2178
3752,460,2080
3725,512,2173
3753,527,2158
3741,554,2027
3740,566,2157
3715,572,2113
3745,625,2070
3722,646,2155
3716,700,2072
3718,692,2065
3719,677,2047
3712,718,2073
3718,711,2055
3749,699,2021
3742,718,1975
3753,692,1951
3792,715,1901
3810,730,1908
3842,753,1922
3838,761,1900
3822,791,1889
3822,784,1777
3797,778,1842
3814,805,1885
3807,810,1877
3777,845,1880
3803,860,1869
3783,862,1868
3798,876,1875
3780,869,1894
3804,884,1806
3763,940,1975
3766,924,1980
3770,937,2004
3757,941,2037
3754,951,1946
3757,959,2015
3724,965,2057
3725,922,2119
3764,915,1968
3754,892,2067
3710,862,2099
3733,805,2108
3720,772,2114
3705,782,2146
3704,759,2216
3699,763,2251
3734,707,2191
3709,676,2160
3716,690,2164
3758,643,2208
3694,649,2232
3724,583,2210
3739,582,2232
3722,545,2245
3752,532,2235
3765,523,2244
3764,508,2062
3738,514,2149
3746,510,2198
3791,502,2201
3756,506,2084
3808,514,2161
3813,490,2090
3786,507,2078
3787,489,2068
3810,506,2093
3802,476,2055
3818,482,1923
3820,486,1969
3815,505,1960
3831,506,2077
3825,449,2002
3852,427,1981
3836,383,1921
3844,303,2003
3840,276,1942
3845,215,2005
3884,205,1880
3823,168,2012
3873,188,1978
3838,244,2018
3828,240,1993
3867,246,2078
3812,257,2167
3832,192,2186
3816,158,2168
3773,179,2239
3788,171,2122
3790,191,2119
3784,207,2130
3793,233,2152
3748,295,2237
3750,296,2191
3729,308,2203
3727,351,2300
3704,376,2269
3699,377,2333
3688,411,2289
3726,422,2279
3719,457,2305
3696,491,2261
3680,530,2291
3696,553,2233
3706,568,2241
3701,589,2247
3692,617,2309
3677,656,2226
3698,664,2244
3704,765,2354
3659,768,2321
3690,794,2267
3663,893,2202
3696,902,2108
3636,928,2199
3658,915,2243
3648,937,2187
3654,896,2210
3666,909,2235
3659,939,2158
3657,952,2218
3650,994,2248
3654,1011,2182
3621,1039,2256
3611,1099,2238
3621,1104,2215
3610,1117,2182
3630,1135,2136
3628,1114,2209
3617,1111,2086
3615,1171,2191
3594,1163,2062
3600,1197,2071
3639,1203,2095
3624,1230,2082
3599,1195,2130
3590,1204,2111
3578,1216,2080
3630,1257,2064
3612,1208,2084
3609,1238,2052
3604,1229,2073
3608,1217,2133
3621,1266,2016
3640,1195,2036
3645,1218,2046
3660,1183,2004
3677,1182,1966
3687,1134,2048
3661,1126,2047
3686,1168,1993
3660,1143,2074
3691,1172,1968
3700,1164,1994
3687,1148,2006
3655,1170,1895
3688,1170,1922
3679,1194,1950
3670,1151,1967
3721,1168,1937
3703,1147,1935
3693,1155,1949
3707,1156,1848
3730,1129,1851
3708,1115,1865
3709,1113,1816
3721,1117,1928
3730,1103,1846
3726,1089,1875
3707,1115,1940
3723,1159,1876
3699,1134,1952
3699,1094,1917
3712,1118,1957
3705,1089,1962
3719,1147,1816
3702,1083,1974
3728,1107,1975
3727,1052,1876
3758,1080,1940
3746,1087,1982
3721,1060,1934
3735,1077,1959
3753,1093,1913
3717,1071,1994
3739,1072,1856
3753,1075,1968
3743,1100,1963
3741,1088,1926
3692,1081,1904
3726,1083,1929
3726,1084,1997
3745,1099,1903
3715,1102,1861
3723,1079,1907
3724,1094,1875
3680,1088,1990
3728,1095,1861
3718,1090,1891
3680,1109,1852
3723,1103,1903
3711,1137,1808
3712,1109,1893
3703,1132,1821
3714,1123,1942
3731,1098,1978
3732,1091,1962
3727,1111,1928
3721,1083,1944
3762,1101,1943
3740,1125,1945
3754,1089,1931
3742,1104,1900
3740,1077,1906
3732,1077,1910
3727,1094,1869
3718,1098,1968
3732,1081,1842
3715,1092,1857
3740,1105,1876
3692,1087,1886
3718,1107,1881
3739,1100,1872
3737,1123,1848
3786,1073,1859
3744,1073,1787
3777,1099,1849
3723,1055,1873
3766,1080,1878
3746,1074,1827
3724,1074,1830
3729,1080,1790
3753,1085,1773
3751,1100,1854
3747,1069,1842
3757,1078,1940
3746,1089,1812
3727,1103,1908
3777,1118,1843
3766,1093,1957
3764,1105,1844
3765,1085,1847
3751,1077,1834
3732,1084,1889
3743,1107,1833
3722,1035,1934
3726,1080,1939
3742,1070,1869
3764,1087,1863
3742,1087,1942
3738,1072,1899
3739,1062,1964
3712,1061,1964
3680,1078,1940
3688,1085,1974
3701,1071,1901
3707,1065,1879
3695,1067,2016
3700,1103,2009
3722,1074,2000
3689,1039,1996
3725,1061,2042
3686,1085,2039
3715,1071,2033
3691,1093,1955
3723,1059,1978
3685,1056,2009
3698,1061,1982
3709,1059,1949
3715,1073,1989
3711,1083,2017
3698,1060,1980
3673,1072,1942
3676,1055,2037
3697,1100,1957
3684,1104,1988
3686,1102,1923
3714,1103,1918
3664,1093,1972
3704,1078,1972
3733,1098,1996
3711,1100,1967
3710,1100,2020
3686,1092,1973
3704,1110,1986
3679,1096,1967
3654,1093,1963
3678,1114,2038
3673,1126,1983
3704,1094,2079
3657,1100,2137
3651,1093,2022
3653,1112,2024
3660,1113,2066
3684,1133,2017
3685,1150,2064
3698,1138,2014
3687,1113,2055
3695,1131,2076
3678,1117,2001
3667,1106,2123
3699,1119,2053
3742,1113,2194
3674,1105,2163
3666,1114,2152
3695,1083,2051
3695,1099,2051
3700,1089,2083
3686,1092,2140
3675,1095,2093
3670,1109,2115
3689,1125,2136
3712,1109,2097
3651,1129,2064
3651,1118,2027
3657,1140,2026
3681,1083,2041
3684,1093,2031
3690,1106,2141
3688,1080,2114
3677,1133,2092
3667,1049,2045
3736,1102,2098
3655,1095,2067
3696,1065,2057
3716,1073,2087
3696,1095,2052
3697,1105,2024
3690,1098,2046
3704,1105,2071
3699,1071,2031
3712,1072,2030
3741,1072,2097
3709,1073,2072
3713,1053,2054
3714,1074,2103
3679,1069,2147
3687,1053,1977
3701,1072,2056
3709,1059,2001
3728,1031,2036
3715,1059,2112
3689,1054,2040
3689,1092,2030
3686,1090,2016
3691,1083,2029
3722,1089,2145
3718,1058,2007
3734,1072,1999
3697,1087,2058
3705,1065,2001
3695,1059,2046
3724,1073,2051
3713,1050,2097
3684,1029,2040
3700,1046,2040
3742,1042,2014
3698,1044,2103
3687,1047,2051
3682,1065,2008
3683,1057,2006
3700,1030,2124
3720,1016,2070
3720,1014,2012
3721,1041,2088
3726,1042,2081
3696,1011,2024
3680,1038,2002
3709,1065,2069
3714,1030,2041
3712,1057,2021
3722,1059,1989
3695,1094,2041
3691,1086,2062
3699,1030,2087
3702,1061,1959
3675,1071,2050
3715,1061,2035
3720,1032,2009
3696,1043,2044
3691,1052,1974
3697,1056,2039
3660,1040,1981
3682,1064,2057
3687,1047,1953
3677,1076,2056
3695,1051,1988
3705,1015,1982
3681,1043,2087
3691,1073,2046
3664,1006,1999
3693,1046,1979
3715,1064,2002
3668,1050,2017
3690,1075,2034
3702,1066,2049
3670,1049,2048
3660,1067,1933
3700,1035,2024
3681,1040,2008
3716,1033,1904
3709,1041,1933
3713,1044,1904
3679,1062,2078
3697,1004,2102
3690,1026,2038
3679,1036,2058
3653,1047,2064
3702,1024,2005
3673,1041,1997
3690,1031,2034
3717,1055,1983
3689,1003,2058
3672,1044,2035
3663,1002,2083
3650,1033,2051
3701,1007,2078
3711,1079,1994
3720,1054,2096
3697,1076,2085
3710,1011,2059
3714,1013,2070
3742,1000,1950
3733,999,2026
3721,978,2003
3715,981,2089
3703,978,2032
3721,976,1923
3707,937,1968
3700,965,1968
3711,968,2011
3721,950,1990
3700,942,1984
3713,968,2043
3691,965,2011
3715,946,1977
3744,970,1851
3759,964,1979
3726,928,1988
3730,944,2035
3743,958,1941
3736,914,1930
3761,948,1934
3757,938,1951
3757,960,1973
3738,928,1920
3729,917,1963
3723,914,1963
3739,915,1987
3737,906,1991
3701,927,1962
3761,932,2036
3769,928,2000
3729,925,1972
3754,941,1944
3749,922,2018
3704,931,2024
3726,912,2022
3748,898,1982
3726,930,1992
3748,915,2018
3726,914,2006
3761,938,1950
3758,928,1965
3781,912,1995
3718,915,1991
3723,927,1983
3757,925,2080
3728,923,1984
3742,924,2001
3723,937,2003
3729,909,1939
3727,904,1813
3727,904,2004
3745,923,1906
3732,900,1891
3766,908,1948
3772,909,1940
3715,919,1933
3780,898,1930
3783,850,1991
3773,894,1887
3776,867,1940
3801,863,2031
3760,891,1958
3793,889,2035
3792,883,1928
3766,892,1979
3776,880,1988
3764,877,2004
3770,859,1991
3808,913,1974
3772,902,2006
3776,855,2011
3734,870,1946
3743,869,1994
3741,867,1953
3754,883,1942
3752,871,1961
3753,857,1946
3757,876,1948
3754,839,1913
3768,828,1920
3738,851,1937
3739,826,1958
3741,856,1848
3740,855,1942
3738,852,1826
3747,821,1923
3742,852,1874
3764,819,1946
3784,831,1953
3770,819,1911
3772,837,1854
3757,824,1957
3765,855,1886
3801,858,1867
3764,846,1921
3799,878,1941
3764,886,1914
3738,870,2029
3785,851,1959
3774,858,1935
3781,864,2024
3778,871,2001
3772,815,1971
3750,882,1859
3784,861,1904
3755,866,1971
3733,878,1962
3748,833,1975
3743,841,1972
3768,839,1899
3750,883,2014
3757,857,1993
3772,863,1903
3751,854,1976
3762,838,2001
3760,910,1969
3747,893,1968
3761,882,1983
3791,887,1993
3774,893,1957
3758,889,2031
3782,890,1905
3778,875,2033
3743,880,1967
3752,875,1983
3765,899,1947
3753,852,1939
3794,875,2059
3786,906,2019
3756,843,1952
3782,865,1905
3707,878,1997
3733,848,1971
3766,900,2068
3783,885,2052
3777,890,2027
3780,872,2061
3760,831,1951
3740,884,2008
3727,878,1961
3746,865,2072
3764,878,2059
3737,857,2088
3749,840,2044
3763,831,1991
3735,825,2075
3748,832,2056
3724,852,2019
3740,881,1947
3712,861,2102
3757,862,2058
3740,881,2072
3738,863,2114
3690,879,2063
3696,854,2141
3720,872,2062
3716,845,2055
3707,848,1972
3720,865,2100
3708,871,2112
3732,895,2047
3712,853,2137
3745,878,2070
3726,875,2100
3711,897,2092
3739,894,2054
3730,912,2033
3732,858,2106
3694,859,2106
3724,841,2092
3717,881,2049
3731,898,2122
3718,878,2101
3718,866,2007
3712,876,2114
3743,882,2018
3718,943,2083
3716,912,2129
3722,936,2123
3780,916,2058
3716,878,2040
3717,885,2047
3701,912,2093
3688,956,2149
3692,956,2153
3688,972,2114
3629,993,2097
3664,1034,2143
3631,1098,2108
3630,1092,2146
3608,1154,2087
3627,1183,2126
3611,1194,2150
3646,1165,2156
3673,1155,2140
3624,1137,2231
3582,1121,2165
3576,1078,2238
3601,1022,2274
3592,998,2302
3575,961,2354
3600,936,2419
3545,950,2365
3537,919,2461
3513,931,2493
3489,908,2565
3496,859,2548
3496,835,2583
3471,817,2579
3489,792,2562
3505,741,2531
3513,743,2544
3528,689,2504
3518,651,2513
3519,671,2496
3508,621,2620
3525,608,2530
3515,587,2642
3544,549,2556
3534,545,2581
3566,516,2505
3562,481,2561
3598,467,2572
3629,452,2418
3603,436,2425
3589,505,2413
3627,478,2477
3610,499,2387
3598,482,2482
3595,474,2325
3591,533,2471
3603,615,2438
3597,652,2409
3574,693,2438
3600,706,2452
3564,676,2435
3583,615,2414
3598,628,2458
3600,618,2400
3626,635,2344
3636,692,2355
3619,728,2297
3610,804,2282
3614,807,2313
3624,868,2339
3576,916,2385
3559,956,2290
3599,1031,2186
3542,1029,2322
3512,1084,2364
3471,1103,2369
3427,1159,2372
3388,1205,2429
3365,1278,2496
3366,1310,2461
3359,1372,2512
3384,1403,2285
3376,1500,2319
3335,1476,2311
3336,1529,2400
3354,1540,2299
3415,1564,2235
3388,1512,2251
3418,1517,2275
3465,1505,2227
3425,1467,2189
3446,1437,2236
3446,1390,2314
3470,1382,2257
3475,1341,2289
3450,1340,2230
3466,1336,2306
3487,1389,2249
3498,1406,2206
3452,1430,2176
3457,1438,2276
3488,1431,2198
3481,1412,2255
3472,1410,2247
3491,1384,2247
3477,1361,2235
3493,1301,2279
3526,1262,2327
3518,1233,2155
3519,1204,2290
3519,1231,2311
3495,1186,2354
3515,1158,2418
3512,1114,2491
3471,1052,2443
3493,1021,2466
3497,958,2508
3499,891,2380
3527,827,2440
3539,752,2436
3553,718,2370
3575,666,2392
3582,720,2420
3605,753,2364
3610,829,2363
3618,920,2310
3636,978,2257
3578,1011,2286
3587,1076,2278
3608,1124,2229
3572,1179,2269
3520,1185,2323
3494,1146,2406
3506,1151,2455
3511,1122,2402
3551,1041,2347
3598,1035,2300
3625,998,2259
3664,941,2237
3665,868,2235
3638,850,2242
3631,809,2287
3663,785,2258
3636,782,2315
3631,815,2159
3648,870,2219
3656,903,2178
3627,916,2200
3575,1006,2299
3496,1007,2443
3531,1000,2396
3483,1025,2443
3430,1070,2530
3426,1120,2379
3432,1178,2442
3453,1202,2362
3496,1197,2317
3509,1200,2343
3478,1194,2293
3514,1216,2247
3569,1218,2291
3589,1210,2191
3587,1184,2222
3588,1179,2200
3558,1172,2167
3572,1199,2237
3548,1161,2288
3561,1143,2180
3567,1138,2310
3528,1161,2266
3561,1181,2262
3586,1171,2176
3605,1168,2171
3617,1157,2112
3591,1164,2203
3597,1177,2138
3580,1195,2205
3588,1214,2134
3640,1202,2174
3568,1186,2163
3594,1213,2060
3639,1188,2010
3620,1158,2126
3635,1150,2016
3665,1138,2064
3633,1108,2077
3649,1086,2162
3621,1059,2230
3618,972,2280
3633,936,2233
3649,867,2305
3642,833,2315
3683,750,2230
3694,736,2185
3725,757,2164
3751,771,2171
3718,857,2226
3707,921,2101
3716,925,2023
3700,934,2091
3695,952,2047
3712,967,2174
3662,937,2154
3644,875,2222
3618,913,2298
3627,872,2303
3613,835,2228
3659,829,2078
3678,801,2150
3679,820,2047
3731,720,2104
3726,759,2065
3715,718,2127
3715,722,2115
3698,757,2129
3656,772,2184
3662,784,2128
3628,789,2167
3650,800,2174
3613,843,2221
3602,853,2189
3551,878,2350
3536,869,2400
3542,904,2409
3504,893,2393
3463,947,2408
3450,976,2454
3467,1004,2381
3462,1014,2380
3499,1027,2358
3519,1051,2338
3499,1031,2284
3556,1031,2233
3579,1015,2128
3609,1022,2070
3633,968,2141
3636,995,2115
3623,978,2122
3584,996,2174
3583,1031,2188
3577,1034,2198
3542,1007,2264
3531,1035,2306
3563,1037,2078
3537,1021,2267
3550,1006,2221
3556,1014,2218
3575,984,2161
3572,998,2152
3576,995,2168
3556,962,2145
3605,941,2114
3623,896,2108
3647,831,2106
3623,855,2197
3611,789,2179
3570,753,2208
3560,750,2358
3546,674,2328
3562,618,2422
3537,588,2497
3532,516,2394
3594,523,2483
3602,506,2375
3606,495,2337
3609,481,2329
3645,523,2237
3634,519,2241
3663,553,2233
3678,602,2218
3679,635,2123
3650,663,2192
3667,684,2142
3663,641,2158
3667,666,2193
3624,605,2376
