4785,-2466,217
4635,-2456,297
4486,-2414,379
4329,-2350,469
4189,-2288,543
4051,-2253,568
3918,-2213,549
3801,-2174,524
3699,-2111,491
3606,-2007,466
3525,-1848,449
3455,-1654,437
3396,-1400,448
3342,-1132,454
3308,-894,451
3301,-671,463
3320,-474,490
3355,-312,522
3408,-188,553
3477,-91,603
3546,-8,648
3608,36,668
3674,44,666
3729,20,653
3782,-26,633
3830,-90,613
3876,-169,599
3925,-247,601
3969,-313,618
4005,-369,640
4037,-422,663
4048,-451,684
4033,-468,702
4002,-474,708
3953,-470,711
3893,-440,721
3830,-413,731
3763,-369,745
3693,-306,773
3622,-235,802
3562,-165,823
3519,-108,838
3496,-61,866
3489,-2,905
3488,65,934
3504,118,953
3536,153,957
3585,139,948
3647,97,921
3702,59,881
3744,30,821
3775,13,763
3795,11,734
3813,27,745
3839,59,813
3883,87,926
3939,97,1033
3994,86,1116
4039,62,1166
4070,34,1192
4088,8,1207
4115,-27,1241
4147,-68,1294
4191,-112,1358
4229,-152,1405
4245,-179,1389
4227,-189,1315
4196,-193,1228
4153,-188,1171
4113,-174,1150
4064,-145,1136
4013,-94,1142
3957,-29,1170
3911,64,1216
3884,167,1279
3872,258,1353
3875,330,1417
3891,377,1455
3917,398,1463
3955,404,1462
4007,393,1470
4054,386,1477
4090,373,1476
4129,354,1487
4161,327,1524
4190,307,1583
4205,276,1641
4200,228,1685
4182,162,1723
4178,70,1771
4190,-35,1837
4221,-146,1911
4261,-249,1965
4298,-362,1968
4321,-477,1883
4312,-595,1694
4278,-708,1444
4238,-795,1202
4202,-851,1010
4173,-863,872
4151,-839,731
4125,-787,529
4074,-695,287
3996,-563,43
3911,-409,-189
3827,-268,-418
3767,-188,-643
3728,-170,-863
3731,-203,-1049
3774,-271,-1177
3851,-366,-1244
3948,-489,-1299
4041,-637,-1345
4146,-797,-1351
4263,-976,-1311
4395,-1171,-1254
4536,-1366,-1167
4711,-1577,-1052
4886,-1811,-953
5058,-2069,-895
5212,-2329,-896
5356,-2593,-950
5488,-2825,-1008
5621,-3039,-1022
5751,-3226,-950
5876,-3386,-802
5897,-3457,-621
5780,-3329,-404
5619,-3199,-238
5439,-3108,-141
5243,-3024,-101
5016,-2927,-84
4759,-2791,-73
4495,-2584,-61
4230,-2304,-38
3968,-1962,-20
3714,-1540,1
3494,-1071,11
3329,-630,1
3212,-185,-29
3160,212,-100
3171,559,-168
3251,875,-221
3403,1162,-250
3614,1412,-234
3857,1598,-204
4120,1694,-173
4401,1675,-109
4667,1563,-22
4886,1381,77
5043,1175,166
5135,965,246
5152,763,328
5111,557,401
5022,346,468
4906,132,544
4771,-86,611
4608,-286,665
4447,-476,700
4288,-646,718
4133,-781,716
3969,-851,712
3802,-881,709
3640,-893,697
3506,-882,696
3389,-846,693
3297,-797,689
3228,-735,686
3178,-662,690
3150,-596,678
3150,-538,666
3169,-482,669
3199,-434,690
3228,-400,724
3258,-382,758
3289,-374,783
3326,-372,795
3368,-373,798
3414,-362,799
3470,-343,805
3530,-310,815
3582,-263,838
3624,-208,867
3659,-163,904
3686,-124,938
3708,-93,978
3713,-70,1021
3715,-53,1060
3706,-51,1090
3683,-54,1111
3651,-64,1112
3602,-81,1107
3546,-102,1094
3496,-124,1091
3451,-135,1096
3414,-138,1118
3386,-134,1156
3358,-133,1196
3325,-147,1209
3285,-193,1192
3251,-258,1150
3234,-329,1092
3235,-399,1031
3250,-472,962
3262,-535,886
3283,-594,798
3299,-642,707
3327,-673,646
3368,-685,636
3440,-700,663
3542,-733,718
3674,-768,794
3814,-823,863
3959,-904,923
4091,-989,959
4212,-1068,977
4313,-1139,990
4391,-1211,997
4459,-1278,1008
4520,-1338,1037
4583,-1385,1095
4648,-1421,1193
4715,-1424,1320
4770,-1397,1457
4806,-1342,1595
4804,-1261,1721
4746,-1149,1821
4622,-1026,1833
4429,-896,1758
4196,-759,1620
3934,-635,1418
3672,-518,1187
3432,-405,955
3265,-307,754
3189,-235,607
3214,-206,488
3361,-233,412
3625,-333,383
3978,-497,414
4406,-680,514
4885,-874,610
5394,-1083,662
5906,-1320,655
6402,-1581,594
6862,-1877,492
7264,-2148,381
7541,-2371,247
7662,-2501,134
7578,-2470,94
7269,-2295,164
6820,-2107,306
6296,-1928,428
5734,-1758,498
5187,-1593,540
4685,-1466,557
4269,-1380,548
3939,-1342,525
3668,-1315,489
3423,-1261,437
3191,-1186,380
2976,-1093,327
2774,-988,271
2578,-863,200
2394,-718,120
2230,-567,36
2086,-385,-42
1971,-191,-125
1897,-2,-198
1863,190,-262
1877,368,-318
1967,480,-368
2126,503,-401
2328,445,-414
2560,338,-406
2817,200,-393
3079,59,-376
3325,-78,-349
3545,-232,-319
3738,-402,-278
3900,-601,-226
4033,-848,-171
4159,-1125,-118
4271,-1393,-59
4367,-1670,2
4450,-1943,69
4516,-2196,150
4557,-2414,230
4572,-2573,311
4563,-2672,401
4516,-2682,496
4431,-2634,570
4324,-2551,616
4198,-2446,644
4059,-2353,645
3909,-2255,618
3766,-2145,569
3627,-2022,509
3503,-1900,460
3406,-1780,423
3330,-1649,408
3284,-1480,418
3257,-1262,449
3249,-1052,471
3244,-830,485
3253,-617,493
3279,-438,491
3312,-283,473
3355,-167,446
3414,-103,433
3495,-83,435
3582,-97,428
3658,-126,412
3717,-163,390
3766,-207,364
3803,-252,340
3824,-298,331
3837,-344,333
3847,-391,355
3850,-428,383
3855,-469,419
3851,-515,444
3842,-567,458
3816,-609,463
3792,-640,467
3767,-642,475
3743,-627,479
3723,-610,471
3711,-568,471
3708,-516,466
3714,-459,468
3735,-407,473
3773,-370,477
3831,-337,490
3907,-309,508
3985,-277,529
4056,-249,552
4126,-225,573
4193,-208,587
4249,-188,600
4291,-166,620
4314,-159,629
4318,-154,624
4305,-163,603
4283,-174,590
4257,-173,604
4237,-168,648
4223,-174,715
4213,-184,789
4215,-202,866
4203,-217,938
4184,-231,997
4159,-246,1038
4129,-249,1059
4081,-254,1056
4017,-260,1036
3946,-263,1012
3885,-269,1007
3828,-272,1016
3774,-261,1032
3729,-245,1046
3689,-213,1062
3653,-185,1078
3629,-158,1090
3604,-130,1081
3582,-102,1045
3561,-78,999
3552,-58,965
3568,-39,945
3600,-16,941
3652,24,958
3724,55,995
3815,95,1056
3921,144,1139
4027,193,1233
4123,230,1306
4201,252,1340
4261,256,1340
4304,256,1342
4337,246,1360
4358,240,1377
4371,229,1386
4372,210,1383
4374,189,1395
4384,160,1430
4399,126,1489
4432,74,1550
4459,16,1579
4478,-53,1563
4482,-119,1512
4471,-212,1421
4465,-311,1326
4467,-403,1233
4468,-484,1120
4472,-548,990
4470,-583,835
4458,-593,646
4428,-571,447
4387,-524,272
4354,-452,135
4317,-366,32
4291,-277,-66
4280,-217,-177
4274,-204,-317
4275,-242,-474
4273,-322,-638
4272,-406,-785
4281,-500,-914
4294,-613,-1037
4302,-731,-1127
4329,-845,-1158
4366,-963,-1146
4418,-1085,-1094
4476,-1205,-1012
4550,-1327,-893
4629,-1452,-722
4703,-1595,-561
4758,-1752,-430
4800,-1914,-356
4821,-2071,-316
4822,-2215,-317
4807,-2332,-330
4769,-2418,-329
4667,-2384,-292
4544,-2277,-199
4449,-2138,-64
4380,-1998,92
4325,-1879,232
4279,-1768,331
4218,-1648,380
4142,-1529,396
4040,-1375,387
3919,-1204,351
3796,-1006,311
3685,-781,273
3596,-524,243
3535,-240,215
3523,58,205
3551,371,196
3614,682,185
3682,998,170
3772,1267,146
3892,1475,128
4031,1604,120
4230,1605,152
4464,1542,224
4693,1429,279
4908,1297,298
5085,1158,270
5187,1031,209
5206,903,146
5182,762,141
5120,572,177
5032,342,232
4909,112,279
4750,-82,310
4565,-255,330
4373,-407,366
4204,-540,420
4056,-642,483
3918,-709,541
3803,-759,583
3704,-801,595
3633,-845,581
3574,-879,555
3533,-896,524
3509,-904,495
3502,-900,478
3508,-887,470
3524,-861,482
3544,-817,504
3574,-776,532
3605,-731,552
3636,-681,567
3667,-618,577
3694,-554,576
3713,-495,576
3738,-440,590
3761,-393,596
3774,-343,592
3780,-299,584
3785,-252,580
3786,-212,577
3792,-174,592
3793,-141,617
3785,-120,641
3771,-101,679
3758,-95,728
3735,-95,783
3709,-94,847
3682,-99,887
3638,-115,897
3589,-130,899
3538,-141,883
3492,-148,859
3449,-137,830
3425,-119,808
3412,-92,793
3410,-54,799
3423,-22,802
3457,9,819
3508,40,836
3570,62,838
3643,71,829
3722,70,820
3796,61,800
3868,46,768
3919,28,703
3952,10,616
3980,-2,545
4014,-1,511
4053,6,508
4092,14,539
4146,32,586
4209,48,648
4276,60,706
4338,56,736
4391,49,749
4446,23,749
4488,-7,751
4519,-49,743
4545,-97,737
4557,-152,737
4565,-207,750
4563,-264,767
4543,-339,766
4501,-426,742
4441,-510,696
4371,-586,632
4299,-649,576
4219,-694,536
4147,-732,510
4062,-758,472
3977,-754,441
3904,-715,419
3868,-667,409
3866,-617,403
3893,-563,385
3934,-515,325
3971,-489,213
4014,-473,65
4057,-463,-106
4106,-459,-270
4180,-454,-420
4290,-451,-550
4427,-460,-660
4614,-487,-730
4802,-524,-833
4980,-572,-941
5142,-636,-1043
5285,-738,-1144
5394,-852,-1218
5463,-976,-1278
5489,-1101,-1320
5468,-1209,-1357
5405,-1290,-1384
5304,-1347,-1386
5155,-1371,-1373
4976,-1339,-1326
4783,-1286,-1267
4589,-1221,-1196
4390,-1152,-1120
4218,-1088,-1031
4062,-1042,-936
3931,-1006,-856
3824,-983,-784
3735,-947,-732
3653,-879,-706
3569,-765,-687
3483,-614,-652
3395,-437,-606
3309,-242,-570
3215,-31,-557
3133,167,-556
3062,355,-553
3001,522,-533
2963,669,-505
2949,782,-489
2971,845,-501
3034,838,-531
3124,801,-560
3235,730,-591
3368,643,-618
3509,540,-632
3657,440,-631
3807,340,-614
3953,231,-586
4099,128,-549
4251,34,-501
4401,-61,-464
4537,-154,-438
4650,-260,-421
4744,-383,-412
4792,-510,-414
4801,-628,-438
4765,-731,-464
4694,-817,-502
4615,-891,-535
4536,-949,-553
4455,-968,-550
4381,-969,-536
4305,-949,-503
4237,-917,-468
4170,-888,-433
4109,-854,-405
4045,-812,-378
3979,-763,-352
3914,-707,-323
3854,-643,-300
3805,-581,-283
3760,-509,-278
3725,-441,-291
3694,-377,-318
3664,-325,-362
3640,-271,-411
3632,-217,-454
3634,-161,-475
3647,-102,-482
3677,-74,-483
3724,-61,-490
3782,-61,-502
3842,-77,-514
3902,-104,-525
3959,-139,-540
4017,-191,-564
4062,-255,-585
4108,-334,-598
4150,-417,-597
4184,-503,-580
4212,-582,-551
4225,-656,-520
4231,-723,-502
4235,-788,-493
4238,-840,-482
4238,-887,-473
4235,-916,-474
4230,-934,-482
4224,-931,-490
4219,-915,-482
4219,-872,-463
4224,-821,-428
4231,-781,-394
4235,-731,-373
4236,-694,-361
4229,-652,-354
4223,-612,-358
4200,-629,-388
4192,-611,-392
4183,-559,-394
4172,-505,-408
4152,-451,-432
4129,-406,-462
4115,-377,-480
4109,-347,-483
4105,-325,-473
4102,-312,-455
4104,-298,-438
4108,-290,-421
4109,-293,-408
4110,-300,-405
4103,-306,-402
4099,-318,-397
4086,-326,-399
4069,-327,-400
4049,-331,-400
4028,-329,-406
4007,-330,-405
3999,-325,-397
3998,-309,-381
4007,-290,-356
4029,-274,-352
4045,-267,-361
4055,-254,-380
4064,-248,-392
4079,-239,-391
4094,-223,-376
4119,-204,-344
4150,-176,-308
4186,-148,-285
4228,-131,-281
4264,-121,-308
4288,-118,-357
4307,-118,-415
4312,-120,-469
4307,-114,-501
4301,-107,-506
4293,-86,-476
4288,-57,-426
4289,-29,-374
4286,-19,-332
4281,-26,-308
4276,-63,-298
4261,-102,-299
4250,-153,-301
4237,-203,-298
4232,-249,-301
4223,-280,-297
4222,-302,-280
4221,-314,-250
4228,-311,-214
4239,-311,-174
4252,-323,-140
4265,-331,-135
4263,-338,-161
4250,-347,-206
4228,-342,-266
4199,-327,-334
4170,-310,-394
4141,-271,-451
4119,-224,-497
4102,-188,-521
4090,-169,-547
4082,-156,-572
4073,-150,-597
4059,-147,-614
4043,-155,-612
4039,-196,-605
4040,-253,-587
4034,-306,-572
4020,-370,-560
4002,-436,-540
3984,-506,-512
3961,-571,-479
3937,-641,-435
3927,-718,-381
3928,-797,-329
3938,-869,-297
3960,-926,-293
3999,-967,-304
4044,-982,-337
4080,-967,-405
4120,-953,-516
4157,-948,-650
4190,-946,-771
4228,-951,-862
4274,-950,-902
4345,-967,-889
4430,-990,-826
4514,-1023,-733
4593,-1072,-623
4652,-1121,-522
4696,-1184,-445
4710,-1247,-394
4692,-1298,-352
4654,-1340,-299
4605,-1372,-239
4543,-1397,-168
4478,-1400,-84
4416,-1409,-13
4347,-1409,24
4290,-1381,63
4235,-1318,83
4185,-1232,90
4142,-1124,76
4095,-1006,34
4044,-882,-31
4006,-748,-89
3995,-608,-114
4025,-468,-87
4081,-342,-29
4165,-244,28
4260,-176,65
4349,-142,70
4442,-144,60
4534,-174,40
4618,-226,5
4689,-292,-36
4755,-356,-44
4816,-413,-23
4867,-460,21
4891,-510,51
4889,-562,57
4849,-615,41
4781,-650,25
4691,-674,15
4582,-698,13
4462,-710,32
4337,-718,59
4217,-730,91
4100,-741,125
3994,-761,163
3885,-776,196
3787,-785,227
3697,-805,252
3610,-819,265
3533,-842,267
3459,-868,263
3388,-894,255
3327,-914,241
3269,-922,226
3221,-914,212
3200,-901,225
3190,-870,255
3205,-830,297
3229,-787,333
3265,-744,355
3314,-706,372
3369,-668,383
3425,-630,391
3484,-593,398
3543,-551,413
3594,-513,424
3643,-483,431
3683,-464,434
3718,-453,430
3740,-446,427
3756,-438,418
3761,-425,407
3763,-415,396
3757,-410,384
3744,-408,375
3731,-400,365
3717,-389,360
3707,-386,369
3690,-385,384
3682,-389,415
3677,-399,454
3677,-413,498
3679,-434,548
3675,-447,594
3672,-459,647
3661,-469,697
3644,-469,729
3621,-470,742
3603,-462,745
3588,-452,753
3593,-446,762
3588,-450,777
3575,-451,788
3571,-460,785
3581,-480,770
3596,-500,759
3615,-522,760
3641,-545,764
3672,-567,771
3702,-591,768
3732,-617,755
3766,-646,740
3795,-674,721
3815,-719,700
3839,-766,683
3856,-809,660
3871,-848,636
3891,-897,604
3914,-950,574
3948,-990,561
3993,-1019,579
4048,-1029,611
4115,-1028,653
4190,-1020,690
4276,-1016,726
4368,-1010,760
4455,-1018,795
4532,-1026,830
4592,-1029,864
4631,-1028,891
4648,-1022,914
4635,-1007,920
4582,-973,919
4509,-920,927
4412,-846,953
4310,-757,1008
4233,-683,1096
4160,-591,1195
4090,-500,1263
4025,-420,1290
3956,-335,1291
3880,-242,1241
3796,-185,1122
3722,-153,954
3683,-134,777
3740,-152,640
3863,-186,543
4032,-241,483
4249,-330,446
4503,-453,401
4791,-629,357
5081,-841,296
5361,-1059,213
5647,-1294,126
5940,-1558,73
6238,-1822,61
6506,-2056,131
6715,-2242,245
6835,-2368,369
6832,-2418,479
6662,-2372,566
6350,-2246,623
5930,-2107,614
5451,-1984,549
4972,-1909,439
4514,-1845,298
4084,-1786,154
3696,-1722,31
3356,-1651,-78
3054,-1575,-156
2781,-1507,-192
2537,-1428,-194
2332,-1336,-182
2169,-1232,-175
2041,-1109,-179
1951,-968,-192
1904,-818,-218
1893,-670,-254
1925,-530,-301
2002,-413,-346
2126,-330,-394
2284,-330,-439
2473,-375,-471
2689,-440,-476
2926,-519,-458
3180,-611,-413
3447,-715,-349
3722,-834,-271
3984,-968,-187
4237,-1130,-108
4465,-1325,-52
4672,-1544,-6
4835,-1750,27
4955,-1939,60
5029,-2094,112
5048,-2209,173
5014,-2287,240
4939,-2332,293
4832,-2347,321
4696,-2333,356
4546,-2276,404
4387,-2198,448
4238,-2101,462
4103,-2002,448
3979,-1921,387
3862,-1826,310
3762,-1679,250
3663,-1468,211
3574,-1199,203
3499,-922,223
3435,-657,254
3383,-417,294
3347,-226,335
3339,-72,362
3343,51,377
3365,132,378
3396,161,374
3434,166,365
3487,129,365
3557,64,374
3640,-14,395
3729,-97,413
3808,-193,416
3870,-300,383
3910,-418,332
3929,-545,288
3937,-673,275
3946,-812,291
3947,-946,310
3927,-1061,328
3898,-1141,344
3857,-1202,358
3812,-1224,402
3763,-1244,440
3721,-1249,483
3688,-1227,541
3654,-1186,602
3633,-1150,673
3612,-1082,754
3596,-975,847
3590,-862,922
3583,-750,975
3566,-650,1005
3547,-550,1026
3525,-422,1051
3497,-283,1051
3462,-132,1025
3416,17,982
3378,169,933
3338,327,905
3309,471,904
3303,609,932
3319,708,968
3358,750,997
3408,723,1016
3473,645,1025
3544,555,1024
3618,471,1047
3703,392,1096
3802,324,1180
3904,265,1269
4001,201,1328
4097,120,1352
4191,41,1344
4277,-42,1318
4353,-132,1290
4418,-208,1272
4475,-289,1257
4519,-336,1261
4542,-344,1288
4537,-324,1314
4510,-288,1332
4459,-237,1361
4398,-182,1385
4327,-122,1411
4255,-87,1432
4192,-58,1445
4140,-37,1457
4084,-8,1475
4039,12,1488
4002,31,1506
3984,34,1544
3984,32,1605
3997,37,1670
4015,43,1718
4046,32,1758
4077,12,1797
4123,-35,1834
4186,-109,1865
4255,-191,1863
4327,-286,1810
4392,-414,1663
4432,-557,1423
4452,-705,1148
4459,-826,906
4470,-917,722
4484,-981,558
4484,-1010,369
4447,-991,147
4366,-923,-102
4253,-799,-327
4130,-629,-512
4011,-477,-685
3906,-370,-868
3830,-332,-1049
3790,-344,-1215
3784,-407,-1349
3809,-504,-1450
3858,-626,-1492
3945,-746,-1436
4057,-881,-1342
4185,-1024,-1249
4329,-1175,-1156
4472,-1321,-1052
4637,-1462,-916
4821,-1618,-781
5005,-1797,-681
5179,-1987,-657
5328,-2183,-677
5468,-2388,-714
5609,-2615,-726
5721,-2810,-699
5767,-2904,-621
5745,-2873,-481
5690,-2765,-303
5604,-2639,-155
5480,-2522,-58
5307,-2410,23
5093,-2299,92
4859,-2179,123
4609,-2000,101
4365,-1762,45
4158,-1472,5
3974,-1146,-8
3809,-764,9
3667,-360,22
3560,38,1
3506,372,-55
3492,700,-96
3531,936,-115
3627,1104,-85
3763,1199,-28
3941,1162,29
4160,1061,126
4375,956,228
4562,842,295
4684,743,314
4760,662,314
4779,584,317
4733,510,336
4645,411,393
4521,288,464
4391,126,546
4255,-39,633
4140,-211,714
4024,-356,796
3910,-478,858
3797,-587,903
3699,-678,923
3604,-736,927
3498,-754,928
3396,-754,930
3309,-741,932
3237,-715,929
3180,-680,916
3150,-634,901
3147,-580,882
3161,-514,872
3190,-435,860
3229,-354,851
3275,-278,833
3327,-212,810
3380,-148,792
3421,-79,785
3462,-28,787
3493,22,804
3520,52,820
3542,74,849
3551,92,890
3549,97,931
3535,89,964
3516,79,996
3485,59,1017
3442,46,1039
3382,29,1046
3334,5,1051
3290,-11,1052
3243,-21,1048
3198,-30,1049
3155,-37,1032
3115,-53,1003
3079,-68,966
3067,-104,915
3059,-142,872
3052,-191,840
3051,-257,820
3075,-336,826
3110,-438,835
3150,-532,853
3207,-631,870
3286,-728,878
3359,-824,859
3427,-928,823
3479,-1027,775
3523,-1117,728
3573,-1192,722
3637,-1260,758
3715,-1317,824
3785,-1347,909
3843,-1364,996
3870,-1360,1066
3878,-1330,1127
3873,-1283,1187
3865,-1219,1258
3860,-1143,1345
3861,-1042,1441
3881,-924,1520
3903,-778,1590
3926,-605,1651
3947,-404,1713
3969,-209,1766
3997,-30,1797
4032,141,1810
4053,272,1783
4043,345,1651
4079,372,1517
4166,344,1347
4265,231,1050
4355,22,581
4487,-226,79
4742,-477,-252
5150,-690,-339
5707,-877,-232
6378,-1040,-21
7120,-1216,207
7861,-1451,361
8556,-1739,466
9157,-2045,536
9590,-2341,557
9757,-2558,533
9573,-2621,475
9027,-2478,411
8240,-2215,351
7309,-1952,278
6352,-1734,165
5422,-1558,44
4585,-1375,-30
3859,-1189,-14
3257,-1026,73
2764,-875,200
2354,-717,391
1973,-529,569
1622,-359,669
1264,-199,665
889,-27,570
550,135,427
282,295,282
93,475,145
12,671,19
88,855,-97
328,921,-247
667,917,-361
1096,852,-398
1589,730,-391
2143,574,-347
2727,391,-267
3338,163,-180
3923,-114,-90
4491,-490,-29
4992,-895,11
5428,-1358,22
5775,-1842,21
6000,-2277,13
6120,-2698,-5
6130,-3046,11
6057,-3291,91
5873,-3372,200
5578,-3267,348
5242,-3091,476
4896,-2898,589
4568,-2741,684
4278,-2613,761
4008,-2504,808
3758,-2393,820
3522,-2256,797
3310,-2098,760
3100,-1889,703
2920,-1637,655
2783,-1327,629
2675,-966,634
2599,-623,649
2545,-293,656
2507,27,662
2506,316,675
2546,579,685
2634,766,680
2767,877,667
2943,892,650
3139,812,619
3359,674,597
3579,525,579
3778,384,555
3940,247,522
4071,140,508
4168,41,530
4233,-61,566
4260,-164,591
4261,-258,601
4229,-353,584
4166,-437,577
4091,-517,584
4015,-590,599
3929,-650,602
3828,-711,592
3735,-755,586
3660,-796,580
3608,-833,574
3572,-850,578
3549,-836,575
3529,-791,567
3514,-727,550
3505,-646,528
3498,-560,511
3507,-477,499
3545,-397,511
3605,-318,544
3681,-213,622
3766,-140,708
3870,-100,796
3985,-92,889
4092,-85,994
4197,-82,1093
4293,-74,1183
4371,-43,1257
4425,-17,1297
4448,19,1319
4448,49,1343
4433,76,1375
4410,99,1410
4369,127,1400
4306,186,1333
4212,263,1229
4120,335,1131
4020,410,1080
3920,484,1071
3830,561,1090
3752,635,1112
3683,710,1124
3639,783,1149
3632,858,1193
3661,924,1246
3720,955,1284
3801,957,1318
3887,911,1330
3981,833,1336
4067,740,1339
4153,629,1336
4233,505,1308
4305,369,1257
4378,236,1187
4450,106,1106
4526,-4,1038
4610,-101,980
4698,-170,924
4783,-218,844
4860,-256,729
4919,-277,571
4951,-287,370
4942,-275,117
4897,-248,-168
4827,-218,-442
4740,-199,-679
4627,-212,-885
4491,-254,-1070
4353,-318,-1256
4225,-426,-1427
4099,-560,-1558
3971,-712,-1653
3858,-884,-1689
3788,-1078,-1624
3768,-1296,-1452
3808,-1538,-1206
3919,-1816,-896
4068,-2113,-615
4236,-2401,-433
4414,-2673,-346
4592,-2923,-319
4793,-3193,-310
4978,-3430,-297
5126,-3558,-250
5248,-3588,-164
5361,-3547,-62
5408,-3380,47
5365,-3116,121
5308,-2794,197
5248,-2493,242
5175,-2195,253
5086,-1897,247
4986,-1600,228
4878,-1319,171
4753,-1042,73
4605,-759,-89
4446,-470,-320
4294,-147,-528
4186,199,-656
4130,593,-657
4106,1021,-554
4106,1420,-390
4124,1748,-240
4150,1960,-148
4184,2004,-109
4269,1792,-112
4378,1513,-80
4462,1266,-24
4532,1037,32
4577,855,93
4579,720,128
4535,599,160
4453,486,189
4367,358,230
4276,203,282
4188,42,340
4108,-126,397
4043,-309,443
3980,-496,475
3912,-658,511
3853,-798,548
3800,-889,590
3726,-954,616
3650,-994,635
3583,-1018,650
3531,-1008,672
3484,-967,686
3447,-898,696
3409,-813,693
3386,-710,690
3374,-596,684
3380,-487,672
3402,-382,659
3430,-276,642
3468,-188,628
3505,-111,618
3541,-50,607
3563,16,603
3570,74,606
3568,127,613
3558,175,625
3536,215,635
3514,244,655
3492,263,684
3475,256,726
3451,217,757
3423,153,769
3397,77,774
3372,-6,762
3353,-86,756
3353,-160,759
3350,-227,752
3356,-294,737
3365,-360,710
3377,-427,684
3396,-493,662
3421,-550,645
3458,-602,640
3497,-647,631
3531,-691,622
3566,-728,611
3607,-770,607
3660,-814,623
3728,-867,659
3818,-920,722
3917,-961,786
4010,-1027,753
4094,-1139,594
4189,-1177,535
4308,-1162,598
4456,-1163,746
4614,-1186,896
4744,-1197,1013
4812,-1184,1093
4804,-1163,1133
4732,-1146,1129
4607,-1145,1109
4440,-1145,1079
4252,-1123,1078
4046,-1063,1118
3837,-952,1216
3629,-802,1368
3425,-647,1478
3218,-503,1493
3001,-385,1367
2786,-290,1109
2583,-189,759
2415,-92,372
2309,17,32
2298,134,-200
2406,244,-308
2652,323,-304
3045,311,-233
3556,201,-158
4183,41,-102
4907,-145,-33
5709,-353,61
6572,-585,146
7447,-857,161
8280,-1149,89
9008,-1437,-22
9576,-1722,-239
9918,-1917,-515
9983,-1991,-750
9740,-1952,-888
9173,-1809,-889
8364,-1548,-747
7432,-1309,-630
6485,-1161,-599
5575,-1101,-635
4732,-1047,-714
3946,-974,-789
3238,-877,-780
2620,-732,-690
2097,-570,-572
1655,-379,-420
1238,-147,-272
882,86,-143
571,317,-46
306,537,0
70,753,19
-115,931,9
-226,1056,-26
-210,1093,-84
62,959,-96
462,769,-60
911,595,-26
1423,408,5
2001,230,62
2629,44,152
3270,-150,239
3880,-386,279
4450,-671,247
4945,-1011,157
5369,-1407,30
5707,-1815,-74
5940,-2216,-136
6063,-2545,-130
6091,-2801,-71
6042,-2985,5
5931,-3073,89
5687,-2971,142
5407,-2812,166
5138,-2634,189
4870,-2452,189
4615,-2295,177
4399,-2160,164
4227,-2043,134
4079,-1948,107
3951,-1829,101
3826,-1659,138
3703,-1436,193
3581,-1162,258
3458,-862,320
3339,-555,377
3221,-254,406
3109,-8,405
3003,200,402
2925,358,380
2871,498,353
2850,598,333
2873,653,319
2944,649,309
3056,580,291
3206,484,296
3359,384,307
3501,297,316
3619,223,307
3717,157,300
3803,93,295
3881,33,299
3957,-29,308
4020,-82,306
4064,-126,305
4089,-166,288
4104,-196,263
4116,-231,241
4124,-257,221
4135,-273,204
4148,-286,199
4165,-302,203
4179,-301,211
4193,-295,222
4204,-299,227
4212,-295,235
4215,-293,258
4218,-293,267
4217,-303,272
4208,-321,272
4192,-328,266
4166,-308,267
4139,-274,282
4119,-237,314
4100,-207,346
4078,-187,366
4057,-180,371
4033,-188,363
4014,-210,359
4002,-236,369
3994,-258,393
3991,-274,422
3994,-283,456
3997,-300,489
3997,-310,526
4001,-305,577
4017,-291,656
4041,-286,737
4071,-298,800
4099,-336,822
4132,-393,816
4167,-445,792
4196,-481,781
4224,-501,764
4245,-489,755
4255,-443,741
4260,-375,732
4263,-283,737
4262,-183,750
4265,-86,766
4266,15,778
4280,111,782
4303,200,790
4340,288,803
4382,356,826
4428,409,854
4472,456,879
4515,489,904
4543,510,915
4561,512,925
4560,514,944
4557,504,966
4543,492,994
4526,474,994
4514,446,993
4507,412,1008
4518,364,1032
4535,316,1039
4558,256,1021
4574,195,975
4602,127,904
4635,43,813
4675,-51,704
4714,-142,574
4737,-231,408
4742,-326,199
4721,-409,-33
4672,-478,-258
4606,-561,-475
4504,-640,-678
4363,-716,-857
4211,-791,-1013
4037,-848,-1140
3854,-893,-1257
3676,-958,-1361
3520,-1040,-1419
3395,-1144,-1404
3321,-1267,-1299
3308,-1425,-1134
3338,-1589,-949
3412,-1745,-773
3527,-1895,-629
3660,-2043,-534
3802,-2176,-504
3934,-2265,-512
4060,-2310,-520
4202,-2319,-486
4359,-2305,-403
4542,-2296,-290
4740,-2279,-175
4934,-2223,-82
5110,-2133,-18
5245,-2009,40
5316,-1831,94
5325,-1635,135
5311,-1437,195
5283,-1272,259
5253,-1131,319
5206,-1008,330
5129,-904,272
5008,-811,139
4842,-722,-50
4662,-604,-238
4498,-451,-360
4369,-244,-370
4273,7,-292
4211,282,-179
4165,550,-89
4127,777,-50
4093,927,-56
4071,997,-61
4073,982,-35
4107,882,19
4199,733,100
4289,585,158
4342,458,190
4358,374,209
4340,305,233
4302,231,265
4250,151,312
4195,71,387
4138,-16,467
4074,-112,547
3998,-218,607
3927,-362,643
3869,-501,667
3797,-621,674
3727,-725,667
3667,-814,667
3613,-876,670
3564,-900,670
3516,-892,672
3479,-858,674
3452,-809,668
3426,-753,663
3400,-689,656
3384,-618,644
3362,-550,620
3348,-488,595
3339,-437,564
3350,-383,532
3366,-333,517
3387,-281,515
3423,-231,509
3450,-173,530
3465,-119,575
3478,-79,617
3488,-56,655
3487,-54,708
3480,-63,759
3463,-80,811
3439,-103,857
3409,-129,898
3382,-150,944
3370,-171,1008
3358,-184,1062
3348,-201,1087
3327,-219,1083
3310,-245,1059
3288,-286,995
3267,-328,915
3264,-356,847
3276,-383,804
3318,-409,787
3386,-437,808
3478,-482,850
3576,-540,879
3670,-604,896
3756,-665,906
3833,-724,902
3910,-793,877
3980,-861,831
4041,-932,767
4085,-1025,690
4112,-1116,607
4122,-1206,544
4125,-1287,536
4128,-1364,576
4132,-1435,643
4124,-1458,717
4111,-1442,768
4080,-1405,800
4044,-1362,825
4003,-1298,857
3975,-1228,911
3965,-1163,975
3969,-1091,1043
3992,-1025,1107
4021,-956,1172
4054,-875,1233
4069,-791,1290
4068,-703,1335
4039,-611,1361
3989,-521,1351
3926,-419,1339
3869,-324,1350
3821,-251,1350
3790,-210,1296
3784,-210,1156
3815,-233,955
3890,-270,715
4016,-318,478
4236,-356,295
4580,-416,206
5039,-521,209
5589,-667,280
6173,-843,349
6762,-1023,383
7339,-1204,378
7878,-1383,346
8353,-1538,311
8684,-1653,307
8810,-1718,324
8672,-1709,336
8294,-1603,369
7697,-1454,405
6962,-1304,415
6175,-1197,341
5386,-1084,265
4652,-964,204
4011,-869,179
3472,-788,206
3000,-705,254
2586,-631,323
2213,-561,398
1843,-469,446
1488,-367,450
1163,-243,432
885,-103,387
673,56,310
549,220,203
507,391,92
586,549,-28
801,641,-154
1117,677,-250
1523,634,-304
1992,528,-341
2507,399,-329
3056,282,-255
3601,138,-139
4140,-60,-24
4635,-319,62
5071,-661,99
5420,-1040,90
5648,-1436,38
5747,-1796,-22
5744,-2133,-52
5648,-2422,-31
5493,-2653,33
5295,-2823,128
5046,-2861,247
4754,-2817,352
4457,-2726,462
4178,-2647,561
3915,-2568,665
3659,-2504,743
3420,-2451,781
3198,-2400,772
2994,-2309,727
2828,-2217,641
2691,-2099,538
2590,-1915,446
2549,-1652,416
2563,-1372,426
2619,-1047,465
2712,-717,485
2843,-412,502
3012,-187,514
3202,-14,515
3402,98,501
3596,160,482
3778,175,460
3941,157,447
4074,118,446
4159,79,451
4201,42,463
4211,5,476
4202,-42,487
4174,-93,501
4139,-143,515
4103,-186,539
4058,-233,566
4005,-278,603
3944,-327,638
3870,-357,656
3790,-380,653
3700,-385,647
3615,-382,638
3529,-362,627
3463,-326,629
3415,-275,642
3380,-187,678
3363,-84,732
3356,22,774
3373,110,814
3400,174,832
3438,203,827
3484,163,792
3541,100,758
3595,44,722
3649,0,687
3697,-27,651
3741,-23,642
3797,-22,651
3859,-21,677
3933,-26,744
4016,-49,840
4106,-89,932
4201,-143,1030
4293,-204,1109
4363,-267,1154
4400,-345,1141
4415,-431,1103
4404,-505,1050
4377,-558,1006
4346,-586,988
4307,-589,992
4267,-557,1018
4219,-507,1053
4161,-453,1080
4097,-391,1115
4021,-325,1177
3953,-268,1250
3873,-213,1292
3795,-156,1294
3721,-89,1278
3669,-23,1253
3643,58,1243
3648,149,1247
3689,244,1276
3766,350,1320
3864,460,1370
3972,569,1413
4074,647,1445
4169,702,1468
4258,725,1480
4341,709,1498
4426,672,1513
4501,609,1526
4577,520,1546
4647,421,1561
4704,317,1553
4734,220,1502
4740,108,1382
4711,-18,1212
4675,-133,1044
4642,-237,925
4630,-315,856
4641,-394,812
4668,-463,738
4683,-535,605
4673,-602,397
4628,-641,166
4546,-646,-51
4446,-637,-257
4343,-644,-473
4240,-666,-702
4144,-701,-909
4058,-766,-1081
4001,-832,-1197
3960,-904,-1271
3950,-996,-1287
3975,-1106,-1225
4017,-1234,-1128
4075,-1378,-1031
4137,-1536,-982
4201,-1697,-961
4272,-1846,-920
4349,-1998,-848
4438,-2172,-771
4540,-2365,-711
4646,-2534,-638
4749,-2671,-559
4855,-2774,-461
4954,-2848,-336
5056,-2884,-197
5097,-2834,-75
5011,-2684,-1
4902,-2503,65
4802,-2342,134
4715,-2214,182
4622,-2072,220
4529,-1920,266
4429,-1745,311
4322,-1536,327
4217,-1289,309
4132,-1025,278
4054,-687,262
3988,-324,233
3934,72,197
3908,473,155
3912,849,122
3938,1227,118
4012,1542,132
4106,1807,148
4226,2007,160
4365,2091,166
4543,1997,185
4730,1831,249
4891,1636,319
5012,1442,371
5084,1276,404
5079,1123,408
5014,979,410
4885,831,429
4728,665,479
4573,470,542
4423,258,615
4282,42,680
4166,-169,740
4059,-350,812
3957,-495,866
3857,-613,902
3751,-723,907
3651,-814,888
3556,-881,848
3472,-926,823
3406,-948,818
3346,-948,829
3302,-946,849
3276,-936,859
3272,-924,855
3278,-911,832
3290,-887,816
3312,-860,809
3337,-818,810
3368,-769,828
3404,-708,863
3440,-638,902
3486,-562,950
3529,-489,998
3573,-415,1038
3608,-350,1074
3632,-293,1097
3636,-235,1103
3619,-178,1104
3593,-128,1093
3551,-82,1076
3501,-43,1058
3438,-2,1032
3383,27,1006
3328,57,980
3280,73,958
3246,80,940
3222,75,925
3219,55,916
3234,26,916
3256,-31,893
3276,-115,850
3286,-205,821
3282,-277,797
3287,-341,787
3301,-386,794
3327,-421,812
3362,-453,841
3410,-476,882
3457,-513,910
3497,-570,910
3515,-640,891
3514,-718,846
3497,-799,783
3487,-868,727
3487,-921,688
3501,-956,668
3537,-966,676
3599,-955,701
3685,-928,751
3787,-892,805
3901,-865,849
4003,-836,901
4090,-807,949
4168,-778,993
4235,-745,1041
4287,-705,1091
4328,-660,1144
4364,-620,1195
4388,-577,1247
4402,-538,1299
4410,-499,1354
4398,-448,1418
4368,-385,1483
4321,-310,1542
4263,-219,1596
4192,-112,1665
4124,23,1757
4066,170,1896
4010,326,2038
3944,482,2127
3847,616,2117
3721,729,2004
3600,795,1815
3505,833,1605
3482,866,1436
3573,888,1361
3760,864,1350
3989,795,1358
4238,666,1305
4467,486,1151
4650,229,849
4774,-51,406
4955,-349,-3
5276,-617,-152
5650,-833,-92
6145,-1043,185
6706,-1282,574
7214,-1578,808
7590,-1933,731
7810,-2287,438
7901,-2572,127
7838,-2682,-43
7611,-2627,-25
7226,-2467,85
6684,-2260,114
6011,-2057,-12
5318,-1848,-203
4671,-1631,-387
4097,-1464,-505
3595,-1325,-553
3164,-1194,-551
2795,-1054,-466
2493,-886,-314
2250,-712,-176
2041,-522,-77
1864,-359,-30
1710,-198,-16
1581,-46,-44
1494,84,-94
1474,172,-164
1549,195,-243
1767,86,-306
2045,-86,-338
2362,-268,-327
2711,-448,-278
3071,-615,-209
3429,-771,-121
3763,-917,-35
4067,-1076,43
4348,-1252,105
4585,-1449,131
4782,-1667,113
4927,-1891,65
5015,-2099,-1
5044,-2285,-57
5016,-2432,-97
4945,-2533,-107
4834,-2586,-99
4698,-2572,-64
4542,-2500,-31
4378,-2416,-19
4227,-2318,-8
4078,-2237,-18
3950,-2170,-37
3839,-2089,-57
3748,-1990,-67
3659,-1833,-75
3582,-1637,-58
3536,-1380,14
3508,-1132,104
3493,-921,186
3475,-731,244
3446,-555,279
3422,-447,270
3409,-411,219
3405,-440,167
3422,-480,144
3458,-544,141
3534,-625,165
3628,-703,210
3735,-751,265
3840,-803,307
3929,-849,334
4002,-906,367
4051,-965,395
4075,-1023,421
4092,-1078,453
4102,-1119,478
4093,-1107,503
4058,-1063,518
4010,-1003,508
3940,-912,495
3873,-789,497
3817,-634,505
3787,-501,497
3768,-360,495
3768,-241,468
3777,-132,420
3798,-69,350
3826,-35,299
3864,-20,250
3908,-24,211
3969,-64,191
4032,-142,173
4098,-222,164
4155,-284,157
4206,-351,150
4252,-411,144
4297,-468,151
4332,-540,161
4346,-606,176
4348,-637,207
4332,-655,235
4304,-668,265
4281,-673,299
4254,-666,338
4225,-650,367
4205,-626,381
4186,-593,386
4158,-547,395
4129,-495,403
4091,-446,410
4043,-413,418
3983,-386,406
3917,-365,386
3851,-328,355
3786,-283,325
3738,-239,301
3710,-188,298
3707,-145,311
3727,-112,326
3755,-87,331
3800,-84,328
3856,-89,322
3916,-104,293
3985,-132,249
4046,-166,200
4096,-204,141
4138,-248,77
4172,-283,20
4196,-313,-42
4216,-341,-85
4234,-361,-114
4248,-373,-140
4271,-394,-163
4287,-414,-177
4307,-425,-192
4318,-428,-208
4325,-417,-234
4329,-395,-262
4338,-354,-291
4339,-291,-314
4324,-203,-334
4297,-122,-360
4254,-55,-386
4197,4,-407
4139,55,-429
4068,105,-453
3994,141,-482
3917,160,-514
3844,164,-548
3769,149,-581
3703,125,-622
3646,100,-660
3603,69,-685
3570,32,-698
3542,-34,-714
3529,-133,-730
3525,-269,-772
3515,-418,-827
3486,-584,-893
3451,-772,-966
3406,-988,-1037
3367,-1201,-1090
3322,-1366,-1114
3271,-1533,-1132
3238,-1697,-1132
3238,-1841,-1111
3243,-1952,-1073
3240,-2052,-1031
3243,-2146,-1007
3250,-2217,-967
3256,-2289,-942
3268,-2342,-930
3275,-2374,-941
3275,-2400,-973
3280,-2418,-1018
3286,-2421,-1057
3285,-2414,-1085
3276,-2378,-1085
3256,-2324,-1060
3216,-2257,-989
3168,-2190,-869
3109,-2158,-703
3048,-2153,-514
3008,-2181,-314
3002,-2222,-97
3042,-2275,162
3118,-2340,440
3217,-2415,705
3319,-2489,921
3427,-2562,1068
3529,-2619,1126
3641,-2666,1103
3769,-2694,1008
3904,-2698,861
4039,-2685,665
4181,-2630,446
4298,-2515,215
4396,-2343,-24
4490,-2150,-271
4590,-1959,-504
4716,-1753,-686
4866,-1536,-814
5036,-1333,-889
5200,-1093,-940
5340,-827,-978
5456,-564,-981
5537,-362,-949
5561,-226,-882
5555,-185,-785
5558,-300,-650
5567,-510,-474
5569,-701,-277
5533,-849,-98
5442,-972,40
5286,-1091,118
5092,-1240,142
4853,-1384,134
4592,-1519,138
4334,-1630,176
4072,-1718,229
3806,-1788,301
3554,-1847,376
3330,-1922,439
3146,-2005,474
3001,-2089,476
2896,-2160,439
2846,-2212,380
2858,-2243,302
2916,-2233,238
3004,-2173,190
3103,-2087,148
3189,-1985,105
3251,-1881,53
3292,-1752,15
3309,-1612,-31
3317,-1471,-60
3315,-1356,-77
3312,-1277,-80
3305,-1228,-97
3282,-1221,-140
3255,-1264,-203
3222,-1328,-255
3192,-1378,-274
3161,-1434,-296
3127,-1476,-313
3085,-1503,-330
3038,-1511,-334
2992,-1511,-337
2943,-1491,-340
2904,-1479,-349
2865,-1466,-373
2831,-1447,-407
2813,-1441,-446
2804,-1451,-498
2815,-1443,-553
2829,-1434,-621
2851,-1438,-699
2866,-1441,-768
2883,-1435,-809
2917,-1435,-828
2964,-1429,-836
3016,-1418,-833
3067,-1421,-842
3108,-1438,-852
3142,-1459,-844
3171,-1474,-813
3191,-1509,-796
3186,-1568,-791
3213,-1698,-817
3247,-1788,-849
3262,-1809,-871
3251,-1770,-891
3221,-1738,-960
3181,-1729,-1072
3146,-1765,-1200
3088,-1810,-1306
3010,-1845,-1379
2901,-1868,-1423
2773,-1892,-1446
2643,-1920,-1447
2527,-1960,-1419
2457,-2006,-1347
2438,-2023,-1219
2477,-2009,-1079
2570,-1995,-941
2703,-1978,-800
2868,-1980,-677
3049,-1996,-579
3234,-1985,-487
3413,-1956,-408
3564,-1960,-359
3668,-1938,-389
3738,-1941,-508
3787,-1959,-643
3823,-1972,-786
3838,-1964,-932
3849,-1944,-1059
3852,-1911,-1157
3838,-1853,-1223
3799,-1778,-1250
3745,-1691,-1248
3657,-1589,-1225
3564,-1500,-1189
3464,-1444,-1167
3357,-1419,-1160
3260,-1416,-1156
3165,-1416,-1149
3073,-1415,-1146
2999,-1445,-1136
2938,-1499,-1117
2896,-1563,-1090
2861,-1631,-1063
2831,-1705,-1039
2802,-1778,-1027
2785,-1856,-1019
2780,-1941,-1013
2801,-2047,-1014
2850,-2168,-1033
2922,-2307,-1064
3007,-2429,-1090
3079,-2513,-1101
3153,-2576,-1139
3219,-2596,-1202
3263,-2610,-1281
3280,-2592,-1361
3296,-2568,-1403
3320,-2537,-1431
3351,-2497,-1441
3405,-2455,-1432
3479,-2400,-1406
3559,-2324,-1366
3646,-2231,-1316
3731,-2139,-1271
3807,-2052,-1240
3874,-1987,-1204
3920,-1927,-1185
3949,-1884,-1173
3947,-1852,-1179
3925,-1821,-1175
3886,-1791,-1153
3837,-1761,-1103
3786,-1737,-1031
3739,-1716,-959
3706,-1725,-909
3663,-1754,-889
3638,-1797,-886
3626,-1840,-890
3635,-1892,-874
3669,-1938,-842
3731,-1983,-809
3832,-2010,-752
3959,-2029,-692
4119,-2034,-607
4314,-2035,-527
4511,-2038,-492
4699,-2022,-477
4883,-2001,-475
5041,-1967,-472
5178,-1943,-475
5315,-1915,-478
5450,-1909,-466
5585,-1918,-483
5692,-1924,-536
5808,-1940,-577
5928,-1948,-592
6050,-1947,-527
6176,-1968,-442
6292,-2019,-371
6408,-2102,-342
6483,-2182,-331
6485,-2209,-351
6410,-2196,-350
6288,-2179,-328
6168,-2157,-259
6064,-2127,-153
5983,-2091,-42
5928,-2087,68
5874,-2094,164
5827,-2077,251
5773,-2063,313
5697,-2024,338
5611,-1984,330
5518,-1923,300
5406,-1812,289
5273,-1684,269
5132,-1579,248
4973,-1458,238
4794,-1298,215
4613,-1148,182
4446,-1024,147
4282,-905,133
4127,-802,131
3971,-712,152
3819,-658,177
3679,-643,202
3540,-656,230
3393,-674,258
3255,-715,284
3126,-757,317
3004,-773,352
2902,-777,399
2840,-772,455
2803,-755,506
2776,-726,544
2769,-689,569
2771,-679,555
2786,-666,530
2807,-662,481
2838,-656,414
2876,-671,340
2908,-684,268
2941,-683,217
2977,-689,186
3012,-701,178
3062,-741,178
3120,-774,183
3183,-791,195
3255,-811,218
3322,-850,224
3372,-909,203
3414,-980,192
3455,-1044,178
3512,-1133,159
3590,-1216,146
3671,-1291,142
3754,-1353,141
3832,-1393,159
3918,-1423,194
4005,-1440,240
4079,-1449,289
4151,-1463,328
4212,-1461,355
4275,-1447,380
4330,-1432,408
4374,-1415,440
4397,-1393,463
4413,-1372,470
4426,-1351,469
4430,-1311,464
4430,-1268,466
4428,-1235,483
4428,-1189,516
4419,-1157,555
4408,-1128,609
4398,-1095,664
4377,-1056,708
4357,-1028,748
4329,-1011,781
4297,-984,806
4262,-974,831
4224,-968,847
4187,-968,861
4148,-969,869
4124,-959,874
4100,-964,882
4072,-964,878
4039,-944,878
3998,-922,891
3936,-885,913
3876,-878,901
3837,-856,891
3810,-825,889
3774,-780,898
3742,-761,906
3724,-768,907
3706,-766,908
3688,-759,905
3669,-747,889
3650,-726,870
3635,-698,860
3612,-671,851
3615,-654,849
3630,-641,865
3651,-624,882
3678,-612,888
3700,-605,894
3708,-598,896
3713,-588,888
3720,-580,891
3733,-584,908
3743,-576,932
3766,-557,948
3788,-552,958
3815,-537,975
3834,-527,981
3856,-510,991
3886,-523,991
3907,-542,978
3932,-557,964
3958,-575,959
3980,-590,948
3992,-599,947
4003,-608,943
4020,-635,937
4028,-659,923
4038,-686,919
4044,-713,909
4040,-739,897
4050,-770,886
4059,-790,879
4060,-805,880
4059,-814,885
4057,-827,895
4049,-846,904
4033,-857,915
4013,-868,920
3989,-880,932
3972,-891,939
3953,-903,944
3922,-912,947
3893,-919,946
3871,-927,941
3854,-928,934
3841,-929,920
3818,-903,910
3816,-907,889
3821,-917,873
3829,-921,871
3837,-923,874
3846,-910,886
3855,-897,901
3865,-879,928
3875,-867,947
3884,-857,958
3900,-850,966
3917,-838,968
3931,-825,960
3937,-816,947
3946,-807,933
3949,-800,916
3953,-795,901
3952,-780,888
3950,-765,879
3949,-749,881
3946,-730,888
3943,-719,893
3942,-715,899
3938,-711,904
3944,-715,905
3946,-714,904
3946,-709,909
3944,-708,910
3940,-706,917
3939,-706,922
3930,-706,931
3913,-703,940
3897,-703,940
3886,-708,939
3873,-719,946
3859,-728,946
3855,-748,959
3855,-766,968
3852,-776,971
3861,-790,971
3870,-801,979
3876,-808,982
3887,-813,978
3895,-810,980
3903,-803,970
3911,-799,984
3917,-806,984
3921,-809,980
3926,-815,973
3931,-825,964
3925,-829,953
3920,-839,948
3922,-850,940
3925,-861,934
3935,-869,924
3941,-873,914
3945,-876,917
3951,-882,922
3963,-889,923
3968,-896,917
3969,-902,910
3965,-905,908
3967,-910,908
3962,-909,908
3955,-905,916
3946,-906,922
3930,-897,925
3916,-884,930
3905,-878,937
3892,-856,940
3886,-835,948
3884,-818,953
3887,-802,958
3889,-792,959
3885,-783,958
3888,-784,955
3887,-781,956
3885,-780,957
3883,-776,957
3882,-777,960
3885,-772,968
3886,-782,964
3893,-788,969
3895,-791,981
3903,-798,988
3900,-806,999
3894,-821,1004
3888,-829,1006
3882,-831,1008
3877,-836,1010
3867,-841,1013
3863,-842,1024
3862,-846,1028
3860,-844,1041
3859,-847,1046
3863,-854,1042
3868,-848,1043
3862,-851,1044
3858,-850,1043
3857,-848,1042
3857,-851,1036
3859,-851,1036
3863,-851,1036
3863,-844,1032
3869,-841,1035
3872,-840,1037
3875,-838,1046
3871,-833,1051
3869,-831,1053
3873,-836,1054
3874,-842,1055
3876,-848,1056
3884,-852,1057
3884,-855,1055
3886,-858,1053
3888,-861,1056
3889,-863,1058
3890,-868,1056
3888,-875,1054
3886,-885,1045
3886,-893,1032
3879,-905,1018
3878,-911,1005
3873,-913,995
3871,-910,993
3864,-903,990
3861,-894,988
3859,-882,991
3864,-866,992
3872,-851,990
3886,-847,989
3892,-830,980
3898,-812,982
3911,-801,992
3919,-799,999
3919,-798,1001
3920,-793,1006
3921,-809,1004
3920,-811,1005
3919,-806,1008
3911,-801,1019
3905,-797,1035
3898,-789,1041
3893,-790,1044
3888,-783,1045
3880,-775,1038
3874,-775,1033
3872,-771,1031
3872,-771,1034
3872,-771,1038
3876,-774,1036
3872,-770,1040
3875,-775,1040
3881,-777,1044
3885,-775,1046
3884,-779,1046
3886,-785,1047
3885,-796,1047
3885,-803,1048
3882,-807,1051
3878,-812,1053
3875,-810,1057
3875,-809,1058
3873,-812,1056
3876,-808,1055
3875,-808,1058
3874,-805,1061
3872,-808,1064
3875,-808,1062
3875,-809,1064
3874,-804,1063
3873,-810,1062
3877,-810,1060
3878,-810,1056
3880,-811,1055
3878,-806,1051
3880,-809,1056
3880,-815,1055
3880,-819,1054
3878,-823,1052
3877,-832,1048
3872,-841,1047
3867,-847,1043
3864,-850,1043
3865,-852,1039
3869,-847,1038
3868,-862,1029
3878,-846,1034
3881,-824,1036
3890,-816,1037
3898,-817,1034
3906,-816,1027
3912,-811,1030
3915,-802,1035
3917,-799,1032
3919,-795,1028
3921,-790,1022
3918,-783,1016
3919,-784,1007
3917,-779,1002
3916,-777,1001
3918,-780,1003
3920,-787,1001
3921,-789,997
3922,-792,991
3919,-797,987
3918,-801,989
3912,-808,987
3907,-811,985
3902,-813,983
3895,-815,986
3886,-841,978
3882,-828,983
3871,-810,983
3872,-803,989
3870,-803,994
3877,-802,996
3880,-814,991
3887,-811,995
3897,-826,993
3902,-822,996
3909,-815,999
3916,-816,1000
3923,-821,998
3923,-826,993
3926,-829,989
3927,-830,983
3932,-833,987
3926,-820,990
3926,-819,993
3921,-822,986
3922,-823,986
3916,-823,990
3915,-824,986
3914,-814,985
3920,-814,982
3918,-814,975
3916,-813,969
3914,-804,966
3914,-795,963
3914,-790,963
3918,-786,965
3919,-787,967
3920,-785,963
3919,-785,964
3917,-783,963
3914,-779,965
3914,-776,961
3912,-779,958
3913,-784,959
3915,-787,957
3914,-787,958
3912,-798,951
3913,-802,954
3912,-801,958
3909,-805,956
3908,-805,959
3908,-805,963
3905,-809,969
3900,-811,969
3902,-814,967
3902,-815,967
3900,-814,964
3900,-814,967
3898,-815,969
3902,-810,971
3901,-820,961
3904,-809,971
3904,-802,975
3901,-818,961
3902,-814,961
3899,-799,959
3899,-804,968
3903,-812,965
3901,-809,961
3902,-811,962
3906,-818,964
3906,-830,966
3906,-849,955
3900,-845,967
3900,-833,978
3904,-837,976
3909,-839,974
3911,-839,970
3915,-841,967
3918,-840,962
3923,-832,959
3925,-831,958
3927,-827,956
3930,-826,952
3933,-828,945
3929,-836,942
3925,-841,939
3921,-841,936
3918,-839,941
3913,-832,946
3908,-828,948
3906,-842,939
3900,-827,945
3895,-814,950
3888,-804,945
3886,-795,945
3888,-796,942
3889,-787,938
3897,-781,937
3902,-781,938
3909,-785,940
3915,-785,940
3918,-789,940
3916,-790,938
3915,-790,943
3916,-788,943
3914,-788,945
3914,-792,945
3915,-788,943
3914,-788,943
3914,-788,945
3915,-790,941
3914,-785,945
3912,-785,948
3908,-787,948
3907,-791,952
3902,-794,951
3902,-795,951
3906,-800,949
3905,-819,937
3906,-807,953
3902,-806,952
3900,-811,948
3904,-813,950
3906,-813,951
3910,-812,954
3911,-812,952
3913,-816,951
3920,-818,951
3921,-817,947
3919,-817,945
3917,-815,945
3913,-817,945
3914,-816,950
3913,-817,950
3912,-816,950
3914,-815,953
3913,-811,954
3912,-808,950
3914,-809,945
3909,-806,942
3907,-804,940
3907,-800,944
3906,-802,943
3907,-805,943
3909,-802,947
3911,-802,944
3913,-802,943
3915,-801,947
3918,-802,943
3917,-803,945
3919,-799,944
3917,-796,948
3920,-793,946
3919,-790,944
3918,-786,942
3916,-781,944
3916,-782,951
3916,-784,955
3918,-783,953
3917,-781,952
3914,-783,952
3913,-779,953
3912,-776,957
3913,-772,956
3912,-776,954
3907,-779,955
3910,-783,954
3909,-781,950
3913,-785,950
3913,-787,949
3913,-788,946
3910,-786,948
3914,-786,947
3917,-788,947
3918,-786,949
3922,-784,949
3918,-787,948
3919,-783,948
3917,-782,952
3921,-782,951
3925,-782,955
3928,-785,953
3932,-784,951
3934,-784,951
3933,-783,952
3930,-786,951
3927,-785,948
3925,-787,945
3923,-780,945
3923,-780,946
3921,-778,944
3921,-778,942
3920,-782,946
3916,-783,943
3916,-783,942
3914,-784,939
3915,-782,939
3914,-777,941
3919,-775,943
3925,-773,944
3927,-778,944
3927,-776,943
3932,-776,945
3929,-777,943
3928,-775,942
3931,-773,943
3936,-769,947
3936,-771,946
3935,-768,946
3929,-769,947
3926,-772,947
3921,-775,940
3919,-777,942
3920,-777,944
3919,-775,943
3917,-776,943
3913,-777,942
3913,-777,942
3911,-776,946
3915,-781,948
3915,-782,944
3912,-783,942
3913,-781,943
3916,-780,950
3921,-778,953
3923,-782,948
3926,-784,955
3922,-781,954
3918,-786,950
3917,-785,954
3919,-784,955
3918,-787,958
3917,-786,961
3917,-786,967
3915,-787,974
3918,-792,973
3917,-788,973
3919,-783,973
3923,-784,970
3926,-783,963
3924,-785,960
3928,-779,960
3936,-774,954
3938,-777,954
3943,-777,953
3944,-779,954
3942,-787,952
3943,-788,946
3937,-796,939
3926,-798,938
3919,-798,938
3913,-799,941
3907,-802,949
3902,-804,959
3896,-798,961
3893,-790,964
3890,-784,965
3891,-780,961
3889,-774,961
3897,-769,958
3902,-766,958
3908,-763,958
3917,-763,961
3919,-762,959
3918,-769,958
3922,-770,956
3916,-775,956
3921,-780,960
3922,-784,962
3922,-787,963
3921,-792,967
3918,-795,965
3916,-795,962
3915,-792,965
3914,-792,965
3913,-787,972
3911,-787,972
3913,-792,969
3921,-789,972
3921,-782,972
3921,-787,980
3918,-788,972
3914,-787,973
3909,-785,971
3908,-786,967
3909,-783,970
3911,-782,971
3910,-783,970
3913,-788,970
3911,-790,970
3912,-793,964
3913,-796,959
3911,-795,961
3911,-799,963
3908,-795,966
3905,-792,972
3907,-790,972
3909,-789,973
3911,-788,971
3909,-789,968
3912,-787,967
3908,-788,968
3905,-789,972
3908,-792,972
3912,-792,970
3911,-791,971
3912,-789,973
3914,-791,977
3919,-787,981
3921,-786,983
3919,-792,976
3916,-791,981
3915,-792,982
3911,-793,981
3911,-791,978
3912,-788,980
3910,-785,985
3911,-786,985
3905,-781,988
3905,-778,988
3905,-781,985
3903,-782,987
3901,-785,989
3897,-784,991
3900,-780,988
3899,-782,988
3900,-782,989
3902,-782,987
3903,-783,986
3906,-785,985
3905,-785,980
3903,-791,976
3900,-788,976
3903,-787,976
3905,-789,976
3910,-787,978
3911,-786,975
3910,-785,979
3912,-785,980
3914,-790,982
3910,-786,981
3908,-785,981
3909,-784,981
3908,-791,970
3905,-786,972
3906,-789,983
3907,-790,982
3911,-789,990
3910,-787,994
3908,-790,995
3900,-789,994
3900,-792,990
3900,-793,992
3897,-793,990
3898,-791,992
3900,-791,992
3903,-789,992
3904,-786,994
3909,-786,992
3908,-786,987
3911,-784,984
3915,-788,981
3914,-787,985
3917,-785,984
3915,-788,983
3915,-788,982
3910,-790,985
3908,-789,984
3908,-789,985
3908,-790,981
3909,-789,977
3907,-790,976
3904,-786,976
3906,-789,973
3906,-791,974
3907,-790,974
3912,-790,975
3910,-790,975
3912,-789,974
3915,-787,980
3917,-794,975
3916,-797,968
3918,-794,972
3915,-793,972
3917,-787,972
3916,-789,973
3917,-788,976
3915,-790,978
3915,-794,976
3914,-796,974
3913,-796,978
3909,-796,978
3905,-794,978
3904,-795,977
3903,-797,982
3900,-798,983
3900,-794,987
3900,-788,995
3899,-791,986
3906,-795,979
3909,-802,979
3908,-805,978
3909,-802,980
3913,-799,981
3915,-798,980
3912,-795,983
3915,-799,983
3913,-802,987
3914,-799,987
3913,-799,989
3911,-797,990
3911,-799,993
3913,-791,996
3911,-786,1000
3911,-785,1005
3913,-781,1003
3911,-776,1000
3912,-771,1001
3918,-775,993
3920,-777,987
3924,-779,984
3927,-789,981
3926,-791,981
3923,-796,976
3916,-800,976
3914,-803,978
3908,-799,989
3907,-803,991
3901,-801,992
3903,-799,995
3897,-799,992
3894,-795,995
3890,-789,993
3885,-785,994
3882,-783,994
3885,-778,991
3888,-775,987
3894,-765,1002
3897,-784,991
3904,-787,986
3905,-791,990
3903,-798,991
3905,-797,992
3905,-801,992
3909,-805,993
3909,-802,996
3904,-803,996
3903,-802,998
3902,-801,998
3898,-798,998
3898,-799,996
3900,-799,990
3897,-800,990
3897,-798,996
3900,-801,997
3905,-802,999
3906,-803,997
3911,-799,996
3907,-799,996
3906,-797,994
3907,-796,994
3903,-791,995
3905,-793,992
3904,-794,994
3905,-791,991
3906,-791,991
3904,-794,989
3904,-792,989
3907,-793,991
3908,-789,990
3909,-791,994
3911,-790,990
3908,-788,989
3907,-787,991
3905,-782,988
3904,-783,987
3904,-787,989
3901,-789,994
3902,-788,997
3901,-788,999
3903,-790,1002
3907,-790,1000
3906,-788,999
3905,-791,1001
3904,-785,1000
3905,-787,1003
3905,-787,1000
3906,-786,998
3905,-786,996
3906,-786,996
3907,-788,997
3908,-788,997
3908,-790,997
3909,-791,997
3907,-797,997
3909,-795,992
3907,-794,995
3906,-795,994
3904,-793,997
3904,-791,997
3907,-786,999
3908,-785,999
3906,-788,995
3902,-788,998
3902,-789,998
3903,-787,999
3907,-787,999
3903,-785,999
3901,-785,999
3898,-787,997
3904,-788,993
3906,-788,991
3907,-786,999
3910,-789,996
3909,-789,993
3905,-788,994
3906,-787,994
3904,-787,993
3907,-788,994
3908,-788,997
3910,-788,998
3911,-790,998
3908,-791,993
3907,-792,994
3902,-790,996
3898,-788,1001
3902,-792,997
3896,-791,996
3896,-782,999
3899,-785,997
3901,-786,996
3904,-786,1003
3904,-784,1001
3905,-786,1002
3905,-786,1002
3901,-783,1001
3907,-780,996
3907,-778,997
3907,-776,998
3909,-776,999
3906,-778,997
3905,-779,993
3907,-785,994
3906,-780,1001
3907,-783,998
3904,-787,995
3896,-788,996
3896,-790,991
3895,-792,993
3892,-796,993
3897,-794,993
3905,-796,991
3909,-796,991
3909,-795,987
3913,-791,991
3913,-788,990
3914,-790,989
3916,-792,984
3915,-792,986
3914,-790,984
3914,-788,986
3912,-787,983
3912,-791,984
3909,-788,985
3905,-788,983
3904,-788,984
3905,-788,985
3905,-790,984
3904,-794,985
3906,-795,985
3903,-789,990
3908,-790,989
3910,-789,987
3910,-785,987
3912,-784,990
3914,-785,988
3912,-785,986
3914,-784,986
3912,-783,983
3911,-780,987
3911,-778,984
3912,-780,980
3913,-785,978
3912,-782,979
3916,-788,983
3915,-792,980
3913,-794,982
3907,-793,982
3907,-795,978
3903,-793,980
3897,-792,984
3891,-789,987
3888,-786,990
3890,-785,993
3893,-785,998
3898,-778,999
3903,-776,996
3909,-774,995
3914,-771,990
3919,-768,983
3926,-766,976
3932,-766,977
3939,-768,973
3941,-773,968
3941,-777,966
3938,-777,962
3935,-783,963
3929,-786,966
3924,-789,969
3920,-793,974
3917,-794,978
3908,-789,978
3906,-790,981
3902,-788,983
3900,-782,979
3898,-778,975
3897,-773,975
3895,-770,973
3895,-766,968
3899,-767,969
3903,-767,969
3907,-770,969
3907,-774,971
3907,-774,969
3911,-775,967
3915,-778,970
3913,-777,967
3912,-784,967
3914,-783,970
3913,-785,973
3912,-782,973
3912,-782,974
3913,-776,973
3915,-779,974
3913,-775,972
3916,-774,972
3917,-772,973
3916,-771,972
3919,-774,969
3921,-773,972
3920,-771,975
3920,-770,975
3925,-768,974
3925,-767,970
3925,-769,964
3924,-764,965
3922,-762,962
3921,-761,961
3920,-759,962
3916,-757,958
3916,-760,961
3918,-758,961
3917,-759,959
3919,-756,962
3918,-756,962
3917,-754,965
3919,-755,971
3918,-762,969
3915,-766,966
3913,-766,966
3911,-764,964
3907,-766,960
3910,-764,965
3912,-767,964
3915,-768,970
3918,-768,967
3919,-767,966
3922,-765,971
3922,-766,970
3920,-764,970
3919,-764,969
3919,-762,968
3920,-761,964
3919,-762,961
3919,-757,964
3920,-758,966
3924,-761,965
3918,-766,962
3919,-769,960
3918,-773,958
3916,-773,957
3917,-775,957
3917,-777,955
3919,-780,959
3915,-777,957
3917,-776,960
3922,-776,957
3920,-777,954
3921,-771,954
3921,-772,951
3921,-767,948
3920,-768,945
3922,-765,947
3925,-767,946
3922,-765,947
3925,-767,949
3923,-767,951
3926,-767,951
3923,-767,948
3922,-769,947
3919,-765,952
3926,-765,951
3923,-770,951
3924,-771,951
3922,-771,953
3923,-771,954
3922,-772,947
3919,-774,948
3920,-774,945
3921,-777,944
3918,-774,948
3917,-775,948
3914,-775,950
3914,-776,954
3914,-773,954
3916,-774,954
3912,-773,954
3913,-772,953
3915,-767,952
3919,-764,954
3920,-763,953
3923,-761,958
3923,-761,957
3921,-761,959
3919,-759,958
3919,-758,956
3917,-758,957
3915,-761,958
3916,-760,953
3914,-761,955
3913,-765,955
3914,-765,951
3916,-765,958
3914,-765,962
3915,-762,962
3914,-765,963
3915,-764,961
3920,-764,961
3921,-767,959
3922,-766,957
3928,-763,956
3930,-760,958
3927,-761,957
3929,-766,955
3931,-766,957
3931,-766,954
3924,-766,951
3921,-766,951
3919,-770,952
3918,-769,951
3914,-771,951
3913,-767,955
3912,-761,954
3907,-761,957
3909,-762,958
3913,-763,960
3915,-762,960
3915,-760,963
3917,-759,960
3918,-762,958
3916,-764,957
3918,-767,954
3917,-768,952
3916,-769,951
3917,-774,954
3916,-774,956
3917,-772,960
3917,-771,967
3919,-771,972
3921,-773,971
3924,-771,972
3931,-770,973
3936,-768,968
3938,-765,968
3935,-767,966
3936,-762,964
3931,-763,964
3931,-763,962
3936,-766,959
3936,-767,957
3933,-772,954
3930,-775,952
3926,-773,955
3921,-775,957
3919,-771,962
3917,-769,968
3915,-768,975
3912,-770,976
3909,-773,974
3905,-772,970
3901,-771,969
3898,-772,968
3901,-773,965
3907,-770,963
3904,-766,957
3903,-767,952
3901,-767,953
3906,-772,954
3909,-773,956
3914,-773,960
3916,-773,966
3914,-775,968
3916,-771,970
3915,-771,974
3917,-768,971
3916,-768,971
3918,-767,974
3920,-762,976
3920,-766,974
3921,-766,973
3925,-770,972
3922,-766,971
3923,-769,971
3921,-773,974
3917,-774,971
3917,-772,968
3916,-774,968
3919,-778,972
3918,-780,970
3918,-778,973
3913,-775,974
3913,-778,974
3911,-775,971
3906,-773,973
3909,-772,977
3908,-770,978
3910,-765,979
3911,-762,978
3909,-763,970
3911,-763,969
3911,-764,972
3912,-766,971
3911,-765,967
3913,-767,965
3911,-770,966
3916,-771,966
3917,-773,967
3916,-772,968
3918,-772,971
3919,-773,974
3917,-771,981
3917,-769,981
3916,-770,980
3918,-773,981
3921,-773,986
3924,-769,987
3920,-768,987
3914,-766,987
3910,-766,987
3909,-768,981
3907,-769,982
3908,-762,981
3912,-758,985
3914,-758,984
3916,-755,984
3918,-756,982
3916,-758,979
3917,-758,979
3916,-759,978
3920,-759,976
3920,-761,975
3923,-763,972
3923,-762,970
3928,-762,965
3927,-762,964
3928,-763,964
3926,-763,965
3925,-767,966
3920,-769,967
3917,-770,969
3914,-774,969
3917,-777,971
3917,-780,970
3915,-780,972
3915,-779,975
3913,-779,974
3909,-779,971
3909,-776,972
3911,-777,975
3914,-776,977
3919,-774,978
3920,-773,981
3918,-774,982
3916,-774,978
3914,-775,980
3912,-777,980
3913,-776,980
3913,-775,982
3908,-775,985
3912,-776,984
3911,-775,983
3910,-774,981
3910,-775,985
3910,-778,985
3911,-778,988
3914,-779,992
3912,-783,990
3913,-784,991
3911,-785,986
3913,-783,984
3912,-780,986
3907,-776,988
3903,-773,989
3904,-770,989
3902,-770,989
3901,-769,993
3902,-770,993
3902,-768,991
3904,-769,990
3907,-767,986
3909,-766,985
3906,-765,984
3908,-765,985
3908,-764,984
3913,-766,983
3913,-765,982
3916,-763,981
3919,-766,984
3920,-768,986
3918,-768,987
3917,-770,985
3912,-768,985
3911,-770,984
3912,-770,986
3912,-770,986
3910,-773,989
3908,-769,988
3908,-767,992
3909,-772,992
3907,-773,994
3910,-771,992
3910,-769,986
3911,-770,988
3909,-773,983
3909,-775,980
3909,-776,982
3909,-774,979
3910,-773,982
3910,-772,987
3909,-772,990
3905,-769,998
3905,-770,996
3909,-768,999
3913,-769,996
3916,-766,996
3917,-765,991
3919,-767,986
3921,-770,986
3924,-767,981
3930,-771,981
3934,-774,977
3939,-772,978
3937,-780,976
3933,-782,976
3927,-787,975
3922,-785,975
3921,-783,979
3916,-781,983
3905,-775,989
3899,-774,990
3899,-773,993
3897,-772,997
3892,-771,996
3891,-766,994
3886,-766,997
3885,-766,992
3881,-765,992
3886,-754,1000
3889,-767,986
3895,-770,986
3903,-767,990
3905,-775,984
3911,-775,988
3915,-777,993
3916,-780,996
3914,-781,996
3915,-786,996
3913,-786,996
3918,-791,993
3916,-787,996
3911,-785,1000
3912,-784,998
3913,-780,1000
3910,-776,999
3905,-777,998
3901,-778,997
3899,-777,998
3900,-777,1002
3901,-774,1003
3906,-773,1001
3906,-774,1000
3905,-775,997
3907,-777,996
3907,-779,996
3907,-781,994
3906,-781,998
3906,-786,994
3904,-782,992
3906,-778,990
3905,-776,990
3908,-775,991
3909,-775,987
3912,-772,983
3912,-771,982
3910,-770,983
3909,-773,988
3910,-773,990
3910,-777,991
3909,-781,993
3906,-782,997
3907,-784,997
3903,-786,997
3901,-787,997
3897,-788,998
3902,-782,998
3902,-784,1000
3904,-783,1001
3905,-784,1003
3905,-779,1006
3903,-778,1008
3906,-773,1010
3907,-772,1007
3909,-769,1005
3906,-770,1005
3904,-772,1002
3907,-775,1002
3910,-776,1001
3913,-775,998
3914,-778,1000
3916,-777,1002
3916,-778,999
3915,-780,1003
3914,-782,1003
3912,-778,1000
3911,-776,999
3908,-774,998
3903,-774,994
3903,-772,991
3902,-770,990
3903,-771,993
3904,-768,994
3906,-768,993
3906,-771,994
3904,-768,996
3906,-773,996
3907,-774,995
3906,-776,994
3905,-774,989
3905,-773,990
3901,-774,993
3901,-773,991
3905,-779,994
3906,-774,998
3910,-776,999
3909,-780,1000
3912,-782,998
3910,-784,1000
3909,-782,1001
3908,-781,1001
3909,-777,1004
3910,-773,1006
3910,-775,1006
3908,-773,1008
3907,-773,1003
3908,-773,1005
3910,-774,1004
3910,-776,1006
3912,-774,1007
3909,-775,1006
3908,-771,1005
3909,-767,1003
3910,-767,1002
3908,-766,999
3905,-766,997
3899,-766,997
3899,-767,997
3899,-767,1000
3900,-770,1002
3901,-771,1001
3904,-769,1005
3905,-769,1012
3903,-771,1009
3904,-771,1013
3906,-772,1007
3907,-769,1006
3906,-768,1003
3909,-769,1002
3909,-771,997
3909,-764,1000
3911,-765,999
3914,-769,996
3914,-768,999
3914,-770,1001
3914,-772,998
3912,-771,997
3909,-771,995
3912,-768,996
3913,-770,993
3912,-767,996
3914,-770,999
3910,-769,1003
3910,-769,1004
3911,-770,1000
3905,-773,998
3907,-772,997
3904,-774,995
3903,-776,990
3903,-774,990
3902,-778,988
3904,-780,990
3901,-776,992
3904,-777,996
3907,-775,995
3911,-775,995
3910,-772,995
3917,-768,996
3920,-762,995
3922,-757,988
3926,-760,987
3932,-761,983
3932,-762,981
3935,-763,981
3936,-768,982
3936,-769,982
3939,-773,980
3933,-777,979
3927,-780,978
3924,-782,977
3916,-782,980
3910,-779,985
3904,-783,989
3898,-779,990
3895,-778,995
3893,-778,991
3891,-777,987
3889,-772,986
3889,-771,981
3890,-765,979
3892,-761,978
3896,-759,978
3900,-761,977
3905,-767,975
3906,-771,978
3911,-775,977
3909,-776,981
3908,-778,980
3912,-777,988
3909,-781,988
3909,-782,990
3911,-782,992
3910,-779,991
3910,-776,992
3911,-778,991
3913,-776,987
3912,-773,984
3914,-775,979
3915,-778,980
3914,-778,982
3920,-776,984
3921,-774,984
3920,-778,983
3920,-776,984
3921,-774,980
3919,-773,978
3921,-773,978
3920,-774,977
3921,-776,976
3921,-774,976
3919,-773,977
3916,-767,975
3913,-766,973
3913,-764,969
3914,-758,973
3915,-758,974
3912,-757,977
3914,-757,973
3912,-757,971
3911,-757,969
3913,-759,972
3912,-762,975
3911,-763,973
3915,-765,971
3915,-764,971
3917,-767,976
3917,-766,978
3920,-766,977
3920,-765,976
3920,-766,975
3915,-764,975
3913,-763,974
3913,-761,975
3916,-759,973
3913,-757,973
3914,-756,970
3915,-760,967
3918,-763,968
3919,-761,973
3919,-761,971
3918,-761,972
3918,-763,968
3917,-763,972
3915,-752,968
3919,-759,973
3916,-767,973
3916,-764,973
3921,-760,971
3924,-759,973
3923,-756,971
3924,-755,972
3920,-754,967
3918,-757,965
3919,-758,962
3919,-762,964
3918,-763,961
3919,-766,958
3918,-767,958
3920,-763,960
3922,-763,960
3920,-766,956
3917,-766,956
3919,-769,959
3921,-771,958
3918,-770,959
3918,-772,962
3920,-769,963
3920,-769,964
3919,-767,964
3921,-763,958
3920,-762,958
3916,-758,958
3918,-756,960
3918,-751,960
3920,-755,957
3916,-752,957
3917,-752,958
3916,-758,958
3913,-763,960
3910,-763,966
3908,-766,964
3908,-764,964
3908,-766,962
3911,-769,965
3914,-770,963
3915,-767,960
3916,-769,962
3917,-771,962
3918,-767,962
3919,-770,962
3922,-762,960
3924,-761,956
3923,-758,957
3924,-757,955
3927,-754,952
3928,-752,952
3925,-751,954
3923,-751,954
3922,-753,952
3921,-755,949
3919,-754,952
3914,-756,954
3912,-755,955
3910,-754,952
3908,-753,954
3905,-753,953
3907,-758,954
3909,-760,955
3912,-762,960
3915,-764,958
3918,-769,959
3922,-770,952
3922,-765,948
3924,-765,944
3929,-765,946
3927,-766,946
3924,-763,950
3923,-758,954
3924,-757,956
3925,-754,958
3926,-754,957
3927,-751,963
3931,-749,962
3929,-754,961
3925,-751,957
3927,-748,951
3929,-746,954
3934,-747,956
3931,-753,954
3932,-752,954
3926,-756,953
3928,-759,946
3929,-758,943
3927,-762,945
3926,-762,943
3922,-759,950
3918,-756,954
3914,-753,954
3915,-754,956
3915,-754,959
3915,-758,960
3912,-755,957
3912,-748,953
3913,-748,952
3916,-749,950
3915,-750,950
3914,-750,955
3914,-749,955
3916,-752,957
3915,-752,958
3918,-754,964
3916,-754,968
3915,-752,970
3917,-757,972
3921,-757,970
3919,-755,971
3919,-754,968
3920,-752,972
3922,-752,969
3926,-749,969
3924,-751,963
3922,-750,961
3926,-749,957
3925,-750,958
3925,-749,960
3922,-750,963
3919,-752,963
3917,-755,963
3917,-759,961
3915,-766,962
3916,-766,963
3914,-771,969
3914,-772,972
3911,-773,980
3914,-773,975
3915,-771,972
3915,-767,972
3916,-762,968
3915,-759,964
3916,-757,965
3917,-759,964
3918,-756,964
3922,-751,963
3920,-750,965
3923,-752,965
3923,-755,966
3921,-752,965
3925,-752,970
3924,-753,970
3922,-750,971
3918,-749,969
3915,-749,969
3914,-751,966
3917,-750,968
3915,-751,972
3917,-749,980
3918,-751,980
3911,-752,984
3913,-749,983
3911,-748,983
3912,-748,985
3914,-752,984
3912,-753,983
3910,-755,981
3913,-758,982
3914,-754,986
3914,-749,984
3916,-748,986
3915,-749,980
3916,-745,977
3923,-741,974
3922,-745,972
3921,-746,973
3924,-748,970
3926,-746,966
3927,-746,965
3930,-743,966
3925,-742,967
3924,-746,969
3924,-747,975
3922,-750,975
3920,-753,977
3920,-757,974
3918,-760,977
3915,-757,978
3913,-757,977
3914,-758,976
3916,-759,978
3914,-761,981
3915,-759,985
3920,-759,981
3919,-756,981
3918,-754,982
3917,-756,983
3917,-757,980
3919,-755,978
3921,-752,979
3923,-756,979
3924,-753,979
3920,-752,979
3919,-752,979
3916,-756,980
3914,-755,976
3913,-754,979
3909,-756,981
3909,-759,984
3909,-756,986
3910,-754,987
3912,-753,986
3914,-756,988
3916,-761,992
3913,-764,990
3908,-762,992
3906,-758,992
3907,-759,988
3907,-755,987
3908,-756,990
3912,-757,992
3913,-757,991
3915,-760,986
3918,-756,983
3918,-753,981
3919,-752,979
3918,-750,979
3914,-749,980
3914,-749,978
3917,-749,979
3915,-749,978
3917,-754,979
3920,-754,979
3917,-752,983
3917,-755,986
3914,-760,987
3914,-761,990
3914,-763,993
3910,-756,993
3911,-758,993
3910,-757,990
3910,-760,991
3908,-761,990
3909,-764,986
3909,-767,983
3909,-767,983
3910,-771,984
3911,-770,984
3912,-766,984
3910,-766,986
3909,-762,988
3913,-759,998
3915,-757,997
3916,-755,995
3916,-753,991
3917,-753,994
3920,-751,991
3922,-752,991
3927,-755,990
3929,-756,987
3931,-759,984
3931,-763,985
3925,-764,982
3926,-766,983
3920,-770,985
3916,-771,981
3915,-769,983
3914,-770,988
3908,-767,995
3906,-768,1003
3903,-768,1004
3902,-767,1004
3896,-762,1001
3894,-762,995
3891,-759,993
3887,-760,992
3887,-758,993
3896,-760,991
3899,-761,992
3903,-759,989
3905,-761,990
3908,-763,993
3906,-765,990
3908,-763,994
3911,-764,996
3912,-768,998
3911,-768,1001
3915,-769,1000
3913,-767,1001
3911,-768,1000
3911,-769,998
3911,-767,996
3914,-767,995
3917,-767,993
3916,-770,996
3913,-769,994
3914,-769,993
3913,-765,992
3915,-764,996
3914,-765,996
3916,-766,996
3916,-767,994
3912,-770,994
3909,-769,994
3906,-769,995
3904,-766,994
3902,-767,995
3903,-761,997
3908,-763,998
3910,-759,998
3913,-759,995
3916,-760,992
3914,-762,989
3919,-763,990
3919,-766,987
3915,-769,990
3915,-769,991
3915,-768,992
3916,-769,993
3912,-769,992
3911,-773,993
3912,-772,998
3911,-768,1003
3914,-769,1001
3911,-770,1003
3908,-769,1008
3908,-764,1011
3907,-762,1012
3906,-762,1009
3903,-761,1006
3901,-761,1004
3902,-760,1003
3900,-761,1007
3901,-762,1009
3901,-764,1005
3904,-764,1000
3905,-765,1001
3905,-765,1003
3911,-767,1001
3914,-769,1003
3911,-771,1001
3912,-769,999
3911,-768,994
3913,-760,1003
3912,-771,995
3912,-766,997
3913,-768,998
3909,-771,995
3908,-769,995
3906,-766,996
3906,-764,998
3906,-765,1000
3906,-765,1001
3905,-764,1002
3904,-769,1002
3908,-777,1004
3903,-772,1004
3903,-773,1007
3906,-773,1006
3909,-772,1005
3910,-772,1004
3910,-770,1005
3909,-772,1004
3908,-775,1003
3910,-776,1004
3907,-771,1006
3907,-773,1008
3905,-772,1009
3906,-772,1009
3906,-771,1009
3904,-766,1007
3904,-765,1007
3902,-766,1008
3902,-767,1004
3904,-765,1005
3905,-768,1006
3903,-765,1010
3905,-764,1010
3903,-766,1011
3906,-767,1009
3904,-769,1010
3902,-767,1009
3905,-766,1004
3907,-764,1011
3908,-764,1008
3906,-761,1016
3910,-771,1010
3909,-772,1006
3909,-767,1011
3907,-771,1010
3905,-767,1012
3906,-768,1013
3906,-772,1010
3904,-769,1010
3900,-766,1005
3901,-764,1007
3902,-766,1009
3902,-770,1008
3904,-769,1009
3904,-768,1007
3907,-767,1008
3912,-770,1012
3910,-768,1010
3910,-772,1008
3911,-771,1008
3908,-771,1010
3911,-773,1009
3913,-773,1008
3913,-774,1013
3913,-778,1010
3912,-776,1008
3911,-775,1011
3905,-772,1006
3905,-771,1007
3906,-767,1010
3904,-770,1010
3906,-771,1011
3905,-769,1007
3904,-770,1010
3905,-768,1013
3904,-771,1009
3904,-769,1008
3906,-769,1006
3902,-773,1004
3900,-773,1000
3899,-776,1006
3903,-775,1005
3905,-775,1009
3905,-775,1017
3903,-771,1019
3903,-769,1024
3906,-767,1026
3906,-767,1024
3908,-766,1020
3912,-768,1021
3920,-767,1018
3920,-767,1017
3923,-765,1012
3926,-767,1011
3922,-774,1008
3919,-776,1007
3914,-778,1005
3911,-782,1003
3909,-783,1004
3901,-783,1008
3904,-778,1012
3907,-777,1021
3903,-791,1009
3897,-784,1014
3892,-779,1017
3884,-777,1014
3883,-775,1016
3881,-772,1013
3884,-769,1013
3886,-769,1014
3887,-773,1015
3888,-773,1013
3889,-778,1015
3894,-780,1015
3898,-783,1014
3898,-784,1011
3899,-784,1012
3898,-781,1010
3900,-784,1014
3898,-781,1019
3902,-782,1022
3905,-783,1024
3903,-772,1031
3902,-778,1022
3900,-782,1021
3900,-782,1021
3900,-787,1018
3901,-784,1017
3901,-784,1018
3904,-783,1021
3904,-784,1024
3904,-781,1029
3902,-781,1025
3906,-780,1025
3906,-779,1025
3906,-779,1026
3903,-776,1024
3902,-780,1023
3905,-778,1020
3902,-778,1020
3905,-780,1019
3906,-776,1020
3901,-775,1018
3896,-775,1021
3899,-771,1019
3901,-766,1019
3901,-766,1019
3900,-769,1017
3901,-773,1015
3898,-773,1014
3895,-772,1016
3892,-775,1019
3893,-777,1023
3893,-777,1030
3893,-776,1034
3892,-775,1031
3892,-778,1027
3895,-780,1028
3898,-781,1030
3894,-778,1032
3896,-778,1032
3898,-777,1032
3899,-772,1031
3899,-770,1031
3903,-770,1029
3906,-771,1028
3907,-769,1027
3905,-770,1024
3906,-774,1022
3900,-771,1022
3904,-776,1020
3901,-780,1021
3899,-785,1019
3898,-784,1021
3896,-787,1018
3899,-788,1015
3901,-783,1018
3900,-784,1019
3900,-785,1023
3903,-784,1019
3902,-785,1021
3902,-783,1020
3900,-782,1020
3895,-786,1017
3896,-787,1016
3895,-787,1016
3896,-784,1015
3895,-780,1014
3895,-780,1014
3898,-781,1015
3899,-779,1020
3896,-780,1021
3893,-769,1031
3894,-782,1018
3892,-785,1016
3895,-782,1021
3894,-785,1020
3895,-777,1021
3898,-776,1022
3898,-778,1027
3898,-779,1028
3900,-780,1026
3902,-780,1027
3901,-780,1028
3903,-780,1030
3906,-780,1028
3904,-782,1025
3904,-779,1030
3903,-778,1031
3900,-777,1033
3899,-778,1033
3898,-773,1029
3897,-775,1031
3894,-773,1030
3895,-775,1030
3895,-773,1033
3897,-773,1034
3902,-773,1036
3899,-774,1034
3898,-780,1034
3897,-782,1031
3896,-782,1026
3893,-783,1023
3891,-782,1022
3893,-783,1023
3898,-784,1022
3897,-783,1023
3897,-783,1023
3899,-784,1025
3902,-785,1028
3904,-785,1024
3904,-784,1026
3903,-783,1024
3903,-785,1026
3903,-783,1026
3900,-781,1028
3900,-780,1025
3898,-779,1025
3895,-776,1025
3897,-776,1027
3898,-775,1030
3903,-777,1031
3903,-777,1027
3902,-778,1026
3903,-784,1025
3905,-781,1022
3904,-780,1024
3905,-783,1022
3904,-778,1025
3900,-777,1024
3896,-776,1024
3897,-776,1023
3896,-774,1028
3896,-778,1025
3895,-779,1024
3895,-782,1027
3895,-779,1025
3896,-777,1026
3896,-772,1028
3896,-774,1031
3899,-771,1028
3901,-775,1030
3903,-774,1029
3907,-773,1030
3904,-775,1030
3903,-781,1027
3896,-779,1027
3894,-778,1021
3895,-777,1019
3897,-773,1023
3895,-772,1028
3895,-773,1030
3893,-772,1030
3895,-769,1029
3897,-765,1030
3901,-764,1033
3901,-764,1032
3904,-762,1029
3899,-760,1029
3904,-763,1027
3909,-764,1025
3914,-767,1023
3916,-769,1021
3917,-776,1018
3915,-782,1013
3913,-786,1009
3909,-789,1009
3905,-786,1015
3903,-782,1018
3901,-780,1024
3897,-777,1031
3894,-778,1031
3893,-778,1028
3890,-777,1024
3889,-778,1020
3885,-775,1015
3885,-771,1014
3887,-768,1009
3889,-764,1008
3891,-763,1009
3893,-766,1009
3894,-772,1011
3896,-774,1011
3899,-773,1008
3899,-781,1013
3899,-782,1015
3898,-782,1017
3897,-780,1022
3898,-778,1019
3897,-777,1019
3899,-774,1020
3898,-775,1017
3898,-779,1018
3901,-778,1020
3900,-778,1018
3904,-779,1016
3903,-777,1016
3904,-777,1012
3901,-776,1013
3901,-774,1014
3904,-773,1015
3908,-771,1012
3909,-772,1010
3907,-773,1012
3908,-772,1009
3911,-775,1008
3909,-774,1006
3909,-773,1007
3908,-774,1006
3908,-774,1004
3907,-770,1004
3909,-767,1003
3909,-765,1000
3911,-763,1000
3911,-761,1000
3914,-761,996
3916,-762,990
3915,-760,990
3912,-761,990
3913,-766,990
3913,-763,989
3916,-763,993
3912,-759,992
3910,-761,996
3907,-761,997
3904,-763,998
3902,-760,996
3903,-761,1000
3905,-757,1001
3905,-753,998
3906,-750,1000
3906,-751,999
3908,-749,998
3912,-747,996
3908,-750,994
3911,-753,994
3915,-752,991
3915,-756,991
3914,-757,992
3915,-759,988
3914,-763,987
3916,-763,984
3915,-763,983
3912,-765,980
3913,-767,981
3914,-764,982
3917,-761,983
3917,-763,980
3918,-764,979
3918,-774,973
3919,-768,984
3916,-764,983
3916,-760,978
3918,-758,982
3913,-759,977
3911,-757,976
3909,-760,978
3906,-757,978
3910,-759,982
3914,-760,982
3914,-758,985
3913,-755,980
3912,-754,980
3908,-753,979
3911,-754,978
3916,-753,981
3917,-755,977
3919,-755,977
3919,-750,975
3922,-751,975
3925,-753,972
3927,-755,976
3924,-756,976
3922,-757,973
3920,-758,974
3920,-760,971
3919,-758,975
3920,-755,978
3919,-757,978
3917,-757,977
3916,-755,976
3914,-756,977
3909,-753,980
3911,-755,981
3911,-749,979
3910,-748,976
3906,-750,976
3907,-751,975
3908,-751,976
3909,-752,978
3912,-750,976
3912,-753,977
3913,-748,979
3910,-750,977
3911,-752,974
3913,-751,974
3915,-752,972
3917,-755,970
3923,-754,971
3924,-756,973
3923,-756,968
3922,-755,967
3926,-759,965
3925,-757,962
3926,-755,959
3924,-757,960
3926,-755,964
3927,-760,962
3923,-753,971
3921,-752,977
3917,-755,971
3917,-753,971
3917,-757,973
3917,-758,970
3914,-760,969
3908,-760,966
3908,-758,967
3911,-759,967
3911,-764,963
3916,-760,962
3916,-757,966
3920,-755,964
3920,-755,962
3920,-755,963
3921,-758,965
3921,-759,964
3922,-757,961
3922,-755,963
3923,-752,963
3923,-751,967
3921,-751,968
3917,-748,971
3916,-749,972
3913,-747,970
3913,-749,970
3911,-746,973
3912,-744,972
3912,-746,972
3913,-745,974
3916,-749,976
3915,-750,976
3917,-754,973
3913,-757,971
3915,-759,966
3917,-759,968
3920,-762,968
3922,-762,971
3922,-760,976
3921,-759,980
3918,-757,985
3919,-753,983
3919,-750,986
3919,-751,990
3921,-753,995
3919,-749,995
3919,-748,993
3919,-747,991
3920,-748,989
3919,-746,985
3918,-746,986
3921,-752,981
3919,-751,977
3920,-752,974
3918,-754,971
3921,-760,968
3923,-760,966
3926,-759,968
3922,-761,972
3924,-760,974
