3937,-783,-593
3939,-787,-595
3937,-782,-590
3937,-778,-590
3937,-776,-587
3935,-777,-585
3935,-773,-586
3936,-772,-584
3939,-774,-583
3939,-773,-583
3939,-775,-583
3943,-775,-579
3943,-774,-581
3941,-775,-579
3941,-776,-579
3938,-774,-578
3939,-774,-577
3939,-775,-573
3939,-775,-570
3941,-773,-570
3942,-771,-573
3945,-769,-572
3941,-771,-575
3941,-771,-578
3941,-773,-580
3942,-770,-578
3936,-765,-581
3935,-766,-581
3933,-765,-584
3930,-765,-588
3927,-764,-585
3926,-763,-585
3923,-760,-584
3926,-761,-586
3922,-760,-585
3920,-757,-587
3925,-757,-585
3931,-756,-587
3930,-755,-585
3931,-758,-584
3933,-756,-588
3933,-756,-592
3935,-756,-593
3934,-754,-593
3940,-753,-599
3941,-753,-601
3942,-749,-601
3939,-746,-601
3936,-749,-596
3937,-747,-601
3938,-750,-599
3939,-750,-600
3939,-749,-603
3939,-751,-604
3938,-754,-608
3938,-756,-604
3937,-754,-604
3934,-754,-604
3939,-755,-602
3942,-754,-603
3943,-750,-605
3942,-751,-605
3938,-755,-607
3939,-753,-606
3937,-752,-610
3938,-751,-607
3938,-749,-605
3936,-747,-603
3933,-747,-600
3935,-744,-599
3932,-748,-597
3929,-747,-596
3931,-746,-596
3929,-746,-594
3926,-745,-594
3930,-745,-596
3929,-747,-599
3931,-743,-598
3934,-740,-598
3931,-741,-595
3932,-741,-591
3932,-739,-591
3932,-740,-591
3932,-741,-594
3925,-744,-592
3928,-745,-587
3928,-742,-586
3927,-741,-584
3929,-736,-584
3926,-736,-584
3930,-738,-584
3925,-738,-586
3924,-742,-587
3927,-741,-588
3926,-739,-589
3924,-737,-591
3926,-738,-594
3924,-740,-597
3924,-735,-599
3927,-735,-599
3930,-736,-603
3932,-734,-601
3932,-735,-599
3935,-735,-603
3935,-739,-608
3936,-738,-611
3933,-737,-615
3930,-736,-617
3925,-735,-616
3926,-735,-613
3926,-734,-616
3929,-731,-616
3929,-736,-616
3930,-734,-616
3932,-730,-611
3935,-728,-610
3939,-726,-612
3943,-723,-611
3945,-724,-615
3940,-726,-617
3938,-724,-624
3931,-722,-622
3924,-722,-620
3918,-724,-618
3917,-722,-613
3917,-721,-610
3924,-722,-605
3933,-719,-601
3940,-716,-596
3943,-714,-594
3950,-715,-600
3949,-715,-602
3949,-712,-608
3946,-711,-612
3945,-714,-615
3943,-711,-614
3943,-710,-612
3939,-709,-608
3937,-711,-601
3938,-720,-599
3936,-720,-598
3936,-718,-601
3937,-720,-605
3937,-718,-613
3929,-715,-616
3928,-714,-623
3923,-713,-628
3924,-713,-633
3924,-715,-638
3919,-717,-642
3922,-716,-640
3921,-715,-640
3923,-721,-635
3921,-724,-636
3918,-722,-636
3918,-720,-637
3924,-718,-637
3929,-718,-640
3919,-725,-640
3917,-722,-644
3917,-720,-643
3917,-719,-641
3916,-719,-638
3917,-720,-634
3916,-716,-628
3919,-716,-627
3916,-719,-625
3920,-719,-622
3927,-725,-620
3931,-727,-615
3936,-728,-614
3940,-729,-610
3938,-731,-606
3939,-730,-606
3940,-732,-602
3939,-736,-605
3936,-736,-608
3938,-736,-610
3936,-735,-606
3938,-735,-606
3937,-734,-609
3936,-735,-610
3933,-734,-611
3935,-734,-608
3932,-733,-608
3928,-732,-609
3930,-730,-608
3930,-733,-607
3928,-733,-610
3928,-737,-615
3925,-739,-615
3921,-738,-614
3920,-733,-615
3922,-733,-617
3921,-734,-618
3921,-732,-619
3918,-729,-621
3921,-728,-622
3920,-722,-625
3921,-720,-628
3923,-724,-631
3922,-722,-635
3921,-717,-638
3921,-719,-637
3921,-718,-635
3923,-719,-633
3928,-719,-633
3933,-720,-637
3935,-716,-633
3937,-715,-631
3940,-717,-635
3939,-719,-638
3942,-721,-638
3943,-722,-640
3942,-725,-642
3943,-729,-644
3940,-728,-642
3940,-726,-640
3932,-729,-641
3931,-734,-641
3934,-734,-636
3931,-738,-635
3930,-737,-631
3928,-737,-629
3930,-739,-626
3932,-738,-629
3931,-738,-623
3927,-741,-623
3928,-741,-618
3929,-739,-617
3930,-742,-614
3928,-748,-613
3932,-747,-611
3929,-748,-607
3925,-751,-603
3931,-753,-603
3929,-755,-602
3925,-756,-601
3924,-757,-597
3930,-758,-595
3923,-758,-594
3915,-755,-598
3915,-754,-598
3911,-756,-597
3913,-759,-596
3914,-763,-593
3911,-764,-594
3914,-762,-595
3916,-758,-602
3914,-758,-600
3915,-759,-602
3915,-758,-602
3915,-762,-600
3916,-765,-602
3920,-765,-602
3921,-763,-604
3927,-764,-606
3926,-765,-609
3931,-766,-610
3931,-766,-612
3934,-763,-615
3934,-763,-621
3939,-763,-624
3940,-760,-625
3938,-756,-630
3934,-753,-636
3937,-756,-640
3940,-753,-640
3940,-752,-642
3942,-754,-642
3938,-754,-642
3933,-750,-641
3931,-753,-638
3930,-748,-634
3930,-745,-636
3929,-744,-634
3925,-743,-631
3932,-744,-628
3931,-745,-627
3929,-744,-629
3934,-743,-625
3937,-743,-624
3938,-738,-625
3934,-737,-623
3935,-735,-623
3924,-734,-619
3919,-733,-617
3910,-732,-616
3906,-734,-610
3907,-737,-604
3912,-733,-599
3918,-732,-595
3925,-732,-589
3932,-731,-583
3938,-730,-581
3940,-727,-580
3942,-730,-578
3941,-729,-584
3937,-733,-586
3928,-737,-593
3926,-742,-588
3924,-746,-587
3927,-755,-591
3923,-757,-588
3922,-760,-590
3919,-762,-589
3918,-767,-591
3918,-767,-598
3918,-767,-601
3911,-765,-604
3914,-768,-609
3917,-770,-616
3914,-775,-620
3917,-778,-624
3922,-780,-621
3923,-775,-624
3926,-777,-626
3931,-776,-630
3936,-777,-630
3943,-778,-631
3941,-777,-628
3942,-776,-631
3942,-777,-631
3944,-777,-628
3940,-777,-629
3943,-775,-628
3943,-772,-626
3944,-773,-626
3948,-770,-630
3949,-770,-626
3946,-773,-621
3946,-772,-620
3943,-773,-616
3943,-771,-613
3946,-771,-611
3944,-771,-606
3944,-775,-597
3939,-773,-595
3935,-774,-597
3938,-772,-593
3932,-771,-590
3930,-772,-589
3927,-773,-584
3925,-770,-581
3922,-770,-579
3920,-768,-580
3917,-768,-578
3918,-768,-578
3921,-769,-580
3921,-768,-578
3924,-767,-580
3922,-765,-583
3922,-767,-584
3923,-767,-578
3923,-767,-577
3924,-771,-576
3930,-772,-576
3932,-773,-576
3933,-775,-574
3933,-775,-574
3929,-775,-573
3927,-778,-576
3924,-783,-574
3922,-782,-573
3920,-781,-577
3920,-781,-580
3922,-780,-578
3924,-777,-579
3923,-777,-579
3925,-779,-579
3925,-778,-584
3930,-780,-585
3930,-784,-588
3935,-785,-589
3935,-782,-591
3938,-784,-594
3944,-785,-598
3943,-790,-599
3946,-789,-605
3951,-791,-610
3955,-791,-606
3957,-795,-611
3958,-793,-614
3959,-793,-614
3956,-793,-613
3952,-794,-613
3955,-793,-615
3958,-793,-620
3949,-790,-624
3945,-790,-620
3940,-790,-619
3937,-791,-617
3933,-796,-621
3928,-794,-619
3927,-793,-615
3925,-795,-617
3923,-794,-614
3920,-793,-615
3919,-796,-613
3922,-798,-612
3922,-794,-608
3922,-793,-608
3925,-788,-608
3929,-780,-604
3936,-779,-601
3928,-779,-600
3929,-777,-598
3925,-775,-593
3925,-774,-593
3920,-780,-592
3921,-778,-589
3921,-781,-587
3917,-780,-584
3919,-776,-580
3920,-779,-578
3921,-782,-575
3922,-784,-570
3922,-785,-572
3918,-788,-568
3923,-793,-573
3922,-796,-576
3925,-796,-576
3932,-801,-574
3931,-799,-576
3935,-802,-576
3940,-804,-575
3941,-802,-574
3940,-801,-573
3942,-804,-572
3945,-808,-573
3944,-810,-577
3952,-810,-577
3951,-810,-578
3947,-809,-584
3947,-806,-583
3945,-804,-582
3942,-804,-583
3942,-807,-584
3942,-807,-582
3935,-808,-580
3935,-810,-578
3929,-811,-578
3927,-811,-577
3925,-812,-578
3920,-809,-578
3919,-812,-580
3921,-811,-577
3917,-808,-577
3918,-808,-578
3915,-810,-579
3917,-810,-582
3915,-807,-582
3915,-809,-585
3916,-812,-588
3916,-811,-586
3919,-810,-587
3921,-809,-585
3925,-812,-581
3926,-818,-581
3931,-819,-583
3930,-819,-586
3932,-816,-585
3935,-814,-582
3941,-817,-584
3940,-816,-588
3940,-816,-592
3935,-815,-595
3927,-814,-595
3924,-811,-594
3911,-811,-596
3908,-812,-594
3906,-812,-583
3906,-810,-578
3911,-812,-576
3923,-808,-574
3930,-807,-574
3938,-807,-571
3943,-801,-572
3944,-803,-573
3944,-804,-576
3943,-806,-577
3938,-810,-575
3931,-808,-573
3925,-814,-573
3924,-816,-577
3927,-817,-573
3931,-818,-569
3929,-819,-568
3925,-817,-567
3920,-814,-566
3916,-813,-568
3915,-812,-572
3915,-809,-577
3915,-807,-580
3916,-808,-585
3917,-811,-585
3914,-808,-584
3914,-808,-584
3913,-810,-583
3916,-811,-580
3918,-811,-581
3925,-811,-580
3924,-811,-580
3922,-811,-579
3922,-811,-578
3919,-811,-574
3915,-812,-575
3919,-809,-576
3919,-810,-577
3918,-808,-580
3919,-808,-579
3922,-807,-580
3922,-804,-581
3921,-803,-581
3923,-805,-581
3925,-805,-579
3926,-800,-576
3929,-800,-577
3929,-800,-579
3926,-802,-583
3925,-806,-580
3925,-805,-579
3926,-802,-580
3923,-806,-579
3922,-804,-579
3918,-806,-581
3918,-806,-581
3922,-804,-580
3926,-803,-582
3925,-804,-579
3926,-803,-580
3928,-802,-578
3928,-804,-578
3927,-806,-580
3924,-803,-578
3921,-803,-583
3917,-808,-583
3915,-805,-581
3915,-806,-582
3917,-806,-583
3915,-807,-577
3914,-805,-574
3914,-806,-570
3913,-800,-564
3909,-794,-563
3913,-795,-564
3914,-795,-564
3912,-796,-567
3913,-798,-571
3913,-796,-568
3915,-794,-567
3914,-791,-565
3916,-791,-567
3917,-791,-569
3916,-788,-573
3918,-787,-568
3917,-786,-571
3917,-785,-571
3921,-785,-576
3921,-786,-578
3923,-788,-581
3922,-789,-584
3926,-787,-585
3922,-786,-592
3929,-783,-589
3929,-785,-587
3928,-782,-588
3925,-785,-587
3924,-785,-588
3922,-786,-591
3924,-788,-591
3929,-788,-589
3928,-791,-590
3927,-792,-591
3929,-793,-589
3926,-792,-588
3931,-790,-592
3930,-790,-594
3934,-790,-593
3937,-791,-591
3938,-792,-588
3937,-790,-584
3936,-791,-584
3935,-788,-585
3932,-789,-582
3936,-788,-581
3938,-785,-583
3938,-784,-587
3936,-783,-583
3935,-782,-583
3934,-785,-580
3934,-780,-575
3925,-781,-577
3909,-783,-581
3928,-781,-580
3944,-777,-568
3943,-777,-562
3937,-776,-564
3930,-777,-565
3925,-775,-565
3926,-778,-565
3926,-773,-564
3926,-771,-560
3925,-774,-560
3926,-772,-552
3928,-769,-549
3928,-769,-548
3929,-770,-547
3930,-772,-544
3929,-777,-547
3927,-778,-548
3930,-778,-551
3929,-779,-554
3924,-782,-556
3921,-785,-556
3916,-784,-559
3921,-784,-565
3918,-787,-567
3920,-789,-567
3918,-788,-567
3923,-792,-569
3927,-794,-569
3928,-795,-576
3931,-796,-579
3932,-800,-580
3934,-802,-586
3934,-802,-593
3931,-805,-596
3932,-810,-599
3931,-814,-602
3936,-817,-604
3938,-822,-605
3936,-828,-612
3934,-824,-612
3932,-825,-611
3933,-831,-610
3927,-831,-604
3925,-831,-609
3926,-830,-606
3924,-833,-608
3924,-833,-608
3929,-831,-605
3934,-830,-599
3931,-829,-597
3936,-823,-591
3940,-820,-592
3941,-818,-593
3942,-810,-591
3945,-810,-593
3938,-805,-590
3935,-801,-589
3925,-798,-584
3919,-797,-581
3914,-800,-573
3912,-795,-574
3912,-791,-567
3912,-789,-563
3914,-788,-556
3925,-786,-551
3935,-782,-549
3944,-778,-546
3948,-774,-547
3952,-773,-549
3951,-770,-552
3947,-768,-556
3942,-768,-559
3936,-772,-558
3934,-772,-557
3925,-777,-553
3925,-776,-551
3922,-781,-550
3919,-780,-553
3915,-780,-554
3913,-786,-564
3907,-790,-567
3906,-788,-572
3909,-791,-577
3917,-793,-586
3923,-791,-587
3928,-790,-584
3925,-794,-586
3922,-796,-589
3914,-797,-589
3913,-797,-590
3916,-798,-589
3920,-803,-586
3924,-804,-587
3921,-803,-585
3918,-805,-588
3918,-810,-588
3920,-813,-589
3921,-813,-582
3921,-813,-578
3922,-815,-575
3927,-815,-577
3926,-816,-575
3925,-814,-569
3927,-813,-568
3932,-812,-565
3935,-814,-564
3938,-816,-560
3939,-814,-557
3942,-811,-557
3939,-812,-562
3930,-820,-559
3937,-817,-561
3943,-808,-555
3949,-806,-552
3947,-807,-552
3926,-808,-549
3831,-840,-538
3790,-885,-566
3848,-842,-584
3912,-786,-545
3957,-779,-534
3972,-771,-542
3965,-753,-543
3961,-763,-553
3954,-768,-561
3938,-759,-560
3926,-754,-562
3932,-752,-564
3937,-755,-563
3943,-753,-558
3944,-754,-552
3942,-770,-547
3941,-793,-549
3949,-812,-551
3950,-821,-551
3951,-829,-563
3949,-828,-569
3947,-821,-575
3941,-824,-578
3939,-824,-577
3936,-826,-579
3938,-828,-575
3940,-830,-577
3940,-832,-580
3939,-832,-581
3936,-834,-582
3932,-832,-581
3931,-831,-581
3930,-827,-583
3933,-824,-582
3937,-822,-584
3938,-821,-586
3939,-822,-584
3940,-825,-581
3943,-828,-577
3942,-833,-572
3945,-831,-568
3947,-831,-571
3947,-828,-570
3948,-826,-571
3950,-824,-572
3949,-820,-567
3948,-819,-571
3949,-816,-572
3950,-815,-573
3946,-817,-574
3944,-814,-573
3943,-812,-575
3944,-812,-579
3940,-808,-575
3939,-804,-572
3938,-805,-571
3937,-802,-566
3936,-794,-571
3930,-794,-575
3932,-795,-574
3929,-797,-577
3924,-795,-585
3922,-794,-592
3921,-795,-591
3922,-793,-594
3921,-791,-595
3926,-793,-598
3921,-792,-602
3920,-796,-607
3918,-797,-610
3918,-797,-605
3916,-796,-606
3915,-799,-604
3913,-802,-607
3913,-804,-600
3906,-805,-597
3904,-809,-592
3904,-818,-588
3907,-821,-583
3908,-826,-577
3909,-826,-568
3909,-825,-562
3910,-829,-558
3912,-832,-553
3918,-836,-554
3916,-840,-551
3920,-842,-549
3920,-846,-546
3927,-847,-550
3924,-846,-543
3926,-848,-545
3921,-846,-551
3924,-844,-552
3925,-843,-552
3930,-845,-555
3930,-847,-554
3931,-847,-553
3930,-844,-556
3926,-842,-552
3934,-840,-546
3938,-840,-548
3923,-840,-552
3921,-840,-557
3913,-841,-567
3914,-843,-577
3926,-849,-577
3928,-849,-579
3922,-847,-579
3918,-851,-587
3917,-844,-590
3914,-844,-593
3916,-849,-593
3919,-851,-594
3920,-852,-598
3921,-852,-598
3920,-856,-602
3920,-854,-607
3924,-852,-611
3930,-849,-607
3932,-845,-611
3940,-843,-608
3943,-836,-602
3944,-828,-599
3948,-827,-597
3945,-821,-595
3945,-815,-593
3944,-814,-598
3944,-815,-601
3937,-809,-603
3930,-804,-598
3918,-797,-598
3911,-789,-597
3910,-783,-589
3910,-778,-583
3912,-770,-578
3920,-767,-572
3924,-761,-568
3931,-756,-570
3935,-754,-574
3935,-757,-578
3933,-754,-584
3937,-748,-589
3931,-747,-586
3929,-745,-584
3926,-744,-583
3923,-747,-583
3922,-750,-583
3924,-750,-572
3923,-747,-561
3922,-745,-563
3931,-749,-574
3932,-758,-574
3931,-763,-565
3924,-754,-568
3925,-753,-574
3928,-757,-580
3928,-767,-573
3924,-766,-570
3922,-766,-576
3924,-770,-580
3928,-772,-582
3929,-781,-576
3927,-783,-577
3922,-786,-580
3925,-787,-584
3927,-787,-582
3932,-788,-581
3934,-785,-581
3926,-787,-580
3923,-791,-580
3921,-794,-582
3924,-798,-580
3926,-798,-573
3928,-800,-567
3924,-803,-569
3928,-799,-571
3932,-796,-571
3932,-798,-571
3936,-801,-572
3941,-802,-573
3943,-799,-572
3946,-799,-573
3942,-797,-570
3944,-799,-568
3944,-795,-568
3942,-797,-565
3930,-793,-566
3930,-788,-565
3926,-785,-563
3926,-782,-561
3930,-783,-558
3928,-784,-559
3924,-781,-556
3925,-781,-560
3924,-781,-559
3923,-779,-561
3920,-779,-561
3926,-783,-563
3921,-786,-566
3920,-781,-569
3924,-782,-571
3922,-779,-570
3922,-779,-568
3922,-780,-571
3923,-779,-570
3924,-780,-573
3920,-781,-571
3921,-779,-577
3919,-783,-578
3920,-790,-575
3922,-790,-578
3923,-790,-579
3920,-789,-584
3922,-791,-581
3926,-792,-584
3928,-793,-584
3925,-793,-587
3922,-796,-592
3924,-802,-594
3926,-800,-596
3924,-799,-598
3928,-797,-596
3936,-795,-593
3937,-794,-592
3938,-796,-596
3937,-798,-598
3933,-799,-602
3930,-799,-599
3929,-799,-600
3929,-800,-600
3930,-797,-597
3930,-798,-595
3928,-798,-595
3927,-796,-589
3923,-797,-584
3920,-797,-580
3923,-796,-578
3927,-797,-578
3924,-795,-579
3925,-793,-584
3929,-792,-580
3925,-793,-583
3931,-790,-577
3925,-785,-576
3925,-785,-577
3927,-786,-576
3926,-788,-580
3924,-789,-577
3921,-791,-577
3921,-793,-576
3921,-794,-577
3922,-796,-578
3921,-793,-579
3919,-792,-578
3921,-794,-581
3918,-796,-582
3920,-803,-582
3920,-799,-576
3920,-800,-574
3926,-805,-572
3923,-804,-571
3922,-802,-570
3925,-800,-571
3932,-799,-571
3930,-799,-573
3931,-801,-574
3930,-802,-570
3929,-804,-567
3931,-799,-567
3928,-793,-571
3929,-794,-573
3929,-798,-573
3930,-798,-571
3932,-796,-570
3930,-798,-568
3931,-800,-569
3934,-802,-571
3937,-802,-574
3933,-799,-576
3933,-797,-576
3935,-792,-576
3929,-792,-578
3933,-789,-573
3936,-787,-572
3934,-786,-570
3934,-786,-568
3932,-783,-570
3933,-782,-572
3933,-780,-576
3934,-781,-580
3929,-778,-581
3927,-777,-581
3929,-777,-584
3931,-773,-582
3933,-770,-579
3934,-768,-580
3932,-765,-585
3933,-766,-587
3929,-764,-592
3927,-759,-593
3925,-756,-593
3927,-756,-597
3931,-757,-598
3930,-756,-599
3930,-752,-598
3927,-750,-593
3932,-747,-594
3935,-742,-592
3939,-741,-591
3934,-740,-589
3938,-735,-593
3937,-737,-594
3929,-737,-597
3923,-735,-597
3912,-735,-600
3907,-737,-603
3902,-737,-598
3903,-732,-596
3909,-733,-590
3913,-736,-587
3920,-738,-584
3928,-738,-585
3935,-744,-589
3939,-747,-587
3940,-749,-592
3942,-749,-596
3941,-756,-598
3940,-757,-596
3936,-762,-599
3934,-767,-597
3933,-772,-597
3936,-773,-595
3938,-777,-594
3939,-778,-593
3933,-780,-593
3937,-779,-601
3939,-777,-599
3937,-777,-598
3937,-776,-604
3940,-781,-608
3941,-779,-609
3940,-780,-609
3941,-777,-609
3942,-780,-611
3944,-777,-613
3948,-778,-611
3947,-783,-612
3951,-785,-614
3950,-781,-613
3949,-785,-609
3946,-783,-608
3945,-783,-608
3943,-779,-606
3942,-780,-604
3941,-774,-602
3938,-773,-597
3932,-771,-594
3930,-769,-597
3930,-766,-597
3929,-766,-592
3923,-765,-589
3921,-766,-585
3923,-764,-587
3923,-763,-588
3923,-763,-583
3929,-764,-581
3933,-764,-584
3935,-758,-585
3936,-757,-585
3932,-755,-586
3928,-758,-587
3923,-756,-590
3924,-753,-592
3926,-752,-589
3923,-756,-587
3923,-753,-585
3923,-751,-582
3925,-751,-583
3925,-753,-587
3925,-754,-590
3931,-755,-585
3932,-756,-587
3934,-755,-587
3934,-760,-592
3931,-761,-593
3927,-766,-592
3925,-765,-593
3931,-766,-592
3932,-765,-590
3932,-767,-591
3933,-766,-588
3932,-770,-590
3933,-774,-593
3937,-779,-596
3939,-781,-596
3937,-790,-595
3937,-789,-592
3937,-791,-586
3935,-789,-587
3937,-791,-586
3935,-794,-585
3935,-794,-585
3937,-792,-580
3931,-795,-588
3932,-789,-580
3934,-780,-580
3929,-787,-579
3931,-793,-585
3929,-792,-586
3927,-792,-584
3927,-792,-584
3923,-791,-581
3922,-791,-583
3920,-788,-584
3928,-787,-586
3922,-792,-585
3928,-791,-587
3929,-791,-584
3929,-793,-586
3928,-792,-586
3934,-793,-584
3935,-787,-583
3932,-783,-584
3933,-779,-582
3929,-778,-581
3934,-775,-581
3936,-775,-582
3938,-775,-583
3939,-774,-578
3940,-777,-578
3937,-776,-583
3936,-779,-587
3938,-779,-587
3937,-776,-588
3933,-776,-586
3933,-774,-589
3935,-773,-590
3934,-777,-592
3936,-777,-598
3932,-777,-596
3933,-778,-595
3932,-778,-597
3934,-777,-601
3937,-781,-599
3934,-779,-600
3931,-779,-599
3934,-774,-596
3933,-775,-594
3937,-774,-594
3937,-774,-595
3939,-776,-593
3934,-776,-595
3928,-773,-594
3931,-775,-593
3928,-776,-592
3933,-775,-589
3934,-774,-589
3934,-774,-588
3937,-777,-587
3938,-777,-590
3934,-778,-586
3936,-778,-585
3934,-776,-591
3935,-775,-595
3937,-774,-593
3936,-773,-599
3936,-774,-608
3937,-773,-598
3938,-770,-592
3935,-766,-604
3943,-768,-603
3941,-766,-595
3941,-767,-591
3937,-772,-585
3939,-772,-583
3940,-771,-587
3943,-770,-585
3942,-767,-588
3939,-768,-592
3939,-774,-593
3944,-770,-589
3942,-770,-588
3941,-767,-585
3941,-763,-586
3938,-762,-586
3936,-759,-586
3936,-762,-590
3935,-762,-593
3936,-758,-587
3935,-757,-581
3932,-756,-575
3930,-758,-572
3927,-759,-571
3931,-760,-570
3935,-763,-570
3937,-764,-573
3935,-760,-570
3935,-759,-570
3936,-753,-576
3930,-749,-580
3926,-752,-583
3920,-750,-586
3914,-751,-585
3909,-746,-581
3910,-744,-577
3912,-745,-574
3915,-743,-567
3923,-745,-565
3932,-747,-563
3938,-747,-565
3941,-750,-571
3945,-752,-575
3950,-752,-580
3948,-751,-585
3944,-753,-590
3944,-756,-591
3943,-760,-590
3944,-766,-589
3940,-770,-591
3943,-775,-592
3941,-773,-592
3941,-774,-595
3937,-774,-591
3936,-773,-595
3932,-776,-594
3927,-775,-597
3927,-774,-596
3927,-773,-601
3921,-777,-604
3919,-775,-604
3923,-778,-604
3922,-776,-598
3922,-775,-600
3921,-773,-596
3923,-776,-594
3926,-777,-590
3926,-776,-586
3927,-772,-583
3921,-772,-580
3924,-773,-577
3928,-773,-580
3926,-778,-579
3925,-780,-578
3923,-781,-575
3920,-780,-575
3919,-778,-575
3923,-774,-572
3925,-774,-570
3924,-773,-568
3926,-769,-570
3929,-770,-565
3935,-769,-562
3934,-769,-563
3937,-766,-565
3934,-759,-568
3931,-759,-567
3933,-759,-573
3930,-756,-574
3921,-758,-579
3918,-757,-580
3916,-758,-583
3915,-755,-584
3913,-753,-581
3911,-754,-583
3916,-753,-585
3919,-748,-584
3921,-746,-587
3924,-749,-588
3925,-754,-592
3927,-753,-593
3930,-756,-595
3931,-753,-592
3930,-755,-589
3929,-757,-587
3932,-760,-583
3933,-763,-581
3935,-766,-578
3931,-767,-578
3928,-764,-580
3926,-761,-579
3926,-759,-581
3920,-756,-584
3920,-756,-583
3925,-759,-584
3924,-757,-585
3922,-760,-584
3924,-764,-579
3923,-761,-578
3922,-761,-578
3919,-757,-580
3918,-758,-572
3919,-758,-571
3926,-759,-574
3926,-760,-570
3924,-763,-570
3925,-762,-568
3925,-758,-567
3924,-757,-568
3929,-761,-574
3930,-756,-577
3926,-758,-577
3928,-756,-583
3926,-758,-584
3929,-760,-581
3928,-755,-579
3931,-755,-582
3929,-762,-588
3935,-766,-590
3932,-769,-591
3930,-772,-592
3930,-768,-596
3933,-770,-595
3933,-772,-594
3937,-772,-594
3941,-773,-598
3940,-773,-596
3936,-770,-599
3939,-768,-601
3943,-774,-604
3943,-776,-602
3943,-776,-605
3941,-778,-603
3942,-778,-608
3942,-776,-610
3944,-774,-612
3941,-775,-613
3940,-777,-609
3936,-780,-611
3937,-780,-608
3934,-779,-598
3937,-780,-593
3930,-781,-585
3929,-782,-581
3928,-782,-584
3934,-783,-581
3936,-784,-576
3937,-783,-577
3932,-782,-580
3931,-784,-582
3930,-781,-577
3932,-783,-571
3934,-782,-571
3938,-783,-570
3934,-785,-565
3933,-784,-563
3929,-783,-561
3931,-785,-561
3931,-785,-562
3934,-787,-563
3935,-788,-563
3932,-787,-562
3927,-785,-564
3923,-784,-564
3920,-778,-561
3918,-781,-559
3919,-781,-561
3922,-783,-559
3923,-780,-558
3921,-786,-561
3919,-785,-564
3920,-784,-563
3920,-782,-566
3925,-782,-570
3929,-781,-569
3933,-783,-570
3932,-786,-572
3929,-789,-574
3927,-789,-582
3929,-789,-581
3926,-789,-580
3926,-792,-580
3930,-795,-584
3930,-797,-583
3933,-798,-583
3936,-794,-584
3940,-791,-583
3940,-794,-584
3938,-792,-589
3941,-791,-590
3941,-788,-588
3939,-789,-588
3934,-787,-588
3928,-785,-587
3918,-785,-587
3910,-783,-587
3908,-785,-582
3904,-786,-579
3907,-784,-574
3911,-783,-568
3912,-781,-565
3923,-782,-564
3935,-778,-562
3938,-780,-560
3942,-778,-558
3941,-775,-561
3943,-776,-566
3944,-776,-568
3941,-780,-566
3938,-789,-567
3931,-793,-564
3927,-796,-563
3929,-797,-558
3932,-796,-557
3928,-796,-556
3924,-797,-553
3926,-797,-556
3922,-801,-559
3920,-803,-565
3924,-806,-569
3926,-808,-568
3925,-807,-570
3926,-809,-576
3928,-809,-577
3930,-811,-579
3936,-806,-578
3936,-807,-580
3930,-805,-585
3931,-806,-583
3934,-805,-582
3935,-805,-582
3930,-807,-582
3934,-810,-585
3938,-806,-580
3939,-802,-578
3940,-803,-578
3940,-805,-579
3932,-805,-581
3930,-801,-580
3935,-802,-578
3935,-797,-578
3935,-799,-579
3936,-798,-579
3936,-793,-579
3936,-794,-581
3937,-796,-580
3939,-796,-585
3941,-797,-588
3942,-793,-585
3941,-793,-581
3937,-798,-583
3934,-800,-585
3930,-803,-586
3926,-803,-583
3930,-803,-580
3928,-807,-583
3924,-807,-580
3924,-807,-580
3911,-815,-587
3922,-811,-590
3935,-804,-588
3940,-810,-578
3939,-809,-581
3933,-809,-582
3932,-810,-588
3932,-811,-581
3928,-813,-580
3923,-813,-578
3931,-818,-574
3936,-819,-572
3937,-821,-572
3934,-817,-571
3933,-817,-571
3935,-819,-569
3935,-820,-572
3933,-821,-572
3936,-815,-573
3935,-817,-571
3931,-816,-574
3935,-812,-572
3940,-809,-572
3942,-809,-569
3939,-802,-567
3938,-801,-568
3941,-801,-568
3941,-801,-568
3940,-800,-570
3939,-801,-568
3941,-798,-569
3940,-799,-568
3942,-797,-568
3940,-796,-568
3940,-795,-564
3938,-791,-565
3934,-792,-562
3935,-791,-561
3934,-788,-563
3928,-789,-562
3922,-790,-562
3920,-788,-566
3918,-788,-563
3921,-786,-563
3919,-782,-567
3916,-786,-570
3916,-789,-571
3919,-793,-573
3925,-793,-567
3925,-798,-568
3927,-798,-570
3930,-800,-567
3927,-798,-564
3926,-795,-563
3922,-796,-570
3926,-798,-574
3934,-801,-569
3936,-799,-572
3937,-794,-563
3930,-790,-555
3926,-790,-559
3921,-789,-562
3922,-792,-561
3929,-791,-556
3928,-784,-565
3928,-781,-571
3933,-780,-573
3931,-780,-568
3931,-778,-568
3924,-783,-571
3927,-779,-575
3927,-775,-576
3928,-778,-575
3927,-778,-574
3934,-778,-570
3935,-781,-569
3934,-783,-568
3935,-781,-568
3935,-784,-569
3939,-781,-566
3939,-781,-568
3935,-780,-568
3939,-781,-566
3937,-778,-564
3938,-779,-567
3936,-778,-571
3935,-775,-579
3936,-774,-581
3938,-776,-586
3937,-773,-584
3933,-771,-585
3936,-770,-581
3932,-768,-577
3933,-770,-580
3936,-771,-577
3937,-776,-577
3932,-778,-579
3930,-780,-580
3931,-781,-581
3934,-788,-585
3935,-787,-586
3939,-790,-585
3935,-794,-583
3933,-798,-582
3934,-803,-581
3935,-807,-579
3935,-809,-581
3931,-809,-579
3931,-814,-581
3934,-814,-579
3936,-817,-577
3936,-822,-577
3936,-824,-576
3936,-820,-570
3938,-819,-564
3941,-817,-565
3939,-814,-563
3937,-811,-568
3939,-807,-572
3931,-806,-571
3920,-803,-572
3908,-797,-568
3897,-798,-564
3891,-792,-557
3891,-791,-554
3895,-784,-555
3904,-778,-549
3917,-777,-539
3925,-777,-539
3932,-777,-544
3937,-778,-550
3941,-774,-552
3942,-773,-556
3942,-773,-565
3940,-777,-568
3940,-776,-570
3938,-777,-579
3933,-777,-579
3929,-781,-575
3926,-782,-571
3927,-785,-573
3926,-789,-576
3924,-790,-581
3921,-794,-584
3920,-793,-587
3921,-796,-587
3918,-800,-593
3918,-800,-597
3923,-798,-604
3925,-800,-599
3925,-804,-596
3933,-807,-596
3937,-810,-593
3938,-809,-592
3942,-810,-591
3946,-812,-587
3949,-811,-588
3947,-810,-587
3949,-808,-581
3949,-808,-576
3952,-805,-576
3951,-805,-574
3947,-802,-571
3947,-801,-571
3941,-796,-567
3940,-789,-555
3933,-783,-547
3930,-778,-546
3932,-776,-549
3939,-778,-545
3939,-775,-542
3935,-771,-548
3930,-769,-547
3930,-764,-552
3933,-761,-551
3927,-764,-549
3926,-762,-551
3917,-762,-551
3914,-756,-552
3912,-753,-552
3908,-753,-551
3905,-754,-550
3910,-754,-549
3909,-754,-549
3912,-755,-548
3914,-756,-552
3921,-756,-555
3923,-755,-555
3929,-756,-568
3933,-757,-568
3934,-758,-563
3933,-760,-565
3933,-764,-565
3935,-771,-561
3938,-772,-563
3939,-771,-570
3940,-773,-574
3939,-772,-575
3939,-772,-580
3937,-777,-584
3936,-782,-582
3935,-779,-579
3931,-775,-572
3932,-780,-570
3926,-780,-575
3924,-781,-573
3929,-784,-573
3925,-787,-572
3925,-788,-568
3922,-788,-565
3927,-787,-563
3932,-787,-567
3935,-789,-566
3928,-789,-566
3931,-786,-563
3930,-786,-562
3934,-787,-562
3928,-789,-561
3930,-789,-558
3927,-788,-559
3927,-787,-561
3932,-788,-562
3932,-788,-558
3932,-786,-558
3929,-789,-553
3932,-791,-553
3935,-790,-551
3936,-790,-551
3930,-793,-551
3931,-795,-550
3929,-795,-549
3933,-799,-550
3934,-802,-549
3928,-797,-549
3927,-795,-554
3924,-794,-554
3925,-792,-554
3929,-797,-558
3928,-794,-561
3927,-796,-563
3924,-797,-562
3922,-796,-566
3928,-797,-571
3932,-794,-573
3933,-798,-576
3937,-798,-581
3934,-801,-581
3926,-798,-570
3920,-797,-556
3916,-794,-552
3920,-796,-553
3924,-803,-557
3927,-804,-561
3925,-812,-569
3925,-811,-572
3929,-810,-579
3934,-811,-581
3930,-807,-581
3927,-801,-582
3926,-800,-579
3923,-800,-580
3920,-803,-578
3921,-806,-575
3924,-809,-575
3923,-816,-579
3925,-813,-580
3927,-817,-577
3926,-816,-572
3924,-815,-574
3922,-815,-574
3918,-816,-569
3919,-818,-569
3922,-819,-574
3924,-819,-574
3923,-815,-574
3922,-819,-576
3920,-813,-572
3921,-814,-568
3921,-812,-564
3925,-810,-565
3925,-805,-563
3927,-804,-566
3933,-803,-562
3934,-801,-561
3932,-797,-562
3938,-796,-562
3943,-794,-559
3947,-792,-556
3948,-788,-555
3950,-783,-558
3948,-780,-555
3946,-777,-555
3946,-772,-559
3943,-767,-559
3943,-764,-563
3935,-762,-566
3924,-758,-566
3920,-755,-565
3916,-752,-560
3912,-752,-555
3915,-750,-549
3921,-744,-545
3927,-745,-545
3934,-744,-544
3937,-742,-543
3938,-745,-547
3938,-743,-550
3936,-743,-559
3935,-748,-560
3934,-749,-562
3932,-755,-560
3936,-758,-559
3937,-766,-559
3938,-766,-557
3938,-769,-554
3939,-775,-552
3938,-779,-555
3934,-778,-556
3936,-781,-562
3932,-789,-562
3929,-791,-568
3926,-792,-572
3926,-793,-571
3922,-796,-573
3924,-795,-569
3929,-796,-569
3927,-798,-569
3926,-797,-567
3929,-798,-566
3934,-798,-564
3934,-796,-568
3936,-796,-566
3938,-795,-564
3938,-791,-564
3936,-794,-562
3937,-794,-558
3934,-794,-556
3936,-797,-556
3936,-796,-556
3938,-792,-552
3940,-788,-553
3935,-785,-559
3934,-783,-560
3936,-778,-564
3938,-779,-564
3941,-778,-568
3942,-776,-564
3945,-780,-564
3949,-780,-562
3956,-777,-565
3958,-775,-560
3957,-777,-562
3960,-776,-564
3956,-779,-565
3954,-777,-564
3955,-771,-566
3952,-768,-564
3950,-766,-566
3952,-762,-564
3950,-759,-560
3947,-763,-561
3944,-761,-565
3943,-758,-564
3941,-758,-568
3932,-753,-565
3925,-750,-560
3923,-748,-558
3928,-743,-554
3930,-743,-554
3935,-743,-552
3939,-745,-550
3942,-744,-547
3947,-747,-541
3949,-748,-537
3950,-746,-532
3956,-749,-526
3958,-748,-526
3954,-749,-524
3953,-744,-520
3957,-740,-518
3952,-733,-515
3952,-729,-514
3952,-730,-513
3958,-726,-513
3959,-726,-515
3955,-722,-516
3957,-715,-516
3955,-712,-514
3953,-707,-513
3951,-705,-513
3954,-705,-517
3951,-708,-516
3950,-713,-517
3947,-713,-526
3943,-718,-526
3941,-716,-525
3939,-721,-525
3937,-725,-525
3938,-729,-524
3940,-732,-526
3942,-733,-524
3940,-735,-526
3937,-735,-517
3932,-736,-517
3929,-733,-519
3926,-736,-522
3926,-737,-521
3928,-736,-525
3932,-734,-523
3936,-730,-524
3938,-726,-524
3943,-726,-525
3949,-724,-530
3952,-721,-530
3960,-712,-535
3964,-708,-536
3961,-703,-534
3966,-699,-542
3973,-694,-543
3973,-687,-549
3977,-684,-550
3980,-679,-549
3981,-673,-545
3985,-664,-546
3984,-657,-548
3985,-647,-552
3989,-639,-556
3988,-637,-558
3992,-632,-557
3987,-628,-553
3990,-621,-555
3988,-621,-553
3982,-618,-554
3980,-611,-550
3979,-610,-542
3975,-604,-534
3971,-604,-530
3970,-603,-519
3969,-603,-512
3970,-596,-502
3967,-603,-499
3963,-603,-498
3957,-604,-500
3952,-602,-490
3942,-600,-478
3933,-600,-469
3931,-597,-464
3926,-597,-457
3921,-596,-451
3918,-596,-450
3908,-596,-443
3903,-596,-439
3900,-594,-436
3900,-598,-434
3899,-601,-432
3901,-601,-424
3900,-598,-414
3906,-595,-410
3909,-597,-412
3917,-597,-412
3919,-600,-414
3926,-602,-424
3930,-602,-428
3937,-596,-433
3943,-595,-433
3949,-590,-435
3947,-585,-434
3949,-586,-428
3951,-579,-420
3946,-576,-416
3943,-572,-410
3942,-563,-404
3941,-562,-400
3941,-559,-402
3942,-559,-400
3941,-555,-405
3935,-552,-409
3922,-546,-406
3906,-537,-411
3889,-529,-409
3878,-522,-411
3869,-521,-414
3860,-523,-420
3848,-515,-416
3851,-516,-403
3864,-518,-404
3870,-516,-403
3874,-507,-400
3875,-506,-401
3875,-500,-403
3875,-496,-407
3881,-490,-412
3879,-486,-418
3877,-481,-423
3874,-479,-429
3875,-475,-436
3881,-475,-433
3889,-481,-435
3898,-482,-432
3904,-486,-430
3910,-484,-425
3913,-483,-421
3923,-478,-423
3931,-472,-421
3934,-465,-420
3936,-468,-419
3942,-470,-418
3947,-475,-420
3955,-477,-415
3955,-480,-414
3955,-482,-418
3951,-482,-413
3948,-480,-408
3947,-478,-409
3956,-477,-408
3957,-478,-403
3953,-473,-402
3952,-469,-401
3947,-461,-399
3947,-460,-397
3945,-461,-394
3947,-466,-389
3947,-467,-377
3955,-466,-368
3957,-465,-363
3958,-456,-357
3959,-449,-352
3950,-440,-346
3947,-439,-344
3947,-435,-344
3945,-429,-351
3949,-430,-356
3954,-429,-356
3958,-433,-354
3960,-436,-343
3964,-440,-343
3970,-447,-341
3976,-445,-333
3977,-443,-329
3986,-449,-328
3997,-453,-320
4009,-459,-313
4021,-460,-300
4022,-462,-295
4016,-458,-291
4006,-450,-285
4003,-445,-288
4003,-440,-280
4007,-438,-272
4013,-435,-269
4009,-429,-272
4005,-425,-278
4001,-418,-288
4003,-417,-290
3998,-411,-285
3989,-403,-284
3986,-397,-281
3978,-382,-284
3972,-371,-291
3959,-363,-296
3952,-360,-307
3933,-348,-317
3921,-337,-325
3916,-328,-331
3912,-317,-333
3915,-315,-331
3922,-314,-334
3925,-312,-336
3923,-312,-343
3921,-313,-344
3926,-311,-345
3927,-305,-346
3926,-303,-347
3927,-307,-340
3935,-313,-335
3941,-315,-332
3941,-310,-332
3932,-308,-325
3919,-303,-322
3905,-299,-326
3894,-297,-321
3892,-295,-317
3897,-293,-307
3904,-296,-300
3905,-301,-294
3903,-307,-294
3900,-313,-289
3896,-313,-287
3898,-312,-285
3897,-315,-275
3900,-317,-273
3898,-317,-270
3900,-325,-266
3896,-331,-262
3889,-333,-261
3885,-340,-258
3880,-340,-255
3872,-342,-249
3864,-349,-244
3849,-348,-243
3833,-342,-238
3804,-341,-232
3782,-338,-236
3762,-336,-246
3754,-329,-254
3756,-320,-253
3755,-319,-254
3751,-320,-258
3742,-319,-257
3727,-325,-254
3705,-328,-250
3688,-328,-250
3662,-328,-250
3635,-322,-253
3626,-319,-248
3633,-319,-240
3645,-325,-233
3653,-329,-222
3668,-331,-219
3663,-332,-222
3670,-325,-216
3694,-328,-212
3707,-327,-208
3719,-323,-209
3727,-325,-211
3725,-326,-218
3722,-324,-227
3714,-327,-236
3703,-329,-240
3704,-329,-240
3697,-326,-240
3686,-326,-239
3686,-319,-239
3685,-317,-244
3688,-315,-246
3691,-312,-239
3696,-311,-236
3706,-311,-238
3712,-310,-243
3717,-314,-248
3732,-314,-247
3743,-307,-240
3740,-307,-234
3724,-303,-239
3716,-298,-244
3715,-299,-251
3707,-297,-254
3701,-307,-261
3684,-308,-249
3673,-313,-234
3665,-317,-238
3657,-309,-246
3669,-301,-241
3684,-300,-242
3684,-305,-243
3682,-312,-247
3692,-310,-241
3701,-306,-235
3705,-303,-229
3714,-307,-232
3722,-315,-229
3739,-316,-223
3753,-321,-223
3767,-320,-222
3762,-318,-219
3758,-317,-219
3764,-320,-224
3772,-321,-218
3780,-325,-218
3791,-328,-203
3814,-331,-198
3833,-329,-194
3856,-332,-197
3891,-337,-199
3925,-345,-201
3958,-359,-199
4002,-369,-194
4048,-380,-190
4087,-393,-188
4132,-400,-182
4182,-406,-176
4223,-407,-170
4262,-411,-174
4281,-412,-178
4301,-417,-180
4312,-427,-178
4313,-431,-173
4310,-434,-166
4305,-442,-162
4298,-443,-161
4291,-445,-157
4287,-445,-152
4275,-435,-150
4265,-425,-155
4259,-418,-164
4243,-411,-176
4231,-405,-187
4216,-401,-199
4210,-399,-206
4209,-397,-210
4204,-395,-212
4202,-390,-215
4193,-384,-228
4183,-384,-247
4159,-379,-264
4131,-373,-279
4104,-364,-290
4077,-349,-291
4045,-333,-291
4023,-326,-297
3994,-303,-301
3980,-281,-310
3966,-264,-316
3951,-251,-320
3942,-243,-323
3927,-233,-322
3909,-226,-315
3895,-222,-307
3885,-221,-300
3873,-219,-293
3866,-218,-282
3856,-223,-271
3850,-228,-246
3846,-241,-222
3843,-255,-203
3842,-264,-182
3842,-277,-163
3845,-289,-143
3841,-303,-124
3845,-315,-109
3842,-317,-85
3840,-319,-70
3837,-320,-49
3833,-321,-31
3834,-323,-23
3847,-323,-16
3865,-326,-17
3877,-322,-15
3887,-316,-17
3892,-302,-21
3889,-279,-22
3894,-263,-27
3893,-252,-26
3885,-244,-31
3883,-239,-28
3883,-238,-27
3871,-234,-33
3861,-232,-42
3851,-231,-49
3840,-228,-49
3831,-224,-49
3820,-217,-53
3801,-208,-55
3788,-202,-56
3769,-199,-60
3745,-191,-66
3725,-182,-67
3706,-177,-60
3694,-174,-58
3687,-176,-60
3675,-181,-59
3669,-183,-65
3666,-187,-72
3663,-190,-80
3671,-188,-85
3679,-188,-94
3695,-186,-107
3714,-182,-125
3734,-174,-142
3751,-165,-159
3769,-160,-167
3788,-151,-168
3803,-141,-168
3820,-136,-170
3826,-123,-159
3836,-115,-160
3845,-109,-157
3847,-102,-152
3848,-98,-152
3844,-91,-154
3844,-85,-161
3833,-72,-168
3819,-59,-170
3801,-56,-171
3782,-44,-173
3759,-31,-177
3734,-16,-187
3707,-2,-222
3670,17,-269
3627,34,-316
3577,44,-357
3527,52,-384
3480,60,-402
3439,67,-412
3405,85,-419
3388,100,-415
3370,122,-412
3360,150,-406
3350,175,-394
3336,202,-372
3330,226,-350
3320,249,-332
3314,273,-324
3294,299,-320
3265,321,-321
3228,337,-330
3190,350,-350
3154,364,-369
3123,378,-401
3087,388,-433
3064,394,-478
3050,403,-515
3053,403,-551
3065,406,-588
3091,407,-619
3127,409,-645
3172,408,-672
3190,429,-636
3212,421,-612
3238,401,-563
3248,378,-501
3246,362,-463
3243,370,-435
3239,391,-402
3239,405,-361
3239,407,-345
3214,415,-320
3201,410,-292
3222,362,-278
3262,314,-284
3306,277,-307
3352,265,-326
3409,267,-351
3476,289,-373
3554,313,-377
3650,337,-380
3752,357,-379
3842,369,-384
3898,377,-372
3940,385,-362
3965,390,-358
3954,397,-359
3910,408,-347
3842,397,-329
3755,369,-296
3651,350,-263
3547,336,-246
3449,331,-249
3350,352,-307
3273,392,-389
3220,438,-480
3178,480,-550
3153,516,-548
3126,550,-559
3124,583,-577
3110,616,-576
3088,648,-555
3078,657,-533
3075,653,-542
3040,661,-621
2994,692,-711
2945,718,-806
2899,726,-892
2855,720,-962
2803,681,-1022
2764,640,-1081
2729,610,-1127
2711,590,-1162
2748,590,-1183
2778,651,-1202
2835,761,-1260
2899,897,-1333
2995,1021,-1419
3111,1123,-1566
3237,1229,-1722
3281,1364,-1813
3341,1469,-1925
3393,1527,-2015
3463,1553,-2130
3505,1555,-2226
3600,1521,-2369
3714,1475,-2487
3827,1425,-2607
3918,1392,-2740
3988,1380,-2902
4110,1378,-3023
4237,1362,-3069
4369,1318,-3035
4497,1220,-2926
4584,1098,-2815
4638,977,-2736
4665,875,-2676
4654,808,-2598
4636,750,-2552
4630,689,-2531
4640,640,-2566
4664,581,-2581
4734,557,-2530
4846,535,-2440
4940,513,-2245
4972,498,-1592
4888,560,-1435
4927,717,-1452
5018,661,-1327
5029,420,-1081
5081,355,-889
5188,540,-631
5372,654,-722
5654,770,-642
5961,784,-266
6315,842,339
6567,1118,1078
6821,1352,1518
7163,1620,1323
7776,2114,828
8379,2155,502
8645,2080,160
8578,2107,-249
8635,2045,-486
8660,2027,-160
8575,1797,128
9455,1132,-34
12405,181,-917
16112,-1462,-1365
16170,-2672,-579
12665,-3038,460
9429,-2935,1022
7635,-2562,1344
6673,-2004,1517
6133,-1359,1390
5503,-581,635
4686,310,-477
3737,1004,-1698
2837,1322,-2809
2103,1256,-3687
1595,867,-4144
1303,317,-4027
1176,-183,-3387
1211,-460,-2825
1494,-598,-2727
1736,-505,-3252
1945,-567,-3785
2019,-765,-3893
1998,-1004,-3748
1922,-1229,-3564
1803,-1425,-3496
1665,-1651,-3525
1567,-1840,-3523
1575,-1961,-3398
1666,-1975,-3126
1756,-1934,-2822
1878,-1992,-2468
2021,-2114,-2213
2225,-2301,-2098
2495,-2522,-2118
2704,-2689,-2243
2740,-2817,-2555
2612,-2935,-2927
2336,-3002,-3256
2003,-3083,-3441
1711,-3212,-3408
1569,-3275,-3141
1548,-3233,-2768
1636,-3153,-2406
1816,-3109,-2058
2089,-3176,-1796
2367,-3187,-1578
2498,-3118,-1418
2567,-3037,-1306
2620,-3135,-1361
2763,-3350,-1414
2878,-3654,-1501
2873,-4129,-1663
2664,-4669,-1718
2229,-5082,-1643
1641,-5314,-1523
849,-5362,-1439
100,-5691,-1440
-340,-6092,-1586
-308,-6464,-1761
129,-6812,-1894
817,-6887,-2074
1649,-6717,-2369
2511,-6696,-2930
3164,-6872,-3729
3589,-7248,-4744
3859,-7423,-5563
4035,-7343,-6121
4222,-7124,-6471
4510,-7042,-6645
4757,-6996,-6224
4569,-6747,-5480
3944,-5916,-4672
2914,-4873,-4240
1670,-3919,-4233
280,-2728,-4480
-1061,-1238,-4783
-2074,368,-5015
-2487,1874,-5273
-2444,3442,-5101
-2642,4660,-4319
-3029,5331,-3200
-3487,5552,-2130
-3826,5299,-1128
-3950,4539,-305
-3770,3406,189
-3330,2070,483
-2850,838,569
-2451,-160,539
-2205,-915,431
-1978,-1522,273
-1690,-2060,-11
-1355,-2616,-376
-1035,-3232,-826
-730,-3875,-1261
-411,-4458,-1665
-139,-4798,-2065
32,-4796,-2321
67,-4539,-2527
-4,-4174,-2690
-116,-3819,-2719
-275,-3549,-2608
-484,-3337,-2340
-651,-3226,-2003
-809,-3171,-1637
-885,-3154,-1215
-880,-3196,-638
-880,-3349,-132
-894,-3486,263
-923,-3529,649
-937,-3525,1022
-923,-3597,1232
-873,-3756,1379
-916,-3872,1445
-921,-4101,1384
-828,-4356,1190
-713,-4623,948
-594,-4860,650
-528,-5013,394
-539,-5046,223
-622,-4966,123
-682,-4823,52
-754,-4604,-4
-786,-4386,4
-847,-4180,56
-986,-3894,27
-1102,-3706,203
-1214,-3427,193
-1315,-3285,392
-1393,-3100,439
-1425,-2924,476
-1465,-2787,516
-1443,-2691,524
-1381,-2850,702
-1390,-2969,750
-1408,-3044,802
-1420,-3120,850
-1441,-3117,843
-1461,-3112,768
-1469,-3071,689
-1474,-2964,617
-1456,-2868,524
-1403,-2807,453
-1303,-2853,382
-1199,-2993,324
-1063,-3260,349
-999,-3573,487
-989,-3806,543
-929,-3999,636
-842,-4134,735
-776,-4237,898
-753,-4254,932
-579,-4174,979
-616,-4255,962
-557,-4275,950
-578,-4418,1024
-677,-4350,1059
-698,-4318,1148
-679,-4206,935
-517,-4296,1297
-662,-4401,1482
-856,-4299,1609
-886,-4178,1758
-952,-3967,1865
-992,-3779,1989
-1074,-3629,2085
-1151,-3469,2115
-1186,-3308,2023
-1196,-3158,1855
-1170,-3043,1676
-1149,-2956,1550
-1091,-2955,1462
-1038,-3001,1421
-999,-3061,1482
-979,-3126,1620
-959,-3230,1771
-906,-3326,1960
-837,-3383,2161
-787,-3420,2443
-782,-3497,2703
-748,-3602,2943
-686,-3683,3135
-611,-3769,3276
-547,-3842,3336
-515,-3907,3293
-536,-3923,3171
-555,-3935,3022
-539,-3947,2871
-481,-3991,2727
-439,-4022,2630
-379,-4061,2601
-327,-4074,2635
-341,-4040,2671
-372,-3988,2701
-393,-3904,2734
-417,-3816,2740
-413,-3766,2701
-416,-3723,2623
-408,-3717,2507
-337,-3778,2362
-281,-3863,2194
-200,-3937,2014
-73,-4025,1799
16,-4183,1570
39,-4402,1433
-25,-4510,1435
72,-4603,1521
207,-4885,1493
233,-4915,1363
133,-4740,1211
37,-4479,1131
-62,-4244,1126
-199,-3976,1210
-320,-3789,1317
-363,-3626,1420
-395,-3443,1526
-569,-3150,1749
-798,-2719,2045
-993,-2338,2370
-1170,-2059,2743
-1230,-2039,3122
-1156,-2163,3332
-1020,-2363,3362
-912,-2567,3308
-802,-2742,3257
-712,-2879,3158
-641,-2999,3038
-580,-3121,2909
-525,-3241,2829
-485,-3308,2809
-467,-3386,2829
-468,-3420,2875
-480,-3414,2941
-513,-3376,3020
-569,-3307,3092
-620,-3213,3134
-673,-3125,3125
-752,-3051,3049
-799,-2992,2938
-804,-2976,2849
-818,-2972,2758
-836,-2973,2683
-850,-2959,2627
-855,-2919,2616
-840,-2894,2607
-822,-2909,2569
-806,-2949,2547
-774,-2993,2558
-750,-3038,2582
-749,-3071,2609
-735,-3077,2634
-707,-3090,2622
-655,-3130,2574
-604,-3221,2522
-562,-3313,2508
-497,-3430,2498
-435,-3561,2445
-409,-3632,2429
-450,-3598,2445
-531,-3476,2503
-594,-3334,2601
-648,-3221,2688
-703,-3152,2750
-729,-3135,2749
-707,-3166,2676
-657,-3226,2596
-646,-3265,2510
-640,-3293,2503
-633,-3298,2477
-645,-3260,2430
-647,-3236,2384
-644,-3202,2326
-645,-3158,2287
-631,-3142,2271
-606,-3158,2232
-562,-3220,2187
-507,-3291,2140
-469,-3364,2081
-435,-3441,2040
-386,-3514,2051
-346,-3585,2092
-319,-3652,2163
-316,-3693,2243
-297,-3736,2338
-284,-3751,2428
-302,-3739,2501
-331,-3692,2527
-351,-3626,2538
-385,-3552,2542
-429,-3479,2558
-469,-3408,2565
-508,-3352,2566
-532,-3315,2549
-542,-3294,2519
-548,-3276,2489
-548,-3256,2474
-538,-3247,2472
-530,-3259,2468
-508,-3289,2457
-475,-3331,2439
-437,-3382,2413
-393,-3435,2390
-362,-3486,2368
-332,-3528,2357
-311,-3564,2348
-301,-3588,2354
-304,-3586,2372
-328,-3560,2407
-331,-3549,2441
-350,-3519,2470
-382,-3486,2498
-402,-3451,2517
-415,-3423,2521
-422,-3407,2509
-428,-3395,2491
-430,-3388,2466
-432,-3386,2441
-431,-3391,2422
-432,-3393,2409
-425,-3401,2407
-419,-3404,2408
-419,-3409,2421
-419,-3407,2432
-423,-3407,2444
-426,-3404,2445
-434,-3394,2454
-441,-3383,2462
-449,-3359,2467
-459,-3341,2469
-471,-3335,2463
-482,-3334,2452
-490,-3326,2438
-483,-3319,2421
-485,-3324,2397
-480,-3319,2378
-465,-3327,2362
-458,-3341,2353
-446,-3362,2359
-439,-3380,2364
-438,-3391,2374
-438,-3396,2384
-443,-3393,2407
-462,-3377,2424
-481,-3355,2446
-507,-3321,2477
-523,-3301,2510
-537,-3279,2539
-550,-3263,2567
-570,-3253,2588
-565,-3248,2597
-550,-3257,2580
-533,-3274,2553
-522,-3295,2520
-503,-3315,2491
-482,-3332,2463
-469,-3350,2441
-459,-3360,2436
-457,-3367,2436
-455,-3371,2437
-455,-3375,2438
-453,-3374,2442
-455,-3367,2448
-454,-3356,2448
-461,-3346,2454
-469,-3337,2459
-468,-3337,2462
-470,-3335,2460
-474,-3337,2459
-472,-3340,2456
-472,-3343,2452
-470,-3346,2446
-472,-3350,2444
-468,-3359,2448
-471,-3360,2440
-473,-3357,2436
-479,-3348,2434
-482,-3341,2436
-486,-3335,2439
-491,-3332,2443
-495,-3323,2446
-506,-3314,2450
-504,-3308,2446
-500,-3309,2444
-506,-3308,2446
-510,-3307,2451
-510,-3309,2449
-511,-3311,2444
-513,-3319,2438
-517,-3322,2438
-503,-3331,2436
-490,-3344,2433
-488,-3353,2435
-487,-3362,2444
-484,-3370,2458
-485,-3370,2469
-488,-3359,2471
-501,-3346,2472
-507,-3328,2467
-510,-3317,2467
-513,-3309,2466
-514,-3305,2465
-511,-3305,2460
-512,-3306,2455
-513,-3311,2453
-509,-3315,2447
-503,-3319,2444
-500,-3329,2445
-491,-3342,2444
-484,-3349,2448
-479,-3356,2456
-480,-3358,2463
-479,-3355,2468
-481,-3354,2473
-481,-3351,2477
-483,-3346,2478
-484,-3341,2479
-495,-3331,2474
-497,-3327,2470
-502,-3323,2457
-502,-3317,2448
-495,-3319,2443
-496,-3320,2441
-491,-3325,2442
-492,-3323,2452
-491,-3328,2466
-489,-3330,2471
-492,-3333,2474
-493,-3335,2479
-491,-3334,2482
-491,-3336,2482
-493,-3340,2484
-489,-3336,2485
-492,-3340,2486
-490,-3341,2477
-490,-3343,2469
-489,-3342,2459
-490,-3341,2447
-492,-3336,2445
-492,-3337,2447
-494,-3336,2447
-494,-3332,2450
-494,-3331,2454
-494,-3331,2458
-497,-3327,2461
-496,-3326,2465
-524,-3323,2472
-488,-3328,2472
-490,-3337,2465
-492,-3340,2461
-491,-3341,2464
-496,-3337,2468
-496,-3335,2470
-494,-3337,2468
-492,-3339,2466
-493,-3341,2469
-492,-3339,2466
-487,-3337,2465
-489,-3339,2458
-493,-3338,2454
-493,-3337,2455
-490,-3338,2457
-490,-3342,2454
-490,-3341,2454
-491,-3339,2453
-494,-3335,2459
-493,-3334,2458
-527,-3326,2469
-481,-3329,2470
-481,-3338,2457
-488,-3344,2455
-497,-3342,2456
-505,-3334,2459
-504,-3330,2462
-510,-3328,2467
-494,-3332,2468
-494,-3337,2464
-502,-3334,2466
-502,-3332,2465
-500,-3328,2465
-499,-3331,2464
-503,-3333,2471
-498,-3331,2470
-499,-3333,2468
-497,-3337,2470
-510,-3331,2472
-496,-3333,2466
-489,-3338,2462
-488,-3342,2462
-490,-3346,2467
-493,-3344,2462
-493,-3337,2461
-507,-3333,2465
-483,-3335,2460
-488,-3339,2451
-494,-3337,2451
-500,-3330,2449
-501,-3323,2452
-523,-3316,2463
-503,-3323,2468
-500,-3329,2464
-500,-3337,2460
-516,-3330,2464
-503,-3326,2462
-497,-3328,2459
-499,-3332,2459
-501,-3331,2458
-504,-3330,2458
-501,-3332,2461
-501,-3334,2463
-499,-3333,2463
-497,-3337,2464
-494,-3340,2462
-492,-3339,2466
-491,-3337,2467
-494,-3335,2473
-498,-3334,2478
-501,-3327,2481
-500,-3327,2481
-504,-3327,2480
-502,-3324,2474
-502,-3325,2468
-503,-3327,2464
-506,-3327,2461
-501,-3328,2459
-499,-3334,2452
-503,-3333,2451
-505,-3331,2451
-527,-3321,2460
-496,-3322,2457
-492,-3336,2454
-492,-3346,2461
-497,-3343,2467
-501,-3338,2471
-503,-3331,2468
-502,-3328,2469
-501,-3330,2461
-501,-3331,2461
-501,-3331,2457
-503,-3329,2457
-513,-3328,2458
-502,-3327,2459
-502,-3330,2457
-505,-3330,2445
-508,-3328,2430
-513,-3325,2423
-510,-3329,2421
-502,-3334,2426
-501,-3337,2429
-500,-3339,2434
-504,-3341,2440
-494,-3342,2429
-496,-3338,2425
-500,-3333,2422
-505,-3327,2421
-515,-3321,2414
-523,-3310,2411
-526,-3302,2403
-527,-3299,2389
-526,-3303,2387
-517,-3314,2399
-504,-3329,2424
-493,-3336,2461
-482,-3344,2493
-485,-3348,2505
-484,-3353,2518
-481,-3359,2516
-477,-3363,2512
-472,-3365,2503
-462,-3365,2502
-455,-3366,2499
-449,-3366,2494
-443,-3370,2486
-438,-3374,2482
-443,-3376,2479
-452,-3376,2472
-463,-3366,2459
-473,-3350,2440
-479,-3340,2443
-489,-3332,2442
-496,-3324,2437
-503,-3318,2437
-500,-3312,2434
-498,-3308,2431
-504,-3307,2427
-506,-3311,2423
-504,-3320,2416
-499,-3323,2415
-489,-3323,2413
-470,-3323,2413
-467,-3320,2434
-487,-3327,2440
-492,-3334,2442
-488,-3340,2447
-481,-3348,2450
-476,-3349,2438
-476,-3350,2432
-478,-3346,2428
-474,-3348,2432
-472,-3342,2434
-472,-3358,2433
-459,-3356,2442
-456,-3328,2456
-462,-3304,2481
-470,-3287,2505
-474,-3297,2512
-488,-3295,2471
-454,-3318,2468
-468,-3317,2460
-490,-3315,2415
-482,-3335,2350
-461,-3357,2320
-452,-3376,2325
-437,-3399,2342
-426,-3400,2370
-435,-3402,2378
-439,-3390,2383
-438,-3392,2383
-427,-3399,2388
-427,-3391,2396
-427,-3385,2389
-420,-3377,2395
-410,-3383,2408
-393,-3402,2390
-396,-3413,2376
-396,-3413,2408
-388,-3406,2462
-401,-3379,2500
-422,-3360,2518
-431,-3319,2550
-444,-3314,2516
-448,-3271,2565
-463,-3255,2634
-474,-3233,2635
-485,-3215,2657
-513,-3192,2676
-502,-3143,2708
-508,-3073,2702
-537,-3016,2667
-569,-2983,2640
-581,-2982,2623
-573,-3002,2628
-561,-3019,2622
-557,-3062,2608
-530,-3108,2626
-522,-3134,2638
-510,-3143,2633
-491,-3138,2611
-483,-3156,2581
-489,-3132,2572
-525,-3115,2494
-486,-3077,2484
-494,-3077,2452
-502,-3092,2446
-485,-3123,2453
-474,-3156,2462
-483,-3206,2432
-431,-3227,2416
-408,-3267,2407
-397,-3339,2382
-341,-3401,2289
-299,-3436,2294
-340,-3435,2195
-350,-3424,2080
-332,-3461,2030
-373,-3528,1945
-205,-3574,2052
-197,-3599,2228
-228,-3570,2384
-309,-3496,2478
-205,-3412,2666
-251,-3340,2773
-453,-3196,2748
-514,-3063,2751
-503,-3041,2722
-350,-2996,2773
-412,-2976,2702
-436,-2975,2684
-457,-3050,2688
-366,-3083,2725
-399,-3102,2730
-479,-3015,2770
-472,-2947,2831
-589,-2930,2837
-523,-2880,3000
-602,-2860,3085
-564,-2853,3184
-608,-2948,3172
-501,-2986,3140
-524,-2915,3212
-497,-2877,3179
-411,-2889,3182
-362,-2941,3155
-317,-2942,3175
-374,-2952,3261
-404,-2918,3263
-426,-2845,3217
-401,-2808,3208
-418,-2851,3178
-417,-2897,3181
-368,-2947,3213
-474,-2910,3256
-490,-2811,3252
-509,-2710,3193
-558,-2623,3190
-520,-2630,3178
-493,-2655,3217
-463,-2660,3291
-452,-2655,3432
-471,-2616,3531
-478,-2558,3527
-461,-2506,3593
-431,-2486,3626
-408,-2493,3667
-380,-2511,3683
-385,-2551,3659
-384,-2685,3714
-371,-2793,3610
-389,-2865,3412
-428,-2900,3209
-459,-2905,3098
-464,-2893,3049
-438,-2919,2990
-440,-2956,2901
-416,-2995,2855
-390,-3064,2759
-365,-3113,2735
-330,-3127,2712
-356,-3135,2681
-365,-3138,2643
-326,-3162,2588
-303,-3211,2542
-278,-3228,2524
-268,-3238,2509
-294,-3232,2514
-301,-3211,2532
-283,-3215,2578
-281,-3292,2660
-187,-3388,2709
-161,-3394,2719
-99,-3460,2618
-54,-3533,2513
-23,-3573,2437
-68,-3535,2375
-93,-3482,2335
-157,-3211,2285
-271,-3099,2183
-270,-3229,2138
-137,-3509,2188
6,-3719,2254
-6,-3740,2360
19,-3687,2412
46,-3715,2404
119,-3759,2385
91,-3734,2338
25,-3655,2261
-35,-3656,2192
-65,-3736,2146
-120,-3644,2067
-99,-3601,2051
-35,-3645,2043
90,-3751,1967
133,-3856,1915
-216,-3748,1966
-236,-3643,1981
42,-3711,1909
261,-3916,1739
340,-4052,1679
289,-4057,1657
237,-4002,1682
209,-3944,1731
165,-3884,1781
95,-3812,1813
53,-3763,1854
12,-3709,1888
-25,-3652,1929
-56,-3582,1981
-86,-3526,2046
-103,-3537,2077
-98,-3585,2072
-63,-3671,2020
-9,-3758,1943
15,-3805,1831
33,-3822,1733
41,-3861,1640
42,-3911,1561
31,-3942,1555
34,-3959,1596
16,-3945,1637
-15,-3895,1635
-19,-3891,1624
-19,-3868,1596
-7,-3876,1528
-3,-3912,1420
17,-3968,1290
60,-4033,1203
107,-4076,1126
118,-4094,1085
118,-4130,1098
116,-4118,1083
121,-4128,1097
120,-4123,1131
95,-4108,1109
55,-4063,1093
34,-4018,1072
-36,-3972,1073
-86,-3947,1057
-106,-3943,1019
-99,-3957,990
-101,-3958,956
-83,-3985,935
-63,-3942,884
-63,-4013,858
-50,-4057,907
29,-4120,947
102,-4166,1015
119,-4193,1057
71,-4164,1084
48,-4132,1082
58,-4107,1034
45,-4091,961
26,-4090,853
10,-4095,762
-18,-4088,706
-49,-4079,678
-31,-4078,626
-19,-4086,610
9,-4103,644
-6,-4151,645
-19,-4191,653
-13,-4214,647
-9,-4223,597
-24,-4215,474
6,-4182,319
47,-4145,98
42,-4153,-82
-2,-4206,-232
-47,-4241,-383
-39,-4237,-487
-60,-4203,-602
-103,-4198,-668
-212,-4171,-718
-255,-4112,-639
-192,-4081,-636
-177,-4052,-644
-207,-4046,-652
-212,-4034,-684
-205,-4011,-724
-184,-3998,-799
-140,-4013,-882
-96,-4054,-941
-72,-4104,-955
-86,-4124,-920
-120,-4131,-894
-161,-4117,-857
-220,-4102,-790
-275,-4063,-712
-304,-4033,-643
-340,-3990,-573
-354,-3954,-511
-330,-3937,-468
-310,-3971,-472
-304,-4016,-443
-307,-4066,-427
-317,-4102,-418
-334,-4096,-416
-362,-4059,-414
-389,-4042,-401
-414,-4025,-375
-427,-3994,-328
-433,-3982,-262
-435,-3970,-196
-437,-3962,-160
-427,-3965,-150
-405,-3952,-142
-393,-3933,-176
-384,-3933,-267
-371,-3939,-405
-367,-3957,-551
-368,-3974,-682
-372,-3982,-785
-365,-3962,-843
-357,-3933,-900
-356,-3904,-935
-355,-3882,-1020
-377,-3845,-1024
-390,-3802,-1020
-392,-3768,-1013
-401,-3734,-980
-406,-3700,-955
-418,-3688,-944
-412,-3686,-930
-400,-3702,-935
-378,-3728,-950
-353,-3773,-974
-329,-3833,-1000
-300,-3891,-1023
-282,-3933,-1048
-277,-3952,-1061
-282,-3945,-1048
-290,-3922,-1019
-315,-3879,-1008
-333,-3852,-1078
-346,-3792,-1084
-346,-3715,-1099
-351,-3653,-1116
-352,-3622,-1095
-330,-3669,-1082
-324,-3694,-1016
-316,-3728,-969
-303,-3797,-929
-305,-3798,-840
-311,-3775,-737
-311,-3754,-705
-311,-3739,-710
-321,-3714,-739
-328,-3697,-792
-339,-3648,-830
-340,-3554,-894
-378,-3414,-951
-417,-3295,-1021
-428,-3246,-1068
-400,-3266,-1072
-382,-3300,-1039
-395,-3320,-1035
-371,-3341,-1007
-353,-3412,-990
-313,-3535,-963
-284,-3708,-915
-241,-3911,-849
-198,-4208,-759
-57,-4468,-715
189,-4665,-718
393,-4756,-704
481,-4799,-712
497,-4734,-695
462,-4614,-632
412,-4514,-587
377,-4433,-560
435,-4392,-468
618,-4388,-388
857,-4417,-302
1028,-4380,-242
1148,-4242,-217
1224,-3994,-229
1281,-3788,-325
1374,-3577,-374
1548,-3481,-456
1720,-3427,-456
1885,-3404,-491
2059,-3388,-567
2271,-3487,-790
2551,-3576,-1024
2830,-3771,-1452
3045,-3923,-1903
3207,-3902,-2246
3338,-3791,-2591
3470,-3703,-2909
3569,-3565,-3106
3624,-3358,-3194
3630,-3129,-3214
3592,-2963,-3267
3541,-2817,-3315
3515,-2655,-3281
3518,-2424,-3136
3497,-2185,-3020
3436,-1970,-3007
3329,-1867,-3092
3229,-1892,-3196
3178,-2003,-3228
3176,-2126,-3160
3237,-2232,-2994
3347,-2361,-2815
3483,-2498,-2645
3574,-2593,-2483
3597,-2602,-2304
3559,-2573,-2151
3512,-2528,-1980
3474,-2485,-1825
3461,-2474,-1675
3485,-2503,-1554
3549,-2547,-1414
3617,-2558,-1268
3675,-2565,-1152
3704,-2558,-1053
3734,-2568,-965
3773,-2611,-910
3804,-2675,-872
3825,-2745,-827
3813,-2771,-756
3759,-2750,-690
3645,-2707,-675
3502,-2671,-699
3342,-2683,-726
3182,-2737,-755
3025,-2833,-785
2864,-2936,-821
2723,-3039,-865
2627,-3135,-964
2544,-3185,-1072
2479,-3225,-1144
2426,-3286,-1186
2396,-3350,-1242
2372,-3369,-1281
2351,-3328,-1332
2420,-3113,-1091
2312,-3153,-1431
2193,-3232,-1615
2041,-3284,-1778
1874,-3322,-1908
1675,-3371,-1966
1484,-3540,-2019
1349,-3805,-2077
1278,-4060,-2097
1255,-4228,-2118
1301,-4283,-2121
1354,-4285,-2110
1367,-4315,-2134
1323,-4374,-2190
1237,-4434,-2259
1136,-4447,-2346
1009,-4405,-2435
862,-4383,-2726
682,-4229,-2973
547,-3910,-3141
490,-3608,-3457
516,-3329,-3807
602,-3144,-4171
703,-2986,-4569
803,-2828,-4990
873,-2659,-5312
955,-2546,-5537
1104,-2481,-5721
1560,-2520,-5294
2220,-2460,-3825
2789,-2417,-2059
3489,-2658,-527
4447,-2989,405
5604,-3211,536
6722,-3002,206
7312,-2189,-383
7021,-1138,-1019
6128,-355,-1564
5157,11,-1810
4468,79,-1731
4094,-44,-1463
3927,-295,-1153
3840,-636,-847
3745,-985,-635
3672,-1297,-483
3617,-1624,-381
3595,-1904,-298
3565,-2052,-252
3549,-2118,-243
3570,-2092,-208
3619,-1963,-170
3677,-1783,-141
3758,-1612,-121
3851,-1452,-122
3960,-1311,-82
4020,-1168,-108
4062,-1085,-127
4081,-995,-131
4077,-898,-173
4094,-781,-234
4120,-639,-239
4110,-536,-277
4072,-467,-322
4017,-467,-336
3957,-501,-283
3931,-506,-297
3945,-489,-325
4013,-458,-444
4057,-398,-405
4071,-341,-345
3985,-402,-367
3956,-488,-208
3967,-539,-56
4008,-562,-59
4080,-575,-36
4076,-482,-69
4033,-438,-121
4025,-363,-153
4048,-271,-98
4038,-155,-117
4053,-107,-137
4051,-56,-85
4039,10,-73
4066,42,-70
4088,63,-60
4084,62,-130
4073,74,-91
4049,86,-65
4023,106,-61
4053,138,-65
4081,173,-107
4054,276,-21
4004,366,17
4012,394,25
4028,412,23
4051,408,1
4051,425,-36
4046,464,-78
4033,487,-110
4030,518,-126
4018,549,-161
3998,564,-224
3999,555,-271
3994,560,-283
3992,552,-277
3998,516,-247
4017,477,-176
4015,452,-130
4008,443,-180
4003,456,-298
3993,487,-354
3982,536,-303
3979,584,-255
3980,606,-240
3969,613,-243
3972,597,-238
3990,578,-219
3997,562,-201
3990,558,-204
3984,553,-231
3979,580,-242
3961,616,-230
3957,633,-214
3964,630,-204
3977,609,-213
3988,557,-207
4009,482,-179
4031,445,-158
4040,436,-138
4052,376,-150
4043,338,-192
4019,353,-220
4000,360,-247
3982,315,-307
3998,277,-379
4002,270,-422
4021,208,-423
4037,125,-412
4057,81,-375
4050,93,-328
4054,126,-287
4063,129,-250
4068,119,-216
4058,114,-203
4050,101,-234
4048,79,-300
4044,72,-327
4043,93,-321
4044,106,-337
4040,100,-367
4040,79,-386
4041,69,-369
4049,64,-347
4047,73,-351
4039,105,-359
4028,148,-364
4024,186,-370
4024,218,-376
4019,253,-367
4004,286,-373
3989,286,-394
4000,249,-391
4021,217,-358
4025,201,-319
4027,158,-325
4031,105,-375
4026,68,-414
4019,42,-425
4029,39,-428
4025,50,-448
4020,81,-466
4007,129,-473
4012,154,-484
4002,151,-489
4004,142,-463
4020,129,-407
4035,119,-400
4024,79,-419
4001,37,-407
4031,25,-357
4072,22,-324
4086,7,-346
4081,-17,-377
4074,-29,-403
4057,-33,-431
4050,-40,-479
4029,-34,-522
4030,-12,-542
4039,-6,-560
4024,1,-602
4023,40,-591
4032,77,-553
4056,54,-507
4064,42,-511
4039,63,-516
4038,72,-518
4068,79,-502
4084,101,-465
4071,136,-426
4039,139,-392
4058,122,-436
4101,86,-464
4117,61,-443
4115,83,-408
4126,121,-404
4120,150,-436
4119,165,-468
4111,195,-507
4122,175,-536
4111,176,-534
4090,196,-574
4081,233,-612
4075,253,-649
4056,300,-721
4062,280,-806
4104,167,-767
4079,116,-773
4080,82,-808
4123,43,-828
4129,81,-841
4115,194,-881
4124,264,-908
4112,382,-903
4102,530,-926
4076,635,-884
4073,676,-800
4049,736,-748
4052,800,-723
4081,823,-718
4182,816,-671
4307,777,-647
4441,714,-688
4612,665,-690
4767,621,-708
4852,536,-795
4859,507,-943
4805,518,-998
4686,644,-948
4568,764,-866
4488,890,-752
4400,995,-606
4346,985,-580
4340,943,-636
4324,984,-596
4318,1053,-575
4355,1055,-595
4435,1035,-599
4508,1045,-613
4519,1119,-615
4548,1121,-686
4608,1065,-786
4670,1022,-879
4710,989,-996
4691,1025,-925
4562,1098,-887
4462,1074,-785
4347,931,-997
4317,841,-1179
4298,730,-1343
4283,646,-1433
4314,490,-1467
4415,283,-1465
4497,59,-1231
4521,-34,-906
4472,33,-871
4485,235,-1050
4587,433,-1168
4684,534,-1172
4780,589,-1243
4805,752,-1196
4755,805,-1395
4670,862,-1641
4495,974,-1891
4357,1083,-2006
4213,1308,-2223
4076,1557,-2369
3893,1785,-2494
3687,1864,-2626
3542,1827,-2885
3515,1671,-3238
3553,1403,-3780
3724,889,-4243
3882,280,-4652
4025,-333,-4687
4161,-875,-4675
4304,-1200,-4642
4391,-1178,-4364
4411,-857,-3835
4287,-404,-3311
4278,-214,-2775
4488,-249,-2222
4803,-423,-1710
5263,-737,-1427
5760,-1095,-1232
6129,-1352,-992
6388,-1484,-884
6680,-1657,-1013
6874,-1634,-1202
6923,-1422,-1594
6966,-1062,-1822
7036,-789,-1942
7126,-681,-2091
7259,-634,-2147
7370,-530,-2132
7432,-461,-2287
7444,-393,-2391
7360,-347,-2535
7234,-307,-2727
7049,-262,-2919
6854,-218,-3064
6682,-117,-3182
6597,-9,-3290
6582,63,-3329
6597,114,-3315
6625,169,-3226
6631,191,-3136
6638,188,-3040
6613,143,-2910
6602,78,-2782
6634,7,-2645
6669,-57,-2487
6634,-117,-2305
6561,-196,-2145
6476,-317,-2029
6393,-462,-1954
6306,-586,-1892
6301,-748,-1895
6306,-859,-1839
6341,-949,-1802
6374,-1006,-1818
6404,-986,-1854
6415,-921,-1873
6396,-865,-1897
6374,-859,-1923
6376,-859,-1922
6409,-896,-1872
6461,-952,-1800
6508,-1016,-1711
6525,-1054,-1629
6506,-1090,-1560
6466,-1155,-1457
6386,-1239,-1378
6282,-1310,-1286
6175,-1373,-1190
6106,-1444,-1167
6039,-1542,-1067
5958,-1696,-898
5872,-1870,-776
5756,-1992,-648
5613,-2108,-499
5485,-2231,-381
5363,-2337,-280
5255,-2416,-200
5165,-2481,-138
5120,-2530,-88
5106,-2563,-53
5158,-2586,-23
5250,-2633,43
5351,-2643,187
5431,-2648,365
5483,-2612,576
5497,-2592,725
5552,-2595,849
5600,-2574,979
5561,-2509,1101
5427,-2399,1249
5234,-2249,1356
5039,-2103,1499
4859,-2016,1653
4764,-1977,1782
4680,-1952,1872
4579,-1893,1958
4446,-1819,2027
4257,-1744,2066
4085,-1595,2056
3961,-1418,2043
3831,-1257,2047
3659,-1116,2059
3449,-986,2065
3242,-887,2021
3060,-796,1936
2933,-674,1892
2760,-581,1877
2606,-498,1781
2516,-432,1653
2472,-377,1538
2428,-305,1394
2360,-198,1269
2286,-95,1139
2204,-26,983
2127,23,864
1973,40,763
1854,78,708
1850,175,766
1826,259,782
1793,376,740
1795,489,692
1777,579,635
1689,663,603
1555,758,630
1371,852,690
1240,886,722
1264,786,683
1349,700,753
1458,642,835
1606,543,860
1834,457,802
2117,389,789
2410,319,797
2712,206,756
2939,143,678
3137,105,575
3273,35,517
3366,-41,419
3435,-191,329
3503,-348,243
3532,-472,172
3553,-559,100
3591,-644,14
3659,-714,-82
3792,-757,-115
3970,-775,-133
4199,-786,-142
4416,-824,-140
4615,-895,-197
4766,-1014,-263
4893,-1137,-348
5002,-1223,-369
5095,-1316,-330
5142,-1440,-251
5135,-1571,-168
5146,-1685,-104
5242,-1791,-90
5378,-1890,-43
5476,-1916,-16
5542,-1931,11
5594,-1951,23
5630,-1956,50
5592,-1960,83
5537,-1951,129
5478,-1919,204
5391,-1920,264
5305,-1930,407
5245,-1932,530
5232,-1958,646
5253,-1976,749
5262,-2011,842
5302,-2038,935
5308,-2055,1016
5270,-2062,1080
5218,-1941,1123
5201,-1818,852
5241,-1726,739
5262,-1580,522
5294,-1278,157
5312,-837,-640
5268,-386,-1542
5236,-388,-1965
5202,-942,-2254
5391,-1979,-2586
5813,-3081,-2825
6369,-3975,-2921
6738,-4420,-2866
6633,-4502,-2661
6255,-4432,-2429
5924,-4309,-2136
5605,-4163,-1711
5284,-3932,-1187
4932,-3656,-535
4543,-3389,183
4169,-3167,840
3884,-2989,1392
3745,-2795,1813
3615,-2672,2110
3492,-2650,2302
3342,-2653,2383
3317,-2721,2464
3362,-2770,2454
3425,-2768,2370
3548,-2718,2201
3743,-2705,1844
3938,-2722,1622
4087,-2686,1394
4216,-2715,1168
4363,-2699,987
4494,-2699,841
4556,-2631,699
4523,-2474,591
4451,-2346,491
4406,-2276,468
4406,-2254,472
4349,-2124,534
4306,-2077,628
4311,-2032,847
4331,-2016,969
4368,-2063,1047
4430,-2024,1069
4434,-2012,1019
4378,-2000,956
4431,-2110,959
4534,-2200,927
4597,-2284,886
4588,-2233,829
4568,-2088,822
4555,-1989,870
4552,-1983,1028
4484,-2002,1265
4318,-2033,1526
4084,-2083,1709
3765,-2141,1937
3459,-2154,2307
3235,-2092,2577
3126,-2062,2642
3084,-2108,2651
2817,-2309,2708
2482,-2477,2790
2249,-2550,2744
2275,-2525,2667
2505,-2339,2467
2796,-1836,2216
3012,-1344,1961
3055,-1109,1904
3006,-975,1723
2869,-993,1601
2735,-1283,1430
2594,-1654,1316
2367,-1757,1210
2212,-1563,1196
2128,-1393,1163
2026,-1298,1144
1899,-1283,1144
1795,-1364,1145
1695,-1468,1156
1654,-1566,1202
1717,-1587,1492
1662,-1464,1627
1647,-1465,1780
1636,-1575,1940
1609,-1773,2036
1625,-1938,2259
1711,-2053,2334
1874,-2200,2490
1992,-2420,2687
2039,-2559,2752
2025,-2451,2613
2033,-2181,2315
2114,-1870,2001
2264,-1638,1701
2432,-1491,1508
2568,-1417,1387
2632,-1366,1305
2687,-1373,1217
2730,-1443,1257
2778,-1496,1233
2819,-1528,1448
2876,-1579,1711
2944,-1644,1898
3020,-1671,2026
3119,-1762,2121
3143,-1781,2192
3057,-1777,2197
2950,-1773,2309
2840,-1822,2284
2805,-1891,2298
2789,-1886,2211
2693,-1634,2144
2600,-1413,2146
2512,-1359,1962
2417,-1316,1914
2265,-1272,1852
2232,-1231,1930
2395,-1313,2103
2571,-1455,2352
2773,-1770,2675
3072,-2092,2829
3392,-2273,2936
3897,-2639,2487
4286,-2819,2745
4367,-2857,3294
4255,-2734,3643
4048,-2473,3662
3886,-2030,3736
3795,-1817,3464
3891,-1834,3064
3968,-1769,2754
3890,-1509,2585
3770,-1207,2409
3695,-1047,2178
3716,-1041,1965
3810,-1078,1735
3892,-1171,1525
3923,-1162,1421
3870,-1136,1372
3777,-1144,1399
3688,-1143,1498
3593,-1152,1604
3524,-1178,1776
3474,-1201,1948
3462,-1231,2133
3480,-1290,2309
3519,-1370,2462
3558,-1427,2594
3567,-1448,2636
3560,-1474,2623
3558,-1449,2522
3533,-1349,2389
3519,-1171,2218
3564,-1027,2028
3659,-952,1913
3751,-929,1776
3841,-929,1675
3893,-887,1590
3920,-861,1529
3946,-824,1463
3954,-793,1422
3943,-789,1450
3915,-820,1533
3854,-847,1611
3780,-900,1692
3698,-908,1905
3610,-960,2458
3671,-1290,2623
3717,-1494,2855
3667,-1626,2799
3682,-1646,2700
3675,-1553,2550
3652,-1544,2414
3630,-1589,2226
3651,-1590,2103
3668,-1508,2112
3653,-1347,2210
3669,-1200,2212
3686,-1113,2099
3655,-1077,1980
3567,-1082,1952
3458,-1104,1952
3357,-1170,1980
3248,-1267,1959
3133,-1369,1955
3006,-1429,1987
2871,-1475,2036
2759,-1547,2069
2689,-1567,2141
2674,-1536,2288
2694,-1520,2459
2738,-1479,2639
2795,-1386,2801
2844,-1218,2905
2857,-1003,2966
2838,-787,3040
2864,-748,3069
2880,-902,3094
2902,-988,3088
2913,-823,3202
2890,-565,3315
2882,-314,3403
2893,-261,3420
3043,-617,3474
3088,-908,3496
3110,-1031,3276
3175,-1053,3018
3378,-1135,2772
3604,-1210,2582
3696,-1019,2435
3722,-675,2402
3655,-260,2414
3531,217,2374
3433,456,2340
3394,473,2281
3461,253,2317
3685,-590,2544
3891,-1423,2901
4099,-2232,3257
4206,-2703,3293
4224,-2772,3111
4177,-2597,2875
4101,-2295,2733
3941,-2025,2480
3590,-1292,2130
3287,-734,1747
3019,-532,1512
2771,-642,1240
2545,-750,1139
2308,-852,1166
2088,-1035,1154
1896,-1318,1110
1744,-1610,950
1631,-1814,815
1559,-1992,564
1494,-2136,416
1403,-2234,447
1260,-2280,459
1075,-2251,383
826,-2130,277
572,-2025,246
348,-1989,281
173,-1973,372
50,-1935,501
-29,-1863,614
40,-1789,711
245,-1695,860
528,-1589,1052
851,-1443,1269
1191,-1358,1440
1544,-1335,1545
1894,-1367,1636
2222,-1423,1712
2531,-1496,1799
2814,-1566,1913
3058,-1621,2065
3246,-1634,2219
3392,-1543,2352
3555,-1406,2524
3735,-1295,2713
3912,-1271,2855
4089,-1321,2972
4283,-1437,3067
4421,-1562,3010
4538,-1738,2937
4624,-1924,2781
4686,-2083,2640
4715,-2213,2611
4717,-2314,2458
4783,-2398,2249
4903,-2484,2073
5051,-2576,1968
5206,-2656,1830
5332,-2697,1848
5393,-2726,1961
5416,-2763,1996
5447,-2736,2034
5463,-2599,2252
5436,-2445,2514
5360,-2319,2711
5287,-2206,2747
5238,-2034,2610
5190,-1779,2477
5125,-1536,2263
5092,-1452,1819
5129,-1473,1172
5150,-1400,581
5127,-1252,191
5044,-1125,-15
4966,-1179,-100
4882,-1355,-119
4777,-1571,-102
4629,-1699,-23
4432,-1717,105
4229,-1626,260
4030,-1450,420
3851,-1294,455
3728,-1170,465
3686,-1123,504
3655,-1143,554
3483,-1149,558
3220,-1041,556
2943,-766,525
2689,-405,481
2464,-49,432
2242,223,392
2035,398,358
1869,480,310
1731,496,304
1677,496,311
1668,541,338
1672,642,418
1654,773,548
1590,916,715
1507,1046,892
1434,1149,1092
1381,1188,1267
1350,1175,1400
1344,1137,1499
1330,1101,1577
1299,1073,1666
1257,1029,1755
1211,953,1858
1188,836,1948
1180,702,2053
1175,574,2163
1182,454,2254
1221,353,2320
1319,245,2380
1479,144,2450
1662,55,2504
1881,-25,2547
2140,-115,2571
2429,-213,2590
2739,-335,2617
3052,-490,2651
3385,-678,2695
3713,-851,2744
4023,-998,2795
4329,-1089,2870
4616,-1111,2955
4910,-1092,3062
5164,-1026,3163
5338,-914,3233
5421,-783,3258
5454,-683,3256
5451,-672,3269
5426,-773,3266
5382,-932,3288
5348,-1164,3280
5369,-1394,3286
5398,-1541,3303
5475,-1699,3255
5584,-1872,3105
5707,-1994,2903
5793,-2026,2661
5869,-2011,2386
5951,-1968,2078
6060,-1845,1889
6135,-1703,1754
6210,-1601,1665
6258,-1527,1622
6277,-1463,1663
6225,-1404,1744
6143,-1328,1827
6022,-1245,1859
5903,-1160,1903
5781,-1052,1956
5627,-902,2024
5426,-742,1981
5205,-665,1756
4996,-606,1461
4782,-537,1047
4593,-532,596
4440,-530,68
4290,-494,-477
4146,-374,-908
3998,-199,-1241
3870,-29,-1459
3771,100,-1569
3687,171,-1551
3557,238,-1391
3402,313,-1172
3270,384,-887
3138,473,-568
3050,520,-270
3001,488,-13
3011,387,191
3004,330,332
3005,258,469
3045,136,586
3166,-13,666
3335,-135,714
3558,-246,713
3823,-396,696
4143,-524,627
4474,-547,565
4744,-476,513
4930,-354,525
5010,-220,666
4986,-87,709
4909,30,700
4806,23,775
4600,102,871
4402,171,789
4306,123,441
4270,37,17
4267,-48,-356
4264,-117,-733
4271,-55,-990
4275,119,-1096
4301,374,-1094
4317,644,-1019
4321,856,-966
4357,976,-852
4424,1018,-689
4396,1054,-517
4491,1028,-361
4642,984,-168
4799,933,-46
4982,827,32
5139,686,99
5238,530,96
5371,369,12
5564,197,-1
5721,67,49
5773,32,198
5732,96,407
5657,226,632
5594,362,814
5560,455,876
5551,465,846
5534,427,792
5481,388,768
5416,351,756
5346,330,744
5250,294,692
5111,238,572
4935,196,399
4709,206,280
4448,271,225
4187,315,205
3943,299,190
3735,184,178
3556,2,133
3397,-205,107
3238,-379,108
3084,-517,132
2937,-634,167
2829,-739,247
2769,-870,364
2727,-1017,421
2721,-1201,423
2764,-1407,372
2833,-1616,310
2911,-1772,249
2979,-1852,177
3059,-1893,111
3131,-1898,56
3176,-1879,-5
3192,-1842,-70
3173,-1796,-117
3108,-1742,-161
3026,-1684,-207
2939,-1604,-245
2840,-1514,-277
2756,-1408,-290
2698,-1304,-280
2666,-1217,-255
2655,-1139,-220
2653,-1064,-175
2667,-985,-141
2726,-892,-130
2823,-787,-142
2953,-691,-172
3124,-609,-200
3310,-535,-250
3504,-482,-277
3723,-448,-290
3934,-432,-311
4156,-406,-293
4363,-373,-231
4545,-359,-124
4670,-360,-22
4738,-410,61
4714,-444,103
4601,-450,123
4429,-435,190
4237,-360,274
4055,-226,316
3932,-75,352
3869,53,347
3864,143,333
3914,178,355
3982,191,434
4057,198,504
4153,223,546
4259,309,588
4395,424,532
4537,550,501
4670,653,494
4813,706,622
4880,718,848
4866,712,1025
4825,732,997
4768,767,803
4740,809,568
4696,842,379
4635,855,292
4554,862,261
4443,875,213
4348,925,179
4257,954,158
4217,924,176
4183,857,211
4154,784,264
4127,720,325
4114,646,392
4107,576,429
4130,498,425
4179,429,431
4234,347,428
4279,273,436
4299,193,473
4305,111,489
4306,49,491
4315,-9,479
4321,-55,462
4339,-88,443
4325,-103,435
4283,-105,441
4232,-115,460
4199,-130,469
4200,-139,502
4229,-145,542
4285,-128,576
4372,-107,594
4482,-74,566
4614,-52,528
4704,-41,496
4785,-44,477
4882,-97,439
4949,-160,432
4993,-226,469
5007,-297,508
5056,-371,552
5113,-438,591
5192,-487,626
5222,-498,678
5255,-510,722
5275,-520,740
5296,-522,743
5294,-529,745
5260,-548,743
5197,-578,742
5108,-606,742
4988,-629,741
4853,-650,738
4697,-662,718
4527,-666,687
4346,-661,639
4159,-649,591
3971,-642,532
3786,-643,466
3611,-636,395
3451,-613,322
3314,-574,257
3202,-544,197
3113,-513,158
3049,-494,109
3004,-474,75
2995,-458,48
3009,-446,34
3048,-435,30
3102,-419,40
3159,-408,42
3224,-405,36
3293,-407,21
3362,-404,16
3434,-399,19
3496,-381,33
3542,-364,58
3575,-334,96
3602,-307,144
3627,-282,194
3644,-254,243
3659,-227,292
3670,-201,353
3676,-180,409
3675,-162,463
3684,-159,512
3684,-155,546
3691,-146,577
3703,-138,597
3710,-126,609
3716,-120,623
3730,-115,631
3740,-105,646
3752,-102,653
3760,-95,650
3763,-90,646
3774,-89,628
3786,-88,617
3787,-95,590
3787,-103,554
3785,-107,536
3786,-115,522
3775,-119,507
3763,-121,497
3758,-127,502
3756,-135,512
3756,-133,532
3759,-121,550
3767,-108,566
3773,-84,580
3776,-70,599
3780,-61,609
3773,-49,623
3771,-40,637
3764,-25,651
3749,-5,663
3730,16,671
3715,34,675
3704,51,674
3690,58,664
3673,74,653
3650,95,652
3635,109,650
3629,119,647
3630,129,645
3643,137,645
3666,151,650
3692,168,660
3722,186,670
3753,200,680
3791,220,687
3837,243,692
3883,265,691
3917,293,701
3954,318,703
3994,347,706
4032,376,706
4062,410,700
4083,439,697
4112,458,697
4150,467,696
4186,467,687
4206,462,670
4222,452,650
4235,440,625
4251,428,595
4261,426,565
4261,425,536
4244,425,510
4216,424,491
4181,420,473
4144,422,445
4112,426,412
4074,424,370
4071,425,365
4138,449,435
4273,484,538
4415,509,631
4540,534,702
4638,556,732
4683,547,744
4672,530,738
4631,510,706
4580,486,674
4547,457,649
4527,413,637
4523,345,619
4538,260,602
4555,171,565
4568,67,523
4574,-47,476
4574,-154,433
4563,-246,385
4534,-318,332
4490,-376,272
4435,-414,217
4354,-426,165
4259,-422,102
4164,-403,40
4073,-370,-20
4002,-320,-76
3937,-259,-127
3875,-182,-182
3815,-100,-241
3767,-19,-296
3736,62,-348
3727,133,-392
3741,187,-428
3787,223,-461
3843,252,-484
3896,280,-494
3953,304,-503
4005,327,-516
4052,356,-529
4078,392,-545
4096,424,-561
4110,460,-580
4122,491,-599
4129,526,-610
4129,567,-619
4129,612,-624
4129,665,-630
4125,729,-636
4115,795,-649
4108,856,-670
4110,904,-764
4106,935,-866
4063,982,-961
3996,1065,-1028
3924,1128,-1084
3838,1162,-1123
3731,1194,-1163
3633,1192,-1194
3556,1165,-1227
3486,1127,-1221
3428,1063,-1209
3383,988,-1179
3349,894,-1140
3327,783,-1088
3311,661,-1061
3275,550,-986
3252,435,-918
3205,339,-830
3174,237,-763
3137,163,-671
3103,83,-601
3065,19,-540
3041,-43,-483
3022,-98,-443
3007,-147,-391
3015,-196,-340
3029,-243,-283
3047,-284,-216
3076,-329,-156
3103,-361,-108
3138,-396,-76
3188,-423,-67
3243,-424,-49
3293,-402,-23
3344,-392,-1
3358,-396,20
3364,-415,33
3361,-442,30
3332,-441,16
3320,-441,-1
3300,-435,-22
3277,-426,-33
3273,-427,-43
3253,-419,-41
3234,-414,-43
3222,-416,-46
3215,-428,-42
3219,-450,-45
3249,-493,-61
3298,-536,-84
3355,-569,-94
3412,-593,-86
3461,-615,-75
3518,-636,-70
3560,-654,-66
3594,-664,-70
3627,-674,-65
3641,-684,-57
3637,-686,-43
3638,-690,-40
3632,-683,-38
3639,-679,-32
3658,-680,-21
3683,-686,-11
3714,-692,-17
3751,-707,-32
3792,-711,-48
3848,-696,-44
3907,-683,-46
3963,-656,-49
4011,-625,-48
4050,-602,-54
4075,-584,-67
4083,-561,-90
4059,-540,-122
4005,-513,-164
3951,-488,-245
3940,-461,-300
3999,-426,-314
4130,-392,-330
4313,-366,-361
4562,-354,-370
4868,-373,-351
5216,-418,-335
5580,-503,-292
5960,-629,-224
6333,-773,-140
6661,-911,-52
6909,-1018,36
7071,-1082,160
7124,-1125,289
7073,-1132,385
6935,-1091,435
6736,-1014,449
6525,-919,427
6300,-799,363
6083,-652,274
5844,-460,138
5549,-264,-107
5231,-75,-412
4963,74,-848
4802,249,-1299
4730,543,-1586
4673,883,-1800
4633,1196,-2030
4656,1404,-2292
4718,1516,-2498
4781,1661,-2602
4841,1900,-2591
4901,2130,-2495
4939,2263,-2380
4933,2262,-2239
4870,2159,-2043
4737,2006,-1786
4577,1821,-1511
4450,1590,-1256
4376,1306,-1053
4355,966,-946
4359,616,-834
4339,351,-641
4260,203,-423
4159,90,-252
4054,-12,-133
3984,-117,-34
3928,-216,42
3858,-315,57
3793,-428,22
3733,-509,-16
3654,-545,-36
3561,-524,-39
3473,-465,-32
3405,-398,-45
3345,-355,-93
3297,-331,-133
3253,-317,-186
3216,-289,-233
3196,-250,-266
3188,-217,-303
3181,-199,-333
3187,-183,-341
3200,-177,-340
3227,-192,-337
3273,-230,-338
3333,-270,-323
3393,-313,-307
3447,-349,-267
3499,-386,-226
3550,-428,-182
3591,-481,-129
3627,-533,-68
3648,-594,-19
3659,-647,39
3643,-685,106
3622,-719,172
3596,-734,236
3576,-731,299
3561,-718,356
3551,-694,406
3557,-663,447
3568,-624,481
3573,-573,512
3578,-521,533
3578,-476,539
3582,-435,541
3588,-396,535
3597,-373,527
3606,-349,521
3611,-319,519
3620,-295,515
3627,-274,504
3644,-255,488
3660,-229,467
3670,-207,456
3681,-196,441
3689,-190,417
3691,-194,398
3695,-197,389
3709,-207,385
3720,-208,380
3740,-207,379
3763,-206,373
3796,-206,382
3826,-206,392
3856,-212,400
3889,-214,412
3921,-223,421
3958,-225,431
3990,-224,435
4024,-222,436
4051,-214,424
4073,-204,402
4087,-187,374
4094,-174,347
4103,-165,312
4107,-165,281
4111,-175,242
4113,-186,198
4121,-213,150
4156,-239,122
4246,-256,133
4380,-268,169
4552,-275,219
4743,-280,261
4953,-296,292
5168,-308,324
5366,-311,354
5537,-326,359
5648,-339,367
5734,-373,350
5765,-405,317
5750,-454,273
5669,-496,241
5574,-538,196
5487,-578,131
5378,-631,53
