3762,-878,-1033
3786,-870,-1042
3807,-866,-1054
3833,-858,-1066
3856,-856,-1079
3875,-855,-1085
3892,-853,-1091
3901,-850,-1093
3907,-847,-1095
3913,-847,-1096
3920,-841,-1101
3928,-843,-1107
3929,-843,-1110
3938,-842,-1109
3943,-842,-1110
3947,-845,-1104
3949,-849,-1109
3951,-853,-1103
3949,-853,-1103
3944,-859,-1099
3941,-864,-1096
3936,-867,-1097
3927,-872,-1100
3917,-871,-1095
3899,-871,-1088
3885,-876,-1076
3867,-879,-1069
3857,-877,-1067
3846,-876,-1058
3839,-878,-1058
3831,-883,-1058
3829,-884,-1057
3828,-888,-1058
3823,-893,-1055
3820,-897,-1056
3818,-902,-1058
3814,-901,-1060
3801,-905,-1061
3792,-905,-1061
3781,-906,-1062
3768,-910,-1060
3756,-914,-1060
3744,-914,-1057
3731,-914,-1055
3713,-919,-1046
3699,-920,-1044
3683,-923,-1039
3670,-922,-1034
3655,-918,-1029
3642,-915,-1029
3632,-914,-1027
3620,-914,-1031
3609,-912,-1030
3597,-910,-1033
3587,-909,-1030
3582,-907,-1036
3580,-906,-1037
3579,-906,-1041
3584,-906,-1041
3589,-904,-1034
3592,-902,-1029
3598,-902,-1024
3608,-910,-1023
3619,-914,-1021
3634,-921,-1015
3647,-929,-1011
3662,-936,-1010
3682,-940,-1008
3698,-943,-1014
3713,-948,-1012
3724,-951,-1014
3739,-956,-1014
3753,-955,-1015
3768,-957,-1017
3788,-965,-1021
3809,-967,-1023
3827,-971,-1025
3850,-973,-1025
3868,-974,-1023
3887,-975,-1021
3901,-975,-1021
3913,-971,-1021
3924,-970,-1016
3936,-969,-1011
3951,-965,-1012
3964,-960,-1007
3975,-959,-1005
3985,-951,-1003
3997,-945,-1002
4008,-945,-996
4018,-945,-994
4026,-948,-992
4034,-950,-991
4041,-951,-985
4043,-951,-988
4048,-957,-980
4051,-958,-976
4050,-959,-972
4050,-961,-967
4048,-963,-963
4047,-966,-954
4048,-970,-951
4040,-974,-945
4035,-973,-937
4024,-971,-927
4021,-970,-920
4014,-964,-911
4006,-961,-907
4002,-954,-902
3992,-949,-894
3986,-943,-893
3979,-942,-892
3977,-938,-892
3974,-938,-889
3970,-935,-887
3965,-935,-881
3957,-932,-875
3950,-933,-869
3943,-930,-863
3932,-924,-857
3922,-920,-852
3905,-922,-847
3888,-925,-843
3875,-928,-836
3857,-925,-835
3846,-923,-829
3837,-922,-824
3826,-925,-819
3811,-921,-817
3801,-924,-812
3796,-924,-812
3794,-921,-813
3788,-918,-812
3783,-918,-812
3778,-914,-810
3780,-913,-815
3772,-905,-820
3767,-901,-823
3770,-899,-823
3772,-893,-826
3774,-886,-831
3774,-882,-835
3778,-873,-838
3783,-870,-844
3786,-860,-851
3795,-856,-854
3803,-853,-858
3810,-848,-865
3816,-845,-870
3819,-843,-870
3821,-839,-874
3825,-840,-879
3829,-844,-886
3831,-841,-890
3834,-844,-896
3835,-845,-898
3838,-844,-899
3843,-847,-900
3845,-845,-904
3856,-850,-907
3863,-851,-907
3868,-849,-912
3871,-850,-913
3878,-853,-915
3885,-853,-917
3888,-858,-918
3892,-864,-920
3899,-867,-924
3902,-868,-921
3906,-869,-928
3906,-872,-929
3910,-875,-934
3907,-873,-944
3901,-873,-947
3892,-870,-952
3887,-865,-954
3883,-858,-951
3876,-852,-950
3877,-847,-945
3876,-839,-942
3875,-833,-942
3878,-828,-938
3879,-824,-933
3878,-824,-931
3879,-825,-925
3881,-831,-924
3882,-836,-925
3878,-846,-925
3877,-854,-922
3868,-860,-917
3863,-865,-915
3852,-876,-914
3837,-885,-910
3824,-890,-907
3809,-894,-903
3792,-895,-904
3779,-896,-903
3768,-893,-903
3757,-888,-907
3745,-883,-909
3737,-879,-917
3732,-870,-917
3730,-865,-922
3727,-855,-929
3731,-845,-932
3732,-835,-936
3734,-827,-942
3742,-822,-949
3750,-814,-957
3758,-809,-960
3765,-799,-968
3777,-793,-972
3790,-789,-983
3803,-781,-990
3816,-776,-999
3830,-772,-1005
3845,-766,-1015
3857,-760,-1020
3869,-753,-1024
3881,-751,-1026
3889,-746,-1029
3893,-741,-1031
3896,-739,-1036
3898,-741,-1033
3904,-740,-1031
3906,-740,-1032
3908,-742,-1031
3910,-742,-1035
3909,-742,-1035
3908,-745,-1034
3902,-746,-1039
3900,-754,-1042
3896,-756,-1037
3888,-757,-1034
3882,-762,-1037
3871,-762,-1038
3865,-764,-1036
3852,-765,-1033
3839,-768,-1028
3829,-773,-1029
3821,-776,-1027
3819,-782,-1027
3817,-791,-1028
3812,-791,-1029
3807,-791,-1034
3803,-793,-1037
3796,-791,-1032
3788,-785,-1032
3783,-782,-1032
3776,-778,-1036
3770,-775,-1041
3768,-769,-1042
3765,-764,-1042
3765,-760,-1044
3768,-756,-1046
3766,-753,-1046
3769,-747,-1051
3773,-746,-1053
3772,-745,-1056
3771,-742,-1058
3773,-738,-1059
3773,-739,-1057
3776,-743,-1058
3771,-746,-1058
3770,-748,-1056
3764,-750,-1057
3759,-751,-1059
3756,-754,-1056
3755,-756,-1056
3753,-762,-1056
3754,-765,-1057
3753,-769,-1058
3755,-771,-1059
3761,-774,-1058
3760,-773,-1059
3765,-775,-1057
3777,-778,-1057
3783,-781,-1053
3797,-784,-1049
3806,-787,-1046
3809,-789,-1042
3815,-795,-1040
3827,-795,-1039
3838,-799,-1041
3847,-803,-1039
3855,-805,-1039
3865,-806,-1040
3873,-812,-1039
3879,-815,-1038
3886,-821,-1039
3893,-827,-1039
3899,-834,-1037
3901,-840,-1033
3903,-845,-1029
3899,-852,-1026
3900,-853,-1023
3893,-855,-1017
3887,-861,-1009
3883,-866,-1006
3877,-870,-1006
3876,-870,-1002
3873,-873,-1000
3868,-876,-999
3859,-875,-1005
3856,-877,-1009
3852,-878,-1013
3856,-876,-1017
3853,-873,-1025
3848,-870,-1034
3849,-863,-1043
3849,-858,-1046
3850,-853,-1053
3850,-847,-1055
3850,-846,-1057
3849,-839,-1057
3850,-833,-1064
3852,-832,-1069
3856,-830,-1074
3865,-830,-1082
3868,-826,-1086
3871,-821,-1093
3875,-816,-1095
3880,-812,-1097
3881,-805,-1100
3879,-804,-1105
3877,-802,-1102
3877,-800,-1102
3873,-802,-1106
3865,-805,-1100
3860,-803,-1096
3854,-805,-1094
3848,-815,-1095
3841,-820,-1090
3832,-824,-1085
3830,-829,-1083
3822,-835,-1080
3813,-838,-1072
3804,-845,-1066
3796,-848,-1065
3783,-852,-1062
3771,-853,-1057
3761,-858,-1054
3751,-863,-1056
3744,-869,-1050
3740,-870,-1054
3739,-866,-1053
3744,-863,-1051
3750,-861,-1047
3758,-857,-1043
3767,-848,-1041
3777,-844,-1038
3782,-835,-1039
3792,-829,-1041
3803,-826,-1040
3812,-822,-1038
3822,-813,-1038
3824,-803,-1038
3827,-796,-1039
3830,-786,-1036
3835,-781,-1034
3840,-776,-1027
3844,-767,-1019
3844,-760,-1013
3842,-757,-1007
3844,-757,-1005
3848,-754,-998
3848,-752,-993
3848,-754,-983
3854,-756,-980
3856,-760,-971
3857,-766,-969
3854,-771,-964
3851,-776,-964
3847,-780,-964
3839,-785,-963
3827,-793,-965
3817,-797,-970
3803,-808,-974
3792,-814,-980
3777,-823,-986
3765,-830,-988
3749,-835,-995
3735,-845,-1000
3727,-852,-1011
3719,-861,-1022
3714,-870,-1034
3713,-875,-1042
3714,-873,-1047
3712,-869,-1051
3711,-867,-1061
3706,-860,-1064
3707,-845,-1066
3705,-837,-1069
3701,-829,-1070
3710,-820,-1072
3719,-814,-1080
3727,-813,-1089
3735,-809,-1100
3743,-809,-1113
3757,-804,-1124
3768,-804,-1134
3778,-807,-1145
3787,-807,-1150
3801,-807,-1157
3808,-810,-1163
3817,-812,-1171
3826,-817,-1170
3833,-823,-1170
3841,-830,-1165
3849,-836,-1163
3851,-838,-1154
3856,-838,-1146
3857,-840,-1140
3860,-844,-1130
3863,-849,-1125
3866,-848,-1121
3873,-850,-1117
3878,-849,-1114
3882,-849,-1110
3884,-848,-1109
3882,-848,-1108
3877,-848,-1105
3869,-850,-1103
3863,-848,-1102
3853,-848,-1102
3845,-850,-1104
3835,-854,-1104
3832,-854,-1101
3826,-858,-1099
3820,-858,-1097
3816,-860,-1094
3809,-857,-1094
3800,-851,-1095
3793,-851,-1092
3787,-846,-1095
3781,-842,-1093
3772,-839,-1091
3768,-831,-1095
3770,-825,-1096
3768,-819,-1094
3766,-812,-1101
3766,-807,-1108
3761,-801,-1113
3761,-793,-1113
3761,-790,-1118
3760,-784,-1118
3761,-780,-1119
3763,-777,-1120
3764,-777,-1119
3767,-773,-1114
3768,-768,-1112
3773,-769,-1110
3774,-766,-1106
3780,-765,-1104
3786,-766,-1097
3785,-764,-1094
3790,-769,-1091
3795,-776,-1088
3802,-778,-1089
3808,-781,-1089
3813,-779,-1088
3818,-785,-1086
3822,-789,-1082
3826,-792,-1079
3829,-792,-1076
3834,-794,-1073
3834,-798,-1070
3833,-798,-1067
3835,-796,-1071
3838,-797,-1065
3842,-798,-1061
3843,-798,-1060
3842,-792,-1060
3843,-791,-1062
3841,-789,-1065
3838,-785,-1064
3835,-783,-1068
3832,-784,-1068
3835,-778,-1068
3838,-773,-1067
3838,-773,-1064
3836,-767,-1067
3835,-764,-1064
3832,-758,-1064
3834,-759,-1065
3832,-760,-1063
3828,-766,-1067
3827,-762,-1064
3828,-762,-1059
3828,-757,-1060
3825,-764,-1059
3822,-767,-1058
3820,-765,-1057
3815,-766,-1056
3813,-767,-1059
3813,-767,-1062
3812,-765,-1062
3813,-764,-1062
3813,-760,-1064
3814,-763,-1065
3814,-762,-1067
3813,-762,-1068
3815,-760,-1066
3815,-761,-1063
3811,-761,-1060
3814,-764,-1060
3815,-762,-1063
3812,-763,-1063
3811,-766,-1065
3809,-770,-1064
3810,-772,-1063
3810,-778,-1063
3811,-781,-1067
3810,-779,-1069
3813,-778,-1076
3815,-780,-1072
3815,-781,-1075
3817,-782,-1075
3822,-781,-1079
3822,-784,-1084
3825,-784,-1084
3825,-786,-1088
3829,-787,-1086
3828,-787,-1092
3829,-788,-1093
3830,-792,-1095
3831,-792,-1095
3836,-792,-1098
3835,-797,-1100
3833,-797,-1102
3836,-799,-1105
3842,-800,-1106
3839,-802,-1110
3841,-801,-1108
3841,-802,-1107
3845,-806,-1107
3849,-804,-1111
3851,-806,-1116
3850,-805,-1122
3846,-803,-1130
3849,-802,-1128
3849,-805,-1126
3851,-803,-1124
3850,-800,-1125
3847,-799,-1127
3852,-800,-1129
3855,-799,-1131
3854,-799,-1131
3856,-800,-1129
3858,-804,-1129
3859,-806,-1133
3865,-805,-1136
3867,-805,-1138
3873,-807,-1144
3883,-803,-1149
3887,-804,-1156
3888,-804,-1158
3891,-803,-1160
3890,-799,-1164
3884,-794,-1165
3880,-790,-1167
3874,-786,-1169
3866,-777,-1167
3862,-770,-1173
3850,-770,-1171
3840,-765,-1168
3831,-761,-1170
3821,-756,-1172
3812,-752,-1169
3799,-755,-1168
3787,-764,-1171
3782,-775,-1171
3773,-786,-1174
3764,-796,-1177
3757,-800,-1182
3748,-807,-1180
3746,-814,-1181
3737,-819,-1177
3733,-817,-1171
3733,-821,-1173
3731,-822,-1168
3731,-822,-1164
3734,-826,-1160
3743,-829,-1156
3752,-829,-1150
3762,-826,-1143
3772,-824,-1139
3778,-821,-1131
3786,-817,-1128
3790,-818,-1130
3795,-818,-1125
3802,-819,-1124
3809,-821,-1125
3812,-826,-1122
3813,-831,-1124
3819,-836,-1122
3823,-843,-1116
3823,-847,-1112
3822,-853,-1101
3824,-855,-1094
3824,-857,-1087
3817,-854,-1076
3815,-844,-1062
3815,-839,-1055
3811,-835,-1044
3810,-825,-1040
3811,-820,-1037
3810,-818,-1032
3810,-820,-1026
3801,-816,-1024
3794,-814,-1021
3789,-811,-1025
3784,-807,-1021
3782,-804,-1017
3780,-799,-1011
3779,-794,-1003
3771,-785,-993
3762,-780,-990
3755,-770,-992
3753,-761,-1001
3754,-752,-1018
3758,-737,-1029
3761,-725,-1044
3767,-714,-1066
3774,-705,-1075
3776,-693,-1072
3770,-690,-1065
3767,-699,-1050
3762,-719,-1036
3762,-744,-1018
3763,-766,-1006
3767,-788,-993
3772,-804,-983
3780,-815,-978
3789,-816,-978
3793,-814,-972
3789,-809,-974
3790,-803,-984
3791,-798,-993
3787,-792,-993
3789,-794,-1004
3791,-793,-1012
3797,-795,-1014
3797,-805,-1027
3798,-813,-1050
3804,-827,-1073
3813,-841,-1097
3823,-853,-1110
3829,-865,-1112
3831,-871,-1109
3829,-879,-1113
3828,-890,-1129
3829,-893,-1136
3830,-898,-1139
3828,-905,-1134
3826,-911,-1128
3822,-912,-1118
3820,-913,-1114
3817,-915,-1113
3811,-916,-1104
3800,-919,-1107
3800,-922,-1110
3797,-923,-1116
3803,-927,-1125
3813,-931,-1138
3820,-934,-1152
3825,-933,-1159
3830,-934,-1158
3831,-934,-1157
3825,-935,-1155
3823,-930,-1154
3820,-928,-1151
3811,-923,-1143
3803,-913,-1141
3793,-900,-1134
3781,-887,-1124
3767,-876,-1115
3758,-865,-1106
3754,-856,-1097
3759,-854,-1091
3768,-857,-1079
3774,-861,-1074
3786,-865,-1070
3795,-867,-1067
3796,-870,-1064
3801,-867,-1061
3802,-861,-1060
3805,-854,-1062
3805,-844,-1061
3799,-839,-1057
3802,-831,-1053
3808,-824,-1049
3812,-814,-1044
3815,-804,-1036
3814,-796,-1029
3814,-791,-1019
3817,-786,-1016
3819,-779,-1014
3823,-779,-1008
3823,-781,-1010
3824,-778,-1013
3831,-782,-1013
3832,-781,-1015
3833,-790,-1019
3837,-791,-1025
3832,-797,-1033
3831,-805,-1040
3826,-815,-1047
3825,-825,-1054
3826,-833,-1058
3828,-836,-1063
3829,-845,-1066
3828,-852,-1067
3830,-856,-1073
3835,-861,-1076
3832,-861,-1076
3835,-859,-1077
3838,-858,-1080
3836,-857,-1088
3834,-857,-1085
3833,-851,-1089
3829,-847,-1092
3825,-848,-1092
3822,-845,-1092
3818,-847,-1093
3815,-848,-1094
3811,-851,-1090
3811,-853,-1090
3811,-853,-1090
3809,-857,-1089
3808,-861,-1090
3809,-862,-1091
3811,-863,-1094
3813,-863,-1097
3811,-865,-1102
3812,-865,-1103
3810,-865,-1110
3812,-866,-1111
3808,-864,-1116
3811,-863,-1120
3811,-863,-1120
3817,-859,-1121
3818,-854,-1124
3825,-852,-1124
3828,-850,-1123
3829,-849,-1123
3829,-848,-1125
3833,-846,-1130
3838,-849,-1131
3843,-846,-1138
3851,-847,-1139
3856,-848,-1141
3852,-854,-1144
3848,-859,-1147
3844,-862,-1152
3842,-860,-1153
3835,-862,-1152
3827,-863,-1153
3821,-862,-1151
3816,-862,-1152
3813,-863,-1146
3801,-858,-1144
3797,-855,-1140
3794,-853,-1139
3795,-853,-1138
3795,-850,-1137
3793,-846,-1135
3792,-842,-1130
3793,-839,-1127
3795,-835,-1122
3793,-833,-1119
3792,-832,-1116
3791,-830,-1119
3787,-828,-1115
3793,-832,-1114
3801,-832,-1112
3806,-835,-1108
3810,-841,-1103
3811,-848,-1104
3810,-853,-1102
3807,-855,-1100
3806,-858,-1102
3805,-862,-1099
3808,-864,-1099
3806,-865,-1097
3804,-865,-1098
3806,-862,-1093
3798,-859,-1088
3794,-854,-1078
3801,-851,-1078
3808,-842,-1073
3808,-838,-1070
3812,-828,-1065
3812,-825,-1061
3812,-818,-1058
3815,-812,-1055
3818,-808,-1053
3819,-805,-1054
3820,-803,-1050
3823,-803,-1049
3831,-797,-1045
3833,-799,-1041
3836,-801,-1039
3830,-806,-1039
3828,-809,-1035
3821,-814,-1037
3814,-815,-1034
3813,-816,-1031
3805,-814,-1029
3804,-813,-1030
3800,-811,-1030
3795,-807,-1029
3785,-802,-1025
3777,-803,-1019
3778,-797,-1016
3776,-794,-1013
3776,-790,-1011
3777,-785,-1008
3782,-782,-1003
3792,-781,-1005
3799,-778,-1006
3807,-778,-1008
3811,-772,-1015
3813,-771,-1016
3811,-773,-1021
3811,-774,-1026
3804,-779,-1024
3800,-780,-1027
3794,-776,-1028
3791,-774,-1032
3789,-773,-1036
3784,-770,-1045
3788,-767,-1049
3789,-761,-1060
3788,-754,-1067
3790,-742,-1085
3794,-732,-1101
3793,-724,-1119
3796,-728,-1139
3789,-729,-1155
3787,-730,-1163
3783,-735,-1175
3785,-745,-1190
3795,-753,-1208
3809,-763,-1230
3823,-760,-1256
3832,-748,-1291
3834,-725,-1325
3831,-707,-1361
3825,-684,-1398
3817,-664,-1434
3812,-653,-1461
3802,-646,-1476
3801,-644,-1490
3808,-647,-1504
3809,-649,-1517
3813,-655,-1526
3810,-666,-1530
3808,-670,-1522
3799,-677,-1514
3795,-692,-1499
3791,-712,-1483
3793,-734,-1476
3803,-756,-1470
3809,-780,-1461
3816,-803,-1450
3820,-823,-1435
3826,-848,-1417
3828,-872,-1406
3826,-896,-1395
3824,-916,-1382
3820,-929,-1363
3820,-943,-1341
3823,-961,-1326
3821,-970,-1307
3817,-979,-1295
3816,-988,-1282
3817,-990,-1264
3820,-999,-1254
3822,-997,-1247
3822,-998,-1235
3822,-997,-1232
3818,-995,-1225
3813,-992,-1227
3811,-988,-1235
3802,-987,-1234
3795,-988,-1231
3798,-984,-1226
3801,-985,-1222
3801,-982,-1217
3800,-982,-1214
3795,-985,-1209
3794,-988,-1203
3790,-983,-1189
3790,-978,-1178
3785,-974,-1166
3780,-971,-1150
3781,-965,-1138
3776,-963,-1125
3772,-963,-1113
3763,-963,-1103
3758,-956,-1094
3749,-953,-1085
3746,-952,-1080
3736,-945,-1072
3735,-942,-1060
3731,-938,-1057
3728,-932,-1049
3725,-929,-1043
3722,-925,-1031
3720,-919,-1020
3718,-914,-1012
3721,-908,-1003
3723,-902,-992
3725,-895,-981
3734,-886,-969
3737,-879,-957
3744,-876,-945
3750,-872,-935
3755,-871,-930
3760,-872,-919
3772,-873,-915
3781,-876,-908
3790,-880,-903
3800,-886,-902
3808,-890,-905
3811,-892,-905
3818,-899,-905
3817,-904,-907
3817,-908,-905
3813,-910,-906
3806,-911,-906
3799,-915,-910
3790,-918,-915
3785,-918,-917
3778,-920,-917
3776,-925,-921
3769,-925,-921
3762,-929,-922
3754,-931,-920
3749,-930,-920
3738,-934,-918
3732,-932,-915
3728,-930,-910
3718,-931,-908
3714,-927,-907
3708,-925,-910
3703,-922,-916
3701,-917,-914
3698,-918,-914
3700,-918,-913
3695,-917,-919
3698,-915,-919
3701,-913,-926
3707,-914,-930
3712,-914,-934
3718,-913,-938
3722,-918,-942
3724,-919,-944
3730,-918,-946
3734,-921,-950
3743,-922,-958
3751,-923,-961
3760,-926,-965
3763,-928,-968
3768,-928,-971
3774,-930,-974
3777,-931,-978
3781,-933,-983
3786,-936,-988
3788,-937,-989
3796,-938,-992
3801,-941,-997
3801,-939,-1000
3803,-941,-1004
3804,-939,-1008
3809,-934,-1009
3808,-932,-1016
3807,-931,-1019
3810,-926,-1020
3810,-925,-1024
3810,-924,-1025
3811,-919,-1029
3811,-914,-1035
3810,-913,-1041
3814,-907,-1046
3813,-904,-1048
3816,-896,-1051
3816,-889,-1055
3818,-887,-1061
3825,-879,-1063
3829,-874,-1072
3829,-869,-1074
3827,-866,-1080
3830,-860,-1086
3835,-856,-1097
3833,-854,-1103
3836,-853,-1109
3836,-849,-1117
3833,-845,-1122
3836,-840,-1129
3836,-838,-1137
3833,-836,-1140
3829,-834,-1145
3821,-830,-1153
3816,-826,-1154
3806,-822,-1159
3800,-820,-1169
3793,-809,-1170
3789,-802,-1174
3789,-797,-1178
3795,-793,-1184
3797,-795,-1188
3804,-793,-1197
3806,-792,-1213
3811,-790,-1224
3820,-793,-1237
3827,-789,-1247
3836,-790,-1261
3845,-791,-1271
3850,-793,-1278
3854,-791,-1286
3865,-784,-1291
3868,-780,-1303
3874,-778,-1312
3877,-769,-1321
3877,-757,-1329
3877,-747,-1330
3866,-734,-1335
3859,-728,-1336
3856,-724,-1340
3852,-715,-1341
3851,-709,-1335
3849,-698,-1328
3842,-687,-1322
3835,-678,-1316
3836,-673,-1319
3837,-670,-1319
3843,-671,-1317
3850,-674,-1318
3852,-674,-1324
3857,-681,-1326
3856,-687,-1329
3864,-696,-1334
3859,-706,-1336
3858,-709,-1337
3854,-712,-1337
3848,-716,-1337
3842,-722,-1334
3832,-729,-1333
3823,-732,-1330
3815,-730,-1322
3805,-731,-1315
3798,-731,-1309
3798,-731,-1301
3801,-725,-1298
3806,-729,-1292
3811,-732,-1288
3814,-731,-1283
3816,-733,-1282
3820,-739,-1282
3822,-745,-1283
3826,-752,-1281
3826,-760,-1278
3823,-769,-1277
3821,-782,-1274
3818,-792,-1268
3814,-802,-1263
3813,-807,-1259
3810,-808,-1248
3806,-807,-1235
3804,-809,-1226
3799,-810,-1214
3794,-808,-1203
3791,-803,-1195
3796,-799,-1186
3793,-790,-1181
3794,-780,-1176
3800,-775,-1172
3804,-773,-1175
3808,-779,-1171
3814,-781,-1171
3814,-784,-1171
3815,-788,-1168
3818,-796,-1168
3820,-802,-1157
3824,-806,-1150
3830,-813,-1139
3836,-816,-1131
3840,-826,-1123
3844,-830,-1115
3849,-832,-1105
3847,-839,-1096
3851,-845,-1086
3849,-852,-1078
3851,-857,-1072
3849,-858,-1065
3849,-858,-1060
3846,-864,-1057
3841,-866,-1052
3838,-870,-1051
3831,-873,-1043
3827,-875,-1036
3826,-880,-1029
3823,-886,-1021
3820,-886,-1020
3820,-896,-1012
3819,-899,-1004
3819,-903,-998
3818,-903,-992
3817,-906,-984
3817,-910,-980
3819,-914,-973
3816,-913,-970
3818,-916,-969
3818,-921,-961
3815,-924,-961
3817,-920,-959
3817,-928,-955
3819,-927,-955
3818,-927,-953
3816,-924,-951
3821,-927,-951
3821,-926,-950
3821,-929,-949
3819,-923,-944
3817,-926,-944
3815,-927,-940
3813,-925,-937
3815,-922,-934
3816,-923,-934
3815,-921,-932
3816,-920,-933
3816,-925,-932
3815,-927,-931
3813,-928,-929
3811,-928,-929
3810,-928,-925
3805,-923,-922
3800,-923,-922
3795,-920,-923
3797,-917,-925
3795,-911,-920
3795,-908,-915
3790,-904,-915
3792,-905,-917
3789,-908,-917
3790,-906,-922
3795,-900,-919
3802,-896,-925
3803,-893,-922
3806,-889,-919
3810,-888,-920
3813,-886,-924
3812,-888,-924
3811,-884,-926
3811,-883,-928
3813,-881,-930
3811,-878,-933
3811,-881,-934
3804,-877,-937
3804,-873,-939
3801,-872,-939
3801,-869,-939
3805,-870,-943
3803,-868,-946
3804,-869,-953
3801,-865,-952
3802,-863,-957
3803,-863,-960
3800,-863,-965
3794,-864,-969
3794,-861,-976
3794,-860,-978
3796,-862,-979
3794,-862,-986
3796,-858,-989
3801,-857,-994
3801,-856,-1001
3807,-853,-1007
3810,-850,-1012
3813,-848,-1021
3817,-839,-1028
3820,-838,-1036
3827,-840,-1037
3835,-834,-1044
3837,-828,-1051
3834,-827,-1060
3840,-829,-1066
3835,-825,-1072
3828,-826,-1076
3823,-829,-1083
3818,-830,-1091
3808,-823,-1095
3807,-821,-1099
3800,-817,-1098
3790,-814,-1101
3783,-810,-1104
3783,-806,-1105
3779,-803,-1113
3779,-799,-1111
3778,-795,-1112
3776,-795,-1115
3774,-793,-1122
3772,-794,-1129
3773,-797,-1134
3775,-800,-1141
3780,-801,-1147
3779,-804,-1153
3776,-807,-1155
3772,-805,-1159
3765,-801,-1161
3760,-796,-1159
3758,-791,-1159
3757,-790,-1160
3761,-787,-1157
3765,-784,-1156
3761,-782,-1158
3759,-781,-1160
3756,-782,-1161
3754,-781,-1161
3749,-780,-1164
3742,-783,-1166
3747,-788,-1167
3756,-789,-1172
3758,-793,-1171
3767,-790,-1179
3775,-792,-1184
3785,-793,-1192
3795,-793,-1196
3810,-795,-1200
3828,-794,-1199
3852,-798,-1203
3871,-799,-1205
3891,-797,-1205
3911,-796,-1204
3931,-792,-1212
3953,-783,-1218
3974,-765,-1232
3988,-747,-1244
4000,-729,-1251
4014,-714,-1256
4018,-702,-1260
4021,-690,-1269
4026,-688,-1279
4030,-689,-1288
4027,-690,-1306
4019,-688,-1325
4008,-678,-1340
3992,-671,-1352
3977,-670,-1363
3963,-678,-1364
3955,-705,-1369
3954,-750,-1390
3941,-741,-1424
3932,-649,-1404
3925,-566,-1386
3918,-557,-1391
3920,-593,-1406
3919,-616,-1398
3911,-649,-1376
3898,-693,-1347
3881,-755,-1328
3863,-821,-1309
3839,-883,-1291
3811,-937,-1276
3784,-973,-1247
3756,-1007,-1213
3734,-1047,-1186
3719,-1091,-1165
3713,-1118,-1143
3704,-1141,-1122
3699,-1166,-1106
3693,-1178,-1086
3679,-1176,-1076
3666,-1169,-1062
3664,-1164,-1051
3662,-1153,-1045
3667,-1143,-1037
3672,-1127,-1034
3678,-1111,-1032
3686,-1097,-1030
3692,-1085,-1039
3701,-1075,-1043
3711,-1057,-1046
3717,-1046,-1049
3729,-1033,-1053
3741,-1022,-1048
3754,-1013,-1043
3767,-1005,-1039
3783,-999,-1032
3796,-996,-1028
3814,-998,-1022
3829,-1006,-1016
3838,-1010,-1010
3851,-1016,-1000
3860,-1024,-987
3867,-1031,-972
3867,-1028,-954
3864,-1028,-931
3860,-1032,-915
3861,-1042,-902
3855,-1040,-892
3848,-1028,-881
3836,-1010,-871
3822,-990,-858
3807,-966,-855
3795,-942,-854
3782,-922,-856
3771,-899,-854
3758,-878,-858
3752,-858,-863
3747,-840,-870
3741,-823,-877
3733,-804,-883
3733,-787,-890
3735,-770,-895
3732,-754,-904
3733,-742,-909
3737,-731,-913
3741,-723,-919
3745,-722,-921
3756,-723,-918
3757,-729,-918
3756,-733,-912
3755,-741,-907
3752,-749,-896
3752,-751,-884
3750,-755,-873
3750,-760,-863
3750,-769,-857
3751,-771,-845
3752,-775,-840
3752,-778,-834
3753,-784,-830
3757,-787,-821
3756,-796,-823
3759,-800,-820
3756,-806,-820
3760,-807,-817
3764,-811,-813
3767,-815,-814
3773,-819,-814
3774,-827,-809
3786,-828,-809
3793,-832,-815
3796,-836,-817
3800,-837,-823
3794,-840,-830
3792,-845,-830
3788,-847,-828
3787,-843,-830
3781,-841,-830
3782,-838,-833
3782,-835,-830
3778,-837,-833
3782,-832,-831
3785,-829,-834
3787,-827,-836
3789,-830,-840
3796,-826,-844
3800,-825,-857
3807,-828,-866
3815,-829,-876
3822,-829,-884
3826,-830,-894
3831,-831,-906
3839,-831,-918
3839,-834,-922
3840,-838,-927
3843,-842,-933
3841,-847,-937
3843,-852,-940
3846,-850,-940
3842,-852,-947
3843,-856,-956
3850,-856,-961
3861,-856,-967
3866,-856,-972
3867,-854,-980
3871,-857,-989
3875,-860,-993
3875,-865,-1001
3877,-868,-1005
3877,-871,-1011
3875,-872,-1017
3873,-868,-1025
3874,-863,-1040
3874,-857,-1048
3877,-852,-1059
3879,-847,-1072
3881,-844,-1079
3879,-845,-1090
3881,-843,-1097
3877,-839,-1104
3877,-833,-1111
3879,-831,-1122
3877,-826,-1125
3871,-826,-1136
3868,-822,-1149
3866,-819,-1163
3863,-816,-1168
3861,-810,-1175
3856,-809,-1185
3854,-804,-1185
3853,-800,-1193
3849,-794,-1204
3844,-785,-1213
3843,-781,-1219
3840,-776,-1225
3839,-773,-1231
3840,-770,-1236
3841,-766,-1230
3839,-759,-1220
3830,-753,-1217
3824,-751,-1215
3825,-755,-1222
3823,-753,-1222
3824,-751,-1215
3819,-751,-1213
3819,-754,-1217
3825,-763,-1217
3832,-768,-1223
3838,-772,-1231
3839,-779,-1238
3842,-778,-1247
3845,-783,-1251
3847,-788,-1256
3847,-789,-1264
3846,-787,-1274
3847,-786,-1279
3851,-789,-1286
3850,-792,-1290
3850,-789,-1292
3849,-783,-1295
3852,-778,-1302
3851,-780,-1303
3855,-782,-1299
3859,-788,-1304
3859,-791,-1303
3866,-800,-1296
3870,-803,-1294
3873,-809,-1286
3876,-815,-1278
3879,-821,-1266
3881,-826,-1257
3881,-825,-1248
3883,-824,-1234
3882,-825,-1225
3877,-824,-1218
3873,-816,-1211
3872,-811,-1210
3863,-813,-1205
3864,-805,-1197
3860,-799,-1191
3855,-791,-1189
3853,-785,-1180
3849,-778,-1169
3846,-774,-1160
3842,-772,-1148
3839,-771,-1143
3840,-778,-1137
3840,-783,-1138
3845,-786,-1129
3841,-789,-1123
3840,-791,-1116
3843,-795,-1112
3844,-797,-1105
3841,-790,-1099
3842,-786,-1096
3842,-784,-1089
3839,-785,-1088
3835,-781,-1083
3838,-786,-1077
3837,-786,-1074
3838,-788,-1067
3839,-788,-1058
3839,-789,-1054
3842,-788,-1047
3842,-788,-1037
3836,-786,-1031
3832,-791,-1023
3830,-792,-1015
3832,-793,-1006
3830,-794,-1001
3830,-797,-993
3827,-800,-989
3827,-801,-989
3827,-807,-988
3828,-809,-984
3832,-813,-979
3829,-815,-977
3830,-815,-976
3829,-814,-964
3828,-813,-954
3829,-822,-949
3829,-829,-944
3834,-838,-938
3835,-846,-936
3838,-851,-928
3834,-858,-923
3837,-866,-921
3835,-872,-919
3833,-875,-918
3832,-873,-918
3835,-872,-926
3833,-866,-930
3830,-859,-931
3821,-853,-924
3812,-847,-910
3808,-837,-906
3800,-830,-903
3796,-825,-899
3793,-816,-891
3794,-807,-881
3797,-799,-870
3804,-796,-862
3810,-793,-858
3821,-795,-855
3829,-794,-850
3833,-792,-854
3842,-791,-861
3849,-794,-861
3850,-793,-865
3858,-789,-866
3856,-787,-866
3854,-785,-864
3853,-781,-863
3851,-778,-864
3845,-781,-861
3839,-778,-864
3838,-776,-865
3833,-779,-864
3825,-784,-867
3820,-784,-869
3818,-792,-874
3810,-797,-875
3808,-804,-876
3805,-807,-879
3806,-807,-881
3806,-810,-886
3803,-812,-890
3794,-812,-898
3796,-808,-899
3797,-805,-902
3804,-802,-907
3799,-800,-908
3804,-793,-913
3802,-787,-915
3799,-781,-923
3802,-778,-926
3803,-774,-924
3806,-771,-929
3809,-770,-934
3812,-766,-937
3812,-764,-941
3813,-765,-946
3813,-769,-952
3817,-771,-955
3817,-774,-959
3815,-778,-962
3817,-783,-960
3821,-784,-965
3819,-788,-969
3820,-792,-975
3819,-797,-977
3822,-797,-984
3823,-799,-982
3826,-801,-985
3824,-810,-990
3828,-814,-993
3831,-812,-1000
3830,-809,-1002
3823,-809,-1005
3822,-811,-1006
3821,-813,-1009
3822,-812,-1021
3827,-811,-1026
3831,-814,-1026
3830,-817,-1030
3830,-819,-1031
3837,-822,-1034
3838,-824,-1040
3844,-828,-1049
3846,-830,-1055
3849,-827,-1059
3849,-829,-1060
3851,-828,-1068
3856,-826,-1070
3855,-826,-1074
3860,-826,-1080
3862,-826,-1084
3865,-823,-1092
3866,-824,-1091
3866,-821,-1094
3865,-821,-1100
3858,-820,-1107
3853,-817,-1115
3856,-818,-1111
3852,-818,-1114
3850,-819,-1116
3849,-822,-1121
3849,-824,-1124
3847,-823,-1125
3846,-823,-1130
3842,-822,-1131
3840,-823,-1131
3839,-822,-1135
3837,-819,-1136
3838,-818,-1135
3840,-819,-1134
3835,-815,-1136
3832,-811,-1141
3826,-810,-1142
3821,-813,-1141
3819,-809,-1145
3818,-807,-1150
3815,-803,-1154
3814,-805,-1156
3814,-801,-1158
3814,-803,-1156
3815,-801,-1156
3816,-802,-1155
3814,-805,-1155
3814,-801,-1156
3816,-799,-1156
3815,-798,-1156
3815,-799,-1153
3816,-800,-1153
3814,-798,-1147
3814,-799,-1146
3813,-801,-1145
3811,-804,-1149
3817,-804,-1147
3822,-805,-1142
3822,-809,-1142
3824,-811,-1142
3823,-812,-1135
3828,-816,-1133
3827,-821,-1131
3826,-830,-1127
3826,-838,-1128
3825,-844,-1127
3825,-849,-1124
3830,-852,-1123
3833,-853,-1119
3836,-853,-1118
3836,-850,-1111
3836,-850,-1108
3833,-851,-1106
3836,-852,-1099
3832,-853,-1098
3829,-854,-1097
3827,-849,-1093
3825,-849,-1088
3826,-849,-1086
3823,-846,-1084
3821,-851,-1082
3819,-850,-1079
3820,-847,-1074
3821,-851,-1072
3823,-849,-1065
3819,-850,-1064
3819,-847,-1059
3818,-848,-1059
3815,-847,-1057
3814,-851,-1052
3812,-851,-1049
3814,-853,-1044
3811,-852,-1038
3814,-849,-1037
3815,-848,-1029
3815,-848,-1027
3812,-847,-1023
3808,-849,-1022
3805,-846,-1017
3806,-846,-1016
3807,-851,-1015
3812,-856,-1015
3811,-857,-1008
3813,-856,-1003
3816,-852,-1000
3818,-852,-998
3820,-854,-995
3821,-853,-1002
3820,-852,-1001
3820,-853,-1000
3822,-850,-999
3821,-848,-995
3821,-848,-994
3823,-844,-994
3823,-839,-993
3819,-841,-993
3819,-840,-988
3817,-836,-988
3817,-840,-987
3815,-839,-988
3815,-838,-993
3816,-840,-988
3818,-837,-991
3817,-839,-993
3814,-839,-993
3817,-837,-994
3812,-833,-995
3812,-837,-991
3814,-834,-990
3814,-831,-989
3808,-830,-994
3809,-826,-994
3809,-824,-991
3808,-822,-992
3808,-818,-990
3812,-815,-989
3812,-813,-988
3814,-812,-989
3816,-814,-992
3815,-811,-992
3813,-813,-995
3808,-813,-998
3805,-815,-1002
3807,-814,-1007
3806,-813,-1007
3805,-813,-1010
3801,-813,-1009
3799,-807,-1009
3799,-809,-1008
3800,-807,-1009
3802,-802,-1006
3801,-797,-1003
3804,-794,-1000
3811,-796,-1005
3817,-790,-1005
3821,-787,-1007
3831,-783,-1010
3837,-789,-1014
3843,-787,-1019
3849,-791,-1029
3851,-792,-1033
3851,-795,-1038
3846,-797,-1038
3843,-796,-1042
3844,-797,-1040
3845,-800,-1042
3840,-805,-1040
3838,-802,-1037
3835,-798,-1037
3831,-799,-1040
3827,-797,-1044
3822,-795,-1041
3820,-796,-1040
3821,-794,-1044
3817,-792,-1045
3816,-785,-1055
3815,-784,-1059
3819,-785,-1061
3820,-783,-1063
3820,-779,-1065
3821,-777,-1068
3818,-778,-1069
3816,-781,-1074
3818,-778,-1076
3819,-775,-1076
3819,-776,-1078
3823,-778,-1081
3827,-776,-1084
3828,-778,-1087
3827,-780,-1088
3828,-781,-1084
3832,-783,-1087
3835,-784,-1085
3836,-784,-1087
3834,-783,-1088
3835,-784,-1085
3836,-787,-1086
3837,-788,-1087
3839,-790,-1088
3833,-792,-1088
3830,-794,-1090
3828,-793,-1090
3829,-793,-1091
3829,-794,-1089
3831,-791,-1090
3828,-793,-1089
3824,-796,-1091
3822,-799,-1090
3818,-799,-1089
3816,-802,-1089
3813,-803,-1093
3809,-804,-1089
3811,-805,-1093
3812,-806,-1092
3810,-800,-1090
3806,-798,-1093
3803,-795,-1088
3806,-795,-1089
3806,-790,-1084
3812,-793,-1082
3815,-792,-1077
3816,-793,-1075
3817,-793,-1078
3821,-793,-1078
3822,-792,-1073
3828,-796,-1072
3827,-798,-1069
3824,-802,-1067
3827,-803,-1069
3827,-807,-1068
3827,-808,-1064
3825,-809,-1060
3827,-811,-1059
3824,-816,-1053
3826,-817,-1051
3826,-822,-1053
3826,-824,-1051
3823,-825,-1050
3826,-827,-1042
3827,-830,-1042
3827,-832,-1036
3829,-830,-1031
3827,-832,-1028
3822,-834,-1023
3820,-835,-1023
3821,-834,-1022
3819,-833,-1016
3817,-830,-1021
3817,-830,-1017
3817,-833,-1013
3817,-831,-1008
3816,-834,-1010
3818,-832,-1012
3818,-836,-1009
3818,-837,-1010
3821,-834,-1011
3818,-830,-1008
3819,-831,-1004
3821,-836,-1000
3821,-839,-1001
3827,-840,-1004
3828,-840,-1002
3831,-839,-1000
3829,-841,-1005
3830,-845,-999
3833,-846,-1000
3835,-848,-999
3839,-849,-998
3838,-849,-1000
3837,-854,-999
3838,-857,-1001
3841,-860,-999
3841,-857,-998
3842,-859,-1002
3839,-862,-1002
3836,-860,-1003
3830,-859,-1003
3833,-858,-1002
3828,-858,-1001
3827,-857,-1007
3821,-860,-1002
3820,-861,-1006
3818,-859,-1008
3814,-859,-1015
3814,-858,-1014
3814,-856,-1018
3813,-851,-1016
3813,-848,-1022
3814,-848,-1020
3813,-847,-1024
3803,-844,-1022
3798,-843,-1026
3794,-845,-1028
3795,-845,-1033
3799,-843,-1032
3803,-840,-1030
3806,-841,-1033
3812,-840,-1039
3814,-841,-1039
3814,-845,-1036
3816,-845,-1037
3816,-844,-1039
3815,-847,-1041
3818,-847,-1043
3818,-851,-1045
3820,-849,-1047
3823,-853,-1044
3830,-855,-1049
3835,-857,-1054
3837,-857,-1054
3838,-853,-1056
3838,-851,-1056
3838,-853,-1059
3839,-849,-1060
3841,-853,-1060
3839,-853,-1061
3839,-853,-1060
3832,-849,-1062
3839,-845,-1066
3838,-843,-1069
3838,-840,-1070
3836,-842,-1071
3839,-838,-1067
3838,-838,-1071
3837,-833,-1070
3834,-833,-1069
3836,-832,-1065
3834,-836,-1066
3833,-831,-1070
3833,-830,-1068
3830,-828,-1070
3828,-829,-1071
3824,-828,-1071
3825,-827,-1070
3824,-826,-1070
3822,-823,-1065
3823,-822,-1065
3823,-819,-1063
3821,-821,-1067
3820,-822,-1062
3821,-821,-1061
3821,-821,-1064
3822,-816,-1063
3821,-814,-1061
3823,-813,-1058
3829,-814,-1054
3830,-814,-1051
3830,-814,-1046
3833,-818,-1039
3832,-816,-1043
3830,-824,-1048
3828,-830,-1050
3826,-828,-1048
3821,-828,-1047
3821,-830,-1050
3816,-832,-1050
3816,-825,-1044
3811,-824,-1041
3803,-825,-1044
3797,-820,-1039
3793,-820,-1036
3795,-816,-1031
3798,-812,-1027
3799,-809,-1026
3804,-806,-1021
3809,-801,-1018
3816,-799,-1018
3822,-798,-1023
3827,-801,-1019
3834,-801,-1017
3842,-806,-1016
3848,-805,-1020
3842,-805,-1021
3844,-808,-1022
3843,-816,-1022
3843,-819,-1019
3839,-826,-1011
3837,-827,-1010
3840,-828,-1004
3844,-832,-1001
3837,-832,-998
3834,-835,-993
3831,-842,-990
3831,-845,-990
3827,-842,-993
3825,-841,-996
3822,-841,-992
3823,-838,-996
3822,-840,-997
3823,-837,-997
3826,-837,-998
3828,-834,-998
3823,-830,-999
3824,-827,-998
3826,-827,-998
3822,-827,-996
3824,-826,-997
3822,-826,-995
3820,-826,-998
3819,-825,-997
3817,-830,-999
3817,-834,-999
3816,-835,-1001
3819,-835,-1002
3816,-838,-999
3815,-838,-1003
3819,-841,-999
3817,-844,-996
3819,-844,-998
3819,-849,-995
3818,-844,-997
3818,-848,-996
3819,-847,-996
3820,-850,-995
3825,-850,-996
3825,-849,-996
3828,-848,-1000
3833,-843,-1000
3837,-842,-1005
3838,-841,-1004
3839,-846,-1006
3839,-847,-1008
3831,-847,-1012
3830,-853,-1014
3827,-857,-1024
3824,-859,-1026
3824,-863,-1028
3823,-863,-1031
3824,-861,-1032
3831,-860,-1036
3833,-860,-1038
3839,-866,-1042
3842,-861,-1044
3845,-861,-1045
3845,-858,-1050
3838,-859,-1056
3840,-858,-1059
3842,-857,-1061
3839,-862,-1061
3838,-858,-1064
3839,-857,-1068
3837,-858,-1074
3835,-855,-1081
3834,-858,-1079
3833,-854,-1080
3829,-850,-1080
3826,-849,-1078
3822,-851,-1076
3822,-850,-1077
3819,-851,-1074
3819,-852,-1077
3814,-856,-1073
3810,-856,-1071
3806,-860,-1071
3806,-863,-1072
3802,-868,-1075
3803,-876,-1074
3802,-882,-1077
3808,-894,-1078
3807,-901,-1081
3805,-908,-1079
3805,-914,-1082
3808,-917,-1084
3814,-919,-1085
3818,-918,-1085
3821,-915,-1082
3827,-914,-1083
3831,-908,-1081
3835,-906,-1075
3841,-902,-1073
3845,-897,-1068
3846,-897,-1070
3846,-896,-1070
3849,-898,-1068
3846,-893,-1070
3850,-896,-1069
3852,-891,-1073
3853,-892,-1074
3849,-890,-1073
3848,-885,-1071
3844,-884,-1070
3839,-880,-1069
3834,-875,-1068
3829,-871,-1062
3823,-872,-1055
3820,-872,-1049
3817,-865,-1041
3805,-863,-1038
3797,-856,-1033
3792,-848,-1030
3789,-839,-1029
3786,-836,-1023
3783,-830,-1023
3782,-827,-1017
3779,-828,-1016
3773,-828,-1012
3772,-828,-1010
3772,-820,-1008
3771,-820,-1003
3771,-822,-1001
3775,-823,-996
3777,-820,-991
3778,-823,-986
3781,-828,-985
3785,-830,-981
3789,-836,-983
3793,-838,-981
3794,-841,-981
3800,-842,-979
3811,-841,-979
3815,-838,-978
3818,-837,-985
3822,-839,-988
3829,-839,-993
3837,-841,-1000
3843,-839,-1001
3847,-845,-1005
3855,-840,-1004
3858,-842,-1010
3863,-836,-1011
3861,-838,-1009
3857,-838,-1014
3861,-838,-1018
3859,-841,-1022
3859,-841,-1020
3855,-835,-1025
3851,-831,-1024
3847,-827,-1026
3840,-820,-1031
3837,-815,-1036
3830,-812,-1036
3823,-808,-1043
3820,-806,-1041
3815,-800,-1046
3812,-795,-1047
3812,-790,-1050
3808,-787,-1049
3801,-784,-1050
3798,-785,-1057
3796,-781,-1054
3794,-781,-1053
3792,-781,-1050
3787,-780,-1046
3789,-781,-1051
3790,-780,-1051
3791,-782,-1048
3790,-786,-1053
3795,-785,-1057
3792,-782,-1059
3798,-787,-1060
3800,-788,-1058
3804,-789,-1063
3807,-791,-1060
3812,-793,-1063
3813,-793,-1063
3817,-795,-1063
3818,-798,-1066
3822,-798,-1065
3830,-800,-1066
3832,-801,-1071
3834,-802,-1070
3831,-804,-1071
3827,-804,-1078
3831,-806,-1085
3830,-809,-1085
3829,-812,-1089
3827,-811,-1088
3829,-812,-1089
3827,-812,-1097
3823,-812,-1095
3821,-812,-1098
3819,-811,-1099
3819,-807,-1102
3816,-807,-1106
3815,-810,-1112
3816,-810,-1112
3817,-808,-1114
3819,-805,-1110
3821,-808,-1111
3821,-807,-1114
3823,-810,-1115
3822,-813,-1113
3819,-814,-1114
3820,-820,-1117
3817,-822,-1115
3814,-824,-1119
3811,-826,-1114
3810,-831,-1117
3810,-831,-1114
3804,-832,-1108
3795,-838,-1103
3790,-837,-1101
3785,-837,-1095
3781,-842,-1094
3782,-838,-1091
3784,-841,-1086
3790,-845,-1088
3798,-848,-1087
3795,-849,-1085
3802,-850,-1086
3800,-854,-1086
3804,-862,-1086
3807,-866,-1089
3809,-869,-1096
3805,-871,-1096
3808,-876,-1092
3808,-880,-1086
3802,-888,-1086
3797,-893,-1084
3796,-896,-1084
3793,-900,-1077
3787,-903,-1075
3785,-907,-1074
3781,-914,-1078
3782,-915,-1077
3779,-921,-1079
3781,-926,-1080
3781,-928,-1082
3781,-928,-1083
3781,-931,-1086
3786,-933,-1087
3788,-934,-1095
3792,-936,-1097
3793,-940,-1101
3792,-944,-1103
3794,-950,-1102
3792,-950,-1097
3793,-957,-1100
3793,-967,-1103
3791,-976,-1102
3792,-983,-1103
3792,-990,-1105
3796,-994,-1110
3797,-999,-1118
3809,-1009,-1133
3817,-1025,-1145
3825,-1040,-1152
3827,-1053,-1157
3828,-1060,-1167
3826,-1063,-1185
3824,-1060,-1211
3824,-1055,-1230
3825,-1049,-1238
3829,-1059,-1256
3844,-1093,-1303
3870,-1152,-1372
3903,-1222,-1455
3934,-1289,-1535
3962,-1354,-1607
3992,-1419,-1664
4026,-1479,-1706
4060,-1541,-1751
4101,-1616,-1791
4146,-1703,-1830
4202,-1797,-1871
4261,-1909,-1915
4334,-2043,-1959
4422,-2200,-1999
4523,-2373,-2035
4636,-2555,-2072
4741,-2736,-2117
4858,-2912,-2174
4974,-3062,-2229
5077,-3177,-2285
5193,-3274,-2324
5308,-3393,-2390
5420,-3516,-2462
5528,-3628,-2553
5637,-3749,-2670
5728,-3847,-2795
5818,-3938,-2937
5909,-4005,-3066
5984,-4034,-3171
6038,-4035,-3269
6064,-4014,-3359
6086,-4006,-3431
6100,-4019,-3497
6107,-4052,-3572
6094,-4082,-3630
6067,-4099,-3679
6030,-4100,-3717
5974,-4090,-3748
5905,-4081,-3779
5831,-4070,-3821
5766,-4066,-3869
5704,-4068,-3919
5636,-4082,-3970
5567,-4091,-4000
5487,-4089,-3998
5370,-4048,-3974
5214,-3975,-3954
5026,-3890,-3930
4815,-3813,-3904
4596,-3743,-3861
4382,-3660,-3788
4175,-3546,-3693
3968,-3408,-3591
3784,-3295,-3504
3628,-3239,-3433
3495,-3205,-3337
3371,-3145,-3235
3252,-3069,-3133
3155,-3015,-3044
3066,-3002,-2959
2997,-2998,-2855
2926,-2958,-2719
2844,-2864,-2571
2748,-2725,-2435
2638,-2561,-2300
2512,-2396,-2184
2380,-2246,-2066
2246,-2106,-1938
2109,-1971,-1798
1969,-1834,-1670
1822,-1714,-1571
1684,-1627,-1512
1575,-1576,-1477
1491,-1546,-1438
1422,-1526,-1398
1355,-1520,-1357
1294,-1518,-1307
1227,-1520,-1241
1148,-1520,-1147
1057,-1528,-1041
955,-1529,-939
840,-1518,-832
722,-1493,-740
599,-1457,-684
484,-1427,-645
383,-1395,-597
289,-1359,-550
202,-1320,-516
112,-1293,-496
32,-1264,-484
-35,-1261,-478
-87,-1282,-474
-137,-1304,-469
-185,-1319,-461
-216,-1346,-447
-253,-1365,-428
-291,-1384,-405
-329,-1390,-382
-360,-1401,-355
-390,-1419,-339
-421,-1433,-329
-460,-1438,-320
-512,-1434,-307
-580,-1416,-289
-636,-1401,-267
-685,-1389,-239
-738,-1371,-207
-795,-1362,-195
-841,-1350,-189
-869,-1365,-198
-881,-1408,-227
-882,-1447,-247
-880,-1477,-251
-891,-1497,-250
-920,-1503,-248
-958,-1510,-247
-1008,-1530,-244
-1060,-1541,-243
-1120,-1526,-215
-1179,-1518,-202
-1233,-1520,-182
-1288,-1523,-152
-1343,-1523,-124
-1387,-1532,-90
-1432,-1551,-67
-1471,-1562,-47
-1517,-1567,-35
-1567,-1563,-26
-1617,-1549,-7
-1682,-1537,26
-1748,-1534,87
-1808,-1542,170
-1877,-1576,271
-1950,-1640,413
-2019,-1713,604
-2098,-1795,830
-2186,-1871,1077
-2266,-1947,1344
-2324,-2043,1604
-2371,-2120,1899
-2426,-2178,2222
-2481,-2277,2537
-2519,-2437,2808
-2522,-2556,3104
-2510,-2605,3392
-2508,-2584,3655
-2517,-2503,3938
-2551,-2385,4321
-2589,-2250,4770
-2615,-2029,5337
-2626,-1700,6020
-2598,-1336,6722
-2487,-1012,7352
-2274,-751,7862
-1986,-479,8317
-1613,-153,8717
-353,-284,13274
-2478,1512,-6942
12361,-2899,-19853
12981,-3249,-26309
11688,-448,-29530
7797,-1232,-26730
5116,-3451,-21781
2258,-5758,-16870
-171,-6520,-11341
-2205,-5105,-5633
-3343,-3837,-1608
-3761,-3124,694
-3550,-2464,1732
-2777,-1863,1691
-1655,-1389,1064
-532,-1253,247
373,-1560,-548
903,-2033,-1203
1056,-2457,-1844
922,-2734,-2546
605,-2855,-3219
230,-2888,-3713
-119,-2927,-3932
-434,-3064,-3898
-746,-3311,-3712
-1062,-3605,-3468
-1348,-3867,-3216
-1569,-4031,-2972
-1713,-4056,-2704
-1780,-3952,-2401
-1790,-3761,-2087
-1773,-3558,-1806
-1760,-3361,-1575
-1736,-3208,-1428
-1710,-3079,-1357
-1689,-2951,-1346
-1662,-2823,-1385
-1613,-2712,-1486
-1532,-2615,-1630
-1416,-2512,-1806
-1263,-2428,-2000
-1073,-2380,-2194
-867,-2364,-2353
-668,-2370,-2463
-507,-2391,-2527
-387,-2425,-2548
-311,-2443,-2541
-259,-2446,-2514
-238,-2423,-2483
-221,-2383,-2446
-203,-2332,-2399
-177,-2280,-2351
-145,-2235,-2299
-112,-2206,-2245
-76,-2193,-2189
-36,-2191,-2132
10,-2195,-2080
58,-2208,-2033
113,-2222,-2005
173,-2236,-1997
243,-2254,-2010
322,-2271,-2045
405,-2300,-2089
483,-2331,-2135
547,-2360,-2191
603,-2392,-2266
646,-2421,-2346
688,-2448,-2410
716,-2462,-2464
742,-2478,-2507
772,-2505,-2519
800,-2540,-2517
816,-2509,-2468
825,-2458,-2411
843,-2441,-2397
857,-2454,-2386
865,-2485,-2366
863,-2514,-2337
865,-2546,-2297
860,-2575,-2248
859,-2598,-2182
861,-2617,-2110
883,-2655,-2061
939,-2726,-1998
1017,-2822,-1940
1117,-2916,-1881
1230,-3011,-1819
1330,-3091,-1731
1425,-3142,-1657
1499,-3160,-1553
1540,-3161,-1509
1569,-3146,-1511
1600,-3150,-1492
1619,-3185,-1444
1622,-3223,-1375
1618,-3216,-1299
1608,-3175,-1235
1602,-3109,-1180
1600,-3026,-1132
1600,-2929,-1095
1614,-2844,-1063
1638,-2788,-1044
1664,-2745,-1037
1699,-2704,-1016
1724,-2662,-987
1753,-2652,-980
1802,-2694,-969
1859,-2773,-955
1924,-2864,-943
2000,-2927,-926
2071,-2962,-913
2140,-2978,-893
2210,-2984,-867
2277,-2993,-845
2344,-3023,-823
2419,-3068,-803
2496,-3114,-767
2567,-3161,-723
2632,-3197,-668
2686,-3215,-612
2724,-3220,-538
2758,-3215,-474
2789,-3212,-427
2828,-3206,-388
2860,-3170,-371
2878,-3076,-370
2882,-2917,-374
2878,-2729,-387
2869,-2520,-417
2872,-2328,-474
2898,-2159,-540
2951,-2012,-617
3026,-1900,-694
3120,-1815,-766
3228,-1760,-839
3349,-1720,-911
3482,-1696,-980
3615,-1676,-1045
3750,-1671,-1106
3883,-1676,-1157
4006,-1685,-1212
4132,-1690,-1264
4255,-1697,-1313
4380,-1701,-1358
4505,-1704,-1400
4637,-1711,-1438
4766,-1705,-1464
4904,-1706,-1489
5053,-1709,-1501
5200,-1719,-1508
5354,-1741,-1523
5514,-1764,-1544
5673,-1792,-1566
5830,-1824,-1586
5976,-1860,-1610
6111,-1902,-1630
6232,-1949,-1651
6330,-2000,-1670
6399,-2045,-1684
6443,-2089,-1700
6458,-2125,-1716
6448,-2151,-1724
6408,-2170,-1734
6347,-2183,-1746
6264,-2183,-1757
6176,-2166,-1760
6079,-2132,-1767
5977,-2090,-1783
5879,-2028,-1789
5775,-1956,-1794
5674,-1866,-1793
5581,-1770,-1793
5474,-1668,-1806
5367,-1547,-1815
5268,-1394,-1788
5164,-1247,-1772
5065,-1103,-1753
4970,-970,-1729
4870,-837,-1686
4781,-727,-1645
4698,-642,-1609
4621,-588,-1580
4553,-540,-1545
4488,-528,-1506
4425,-555,-1479
4366,-628,-1462
4308,-712,-1465
4247,-770,-1458
4192,-811,-1444
4143,-849,-1426
4100,-891,-1413
4066,-938,-1398
4035,-980,-1375
4014,-1030,-1356
3995,-1088,-1331
3979,-1160,-1321
3965,-1230,-1304
3939,-1300,-1287
3913,-1368,-1276
3880,-1429,-1270
3848,-1476,-1268
3809,-1511,-1271
3772,-1529,-1276
3729,-1537,-1284
3694,-1538,-1301
3656,-1529,-1315
3614,-1511,-1326
3576,-1495,-1341
3537,-1470,-1360
3499,-1436,-1369
3463,-1395,-1376
3428,-1347,-1377
3394,-1298,-1380
3359,-1244,-1388
3327,-1192,-1388
3300,-1132,-1380
3279,-1067,-1374
3261,-1001,-1359
3247,-944,-1339
3237,-897,-1321
3226,-865,-1295
3221,-837,-1269
3220,-823,-1239
3226,-823,-1208
3237,-831,-1183
3257,-847,-1161
3280,-866,-1138
3312,-890,-1118
3349,-905,-1091
3398,-924,-1067
3451,-938,-1042
3505,-954,-1025
3558,-969,-1018
3614,-982,-1010
3676,-993,-1013
3735,-1001,-1013
3803,-1008,-1011
3864,-1014,-1009
3919,-1019,-1009
3972,-1025,-1009
4022,-1024,-1010
4061,-1022,-1009
4092,-1023,-1004
4115,-1021,-1001
4139,-1026,-997
4167,-1031,-994
4188,-1036,-980
4202,-1044,-976
4218,-1043,-971
4232,-1041,-970
4240,-1042,-968
4250,-1042,-961
4259,-1037,-960
4262,-1030,-956
4267,-1022,-954
4267,-1012,-947
4262,-997,-944
4252,-981,-946
4240,-973,-941
4231,-961,-935
4215,-949,-928
4196,-940,-921
4181,-931,-915
4166,-926,-906
4147,-919,-896
4128,-916,-888
4115,-914,-880
4097,-911,-876
4082,-907,-865
4069,-904,-857
4056,-904,-848
4046,-901,-844
4033,-891,-841
4021,-885,-844
4013,-877,-844
4008,-867,-850
3996,-859,-853
3984,-840,-858
3973,-826,-868
3963,-815,-871
3960,-807,-878
3949,-794,-882
3937,-777,-889
3922,-758,-894
3902,-740,-897
3886,-724,-898
3864,-707,-902
3840,-696,-910
3814,-683,-915
3790,-675,-918
3769,-666,-922
3746,-660,-922
3725,-654,-924
3706,-651,-926
3686,-649,-929
3668,-647,-933
3647,-646,-934
3622,-643,-932
3607,-650,-932
3587,-646,-932
3573,-649,-933
3561,-650,-929
3544,-653,-928
3530,-652,-924
3515,-655,-923
3505,-658,-920
3492,-659,-919
3483,-662,-918
3476,-665,-920
3471,-667,-923
3470,-671,-930
3468,-673,-927
3471,-678,-927
3473,-679,-931
3477,-682,-930
3477,-681,-935
3479,-682,-939
3483,-685,-947
3489,-689,-955
3494,-701,-967
3502,-709,-974
3509,-715,-977
3519,-718,-982
3532,-719,-988
3547,-720,-998
3561,-724,-1005
3581,-730,-1020
3603,-733,-1026
3621,-742,-1035
3644,-743,-1046
3663,-747,-1057
3683,-747,-1070
3701,-751,-1082
3718,-754,-1089
3736,-758,-1101
3753,-760,-1109
3761,-760,-1116
3768,-765,-1120
3773,-770,-1124
3771,-773,-1125
3767,-777,-1123
3764,-784,-1124
3756,-787,-1121
3744,-794,-1118
3731,-795,-1115
3723,-794,-1105
3713,-795,-1098
3710,-794,-1097
3713,-789,-1089
3711,-788,-1081
3717,-784,-1074
3718,-784,-1069
3724,-782,-1063
3730,-786,-1063
3730,-791,-1062
3738,-794,-1066
3739,-805,-1067
3744,-816,-1071
3747,-832,-1072
3748,-846,-1072
3746,-860,-1078
3739,-876,-1080
3741,-889,-1081
3745,-901,-1079
3748,-917,-1076
3755,-928,-1077
3766,-940,-1071
3777,-946,-1065
3792,-948,-1063
3805,-956,-1058
3820,-960,-1051
3828,-967,-1055
3835,-974,-1057
3838,-978,-1058
3840,-987,-1056
3845,-995,-1060
3854,-1004,-1063
3859,-1014,-1067
3860,-1020,-1068
3866,-1025,-1074
3872,-1031,-1077
3878,-1044,-1082
3881,-1060,-1090
3886,-1070,-1094
3896,-1080,-1097
3901,-1088,-1098
3902,-1096,-1102
3903,-1103,-1110
3906,-1107,-1114
3905,-1110,-1119
3908,-1113,-1122
3906,-1113,-1126
3905,-1115,-1126
3903,-1118,-1131
3899,-1116,-1128
3890,-1116,-1130
3888,-1114,-1130
3885,-1111,-1134
3880,-1110,-1132
3875,-1110,-1129
3874,-1110,-1131
3875,-1111,-1135
3874,-1113,-1136
3875,-1117,-1138
3872,-1120,-1140
3871,-1118,-1144
3873,-1121,-1148
3874,-1124,-1154
3876,-1125,-1160
3880,-1127,-1168
3884,-1134,-1176
3889,-1134,-1187
3894,-1134,-1192
3896,-1135,-1192
3903,-1133,-1193
3906,-1132,-1189
3910,-1131,-1192
3910,-1132,-1196
3915,-1135,-1192
3917,-1139,-1189
3916,-1143,-1183
3914,-1147,-1183
3911,-1149,-1182
3909,-1152,-1183
3906,-1154,-1183
3910,-1153,-1186
3912,-1154,-1187
3905,-1154,-1187
3906,-1151,-1188
3906,-1147,-1186
3905,-1149,-1188
3906,-1144,-1186
3907,-1139,-1184
3912,-1134,-1180
3914,-1129,-1179
3915,-1124,-1175
3911,-1121,-1167
3904,-1122,-1160
3895,-1118,-1151
3892,-1114,-1150
3884,-1110,-1145
3878,-1106,-1135
3871,-1100,-1132
3873,-1094,-1129
3873,-1090,-1124
3872,-1091,-1122
3875,-1086,-1119
3882,-1079,-1116
3890,-1073,-1115
3900,-1061,-1108
3908,-1055,-1101
3915,-1045,-1097
3924,-1034,-1090
3931,-1022,-1085
3936,-1012,-1079
3940,-1006,-1075
3939,-1000,-1067
3940,-992,-1062
3934,-985,-1054
3932,-974,-1045
3927,-967,-1039
3925,-960,-1030
3920,-958,-1021
3918,-955,-1017
3917,-953,-1010
3921,-948,-1003
3927,-942,-996
3930,-942,-989
3934,-939,-981
3936,-932,-976
3934,-927,-966
3937,-920,-959
3938,-916,-958
3936,-915,-947
3938,-912,-940
3933,-912,-935
3927,-911,-932
3924,-908,-924
3920,-907,-919
3913,-905,-916
3907,-902,-913
3903,-902,-905
3902,-897,-903
3893,-895,-901
3890,-888,-893
3885,-886,-893
3875,-881,-890
3874,-870,-882
3865,-858,-874
3858,-853,-869
3856,-843,-865
3854,-834,-861
3852,-830,-859
3852,-827,-852
3854,-818,-855
3858,-812,-851
3865,-809,-844
3864,-808,-849
3865,-808,-853
3864,-808,-852
3867,-808,-859
3862,-809,-862
3856,-810,-864
3853,-809,-867
3852,-806,-870
3847,-801,-873
3842,-797,-871
3844,-796,-871
3847,-789,-874
3843,-789,-874
3841,-782,-874
3831,-778,-873
3825,-775,-877
3814,-771,-875
3804,-765,-871
3794,-757,-869
3786,-751,-866
3775,-749,-864
3770,-744,-859
3761,-736,-856
3754,-730,-854
3750,-723,-849
3748,-716,-847
3744,-713,-851
3743,-712,-849
3741,-712,-846
3741,-719,-847
3736,-722,-848
3737,-723,-849
3732,-728,-847
3730,-727,-854
3732,-729,-856
3731,-734,-859
3730,-734,-862
3739,-738,-867
3739,-745,-873
3738,-747,-881
3743,-750,-882
3741,-749,-886
3744,-752,-891
3750,-756,-894
3749,-756,-895
3747,-756,-902
3746,-758,-906
3743,-758,-908
3745,-762,-910
3746,-761,-916
3745,-765,-922
3745,-772,-927
3738,-774,-931
3730,-778,-935
3725,-778,-937
3718,-781,-940
3716,-782,-946
3713,-784,-954
3704,-791,-962
3701,-793,-970
3705,-800,-972
3707,-806,-976
3710,-815,-981
3710,-818,-989
3709,-823,-995
3713,-831,-1001
3717,-834,-1007
3725,-839,-1017
3728,-843,-1024
3734,-843,-1024
3740,-847,-1028
3743,-849,-1040
3750,-852,-1046
3754,-856,-1052
3755,-857,-1057
3757,-860,-1062
3759,-864,-1074
3761,-871,-1079
3762,-870,-1083
3763,-875,-1090
3765,-884,-1093
3763,-887,-1097
3767,-889,-1102
3770,-889,-1106
3774,-895,-1110
3781,-898,-1112
3792,-901,-1119
3799,-903,-1122
3807,-902,-1124
3815,-899,-1131
3827,-904,-1135
3835,-907,-1143
3842,-911,-1146
3850,-912,-1150
3855,-913,-1154
3862,-916,-1159
3870,-919,-1162
3874,-915,-1166
3880,-915,-1164
3883,-918,-1166
3884,-918,-1168
3890,-918,-1169
3899,-918,-1165
3904,-919,-1164
3909,-918,-1168
3910,-918,-1166
3912,-922,-1168
3914,-928,-1171
3917,-932,-1174
3918,-936,-1185
3919,-941,-1192
3920,-946,-1200
3917,-953,-1209
3918,-961,-1215
3923,-960,-1220
3927,-964,-1220
3921,-966,-1222
3919,-966,-1222
3915,-966,-1221
3913,-963,-1218
3904,-959,-1213
3899,-961,-1206
3893,-966,-1201
3885,-970,-1197
3880,-973,-1192
3876,-976,-1186
3870,-973,-1184
3863,-969,-1178
3856,-970,-1179
3851,-969,-1174
3850,-968,-1171
3849,-966,-1160
3842,-964,-1160
3839,-962,-1153
3832,-961,-1144
3828,-961,-1138
3823,-958,-1125
3823,-952,-1113
3824,-947,-1103
3825,-941,-1095
3822,-933,-1086
3822,-922,-1080
3824,-912,-1077
3823,-902,-1072
3826,-891,-1066
3826,-880,-1064
3830,-872,-1060
3837,-865,-1058
3841,-857,-1054
3842,-853,-1049
3848,-850,-1045
3854,-848,-1041
3860,-851,-1040
3861,-854,-1041
3862,-860,-1040
3868,-865,-1037
3865,-874,-1037
3871,-882,-1034
3875,-887,-1033
3879,-888,-1033
3879,-889,-1029
3885,-889,-1028
3885,-887,-1029
3882,-882,-1030
3882,-876,-1029
3880,-866,-1025
3880,-854,-1027
3877,-848,-1029
3875,-839,-1028
3875,-833,-1028
3872,-830,-1027
3869,-824,-1022
3870,-824,-1022
3869,-818,-1018
3868,-819,-1017
3868,-818,-1015
3867,-823,-1012
3869,-823,-1011
3870,-821,-1012
3866,-821,-1008
3866,-823,-1005
3863,-820,-1005
3862,-816,-1008
3854,-812,-1011
3849,-810,-1010
3846,-804,-1011
3843,-798,-1006
3843,-798,-1004
3836,-791,-1005
3836,-791,-1002
3836,-791,-1002
3835,-785,-1002
3832,-785,-1002
3825,-781,-1001
3821,-780,-1000
3821,-783,-1000
3815,-784,-999
3810,-784,-998
3804,-789,-997
3796,-791,-998
3786,-794,-997
3776,-789,-998
3768,-790,-998
3773,-789,-1006
3770,-790,-1003
3766,-784,-1002
3768,-785,-1001
3770,-782,-1004
3766,-782,-1006
3770,-781,-1010
3775,-779,-1016
3775,-778,-1018
3773,-777,-1020
3772,-776,-1027
3771,-773,-1030
3774,-768,-1033
3775,-767,-1033
3779,-762,-1033
3782,-758,-1034
3787,-758,-1035
3788,-755,-1031
3790,-755,-1031
3792,-754,-1030
3792,-757,-1031
3788,-760,-1033
3783,-764,-1036
3781,-765,-1037
3775,-769,-1044
3771,-768,-1047
3767,-770,-1044
3762,-775,-1041
3755,-773,-1038
3754,-772,-1031
3751,-772,-1030
3752,-771,-1024
3754,-770,-1016
3755,-772,-1016
3763,-772,-1012
3770,-776,-1011
3771,-777,-1012
3770,-783,-1014
3770,-785,-1017
3773,-786,-1021
3777,-785,-1024
3782,-785,-1025
3787,-789,-1022
3789,-792,-1015
3790,-795,-1017
3796,-800,-1018
3803,-803,-1009
3804,-808,-1011
3805,-808,-1005
3802,-813,-999
3796,-817,-994
3796,-822,-993
3796,-822,-992
3796,-822,-985
3798,-826,-988
3799,-828,-984
3800,-826,-982
3807,-831,-979
3813,-833,-982
3818,-832,-983
3824,-838,-983
3827,-841,-980
3830,-845,-979
3837,-851,-977
3834,-858,-978
3834,-867,-977
3832,-867,-976
3833,-871,-970
3830,-872,-966
3829,-874,-959
3828,-877,-954
3827,-879,-950
3827,-879,-949
3823,-886,-949
3827,-886,-948
3827,-890,-951
3828,-895,-949
3825,-900,-950
3828,-900,-953
3829,-899,-958
3834,-902,-959
3833,-900,-964
3835,-899,-964
3832,-897,-965
3831,-899,-968
3836,-901,-968
3837,-904,-967
3838,-909,-965
3833,-906,-970
3829,-908,-973
3825,-912,-977
3823,-914,-980
3821,-913,-984
3821,-910,-988
3827,-905,-990
3830,-903,-992
3832,-901,-994
3836,-900,-996
3841,-897,-1002
3845,-899,-1006
3847,-898,-1005
3849,-897,-1012
3854,-895,-1010
3859,-897,-1014
3867,-898,-1019
3865,-902,-1024
3869,-903,-1028
3869,-908,-1029
3868,-909,-1034
3863,-910,-1038
3857,-911,-1041
3853,-913,-1039
3848,-915,-1038
3847,-917,-1044
3846,-922,-1046
3842,-927,-1046
3838,-925,-1044
3831,-927,-1044
3829,-931,-1051
3824,-930,-1053
3818,-928,-1054
3813,-927,-1053
3814,-925,-1058
3809,-925,-1057
3802,-921,-1056
3798,-916,-1058
3800,-912,-1058
3803,-906,-1057
3798,-908,-1060
3800,-908,-1061
3802,-908,-1064
3806,-907,-1064
3808,-909,-1066
3810,-910,-1068
3807,-917,-1072
3805,-921,-1076
3808,-921,-1076
3806,-925,-1077
3803,-924,-1080
3806,-926,-1076
3804,-926,-1075
3799,-924,-1072
3801,-925,-1071
3802,-926,-1069
3809,-924,-1067
3813,-928,-1066
3813,-926,-1066
3815,-925,-1064
3815,-922,-1064
3818,-917,-1064
3817,-915,-1061
3817,-914,-1061
3819,-915,-1061
3821,-917,-1057
3825,-917,-1057
3829,-915,-1058
3826,-918,-1054
3825,-921,-1056
3826,-923,-1058
3827,-924,-1055
3828,-924,-1056
3826,-931,-1048
3829,-929,-1049
3829,-924,-1045
3831,-925,-1041
3830,-925,-1038
3829,-924,-1038
3833,-920,-1033
3830,-915,-1027
3828,-913,-1026
3827,-907,-1026
3827,-911,-1028
3827,-909,-1029
3827,-906,-1025
3826,-910,-1022
3824,-911,-1023
3824,-914,-1022
3823,-913,-1015
3820,-913,-1012
3819,-908,-1010
3814,-906,-1003
3814,-903,-1001
3813,-902,-998
3814,-903,-997
3816,-902,-996
3815,-904,-992
3816,-898,-993
3818,-896,-991
3819,-896,-991
3820,-895,-992
3818,-895,-993
3816,-894,-990
3815,-892,-987
3819,-886,-983
3822,-883,-983
3824,-882,-977
3826,-882,-971
3825,-884,-971
3820,-883,-965
3819,-880,-961
3813,-880,-956
3813,-878,-955
3815,-876,-952
3818,-875,-951
3816,-870,-949
3817,-868,-948
3815,-864,-941
3816,-865,-937
3820,-860,-934
3819,-859,-931
3821,-858,-930
3821,-858,-929
3823,-858,-927
3830,-858,-924
3831,-859,-929
3834,-856,-928
3834,-860,-925
3836,-859,-924
3841,-856,-917
3841,-852,-914
3845,-847,-912
3847,-848,-909
3851,-843,-904
3852,-842,-902
3854,-835,-901
3854,-831,-899
3855,-825,-897
3855,-819,-895
3859,-814,-895
3860,-813,-894
3863,-812,-897
3861,-811,-901
3862,-809,-902
3859,-806,-901
3860,-805,-899
3858,-805,-899
3862,-805,-896
3859,-804,-897
3864,-805,-895
3863,-802,-889
3864,-799,-885
3864,-794,-885
3866,-789,-885
3868,-786,-885
3868,-786,-885
3869,-785,-887
3872,-781,-882
3874,-780,-882
3871,-781,-887
3862,-779,-889
3858,-782,-890
3854,-782,-887
3854,-784,-884
3853,-780,-884
3846,-777,-887
3849,-777,-889
3850,-776,-890
3850,-776,-890
3846,-772,-888
3849,-768,-888
3847,-765,-886
3847,-759,-884
3847,-754,-880
3850,-749,-878
3855,-747,-883
3853,-748,-885
3857,-743,-891
3860,-743,-891
3862,-744,-895
3863,-744,-901
3865,-742,-906
3869,-744,-910
3864,-743,-912
3863,-745,-915
3860,-748,-913
3860,-750,-915
3857,-752,-917
3855,-749,-915
3853,-748,-920
3852,-748,-923
3845,-754,-920
3842,-752,-921
3839,-751,-923
3841,-753,-927
3843,-752,-929
3841,-753,-935
3837,-754,-941
3839,-753,-947
3845,-752,-949
3845,-750,-947
3846,-749,-948
3846,-748,-952
3845,-747,-952
3846,-749,-959
3846,-745,-963
3847,-748,-964
3844,-750,-966
3849,-753,-969
3852,-757,-971
3855,-760,-972
3857,-765,-971
3862,-769,-971
3859,-774,-970
3861,-777,-975
3858,-778,-976
3853,-780,-976
3852,-784,-978
3851,-782,-982
3849,-788,-982
3850,-793,-982
3844,-797,-983
3845,-799,-981
3845,-802,-985
3844,-808,-985
3842,-812,-984
3839,-811,-986
3840,-812,-986
3838,-816,-988
3841,-817,-991
3839,-820,-992
3835,-822,-996
3833,-822,-998
3831,-825,-997
3825,-824,-999
3820,-830,-995
3819,-835,-994
3817,-836,-995
3816,-840,-994
3817,-840,-994
3817,-841,-995
3821,-848,-994
3826,-852,-991
3821,-854,-992
3820,-862,-992
3817,-864,-990
3821,-867,-989
3821,-870,-992
3824,-871,-991
3826,-874,-991
3825,-875,-994
3825,-877,-992
3825,-882,-992
3826,-883,-989
3828,-892,-989
3829,-894,-990
3830,-896,-989
3830,-898,-991
3827,-900,-989
3829,-906,-989
3827,-913,-992
3829,-914,-993
3833,-919,-992
3829,-923,-994
3826,-928,-996
3825,-929,-1000
3824,-933,-1000
3823,-934,-1001
3827,-936,-1004
3827,-937,-1007
3829,-935,-1006
3839,-933,-1001
3842,-934,-1002
3847,-932,-997
3851,-931,-997
3857,-928,-1001
3859,-922,-1005
3862,-925,-1008
3858,-925,-1006
3858,-927,-1006
3860,-927,-1002
3859,-927,-999
3865,-924,-994
3867,-928,-991
3864,-932,-988
3864,-937,-986
3861,-940,-983
3868,-947,-982
3868,-949,-979
3863,-954,-975
3862,-956,-972
3860,-959,-970
3856,-959,-963
3851,-963,-964
3848,-962,-960
3844,-961,-957
3840,-963,-953
3834,-961,-948
3828,-958,-944
3828,-960,-942
3828,-959,-941
3827,-961,-944
3824,-958,-944
3824,-952,-945
3826,-949,-949
3826,-945,-947
3830,-941,-948
3830,-937,-948
3828,-929,-946
3828,-926,-940
3826,-914,-937
3828,-911,-933
3832,-908,-923
3837,-906,-923
3846,-909,-922
3853,-909,-924
3859,-906,-919
3868,-906,-923
3873,-904,-926
3878,-906,-932
3879,-907,-938
3875,-910,-938
3870,-911,-940
3865,-914,-945
3860,-918,-948
3856,-920,-953
3853,-923,-958
3850,-923,-965
3852,-926,-975
3856,-925,-978
3861,-921,-982
3872,-922,-991
3880,-919,-999
3895,-911,-1011
3912,-905,-1022
3925,-902,-1032
3937,-888,-1038
3943,-875,-1042
3948,-863,-1050
3949,-852,-1056
3946,-842,-1058
3942,-829,-1059
3935,-818,-1061
3924,-804,-1057
3916,-787,-1049
3907,-777,-1043
3899,-771,-1028
3892,-766,-1022
3892,-763,-1011
3891,-768,-1008
3897,-775,-1007
3904,-790,-1006
3918,-801,-1006
3931,-813,-1007
3935,-825,-1013
3934,-836,-1010
3924,-842,-1010
3912,-844,-1009
3895,-839,-1002
3881,-838,-994
3863,-832,-990
3845,-820,-982
3829,-812,-974
3813,-802,-965
3799,-790,-951
3785,-777,-944
3777,-765,-935
3767,-759,-930
3762,-751,-923
3763,-743,-918
3764,-742,-917
3768,-741,-920
3776,-739,-920
3780,-741,-924
3781,-742,-925
3781,-746,-925
3774,-748,-924
3776,-751,-927
3772,-756,-929
3767,-759,-930
3762,-761,-923
3758,-761,-920
3756,-756,-914
3746,-755,-909
3739,-752,-908
3734,-751,-900
3730,-748,-902
3730,-750,-906
3730,-749,-908
3724,-748,-909
3722,-748,-914
3720,-752,-918
3721,-751,-924
3725,-759,-931
3731,-765,-937
3734,-774,-942
3741,-781,-945
3746,-786,-951
3752,-793,-956
3758,-799,-954
3762,-800,-952
3763,-802,-947
3762,-800,-951
3763,-798,-954
3762,-794,-957
3768,-787,-959
3777,-786,-965
3781,-782,-974
3787,-782,-980
3795,-786,-984
3800,-788,-990
3802,-788,-1004
3807,-793,-1010
3814,-800,-1010
3818,-804,-1016
3826,-808,-1022
3834,-812,-1018
3836,-818,-1015
3840,-820,-1013
3844,-823,-1007
3851,-823,-1000
3862,-824,-996
3871,-826,-997
3883,-826,-992
3894,-826,-992
3904,-824,-993
3915,-825,-996
3931,-823,-995
3939,-826,-1002
3951,-829,-1008
3963,-830,-1015
3971,-832,-1024
3981,-835,-1026
3982,-839,-1031
3984,-841,-1031
3992,-843,-1030
3991,-846,-1029
3999,-844,-1029
3998,-840,-1028
4002,-833,-1024
4004,-833,-1023
4006,-823,-1020
4005,-817,-1013
4006,-807,-1009
4001,-798,-1010
4000,-790,-1007
3997,-783,-1003
3990,-775,-1005
3987,-766,-1009
3981,-757,-1015
3975,-750,-1015
3968,-750,-1015
3961,-750,-1016
3957,-745,-1019
3951,-747,-1014
3947,-751,-1012
3943,-757,-1006
3934,-759,-995
3931,-760,-988
3924,-760,-982
3916,-762,-973
3904,-759,-966
3896,-755,-956
3887,-752,-954
3878,-746,-950
3868,-740,-951
3862,-735,-946
3856,-732,-943
3853,-732,-943
3840,-733,-944
3832,-730,-946
3823,-730,-947
3813,-728,-944
3806,-729,-943
3798,-731,-936
3791,-734,-932
3788,-736,-929
3778,-737,-927
3767,-742,-926
3762,-742,-917
3754,-745,-915
3746,-746,-913
3737,-746,-915
3729,-747,-918
3726,-749,-918
3723,-750,-915
3717,-751,-921
3719,-751,-923
3715,-749,-926
3713,-758,-927
3713,-756,-932
3715,-761,-937
3718,-766,-943
3723,-777,-945
3724,-787,-946
3723,-791,-947
3727,-798,-948
3733,-800,-946
3732,-807,-946
3735,-809,-949
3732,-812,-949
3734,-814,-954
3734,-818,-961
3737,-824,-970
3740,-828,-974
3746,-835,-983
3751,-838,-989
3757,-843,-993
3767,-845,-996
3775,-850,-1002
3786,-859,-999
3789,-865,-1006
3799,-875,-1007
3806,-877,-1009
3810,-888,-1012
3815,-896,-1008
3820,-901,-1008
3829,-904,-1007
3830,-912,-1009
3838,-918,-1011
3841,-920,-1007
3845,-929,-1011
3847,-935,-1009
3850,-942,-1017
3855,-943,-1018
3861,-949,-1019
3867,-957,-1021
3869,-960,-1021
3875,-968,-1021
3875,-977,-1023
3873,-984,-1022
3876,-987,-1024
3880,-993,-1026
3877,-993,-1023
3873,-996,-1022
3875,-999,-1024
3872,-1000,-1024
3875,-998,-1027
3878,-998,-1027
3872,-999,-1032
3878,-1003,-1035
3878,-1000,-1040
3882,-997,-1045
3884,-999,-1047
3883,-996,-1051
3881,-996,-1054
3881,-992,-1057
3882,-989,-1055
3877,-991,-1060
3877,-991,-1060
3872,-990,-1060
3869,-991,-1056
3862,-988,-1055
3858,-990,-1050
3857,-991,-1049
3855,-990,-1048
3851,-990,-1048
3847,-985,-1049
3844,-982,-1054
3841,-978,-1060
3834,-976,-1062
3825,-975,-1066
3822,-973,-1066
3817,-969,-1065
3815,-966,-1067
3812,-966,-1067
3809,-967,-1064
3807,-966,-1062
3805,-968,-1058
3805,-970,-1051
3801,-972,-1047
3795,-971,-1043
3791,-970,-1039
3788,-967,-1042
3784,-961,-1035
3784,-963,-1032
3787,-961,-1033
3789,-956,-1036
3793,-947,-1040
3789,-944,-1043
3791,-941,-1039
3791,-940,-1045
3791,-938,-1046
3791,-934,-1044
3789,-935,-1047
3790,-933,-1053
3791,-934,-1049
3786,-933,-1052
3786,-934,-1053
3781,-934,-1054
3777,-934,-1057
3779,-937,-1055
3775,-938,-1054
3773,-939,-1053
3772,-937,-1055
3768,-938,-1057
3769,-936,-1057
3767,-934,-1060
3769,-931,-1060
3774,-925,-1062
3782,-922,-1064
3783,-916,-1064
3788,-914,-1063
3789,-913,-1062
3797,-913,-1063
3796,-910,-1063
3791,-909,-1068
3787,-910,-1063
3783,-914,-1062
3778,-916,-1064
3778,-917,-1069
3779,-914,-1068
3778,-914,-1071
3778,-915,-1073
3777,-908,-1073
3777,-911,-1074
3778,-910,-1074
3776,-909,-1072
3773,-911,-1071
3773,-914,-1068
3771,-911,-1063
3768,-909,-1060
3765,-907,-1060
3769,-908,-1060
3773,-913,-1062
3780,-920,-1059
3785,-925,-1060
3791,-933,-1061
3794,-942,-1066
3795,-951,-1071
3801,-959,-1075
3803,-963,-1073
3801,-967,-1072
3795,-972,-1074
3796,-975,-1068
3798,-975,-1064
3797,-975,-1060
3793,-976,-1056
3789,-971,-1051
3789,-970,-1047
3794,-969,-1044
3801,-967,-1046
3808,-965,-1046
3815,-963,-1048
3824,-962,-1051
3833,-965,-1056
3841,-962,-1058
3850,-962,-1060
3857,-960,-1063
3863,-956,-1060
3872,-954,-1060
3875,-954,-1058
3877,-948,-1057
3879,-947,-1052
3885,-940,-1049
3888,-929,-1047
3896,-923,-1048
3902,-918,-1046
3906,-911,-1042
3907,-903,-1042
3906,-900,-1040
3903,-894,-1040
3905,-886,-1045
3905,-882,-1041
3898,-879,-1039
3895,-868,-1039
3893,-863,-1035
3888,-855,-1028
3883,-847,-1026
3875,-840,-1022
3867,-838,-1018
3857,-835,-1009
3851,-829,-1007
3849,-826,-1009
3844,-826,-1009
3847,-822,-1009
3846,-818,-1014
3849,-814,-1019
3850,-809,-1021
3851,-804,-1017
3852,-795,-1021
3856,-786,-1025
3857,-777,-1028
3857,-766,-1028
3860,-761,-1032
3862,-755,-1033
3859,-752,-1033
3853,-749,-1035
3833,-744,-1030
3805,-741,-1022
3774,-734,-1015
3741,-728,-1006
3711,-721,-998
3684,-720,-989
3670,-715,-980
3656,-711,-972
3653,-707,-965
3654,-703,-960
3662,-705,-957
3666,-712,-952
3668,-717,-953
3665,-726,-950
3660,-734,-950
3655,-738,-948
3644,-742,-946
3632,-747,-940
3622,-751,-934
3613,-751,-931
3606,-755,-927
3605,-762,-919
3604,-762,-909
3605,-767,-905
3609,-770,-896
3612,-775,-890
3626,-779,-886
3635,-785,-881
3644,-791,-878
3655,-796,-880
3671,-800,-879
3683,-801,-884
3700,-807,-886
3714,-811,-889
3732,-816,-891
3740,-821,-890
3745,-822,-888
3751,-824,-884
3755,-833,-884
3759,-845,-887
3764,-852,-888
3766,-862,-889
3765,-876,-891
3765,-887,-893
3763,-895,-895
3764,-902,-896
3767,-910,-904
3769,-919,-907
3774,-924,-912
3783,-930,-922
3798,-934,-929
3806,-938,-935
3815,-942,-940
3825,-948,-950
3837,-951,-958
3849,-950,-963
3857,-952,-968
3861,-955,-972
3865,-960,-981
3872,-956,-986
3875,-953,-998
3881,-958,-1012
3890,-958,-1026
3904,-967,-1046
3914,-975,-1065
3921,-977,-1087
3925,-985,-1111
3927,-989,-1133
3922,-993,-1160
3919,-993,-1181
3921,-996,-1200
3920,-993,-1218
3923,-988,-1233
3929,-978,-1244
3937,-960,-1254
3940,-945,-1267
3944,-933,-1283
3948,-919,-1301
3951,-911,-1335
3956,-906,-1361
3963,-906,-1382
3964,-910,-1390
3959,-911,-1382
3947,-917,-1362
3933,-927,-1341
3928,-952,-1309
3923,-984,-1272
3925,-1023,-1249
3935,-1063,-1240
3944,-1102,-1237
3952,-1135,-1240
3957,-1161,-1249
3964,-1183,-1267
3970,-1204,-1302
3977,-1217,-1328
3976,-1223,-1341
3972,-1226,-1346
3967,-1227,-1334
3967,-1227,-1314
3960,-1234,-1295
3964,-1237,-1278
3968,-1248,-1257
3972,-1252,-1227
3973,-1255,-1193
3971,-1252,-1156
3960,-1242,-1120
3949,-1230,-1086
3934,-1214,-1052
3921,-1199,-1022
3906,-1177,-997
3898,-1159,-980
3890,-1140,-953
3883,-1124,-931
3876,-1113,-915
3866,-1100,-905
3858,-1085,-913
3862,-1075,-914
3862,-1059,-911
3852,-1043,-905
3850,-1023,-905
3846,-1007,-902
3836,-990,-909
3831,-974,-915
3823,-959,-921
3820,-948,-924
3815,-939,-934
3815,-930,-940
3813,-924,-949
3815,-922,-952
3814,-916,-953
3813,-910,-954
3813,-901,-952
3812,-891,-958
3812,-875,-957
3802,-865,-955
3793,-855,-942
3784,-843,-925
3779,-837,-911
3773,-827,-901
3767,-818,-885
3769,-815,-871
3770,-810,-857
3769,-805,-841
3768,-802,-830
3773,-801,-821
3776,-801,-811
3777,-799,-803
3776,-796,-799
3776,-790,-793
3773,-780,-796
3778,-769,-800
3778,-759,-801
3776,-750,-808
3780,-745,-814
3779,-740,-822
3777,-735,-830
3772,-735,-841
3767,-738,-850
3758,-737,-858
3750,-742,-865
3737,-742,-875
3730,-747,-883
3726,-752,-892
3722,-757,-900
3721,-755,-904
3725,-763,-907
3725,-771,-907
3724,-772,-911
3725,-781,-916
3727,-788,-918
3725,-793,-924
3723,-802,-932
3720,-811,-936
3719,-819,-944
3713,-828,-952
3708,-837,-960
3702,-850,-968
3698,-855,-974
3695,-857,-977
3689,-854,-985
3685,-855,-991
3681,-851,-993
3679,-846,-995
3677,-846,-996
3678,-844,-992
3679,-842,-992
3685,-838,-990
3694,-834,-992
3701,-827,-995
3712,-821,-998
3722,-808,-998
3734,-798,-1002
3742,-795,-1014
3749,-792,-1031
3753,-792,-1044
3759,-788,-1062
3762,-787,-1075
3768,-789,-1091
3770,-791,-1103
3772,-790,-1117
3774,-794,-1125
3776,-798,-1138
3776,-801,-1145
3776,-806,-1152
3776,-817,-1154
3778,-830,-1157
3780,-838,-1162
3782,-849,-1169
3786,-857,-1173
3791,-868,-1176
3796,-876,-1182
3801,-884,-1185
3815,-884,-1187
3824,-890,-1186
3836,-892,-1186
3846,-892,-1190
3855,-895,-1194
3868,-897,-1193
3875,-897,-1195
3883,-896,-1191
3889,-895,-1182
3897,-892,-1176
3906,-893,-1164
3914,-894,-1158
3925,-892,-1153
3932,-890,-1146
3934,-897,-1142
3935,-901,-1137
3936,-904,-1130
3937,-908,-1124
3931,-910,-1124
3924,-913,-1123
3916,-920,-1121
3906,-923,-1118
3896,-926,-1120
3886,-928,-1120
3878,-931,-1124
3867,-929,-1119
3860,-932,-1119
3849,-933,-1115
3843,-933,-1113
3832,-933,-1111
3824,-931,-1108
3816,-928,-1105
3805,-924,-1101
3794,-925,-1098
3785,-922,-1095
3776,-922,-1092
3771,-921,-1091
3760,-922,-1084
3754,-921,-1082
3748,-922,-1080
3740,-920,-1077
3735,-919,-1072
3741,-920,-1069
3747,-921,-1067
3752,-925,-1063
3758,-928,-1064
3763,-937,-1058
3769,-936,-1050
3776,-938,-1044
3784,-940,-1040
3789,-946,-1036
3796,-952,-1034
3800,-955,-1033
3802,-960,-1031
3803,-965,-1029
3801,-968,-1026
3799,-971,-1021
3790,-973,-1017
3786,-971,-1017
3786,-971,-1018
3796,-974,-1018
3796,-982,-1021
3800,-982,-1017
3809,-984,-1020
3814,-989,-1021
3815,-987,-1025
3818,-990,-1030
3817,-992,-1032
3818,-995,-1032
3818,-997,-1034
3811,-998,-1035
3809,-993,-1036
3809,-991,-1035
3802,-992,-1035
3799,-993,-1033
3804,-994,-1033
3802,-990,-1033
3806,-987,-1030
3802,-984,-1030
3800,-988,-1027
3800,-988,-1029
3807,-984,-1035
3802,-986,-1033
3805,-985,-1039
3802,-981,-1037
3805,-982,-1041
3803,-978,-1044
3801,-974,-1047
3800,-971,-1052
3799,-973,-1055
3800,-972,-1057
3796,-974,-1062
3793,-973,-1067
3792,-970,-1068
3790,-970,-1066
3790,-970,-1066
3788,-967,-1068
3785,-963,-1069
3782,-961,-1069
3784,-958,-1071
3780,-955,-1075
3779,-953,-1076
3778,-947,-1078
3780,-943,-1081
3783,-937,-1078
3784,-926,-1081
3786,-921,-1083
3786,-916,-1083
3788,-912,-1086
3790,-906,-1086
3793,-904,-1088
3800,-899,-1088
3803,-892,-1091
3802,-896,-1097
3808,-896,-1100
3810,-890,-1102
3812,-889,-1099
3809,-887,-1100
3810,-885,-1097
3811,-882,-1095
3812,-880,-1094
3811,-879,-1092
3812,-874,-1092
3810,-871,-1092
3815,-870,-1089
3813,-869,-1090
3809,-866,-1093
3811,-864,-1098
3805,-862,-1100
3802,-861,-1096
3806,-863,-1104
3802,-862,-1110
3799,-859,-1111
3794,-859,-1109
3790,-857,-1109
3785,-855,-1108
3779,-850,-1110
3775,-848,-1110
3771,-847,-1111
3772,-845,-1113
3774,-846,-1115
3776,-843,-1118
3774,-845,-1116
3765,-847,-1121
3765,-846,-1127
3761,-841,-1127
3767,-843,-1135
3770,-841,-1134
3772,-840,-1132
3773,-835,-1131
3772,-834,-1128
3771,-834,-1128
3771,-831,-1135
3771,-828,-1131
3771,-831,-1130
3775,-834,-1131
3778,-833,-1129
3780,-836,-1125
3787,-838,-1126
3795,-842,-1128
3804,-841,-1131
3807,-845,-1131
3811,-847,-1129
3818,-848,-1129
3823,-851,-1126
3828,-855,-1126
3830,-861,-1123
3835,-861,-1117
3842,-864,-1117
3842,-867,-1114
3840,-866,-1113
3845,-870,-1106
3850,-870,-1102
3850,-872,-1104
3842,-872,-1099
3846,-870,-1096
3843,-870,-1094
3836,-871,-1091
3838,-874,-1089
3832,-878,-1088
3829,-880,-1083
3823,-879,-1081
3822,-879,-1075
3816,-880,-1072
3818,-880,-1068
3817,-878,-1068
3813,-877,-1065
3812,-877,-1063
3811,-876,-1057
3810,-878,-1053
3802,-876,-1053
3796,-878,-1050
3792,-877,-1047
3789,-878,-1041
3789,-878,-1036
3791,-876,-1032
3796,-875,-1032
3793,-876,-1028
3793,-878,-1028
3798,-880,-1025
3800,-883,-1021
3806,-884,-1022
3809,-886,-1023
3812,-887,-1023
3812,-889,-1022
3810,-890,-1021
3814,-893,-1013
3814,-895,-1012
3814,-894,-1007
3811,-892,-1002
3812,-895,-995
3814,-895,-995
3812,-896,-992
3811,-896,-990
3811,-897,-987
3812,-897,-986
3811,-896,-985
3813,-894,-986
3813,-893,-983
3814,-895,-981
3815,-896,-981
3813,-898,-980
3812,-901,-984
3812,-905,-986
3811,-907,-981
3813,-909,-984
3814,-911,-981
3817,-912,-977
3820,-911,-977
3825,-909,-974
3823,-909,-974
3821,-904,-974
3820,-907,-970
3819,-908,-970
3818,-907,-974
3815,-904,-974
3813,-900,-976
3813,-902,-976
3815,-902,-980
3810,-899,-977
3808,-898,-976
3801,-901,-978
3801,-900,-975
3807,-899,-974
3812,-896,-976
3817,-898,-976
3821,-899,-973
3822,-899,-972
3828,-899,-976
3838,-904,-982
3840,-906,-987
3845,-909,-988
3849,-909,-990
3845,-908,-994
3844,-908,-1002
3843,-908,-1004
3848,-907,-999
3842,-902,-1000
3840,-899,-998
3844,-897,-994
3841,-898,-990
3836,-892,-986
3836,-889,-981
3827,-884,-976
3822,-882,-975
3807,-884,-975
3800,-885,-976
3796,-885,-977
3789,-884,-979
3786,-884,-985
3784,-881,-988
3784,-881,-986
3782,-882,-988
3784,-881,-991
3782,-887,-992
3784,-888,-991
3787,-888,-995
3788,-888,-995
3785,-891,-1001
3790,-891,-1005
3791,-889,-1007
3792,-892,-1007
3797,-892,-1008
3801,-894,-1012
3799,-891,-1019
3802,-892,-1023
3802,-896,-1023
3798,-901,-1022
3795,-902,-1024
3793,-902,-1028
3794,-908,-1035
3792,-912,-1044
3789,-916,-1045
3792,-919,-1052
3797,-920,-1055
3798,-924,-1057
3805,-924,-1053
3813,-925,-1056
3817,-925,-1048
3816,-929,-1050
3818,-926,-1049
3820,-927,-1045
3821,-926,-1043
3825,-925,-1045
3827,-923,-1046
3824,-919,-1045
3831,-916,-1039
3838,-914,-1039
3843,-914,-1033
3845,-916,-1033
3845,-917,-1030
3846,-922,-1024
3850,-927,-1017
3852,-933,-1009
3856,-932,-1000
3861,-936,-991
3861,-939,-984
3866,-946,-981
3864,-947,-977
3859,-953,-973
3856,-956,-968
3849,-957,-965
3844,-962,-962
3842,-960,-957
3837,-960,-954
3829,-958,-948
3828,-954,-941
3827,-948,-942
3829,-947,-939
3830,-941,-938
3829,-935,-935
3834,-928,-939
3838,-920,-939
3839,-911,-940
3844,-907,-947
3855,-899,-948
3861,-890,-953
3869,-882,-958
3879,-875,-960
3890,-871,-963
3897,-862,-966
3902,-853,-965
3906,-846,-964
3909,-841,-964
3909,-836,-962
3912,-830,-963
3912,-824,-965
3909,-823,-963
3908,-819,-963
3901,-817,-962
3894,-819,-963
3886,-820,-963
3882,-826,-961
3876,-835,-960
3867,-841,-961
3856,-848,-955
3844,-852,-956
3837,-857,-956
3827,-861,-949
3820,-864,-945
3811,-866,-945
3798,-869,-942
3794,-865,-942
3786,-864,-947
3778,-864,-951
3775,-863,-950
3771,-858,-952
3764,-855,-957
3760,-853,-961
3760,-849,-964
3758,-849,-969
3757,-843,-974
3757,-841,-972
3753,-839,-978
3753,-839,-980
3752,-840,-984
3754,-842,-987
3752,-842,-986
3756,-846,-989
3757,-852,-990
3762,-856,-995
3767,-864,-999
3775,-869,-1005
3782,-873,-1011
3787,-876,-1015
3792,-881,-1020
3791,-887,-1021
3794,-889,-1023
3798,-894,-1024
3798,-902,-1029
3800,-907,-1028
3803,-912,-1029
3808,-920,-1034
3812,-925,-1044
3812,-932,-1045
3814,-937,-1046
3818,-941,-1049
3822,-947,-1052
3821,-955,-1056
3820,-956,-1057
3819,-959,-1062
3818,-961,-1061
3818,-963,-1065
3820,-965,-1066
3822,-966,-1068
3820,-970,-1070
3821,-968,-1072
3824,-967,-1078
3824,-968,-1083
3826,-967,-1088
3828,-966,-1087
3827,-965,-1088
3828,-962,-1086
3825,-961,-1088
3823,-962,-1088
3822,-961,-1086
3823,-958,-1086
3824,-958,-1081
3824,-961,-1081
3823,-962,-1081
3822,-968,-1078
3819,-969,-1082
3816,-973,-1082
3811,-974,-1078
3808,-976,-1074
3799,-976,-1075
3795,-978,-1072
3791,-975,-1068
3787,-976,-1068
3786,-975,-1062
3783,-973,-1057
3784,-972,-1049
3785,-970,-1051
3783,-969,-1047
3784,-966,-1047
3788,-967,-1044
3789,-965,-1045
3790,-963,-1048
3794,-961,-1044
3800,-963,-1042
3808,-963,-1041
3808,-963,-1040
3803,-961,-1036
3803,-962,-1040
3808,-961,-1038
3810,-960,-1033
3814,-962,-1032
3816,-959,-1026
3819,-961,-1027
3824,-954,-1023
3828,-951,-1021
3828,-946,-1014
3830,-944,-1012
3836,-938,-1003
3842,-938,-1005
3846,-937,-1002
3856,-933,-1005
3864,-931,-1003
3870,-933,-1006
3875,-934,-1011
3882,-935,-1010
3888,-939,-1016
3887,-942,-1017
3889,-944,-1021
3884,-940,-1019
3876,-936,-1018
3866,-929,-1011
3857,-922,-1008
3850,-910,-1005
3842,-899,-1000
3841,-889,-998
3842,-883,-994
3843,-881,-995
3843,-873,-992
3846,-866,-995
3850,-865,-998
3852,-858,-1004
3855,-854,-1009
3857,-850,-1011
3860,-847,-1014
3862,-844,-1011
3867,-835,-1010
3869,-826,-1002
3871,-821,-994
3862,-813,-982
3860,-803,-975
3857,-795,-969
3855,-788,-957
3852,-781,-956
3850,-777,-951
3849,-771,-946
3848,-764,-939
3844,-761,-933
3844,-759,-925
3842,-755,-919
3840,-753,-915
3837,-753,-909
3836,-754,-903
3840,-757,-904
3841,-760,-902
3833,-760,-894
3832,-762,-888
3830,-767,-882
3828,-771,-881
3825,-768,-879
3826,-773,-879
3825,-772,-880
3826,-771,-880
3825,-771,-881
3822,-770,-881
3821,-767,-878
3822,-764,-879
3820,-759,-883
3817,-758,-887
3816,-757,-891
3816,-754,-893
3810,-750,-898
3808,-748,-896
3808,-748,-906
3808,-748,-910
3804,-743,-914
3805,-739,-918
3810,-739,-922
3815,-734,-927
3820,-728,-928
3825,-723,-930
3830,-718,-930
3834,-717,-932
3835,-717,-936
3834,-714,-933
3831,-712,-933
3830,-709,-934
3833,-708,-930
3834,-706,-933
3838,-709,-933
3845,-713,-932
3844,-716,-934
3848,-723,-934
3853,-731,-942
3853,-740,-945
3857,-749,-949
3861,-757,-956
3865,-766,-956
3868,-771,-956
3867,-774,-958
3867,-775,-955
3866,-776,-957
3867,-774,-953
3861,-775,-951
3858,-775,-954
3858,-772,-950
3859,-771,-952
3858,-768,-955
3865,-761,-955
3862,-761,-955
3868,-761,-958
3869,-757,-959
3866,-757,-960
3870,-756,-960
3871,-751,-966
3864,-751,-967
3866,-754,-972
3868,-762,-976
3865,-767,-977
3864,-770,-980
3867,-777,-976
3865,-786,-973
3870,-784,-977
3874,-788,-978
3876,-791,-979
3878,-793,-976
3880,-792,-982
3882,-791,-983
3884,-793,-984
3890,-793,-989
3897,-793,-992
3896,-788,-999
3900,-786,-1001
3908,-788,-1005
3914,-784,-1016
3925,-780,-1018
3927,-781,-1025
3931,-780,-1033
3937,-779,-1041
3941,-776,-1046
3940,-767,-1053
3938,-769,-1060
3933,-766,-1061
3929,-764,-1059
3922,-761,-1056
3914,-756,-1059
3907,-746,-1060
3895,-741,-1060
3888,-729,-1058
3885,-719,-1061
3881,-710,-1060
3881,-701,-1058
3879,-696,-1053
3875,-692,-1051
3873,-688,-1051
3871,-680,-1047
3865,-679,-1042
3859,-680,-1038
3852,-681,-1033
3849,-683,-1028
3842,-691,-1025
3840,-693,-1018
3837,-697,-1014
3827,-703,-1003
3826,-704,-993
3823,-702,-987
3823,-701,-978
3821,-708,-973
3822,-706,-965
3820,-709,-959
3818,-712,-954
3814,-715,-946
3812,-718,-939
3804,-721,-936
3802,-726,-931
3795,-735,-931
3797,-737,-923
3790,-746,-922
3788,-752,-917
3787,-757,-911
3784,-765,-909
3785,-774,-908
3784,-779,-904
3784,-785,-910
3786,-793,-906
3786,-798,-903
3788,-798,-902
3797,-798,-900
3807,-796,-905
3812,-794,-909
3815,-791,-906
3815,-789,-910
3816,-790,-913
3822,-785,-915
3827,-780,-920
3832,-776,-923
3840,-776,-923
3846,-775,-925
3854,-778,-925
3862,-778,-926
3866,-781,-924
3873,-786,-924
3878,-788,-924
3887,-789,-922
3891,-792,-926
3892,-795,-926
3896,-798,-922
3901,-801,-921
3903,-799,-925
3907,-803,-924
3908,-807,-919
3906,-811,-917
3903,-810,-916
3904,-811,-917
3905,-811,-918
3902,-815,-920
3902,-814,-922
3898,-815,-923
3893,-811,-921
3884,-815,-925
3884,-816,-921
3878,-818,-923
3869,-814,-923
3863,-811,-926
3861,-804,-929
3860,-800,-932
3858,-796,-936
3861,-792,-936
3858,-784,-935
3857,-780,-937
3856,-771,-942
3854,-767,-941
3852,-764,-938
3859,-760,-941
3857,-759,-942
3855,-760,-948
3854,-764,-954
3853,-762,-954
3853,-762,-960
3850,-762,-961
3843,-762,-960
3842,-761,-961
3836,-763,-962
3831,-761,-960
3830,-758,-962
3828,-756,-960
3829,-754,-960
3832,-748,-959
3835,-750,-960
