1011.266767481406,28.36634662151337
1011.183786764967,28.36681722640991
1011.311973419026,28.36587601661682
1011.117814074407,28.36547264099121
1011.215011111583,28.36735506057739
1011.130910667582,28.36520372390747
1011.197262136104,28.36634662151337
1011.237169584299,28.36789289474487
1011.209969696371,28.36829627037048
1011.208086086546,28.36728783130646
1011.244605013212,28.36661553859711
1011.190077723664,28.36775843620301
1011.177841283683,28.37212833881378
1011.286388459019,28.37078375339508
1011.202783206015,28.37011146068573
1011.196609498908,28.37085098266602
1011.219892101809,28.37320400714874
1011.205420226895,28.37152327537537
1011.166016978797,28.36984254360199
1011.202657633592,28.3700442314148
1011.194589987466,28.37179219245911
1011.28437512094,28.37051483631134
1011.254527824007,28.37152327537537
1011.099292738052,28.36769120693207
1011.206935358429,28.37071652412415
1011.17354257908,28.37548980236053
1011.179852469038,28.37280063152313
1011.130368050774,28.37259894371033
1011.211575347379,28.37441413402557
1011.283972343383,28.37555703163147
1011.311663035309,28.37784282684326
1011.299455265247,28.3765654706955
1011.13199606404,28.3742796754837
1011.147091257437,28.37710330486298
1011.216960402173,28.38012862205505
1011.181587293661,28.37817897319794
1011.178946167047,28.37757390975952
1011.139904244983,28.37891849517822
1011.219858975033,28.37965801715851
1011.25700273996,28.38012862205505
1011.209771477524,28.38234718799591
1011.12843949405,28.38006139278412
1011.220618648349,28.37885126590729
1011.237229617378,28.38086814403534
1011.145299042575,28.38261610507965
1011.121406050512,28.37669992923737
1011.17010990381,28.38174212455749
1011.20371889314,28.38396069049835
1011.224750032565,28.38349008560181
1011.300674873622,28.38449852466583
1011.162797277894,28.38349008560181
1011.228527639557,28.38349008560181
1011.17978904801,28.38490190029144
1011.234820875885,28.38402791976929
1011.28442602356,28.38550696372986
1011.224624460589,28.38342285633087
1011.218954907732,28.38402791976929
1011.214404927004,28.38725492477417
1011.275598551033,28.38806167602539
1011.145277403505,28.38664986133576
1011.21742914553,28.38685154914856
1011.223100849211,28.38584311008453
1011.186833502523,28.38624648571015
1011.250536353513,28.38880119800568
1011.255086134079,28.38557419300079
1011.225871807404,28.38570865154266
1011.157612629334,28.38759107112885
1011.21640769234,28.38954071998596
1011.157344164062,28.39068361759186
1011.156980497665,28.38806167602539
1011.203563657479,28.38954071998596
1011.159223211582,28.3924988079071
1011.155707537548,28.39061638832092
1011.278101857797,28.39101976394653
1011.249644808052,28.39075084686279
1011.221319703024,28.38933903217316
1011.186037206495,28.39391062259674
1011.256568097686,28.39122145175934
1011.157590934352,28.39162482738495
1011.193230927941,28.39088530540466
1011.222322148245,28.39028024196625
1011.154560068336,28.39323832988739
1011.204683097881,28.39216266155243
1011.18844874179,28.39034747123718
1011.093130513122,28.38947349071503
1011.150687315459,28.38752384185791
1011.279398733305,28.38362454414368
1011.417898853545,28.38617925643921
1011.131673555661,28.38745661258697
1011.218306026603,28.38772552967071
1011.21640769234,28.38954071998596
1011.184060392948,28.38678431987762
1011.246773282985,28.38597756862641
1011.234812535596,28.38564142227173
1011.255452495651,28.38779275894165
1011.281653037325,28.38604479789734
1011.323695181116,28.38913734436035
1011.382255698784,28.38772552967071
1011.263761239892,28.38819613456726
1011.361487572889,28.38591033935547
1011.245122068345,28.38873396873474
1011.21528391283,28.38772552967071
1011.28265562579,28.38698600769043
1011.218693267748,28.38591033935547
1011.378483951828,28.38651540279388
1011.268164702649,28.38893565654755
1011.386278642471,28.38907011508942
1011.858984879997,28.39014578342438
1011.265140508389,28.38933903217316
1011.227140080756,28.38396069049835
1011.339078970036,28.38483467102051
1011.291612661074,28.38369177341461
1011.201194849041,28.38503635883332
1011.322605035864,28.38046476840973
1011.290630254746,28.37871680736542
1011.353333950171,28.37952355861664
1011.321468769403,28.38106983184814
1011.310263599212,28.38073368549347
1011.338468900383,28.38086814403534
1011.344622787434,28.38416237831116
1011.393737570125,28.38295225143433
1011.223743367439,28.38335562705994
1011.362250989524,28.38429683685303
1011.305197888077,28.38651540279388
1011.314642978174,28.38631371498108
1011.374700414352,28.38772552967071
1011.30230542417,28.3857758808136
1011.310859274305,28.38752384185791
1011.364246626949,28.38819613456726
1011.405937974765,28.38584311008453
1011.223847971166,28.38745661258697
1011.28905195185,28.39202820301056
1011.317896018984,28.39048192977905
1011.35870077793,28.38927180290222
1011.391180757049,28.39088530540466
1011.316253269427,28.39162482738495
1011.305679867147,28.39081807613373
1011.314488996377,28.39189374446869
1011.316119534625,28.39317110061646
1011.185156104511,28.39384339332581
1011.320261722833,28.39579304218292
1011.303248608075,28.39841498374939
1011.323662682334,28.39559135437012
1011.304006222374,28.39801160812378
1011.370366632502,28.39834775447845
1011.350469233103,28.3986166715622
1011.360544533056,28.39834775447845
1011.354761441064,28.39646533489227
1011.281475853596,28.39606195926666
1011.312201925313,28.39592750072479
1011.325173765387,28.39559135437012
1011.313105546889,28.39155759811401
1011.287660266739,28.39330555915833
1011.300765827749,28.39142313957214
1011.304041174348,28.3911542224884
1011.351637822562,28.39155759811401
1011.336784344683,28.39048192977905
1011.240835844431,28.38967517852783
1011.247005671461,28.38974240779877
1011.247240049401,28.39310387134552
1011.274179922796,28.39458291530609
1011.316366616004,28.39411231040955
1011.293690109228,28.3961291885376
1011.179100956454,28.39586027145386
1011.280450370934,28.39955788135529
1011.313447451738,28.3986166715622
1011.297323586137,28.39969233989716
1011.317210747924,28.40144030094147
1011.295318485917,28.39780992031097
1011.28031221092,28.40191090583801
1011.357512226848,28.40036463260651
1011.344424860635,28.3986166715622
1011.304728528432,28.40446561813355
1011.219248824417,28.3999612569809
1011.27840117456,28.40614634990692
1011.229043019846,28.40520514011383
1011.257500930959,28.40547405719757
1011.259510062887,28.40654972553253
1011.297918033867,28.4064824962616
1011.269713307384,28.40594466209412
1011.224005248878,28.4053395986557
1011.19301641325,28.40735647678375
1011.148433832756,28.40816322803497
1011.148310517389,28.40769262313843
1011.125020426764,28.40654972553253
1011.202699992166,28.40970950126648
1011.223342652316,28.41145746231079
1011.18432415206,28.40796154022217
1011.196781032662,28.40977673053742
1011.211009017752,28.41011287689209
1011.248289338761,28.40903720855713
1011.275112921566,28.40883552074432
1011.209002204158,28.40863383293152
1011.247771960874,28.41159192085266
1011.181799716359,28.40903720855713
1011.192864393218,28.41212975502014
1011.161773926246,28.40964227199554
1011.234409792878,28.41414663314819
1011.216161470489,28.41206252574921
1011.206213513139,28.41199529647827
