-13,14,-4
-20,4,-5
-22,-4,0
-18,-29,15
-23,-47,15
-32,-45,16
-39,-44,19
-43,-52,27
-40,-63,30
-46,-68,30
-59,-67,33
-68,-68,34
-73,-70,38
-83,-70,43
-89,-69,53
-95,-66,56
-108,-62,63
-125,-58,71
-142,-54,76
-162,-51,86
-172,-51,99
-186,-49,106
-201,-45,115
-207,-48,119
-213,-44,125
-231,-41,135
-242,-38,147
-255,-38,153
-267,-37,159
-273,-38,165
-287,-34,173
-300,-38,181
-316,-40,190
-328,-41,199
-344,-40,207
-357,-41,212
-367,-41,218
-374,-44,224
-378,-44,230
-385,-47,233
-388,-45,232
-394,-42,237
-401,-41,242
-398,-41,243
-407,-38,249
-416,-42,250
-420,-41,251
-426,-41,249
-428,-43,247
-429,-47,246
-434,-53,243
-432,-55,239
-434,-55,237
-445,-55,238
-462,-53,236
-471,-50,236
-484,-51,234
-484,-49,231
-477,-48,225
-483,-41,226
-489,-37,225
-501,-36,222
-511,-29,222
-523,-23,219
-538,-17,218
-547,-14,215
-563,-11,211
-591,-11,206
-623,-18,203
-638,-21,201
-642,-14,199
-643,-11,196
-637,-15,196
-625,-16,197
-614,-15,195
-603,-15,200
-588,-16,200
-574,-14,202
-559,-15,206
-538,-13,209
-520,-6,208
-507,4,202
-496,7,197
-476,12,190
-455,16,179
-429,15,169
-406,12,153
-383,6,144
-366,-2,136
-354,-16,132
-336,-29,129
-320,-40,133
-311,-47,134
-306,-52,137
-304,-62,139
-297,-67,138
-294,-71,136
-287,-85,134
-280,-103,131
-275,-116,130
-269,-132,123
-262,-141,116
-256,-140,108
-250,-139,99
-246,-137,90
-246,-127,84
-241,-120,79
-224,-111,75
-214,-108,70
-204,-100,65
-187,-98,65
-171,-102,63
-160,-100,67
-144,-103,70
-128,-110,74
-115,-114,82
-104,-118,92
-94,-116,101
-80,-112,114
-73,-105,135
-67,-102,149
-69,-102,162
-62,-104,171
-51,-111,187
-40,-112,203
-36,-108,213
-35,-109,222
-29,-106,230
-24,-105,239
-19,-98,245
-24,-90,249
-29,-76,255
-30,-63,260
-31,-49,262
-36,-34,265
-42,-26,267
-47,-24,269
-52,-19,267
-55,-21,265
-61,-19,258
-66,-11,253
-69,-4,245
-69,-6,236
-71,-3,234
-74,-5,230
-77,-12,229
-84,-14,234
-88,-16,238
-93,-12,246
-95,-16,250
-96,-19,258
-94,-17,268
-94,-15,275
-89,-11,280
-86,-11,291
-93,-18,305
-96,-26,314
-101,-31,319
-115,-41,321
-131,-51,321
-146,-60,322
-160,-67,322
-175,-74,320
-187,-73,317
-199,-67,314
-205,-67,312
-209,-56,303
-214,-44,298
-220,-33,296
-230,-24,297
-239,-15,293
-250,-9,287
-263,-8,279
-264,-8,275
-269,-5,265
-273,-1,254
-273,6,245
-268,11,234
-269,13,221
-267,13,206
-260,4,190
-251,-4,171
-240,-12,153
-222,-19,135
-210,-23,115
-193,-25,97
-178,-32,83
-159,-37,68
-143,-36,53
-118,-38,40
-96,-36,33
-83,-37,22
-62,-40,8
-43,-43,-6
-28,-46,-18
-14,-47,-28
-1,-50,-40
14,-52,-47
35,-49,-54
52,-53,-65
57,-57,-72
70,-56,-77
82,-55,-82
94,-57,-90
108,-61,-95
112,-62,-95
117,-64,-100
124,-66,-104
129,-64,-105
125,-63,-110
129,-66,-113
136,-63,-116
142,-57,-113
146,-56,-113
147,-54,-120
152,-54,-126
167,-53,-123
180,-54,-125
189,-52,-127
205,-48,-120
222,-45,-117
221,-49,-123
225,-50,-134
253,-48,-144
278,-52,-136
250,-60,-137
231,-64,-140
234,-63,-139
243,-57,-138
247,-52,-135
244,-49,-136
251,-51,-136
267,-57,-134
279,-55,-131
296,-47,-127
316,-42,-122
329,-39,-121
337,-33,-111
343,-29,-113
357,-29,-108
361,-26,-107
354,-27,-102
361,-29,-94
376,-21,-90
393,-12,-85
413,0,-79
442,17,-76
459,25,-73
473,30,-72
481,37,-72
497,52,-72
514,66,-69
533,79,-65
557,92,-63
575,104,-60
594,113,-59
609,129,-58
624,144,-56
628,157,-54
641,166,-54
661,169,-54
666,175,-56
673,179,-63
691,179,-76
714,181,-85
730,188,-90
758,195,-95
777,207,-99
794,220,-109
807,239,-114
820,257,-118
840,273,-117
861,297,-120
848,309,-122
824,309,-129
808,308,-133
803,317,-133
799,329,-129
799,340,-127
798,342,-127
785,328,-129
775,307,-123
771,298,-123
769,289,-125
773,279,-121
774,268,-120
768,258,-122
769,251,-119
762,249,-117
754,246,-114
737,242,-113
725,242,-109
708,250,-108
684,254,-104
649,271,-94
613,288,-81
604,291,-72
595,284,-61
569,265,-52
557,237,-53
548,199,-58
529,166,-59
507,148,-59
485,147,-63
457,144,-68
442,143,-72
415,168,-62
401,178,-66
373,163,-73
339,147,-83
327,137,-93
327,136,-104
327,140,-116
334,149,-122
355,162,-131
371,174,-136
388,190,-144
397,206,-150
398,219,-151
391,223,-156
379,219,-165
372,210,-178
368,203,-184
366,197,-181
366,192,-174
371,192,-186
376,180,-187
377,168,-192
382,155,-195
380,145,-195
384,135,-193
380,120,-193
377,113,-199
379,108,-200
370,103,-199
360,102,-204
352,103,-207
345,102,-204
343,112,-200
343,119,-202
349,116,-195
346,112,-185
342,118,-180
335,120,-172
321,118,-159
314,121,-157
310,126,-149
297,124,-139
295,129,-134
293,135,-129
285,137,-125
269,143,-116
252,147,-108
239,155,-105
221,154,-99
198,154,-95
171,147,-93
158,134,-94
147,123,-87
116,112,-84
85,101,-80
58,90,-73
36,84,-68
14,82,-61
-10,83,-56
-33,88,-53
-46,85,-51
-56,91,-48
-66,100,-46
-81,108,-42
-94,117,-39
-101,124,-35
-110,131,-34
-118,137,-36
-127,142,-35
-131,146,-34
-130,152,-35
-135,158,-35
-147,157,-39
-144,162,-44
-139,171,-39
-136,181,-39
-129,182,-44
-124,183,-44
-119,187,-42
-109,185,-43
-106,188,-42
-103,193,-43
-101,197,-44
-100,198,-46
-96,200,-46
-95,203,-45
-96,206,-45
-95,209,-45
-95,216,-44
-97,223,-46
-98,225,-48
-102,225,-46
-101,226,-49
-94,225,-48
-95,220,-48
-101,217,-49
-100,212,-49
-103,202,-49
-102,197,-48
-108,181,-47
-112,168,-44
-113,154,-43
-109,141,-44
-119,130,-42
-130,122,-40
-136,112,-41
-145,104,-42
-155,97,-39
-155,82,-40
-162,66,-39
-169,62,-39
-177,66,-38
-182,66,-33
-191,61,-31
-199,51,-29
-203,42,-26
-208,36,-23
-221,32,-19
-223,26,-18
-231,22,-11
-242,17,-10
-254,10,-10
-262,4,-11
-267,-2,-9
-278,-7,-12
-284,-11,-16
-293,-11,-16
-297,-12,-17
-304,-16,-15
-312,-11,-15
-319,-12,-12
-323,-14,-12
-331,-12,-12
-340,-13,-8
-346,-19,-9
-350,-22,-8
-357,-24,-2
-372,-24,1
-377,-25,1
-388,-23,0
-392,-22,0
-402,-26,-4
-405,-25,-4
-404,-25,-3
-412,-29,-6
-417,-35,-6
-422,-42,-6
-432,-54,-6
-435,-62,-1
-440,-63,-2
-447,-68,0
-457,-76,2
-460,-79,4
-469,-83,12
-486,-88,8
-489,-85,13
-494,-81,16
-507,-92,27
-518,-100,28
-525,-103,30
-525,-111,32
-541,-115,39
-549,-113,48
-556,-121,49
-558,-133,55
-573,-141,61
-589,-138,61
-598,-140,63
-605,-147,68
-618,-147,68
-625,-150,75
-630,-154,79
-648,-148,83
-660,-144,86
-667,-140,92
-674,-142,101
-692,-137,108
-708,-128,113
-718,-119,119
-724,-115,124
-733,-118,128
-740,-118,139
-743,-116,148
-747,-113,154
-752,-114,160
-756,-113,160
-764,-111,166
-773,-114,168
-773,-117,166
-775,-116,167
-782,-114,165
-786,-112,165
-783,-108,166
-783,-103,168
-782,-99,170
-778,-93,172
-779,-86,174
-773,-80,182
-766,-76,189
-762,-69,192
-758,-63,199
-754,-52,210
-751,-49,217
-744,-48,224
-734,-48,228
-726,-46,232
-714,-50,234
-698,-54,237
-687,-62,236
-673,-67,230
-665,-63,222
-661,-59,210
-655,-54,204
-653,-47,195
-640,-40,183
-625,-36,178
-615,-26,170
-606,-20,161
-592,-16,153
-580,-14,151
-568,-16,148
-552,-21,144
-538,-24,140
-521,-28,135
-514,-28,134
-499,-29,132
-481,-24,129
-450,-17,128
-416,-23,124
-413,-10,118
-394,-5,114
-371,-3,109
-348,-4,105
-329,-10,97
-314,-12,94
-297,-13,90
-270,-11,88
-252,-4,84
-235,1,80
-226,7,72
-226,10,71
-223,18,64
-224,28,65
-227,37,65
-234,40,69
-245,44,70
-249,48,74
-253,44,78
-252,46,78
-257,51,78
-254,60,78
-247,65,87
-241,66,93
-235,71,98
-233,72,106
-232,73,110
-231,75,116
-231,68,124
-235,62,132
-237,53,140
-236,49,146
-232,42,150
-229,34,158
-232,23,167
-233,9,179
-236,-3,183
-239,-15,188
-244,-32,193
-244,-50,194
-250,-68,194
-256,-83,192
-259,-96,195
-264,-103,198
-273,-108,205
-279,-102,215
-291,-97,223
-305,-97,230
-313,-101,235
-313,-102,238
-306,-107,243
-299,-105,247
-289,-99,250
-281,-90,255
-278,-83,262
-276,-79,264
-287,-75,265
-290,-63,266
-298,-49,272
-299,-40,276
-300,-26,274
-311,-10,273
-315,-3,280
-321,1,280
-328,7,282
-330,12,287
-337,21,287
-335,30,285
-336,37,284
-342,42,284
-343,50,283
-338,47,282
-335,44,286
-331,43,288
-326,40,288
-315,46,284
-304,48,283
-291,52,279
-266,51,271
-259,56,268
-253,54,262
-251,49,261
-246,47,255
-240,51,255
-237,55,254
-239,63,253
-241,71,253
-239,76,255
-238,78,251
-244,73,249
-246,76,250
-245,77,245
-242,74,241
-242,74,241
-242,75,238
-243,80,235
-240,86,227
-242,91,223
-244,87,222
-248,82,217
-249,78,218
-258,72,216
-260,68,215
-263,57,213
-266,53,206
-268,50,203
-270,38,197
-260,33,188
-259,21,179
-251,14,171
-240,6,163
-228,1,153
-213,-3,147
-195,-5,136
-184,-6,128
-175,-9,123
-157,-12,111
-140,-10,100
-124,-8,98
-99,-7,90
-79,1,78
-57,4,70
-38,11,58
-27,14,49
-15,17,39
-3,19,33
8,20,20
12,21,7
1,18,2
-2,9,-2
12,8,-8
27,11,-12
48,15,-14
74,18,-17
106,14,-25
135,7,-34
163,9,-40
184,7,-44
208,12,-46
221,15,-49
229,18,-53
234,17,-53
240,20,-57
250,24,-59
264,28,-58
274,30,-58
278,36,-60
286,44,-62
288,45,-62
285,44,-64
278,43,-66
274,47,-69
265,51,-70
260,56,-70
261,59,-74
257,63,-75
248,69,-75
254,73,-78
270,77,-79
276,82,-80
288,84,-84
305,91,-89
319,99,-92
340,104,-93
371,110,-89
385,110,-96
390,106,-109
404,109,-112
418,110,-115
439,108,-121
461,106,-126
485,109,-135
498,111,-145
508,115,-150
533,124,-155
550,129,-162
532,133,-162
515,138,-167
517,135,-175
517,133,-181
516,138,-187
510,143,-193
513,145,-196
520,148,-198
519,145,-199
530,150,-197
519,148,-204
509,144,-202
512,142,-203
508,143,-205
504,144,-206
508,144,-207
518,145,-210
520,141,-214
519,141,-216
521,141,-223
521,143,-218
521,151,-225
525,159,-230
519,171,-229
511,180,-227
512,185,-230
502,195,-226
494,201,-227
481,206,-226
476,210,-221
465,215,-224
441,216,-220
422,225,-210
417,242,-199
404,258,-189
390,269,-185
379,268,-179
378,258,-180
387,247,-184
396,235,-192
405,215,-199
415,197,-211
409,185,-226
405,177,-236
394,177,-232
379,179,-219
366,184,-194
363,179,-149
349,169,-112
331,164,-78
320,137,-56
317,107,-36
331,80,-18
357,49,-5
374,33,3
357,27,13
300,24,27
251,31,35
178,41,49
116,50,61
41,30,60
-13,-2,54
-47,-24,59
-71,-35,60
-85,-49,52
-98,-52,39
-101,-45,25
-96,-39,13
-91,-28,-5
-89,-8,-18
-87,15,-32
-83,40,-43
-73,62,-51
-65,77,-60
-58,89,-71
-43,103,-80
-16,106,-91
11,103,-107
30,100,-117
44,87,-133
63,69,-155
75,50,-176
84,38,-202
103,33,-221
118,23,-238
129,11,-254
143,4,-267
154,6,-279
165,12,-286
174,19,-294
182,21,-295
191,19,-292
207,26,-292
215,38,-294
225,41,-294
229,42,-294
230,39,-291
234,38,-289
247,42,-286
248,38,-281
251,24,-266
256,2,-256
247,0,-249
244,10,-244
241,18,-241
229,23,-238
223,27,-231
214,36,-220
206,45,-212
195,50,-206
180,52,-195
168,52,-186
153,52,-180
140,46,-171
131,40,-160
112,40,-157
91,40,-156
70,36,-149
48,29,-146
33,24,-133
22,23,-126
9,27,-120
2,24,-115
-2,26,-110
-14,27,-109
-24,28,-106
-33,23,-102
-40,23,-96
-43,24,-92
-41,28,-89
-43,23,-87
-43,23,-85
-41,27,-83
-39,27,-81
-39,29,-75
-38,31,-75
-36,32,-71
-37,34,-68
-43,37,-68
-50,39,-65
-54,38,-60
-58,40,-56
-63,46,-53
-64,51,-52
-63,56,-49
-69,57,-45
-72,52,-36
-66,54,-34
-77,58,-32
-84,63,-27
-87,64,-26
-94,65,-23
-98,68,-16
-103,70,-9
-108,69,-11
-114,72,-2
-118,73,4
-129,71,6
-134,68,10
-150,61,6
-174,55,2
-152,56,11
-155,55,16
-161,53,20
-167,51,20
-169,47,14
-180,40,16
-187,30,14
-183,28,17
-184,24,16
-185,15,13
-181,13,12
-190,19,11
-199,24,7
-201,31,3
-208,31,0
-213,28,3
-203,22,16
-204,21,16
-229,24,15
-234,21,10
-238,20,10
-247,17,14
-243,3,13
-251,-5,13
-259,3,15
-266,11,18
-267,13,22
-271,21,28
-274,24,30
-272,25,29
-274,19,28
-279,15,29
-279,15,30
-280,17,33
-285,17,40
-282,19,36
-284,21,39
-289,24,40
-293,31,43
-294,33,43
-295,30,40
-300,26,42
-301,23,41
-308,18,47
-310,19,58
-302,19,59
-306,20,52
-311,18,53
-313,13,51
-315,8,53
-318,6,54
-315,2,53
-314,0,54
-316,-3,58
-314,-6,58
-309,-8,60
-308,-13,57
-309,-19,56
-310,-21,57
-314,-19,58
-313,-22,56
-309,-24,55
-303,-27,54
-301,-25,56
-297,-25,59
-294,-24,60
-292,-25,62
-288,-26,68
-287,-31,66
-284,-35,62
-278,-39,61
-275,-41,59
-272,-41,58
-270,-43,58
-265,-42,58
-260,-43,56
-257,-47,54
-256,-46,54
-255,-47,50
-256,-48,49
-252,-49,45
-248,-53,43
-241,-57,45
-238,-58,41
-231,-63,41
-225,-63,45
-218,-64,45
-209,-62,43
-205,-63,46
-202,-66,44
-195,-68,42
-188,-68,43
-180,-67,43
-180,-69,39
-176,-70,38
-173,-71,34
-169,-70,37
-163,-69,40
-161,-68,37
-159,-69,37
-153,-71,41
-153,-73,43
-150,-81,46
-145,-86,48
-144,-90,48
-144,-95,53
-141,-98,58
-137,-101,59
-138,-108,63
-136,-110,65
-130,-107,67
-126,-107,66
-127,-107,66
-121,-108,67
-117,-111,70
-115,-108,69
-107,-100,70
-102,-97,73
-116,-103,77
-112,-112,77
-111,-116,80
-114,-118,82
-110,-121,89
-107,-121,93
-77,-145,99
-41,-165,103
-82,-145,104
-96,-128,107
-91,-120,111
-85,-114,111
-81,-110,115
-78,-106,119
-70,-104,120
-69,-99,124
-72,-96,124
-70,-91,124
-71,-86,124
-67,-88,118
-68,-86,116
-69,-82,119
-65,-79,112
-69,-79,108
-64,-72,108
-66,-68,106
-70,-67,106
-71,-65,104
-65,-63,99
-60,-58,97
-57,-57,95
-50,-59,94
-51,-53,91
-48,-49,95
-45,-53,98
-45,-52,100
-35,-49,107
-28,-42,109
-22,-33,114
-11,-28,119
8,-23,124
26,-22,127
45,-18,130
70,-15,134
90,-19,137
113,-24,140
127,-31,143
130,-22,150
135,-22,156
141,-19,159
154,-16,162
153,-16,172
151,-12,175
150,-9,183
149,-6,188
149,-6,189
143,-8,200
143,-11,209
134,-14,217
120,-12,220
115,-1,218
100,18,223
87,43,227
72,72,224
66,99,228
63,117,235
67,128,243
65,141,254
41,158,269
21,176,279
16,188,287
21,190,294
6,184,302
-18,174,303
-37,165,301
-53,152,300
-75,131,296
-95,109,288
-109,83,274
-131,64,263
-147,40,251
-150,20,238
-151,-1,227
-152,-15,219
-152,-29,208
-144,-44,198
-132,-51,192
-120,-58,190
-104,-66,186
-95,-78,186
-86,-89,185
-80,-95,188
-75,-101,194
-67,-109,198
-63,-107,205
-64,-105,218
-57,-98,225
-62,-94,231
-70,-84,237
-81,-76,240
-87,-68,244
-93,-58,248
-105,-56,251
-117,-52,250
-134,-54,247
-146,-60,238
-161,-64,231
-175,-61,223
-183,-68,216
-191,-77,205
-193,-87,194
-195,-93,182
-194,-100,171
-189,-109,161
-180,-121,154
-181,-122,150
-179,-116,150
-177,-108,153
-181,-103,161
-185,-100,168
-197,-97,180
-204,-103,189
-214,-117,190
-217,-137,190
-220,-158,190
-222,-175,190
-214,-183,187
-201,-193,180
-185,-201,171
-175,-205,167
-166,-207,161
-151,-208,155
-140,-207,149
-132,-206,143
-125,-201,137
-117,-189,130
-114,-178,124
-106,-171,119
-106,-164,113
-105,-152,108
-107,-140,106
-109,-129,107
-109,-120,103
-111,-109,98
-115,-98,94
-122,-80,92
-121,-69,89
-122,-66,87
-120,-68,79
-119,-69,78
-114,-69,74
-115,-73,70
-110,-75,65
-108,-77,60
-104,-73,57
-98,-70,54
-97,-70,51
-98,-66,51
-96,-64,48
-84,-64,46
-77,-66,46
-74,-66,48
-71,-69,47
-66,-68,44
-58,-64,45
-52,-62,46
-52,-58,44
-51,-57,41
-52,-55,41
-50,-45,41
-46,-37,42
-47,-31,44
-54,-24,47
-59,-15,45
-62,-10,47
-67,-7,51
-70,-6,48
-70,-7,50
-65,-6,53
-63,-6,55
-63,-5,59
-56,-3,63
-46,-2,65
-31,-1,69
-24,-5,66
-14,-10,66
-2,-12,63
13,-14,56
36,-16,50
60,-15,42
82,-19,38
108,-23,32
130,-24,25
151,-27,16
158,-27,9
172,-28,6
182,-32,8
190,-33,5
195,-31,8
204,-31,7
206,-34,5
207,-39,2
210,-42,-4
214,-44,-9
223,-41,-12
230,-42,-18
235,-44,-26
238,-41,-31
235,-37,-33
237,-35,-39
231,-36,-42
227,-37,-44
214,-36,-45
199,-36,-45
180,-38,-48
164,-38,-49
150,-43,-50
139,-44,-51
128,-44,-49
119,-43,-49
113,-42,-49
115,-41,-49
114,-41,-48
113,-47,-50
109,-50,-48
104,-50,-47
103,-48,-47
100,-43,-49
102,-43,-51
99,-44,-54
88,-40,-54
86,-36,-61
92,-34,-70
89,-28,-70
88,-24,-72
89,-19,-76
89,-16,-81
83,-9,-81
81,-1,-82
81,8,-89
76,17,-90
75,32,-90
71,53,-96
66,62,-102
67,72,-101
72,88,-102
73,107,-103
82,126,-102
88,147,-100
92,167,-98
101,181,-100
103,195,-97
105,213,-98
110,230,-97
111,243,-100
117,255,-102
130,275,-106
145,289,-111
157,304,-114
178,320,-121
190,329,-126
198,348,-128
207,377,-124
225,402,-130
245,429,-140
268,453,-139
288,477,-131
307,488,-129
322,503,-126
333,519,-121
341,530,-120
351,542,-120
363,557,-106
372,568,-79
374,571,-50
352,552,-20
319,515,2
289,463,6
264,409,7
239,365,1
208,333,-17
177,292,-35
151,246,-42
133,196,-48
122,157,-54
96,137,-57
50,136,-63
9,153,-64
-23,178,-68
-40,197,-68
-46,212,-64
-56,225,-57
-69,242,-53
-92,266,-48
-108,291,-46
-118,311,-42
-113,321,-40
-115,322,-41
-115,325,-44
-117,319,-45
-112,321,-48
-112,327,-53
-110,330,-64
-102,337,-79
-90,345,-91
-86,352,-106
-79,352,-126
-78,347,-138
-82,345,-151
-86,333,-160
-91,314,-167
-97,284,-178
-93,256,-184
-84,231,-185
-65,200,-185
-49,164,-176
-35,140,-169
-22,117,-156
-10,95,-134
10,83,-112
20,69,-91
22,42,-79
16,9,-63
21,-25,-48
27,-33,-21
54,-21,14
93,-18,41
77,-35,65
58,-56,74
58,-76,86
50,-100,103
33,-122,118
8,-144,133
-43,-166,146
-100,-184,145
-166,-207,152
-240,-235,159
-319,-241,157
-409,-219,145
-480,-184,127
-529,-156,108
-578,-135,90
-637,-105,63
-669,-39,10
-693,9,-47
-721,36,-103
-758,49,-159
-783,51,-213
-804,62,-266
-830,98,-305
-847,140,-330
-850,184,-353
-847,218,-367
-838,219,-383
-827,210,-390
-800,195,-397
-790,172,-402
-780,159,-412
-766,160,-424
-756,178,-429
-763,183,-433
-777,170,-440
-780,151,-450
-776,117,-453
-761,76,-449
-757,44,-447
-753,28,-445
-761,14,-439
-776,-4,-425
-782,-31,-395
-782,-74,-359
-774,-132,-313
-743,-223,-259
-725,-321,-207
-715,-413,-163
-722,-469,-161
-737,-470,-173
-773,-436,-170
-806,-383,-158
-830,-322,-139
-868,-260,-111
-921,-207,-92
-971,-168,-72
-1029,-143,-50
-1044,-142,-31
-997,-185,6
-984,-269,57
-955,-355,97
-933,-446,126
-925,-542,147
-907,-636,188
-851,-685,229
-736,-653,240
-622,-545,237
-576,-385,229
-696,-246,194
-869,-121,160
-1041,62,164
-1190,200,191
-1274,308,155
-1257,418,110
-1104,510,107
-1043,592,184
-921,696,204
-723,793,182
-534,863,184
-480,883,222
-479,871,223
-428,829,190
-362,754,188
-334,655,199
-417,597,188
-542,615,186
-553,681,149
-451,724,66
-264,684,-25
-122,573,-70
-97,443,-102
-145,270,-119
-245,73,-143
-359,-115,-150
-481,-285,-143
-546,-404,-145
-705,-453,-124
-935,-500,-122
-989,-517,-136
-1059,-453,-131
-1174,-388,-137
-1236,-313,-138
-1323,-183,-127
-1360,-1,-139
-1374,157,-133
-1348,253,-120
-1294,289,-100
-1240,276,-74
-1215,227,-47
-1208,169,-39
-1210,108,-34
-1203,54,-18
-1196,20,-1
-1190,7,11
-1180,5,35
-1164,15,62
-1144,37,85
-1129,64,107
-1117,80,131
-1114,70,148
-1147,69,162
-1191,105,160
-1223,180,164
-1240,253,189
-1236,296,212
-1199,347,228
-1128,413,245
-1070,454,273
-1052,451,297
-1035,427,317
-1020,388,334
-1022,346,350
-1026,298,365
-1042,224,390
-1056,118,427
-1026,34,452
-995,-14,463
-1006,1,475
-1044,69,467
-1085,117,412
-1127,92,364
-1157,2,358
-1118,-104,344
-1024,-176,341
-973,-223,332
-943,-266,311
-925,-301,304
-946,-313,314
-1001,-254,310
-1016,-126,298
-1000,0,306
-1005,84,324
-961,76,309
-954,58,311
-958,55,314
-932,43,307
-893,34,301
-897,31,293
-905,26,289
-897,8,289
-894,-14,289
-896,-24,292
-912,-31,299
-935,-45,307
-964,-66,316
-990,-82,315
-1005,-94,314
-1008,-95,318
-999,-92,323
-979,-78,331
-958,-72,333
-932,-92,342
-902,-138,355
-890,-161,359
-919,-152,344
-972,-137,315
-1017,-137,301
-1008,-145,291
-980,-137,281
-984,-105,280
-1018,-84,286
-1067,-86,284
-1115,-94,286
-1150,-109,292
-1176,-125,297
-1198,-131,290
-1222,-126,288
-1258,-131,277
-1313,-153,260
-1372,-183,237
-1434,-203,214
-1469,-209,190
-1481,-189,158
-1484,-156,126
-1469,-137,88
-1436,-128,37
-1375,-115,-16
-1314,-113,-51
-1280,-126,-89
-1271,-140,-115
-1267,-168,-135
-1273,-190,-144
-1275,-204,-141
-1279,-210,-131
-1289,-217,-116
-1306,-218,-100
-1325,-227,-77
-1342,-243,-54
-1353,-263,-33
-1366,-284,-6
-1386,-314,21
-1402,-352,42
-1415,-386,67
-1428,-410,84
-1427,-422,93
-1425,-420,96
-1416,-406,103
-1420,-376,98
-1423,-337,94
-1419,-303,87
-1413,-274,83
-1403,-251,78
-1393,-233,73
-1396,-214,68
-1409,-201,58
-1426,-187,48
-1447,-176,34
-1474,-164,26
-1494,-154,14
-1512,-146,2
-1538,-138,-7
-1563,-132,-10
-1580,-130,-14
-1600,-129,-16
-1621,-128,-16
-1642,-128,-14
-1662,-135,-10
-1681,-138,-9
-1691,-139,-5
-1691,-143,-2
-1677,-147,8
-1662,-145,24
-1637,-139,36
-1608,-129,49
-1583,-123,56
-1555,-121,64
-1520,-116,69
-1485,-105,70
-1444,-101,73
-1400,-99,70
-1351,-91,64
-1309,-83,62
-1260,-77,59
-1218,-73,52
-1183,-70,43
-1162,-71,26
-1145,-71,15
-1131,-76,5
-1122,-81,-9
-1115,-86,-23
-1104,-92,-37
-1111,-99,-42
-1117,-110,-50
-1121,-124,-56
-1136,-131,-63
-1145,-144,-62
-1137,-185,-56
-1155,-229,-65
-1167,-238,-66
-1172,-235,-62
-1183,-240,-59
-1193,-244,-63
-1194,-246,-60
-1193,-251,-58
-1191,-258,-55
-1189,-266,-55
-1181,-271,-59
-1165,-269,-65
-1145,-264,-72
-1133,-255,-77
-1116,-242,-81
-1094,-221,-81
-1083,-200,-81
-1072,-180,-81
-1064,-168,-83
-1058,-155,-80
-1054,-144,-77
-1051,-130,-77
-1045,-116,-76
-1040,-108,-76
-1037,-98,-73
-1036,-87,-71
-1036,-75,-66
-1032,-65,-64
-1033,-54,-61
-1033,-45,-61
-1026,-35,-59
-1014,-22,-57
-1002,-10,-56
-987,6,-55
-961,23,-52
-939,47,-49
-919,66,-47
-892,86,-46
-866,107,-46
-835,127,-46
-803,142,-47
-769,165,-52
-732,189,-55
-698,208,-56
-680,228,-57
-652,241,-57
-617,241,-67
-599,234,-80
-579,242,-87
-551,257,-90
-520,265,-97
-482,268,-102
-447,272,-112
-413,283,-117
-370,299,-119
-325,314,-115
-280,335,-115
-243,355,-114
-211,365,-112
-188,369,-109
-167,373,-109
-144,379,-108
-119,374,-98
-104,363,-93
-93,353,-83
-85,337,-75
-79,323,-67
-71,287,-55
-59,233,-45
-37,185,-35
-11,142,-30
9,120,-32
27,112,-38
45,125,-39
65,138,-45
80,139,-52
95,135,-58
99,143,-74
103,151,-96
106,160,-116
118,167,-135
142,169,-161
172,179,-179
197,198,-191
210,218,-204
228,249,-214
238,277,-215
247,301,-220
242,317,-218
223,332,-216
214,351,-208
207,368,-203
209,375,-192
200,375,-179
186,369,-169
181,356,-167
183,339,-165
188,324,-158
196,316,-158
211,315,-159
207,310,-158
202,299,-161
185,289,-166
160,274,-163
140,258,-163
118,241,-166
107,226,-168
99,220,-174
97,217,-174
95,209,-177
87,196,-189
69,184,-210
52,176,-232
30,166,-250
6,145,-268
-27,116,-282
-48,90,-298
-68,59,-316
-91,27,-326
-106,2,-335
-132,-20,-331
-153,-32,-319
-166,-28,-308
-191,-16,-298
-220,-5,-285
-256,7,-271
-288,14,-259
-320,10,-254
-348,-1,-245
-372,-8,-232
-397,-9,-224
-427,-8,-223
-449,-2,-221
-472,9,-217
-492,27,-220
-506,47,-220
-525,68,-220
-550,88,-218
-575,105,-219
-603,119,-216
-623,127,-216
-651,134,-215
-673,135,-216
-697,134,-219
-708,132,-225
-716,130,-232
-716,127,-240
-715,120,-244
-720,112,-247
-719,109,-246
-723,114,-248
-732,116,-246
-746,121,-239
-764,122,-232
-780,121,-221
-789,120,-207
-789,120,-192
-788,118,-174
-785,117,-158
-778,113,-137
-768,110,-123
-758,107,-111
-754,106,-97
-748,102,-87
-739,105,-81
-735,108,-81
-728,113,-83
-726,117,-78
-731,122,-73
-736,127,-72
-751,120,-68
-753,109,-63
-759,103,-58
-768,94,-53
-781,86,-46
-794,78,-41
-807,73,-39
-817,65,-41
-823,51,-42
-823,45,-40
-824,43,-38
-821,41,-41
-818,38,-43
-816,37,-41
-809,39,-35
-804,44,-30
-797,49,-23
-790,51,-14
-787,53,-5
-786,59,6
-792,72,15
-803,77,12
-807,91,5
-799,97,9
-804,101,12
-808,104,12
-802,109,14
-802,113,10
-797,113,13
-794,115,16
-790,120,21
-787,122,22
-782,120,23
-769,123,27
-763,122,32
-755,122,36
-750,119,38
-745,119,46
-733,120,52
-728,119,56
-711,110,67
-691,109,70
-682,104,72
-666,100,75
-653,94,86
-631,93,88
-620,94,88
-613,93,92
-600,91,99
-594,92,106
-584,92,117
-573,94,125
-561,89,131
-544,81,138
-527,73,141
-514,68,140
-498,57,141
-484,50,147
-479,45,155
-479,42,155
-475,36,159
-477,32,161
-473,28,157
-474,23,159
-464,13,159
-450,7,155
-447,5,156
-435,4,156
-424,-2,164
-411,-5,167
-406,-7,174
-402,-11,181
-403,-14,183
-398,-16,186
-394,-15,190
-390,-12,193
-387,-11,198
-386,-12,197
-380,-8,201
-375,-5,206
-370,-5,214
-363,-3,222
-357,-1,231
-355,6,238
-347,10,242
-343,6,248
-342,4,256
-338,2,264
-338,-4,271
-347,-12,278
-360,-18,286
-365,-27,293
-363,-41,301
-366,-52,308
-369,-61,315
-376,-64,317
-384,-62,320
-388,-62,326
-392,-58,334
-400,-56,342
-403,-56,348
-412,-62,358
-421,-63,370
-423,-72,380
-432,-82,388
-442,-92,399
-442,-103,405
-438,-115,411
-431,-124,416
-422,-134,420
-416,-145,426
-416,-154,433
-413,-166,439
-416,-174,442
-429,-179,444
-445,-185,449
-462,-183,451
-484,-168,460
-507,-156,472
-527,-146,481
-548,-137,487
-568,-126,490
-581,-117,492
-596,-106,497
-613,-88,496
-625,-70,497
-638,-50,500
-650,-31,508
-652,-9,521
-671,8,538
-685,36,557
-696,60,579
-687,91,597
-664,127,619
-639,167,641
-615,194,665
-594,212,686
-568,216,697
-547,212,705
-523,191,706
-494,169,701
-455,147,690
-415,125,677
-380,97,664
-351,55,653
-331,8,638
-313,-25,628
-304,-49,616
-313,-69,601
-317,-87,571
-314,-101,544
-319,-101,519
-333,-88,495
-361,-71,470
-399,-51,443
-436,-24,414
-472,-6,387
-501,11,354
-524,10,326
-555,-9,310
-590,-35,299
-615,-60,300
-633,-88,312
-654,-122,330
-674,-170,351
-674,-218,387
-639,-260,422
-577,-288,454
-517,-322,493
-467,-360,531
-416,-403,571
-383,-441,608
-403,-462,634
-408,-451,662
-290,-419,717
-114,-385,837
-123,-418,978
-231,-467,1047
-217,-498,1096
-130,-491,1147
9,-441,1181
239,-351,1237
393,-281,1265
411,-316,1281
407,-471,1300
362,-649,1297
131,-816,1125
-60,-951,899
-198,-1012,698
-208,-1040,529
-253,-1112,350
-347,-1209,162
-386,-1301,-2
-473,-1360,-141
-684,-1390,-233
-783,-1420,-290
-712,-1534,-269
-700,-1702,-247
-694,-1830,-207
-697,-1960,-122
-704,-2071,-56
-755,-2131,-1
-750,-2133,59
-792,-2123,92
-797,-2136,108
-716,-2150,102
-635,-2175,60
-638,-2174,-43
-680,-2111,-137
-641,-2013,-159
-515,-1932,-167
-292,-1855,-181
-186,-1801,-164
-192,-1741,-139
-134,-1650,-133
-50,-1539,-108
94,-1422,-81
297,-1301,-59
491,-1216,-45
724,-1156,-31
965,-1117,0
1193,-1096,47
1475,-1053,64
1809,-917,50
1962,-660,51
1644,-421,142
1348,-237,268
1297,-78,328
1341,113,317
1471,425,226
2259,976,61
3892,1720,-28
4538,2323,-60
4474,2608,79
3008,2328,252
1518,1828,268
468,1397,139
2,1118,-3
-23,995,-46
33,930,-22
69,895,27
98,930,38
86,1016,-22
37,1119,-117
-2,1227,-216
-45,1360,-298
-125,1465,-351
-229,1452,-365
-327,1405,-394
-381,1391,-429
-362,1270,-396
-280,1056,-349
-200,894,-351
-165,831,-392
-136,837,-430
-84,860,-458
-51,887,-486
-71,911,-518
-94,914,-538
-82,900,-548
-49,856,-548
19,759,-544
92,613,-532
141,435,-490
176,241,-439
208,54,-397
241,-95,-354
258,-205,-317
227,-301,-295
226,-363,-295
268,-368,-314
294,-347,-340
293,-312,-361
278,-284,-391
247,-274,-417
197,-284,-448
147,-310,-475
122,-340,-491
117,-360,-481
139,-372,-466
137,-410,-457
126,-452,-463
121,-475,-474
125,-476,-488
124,-455,-501
132,-402,-510
167,-331,-514
203,-259,-518
251,-184,-529
320,-126,-553
378,-84,-565
457,-46,-573
562,-37,-577
666,-73,-584
747,-135,-593
837,-205,-598
919,-261,-581
959,-283,-550
964,-279,-519
956,-256,-482
928,-221,-446
909,-225,-415
911,-282,-375
953,-355,-334
994,-446,-285
1024,-529,-225
1026,-591,-170
979,-634,-136
912,-639,-109
855,-586,-77
846,-500,-41
846,-435,-7
829,-413,12
782,-416,-9
715,-455,-43
653,-510,-76
534,-590,-163
449,-688,-256
425,-760,-314
434,-824,-346
471,-886,-348
495,-945,-324
514,-996,-303
508,-1005,-294
487,-949,-292
474,-859,-295
475,-770,-312
460,-691,-358
410,-644,-436
352,-659,-521
297,-697,-588
245,-742,-610
174,-806,-597
122,-867,-571
72,-924,-541
-41,-922,-528
-212,-872,-519
-265,-794,-547
-247,-725,-548
-239,-690,-530
-190,-674,-525
-120,-642,-511
-151,-621,-465
-265,-595,-440
-417,-537,-440
-536,-452,-449
-568,-422,-450
-524,-455,-450
-500,-517,-463
-499,-594,-497
-378,-638,-507
-336,-646,-477
-294,-635,-489
-287,-637,-486
-309,-646,-491
-300,-646,-495
-292,-634,-462
-310,-601,-418
-352,-594,-392
-348,-624,-395
-278,-679,-405
-234,-722,-393
-223,-708,-363
-209,-655,-341
-200,-610,-337
-210,-596,-342
-228,-591,-346
-221,-594,-360
-222,-604,-379
-222,-622,-387
-220,-641,-393
-233,-681,-396
-253,-726,-410
-260,-771,-420
-255,-815,-420
-243,-847,-411
-247,-866,-403
-233,-871,-396
-204,-875,-380
-179,-883,-356
-163,-903,-335
-141,-923,-314
-119,-955,-291
-101,-974,-262
-88,-975,-242
-55,-954,-222
-38,-926,-197
-32,-906,-180
-22,-895,-167
0,-892,-159
17,-902,-151
41,-912,-144
46,-942,-143
52,-969,-161
67,-971,-179
67,-975,-196
57,-987,-216
56,-977,-230
46,-955,-243
42,-934,-237
36,-930,-228
55,-936,-218
86,-957,-196
136,-978,-160
201,-996,-133
233,-978,-124
196,-921,-119
159,-837,-124
96,-763,-125
31,-711,-136
29,-665,-148
56,-663,-171
82,-694,-184
73,-711,-170
37,-692,-150
-12,-643,-116
-34,-562,-72
33,-385,-5
102,-177,62
42,-63,96
-26,26,126
12,162,121
-3,167,47
124,259,48
363,384,64
459,297,39
389,37,-52
370,-101,-96
430,-138,-107
410,-235,-143
254,-413,-182
253,-434,-199
302,-402,-193
372,-326,-154
434,-318,-166
376,-366,-189
287,-389,-208
266,-317,-210
232,-220,-176
277,-28,-150
308,7,-140
284,-86,-180
232,-252,-223
210,-338,-221
262,-304,-219
280,-241,-200
271,-131,-178
276,-44,-190
316,-29,-235
337,-120,-265
334,-217,-288
298,-280,-312
256,-271,-356
232,-212,-392
196,-167,-394
222,-173,-394
199,-176,-407
178,-149,-431
105,-107,-458
70,-101,-480
125,-180,-502
175,-300,-530
111,-291,-581
133,-268,-629
189,-293,-622
127,-260,-629
48,-204,-653
-92,-145,-672
-316,-74,-698
-595,10,-747
-709,75,-832
-418,-83,-861
-251,-206,-803
-210,-162,-882
-595,56,-835
-1608,675,-753
-2087,910,-824
-1959,554,-911
-1326,-118,-962
-534,-810,-948
-53,-1286,-903
-19,-1443,-892
-282,-1343,-936
-664,-1090,-1019
-976,-776,-1121
-1085,-474,-1200
-993,-197,-1231
-823,20,-1249
-673,189,-1275
-587,306,-1307
-519,391,-1343
-445,467,-1360
-333,509,-1376
-217,473,-1382
-95,377,-1376
23,249,-1372
130,106,-1372
258,-40,-1384
455,-183,-1372
706,-307,-1362
926,-398,-1366
1084,-432,-1376
1192,-397,-1395
1285,-305,-1419
1378,-163,-1447
1485,-8,-1474
1614,141,-1509
1742,247,-1561
1853,290,-1641
1939,281,-1718
2032,242,-1781
2145,204,-1828
2278,197,-1864
2412,232,-1908
2535,303,-1942
2661,403,-1961
2781,534,-1990
2841,665,-2030
2907,778,-2065
2966,867,-2082
3011,946,-2070
3058,1004,-2036
3066,1038,-2004
3036,1079,-1986
2968,1165,-1959
2911,1332,-1908
2922,1567,-1845
2973,1832,-1784
3015,2077,-1742
3007,2289,-1722
2951,2463,-1741
2866,2566,-1791
2809,2596,-1849
2818,2551,-1900
2922,2440,-1928
3106,2269,-1926
3338,2033,-1886
3542,1739,-1814
3573,1348,-1736
3474,893,-1671
3397,461,-1601
3340,73,-1512
3236,-276,-1403
3062,-598,-1294
2858,-848,-1186
2621,-1017,-1075
2340,-1086,-943
2022,-1024,-807
1710,-846,-697
1431,-586,-618
1236,-286,-560
1169,1,-529
1234,254,-534
1382,466,-553
1529,645,-577
1668,802,-611
1815,952,-656
1956,1087,-706
2093,1198,-759
2196,1293,-801
2229,1363,-835
2177,1400,-873
2032,1391,-910
1821,1318,-941
1597,1180,-958
1440,979,-960
1377,718,-942
1415,426,-898
1514,121,-845
1628,-159,-785
1725,-411,-736
1781,-630,-665
1608,-816,161
1336,-548,1285
1384,189,1324
1697,1052,666
2083,1799,69
2262,2343,-226
2171,2703,-393
1956,2906,-533
1777,2969,-636
1670,2893,-662
1595,2677,-637
1520,2329,-600
1441,1883,-568
1399,1415,-567
1398,980,-649
1406,618,-781
1432,361,-911
1469,212,-983
1572,175,-1055
1731,230,-1125
1912,336,-1159
2162,469,-1220
2385,584,-1218
2634,669,-1230
2926,689,-1227
3179,622,-1237
3388,497,-1215
3531,340,-1083
3637,193,-915
3681,98,-723
3657,93,-566
3573,157,-457
3455,268,-387
3309,377,-352
3126,445,-340
2881,446,-349
2617,379,-366
2377,233,-363
2206,32,-353
2091,-202,-334
1977,-479,-303
1828,-758,-262
1645,-1007,-249
1409,-1203,-278
1087,-1365,-342
501,-1600,-527
-285,-2036,-916
2782,2880,-5301
4065,9521,-11223
187,7145,-9636
4270,3130,-6330
4665,-2745,-2348
4270,-1862,-1371
4094,-593,-323
3087,295,335
-271,797,756
-2840,1525,1475
-2829,2284,2031
-1493,2006,1854
-190,1579,1207
313,990,792
90,720,586
-417,471,601
-1011,543,474
-1635,316,437
-2357,111,330
-3079,26,223
-3456,-142,319
-3424,-452,592
-2958,-669,743
-2152,-713,649
-1332,-640,310
-618,-505,-126
-229,-378,-436
-153,-297,-477
-183,-255,-432
-201,-273,-459
-206,-348,-527
-213,-439,-557
-203,-512,-557
-170,-578,-571
-126,-638,-600
-68,-693,-614
15,-728,-606
92,-775,-612
167,-821,-632
245,-840,-633
307,-842,-617
361,-836,-587
427,-803,-519
538,-759,-425
651,-707,-290
717,-665,-156
709,-632,-49
670,-568,62
600,-434,179
435,-303,228
215,-186,222
-7,-90,172
-257,-36,57
-466,26,-57
-591,122,-146
-666,231,-200
-630,344,-207
-554,397,-230
-434,374,-280
-291,323,-274
-180,249,-259
-47,165,-246
59,123,-179
116,53,-155
102,-70,-164
47,-231,-181
-12,-360,-158
-62,-469,-148
-92,-568,-156
-104,-632,-150
-111,-635,-111
-118,-573,-57
-121,-471,-11
-120,-357,37
-107,-227,80
-89,-85,129
-80,56,176
-85,192,223
-105,300,261
-147,370,290
-204,409,304
-300,430,313
-427,431,312
-523,430,306
-561,428,309
-554,423,316
-530,412,317
-514,401,326
-511,388,338
-513,372,356
-518,355,372
-508,335,388
-483,314,411
-450,292,424
-435,255,434
-439,211,439
-447,169,440
-449,130,437
-441,84,431
-421,34,425
-402,-9,420
-372,-47,414
-349,-78,406
-327,-104,397
-313,-124,389
-301,-131,374
-304,-133,360
-319,-126,337
-351,-111,313
-392,-89,291
-428,-61,260
-467,-26,233
-492,9,205
-495,46,182
-487,79,161
-468,111,147
-451,136,139
-428,155,125
-401,169,117
-366,177,123
-333,176,129
-289,163,127
-245,129,122
-201,86,113
-157,34,108
-126,-12,99
-101,-42,88
-84,-57,77
-63,-63,63
-43,-57,50
-36,-43,38
-32,-28,25
-38,-14,15
-48,0,7
-60,21,-3
-70,51,-15
-79,87,-23
-94,126,-32
-109,174,-42
-130,233,-50
-170,298,-58
-217,353,-74
-264,390,-99
-305,418,-113
-334,433,-120
-374,422,-134
-483,395,-156
-662,370,-177
-863,359,-207
-1045,348,-242
-1205,329,-269
-1331,311,-277
-1401,300,-273
-1435,294,-262
-1421,297,-239
-1333,308,-208
-1157,323,-177
-893,326,-136
-594,309,-94
-360,251,-64
-282,151,-50
-342,28,-53
-467,-95,-76
-637,-212,-118
-811,-321,-166
-969,-394,-200
-1068,-420,-212
-1086,-411,-214
-1058,-380,-217
-1047,-331,-209
-1074,-267,-208
-1126,-188,-203
-1168,-115,-196
-1179,-58,-180
-1134,-15,-156
-1028,19,-126
-878,44,-102
-706,61,-81
-528,64,-63
-363,45,-46
-216,23,-26
-88,-8,-6
14,-42,7
98,-85,22
161,-133,31
193,-184,38
145,-283,7
153,-373,-47
292,-373,-50
418,-371,-4
454,-400,41
400,-448,60
227,-509,80
-3,-546,74
-216,-551,23
-423,-544,-42
-566,-526,-101
-595,-482,-130
-606,-446,-109
-611,-397,-76
-628,-346,-55
-695,-322,-36
-706,-290,-31
-547,-229,-39
-434,-195,11
-413,-194,67
-252,-174,47
-101,-146,43
-89,-137,71
54,-88,49
266,-27,49
317,-12,99
270,-15,128
175,-43,114
84,-80,86
66,-102,72
51,-133,84
-6,-191,107
-73,-261,122
-137,-330,127
-171,-444,67
-127,-508,21
-120,-490,91
-116,-428,146
-57,-318,74
397,-125,-5
756,79,52
975,281,155
971,394,190
822,421,196
718,420,206
666,391,211
626,341,211
607,294,213
599,264,214
583,258,214
573,252,207
569,232,195
580,220,188
589,214,185
582,221,188
554,229,188
513,233,190
481,239,197
447,243,207
411,261,218
368,298,224
322,314,219
305,300,206
300,282,202
302,260,200
310,229,195
314,185,185
331,131,170
352,60,163
371,3,163
389,-27,165
386,-38,164
367,-37,165
349,-25,167
321,6,164
291,54,157
256,113,151
225,179,142
181,251,129
138,322,109
103,381,87
88,423,62
82,443,47
69,448,36
60,461,29
45,470,16
36,471,7
38,463,4
48,453,10
64,437,13
75,413,24
84,383,45
75,361,58
44,344,68
12,330,76
-20,326,84
-44,320,92
-68,315,98
-77,305,88
-73,288,81
-72,271,82
-74,245,80
-68,215,82
-68,181,87
-76,141,95
-84,105,98
-96,69,99
-118,37,99
-139,11,97
-152,-16,92
-154,-33,83
-154,-49,79
-150,-64,77
-139,-74,70
-123,-88,66
-110,-101,58
-96,-102,47
-86,-87,36
-83,-57,27
-67,-18,24
-40,15,23
-9,65,13
8,117,18
44,136,37
71,112,52
76,82,46
77,41,53
119,-68,81
175,-202,69
169,-273,67
158,-332,100
173,-362,100
153,-390,131
179,-463,188
226,-594,233
257,-675,212
215,-669,200
191,-646,217
219,-659,256
277,-779,309
337,-863,241
262,-912,229
227,-1011,269
256,-1102,235
209,-1129,194
87,-1102,181
-5,-1058,191
-12,-1006,179
-21,-913,159
-50,-801,168
-45,-673,178
-14,-536,183
-20,-426,203
-26,-328,207
-32,-237,206
-46,-162,218
-45,-116,215
-64,-80,205
-110,-52,197
-181,-53,224
-219,-72,235
-235,-70,217
-241,-44,213
-230,-25,230
-215,-35,263
-207,-76,298
-225,-120,315
-260,-155,329
-296,-196,327
-423,-271,329
-618,-354,317
-865,-424,294
-893,-421,292
-521,-362,316
-118,-339,376
-23,-343,447
-65,-339,467
-192,-335,441
-265,-292,387
-370,-238,363
-606,-170,336
-748,-70,265
-763,26,241
-1075,55,323
-1415,79,365
-1351,126,355
-915,145,364
-419,106,406
-252,86,382
-201,56,320
-243,-25,335
-416,-125,408
-723,-241,460
-1265,-351,493
-2063,-340,538
-2224,-103,341
-1030,84,103
-679,-36,279
-1231,-200,400
-1723,-140,333
-2088,20,228
-1290,130,88
-736,67,252
-1113,-81,389
-2077,16,403
-2842,230,232
-1515,370,19
-1045,270,290
-1634,198,480
-2336,301,317
-1595,180,60
-804,-78,223
-810,-214,437
-1371,-131,444
-1927,-70,286
-1257,-162,89
-688,-274,212
-756,-250,365
-1487,-31,388
-2445,231,280
-1654,72,-105
-319,-80,-53
70,-162,249
-368,-106,379
-1081,33,295
-1793,198,253
-2720,432,273
-3120,622,96
-2273,585,-17
-2162,555,203
-1629,630,217
-750,624,68
-205,498,192
-273,388,391
-745,363,458
-1453,372,390
-1649,372,142
-930,275,-11
-342,126,145
-255,42,306
-652,85,347
-1260,232,301
-1970,391,209
-1955,516,-67
-1184,477,-157
-525,344,13
-467,301,162
-754,379,161
-1392,431,139
-2031,454,55
-1851,421,-198
-674,288,-341
48,19,-188
56,-165,-50
-276,-207,-72
-710,-198,-139
-999,-193,-185
-1042,-202,-192
-894,-202,-188
-644,-180,-180
-433,-142,-146
-323,-92,-118
-304,-32,-104
-294,28,-110
-265,89,-104
-205,130,-90
-127,140,-79
-56,133,-71
15,109,-68
79,67,-60
137,8,-56
199,-59,-53
242,-128,-53
262,-200,-50
279,-271,-47
282,-336,-38
274,-376,-20
260,-389,1
235,-374,20
214,-327,36
180,-251,41
147,-155,35
120,-68,21
98,8,13
73,72,12
46,126,5
15,164,-5
-24,188,-7
-65,214,-18
-106,229,-22
-157,234,-19
-207,234,-5
-264,252,14
-307,287,26
-341,320,34
-375,354,39
-424,399,40
-481,450,32
-531,490,22
-553,507,9
-580,504,13
-650,492,11
-710,461,-11
-691,395,-42
-459,295,-95
-90,159,-113
126,23,-86
161,-39,-81
97,-37,-93
20,-11,-113
-21,18,-129
-34,38,-136
-23,49,-142
5,60,-143
32,80,-139
32,99,-134
12,120,-129
-19,143,-131
-51,156,-129
-77,166,-120
-91,172,-109
-101,182,-95
-109,190,-84
-121,191,-71
-134,197,-61
-132,200,-56
-128,197,-49
-121,194,-42
-103,192,-35
-90,196,-28
-84,199,-23
-74,195,-12
-61,190,-2
-49,174,3
-56,157,15
-63,145,29
-68,130,46
-67,108,66
-71,89,82
-76,76,101
-82,69,114
-88,61,120
-89,55,120
-92,58,117
-88,76,107
-76,102,93
-52,128,70
-16,148,40
19,141,8
46,109,-22
77,66,-39
94,22,-50
104,-7,-57
108,-19,-61
113,-33,-66
115,-36,-73
106,-10,-80
81,27,-77
52,61,-78
15,102,-92
-36,161,-100
-79,224,-100
-105,282,-98
-124,347,-93
-151,403,-82
-169,428,-74
-182,448,-69
-198,453,-50
-208,413,-42
-206,354,-41
-210,263,-24
-198,181,-16
-197,117,-6
-209,42,-4
-228,-28,-8
-226,-67,14
-178,-63,23
-142,-38,38
-121,-13,52
-109,11,57
-91,55,76
-46,118,87
-7,190,89
10,254,98
23,289,104
23,299,98
10,293,96
2,290,104
9,289,118
17,302,123
15,307,125
8,299,124
-3,281,121
0,264,110
20,256,99
33,244,93
69,234,83
124,219,70
176,184,53
187,136,38
174,85,18
192,50,-11
100,0,-33
-203,-87,-44
-592,-139,-58
-1057,-140,-79
-1402,-85,-135
-1031,-22,-266
-55,-9,-277
370,-124,-195
192,-227,-98
-495,-253,-24
-1576,-117,6
-2389,109,-183
-2090,220,-378
-1727,104,-276
-1379,11,-219
-393,-4,-282
134,-153,-180
-24,-290,-30
-923,-233,70
-1821,-33,-97
-1233,136,-369
-576,7,-265
-447,-157,12
-1328,-144,171
-1663,-15,-147
-744,16,-333
-390,-230,-136
-667,-341,73
-1348,-251,25
-1018,-121,-295
-312,-217,-329
-181,-434,-146
-604,-450,79
-1481,-270,169
-2021,-21,-68
-1123,103,-441
-207,-131,-401
96,-417,-132
11,-526,8
-340,-448,96
-1023,-245,196
-1892,-5,257
-2637,204,55
-1661,213,-445
-633,-115,-391
-195,-414,-12
-293,-457,265
-1057,-302,416
-2065,-57,362
-2081,114,-77
-893,27,-276
-131,-250,-41
54,-365,232
-235,-319,322
-751,-175,309
-1494,-37,381
-2309,93,386
-2420,206,158
-1305,130,-78
-389,-117,116
-80,-235,401
-236,-180,493
-634,-68,444
-1006,79,399
-1344,252,464
-1642,379,516
-1671,500,542
-1485,691,638
-1345,923,745
-1549,1140,872
-1449,1579,949
-747,2063,770
-112,1946,607
228,1186,535
535,738,537
750,569,504
765,411,478
577,143,420
262,-173,318
70,-306,237
46,-364,216
90,-354,230
58,-312,257
68,-241,259
44,-119,267
14,-18,272
61,-57,281
112,-183,278
128,-314,263
74,-416,257
2,-508,244
-102,-568,226
-255,-504,216
-411,-330,223
-403,-235,242
-388,-76,263
-928,668,307
-2492,2226,543
-3708,3231,881
-4066,3475,945
-3632,3144,763
-2734,2461,602
-1538,1630,519
-336,814,521
531,144,564
872,-366,609
730,-734,628
279,-941,619
-279,-984,596
-779,-892,585
-1062,-724,604
-1069,-524,635
-885,-323,671
-633,-140,697
-421,19,708
-306,144,711
-304,232,707
-379,277,694
-483,286,680
-556,263,666
-571,232,658
-535,198,652
-468,175,643
-400,164,633
-348,153,622
-311,138,613
-283,128,603
-265,123,595
-256,137,589
-250,161,579
-246,197,565
-243,240,550
-237,288,533
-222,335,510
-200,377,488
-182,405,472
-166,427,453
-152,435,436
-137,427,417
-121,400,406
-123,359,395
-121,303,385
-111,244,383
-94,180,386
-74,97,388
-55,4,389
-47,-87,381
-46,-175,373
-46,-256,370
-54,-321,364
-67,-344,361
-77,-333,365
-86,-311,368
-101,-276,371
-119,-219,373
-136,-146,372
-152,-77,370
-171,-8,369
-190,70,370
-211,143,375
-240,198,373
-278,235,380
-317,260,393
-361,268,403
-401,264,408
-434,240,412
-471,191,413
-515,144,420
-545,82,412
-543,4,405
-527,-76,397
-531,-155,390
-558,-221,377
-592,-265,366
-611,-287,359
-600,-284,355
-575,-267,347
-538,-226,340
-507,-151,332
-508,-57,320
-524,69,298
-531,222,271
-510,396,245
-455,577,225
-377,742,215
-308,865,216
-262,921,223
-233,894,241
-219,788,265
-223,601,296
-239,362,325
-254,111,344
-260,-123,360
-260,-320,367
-269,-462,371
-304,-546,369
-355,-573,355
-395,-549,333
-416,-474,309
-423,-366,287
-413,-239,264
-380,-109,244
-325,1,222
-267,96,208
-207,164,194
-158,196,175
-117,196,158
-84,175,146
-73,143,142
-74,121,143
-72,108,145
-61,101,149
-52,93,152
-35,87,159
-13,82,170
2,77,176
21,63,183
45,38,183
72,3,183
101,-39,185
118,-77,183
113,-102,182
98,-117,183
75,-121,188
38,-106,188
2,-80,183
-22,-48,182
-33,-14,181
-31,25,185
-17,67,188
4,105,194
22,134,202
35,156,216
34,163,229
14,158,238
-12,153,242
-38,136,243
-64,110,246
-85,83,247
-85,42,250
-67,3,254
-41,-30,259
-19,-55,262
1,-71,264
4,-73,265
2,-65,267
0,-48,266
2,-22,270
12,8,276
34,40,286
53,78,305
62,112,324
72,140,337
64,163,348
51,164,356
50,162,363
52,149,368
57,127,374
54,101,377
50,72,374
39,47,376
24,26,377
22,19,379
25,27,382
35,42,387
41,71,389
43,108,391
43,150,402
37,191,408
36,235,417
41,279,429
55,313,440
66,326,457
65,335,474
67,332,488
74,314,500
93,295,509
107,276,524
118,265,538
121,267,542
124,272,549
134,278,552
135,282,561
135,291,569
136,291,575
130,291,579
118,285,586
118,280,598
129,283,604
149,289,605
184,299,610
220,308,608
247,307,611
264,307,612
293,306,614
316,307,618
342,312,626
362,325,633
374,340,636
379,351,640
384,355,645
383,357,647
383,355,648
376,355,654
371,356,657
372,357,659
379,358,670
391,363,678
402,367,685
418,365,687
431,362,691
433,372,697
436,384,705
443,396,704
445,404,700
438,430,695
435,461,684
433,493,673
437,525,666
445,564,662
455,592,659
470,616,660
477,636,658
462,645,646
425,650,627
399,654,620
377,658,618
362,669,613
356,684,604
359,709,598
382,737,595
426,769,591
485,805,586
547,845,586
615,893,581
667,943,569
708,996,552
744,1039,539
762,1065,528
767,1072,511
759,1066,496
739,1034,484
724,990,470
725,936,461
731,875,459
751,809,450
783,746,441
789,698,435
768,677,419
733,677,394
702,694,369
662,726,346
623,776,315
609,849,285
638,938,262
705,1009,245
763,1039,235
774,1043,223
745,1029,207
700,982,183
642,902,157
575,795,135
499,690,118
384,588,118
238,494,127
82,395,123
-68,278,113
-197,166,105
-286,87,105
-301,40,109
-257,26,114
-200,43,111
-147,94,99
-96,170,79
-52,268,59
-13,365,39
27,447,20
79,516,5
142,587,-8
188,654,-14
199,724,-16
184,785,-18
161,820,-22
137,826,-24
132,806,-27
143,763,-30
154,700,-35
170,629,-41
180,564,-44
180,507,-53
167,487,-72
141,497,-90
130,537,-103
141,605,-104
180,690,-96
252,784,-78
325,863,-61
375,910,-49
395,933,-46
368,926,-41
346,882,-37
345,814,-27
360,727,-18
361,620,-11
371,509,-14
388,402,-20
417,309,-28
450,246,-40
465,219,-52
477,229,-65
503,276,-78
534,328,-84
562,382,-84
588,431,-77
614,468,-70
633,482,-65
641,475,-60
651,453,-56
650,408,-57
640,349,-55
617,278,-55
591,203,-53
568,133,-51
550,75,-50
539,37,-46
535,22,-43
535,31,-34
541,66,-21
549,127,0
556,200,23
574,282,40
602,361,52
609,437,62
604,505,71
597,559,81
581,595,88
564,609,98
551,601,105
542,581,113
550,554,117
565,528,122
570,504,126
572,486,132
562,471,133
549,463,137
531,459,140
503,459,141
464,470,140
422,501,146
391,544,147
369,586,151
344,628,154
319,667,158
301,694,164
286,711,166
282,723,168
292,720,168
306,707,171
323,683,178
338,644,185
331,605,191
299,566,205
264,537,221
229,521,237
191,512,251
134,498,263
84,496,273
63,519,273
52,540,275
41,559,274
36,574,277
31,588,279
9,594,274
-9,599,269
-11,607,264
-9,600,258
1,586,257
33,578,259
63,567,266
89,554,267
113,539,269
129,519,270
134,494,270
148,482,276
154,486,285
155,491,294
151,496,304
135,500,314
124,513,323
121,540,332
133,572,349
160,605,372
198,624,394
238,620,416
253,600,437
262,571,450
267,540,470
246,505,478
187,459,469
110,418,469
32,382,470
-29,367,471
-71,384,472
-98,413,481
-115,431,495
-125,429,511
-131,398,519
-142,337,519
-163,258,514
-181,176,502
-184,96,492
-169,28,489
-148,-26,493
-128,-70,495
-114,-106,495
-100,-124,493
-94,-118,497
-94,-104,497
-106,-77,493
-134,-45,482
-165,-21,473
-202,-12,467
-241,-14,457
-297,-35,444
-324,-67,427
-321,-94,408
-310,-91,388
-314,-55,359
-332,4,325
-343,67,287
-341,114,250
-301,142,216
-230,160,192
-147,167,171
-89,170,151
-60,169,135
-53,161,124
-58,135,124
-77,94,132
-95,48,146
-98,8,163
-89,-27,185
-82,-64,205
-82,-99,223
-78,-130,239
-67,-151,256
-29,-173,273
24,-203,291
65,-251,305
81,-303,310
94,-358,318
101,-404,328
114,-437,336
135,-447,343
151,-443,347
157,-421,350
151,-374,349
138,-310,341
114,-231,331
83,-149,316
56,-82,302
41,-24,288
46,21,281
59,59,275
72,80,274
81,78,273
83,42,267
99,-15,266
119,-79,263
138,-144,259
162,-194,261
186,-234,263
198,-269,261
200,-290,263
191,-282,265
180,-254,264
168,-206,261
142,-141,253
103,-71,254
70,-4,254
62,59,248
62,100,250
56,122,259
44,123,267
47,110,275
66,82,286
76,41,301
81,-10,312
89,-61,331
103,-102,341
103,-131,352
106,-149,358
103,-161,357
93,-163,359
66,-156,359
47,-141,359
47,-117,356
47,-79,362
37,-43,368
28,-17,372
25,4,382
34,13,388
40,9,400
43,-8,410
45,-32,421
39,-61,432
16,-99,442
-15,-134,450
-50,-172,455
-97,-198,459
-147,-198,463
-178,-167,466
-181,-115,469
-164,-53,477
-140,-2,481
-129,33,484
-129,52,490
-145,56,494
-157,53,500
-145,42,505
-112,27,506
-75,8,511
-50,-12,515
-50,-31,516
-67,-43,510
-98,-45,505
-129,-41,488
-144,-28,470
-136,1,451
-123,32,429
-116,51,423
-119,50,417
-125,40,412
-131,32,408
-139,26,409
-134,13,412
-122,4,417
-104,4,427
-95,5,429
-100,6,427
-122,9,426
-138,10,430
-156,-1,426
-154,-18,418
-135,-35,406
-106,-47,393
-92,-50,384
-87,-46,379
-89,-41,377
-86,-32,372
-78,-17,374
-80,-5,370
-81,-2,372
-84,-1,371
-82,3,362
-80,12,355
-86,19,344
-94,19,333
-98,15,315
-103,-1,297
-95,-20,277
-81,-36,259
-80,-51,246
-87,-62,240
-112,-60,241
-193,-46,248
-283,-28,261
-276,-13,272
-156,3,281
-22,27,285
61,46,271
84,41,251
118,20,236
184,-17,228
252,-53,222
303,-77,221
338,-103,214
359,-126,207
379,-129,200
400,-107,195
426,-64,186
445,-23,183
455,22,183
465,58,180
483,70,173
504,65,166
515,62,156
514,66,137
495,91,119
467,119,102
452,145,82
428,164,61
379,178,38
281,194,20
146,207,-4
-2,220,-22
-105,230,-32
-158,245,-44
-192,299,-47
-224,391,-41
-266,508,-33
-295,634,-24
-298,757,-10
-269,850,10
-222,895,28
-166,882,42
-122,813,53
-102,711,52
-91,575,40
-67,415,21
-30,232,-7
10,48,-30
46,-106,-43
84,-235,-53
125,-334,-65
157,-396,-70
191,-429,-78
218,-449,-80
249,-465,-90
268,-466,-98
278,-437,-102
285,-386,-115
294,-327,-135
297,-274,-165
260,-210,-197
196,-126,-225
129,-27,-248
113,87,-269
149,185,-292
201,237,-308
258,218,-313
283,143,-313
268,48,-313
210,-39,-313
137,-113,-314
88,-174,-317
76,-220,-317
100,-241,-316
144,-234,-317
181,-215,-313
196,-196,-310
188,-184,-306
191,-182,-301
216,-204,-299
244,-254,-301
259,-312,-308
274,-372,-326
290,-421,-341
308,-459,-350
322,-478,-357
334,-479,-359
330,-475,-366
312,-468,-370
291,-461,-368
280,-448,-362
280,-447,-353
288,-455,-350
296,-466,-347
310,-483,-346
337,-501,-356
362,-517,-369
386,-515,-387
401,-499,-404
426,-480,-421
459,-464,-440
489,-454,-454
500,-455,-471
490,-467,-480
459,-483,-491
429,-499,-498
404,-518,-503
387,-535,-502
372,-551,-505
368,-562,-506
355,-569,-504
336,-568,-495
317,-553,-487
293,-525,-479
280,-491,-466
261,-455,-453
248,-419,-441
253,-387,-433
285,-366,-428
342,-350,-426
413,-337,-426
479,-325,-421
517,-317,-413
540,-312,-405
552,-306,-396
564,-300,-392
569,-298,-384
577,-302,-379
577,-316,-373
570,-344,-368
562,-383,-362
551,-433,-356
545,-486,-346
551,-542,-335
561,-589,-326
569,-623,-314
574,-650,-305
575,-673,-295
568,-688,-285
575,-701,-267
627,-712,-244
673,-721,-217
682,-732,-191
660,-749,-174
630,-766,-157
602,-790,-146
570,-821,-131
551,-849,-131
556,-860,-147
570,-859,-166
590,-860,-183
623,-873,-178
651,-901,-163
674,-926,-149
686,-939,-142
682,-944,-140
655,-940,-142
621,-932,-140
596,-928,-137
580,-927,-134
563,-932,-133
526,-945,-135
492,-958,-150
464,-965,-163
440,-955,-171
416,-941,-167
400,-916,-155
384,-864,-143
362,-787,-125
329,-688,-106
297,-580,-81
253,-471,-54
196,-367,-34
125,-259,-16
52,-149,-3
-9,-48,18
-53,50,41
-86,143,70
-114,222,105
-138,289,142
-161,347,174
-170,387,215
-183,417,258
-210,440,298
-250,455,340
-305,464,384
-369,474,428
-441,486,472
-508,502,507
-566,525,542
-611,554,573
-638,580,601
-655,608,623
-669,640,640
-679,666,655
-671,670,671
-656,658,686
-638,636,690
-598,623,689
-544,612,686
-485,587,694
-443,559,708
-418,532,718
-394,512,723
-371,494,732
-350,476,738
-326,462,750
-310,459,757
-270,483,778
-170,555,824
18,701,893
217,908,952
326,1072,1044
412,1207,1162
452,1376,1133
356,1521,989
124,1579,819
-274,1436,661
-786,1041,627
-839,792,791
-648,807,817
-554,892,769
-601,963,702
-733,959,641
-791,801,768
-566,683,1050
-260,846,1092
-76,1097,961
-32,1277,822
-67,1333,728
-122,1302,663
-176,1224,628
-224,1136,599
-305,1065,516
-402,982,432
-483,891,373
-531,813,304
-567,764,247
-582,749,211
-535,723,215
-447,706,213
-363,702,197
-291,687,199
-224,660,213
-150,623,227
-95,564,240
-52,492,251
-17,417,257
16,340,259
56,290,266
92,355,261
102,517,225
115,698,204
137,858,186
183,960,194
244,1006,204
294,1021,210
328,1016,221
341,1006,219
345,981,218
355,946,209
384,922,211
439,898,217
493,878,217
545,870,205
588,862,205
614,852,196
640,840,184
659,833,176
660,820,162
646,804,127
637,782,92
638,755,71
639,730,49
637,705,21
633,683,-10
644,672,-40
662,666,-62
694,670,-85
737,673,-111
777,680,-138
814,687,-165
847,691,-189
869,688,-211
882,690,-229
891,705,-235
903,749,-239
909,806,-233
912,866,-223
910,917,-206
895,954,-192
882,979,-186
862,992,-188
839,980,-188
829,939,-183
818,871,-184
804,798,-181
799,740,-174
795,711,-165
779,699,-152
740,698,-141
669,697,-134
578,692,-144
492,673,-152
406,620,-163
350,566,-186
308,495,-176
313,423,-169
325,363,-171
349,300,-165
394,258,-173
425,239,-182
454,214,-193
496,188,-208
557,165,-226
613,151,-249
645,146,-268
675,164,-282
696,212,-288
694,272,-286
701,324,-281
731,375,-274
760,431,-272
774,479,-269
788,514,-264
805,536,-263
826,554,-256
849,569,-247
865,575,-239
885,586,-229
920,612,-225
928,643,-222
937,657,-205
969,668,-185
990,677,-174
990,685,-166
996,675,-165
1130,560,-122
1304,382,-83
1291,305,-58
1189,238,-39
1067,131,-6
937,20,33
798,-97,82
682,-183,104
670,-96,11
680,36,-69
645,115,-98
615,196,-100
593,223,-105
543,201,-98
473,183,-101
412,172,-128
384,144,-140
370,139,-147
346,166,-167
309,210,-202
262,265,-238
239,289,-270
237,287,-289
237,261,-303
236,218,-318
228,173,-337
229,134,-366
254,100,-392
296,68,-420
334,36,-445
367,3,-472
394,-25,-498
404,-50,-524
419,-69,-549
433,-82,-566
448,-90,-580
452,-91,-592
453,-91,-605
451,-90,-618
435,-86,-629
395,-89,-603
263,-162,-538
155,-234,-579
143,-228,-591
150,-215,-582
133,-183,-579
127,-134,-578
130,-107,-566
122,-107,-549
104,-122,-526
86,-143,-507
77,-167,-495
86,-185,-481
96,-197,-465
102,-198,-451
97,-199,-440
96,-198,-425
93,-202,-410
96,-192,-400
96,-187,-391
86,-181,-386
85,-178,-386
78,-173,-381
76,-170,-381
69,-166,-380
63,-161,-381
55,-167,-378
63,-169,-379
79,-167,-381
91,-169,-383
99,-169,-381
109,-169,-381
112,-171,-381
116,-177,-378
120,-188,-371
123,-199,-370
129,-203,-366
140,-209,-357
147,-215,-351
146,-224,-341
144,-232,-329
143,-241,-322
142,-256,-307
147,-267,-294
148,-281,-284
143,-290,-277
134,-286,-267
124,-284,-261
121,-283,-254
117,-273,-246
112,-268,-239
100,-267,-235
91,-265,-225
85,-258,-219
78,-253,-207
24,-244,-181
-34,-260,-182
-5,-270,-180
49,-265,-174
73,-266,-159
76,-267,-155
75,-273,-151
60,-278,-149
41,-280,-145
30,-279,-141
21,-279,-137
23,-276,-133
21,-277,-131
23,-283,-131
27,-294,-133
19,-305,-135
13,-314,-138
3,-318,-140
-17,-316,-139
-41,-320,-143
-66,-321,-145
-87,-322,-146
-116,-322,-147
-143,-322,-149
-159,-324,-152
-168,-321,-149
-174,-318,-153
-178,-312,-157
-169,-314,-163
-152,-319,-174
-135,-331,-186
-124,-343,-200
-134,-353,-217
-148,-364,-221
-168,-375,-222
-186,-394,-215
-201,-415,-203
-204,-432,-188
-220,-443,-153
-371,-451,-136
-354,-493,-140
-238,-530,-129
-137,-555,-126
-85,-581,-124
-80,-617,-125
-96,-649,-124
-135,-680,-121
-164,-701,-116
-180,-714,-102
-189,-710,-75
-186,-694,-42
-191,-657,3
-213,-607,48
-235,-540,89
-244,-462,129
-258,-384,173
-270,-306,208
-262,-226,232
-248,-155,234
-233,-102,226
-196,-70,224
-132,-55,223
-76,-55,222
-21,-78,222
32,-110,221
81,-142,230
90,-169,259
62,-172,275
26,-168,277
15,-165,282
28,-167,292
46,-179,306
66,-193,334
80,-212,366
91,-231,398
95,-245,427
96,-253,449
105,-245,461
104,-237,480
98,-228,496
85,-217,507
66,-200,516
39,-179,524
3,-148,523
-42,-114,519
-84,-83,522
-118,-47,528
-151,-11,532
-187,26,547
-219,72,568
-253,112,587
-288,155,608
-334,201,633
-391,259,660
-439,309,689
-478,361,716
-512,410,740
-539,451,768
-557,486,793
-575,518,811
-584,552,821
-565,565,822
-514,553,815
-455,542,788
-383,543,755
-303,555,710
-222,563,656
-152,560,604
-120,528,577
-112,495,534
-107,475,482
-92,461,429
-66,451,392
-34,420,384
-15,378,390
0,347,393
12,326,400
28,305,414
32,308,401
3,316,381
-30,328,370
-63,325,375
-81,314,374
-86,303,371
-99,294,364
-109,279,360
-121,260,360
-131,247,351
-146,241,341
-164,231,334
-177,222,322
-184,215,310
-182,208,288
-181,189,260
-189,171,230
-196,150,206
-190,132,195
-182,124,187
-161,124,176
-143,136,165
-128,146,144
-122,149,120
-123,142,98
-110,148,34
-8,188,-14
-20,173,21
-75,155,8
-117,160,-21
-146,162,-34
-166,159,-48
-169,173,-74
-161,194,-94
-142,204,-113
-124,210,-124
-112,222,-137
-100,231,-149
-97,230,-161
-97,230,-168
-98,228,-174
-96,223,-178
-86,224,-187
-78,221,-190
-66,221,-196
-59,226,-197
-51,227,-200
-46,224,-200
-45,220,-201
-50,211,-201
-55,200,-204
-56,185,-211
-58,178,-214
-54,168,-215
-46,163,-212
-37,158,-216
-20,151,-219
-1,155,-218
17,162,-218
28,168,-217
45,174,-219
49,184,-217
57,197,-210
65,207,-205
75,220,-199
87,244,-192
102,268,-180
118,296,-168
120,331,-159
123,356,-152
128,374,-145
137,384,-140
150,385,-141
168,383,-140
185,385,-145
204,391,-152
220,398,-160
227,410,-162
235,427,-156
253,453,-142
274,469,-132
294,475,-126
316,483,-125
337,482,-125
370,482,-143
516,483,-274
668,499,-258
587,483,-236
442,469,-234
329,466,-220
245,450,-192
186,417,-166
150,381,-144
110,354,-117
55,339,-93
4,334,-79
-46,331,-75
-88,324,-66
-120,323,-51
-152,337,-27
-182,344,-2
-214,309,10
-208,250,19
-165,198,17
-126,165,13
-116,168,18
-138,193,13
-169,220,13
-170,226,16
-154,226,24
-120,217,28
-85,212,22
-59,216,17
-27,225,16
15,237,8
62,248,-3
118,266,-13
159,281,-28
178,294,-45
181,303,-50
180,311,-54
170,313,-56
144,297,-59
114,281,-58
92,273,-58
85,256,-58
75,230,-55
57,196,-51
48,167,-44
41,152,-37
31,141,-33
10,123,-28
-14,105,-30
-31,95,-36
-44,86,-40
-53,78,-42
-54,68,-43
-53,69,-44
-69,65,-46
-86,59,-49
-88,65,-52
-88,65,-52
-92,67,-51
-98,70,-52
-112,76,-52
-127,80,-49
-143,88,-45
-159,87,-41
-177,84,-33
-185,90,-24
-185,96,-14
-185,101,-4
-178,106,8
-167,113,18
-156,122,24
-144,129,27
-135,138,27
-127,144,27
-123,150,25
-121,151,29
-118,150,29
-119,149,31
-120,149,35
-118,149,38
-118,147,38
-122,146,44
-130,144,51
-138,141,53
-138,136,56
-143,133,63
-152,129,67
-163,127,70
-171,126,73
-171,120,74
-169,117,76
-173,118,78
-184,116,78
-193,115,80
-200,114,85
-214,105,90
-219,91,98
-216,88,100
-218,82,103
-228,76,109
-236,75,114
-242,74,122
-243,71,130
-240,75,132
-240,81,137
-242,83,139
-252,82,146
-253,83,146
-261,88,149
-266,92,149
-265,90,144
-265,85,148
-265,76,147
-268,66,148
-271,58,143
-271,52,143
-272,42,147
-272,34,146
-272,33,145
-273,30,146
-265,28,149
-260,30,149
-261,33,144
-269,34,142
-276,34,138
-279,34,128
-285,33,117
-286,31,109
-291,28,103
-295,23,94
-300,15,88
-309,11,77
-316,9,70
-326,6,68
-336,2,65
-346,0,60
-347,1,58
-353,2,55
-362,10,53
-370,17,51
-375,20,52
-384,27,57
-390,32,62
-396,39,64
-396,50,69
-397,63,75
-398,80,81
-396,92,84
-400,101,91
-402,106,98
-406,108,105
-406,102,108
-408,98,114
-408,98,120
-404,96,123
-395,87,128
-388,77,126
-384,71,131
-371,65,137
-348,60,135
-348,55,131
-354,48,130
-346,41,129
-329,36,123
-326,29,121
-327,23,113
-322,20,113
-318,20,111
-318,18,106
-318,14,102
-319,12,100
-322,9,96
-313,7,95
-308,5,95
-306,2,91
-303,-5,89
-296,-14,87
-285,-22,86
-275,-29,80
-266,-37,72
-255,-50,70
-241,-58,70
-229,-66,69
-218,-73,66
-208,-82,63
-197,-91,53
-196,-99,49
-189,-107,44
-181,-115,38
-175,-122,32
-165,-123,30
-160,-125,31
-151,-132,24
-143,-144,23
-141,-154,26
-135,-160,28
-132,-166,33
-129,-170,35
-122,-181,36
-122,-189,36
-122,-194,38
-112,-190,42
-110,-184,42
-112,-184,40
-114,-191,36
-116,-199,33
-120,-205,34
-120,-208,37
-120,-209,38
-121,-212,38
-116,-217,40
-125,-222,49
-129,-232,54
-133,-242,60
-138,-244,62
-144,-239,63
-152,-239,63
-152,-240,65
-153,-249,67
-155,-251,67
-156,-251,65
-162,-249,63
-167,-251,70
-174,-255,74
-180,-253,74
-193,-253,78
-201,-256,81
-211,-254,88
-213,-249,93
-208,-245,95
-202,-244,94
-200,-238,90
-194,-236,88
-197,-235,85
-192,-236,81
-180,-235,76
-173,-235,72
-166,-234,68
-154,-232,63
-151,-234,59
-156,-229,58
-156,-224,57
-157,-211,60
-156,-200,61
-143,-184,66
-122,-168,71
-104,-151,75
-93,-142,75
-80,-132,74
-61,-125,76
-39,-123,78
-28,-120,83
-5,-115,87
7,-119,90
17,-117,96
32,-114,101
31,-109,100
26,-101,105
17,-94,110
7,-85,111
-3,-80,111
-15,-72,107
-30,-63,106
-40,-59,109
-45,-58,115
-55,-54,112
-60,-52,108
-59,-49,106
-56,-41,103
-58,-32,102
-58,-26,108
-55,-25,109
-54,-26,113
-60,-32,124
-58,-38,136
-54,-38,147
-53,-32,161
-55,-28,180
-60,-23,197
-58,-17,217
-59,-12,239
-68,-7,259
-74,-3,279
-79,-3,298
-83,3,320
-103,13,338
-113,10,351
-114,-2,363
-111,-8,373
-114,-18,380
-118,-34,384
-124,-41,382
-121,-44,382
-111,-48,376
-112,-56,370
-115,-66,361
-116,-73,352
-108,-84,342
-102,-90,337
-106,-92,334
-107,-93,333
-104,-100,334
-95,-105,338
-93,-111,340
-92,-129,341
-88,-146,343
-80,-159,344
-71,-169,355
-70,-183,370
-57,-188,367
-41,-194,360
-25,-200,354
-10,-214,346
0,-232,336
-1,-239,326
-6,-231,321
-5,-223,316
-11,-216,315
-9,-209,312
2,-208,303
16,-208,291
24,-210,275
28,-218,257
41,-224,242
52,-221,229
58,-221,220
60,-224,212
64,-228,203
56,-229,195
54,-234,180
49,-244,167
39,-248,151
30,-248,131
28,-247,116
19,-249,102
15,-246,95
13,-243,85
17,-240,75
15,-233,66
14,-223,57
7,-215,49
5,-207,38
1,-197,27
0,-186,15
3,-172,14
8,-156,8
9,-142,1
5,-127,-3
1,-115,0
-3,-103,0
-10,-91,0
-17,-84,-5
-25,-79,-1
-24,-76,1
-20,-78,2
-7,-76,6
2,-77,0
12,-77,-2
19,-80,-7
35,-83,-15
43,-88,-21
51,-86,-27
70,-92,-34
83,-95,-41
92,-97,-49
98,-98,-58
103,-100,-71
107,-94,-79
117,-88,-87
124,-90,-93
125,-89,-101
136,-81,-112
138,-77,-121
133,-82,-130
132,-77,-142
131,-77,-150
129,-82,-158
127,-79,-165
121,-82,-172
117,-80,-178
113,-78,-179
110,-75,-182
113,-79,-187
111,-76,-188
118,-70,-189
119,-66,-193
117,-58,-190
112,-53,-189
112,-49,-187
117,-38,-183
121,-23,-173
130,-7,-165
133,8,-162
136,21,-153
138,30,-144
142,30,-143
146,32,-137
149,32,-136
156,39,-136
157,47,-130
159,58,-128
167,67,-123
171,70,-116
176,79,-111
188,86,-106
200,94,-105
217,102,-101
233,111,-94
239,123,-91
241,134,-87
246,148,-87
251,164,-81
257,180,-77
262,194,-75
268,206,-74
269,216,-65
273,230,-60
272,242,-57
277,249,-59
281,261,-59
283,270,-56
294,279,-58
295,287,-61
296,294,-62
292,303,-63
297,312,-67
304,319,-69
305,325,-71
307,331,-74
308,333,-72
312,343,-68
335,363,-68
366,383,-65
405,405,-61
436,432,-57
458,454,-53
473,470,-52
484,490,-58
480,501,-66
463,509,-76
432,519,-84
374,534,-93
306,553,-95
235,571,-91
171,573,-74
122,547,-58
78,506,-43
45,459,-23
17,418,4
2,396,33
-7,382,63
-8,373,90
-14,372,113
-27,375,140
-27,373,156
-26,368,167
-24,360,173
-22,338,168
-26,315,153
-35,292,135
-53,256,118
-59,225,108
-59,205,110
-60,203,104
-57,195,94
-45,185,88
-35,180,84
-30,184,81
-26,197,76
-28,223,80
-28,248,85
-26,276,86
-20,298,82
-3,316,82
21,322,76
49,330,64
68,330,47
86,325,31
94,316,14
89,303,-4
89,297,-19
96,290,-28
104,291,-33
103,292,-40
95,292,-47
90,289,-54
87,286,-60
80,281,-68
73,278,-76
70,274,-80
69,266,-83
68,261,-91
72,252,-102
70,240,-117
65,228,-132
62,218,-146
65,212,-152
66,205,-167
62,199,-178
63,190,-187
56,185,-188
50,175,-194
