-638,494,-1414
-736,472,-1477
-810,451,-1539
-857,439,-1594
-880,431,-1647
-888,424,-1702
-880,424,-1760
-849,427,-1816
-801,423,-1875
-744,430,-1923
-680,439,-1968
-610,448,-2007
-547,458,-2040
-486,467,-2062
-438,467,-2076
-399,464,-2083
-371,460,-2084
-371,456,-2079
-379,449,-2075
-397,436,-2065
-424,418,-2049
-461,396,-2035
-509,374,-2021
-556,346,-2008
-604,315,-1990
-649,290,-1972
-685,254,-1954
-708,223,-1931
-713,188,-1898
-706,149,-1863
-675,101,-1815
-634,58,-1760
-577,24,-1691
-503,-16,-1606
-432,-57,-1511
-364,-105,-1399
-302,-167,-1274
-252,-229,-1144
-216,-282,-1012
-194,-332,-887
-177,-390,-779
-136,-429,-693
-71,-448,-621
21,-463,-551
130,-471,-463
222,-455,-368
274,-430,-285
308,-414,-223
351,-422,-161
388,-438,-86
359,-422,-20
226,-413,25
39,-426,44
-91,-447,69
-168,-480,122
-258,-501,194
-387,-515,264
-547,-532,317
-676,-537,347
-735,-522,360
-724,-511,374
-659,-456,379
-580,-331,374
-490,-262,351
-397,-243,312
-286,-191,255
-145,-120,198
-51,-66,157
-74,-21,123
-225,22,68
-449,55,-14
-639,87,-101
-752,135,-181
-795,192,-240
-827,243,-267
-874,281,-281
-922,315,-303
-949,345,-327
-943,368,-350
-882,401,-370
-750,438,-359
-574,465,-310
-430,479,-225
-370,485,-123
-440,462,-38
-628,404,17
-891,335,38
-1172,269,18
-1425,202,-35
-1539,143,-84
-1521,96,-124
-1421,57,-143
-1252,33,-168
-1016,9,-217
-762,-8,-291
-521,-17,-363
-303,-33,-416
-115,-35,-440
46,-21,-439
178,-11,-430
251,-3,-420
283,-2,-420
273,-5,-428
226,-1,-433
157,4,-435
72,8,-430
-19,19,-414
-111,27,-396
-209,32,-380
-295,33,-354
-363,28,-328
-415,28,-304
-441,27,-281
-439,24,-264
-414,26,-254
-374,29,-246
-322,32,-237
-261,35,-234
-184,46,-235
-107,56,-242
-32,62,-253
43,65,-252
102,88,-247
150,107,-236
191,120,-228
221,131,-217
237,146,-206
246,160,-208
254,168,-200
260,175,-188
266,181,-174
275,191,-158
278,196,-150
278,202,-144
280,203,-138
280,202,-134
277,195,-130
265,193,-126
245,189,-121
227,182,-118
210,177,-120
195,169,-122
174,162,-126
151,155,-127
133,151,-123
113,145,-120
96,142,-117
78,138,-117
63,137,-123
52,136,-132
48,136,-144
45,135,-152
46,130,-165
40,127,-173
42,127,-172
48,117,-170
51,112,-166
55,109,-163
62,108,-161
63,109,-160
62,113,-158
58,115,-156
53,117,-155
54,120,-156
57,126,-156
48,133,-156
41,143,-148
33,151,-145
23,160,-142
19,172,-138
19,179,-136
25,185,-133
36,194,-125
54,202,-117
75,207,-114
87,211,-107
95,212,-98
109,220,-88
115,231,-82
119,237,-75
126,243,-68
119,240,-63
118,241,-56
121,240,-54
124,238,-51
126,235,-49
123,229,-42
120,225,-32
124,225,-29
131,222,-28
140,220,-35
148,218,-39
161,218,-41
169,220,-42
175,218,-40
174,218,-43
173,216,-45
173,216,-45
175,217,-45
175,219,-38
179,220,-30
174,220,-21
176,217,-12
180,221,-2
185,224,7
186,225,9
176,228,8
166,226,15
165,229,20
155,228,31
140,224,44
122,224,58
105,217,77
92,210,90
79,199,101
77,192,114
74,190,125
79,180,127
86,168,127
96,153,127
99,138,133
103,120,140
110,102,144
114,86,144
123,69,143
128,60,140
124,50,134
118,37,125
116,22,114
115,18,108
115,10,106
114,8,111
118,5,112
119,4,109
130,10,111
147,17,110
165,22,115
182,30,123
200,40,130
222,49,136
247,59,142
273,69,149
297,81,159
320,91,167
325,94,171
328,96,176
331,104,185
335,109,195
327,110,205
322,112,211
318,117,216
309,118,220
300,120,223
282,121,222
269,116,225
250,108,228
238,100,239
225,98,246
222,95,258
215,88,265
199,78,269
188,65,278
178,53,289
168,40,300
159,29,314
146,18,337
133,10,354
120,-4,370
113,-17,382
102,-27,400
90,-39,416
78,-52,431
66,-62,446
51,-69,463
35,-74,481
21,-82,496
4,-91,513
-8,-99,531
-22,-104,552
-37,-104,572
-45,-105,592
-55,-111,608
-64,-114,623
-65,-123,632
-67,-125,639
-67,-124,644
-74,-126,653
-85,-134,667
-96,-137,686
-106,-134,708
-122,-139,734
-149,-145,762
-184,-156,789
-222,-163,813
-245,-167,832
-264,-176,847
-279,-184,858
-282,-189,864
-285,-200,864
-281,-209,865
-267,-214,866
-249,-220,864
-228,-224,864
-210,-229,864
-192,-239,874
-174,-249,879
-160,-257,886
-146,-271,892
-132,-282,899
-113,-297,906
-100,-308,913
-91,-317,922
-69,-328,928
-54,-336,931
-44,-342,941
-19,-347,936
9,-352,927
34,-357,926
63,-360,930
88,-361,935
109,-356,941
129,-359,951
147,-362,958
152,-361,961
147,-360,962
131,-356,963
123,-346,961
117,-338,959
112,-332,961
102,-325,964
84,-322,962
70,-314,954
72,-306,950
74,-297,946
78,-290,941
81,-289,940
79,-287,939
77,-286,932
86,-289,924
89,-290,910
91,-290,894
87,-295,877
96,-293,866
120,-297,859
139,-298,854
151,-302,857
145,-307,855
116,-313,843
83,-313,825
58,-318,801
40,-322,782
30,-330,776
11,-333,776
-19,-342,780
-40,-350,782
-57,-352,786
-73,-352,788
-90,-354,797
-121,-346,806
-159,-338,815
-206,-333,827
-256,-323,834
-317,-318,844
-378,-314,856
-440,-313,865
-494,-314,871
-534,-313,876
-559,-315,885
-572,-316,899
-563,-311,909
-532,-309,920
-485,-305,930
-428,-301,944
-374,-298,953
-320,-301,957
-271,-303,952
-232,-302,940
-198,-305,931
-171,-312,921
-154,-321,919
-145,-328,913
-147,-337,911
-153,-342,903
-158,-342,894
-163,-348,889
-177,-352,889
-188,-356,885
-190,-356,887
-186,-361,891
-181,-362,897
-183,-368,903
-187,-372,912
-193,-373,919
-196,-367,919
-191,-365,918
-180,-362,914
-165,-358,906
-150,-358,897
-142,-358,884
-143,-359,867
-139,-351,847
-126,-341,831
-114,-337,812
-107,-332,796
-94,-320,782
-88,-307,762
-97,-296,742
-110,-286,725
-123,-279,701
-143,-268,671
-180,-258,643
-230,-253,605
-292,-249,563
-370,-246,517
-457,-237,464
-537,-220,407
-589,-191,343
-596,-134,273
-551,-54,198
-487,26,127
-423,106,64
-366,197,1
-285,290,-61
-166,373,-128
-29,431,-190
128,453,-236
262,452,-271
343,456,-299
385,473,-328
393,490,-370
380,476,-431
365,429,-498
359,370,-564
350,361,-618
377,392,-655
475,389,-665
591,343,-664
575,321,-659
432,299,-662
264,263,-700
127,230,-762
30,205,-832
-110,178,-895
-334,146,-956
-539,116,-1035
-630,116,-1137
-566,164,-1214
-305,263,-1232
-52,374,-1188
49,460,-1132
19,506,-1127
-38,526,-1229
-48,533,-1445
0,536,-1732
127,534,-2002
314,541,-2184
525,558,-2261
741,589,-2255
913,624,-2213
1008,668,-2172
1002,703,-2159
902,728,-2176
723,739,-2217
494,733,-2267
229,718,-2322
-31,693,-2361
-273,662,-2382
-495,626,-2382
-680,585,-2368
-818,539,-2356
-917,492,-2358
-980,444,-2371
-1012,401,-2392
-1015,365,-2412
-997,336,-2430
-961,311,-2436
-910,285,-2431
-847,268,-2425
-774,255,-2411
-700,244,-2388
-627,229,-2359
-563,212,-2314
-514,199,-2262
-477,177,-2210
-445,158,-2161
-422,136,-2109
-410,112,-2052
-406,87,-1994
-411,66,-1935
-419,43,-1877
-423,20,-1822
-435,-6,-1772
-444,-25,-1727
-449,-49,-1678
-444,-78,-1628
-426,-104,-1576
-402,-127,-1522
-368,-148,-1462
-326,-165,-1398
-275,-180,-1336
-223,-196,-1271
-170,-215,-1202
-124,-232,-1137
-80,-248,-1072
-41,-260,-1006
-5,-272,-945
30,-281,-887
67,-286,-830
98,-288,-765
134,-283,-700
168,-278,-633
201,-270,-571
227,-260,-512
247,-251,-457
262,-242,-403
282,-234,-349
297,-221,-297
308,-214,-248
308,-206,-198
299,-195,-148
281,-189,-106
265,-178,-72
246,-164,-54
230,-152,-41
205,-145,-25
184,-136,-6
154,-119,3
124,-109,5
104,-94,4
83,-70,0
61,-52,-7
42,-31,-21
23,-22,-33
3,-22,-44
-5,-30,-53
-12,-47,-61
-18,-68,-71
-26,-90,-82
-35,-118,-92
-45,-146,-100
-66,-172,-109
-88,-194,-129
-110,-206,-148
-141,-218,-173
-181,-245,-196
-217,-249,-214
-243,-209,-248
-315,-124,-293
-419,-34,-343
-505,34,-417
-542,105,-495
-514,198,-545
-403,278,-556
-241,342,-534
-99,376,-491
1,376,-442
68,349,-401
98,313,-358
100,262,-313
77,207,-258
26,144,-192
-43,83,-138
-128,31,-109
-234,-22,-95
-336,-66,-96
-404,-100,-90
-431,-111,-80
-387,-95,-67
-275,-64,-59
-188,-35,-46
-133,-15,-35
-83,12,-38
-27,43,-51
46,76,-75
122,96,-110
204,110,-142
286,128,-160
369,136,-165
448,134,-153
518,137,-130
566,137,-94
593,128,-57
600,123,-18
590,109,22
554,99,60
506,87,93
457,75,108
402,60,116
342,46,123
272,30,123
199,11,125
117,-14,128
36,-40,129
-30,-62,129
-87,-85,123
-132,-98,116
-166,-113,110
-201,-125,97
-231,-136,87
-257,-146,71
-290,-153,55
-321,-156,45
-345,-167,33
-366,-172,20
-386,-172,10
-399,-175,3
-401,-183,-1
-403,-189,-6
-408,-189,-9
-405,-190,-10
-402,-191,-16
-400,-192,-19
-392,-189,-24
-387,-186,-29
-383,-185,-36
-366,-178,-41
-342,-159,-43
-322,-150,-49
-299,-136,-53
-275,-119,-54
-253,-105,-56
-232,-88,-58
-202,-64,-63
-172,-45,-71
-144,-26,-72
-118,-7,-71
-92,15,-76
-69,33,-78
-47,48,-80
-22,62,-80
6,79,-77
39,97,-73
78,120,-67
109,135,-62
137,145,-57
165,155,-54
182,164,-50
185,162,-44
191,165,-44
196,162,-47
194,157,-49
194,149,-48
192,142,-46
179,132,-42
162,124,-42
143,107,-48
123,93,-50
98,81,-53
73,74,-54
47,65,-52
19,61,-54
0,62,-56
-22,60,-61
-38,54,-62
-52,55,-58
-53,54,-58
-48,53,-55
-41,56,-50
-26,55,-46
-12,55,-43
4,61,-36
21,67,-32
32,72,-24
39,86,-18
49,91,-3
62,95,9
72,106,24
87,113,41
98,123,50
117,134,55
131,144,57
145,157,58
155,167,67
172,175,74
190,187,80
207,199,83
226,211,84
243,222,82
262,233,84
279,241,90
290,244,96
303,251,106
318,258,109
331,266,113
346,270,119
357,274,125
365,281,131
374,285,136
389,289,139
397,294,140
403,295,145
412,301,152
417,300,163
421,302,170
423,307,180
425,314,189
421,316,192
420,317,190
427,322,187
438,322,187
440,326,187
445,328,195
449,331,197
457,334,196
465,336,196
468,336,191
465,339,189
453,341,192
445,339,195
432,336,205
414,327,218
390,318,237
361,311,259
327,300,278
290,289,300
257,278,323
229,260,349
205,250,373
197,239,393
197,231,411
201,227,421
206,222,423
212,218,418
218,212,415
221,205,410
219,201,409
212,197,412
198,185,416
184,170,432
159,155,449
134,141,468
102,126,485
74,106,500
53,86,514
35,69,532
21,52,547
3,33,565
-17,13,583
-29,-2,597
-43,-17,610
-58,-28,628
-70,-43,639
-76,-58,650
-68,-71,665
-65,-84,682
-56,-89,699
-38,-98,718
-19,-101,739
-2,-100,757
17,-102,772
25,-104,791
23,-94,812
24,-85,825
18,-68,847
2,-52,863
-14,-39,877
-29,-30,884
-38,-21,891
-43,-7,903
-38,2,921
-23,6,933
-6,10,947
6,18,957
16,27,963
24,28,968
40,27,972
63,30,972
86,28,971
103,24,966
114,19,961
116,20,951
111,21,940
106,21,927
102,24,913
88,23,900
71,19,892
45,14,889
19,7,891
-8,-3,898
-33,-17,909
-63,-33,916
-97,-53,924
-127,-66,927
-150,-81,925
-168,-100,933
-177,-118,934
-187,-138,940
-194,-157,945
-200,-169,947
-205,-187,948
-209,-199,946
-196,-209,938
-173,-216,927
-138,-221,910
-95,-227,894
-45,-233,881
9,-234,868
69,-236,860
131,-238,859
182,-238,860
214,-242,870
240,-249,872
249,-257,886
248,-260,898
239,-265,909
217,-269,918
182,-268,927
130,-271,936
69,-274,941
15,-277,946
-23,-276,946
-41,-269,943
-45,-258,941
-34,-247,935
-9,-228,932
21,-208,924
48,-189,919
74,-178,905
96,-163,889
120,-154,877
134,-144,873
147,-137,868
151,-131,867
149,-129,865
139,-130,863
132,-132,860
119,-132,856
107,-133,857
98,-136,849
83,-137,845
61,-144,837
31,-153,827
6,-164,813
-8,-173,793
-17,-184,774
-24,-195,754
-34,-201,741
-38,-207,724
-37,-212,711
-28,-214,701
-7,-220,689
6,-220,679
26,-220,672
41,-219,668
47,-216,665
46,-218,665
40,-218,661
21,-221,655
1,-226,653
-19,-232,652
-25,-229,647
-27,-232,644
-35,-229,645
-55,-227,643
-76,-229,636
-89,-226,623
-89,-226,598
-82,-224,574
-70,-217,555
-55,-210,536
-41,-203,518
-27,-201,496
-11,-197,479
-2,-197,461
8,-200,445
15,-201,434
25,-203,420
33,-203,412
39,-202,409
40,-201,404
37,-201,400
34,-203,395
21,-206,389
5,-203,388
-8,-198,389
-30,-192,384
-45,-182,379
-56,-171,372
-65,-159,359
-60,-144,337
-53,-126,319
-40,-111,307
-18,-95,296
6,-73,286
39,-48,279
72,-16,272
101,22,270
118,61,273
126,106,282
123,168,294
121,245,303
121,327,308
131,427,306
134,538,294
151,658,271
181,776,247
205,853,225
219,896,205
235,934,184
246,965,143
273,978,96
319,972,49
381,966,14
438,959,-13
467,943,-27
475,909,-27
469,875,-40
439,835,-52
380,794,-68
299,762,-103
229,745,-150
185,731,-196
144,714,-237
92,692,-269
49,665,-303
23,649,-346
3,634,-400
-23,611,-467
-31,579,-540
3,547,-615
74,520,-676
156,499,-725
212,481,-770
255,464,-824
299,435,-891
362,407,-950
422,383,-995
478,346,-1029
530,307,-1058
550,288,-1086
533,280,-1100
489,273,-1101
443,272,-1103
402,286,-1100
356,290,-1093
311,300,-1088
257,322,-1078
174,325,-1073
66,318,-1084
-62,323,-1114
-240,335,-1160
-462,344,-1227
-664,363,-1324
-794,373,-1419
-816,368,-1480
-748,369,-1494
-696,377,-1471
-706,389,-1450
-753,395,-1464
-808,402,-1514
-851,409,-1586
-870,419,-1651
-875,425,-1695
-867,439,-1717
-842,447,-1727
-813,446,-1732
-786,446,-1739
-765,445,-1737
-751,440,-1728
-750,438,-1712
-760,432,-1688
-784,425,-1659
-816,414,-1629
-862,395,-1604
-913,372,-1578
-964,344,-1550
-1007,310,-1519
-1036,276,-1490
-1058,235,-1462
-1075,198,-1432
-1084,161,-1406
-1094,122,-1380
-1095,90,-1353
-1094,62,-1330
-1092,43,-1308
-1081,24,-1291
-1065,8,-1274
-1032,-10,-1262
-996,-25,-1245
-947,-41,-1231
-885,-58,-1209
-809,-67,-1182
-732,-72,-1150
-657,-77,-1120
-593,-87,-1087
-547,-102,-1056
-516,-119,-1032
-497,-139,-1013
-500,-165,-1000
-518,-185,-992
-546,-210,-988
-574,-236,-980
-597,-258,-972
-619,-280,-972
-631,-299,-964
-630,-316,-949
-615,-337,-934
-590,-359,-908
-557,-382,-875
-527,-409,-842
-496,-434,-811
-464,-456,-775
-434,-481,-741
-405,-506,-714
-386,-530,-682
-372,-554,-655
-362,-576,-632
-365,-594,-609
-368,-597,-592
-358,-601,-581
-339,-595,-566
-300,-583,-545
-252,-565,-521
-195,-550,-488
-139,-535,-450
-83,-521,-414
-29,-503,-383
29,-482,-361
82,-464,-341
130,-450,-318
180,-434,-295
223,-423,-269
265,-410,-237
300,-393,-207
333,-380,-176
361,-358,-146
382,-334,-112
389,-308,-75
387,-288,-51
377,-265,-20
354,-247,10
326,-232,41
283,-217,65
237,-204,85
193,-194,99
164,-180,107
147,-163,112
149,-140,113
169,-112,123
212,-85,138
261,-50,158
313,-17,178
357,14,208
385,38,240
387,60,273
369,79,299
330,94,314
275,101,331
222,108,341
174,107,348
133,97,359
97,83,374
65,68,393
28,56,412
-8,41,424
-42,20,442
-68,-10,456
-96,-43,466
-121,-77,480
-145,-114,490
-162,-150,498
-168,-181,506
-168,-213,510
-158,-244,512
-136,-268,517
-116,-293,514
-95,-317,511
-78,-341,505
-56,-365,493
-40,-388,474
-30,-414,452
-28,-438,431
-19,-438,403
-15,-428,372
-23,-339,320
10,-233,243
269,-169,124
656,-44,40
1061,125,-12
1413,229,-49
1690,290,-107
1871,355,-175
2006,426,-238
2113,492,-292
2175,556,-323
2156,604,-320
2048,640,-298
1828,665,-262
1498,675,-211
1100,660,-165
695,632,-121
346,607,-90
63,576,-62
-144,540,-31
-294,510,19
-393,477,75
-428,451,120
-408,422,155
-350,394,183
-266,371,195
-177,355,199
-96,337,193
-28,322,188
33,310,167
88,306,141
124,315,117
149,334,93
172,353,61
183,374,26
218,407,3
281,450,-11
291,482,-17
274,506,-36
241,522,-60
192,522,-81
113,507,-86
20,484,-74
-69,455,-50
-154,433,-19
-239,410,20
-306,396,63
-340,392,97
-338,390,125
-291,396,148
-215,412,167
-116,441,182
-7,477,189
99,507,192
185,529,193
240,542,199
256,548,207
223,536,225
158,508,242
69,477,257
-26,442,273
-115,398,293
-204,353,312
-276,315,325
-317,287,337
-328,265,338
-304,247,332
-249,226,325
-170,210,316
-83,196,303
-1,181,295
72,170,291
123,163,292
158,158,297
173,148,308
168,135,324
148,131,337
121,136,355
84,138,369
44,141,389
3,146,408
-36,144,415
-63,143,427
-80,143,433
-82,133,439
-79,124,442
-68,121,448
-56,120,457
-31,126,476
-1,130,491
6,132,511
3,123,525
2,119,532
17,126,530
55,140,521
104,147,501
141,152,483
156,150,474
163,141,470
164,129,463
165,111,456
163,92,448
160,77,449
169,66,452
180,57,468
187,50,486
191,46,509
192,40,532
181,39,552
153,39,561
126,34,563
110,33,565
90,30,560
84,29,558
85,36,560
87,37,558
87,41,557
89,39,550
93,36,537
97,30,527
101,23,521
105,18,524
109,7,528
115,1,531
119,-1,530
118,-10,535
111,-17,539
87,-26,539
50,-39,537
4,-55,536
-38,-64,528
-72,-68,523
-101,-76,521
-127,-76,524
-144,-65,526
-152,-59,523
-156,-54,526
-165,-54,528
-176,-52,527
-182,-57,524
-186,-64,521
-187,-69,522
-190,-74,523
-194,-79,524
-197,-86,522
-195,-93,522
-198,-94,517
-199,-97,516
-202,-103,514
-203,-107,510
-208,-109,510
-208,-105,507
-200,-100,502
-199,-95,501
-198,-93,497
-191,-93,490
-176,-94,481
-149,-94,475
-115,-96,476
-82,-100,477
-61,-100,480
-51,-101,486
-49,-108,479
-55,-116,471
-66,-126,459
-73,-133,449
-77,-141,442
-76,-157,441
-78,-164,446
-78,-171,452
-78,-178,460
-80,-184,468
-90,-190,475
-106,-194,469
-118,-199,455
-119,-204,443
-118,-215,428
-111,-220,412
-97,-227,403
-73,-234,398
-44,-237,399
-7,-242,405
26,-244,412
49,-252,419
63,-260,427
66,-260,432
63,-268,431
61,-275,432
55,-276,432
46,-284,432
42,-287,429
39,-288,426
44,-289,422
47,-290,415
43,-287,409
48,-280,402
66,-276,387
89,-271,373
103,-264,365
114,-262,360
115,-259,353
118,-259,348
118,-262,345
123,-262,347
128,-262,347
131,-266,352
128,-268,357
117,-265,359
108,-262,358
99,-264,351
89,-266,345
82,-266,339
79,-259,334
82,-252,327
82,-243,328
80,-240,323
73,-236,313
72,-231,300
73,-229,290
80,-230,278
91,-231,269
96,-228,267
94,-229,272
103,-232,278
108,-236,281
107,-240,287
99,-246,291
86,-253,288
67,-262,289
45,-270,286
25,-277,283
14,-289,285
6,-299,283
5,-305,289
7,-303,295
11,-302,297
15,-297,296
20,-295,290
26,-293,277
29,-290,261
44,-290,247
56,-286,230
69,-280,210
79,-277,198
82,-278,183
89,-275,172
95,-276,161
98,-275,153
98,-275,147
94,-277,142
86,-284,139
79,-284,137
68,-287,138
54,-285,133
47,-288,131
51,-284,132
53,-276,128
58,-274,126
64,-267,120
64,-264,107
67,-259,93
74,-254,80
86,-248,64
92,-240,49
102,-236,37
108,-233,22
118,-233,5
123,-236,-9
130,-238,-21
132,-240,-31
131,-243,-41
130,-237,-45
129,-236,-49
128,-232,-52
125,-231,-58
123,-232,-68
124,-229,-83
128,-223,-95
137,-215,-109
151,-208,-126
162,-211,-141
169,-202,-149
171,-201,-157
163,-198,-170
147,-206,-186
110,-210,-200
66,-212,-218
19,-212,-237
-22,-212,-251
-47,-204,-269
-42,-189,-283
-10,-164,-299
52,-129,-316
136,-94,-329
220,-55,-343
310,-5,-355
399,46,-376
476,94,-408
536,136,-439
580,157,-472
608,170,-502
634,172,-524
654,180,-533
670,197,-541
692,213,-543
707,216,-542
705,214,-546
678,200,-550
604,183,-550
507,187,-558
416,192,-567
333,195,-569
245,210,-564
152,221,-556
62,231,-552
-16,239,-562
-69,252,-576
-95,274,-590
-90,290,-600
-60,308,-605
-24,331,-607
21,359,-621
72,378,-637
126,386,-655
187,391,-669
236,400,-683
270,403,-693
293,408,-708
295,418,-721
278,420,-741
243,416,-765
200,417,-789
146,419,-815
97,422,-843
55,417,-879
30,415,-907
5,420,-928
-32,442,-953
-74,474,-981
-129,503,-1014
-180,506,-1034
-194,521,-1047
-225,552,-1060
-321,587,-1095
-435,609,-1164
-493,610,-1260
-431,614,-1365
-280,620,-1446
-110,619,-1497
11,617,-1516
86,619,-1527
109,621,-1544
95,621,-1570
49,621,-1602
-26,620,-1633
-112,623,-1657
-208,625,-1677
-313,623,-1688
-409,618,-1692
-490,615,-1687
-547,615,-1676
-590,610,-1664
-615,602,-1646
-633,586,-1627
-640,568,-1608
-637,550,-1599
-631,531,-1586
-620,506,-1583
-606,474,-1579
-579,439,-1578
-545,403,-1572
-495,370,-1562
-441,341,-1546
-385,307,-1524
-332,277,-1490
-285,250,-1453
-249,224,-1409
-231,194,-1357
-228,163,-1306
-230,135,-1250
-238,108,-1188
-261,84,-1121
-284,64,-1050
-315,46,-992
-355,23,-931
-396,-6,-868
-434,-36,-802
-463,-68,-734
-489,-101,-670
-501,-130,-598
-501,-161,-528
-488,-184,-453
-463,-207,-376
-433,-229,-298
-387,-238,-218
-330,-243,-132
-268,-242,-53
-200,-234,23
-139,-212,114
-79,-194,205
-26,-168,291
21,-140,375
55,-116,455
80,-95,531
84,-73,609
72,-59,683
55,-49,756
37,-45,829
15,-37,895
-17,-32,960
-59,-32,1025
-120,-37,1083
-202,-37,1130
-302,-37,1166
-409,-47,1190
-514,-53,1202
-611,-62,1211
-690,-73,1217
-751,-87,1213
-804,-99,1208
-845,-117,1203
-876,-146,1185
-885,-172,1162
-894,-197,1139
-896,-229,1117
-899,-262,1093
-924,-315,1066
-936,-271,1003
-813,-87,886
-554,-13,781
-200,-87,708
225,-67,614
647,33,546
993,117,489
1251,193,421
1493,301,359
1766,430,330
2037,560,346
2255,685,382
2374,804,424
2340,920,470
2192,992,506
1934,1020,531
1566,1034,535
1109,1040,516
560,1018,445
-81,958,353
-628,869,281
-1009,763,244
-1245,660,222
-1364,544,191
-1386,435,155
-1302,336,132
-1093,252,135
-785,192,151
-388,150,174
61,118,196
537,98,197
989,103,172
1354,113,120
1611,131,51
1759,155,-29
1804,158,-107
1764,149,-172
1663,142,-203
1528,128,-195
1357,114,-162
1151,98,-113
913,79,-59
663,56,3
427,31,80
220,0,156
44,-20,230
-89,-31,294
-189,-43,343
-255,-48,374
-289,-48,393
-293,-37,407
-283,-28,418
-255,-15,433
-223,-12,452
-196,-14,473
-174,0,491
-153,7,495
-133,-4,492
-104,-11,484
-61,-15,473
-9,-16,464
50,-16,458
110,-19,450
166,-17,446
217,-19,438
267,-19,433
302,-22,435
313,-25,442
308,-30,456
289,-26,469
251,-24,484
193,-29,507
112,-38,530
20,-54,548
-75,-67,565
-167,-79,584
-262,-93,601
-354,-103,616
-422,-117,637
-466,-131,653
-486,-139,660
-480,-147,665
-455,-157,667
-417,-165,670
-364,-170,668
-305,-177,660
-242,-182,656
-180,-186,650
-123,-192,637
-70,-191,624
-19,-187,614
31,-179,606
64,-179,601
76,-179,598
71,-178,595
61,-176,588
51,-171,584
40,-168,586
19,-167,596
-19,-166,615
-64,-165,629
-104,-170,642
-141,-170,656
-174,-165,667
-203,-164,676
-233,-163,684
-257,-162,689
-266,-160,686
-266,-163,675
-258,-164,659
-242,-161,640
-211,-156,626
-166,-151,616
-124,-152,607
-87,-158,596
-61,-164,592
-41,-171,580
-22,-183,565
2,-190,558
15,-204,552
18,-223,551
15,-244,549
18,-266,547
26,-288,553
23,-305,560
5,-323,570
-18,-343,574
-43,-360,573
-61,-377,562
-64,-388,548
-60,-397,541
-58,-407,536
-57,-419,533
-53,-428,533
-50,-430,530
-52,-434,529
-52,-439,528
-58,-441,524
-65,-450,519
-76,-450,513
-75,-452,503
-65,-452,497
-51,-451,500
-47,-450,499
-41,-445,501
-27,-441,505
-7,-438,507
13,-429,514
21,-420,527
12,-411,537
-9,-403,536
-29,-400,527
-43,-391,510
-54,-379,495
-61,-373,490
-70,-365,486
-80,-355,478
-89,-343,468
-88,-333,456
-85,-325,446
-82,-315,439
-82,-308,433
-85,-307,430
-82,-304,428
-73,-304,426
-51,-302,427
-35,-298,431
-22,-296,432
-16,-291,430
-15,-287,414
-14,-281,395
-13,-274,374
-16,-266,347
-19,-256,326
-25,-249,309
-33,-244,297
-40,-237,281
-50,-229,263
-54,-225,253
-55,-222,239
-56,-221,229
-59,-219,224
-61,-220,220
-64,-221,217
-63,-227,213
-67,-228,207
-61,-227,206
-51,-233,199
-43,-235,193
-32,-239,187
-18,-240,177
-1,-240,166
22,-244,154
46,-244,146
67,-243,145
80,-245,142
91,-250,142
91,-253,142
88,-254,141
86,-253,134
82,-252,128
74,-254,121
76,-252,114
90,-249,105
96,-249,92
86,-245,75
84,-241,61
90,-232,55
94,-226,56
101,-223,57
113,-217,59
125,-217,59
124,-211,62
127,-204,58
132,-203,59
128,-203,55
119,-201,51
113,-196,44
109,-189,34
107,-182,28
108,-177,19
106,-168,12
109,-158,-1
107,-151,-8
102,-145,-23
100,-141,-33
94,-137,-44
83,-143,-53
64,-141,-63
48,-143,-72
36,-146,-83
22,-148,-97
15,-153,-107
6,-161,-114
7,-164,-123
2,-176,-130
-3,-191,-139
-3,-214,-142
-2,-240,-143
6,-269,-138
4,-296,-127
-2,-326,-111
-19,-358,-91
-29,-385,-71
-44,-417,-58
-78,-461,-50
-106,-497,-43
-120,-532,-34
-131,-559,-17
-137,-588,-6
-142,-608,-4
-147,-619,-15
-138,-633,-39
-120,-642,-62
-97,-650,-95
-70,-661,-136
-28,-675,-177
22,-686,-216
84,-689,-244
144,-690,-264
208,-692,-277
265,-687,-282
305,-680,-281
332,-672,-278
337,-664,-280
327,-651,-281
305,-639,-280
269,-624,-284
229,-610,-290
183,-596,-298
134,-579,-306
89,-559,-315
60,-535,-321
40,-503,-327
27,-469,-330
20,-433,-336
13,-394,-344
15,-351,-352
23,-306,-363
36,-259,-373
46,-217,-384
47,-184,-395
46,-145,-404
43,-100,-414
42,-58,-418
37,-16,-425
22,19,-431
-4,46,-433
-32,80,-440
-62,124,-446
-95,167,-447
-137,203,-449
-176,236,-455
-234,268,-468
-291,295,-482
-338,319,-495
-381,341,-510
-419,377,-528
-439,409,-545
-451,432,-563
-472,461,-583
-489,490,-603
-492,521,-623
-490,552,-634
-514,583,-637
-573,606,-636
-677,623,-637
-801,632,-653
-919,642,-674
-1017,661,-697
-1115,677,-715
-1210,683,-724
-1276,696,-730
-1300,725,-737
-1261,742,-753
-1140,747,-769
-953,748,-761
-735,720,-734
-549,670,-709
-412,629,-703
-301,603,-737
-183,578,-793
-54,551,-865
98,535,-923
258,534,-959
413,549,-977
545,555,-976
645,556,-969
713,578,-963
747,604,-953
739,622,-952
685,635,-959
604,643,-971
511,626,-983
432,574,-984
392,561,-965
293,580,-927
100,564,-891
-106,535,-888
-256,517,-920
-343,505,-968
-400,495,-1008
-421,493,-1032
-389,497,-1061
-294,500,-1110
-168,497,-1167
-46,491,-1217
72,488,-1265
182,484,-1302
278,486,-1335
354,492,-1368
396,498,-1394
398,493,-1425
367,481,-1457
320,470,-1484
273,466,-1504
238,464,-1514
198,458,-1504
150,460,-1491
92,458,-1476
19,455,-1468
-44,450,-1468
-90,437,-1467
-119,421,-1466
-129,404,-1462
-128,387,-1460
-111,372,-1460
-88,356,-1454
-60,341,-1449
-28,322,-1437
15,305,-1430
53,282,-1416
92,261,-1398
130,237,-1373
167,214,-1346
205,191,-1314
244,173,-1279
282,150,-1239
318,131,-1195
352,104,-1145
383,82,-1094
401,58,-1036
406,38,-979
394,18,-915
372,-5,-856
343,-29,-797
312,-48,-738
279,-65,-676
249,-77,-612
229,-84,-545
216,-93,-478
208,-98,-410
219,-95,-347
245,-101,-284
277,-103,-214
313,-100,-147
353,-92,-79
397,-80,-22
439,-65,49
486,-48,123
535,-28,201
578,-11,281
620,7,361
652,25,442
676,43,520
684,54,597
672,71,670
644,84,737
600,92,794
548,106,841
497,122,881
444,139,913
387,153,943
328,159,974
269,167,1011
205,175,1039
130,180,1053
52,186,1051
-35,190,1032
-109,194,1002
-175,191,969
-227,183,941
-261,179,912
-281,176,888
-285,173,863
-274,167,835
-247,162,808
-207,156,783
-164,159,755
-130,184,710
-111,254,644
-48,344,539
122,398,421
362,447,336
644,518,309
922,581,336
1128,619,375
1208,640,417
1181,640,440
1080,635,453
923,629,461
731,622,475
535,610,506
364,582,541
221,555,572
101,515,594
24,472,609
-14,431,620
-8,397,631
28,365,647
78,336,668
127,318,692
178,303,709
230,290,721
272,291,734
296,302,743
299,326,742
265,348,726
212,376,694
184,416,633
120,436,570
26,437,522
-47,429,478
-74,416,443
-69,392,419
-48,353,410
-27,303,406
-3,248,409
23,190,413
51,127,415
85,65,415
125,21,403
185,-12,388
256,-25,370
336,-27,349
397,-21,333
434,-19,319
445,-27,313
433,-45,316
412,-63,333
373,-81,362
317,-110,397
225,-163,441
115,-188,478
26,-191,508
-53,-199,544
-140,-205,585
-220,-204,624
-291,-198,658
-345,-195,687
-381,-195,703
-396,-193,713
-395,-192,720
-375,-187,720
-333,-186,723
-266,-186,727
-189,-178,732
-111,-175,745
-39,-168,758
25,-150,770
77,-137,777
115,-135,785
152,-134,788
186,-140,791
211,-148,800
219,-156,809
223,-164,823
213,-168,840
184,-176,854
149,-186,868
114,-196,878
69,-209,891
11,-229,904
-51,-242,911
-101,-250,903
-136,-257,892
-163,-262,879
-194,-270,867
-220,-278,857
-242,-280,849
-249,-276,836
-250,-273,820
-230,-278,809
-205,-280,803
-177,-278,801
-137,-281,805
-90,-284,820
-50,-284,843
-27,-287,861
-36,-289,876
-58,-295,881
-78,-301,872
-87,-308,861
-89,-317,851
-87,-319,846
-85,-314,841
-81,-312,837
-82,-311,838
-90,-310,840
-103,-306,843
-110,-312,833
-102,-313,821
-73,-305,812
-38,-302,806
0,-305,805
28,-309,811
53,-307,813
77,-304,810
105,-307,806
145,-310,804
180,-311,810
213,-311,822
231,-319,835
237,-328,848
231,-340,860
212,-350,863
187,-366,865
160,-376,865
136,-388,857
113,-398,854
97,-405,846
80,-413,837
67,-420,826
68,-429,816
75,-431,799
91,-429,783
110,-428,768
137,-428,752
164,-426,736
182,-422,717
202,-419,702
221,-413,691
232,-409,686
248,-409,682
258,-406,682
252,-406,686
244,-406,689
222,-406,689
194,-414,683
176,-416,669
164,-412,656
163,-408,643
162,-406,631
154,-404,621
150,-400,612
153,-396,602
154,-396,587
147,-393,575
136,-388,561
124,-379,544
117,-374,523
112,-371,504
107,-366,490
99,-361,477
90,-357,463
82,-354,450
79,-344,439
83,-337,423
87,-331,405
86,-325,391
82,-317,385
72,-308,378
60,-302,364
47,-297,348
25,-285,334
8,-276,318
-7,-267,302
-17,-258,288
-19,-250,277
-14,-243,274
-10,-232,278
-13,-228,280
-24,-222,285
-34,-220,287
-50,-213,288
-68,-212,282
-86,-211,273
-101,-207,260
-109,-206,253
-112,-202,248
-112,-200,246
-116,-196,244
-132,-191,247
-138,-187,244
-141,-182,240
-143,-178,235
-147,-170,230
-147,-165,225
-141,-158,219
-127,-150,220
-110,-141,223
-102,-129,226
-105,-123,229
-111,-120,228
-121,-114,225
-134,-111,219
-145,-104,213
-157,-99,206
-172,-92,197
-190,-88,191
-206,-85,187
-219,-77,177
-233,-78,168
-246,-77,161
-251,-71,152
-262,-68,141
-272,-67,134
-277,-69,126
-279,-70,115
-281,-69,107
-281,-67,97
-283,-69,87
-283,-70,83
-280,-72,75
-274,-73,66
-258,-73,61
-247,-71,59
-243,-70,53
-233,-70,50
-226,-71,50
-222,-72,47
-220,-68,42
-215,-70,35
-203,-72,29
-200,-74,25
-199,-75,20
-206,-75,13
-217,-78,4
-238,-84,-7
-259,-90,-21
-280,-93,-38
-298,-99,-47
-309,-100,-53
-316,-97,-56
-324,-93,-63
-335,-91,-74
-355,-94,-83
-372,-96,-93
-393,-104,-107
-412,-109,-120
-424,-116,-132
-436,-125,-146
-444,-130,-165
-451,-135,-176
-459,-138,-193
-468,-140,-211
-479,-141,-232
-503,-140,-259
-525,-130,-286
-539,-122,-319
-550,-113,-354
-558,-100,-386
-570,-89,-419
-574,-77,-455
-563,-61,-491
-547,-38,-520
-523,-18,-550
-496,7,-576
-475,38,-601
-458,66,-626
-432,80,-654
-398,100,-675
-345,127,-689
-296,148,-689
-249,164,-680
-214,183,-669
-191,203,-663
-177,232,-663
-175,257,-675
-179,283,-687
-179,312,-701
-175,342,-722
-169,365,-739
-175,384,-761
-178,406,-778
-183,423,-801
-197,444,-818
-195,481,-829
-161,526,-830
-128,561,-824
-113,588,-815
-111,615,-801
-116,639,-785
-129,660,-769
-154,670,-758
-174,683,-748
-184,706,-733
-189,728,-713
-205,736,-678
-239,725,-647
-285,702,-621
-349,671,-601
-421,641,-589
-496,609,-577
-563,574,-563
-596,532,-548
-603,492,-515
-603,457,-476
-602,426,-435
-593,399,-403
-573,377,-379
-545,358,-360
-503,338,-346
-465,320,-337
-429,307,-334
-386,295,-335
-337,289,-345
-283,284,-355
-234,283,-367
-188,280,-382
-146,282,-396
-116,285,-408
-78,291,-427
-62,298,-453
-45,301,-479
15,295,-505
103,292,-511
177,288,-495
227,282,-469
258,268,-448
266,267,-430
265,268,-416
253,265,-414
237,264,-416
211,269,-425
197,282,-436
205,300,-436
246,315,-434
306,315,-425
358,314,-420
396,320,-417
421,328,-426
438,323,-437
450,318,-456
464,315,-464
475,300,-467
471,293,-468
435,289,-464
378,274,-474
311,263,-497
245,262,-522
191,258,-549
161,253,-570
141,251,-576
124,245,-573
123,239,-565
126,225,-551
130,204,-538
126,150,-519
165,100,-501
221,104,-474
188,103,-440
2,77,-427
-247,61,-450
-418,49,-496
-408,24,-538
-293,-1,-553
-193,-13,-540
-145,-16,-515
-130,-16,-504
-117,-21,-530
-85,-16,-571
-36,-8,-607
25,0,-624
94,14,-626
161,24,-610
222,36,-592
269,48,-573
299,56,-558
312,56,-548
317,53,-536
314,53,-517
309,51,-495
301,48,-473
287,40,-446
275,30,-420
264,18,-389
250,6,-356
245,-1,-323
247,-7,-293
254,-11,-265
266,-17,-239
289,-22,-209
317,-22,-180
337,-26,-141
362,-30,-100
382,-28,-63
395,-26,-38
392,-28,-9
385,-30,20
381,-37,49
381,-43,75
393,-50,98
416,-53,125
451,-58,153
492,-63,182
534,-54,199
556,-29,194
500,13,152
457,44,93
585,77,37
804,120,19
972,175,41
1042,242,69
1022,318,64
903,398,4
755,465,-97
672,516,-222
696,559,-318
816,620,-341
1010,707,-289
1237,770,-176
1473,808,-41
1696,837,88
1863,874,210
1941,898,315
1924,895,404
1826,857,483
1652,810,557
1418,754,619
1131,696,665
809,637,699
495,580,721
212,535,733
-4,497,743
-130,465,754
-193,441,760
-197,424,748
-147,419,724
-64,422,687
64,421,639
229,429,584
419,445,530
612,457,487
784,452,459
920,459,434
1033,477,424
1120,489,435
1150,487,469
1111,487,517
997,485,570
806,478,619
578,460,661
315,444,693
20,425,722
-264,395,744
-516,360,750
-724,335,741
-877,320,709
-973,307,663
-1011,297,603
-987,292,543
-896,289,491
-741,286,452
-534,272,429
-293,265,418
-39,256,423
209,253,439
430,250,469
596,249,507
690,222,550
726,222,592
726,254,626
700,269,659
652,276,696
585,277,739
503,282,779
413,286,811
319,285,837
234,277,856
155,261,877
74,243,896
3,222,919
-43,200,936
-70,180,949
-86,166,963
-88,152,968
-82,135,976
-71,118,982
-49,105,980
-10,95,967
46,82,960
112,74,955
173,59,961
228,49,967
280,35,979
318,27,984
342,13,991
355,-1,996
359,-16,1000
346,-31,1006
331,-43,1016
313,-58,1030
288,-70,1049
263,-90,1069
238,-106,1091
220,-119,1110
208,-133,1130
200,-140,1150
197,-144,1168
190,-153,1187
186,-159,1208
179,-165,1229
182,-174,1245
184,-180,1246
194,-182,1240
212,-189,1232
226,-199,1231
235,-214,1226
243,-225,1220
258,-238,1216
277,-254,1212
303,-270,1207
330,-284,1208
356,-298,1214
377,-312,1227
406,-322,1244
420,-333,1259
424,-347,1275
415,-357,1288
397,-362,1295
364,-367,1297
318,-378,1291
270,-389,1281
220,-405,1263
183,-412,1244
169,-419,1218
182,-430,1201
209,-447,1192
255,-465,1184
270,-457,1192
298,-455,1204
329,-471,1201
325,-495,1188
294,-517,1180
257,-536,1166
233,-546,1156
222,-554,1147
224,-564,1142
219,-577,1135
206,-583,1125
198,-582,1113
196,-585,1095
201,-587,1071
207,-590,1050
217,-586,1034
227,-583,1016
242,-575,998
258,-569,984
270,-556,975
278,-548,970
271,-543,964
264,-538,965
265,-532,969
262,-530,977
244,-532,991
218,-530,997
182,-528,1003
145,-527,1002
111,-526,999
79,-530,982
53,-533,963
41,-531,947
48,-528,932
67,-524,926
97,-525,926
124,-523,926
136,-521,921
142,-526,911
150,-528,897
163,-518,879
176,-510,861
179,-512,850
175,-515,842
172,-509,837
163,-511,829
154,-513,820
148,-521,808
145,-518,806
157,-513,808
174,-515,815
185,-524,827
173,-527,840
140,-531,846
108,-533,832
99,-532,810
116,-532,786
130,-529,768
144,-525,760
152,-524,758
155,-518,751
157,-511,733
155,-500,716
145,-485,693
128,-471,673
105,-461,651
76,-446,632
47,-437,614
25,-430,602
24,-422,598
43,-421,605
57,-418,628
58,-418,658
36,-421,690
-10,-417,709
-53,-415,711
-94,-411,703
-134,-407,680
-170,-400,652
-193,-395,626
-200,-385,605
-193,-366,588
-174,-348,577
-155,-332,566
-135,-321,556
-113,-311,544
-96,-301,527
-81,-296,509
-72,-298,496
-57,-300,479
-37,-299,471
-17,-299,474
-13,-302,482
-26,-305,485
-55,-310,482
-78,-318,466
-87,-318,446
-85,-311,424
-80,-305,407
-68,-298,392
-43,-293,380
-12,-283,370
17,-273,360
43,-258,345
54,-249,330
59,-243,313
60,-234,295
67,-225,274
80,-215,260
87,-215,257
84,-217,262
78,-213,269
76,-209,273
76,-204,279
71,-207,284
55,-205,284
45,-207,276
44,-202,268
55,-194,258
72,-188,242
88,-186,231
110,-179,219
134,-175,209
157,-170,198
183,-165,190
204,-155,180
215,-148,171
213,-142,163
207,-139,151
199,-133,139
181,-126,126
164,-121,117
149,-120,103
131,-116,92
126,-112,83
128,-110,75
130,-109,73
124,-103,66
117,-99,58
104,-102,44
90,-102,29
74,-102,8
61,-105,-11
48,-105,-33
35,-101,-49
19,-98,-62
10,-95,-85
1,-93,-107
-9,-79,-130
-20,-74,-152
-41,-69,-168
-66,-64,-193
-99,-62,-213
-142,-59,-235
-183,-60,-262
-217,-64,-292
-241,-62,-318
-257,-60,-341
-251,-57,-358
-225,-45,-373
-187,-29,-388
-143,-14,-395
-97,1,-407
-53,25,-422
-8,43,-432
41,57,-446
73,69,-463
110,88,-474
134,102,-485
140,115,-494
131,117,-498
98,113,-506
39,107,-519
-33,99,-531
-93,93,-545
-138,86,-554
-190,78,-553
-284,63,-539
-428,36,-522
-593,14,-505
-744,1,-500
-882,-3,-486
-1033,-6,-460
-1206,1,-428
-1382,23,-394
-1531,49,-364
-1643,73,-344
-1715,96,-329
-1757,133,-322
-1750,175,-317
-1685,206,-310
-1589,222,-300
-1496,226,-281
-1410,233,-265
-1330,242,-256
-1263,245,-246
-1210,251,-245
-1184,262,-241
-1175,283,-240
-1184,300,-236
-1209,319,-222
-1245,323,-204
-1287,328,-181
-1341,338,-159
-1412,347,-144
-1481,358,-135
-1545,367,-126
-1602,375,-122
-1653,386,-116
-1710,402,-109
-1778,418,-107
-1840,418,-112
-1884,432,-112
-1901,457,-120
-1886,451,-132
-1842,446,-147
-1769,455,-154
-1681,449,-158
-1590,446,-161
-1490,467,-167
-1384,472,-182
-1281,444,-197
-1215,362,-204
-1149,242,-181
-1123,185,-131
-1188,182,-77
-1352,166,-53
-1607,130,-57
-1896,92,-110
-2117,63,-212
-2220,45,-328
-2222,45,-430
-2152,58,-487
-2052,77,-501
-1926,105,-483
-1769,130,-452
-1599,146,-423
-1435,164,-403
-1280,183,-388
-1147,199,-377
-1025,214,-365
-932,220,-350
-858,222,-335
-801,219,-320
-771,209,-308
-752,197,-296
-720,182,-276
-668,163,-246
-631,146,-211
-616,119,-162
-612,89,-109
-611,51,-64
-618,12,-24
-645,-36,23
-683,-87,70
-738,-147,115
-795,-198,151
-843,-253,181
-881,-304,200
-892,-353,216
-879,-393,229
-838,-423,238
-754,-439,250
-648,-436,262
-534,-417,272
-428,-395,282
-340,-368,288
-285,-322,284
-275,-260,287
-288,-222,296
-295,-195,308
-291,-157,326
-293,-108,351
-323,-68,384
-397,-45,419
-489,-33,453
-580,-21,485
-652,0,524
-720,24,549
-789,47,563
-880,70,564
-999,95,544
-1129,112,492
-1280,116,421
-1424,96,326
-1546,62,225
-1590,31,130
-1533,11,48
-1347,16,-5
-1046,38,-22
-706,58,-4
-386,78,35
-123,95,67
76,105,84
219,99,91
299,77,92
339,58,91
357,39,87
361,21,89
356,-2,99
339,-29,112
310,-48,132
271,-59,150
227,-68,166
167,-79,185
94,-89,203
21,-99,219
-49,-105,227
-120,-111,233
-186,-119,238
-241,-124,249
-283,-126,259
-304,-127,271
-315,-123,282
-317,-116,291
-313,-107,294
-298,-91,295
-272,-78,295
-248,-61,291
-224,-42,290
-198,-27,282
-174,-11,273
-153,6,268
-138,18,265
-122,34,260
-110,51,258
-102,57,259
-96,68,260
-92,77,266
-80,82,268
-75,91,270
-73,101,271
-73,106,270
-65,115,265
-55,114,264
-49,114,261
-41,120,254
-36,125,250
-39,128,250
-41,134,242
-43,137,230
-41,144,221
-41,150,218
-48,154,214
-60,158,209
-76,164,196
-95,164,185
-116,162,168
-129,163,154
-138,165,143
-146,169,133
-153,172,124
-163,174,117
-169,176,106
-168,182,98
-158,188,96
-143,201,100
-136,212,107
-134,221,117
-136,225,118
-147,232,121
-165,244,122
-182,249,121
-204,255,120
-227,262,120
-243,270,115
-258,276,109
-271,281,105
-275,284,99
-267,289,97
-262,297,102
-260,307,101
-256,314,105
-252,321,110
-242,334,118
-234,341,123
-230,348,125
-228,359,124
-223,369,127
-216,380,131
-204,397,135
-190,414,140
-176,425,147
-161,438,159
-150,457,164
-143,470,171
-141,472,178
-144,481,179
-150,483,186
-152,483,192
-155,483,197
-150,484,211
-135,485,220
-121,485,229
-102,487,240
-84,488,248
-63,497,259
-43,498,273
-20,503,280
0,509,290
14,514,306
29,515,319
39,513,335
47,516,350
50,520,366
52,522,387
52,525,404
54,526,427
54,529,453
58,535,478
56,544,498
53,549,520
50,552,542
52,557,561
57,566,582
65,577,598
77,584,616
98,593,636
120,599,657
149,609,681
180,625,706
216,633,736
240,645,768
257,651,791
262,656,808
267,660,822
270,660,833
277,664,844
290,665,852
296,658,858
305,656,865
321,657,873
355,660,880
393,659,891
444,651,908
502,645,930
567,646,953
639,646,982
705,640,1014
764,640,1041
807,640,1061
840,636,1076
870,626,1080
898,620,1085
921,615,1088
939,607,1089
955,599,1094
974,598,1095
997,593,1094
1026,590,1101
1048,586,1108
1061,585,1116
1057,589,1121
1044,587,1121
1029,583,1125
1018,585,1131
1004,584,1140
984,581,1154
960,576,1167
925,569,1182
880,559,1192
827,548,1201
773,534,1197
718,517,1195
673,502,1188
632,490,1180
592,481,1175
555,467,1169
525,461,1170
505,462,1162
496,465,1156
489,468,1157
483,463,1158
462,457,1163
419,450,1165
380,444,1158
352,446,1145
338,447,1132
356,455,1128
378,462,1129
404,471,1133
414,473,1135
418,468,1138
418,468,1135
417,469,1128
412,464,1112
398,452,1098
380,441,1084
363,436,1072
349,433,1058
347,424,1051
345,401,1045
318,385,1043
266,370,1040
226,363,1026
210,361,1003
209,360,972
213,367,954
226,376,946
243,388,943
261,393,944
282,398,945
283,398,943
274,403,939
259,407,929
245,409,918
239,410,905
221,408,902
198,406,898
172,403,898
146,402,901
117,398,900
84,389,900
45,376,897
1,354,891
-51,331,884
-111,312,865
-153,300,836
-179,295,801
-181,295,769
-160,298,741
-130,302,720
-93,311,706
-54,322,700
-26,330,693
-12,335,680
-9,339,668
-20,346,654
-40,346,636
-60,345,618
-85,341,601
-117,342,582
-150,337,569
-181,329,558
-211,320,545
-239,310,536
-250,298,528
-255,290,523
-259,287,514
-262,286,504
-260,285,497
-249,287,488
-244,285,476
-248,284,464
-253,282,448
-269,278,429
-284,278,398
-300,274,365
-299,265,332
-289,261,301
-267,262,277
-249,256,256
-238,248,241
-234,237,228
-235,227,211
-232,222,201
-222,220,192
-210,220,184
-191,214,175
-167,223,166
-131,237,160
-93,253,157
-50,269,152
-12,286,145
7,315,141
14,348,134
18,379,125
29,410,110
41,432,93
52,457,81
67,484,72
77,516,57
94,545,42
115,556,30
123,563,12
122,555,-9
70,539,-40
-63,537,-80
-228,532,-147
-313,553,-236
-242,612,-313
-85,667,-347
71,693,-326
186,703,-274
237,711,-240
223,727,-249
168,739,-285
78,737,-339
-35,723,-393
-167,713,-442
-333,696,-478
-517,677,-507
-695,657,-536
-859,630,-576
-1001,604,-616
-1108,573,-653
-1191,545,-687
-1238,525,-710
-1245,517,-723
-1230,508,-718
-1206,503,-700
-1184,507,-684
-1173,515,-680
-1161,524,-697
-1122,521,-728
-1067,507,-751
-1013,500,-750
-967,503,-737
-948,501,-730
-950,491,-739
-950,488,-776
-942,481,-833
-926,477,-889
-900,473,-935
-866,477,-962
-833,491,-963
-806,509,-941
-795,527,-915
-809,545,-888
-847,559,-857
-900,575,-833
-969,587,-818
-1042,593,-800
-1123,584,-786
-1214,571,-769
-1301,554,-755
-1385,541,-740
-1453,525,-734
-1510,512,-735
-1543,500,-740
-1568,485,-748
-1572,463,-756
-1566,448,-757
-1546,440,-757
-1513,438,-747
-1468,441,-728
-1416,447,-696
-1357,451,-657
-1303,455,-610
-1259,454,-557
-1215,447,-495
-1168,429,-440
-1119,405,-387
-1084,380,-344
-1071,351,-307
-1071,314,-281
-1078,265,-269
-1093,206,-271
-1096,149,-287
-1082,101,-305
-1035,54,-320
-962,13,-326
-872,-22,-317
-769,-50,-305
-666,-71,-286
-567,-87,-273
-471,-108,-266
-382,-135,-267
-300,-164,-270
-228,-184,-269
-158,-199,-265
-127,-93,-250
-212,26,-181
-83,-234,-91
-50,-283,-39
-378,-129,24
-803,-191,76
-1166,-346,78
-1419,-402,43
-1540,-419,17
-1548,-445,24
-1492,-417,50
-1404,-229,91
-1275,32,160
-1006,159,248
-641,191,308
-268,211,324
2,268,312
127,319,293
132,326,258
108,294,206
136,266,140
236,264,89
366,269,74
483,271,85
569,273,113
616,257,144
619,228,171
582,189,191
514,147,205
418,98,211
305,47,212
182,5,213
75,-32,217
-20,-60,224
-86,-81,227
-129,-87,229
-162,-85,222
-186,-84,211
-209,-80,199
-228,-74,191
-254,-77,181
-275,-81,170
-298,-86,157
-313,-97,147
-308,-102,143
-292,-106,150
-270,-113,164
-256,-123,186
-256,-131,203
-264,-143,216
-270,-161,220
-279,-180,218
-289,-193,218
-283,-200,219
-257,-205,216
-219,-204,218
-168,-199,223
-103,-183,229
-29,-163,237
51,-134,249
120,-110,265
161,-96,286
178,-79,301
175,-67,312
153,-59,317
124,-55,316
90,-48,311
54,-41,312
11,-39,317
-30,-37,324
-62,-37,331
-93,-36,343
-122,-32,353
-152,-23,362
-182,-26,370
-215,-29,373
-239,-28,373
-253,-22,373
-239,-18,371
-212,-5,369
-172,10,371
-129,30,379
-91,47,388
-56,67,400
-29,85,413
-15,101,424
-14,113,429
-19,128,431
-32,142,431
-54,148,436
-75,154,440
-99,157,440
-120,157,435
-136,162,428
-139,169,427
-138,178,425
-132,185,421
-134,191,413
-138,198,402
-151,206,385
-158,216,366
-148,228,353
-126,246,343
-97,262,342
-76,281,348
-66,294,350
-76,303,346
-97,307,335
-125,304,324
-165,301,309
-217,294,300
-271,281,290
-334,266,277
-385,254,266
-425,245,251
-438,252,241
-397,273,240
-307,302,259
-205,331,284
-129,363,317
-90,398,342
-87,430,360
-112,451,361
-155,470,352
-215,480,347
-274,488,348
-324,491,357
-362,494,364
-398,500,376
-440,499,395
-482,498,404
-511,495,397
-525,500,387
-519,508,381
-499,530,381
-460,558,384
-415,586,390
-369,613,389
-334,647,385
-298,674,384
-267,698,383
-251,723,393
-249,745,403
-276,761,414
-322,773,419
-376,789,419
-434,798,417
-479,805,412
-504,809,411
-524,812,415
-541,813,418
-565,810,424
-585,806,421
-598,801,414
-589,798,413
-577,800,421
-550,798,430
-522,796,445
-496,797,457
-475,808,463
-455,822,464
-440,832,463
-422,844,460
-402,854,458
-388,874,459
-374,891,459
-360,903,459
-344,913,464
-338,922,470
-327,937,475
-309,946,486
-292,950,497
-281,953,510
-284,950,520
-289,943,525
-293,924,527
-304,910,536
-309,893,547
-306,874,556
-321,875,568
-322,866,576
-308,853,586
-305,857,603
-290,856,625
-285,856,648
-293,862,668
-293,850,684
-298,845,697
-322,859,711
-315,830,731
-323,831,740
-381,861,754
-326,837,767
-299,871,778
-261,875,810
-191,872,843
-208,900,879
-158,873,912
-160,886,933
-206,887,955
-181,851,965
-243,883,976
-238,854,995
-248,867,1010
-283,872,1037
-224,841,1059
-250,885,1084
-233,880,1109
-163,854,1120
-178,906,1133
-121,927,1152
4,927,1169
90,958,1209
160,972,1264
234,969,1306
279,968,1334
297,959,1365
287,945,1402
255,924,1426
195,895,1432
131,871,1425
92,842,1406
83,820,1391
105,798,1388
156,781,1395
229,768,1412
306,762,1436
382,762,1462
462,763,1481
538,764,1502
591,768,1523
614,764,1545
600,750,1557
558,728,1565
509,710,1561
470,686,1546
443,661,1529
425,633,1516
414,619,1513
406,604,1518
408,593,1523
405,591,1526
414,585,1522
439,588,1516
464,592,1508
489,589,1504
502,589,1497
498,587,1486
499,584,1470
494,584,1452
487,589,1429
479,599,1407
474,600,1389
462,605,1376
438,603,1361
400,605,1346
354,604,1328
302,601,1312
251,589,1295
194,580,1280
139,573,1264
93,560,1253
48,567,1245
30,543,1247
-24,548,1245
-47,545,1248
-57,539,1245
-53,551,1240
-41,542,1231
-46,570,1223
-4,557,1215
3,593,1207
27,621,1203
75,615,1194
106,636,1185
128,650,1177
160,653,1170
180,656,1157
187,654,1150
197,654,1144
201,656,1138
205,659,1135
194,663,1128
170,668,1118
144,674,1097
122,684,1071
108,696,1040
97,700,1023
85,704,1009
70,710,999
46,706,992
15,689,984
-3,666,976
-8,644,961
1,626,956
5,609,962
-6,587,971
-27,558,975
-37,531,961
-16,513,938
35,504,911
100,499,896
170,490,878
228,482,856
281,470,831
340,454,795
401,437,748
453,429,708
498,422,685
548,413,676
574,405,673
570,393,664
554,375,659
542,361,655
521,352,647
497,341,639
470,329,629
451,320,614
446,316,603
447,320,594
454,324,580
465,336,566
481,350,548
504,356,531
516,365,511
522,370,492
522,369,480
518,367,466
509,364,459
498,359,456
488,359,451
478,363,444
470,359,437
458,355,429
443,349,418
437,342,409
433,334,404
443,337,398
466,342,394
486,346,388
494,348,376
491,358,360
500,367,346
517,373,334
526,385,318
510,393,304
462,395,285
393,399,254
309,398,223
209,395,202
103,393,184
-3,395,172
-99,402,155
-192,406,139
-286,410,123
-381,412,103
-499,387,78
-654,367,39
-778,364,-16
-825,373,-63
-813,385,-98
-779,399,-120
-731,431,-126
-669,466,-132
-613,475,-151
-634,445,-176
-767,403,-215
-972,376,-290
-1163,357,-398
-1290,341,-501
-1378,322,-560
-1477,315,-583
-1591,316,-588
-1706,325,-598
-1812,326,-633
-1896,329,-689
-1960,338,-743
-1993,343,-794
-2019,366,-840
-2018,377,-882
-1976,384,-922
-1923,392,-969
-1866,404,-1027
-1799,414,-1096
-1715,417,-1169
-1621,416,-1243
-1529,415,-1311
-1445,414,-1372
-1366,413,-1427
-1303,407,-1472
-1251,399,-1514
-1210,392,-1554
-1175,381,-1584
-1148,369,-1617
-1139,358,-1651
-1142,342,-1680
-1154,330,-1704
-1172,314,-1730
-1192,294,-1757
-1206,276,-1776
-1217,259,-1795
-1214,245,-1809
-1199,235,-1824
-1181,225,-1839
-1158,211,-1846
-1144,197,-1855
-1130,180,-1865
-1117,168,-1872
-1102,156,-1882
-1079,140,-1890
-1041,125,-1893
-996,117,-1895
-934,116,-1892
-867,115,-1883
-788,112,-1879
-713,107,-1878
-641,89,-1875
-575,69,-1876
-519,55,-1860
-462,55,-1841
-396,58,-1811
-329,62,-1774
-277,60,-1725
-243,57,-1671
-239,53,-1616
-255,40,-1564
-297,19,-1520
-351,-4,-1491
-406,-30,-1480
-444,-53,-1474
-463,-74,-1468
-464,-86,-1465
-438,-97,-1449
-391,-105,-1432
-326,-103,-1404
-242,-78,-1371
-144,-35,-1328
-44,17,-1285
44,64,-1235
112,111,-1185
176,172,-1145
218,221,-1130
256,259,-1128
340,298,-1132
483,340,-1112
628,397,-1046
740,446,-962
805,481,-866
837,506,-780
852,526,-705
844,530,-639
787,529,-586
686,519,-550
557,507,-528
456,496,-521
405,497,-519
396,484,-502
427,468,-463
488,470,-408
571,472,-332
653,467,-245
709,469,-162
737,470,-98
742,473,-60
729,463,-52
714,442,-54
709,409,-68
692,424,-95
666,430,-126
653,416,-163
656,407,-209
670,405,-258
680,406,-304
690,404,-343
709,403,-373
737,404,-395
767,399,-405
772,391,-396
743,380,-376
675,367,-350
575,349,-321
442,325,-294
279,303,-265
88,282,-228
-116,262,-189
-325,247,-149
-524,233,-120
-691,220,-101
-836,207,-89
-956,198,-80
-1056,200,-77
-1117,202,-79
-1147,197,-91
-1145,195,-111
-1116,199,-139
-1072,185,-168
-1014,169,-206
-932,146,-251
-827,124,-299
-694,102,-347
-545,84,-395
-390,68,-433
-250,58,-461
-133,49,-484
-36,46,-506
52,51,-519
123,62,-531
179,80,-539
219,97,-542
239,113,-539
220,131,-538
186,145,-528
158,159,-514
150,166,-495
145,171,-461
117,162,-421
62,152,-371
-2,132,-330
-56,111,-299
-95,90,-272
-116,71,-237
-129,58,-199
-156,44,-161
-199,31,-122
-240,18,-88
-262,3,-62
-271,-7,-49
-275,-10,-37
-279,-19,-25
-290,-25,-15
-300,-30,3
-314,-35,24
-335,-38,49
-360,-42,74
-380,-43,98
-388,-34,122
-387,-29,139
-369,-31,155
-332,-24,159
-287,-19,157
-238,-19,158
-178,-21,155
-120,-18,153
-84,-11,165
-79,-7,177
-79,-5,188
-71,0,198
-60,5,207
-52,10,218
-43,16,233
-42,23,241
-35,28,246
-25,35,248
-11,43,245
11,49,246
28,55,242
45,63,238
61,74,236
69,85,235
73,91,235
83,100,236
89,110,239
97,125,241
111,134,243
108,133,245
79,139,247
42,141,250
8,132,250
-25,123,251
-53,115,257
-84,108,266
-116,99,272
-140,95,282
-158,88,293
-172,90,301
-173,96,304
-166,100,310
-156,111,322
-150,120,337
-139,126,359
-137,132,378
-142,134,396
-150,134,411
-167,134,425
-191,136,433
-216,139,438
-233,151,438
-232,165,431
-223,179,422
-207,200,418
-190,223,413
-163,234,400
-158,244,385
-156,269,372
-142,281,366
-131,270,374
-175,261,399
-198,279,422
-81,312,418
89,323,395
106,324,397
2,328,437
-124,323,496
-224,342,557
-123,358,566
9,338,534
-59,351,515
-163,358,506
-211,336,495
-234,340,497
-119,346,480
9,334,456
-37,353,455
-114,356,458
-139,328,451
-145,296,435
-191,269,431
-267,262,443
-201,255,419
-130,242,386
-158,246,400
-194,232,425
-193,208,441
-182,183,438
-186,167,421
-212,158,395
-235,144,366
-229,136,336
-188,128,313
-142,124,308
-104,127,310
-73,134,306
-54,131,292
-43,130,269
-34,134,251
-27,139,238
-19,151,234
-22,159,234
-30,161,237
-41,162,241
-54,164,238
-64,173,234
-72,185,234
-80,193,238
-81,197,238
-89,202,234
-96,208,228
-100,217,221
-101,225,216
-103,230,209
-100,236,204
-95,242,196
-92,248,183
-84,256,179
-73,260,181
-56,266,183
-47,274,186
-43,280,189
-44,283,193
-46,289,198
-54,296,209
-64,305,220
-74,313,228
-85,320,234
-95,326,243
-108,328,257
-119,336,266
-131,339,275
-134,335,275
-131,334,274
-122,330,266
-100,321,259
-75,316,254
-51,311,249
-18,304,241
17,296,232
56,290,230
96,285,232
134,273,231
169,265,234
194,257,238
214,241,242
226,231,256
227,224,275
226,215,291
222,206,304
213,198,311
213,194,315
219,191,322
232,180,331
245,173,330
255,162,332
265,150,331
282,140,332
301,130,337
313,125,346
317,124,359
320,116,377
320,117,396
322,119,418
319,120,439
314,119,456
308,121,474
307,125,489
315,136,503
323,145,513
325,150,534
329,157,553
332,163,560
340,161,570
351,159,584
355,158,600
358,159,622
364,156,640
377,153,653
382,146,664
381,139,676
383,133,687
378,127,697
377,120,709
381,119,718
395,115,728
411,108,738
428,103,745
448,103,755
456,102,771
457,98,784
456,94,802
452,89,821
445,87,850
430,85,881
379,76,914
323,63,937
259,46,966
194,32,1001
137,18,1035
85,6,1078
33,-4,1122
-18,-12,1156
-56,-19,1180
-72,-23,1181
-65,-23,1171
-33,-25,1154
28,-20,1139
112,-17,1132
219,-10,1133
333,-6,1140
437,-3,1149
534,-5,1153
628,-8,1157
716,-11,1162
763,-15,1177
767,-23,1198
734,-38,1220
676,-58,1234
606,-75,1237
537,-92,1237
465,-110,1241
393,-125,1249
316,-142,1261
249,-160,1268
194,-170,1277
160,-179,1278
147,-186,1276
150,-191,1264
169,-191,1253
217,-189,1242
283,-179,1233
355,-169,1228
428,-162,1222
497,-153,1217
554,-146,1216
599,-135,1221
629,-127,1228
630,-122,1239
608,-125,1254
553,-131,1262
474,-138,1269
386,-152,1268
278,-168,1259
166,-189,1247
52,-211,1227
-46,-236,1205
-100,-255,1185
-120,-265,1171
-114,-271,1159
-85,-279,1157
-47,-279,1157
6,-278,1154
80,-271,1153
168,-267,1156
245,-263,1165
297,-259,1173
325,-257,1182
342,-253,1186
361,-251,1182
380,-249,1181
395,-246,1185
381,-256,1192
343,-268,1193
293,-277,1193
238,-290,1192
176,-306,1185
105,-322,1174
40,-339,1164
-18,-349,1159
-60,-362,1144
-97,-374,1132
-125,-383,1124
-138,-388,1108
-139,-385,1092
-123,-378,1081
-99,-370,1068
-75,-357,1053
-50,-342,1036
-15,-326,1018
22,-308,999
59,-294,978
90,-276,960
112,-257,945
119,-244,929
115,-233,913
99,-224,902
85,-220,889
70,-212,877
56,-206,860
45,-194,846
31,-189,832
4,-188,818
-36,-187,798
-76,-187,767
-118,-191,729
-152,-196,688
-175,-198,654
-186,-201,622
-183,-198,586
-159,-184,551
-116,-166,519
-60,-146,487
6,-117,468
77,-86,459
148,-59,452
211,-35,442
276,-6,428
348,21,403
421,38,370
490,57,337
551,92,301
609,131,267
660,156,243
688,174,221
702,191,205
703,200,189
688,213,177
669,216,171
645,227,165
607,228,154
570,230,139
537,236,119
512,245,106
502,256,94
487,265,84
458,282,76
422,295,63
382,300,48
325,303,22
254,307,-10
185,321,-39
149,337,-60
152,358,-89
190,385,-103
242,406,-104
281,420,-101
312,426,-98
340,429,-98
360,436,-106
374,443,-124
388,440,-146
402,429,-166
416,416,-184
417,398,-202
405,376,-226
384,356,-255
362,339,-282
340,321,-312
316,319,-346
291,308,-373
269,296,-400
264,300,-430
278,304,-461
308,315,-485
360,341,-514
409,366,-549
452,353,-591
468,298,-633
460,248,-667
431,223,-688
374,209,-694
291,231,-700
129,218,-721
-115,147,-761
-395,183,-848
-668,244,-975
-874,245,-1114
-979,250,-1236
-983,268,-1331
-905,290,-1397
-759,315,-1440
-588,343,-1462
-422,367,-1488
-288,393,-1526
-196,416,-1574
-135,436,-1630
-102,459,-1691
-89,484,-1740
-88,507,-1779
-99,531,-1813
-120,546,-1837
-155,555,-1859
-208,569,-1884
-258,585,-1907
-308,592,-1928
-347,587,-1944
-386,593,-1950
-424,587,-1956
-468,577,-1957
-525,558,-1964
-584,542,-1980
-635,524,-2004
-682,502,-2028
-717,483,-2055
-742,465,-2079
-754,446,-2099
-752,431,-2116
-741,415,-2135
-714,399,-2150
-680,385,-2164
-642,374,-2183
-597,364,-2192
-558,353,-2204
-523,345,-2212
-499,337,-2212
-480,326,-2214
-466,321,-2213
-451,315,-2203
-441,304,-2188
-425,295,-2167
-406,288,-2136
-385,288,-2104
-358,291,-2065
-325,293,-2016
-300,296,-1970
-290,297,-1926
-292,297,-1881
-303,297,-1843
-308,294,-1809
-311,293,-1771
-316,291,-1727
-317,293,-1673
-316,291,-1622
-318,291,-1577
-320,286,-1538
-320,282,-1494
-320,279,-1446
-319,273,-1395
-325,265,-1341
-325,262,-1282
-330,258,-1225
-336,250,-1163
-334,250,-1102
-319,248,-1041
-294,238,-979
-265,232,-908
-241,227,-828
-221,218,-746
-210,206,-666
-221,195,-587
-240,186,-514
-274,168,-448
-309,148,-387
-354,127,-331
-412,101,-276
-471,71,-223
-530,33,-170
-591,-17,-112
-641,-69,-60
-692,-124,-21
-735,-183,20
-764,-252,70
-781,-336,123
-792,-437,180
-798,-572,239
-780,-625,264
-736,-597,246
-575,-615,231
-235,-632,223
218,-582,234
689,-461,252
1031,-430,251
1112,-413,205
854,-250,95
450,-35,-39
239,120,-160
368,195,-225
512,242,-247
397,273,-279
124,229,-326
-106,134,-354
-235,69,-337
-281,34,-265
-336,14,-139
-493,-17,30
-782,-50,229
-1152,-83,390
-1512,-122,477
-1796,-170,472
-1957,-201,392
-1995,-229,282
-1924,-255,178
-1752,-267,98
-1509,-276,41
-1226,-280,-6
-940,-290,-48
-681,-298,-98
-460,-305,-165
-272,-304,-223
-124,-301,-263
-15,-302,-284
66,-298,-291
114,-296,-291
117,-288,-279
78,-288,-271
25,-288,-269
-39,-288,-274
-98,-283,-280
-149,-275,-284
-186,-266,-279
-198,-253,-264
-205,-237,-243
-216,-220,-224
-221,-201,-210
-224,-183,-200
-208,-166,-193
-176,-149,-185
-141,-128,-174
-106,-109,-165
-91,-93,-153
-90,-82,-139
-104,-72,-129
-111,-66,-123
-107,-63,-117
-98,-64,-109
-81,-65,-97
-59,-59,-89
-39,-60,-81
-29,-61,-77
-24,-59,-76
-20,-56,-70
-20,-57,-69
-18,-54,-67
-18,-55,-70
-15,-49,-69
-16,-40,-65
-20,-34,-62
-34,-28,-60
-46,-22,-59
-51,-17,-58
-49,-17,-58
-40,-14,-57
-30,-17,-57
-21,-20,-54
-17,-21,-53
-22,-23,-53
-20,-28,-54
-12,-30,-55
0,-35,-55
14,-32,-57
26,-28,-57
37,-24,-58
30,-17,-65
13,-9,-67
-5,0,-67
-31,7,-69
-53,12,-69
-82,16,-68
-100,27,-66
-119,33,-63
-136,33,-60
-147,40,-54
-154,42,-42
-152,43,-27
-140,48,-13
-124,52,0
-108,52,10
-86,59,13
-59,63,8
-35,64,-3
-16,68,-12
-1,72,-19
2,74,-21
8,79,-25
7,84,-31
6,88,-34
-1,88,-39
-4,84,-40
-6,88,-42
-10,91,-45
-12,90,-46
-16,87,-46
-11,89,-44
-9,87,-41
-13,83,-39
-16,83,-34
-21,83,-31
-24,83,-30
-29,87,-30
-27,82,-33
-26,80,-37
-28,82,-41
-24,81,-42
-25,78,-42
-26,76,-40
-23,73,-32
-16,71,-35
-9,66,-34
3,66,-30
21,66,-30
40,70,-33
59,73,-34
84,77,-36
104,82,-37
128,84,-36
153,85,-38
163,88,-38
172,93,-30
177,97,-23
175,104,-15
174,107,-7
176,110,2
174,114,7
174,119,12
179,127,19
180,130,23
179,133,28
176,135,36
178,142,40
182,145,44
178,150,45
160,149,54
137,150,62
117,149,71
107,138,73
118,130,69
140,135,73
155,135,73
173,133,69
196,132,61
221,130,51
250,128,38
276,125,32
297,122,27
318,121,24
339,117,27
357,112,33
370,105,46
385,97,61
395,86,78
405,77,96
407,71,110
405,62,124
406,61,137
402,61,141
397,65,147
394,64,149
387,72,154
376,77,164
367,77,176
353,81,193
336,85,212
315,82,234
282,74,255
250,64,279
221,62,300
206,58,322
191,51,340
186,50,352
189,47,358
191,40,361
201,42,361
218,47,360
230,49,361
232,50,364
228,54,368
220,56,379
213,61,393
206,64,409
202,72,433
195,78,451
188,88,468
183,94,484
176,98,503
168,102,514
157,110,527
147,115,542
140,119,559
138,120,580
146,122,595
150,130,608
164,135,616
179,137,620
187,137,625
192,139,640
198,141,663
196,148,691
187,156,715
182,157,738
176,160,753
160,158,768
141,157,779
125,151,785
110,144,797
97,139,810
82,132,827
78,120,845
75,111,865
70,98,887
67,83,909
68,67,919
83,58,927
109,48,927
144,37,923
176,20,913
203,6,899
232,-4,889
263,-14,883
296,-27,878
326,-41,879
355,-54,882
382,-65,886
407,-76,882
433,-88,879
465,-102,871
502,-115,861
541,-131,853
578,-139,851
613,-150,853
649,-164,860
669,-171,870
681,-180,879
690,-191,887
681,-194,894
658,-205,900
624,-213,911
580,-220,921
527,-229,935
475,-234,946
426,-239,966
374,-242,995
315,-241,1012
258,-244,1018
213,-247,1017
174,-245,1013
146,-243,1009
144,-240,1008
148,-233,1008
159,-222,1005
175,-211,999
185,-203,997
190,-199,993
188,-196,986
178,-193,983
160,-191,982
135,-191,988
103,-194,1001
64,-205,1015
10,-218,1032
-47,-230,1041
-89,-245,1052
-129,-258,1060
-157,-266,1067
-175,-276,1072
-185,-283,1070
-187,-292,1061
-187,-296,1055
-182,-300,1044
-170,-304,1033
-148,-302,1027
-119,-297,1026
-89,-292,1025
-60,-289,1027
-39,-287,1029
-22,-289,1025
-14,-287,1024
-14,-290,1024
-18,-293,1025
-27,-296,1029
-37,-297,1034
-52,-296,1042
-72,-295,1045
-100,-296,1046
-124,-304,1041
-149,-316,1031
-164,-320,1022
-168,-315,1013
-162,-309,1000
-155,-299,979
-141,-292,959
-121,-282,941
-95,-269,917
-55,-249,903
-13,-230,888
35,-211,875
86,-192,862
133,-179,849
180,-164,831
222,-148,808
266,-131,783
321,-117,757
389,-94,733
465,-65,708
537,-41,690
605,-16,678
664,8,667
709,32,648
738,50,627
749,70,603
742,89,573
722,102,539
701,117,501
671,138,469
618,150,432
550,152,391
463,155,351
373,167,296
302,184,233
260,196,181
253,202,132
252,211,95
266,222,70
291,243,56
316,265,47
333,280,37
318,292,30
263,306,11
174,316,-24
79,341,-63
14,364,-116
-11,395,-173
7,439,-221
89,490,-260
204,555,-288
313,612,-314
402,652,-341
468,682,-380
516,706,-435
537,723,-487
528,736,-535
483,744,-583
419,746,-627
345,733,-664
273,712,-699
209,700,-733
151,689,-758
93,674,-776
38,660,-790
-4,639,-800
-19,622,-805
-22,607,-807
-34,598,-818
-49,561,-834
-68,497,-861
-92,455,-897
-125,427,-939
-167,365,-992
-199,298,-1052
-202,250,-1106
-186,200,-1141
-184,148,-1152
-215,87,-1153
-291,33,-1163
-386,-13,-1190
-484,-61,-1229
-582,-104,-1268
-669,-136,-1293
-763,-159,-1305
-858,-171,-1310
-939,-174,-1319
-999,-170,-1335
-1040,-156,-1357
-1059,-139,-1388
-1052,-112,-1420
-1025,-83,-1459
-967,-48,-1493
-884,-14,-1532
-781,17,-1577
-659,42,-1619
-534,63,-1664
-403,81,-1703
-278,92,-1746
-170,102,-1778
-89,108,-1802
-39,111,-1822
-17,101,-1845
-16,92,-1867
-27,82,-1886
-46,67,-1902
-72,45,-1912
-107,20,-1918
-150,-10,-1918
-206,-44,-1916
-260,-76,-1913
-312,-103,-1906
-367,-126,-1897
-410,-148,-1879
-443,-171,-1857
-451,-192,-1828
-443,-206,-1795
-431,-217,-1749
-409,-226,-1697
-383,-227,-1638
-365,-226,-1581
-347,-228,-1525
-322,-225,-1469
-295,-222,-1410
-272,-220,-1350
-251,-214,-1288
-230,-202,-1222
-215,-183,-1154
-224,-162,-1088
-242,-146,-1019
-246,-126,-947
-230,-103,-868
-213,-76,-783
-215,-51,-699
-237,-34,-621
-272,-26,-560
-301,-10,-517
-329,7,-485
-340,22,-452
-354,41,-424
-365,58,-386
-375,81,-346
-382,105,-298
-385,130,-249
-400,153,-201
-435,170,-166
-482,189,-147
-542,208,-147
-596,237,-157
-655,259,-163
-700,287,-177
-740,331,-199
-795,411,-232
-847,487,-270
-883,518,-313
-889,511,-354
-868,501,-382
-840,490,-394
-799,465,-388
-722,421,-357
-632,360,-313
-554,288,-256
-504,210,-206
-485,115,-157
-509,5,-107
-571,-110,-57
-643,-218,-4
-705,-311,61
-751,-388,129
-791,-444,189
-807,-458,234
-775,-437,259
-735,-371,275
-726,-235,288
-769,-47,281
-929,97,225
-1266,116,144
-1682,56,33
-2027,-4,-47
-2068,-31,-114
-1813,-11,-176
-1414,-10,-194
-1053,-19,-173
-815,-31,-129
-682,-71,-104
-592,-127,-110
-512,-176,-141
-406,-198,-177
-269,-199,-202
-115,-193,-215
41,-174,-211
172,-152,-201
249,-131,-208
275,-114,-245
282,-93,-293
304,-73,-329
337,-61,-335
358,-53,-310
358,-45,-267
322,-44,-223
251,-48,-194
146,-62,-181
32,-78,-178
-76,-96,-177
-165,-109,-172
-236,-117,-156
-286,-121,-134
-319,-115,-112
-333,-109,-95
-324,-99,-87
-300,-91,-84
-268,-74,-81
-228,-51,-69
-188,-31,-59
-141,-18,-54
-107,-5,-49
-86,6,-48
-82,17,-48
-95,24,-48
-108,27,-50
-103,29,-49
-76,36,-39
-49,43,-26
-39,48,-23
-32,54,-31
-29,55,-39
-32,54,-43
-40,50,-45
-52,47,-51
-69,40,-55
-85,33,-61
-99,27,-71
-106,21,-77
-116,19,-87
-127,12,-95
-124,8,-103
-126,7,-114
-128,10,-122
-129,11,-128
-124,10,-131
-120,6,-131
-118,10,-131
-109,18,-127
-101,18,-122
-96,14,-117
-89,17,-116
-80,20,-115
-79,25,-112
-77,32,-111
-74,31,-107
-75,37,-104
-77,42,-98
-76,45,-92
-79,49,-88
-78,52,-88
-76,57,-87
-73,62,-86
-66,68,-87
-57,74,-89
-47,79,-86
-38,85,-84
-30,87,-81
-17,90,-72
-13,93,-68
-9,96,-67
-1,96,-63
6,99,-58
5,104,-55
6,103,-55
13,98,-53
21,97,-51
33,98,-49
48,99,-48
65,97,-48
79,100,-49
89,97,-49
103,97,-46
107,101,-46
111,104,-45
116,103,-45
117,106,-46
114,110,-44
114,113,-44
113,113,-43
104,115,-40
103,117,-35
103,120,-27
104,123,-14
100,119,0
93,118,7
88,121,16
88,118,23
92,116,30
98,114,31
108,114,35
125,113,37
146,119,41
164,125,42
183,128,45
197,131,48
205,130,56
199,127,65
182,122,76
152,113,91
116,107,108
69,101,123
15,97,136
-38,96,148
-82,97,163
-125,94,175
-163,97,189
-195,103,202
-217,107,216
-235,112,232
-246,115,243
-243,112,246
-236,107,249
-222,101,256
-193,105,265
-166,109,273
-138,115,284
-108,114,301
-77,114,324
-44,113,345
-4,117,367
34,120,388
78,128,403
120,134,417
