3918,228,-1002
3916,230,-999
3918,235,-998
3920,236,-994
3922,242,-987
3920,240,-982
3924,243,-977
3925,243,-968
3921,246,-968
3925,244,-967
3931,244,-959
3932,245,-957
3933,243,-957
3936,243,-952
3937,242,-951
3938,239,-947
3941,241,-943
3939,239,-938
3939,239,-938
3941,235,-939
3937,235,-942
3933,233,-941
3931,235,-947
3928,238,-957
3925,237,-961
3921,239,-962
3914,244,-964
3911,245,-967
3908,249,-974
3904,251,-975
3904,252,-974
3907,252,-972
3909,250,-966
3915,247,-961
3920,244,-952
3925,240,-945
3930,235,-934
3936,234,-929
3938,233,-925
3940,234,-917
3945,228,-910
3936,230,-912
3926,239,-917
3914,240,-926
3907,242,-935
3900,246,-950
3904,246,-956
3904,255,-958
3902,258,-953
3905,255,-946
3909,248,-939
3916,239,-935
3921,231,-941
3928,227,-945
3933,228,-950
3936,235,-957
3934,249,-958
3934,252,-950
3939,246,-942
3949,237,-936
3953,228,-924
3948,228,-913
3948,234,-906
3941,237,-891
3933,240,-888
3923,238,-887
3921,235,-889
3925,226,-892
3928,215,-896
3931,212,-898
3930,211,-901
3930,218,-902
3934,228,-902
3936,236,-904
3941,236,-906
3940,236,-913
3941,234,-917
3936,240,-921
3928,241,-927
3923,238,-927
3916,235,-925
3915,232,-921
3913,226,-926
3910,221,-928
3911,214,-930
3914,217,-933
3914,214,-932
3920,214,-933
3923,212,-927
3924,210,-926
3930,213,-920
3932,211,-920
3939,214,-914
3942,220,-910
3946,221,-907
3951,227,-905
3954,230,-900
3955,238,-897
3954,246,-891
3954,250,-888
3956,252,-887
3952,244,-890
3949,242,-896
3947,246,-905
3939,250,-905
3930,255,-905
3926,253,-906
3929,252,-906
3937,249,-905
3944,242,-903
3945,244,-892
3942,248,-883
3937,247,-880
3936,246,-880
3936,239,-880
3932,235,-881
3930,231,-880
3929,235,-886
3930,234,-884
3932,232,-883
3932,227,-885
3938,223,-886
3941,219,-880
3940,219,-882
3941,220,-882
3937,220,-882
3941,223,-882
3937,221,-883
3933,220,-886
3933,220,-893
3927,220,-892
3931,220,-889
3932,217,-884
3934,220,-882
3937,222,-883
3942,220,-880
3942,223,-881
3940,225,-885
3937,225,-888
3936,226,-888
3933,225,-891
3926,230,-890
3925,229,-887
3930,227,-889
3929,223,-891
3927,222,-890
3922,226,-894
3926,227,-895
3927,224,-887
3929,227,-887
3927,224,-891
3929,223,-894
3930,225,-890
3931,224,-888
3932,224,-890
3929,225,-893
3923,226,-898
3922,222,-895
3923,219,-896
3921,214,-900
3922,215,-900
3919,218,-903
3917,219,-902
3916,216,-900
3918,214,-899
3920,214,-899
3924,215,-897
3926,216,-903
3931,217,-897
3933,218,-894
3935,220,-892
3932,222,-893
3936,221,-893
3938,218,-889
3940,220,-888
3942,222,-881
3943,226,-881
3941,231,-881
3943,229,-879
3945,232,-876
3948,237,-874
3948,236,-876
3946,236,-876
3943,236,-879
3944,235,-879
3940,235,-880
3938,236,-878
3938,235,-875
3935,231,-881
3938,233,-883
3941,232,-882
3943,228,-880
3946,225,-883
3941,224,-884
3941,220,-884
3945,215,-889
3946,218,-890
3942,219,-892
3940,224,-896
3938,226,-900
3935,225,-902
3935,226,-902
3936,225,-907
3931,226,-907
3931,230,-909
3925,235,-909
3919,237,-912
3919,238,-912
3924,240,-913
3925,241,-909
3927,238,-908
3930,237,-903
3933,236,-899
3939,234,-890
3940,230,-885
3945,227,-878
3946,225,-883
3948,226,-878
3945,228,-876
3946,228,-880
3939,232,-886
3929,238,-892
3916,248,-907
3917,252,-916
3914,251,-925
3914,252,-931
3914,254,-929
3921,255,-920
3932,249,-912
3947,235,-911
3954,220,-916
3958,215,-925
3951,221,-929
3945,227,-937
3936,231,-935
3937,230,-933
3940,231,-922
3945,228,-916
3945,229,-910
3945,234,-899
3940,235,-892
3936,241,-884
3930,243,-881
3927,241,-883
3919,233,-891
3920,232,-899
3917,232,-904
3920,231,-907
3927,226,-908
3934,231,-910
3944,237,-908
3949,236,-910
3951,238,-912
3950,238,-919
3941,238,-925
3935,233,-928
3930,231,-933
3923,227,-936
3912,222,-941
3907,217,-938
3901,211,-937
3901,208,-939
3901,204,-937
3907,206,-938
3912,206,-933
3920,211,-930
3925,211,-929
3934,213,-929
3938,216,-928
3940,221,-927
3948,227,-923
3953,231,-919
3957,239,-920
3956,243,-919
3955,251,-918
3957,258,-919
3953,268,-912
3954,271,-910
3947,270,-908
3944,265,-915
3936,264,-911
3931,264,-919
3922,265,-924
3917,266,-930
3916,265,-933
3916,267,-937
3922,266,-931
3926,264,-930
3927,260,-922
3925,257,-916
3926,254,-919
3929,250,-920
3927,244,-930
3926,240,-933
3929,234,-932
3925,229,-936
3925,225,-933
3922,217,-933
3926,214,-932
3931,215,-933
3934,214,-931
3936,218,-932
3935,219,-933
3937,215,-932
3938,215,-931
3937,217,-935
3930,220,-936
3928,226,-937
3922,228,-943
3916,226,-946
3915,230,-943
3914,233,-944
3916,236,-943
3919,242,-948
3923,244,-947
3927,247,-943
3929,253,-936
3931,255,-936
3934,251,-937
3935,251,-939
3937,251,-940
3934,252,-943
3931,254,-942
3922,253,-941
3921,251,-942
3920,248,-946
3922,241,-949
3918,239,-944
3921,238,-944
3923,241,-947
3923,240,-948
3926,237,-946
3927,240,-945
3925,241,-947
3925,237,-946
3928,234,-947
3927,236,-949
3929,233,-944
3926,227,-946
3920,226,-947
3912,227,-948
3901,228,-952
3891,232,-953
3890,235,-958
3887,237,-966
3885,231,-971
3881,234,-977
3883,241,-974
3891,247,-977
3899,243,-978
3910,241,-978
3927,238,-970
3945,239,-963
3963,235,-947
3977,235,-931
3992,234,-913
4003,240,-902
4018,236,-886
4025,231,-876
4034,231,-869
4035,231,-867
4028,223,-864
4023,214,-867
4020,213,-877
4013,211,-884
3992,228,-891
3978,233,-900
3972,228,-919
3964,217,-937
3959,220,-953
3950,235,-963
3933,252,-970
3923,268,-977
3919,275,-982
3920,279,-999
3923,277,-1006
3929,277,-1019
3937,281,-1020
3928,285,-1014
3909,283,-1007
3903,271,-1012
3908,256,-1018
3915,242,-1023
3912,235,-1018
3909,232,-1012
3907,232,-1002
3899,233,-987
3900,227,-981
3900,221,-970
3902,217,-972
3906,218,-967
3911,217,-965
3910,222,-964
3912,229,-960
3917,236,-960
3918,241,-954
3924,245,-955
3927,251,-952
3930,253,-954
3925,259,-953
3924,267,-954
3921,276,-949
3913,277,-949
3905,276,-948
3898,272,-955
3889,273,-974
3881,283,-996
3871,278,-1009
3863,272,-1006
3861,259,-1000
3878,246,-980
3903,236,-962
3933,244,-945
3956,253,-936
3964,257,-936
3961,260,-936
3944,273,-946
3916,277,-944
3888,267,-952
3875,257,-968
3870,245,-986
3872,238,-1000
3871,233,-1004
3871,236,-997
3878,246,-989
3882,253,-973
3884,251,-958
3889,244,-951
3895,236,-947
3897,227,-943
3903,219,-936
3910,213,-932
3919,208,-925
3931,205,-921
3947,206,-914
3960,207,-904
3970,209,-896
3976,217,-894
3975,221,-889
3975,225,-888
3972,229,-884
3964,232,-879
3958,232,-884
3949,237,-891
3942,240,-890
3930,240,-895
3918,240,-901
3912,243,-905
3910,247,-907
3912,252,-914
3915,259,-919
3914,259,-921
3919,265,-925
3924,263,-925
3928,264,-924
3930,262,-926
3936,257,-930
3937,253,-932
3938,252,-935
3936,253,-935
3937,247,-929
3932,246,-925
3938,235,-924
3940,230,-923
3935,219,-923
3929,205,-926
3918,195,-930
3912,190,-935
3915,190,-951
3929,183,-963
3940,178,-961
3951,177,-954
3955,173,-940
3964,180,-927
3980,185,-920
3984,191,-911
3985,194,-893
3974,195,-873
3974,191,-870
3974,186,-882
3969,177,-893
3963,169,-900
3953,170,-912
3944,165,-932
3941,163,-947
3936,156,-960
3938,155,-969
3930,161,-976
3929,167,-972
3927,179,-964
3927,190,-957
3931,200,-956
3929,215,-959
3923,229,-960
3917,240,-951
3914,244,-950
3910,244,-957
3905,245,-965
3893,249,-968
3878,261,-970
3876,274,-977
3880,274,-985
3885,262,-1006
3888,251,-1020
3886,249,-1032
3879,255,-1034
3865,254,-1027
3857,257,-1024
3852,264,-1026
3868,272,-1031
3872,262,-1017
3877,263,-1006
3887,274,-999
3890,288,-983
3895,296,-970
3911,301,-967
3919,298,-963
3924,297,-957
3924,299,-955
3921,300,-953
3929,309,-949
3931,308,-946
3931,302,-943
3933,303,-951
3931,301,-955
3933,303,-956
3933,302,-961
3932,303,-961
3924,303,-967
3917,304,-970
3911,307,-975
3909,304,-983
3908,297,-985
3911,293,-990
3915,291,-993
3919,285,-992
3924,290,-991
3931,288,-990
3934,287,-991
3937,285,-983
3932,285,-979
3932,281,-980
3922,277,-976
3917,278,-976
3913,276,-980
3914,272,-982
3914,265,-983
3915,259,-980
3915,256,-980
3915,250,-979
3919,247,-976
3923,247,-978
3925,246,-972
3925,244,-976
3929,240,-976
3932,238,-979
3927,231,-977
3928,225,-981
3927,223,-980
3925,217,-987
3919,211,-988
3917,204,-992
3914,203,-993
3917,199,-991
3918,193,-991
3919,192,-993
3918,185,-997
3920,183,-996
3921,181,-990
3922,180,-991
3919,177,-992
3919,176,-998
3915,177,-1000
3915,176,-997
3916,177,-999
3914,177,-1000
3916,174,-1002
3920,172,-999
3927,173,-997
3928,174,-995
3937,171,-986
3940,171,-976
3940,174,-967
3945,174,-964
3945,174,-959
3948,175,-958
3941,169,-956
3937,162,-967
3927,160,-982
3920,161,-1004
3913,161,-1019
3904,168,-1029
3899,169,-1029
3902,170,-1026
3905,170,-1022
3917,173,-1012
3934,169,-1004
3945,165,-1004
3956,164,-1010
3962,170,-1013
3956,182,-1021
3955,194,-1025
3949,203,-1019
3946,208,-1018
3946,211,-1014
3948,219,-1008
3956,223,-1004
3966,235,-998
3972,252,-994
3977,270,-981
3975,280,-970
3964,283,-958
3953,276,-951
3947,266,-959
3939,258,-973
3931,256,-985
3925,255,-994
3929,262,-1001
3928,269,-1002
3921,276,-999
3912,286,-996
3908,289,-1000
3908,292,-1001
3903,292,-1009
3896,286,-1004
3891,279,-1010
3889,271,-1013
3881,267,-1010
3878,269,-1006
3878,263,-1005
3885,262,-1008
3887,263,-1009
3889,255,-1001
3893,253,-995
3899,257,-984
3909,266,-976
3925,267,-981
3938,267,-971
3944,257,-966
3961,254,-959
3966,254,-948
3966,255,-945
3968,252,-945
3973,254,-936
3979,252,-926
3987,252,-913
3991,249,-907
3992,244,-892
3995,250,-880
3996,259,-879
4002,254,-888
3997,247,-896
3995,244,-910
3994,238,-919
3987,233,-922
3975,223,-917
3970,217,-918
3959,215,-919
3944,211,-927
3926,207,-931
3906,213,-940
3883,220,-955
3861,221,-969
3852,214,-980
3843,209,-991
3839,207,-993
3841,208,-999
3849,203,-993
3847,199,-990
3855,197,-983
3864,197,-988
3868,193,-988
3870,182,-988
3872,175,-989
3868,177,-989
3871,174,-984
3878,173,-981
3882,168,-977
3893,161,-972
3901,160,-966
3911,158,-953
3918,153,-938
3926,157,-929
3937,158,-919
3944,163,-906
3947,165,-899
3948,169,-893
3949,176,-889
3950,180,-888
3946,184,-888
3934,190,-892
3925,198,-899
3916,204,-911
3906,211,-920
3897,215,-927
3889,220,-936
3885,220,-944
3886,227,-950
3891,230,-954
3904,231,-957
3924,234,-956
3946,236,-948
3964,231,-929
3972,228,-917
3976,229,-912
3985,224,-916
3984,216,-908
3978,209,-907
3958,203,-918
3945,198,-918
3929,189,-924
3920,187,-936
3913,189,-944
3912,193,-947
3913,199,-953
3913,209,-953
3917,211,-957
3918,214,-967
3909,217,-982
3899,219,-994
3889,219,-1011
3882,222,-1029
3873,227,-1041
3863,230,-1049
3860,231,-1049
3861,233,-1041
3867,230,-1035
3877,223,-1021
3893,216,-1009
3910,213,-991
3932,212,-969
3950,211,-946
3970,212,-926
3991,210,-903
4011,205,-881
4021,202,-864
4032,203,-859
4035,207,-854
4028,209,-853
4017,210,-858
4001,215,-868
3985,217,-888
3975,215,-907
3953,215,-931
3935,218,-952
3920,226,-973
3905,233,-995
3895,236,-1013
3890,241,-1024
3880,244,-1040
3877,244,-1050
3881,246,-1055
3881,245,-1053
3885,242,-1049
3890,238,-1042
3895,230,-1027
3899,224,-1017
3904,217,-1000
3909,212,-986
3906,210,-971
3904,202,-962
3898,199,-953
3897,203,-948
3897,200,-942
3905,194,-943
3921,193,-954
3937,203,-963
3958,226,-970
3972,244,-974
3968,257,-970
3957,262,-969
3942,262,-968
3935,254,-976
3924,240,-985
3917,225,-995
3906,212,-1003
3890,212,-1013
3879,219,-1026
3877,223,-1034
3884,225,-1042
3887,232,-1041
3891,239,-1032
3890,235,-1028
3891,233,-1025
3890,224,-1021
3897,224,-1015
3899,218,-998
3903,214,-986
3916,211,-977
3925,203,-966
3936,197,-958
3940,201,-952
3944,202,-946
3937,201,-946
3935,201,-955
3940,205,-971
3946,204,-990
3960,208,-999
3971,213,-997
3970,222,-986
3959,231,-972
3949,236,-965
3934,231,-967
3926,224,-973
3908,218,-983
3893,220,-993
3887,223,-1006
3883,226,-1013
3879,230,-1015
3879,241,-1013
3885,244,-1016
3892,242,-1021
3894,246,-1028
3901,250,-1032
3907,248,-1030
3916,245,-1028
3921,241,-1022
3927,233,-1015
3935,226,-1007
3944,225,-1003
3958,222,-998
3972,218,-981
3982,218,-960
3982,218,-949
3977,217,-941
3972,216,-948
3969,218,-956
3947,222,-962
3927,230,-982
3918,243,-1005
3907,251,-1017
3893,252,-1027
3894,261,-1044
3901,264,-1052
3895,260,-1047
3893,267,-1042
3895,274,-1045
3898,269,-1043
3894,256,-1035
3891,253,-1032
3898,246,-1033
3906,234,-1019
3912,226,-1005
3912,230,-994
3920,224,-980
3920,216,-969
3932,212,-963
3935,211,-963
3942,207,-960
3941,208,-962
3937,212,-967
3929,210,-974
3919,213,-988
3911,217,-1002
3897,221,-1014
3893,227,-1029
3888,233,-1045
3887,240,-1050
3886,248,-1056
3885,251,-1055
3884,248,-1049
3890,247,-1039
3896,247,-1029
3902,242,-1019
3912,241,-1009
3922,233,-997
3933,225,-989
3937,221,-974
3944,217,-966
3944,216,-957
3942,213,-952
3946,212,-950
3947,210,-954
3943,213,-958
3934,212,-966
3935,217,-977
3932,219,-988
3923,222,-998
3917,222,-1007
3918,217,-1015
3918,217,-1023
3918,215,-1026
3917,213,-1026
3916,210,-1024
3918,211,-1019
3916,208,-1011
3919,204,-1005
3921,197,-1003
3925,192,-1003
3922,192,-1005
3921,192,-1006
3921,197,-1010
3911,201,-1014
3906,201,-1017
3908,206,-1019
3912,207,-1023
3914,218,-1027
3912,223,-1030
3915,227,-1029
3918,237,-1026
3920,241,-1023
3926,242,-1019
3924,248,-1013
3921,248,-1015
3912,249,-1019
3910,247,-1027
3905,242,-1029
3905,241,-1027
3912,237,-1031
3930,229,-1024
3951,227,-1015
3966,229,-1002
3967,237,-984
3959,242,-964
3941,241,-963
3924,231,-970
3909,226,-983
3894,225,-998
3876,227,-1011
3862,234,-1014
3860,243,-1020
3868,253,-1023
3878,264,-1014
3881,272,-1009
3883,284,-1011
3887,289,-1016
3888,289,-1013
3887,293,-1019
3888,290,-1020
3887,293,-1018
3886,291,-1018
3889,286,-1013
3894,277,-1006
3901,268,-999
3904,264,-990
3914,266,-985
3919,264,-975
3928,259,-971
3940,259,-968
3944,256,-973
3945,262,-985
3936,274,-1000
3928,282,-1019
3910,285,-1032
3898,286,-1042
3887,285,-1054
3880,282,-1057
3880,278,-1051
3888,270,-1034
3898,251,-1024
3906,238,-1021
3909,233,-1022
3906,232,-1024
3898,237,-1023
3899,243,-1027
3900,246,-1029
3903,252,-1027
3904,258,-1029
3902,263,-1025
3900,264,-1018
3901,268,-1017
3909,271,-1008
3917,271,-1000
3919,268,-995
3924,266,-990
3924,265,-991
3918,257,-988
3906,256,-998
3890,250,-1011
3882,245,-1032
3876,239,-1060
3876,241,-1076
3879,239,-1086
3876,242,-1091
3878,248,-1090
3878,250,-1087
3881,253,-1088
3885,250,-1085
3878,245,-1084
3879,243,-1080
3878,242,-1073
3879,232,-1068
3878,229,-1061
3882,227,-1058
3882,226,-1054
3889,227,-1050
3894,236,-1033
3897,241,-1031
3911,245,-1028
3923,243,-1031
3934,256,-1030
3939,266,-1024
3938,274,-1022
3940,280,-1025
3940,281,-1029
3943,283,-1030
3942,290,-1028
3943,292,-1025
3941,289,-1027
3938,287,-1032
3928,285,-1035
3918,285,-1038
3907,288,-1042
3908,286,-1055
3906,285,-1061
3911,277,-1061
3911,275,-1060
3914,271,-1058
3911,268,-1055
3911,264,-1050
3912,261,-1051
3914,255,-1051
3917,246,-1054
3918,240,-1056
3913,238,-1051
3913,237,-1047
3914,238,-1040
3914,236,-1038
3913,233,-1038
3910,231,-1041
3909,231,-1041
3912,233,-1046
3907,229,-1048
3906,231,-1052
3904,237,-1054
3908,233,-1056
3908,233,-1060
3909,237,-1060
3905,238,-1059
3906,237,-1058
3906,236,-1060
3904,238,-1059
3903,241,-1062
3905,248,-1062
3904,247,-1064
3901,250,-1066
3902,251,-1064
3905,249,-1065
3904,249,-1068
3899,252,-1066
3898,250,-1068
3903,247,-1066
3900,245,-1061
3899,244,-1063
3906,247,-1062
3908,248,-1062
3906,246,-1060
3908,248,-1062
3908,245,-1063
3908,245,-1066
3910,246,-1068
3908,240,-1071
3906,237,-1067
3907,241,-1070
3907,243,-1072
3909,239,-1069
3908,240,-1071
3906,242,-1073
3907,237,-1075
3902,237,-1073
3897,239,-1072
3895,240,-1072
3894,241,-1081
3893,241,-1082
3891,240,-1085
3896,236,-1088
3890,239,-1082
3887,241,-1083
3895,238,-1081
3893,238,-1082
3897,234,-1082
3902,233,-1080
3903,235,-1080
3903,237,-1077
3905,239,-1078
3907,240,-1076
3907,236,-1074
3911,234,-1076
3908,234,-1072
3908,234,-1068
3908,233,-1068
3908,233,-1067
3912,234,-1067
3911,236,-1067
3911,234,-1070
3913,237,-1071
3910,236,-1075
3909,233,-1077
3910,236,-1084
3909,239,-1089
3910,238,-1093
3909,242,-1094
3905,243,-1095
3900,244,-1100
3894,244,-1098
3886,244,-1107
3883,242,-1112
3882,240,-1114
3880,240,-1112
3878,243,-1114
3880,242,-1110
3884,244,-1106
3885,242,-1104
3887,240,-1097
3888,239,-1091
3893,239,-1087
3894,243,-1085
3898,246,-1084
3900,248,-1083
3903,250,-1079
3902,248,-1081
3895,257,-1087
3887,261,-1101
3878,265,-1123
3871,270,-1140
3869,270,-1146
3870,271,-1147
3876,273,-1142
3892,272,-1131
3907,265,-1109
3918,257,-1088
3932,249,-1074
3944,240,-1070
3946,235,-1067
3941,235,-1069
3937,238,-1065
3937,245,-1062
3938,249,-1062
3943,253,-1063
3942,256,-1070
3938,262,-1067
3932,265,-1065
3928,273,-1063
3922,278,-1065
3910,277,-1072
3899,273,-1077
3890,264,-1089
3883,257,-1099
3873,254,-1110
3871,251,-1117
3876,247,-1123
3879,242,-1125
3888,239,-1120
3893,240,-1117
3899,236,-1108
3901,232,-1101
3903,224,-1096
3905,226,-1091
3904,220,-1083
3903,215,-1079
3901,213,-1078
3902,209,-1076
3899,213,-1078
3895,217,-1075
3897,220,-1070
3898,229,-1068
3902,236,-1073
3904,241,-1077
3903,240,-1082
3904,246,-1083
3904,253,-1088
3903,254,-1093
3906,252,-1090
3907,252,-1092
3913,253,-1098
3909,252,-1098
3908,251,-1094
3907,252,-1086
3910,252,-1081
3913,250,-1074
3914,246,-1067
3915,236,-1063
3912,236,-1060
3909,234,-1059
3910,235,-1063
3907,241,-1062
3910,244,-1060
3918,243,-1058
3924,245,-1054
3926,245,-1052
3931,250,-1044
3926,248,-1037
3922,251,-1033
3922,254,-1037
3919,251,-1037
3914,248,-1039
3906,246,-1042
3902,245,-1046
3901,242,-1046
3902,240,-1043
3903,233,-1039
3906,233,-1037
3909,230,-1038
3911,224,-1036
3908,226,-1039
3911,222,-1041
3909,218,-1041
3906,220,-1040
3906,219,-1039
3906,219,-1045
3900,217,-1047
3899,219,-1049
3901,221,-1049
3905,219,-1048
3907,219,-1048
3909,220,-1044
3909,220,-1044
3910,222,-1037
3909,223,-1039
3907,226,-1035
3907,225,-1034
3910,225,-1032
3910,221,-1032
3912,219,-1032
3910,222,-1027
3910,223,-1021
3909,221,-1019
3907,223,-1024
3908,228,-1017
3909,229,-1010
3911,227,-1013
3911,223,-1012
3912,229,-1012
3922,230,-1009
3923,225,-1013
3920,222,-1014
3922,220,-1010
3920,218,-1010
3922,216,-1009
3920,216,-1006
3919,213,-1005
3921,207,-1006
3918,205,-1003
3923,206,-1001
3926,209,-1003
3924,207,-1001
3921,203,-1000
3923,203,-999
3923,205,-997
3922,206,-995
3923,209,-996
3922,204,-992
3921,205,-993
3919,203,-997
3917,203,-993
3911,204,-991
3917,207,-989
3922,204,-984
3927,206,-980
3927,203,-978
3934,210,-976
3936,215,-974
3938,216,-969
3937,215,-972
3934,215,-966
3931,211,-963
3925,209,-961
3927,214,-966
3924,212,-969
3919,209,-971
3916,207,-973
3919,206,-972
3920,208,-977
3918,206,-976
3919,209,-979
3918,210,-980
3916,210,-979
3919,209,-976
3920,204,-975
3927,202,-972
3927,201,-967
3932,200,-961
3935,198,-955
3935,193,-949
3929,196,-947
3929,194,-949
3929,196,-945
3930,199,-938
3933,201,-937
3929,201,-939
3923,199,-941
3922,203,-949
3920,211,-950
3915,214,-953
3914,215,-951
3914,213,-951
3912,210,-953
3915,208,-954
3913,199,-952
3917,193,-955
3917,187,-960
3912,188,-967
3913,189,-971
3918,193,-973
3928,196,-970
3937,199,-963
3944,195,-951
3954,196,-937
3955,195,-921
3951,196,-911
3950,196,-902
3948,193,-900
3941,192,-896
3939,190,-893
3938,189,-894
3933,184,-895
3928,178,-896
3929,174,-894
3932,175,-897
3929,176,-895
3935,182,-896
3936,182,-896
3942,187,-897
3945,194,-904
3940,192,-915
3936,195,-919
3929,193,-923
3924,193,-926
3921,182,-929
3924,180,-927
3920,179,-924
3920,183,-928
3921,185,-924
3928,184,-918
3936,179,-921
3936,175,-918
3936,177,-916
3938,177,-913
3942,181,-908
3942,185,-905
3945,184,-902
3947,182,-905
3948,184,-902
3948,190,-896
3947,193,-901
3944,196,-894
3944,196,-889
3948,196,-892
3945,194,-893
3944,193,-891
3938,192,-892
3936,195,-894
3932,196,-889
3933,196,-889
3938,195,-893
3943,199,-894
3944,201,-894
3941,204,-889
3939,204,-884
3942,201,-886
3940,198,-887
3937,196,-888
3932,190,-889
3928,187,-890
3923,186,-887
3928,179,-888
3933,172,-884
3937,172,-881
3939,172,-878
3943,171,-872
3946,168,-873
3944,164,-869
3944,163,-870
3940,165,-880
3939,163,-883
3933,166,-884
3932,169,-883
3931,169,-890
3923,170,-891
3921,175,-892
3918,181,-892
3917,182,-893
3918,184,-894
3923,185,-898
3921,187,-895
3925,188,-893
3921,188,-892
3923,191,-891
3925,191,-893
3927,194,-887
3931,192,-886
3930,190,-888
3935,189,-888
3935,184,-889
3936,185,-888
3933,186,-890
3931,181,-892
3933,175,-888
3935,175,-888
3932,174,-888
3934,174,-893
3933,172,-895
3934,174,-893
3937,173,-893
3933,169,-894
3936,172,-892
3937,171,-893
3938,173,-896
3936,177,-897
3938,179,-894
3937,176,-899
3942,177,-896
3942,179,-897
3940,180,-894
3940,179,-892
3940,178,-895
3939,180,-895
3941,182,-891
3939,181,-892
3936,178,-889
3938,179,-887
3940,178,-889
3941,181,-890
3942,179,-887
3945,182,-887
3945,186,-888
3946,188,-883
3949,188,-886
3952,187,-891
3948,184,-896
3946,184,-897
3945,184,-900
3945,186,-907
3942,190,-910
3940,192,-919
3935,190,-921
3937,192,-925
3936,193,-930
3938,195,-931
3934,192,-932
3932,193,-929
3928,193,-933
3926,193,-932
3931,192,-930
3936,189,-923
3938,186,-918
3937,185,-914
3936,185,-909
3935,185,-906
3934,186,-903
3933,190,-904
3933,190,-908
3927,191,-916
3921,192,-925
3910,204,-938
3909,210,-948
3907,212,-956
3907,212,-961
3908,213,-964
3901,210,-959
3906,208,-955
3914,206,-949
3920,197,-953
3930,185,-961
3933,173,-970
3924,174,-977
3917,184,-981
3912,192,-981
3916,195,-976
3921,188,-970
3927,186,-962
3932,191,-950
3933,195,-937
3929,196,-930
3925,200,-927
3925,201,-927
3925,197,-933
3921,193,-938
3913,187,-942
3910,184,-947
3913,183,-950
3913,180,-953
3916,185,-958
3921,189,-962
3923,190,-968
3928,195,-975
3928,191,-980
3923,189,-986
3917,188,-991
3905,191,-996
3896,193,-1001
3886,185,-1008
3883,181,-1015
3884,177,-1016
3879,172,-1019
3876,170,-1018
3875,169,-1019
3883,168,-1024
3896,167,-1022
3904,166,-1021
3910,169,-1021
3912,175,-1018
3917,181,-1016
3921,184,-1013
3919,189,-1010
3931,188,-1014
3936,195,-1012
3936,196,-1020
3935,199,-1022
3931,208,-1023
3924,212,-1021
3917,213,-1021
3907,210,-1022
3904,211,-1026
3897,210,-1035
3890,209,-1039
3885,216,-1046
3884,217,-1058
3883,213,-1061
3891,211,-1058
3900,212,-1058
3903,214,-1051
3902,221,-1048
3902,219,-1047
3896,219,-1051
3894,213,-1057
3905,205,-1070
3911,196,-1072
3913,185,-1073
3909,187,-1067
3902,189,-1063
3902,185,-1067
3904,179,-1066
3905,179,-1064
3907,175,-1067
3906,173,-1072
3905,171,-1070
3904,174,-1073
3903,174,-1080
3903,172,-1082
3897,176,-1083
3892,178,-1084
3889,181,-1090
3880,188,-1093
3877,191,-1102
3873,191,-1111
3867,197,-1117
3863,198,-1122
3860,196,-1126
3860,199,-1131
3859,203,-1136
3867,213,-1140
3864,211,-1139
3865,210,-1136
3863,206,-1137
3860,205,-1136
3865,201,-1135
3864,204,-1139
3869,202,-1144
3871,198,-1142
3870,191,-1143
3863,186,-1147
3864,179,-1154
3860,175,-1156
3863,170,-1160
3859,164,-1162
3852,161,-1167
3847,159,-1172
3846,157,-1173
3844,153,-1179
3849,151,-1186
3854,146,-1197
3859,148,-1204
3862,143,-1209
3863,148,-1219
3857,145,-1222
3852,144,-1223
3845,149,-1227
3838,152,-1231
3827,157,-1236
3817,158,-1241
3813,160,-1249
3809,159,-1261
3807,159,-1269
3798,151,-1268
3797,150,-1273
3797,154,-1282
3801,159,-1290
3799,166,-1292
3794,176,-1294
3801,180,-1297
3811,178,-1304
3813,181,-1317
3822,187,-1329
3823,196,-1334
3823,208,-1328
3818,221,-1327
3803,225,-1323
3786,223,-1321
3770,221,-1327
3760,220,-1329
3750,218,-1339
3737,213,-1337
3729,209,-1336
3721,201,-1334
3712,194,-1323
3715,192,-1315
3711,188,-1308
3707,182,-1311
3704,172,-1312
3703,154,-1322
3697,144,-1334
3690,138,-1351
3669,131,-1367
3642,128,-1384
3610,132,-1399
3576,141,-1420
3550,155,-1453
3530,170,-1487
3514,169,-1511
3504,160,-1531
3501,149,-1548
3508,138,-1555
3522,125,-1566
3537,124,-1590
3552,126,-1622
3564,124,-1642
3564,121,-1656
3571,119,-1661
3579,120,-1665
3582,119,-1667
3580,119,-1669
3574,119,-1687
3565,111,-1692
3549,103,-1692
3533,97,-1705
3523,92,-1715
3512,91,-1732
3500,89,-1751
3487,88,-1775
3481,82,-1801
3472,75,-1814
3465,73,-1827
3458,64,-1844
3459,58,-1861
3456,55,-1893
3455,52,-1927
3446,43,-1957
3436,31,-1978
3418,22,-1993
3400,13,-2007
3379,10,-2013
3351,6,-2019
3323,3,-2020
3295,5,-2026
3272,12,-2031
3259,17,-2027
3250,24,-2032
3244,32,-2044
3236,40,-2062
3238,48,-2075
3242,52,-2085
3250,61,-2103
3254,73,-2136
3266,80,-2175
3278,87,-2214
3292,85,-2245
3308,77,-2273
3321,78,-2295
3328,77,-2314
3334,71,-2331
3332,71,-2342
3332,74,-2354
3336,80,-2371
3336,88,-2394
3335,99,-2432
3326,106,-2478
3316,103,-2520
3301,93,-2560
3279,80,-2597
3262,66,-2627
3244,61,-2655
3228,56,-2685
3213,62,-2707
3200,66,-2732
3188,74,-2759
3178,81,-2784
3167,91,-2803
3154,102,-2827
3141,111,-2858
3129,114,-2888
3117,108,-2903
3095,101,-2910
3068,100,-2904
3040,102,-2902
3029,102,-2917
3023,95,-2940
3021,92,-2959
3017,85,-2989
3009,76,-2996
3002,68,-3003
2992,74,-3022
2987,74,-3038
2985,70,-3055
2984,62,-3074
2981,48,-3092
2971,30,-3106
2953,14,-3112
2935,1,-3117
2915,-14,-3126
2901,-27,-3133
2880,-43,-3144
2865,-51,-3154
2850,-57,-3169
2839,-60,-3179
2823,-59,-3190
2806,-54,-3187
2792,-49,-3197
2782,-49,-3216
2769,-50,-3225
2751,-53,-3224
2733,-56,-3224
2716,-62,-3225
2702,-67,-3233
2679,-67,-3234
2652,-56,-3222
2636,-42,-3228
2625,-40,-3242
2618,-44,-3263
2618,-47,-3282
2619,-54,-3306
2613,-57,-3329
2614,-62,-3346
2612,-56,-3361
2610,-50,-3378
2607,-38,-3390
2614,-30,-3419
2619,-41,-3444
2604,-66,-3458
2584,-96,-3464
2567,-117,-3471
2550,-128,-3469
2536,-122,-3466
2513,-100,-3458
2489,-71,-3444
2474,-53,-3442
2472,-40,-3457
2477,-30,-3474
2483,-20,-3501
2494,-19,-3537
2513,-12,-3568
2525,-6,-3588
2516,-4,-3596
2509,-7,-3606
2500,-9,-3602
2482,-1,-3590
2469,11,-3573
2451,18,-3550
2435,17,-3544
2412,17,-3522
2386,22,-3503
2359,34,-3486
2348,51,-3476
2342,66,-3466
2331,70,-3458
2321,71,-3450
2304,70,-3439
2295,78,-3429
2280,76,-3416
2258,75,-3404
2248,72,-3402
2241,72,-3397
2227,78,-3384
2209,97,-3366
2209,123,-3357
2207,147,-3358
2205,159,-3360
2210,159,-3374
2215,151,-3391
2214,143,-3406
2206,123,-3414
2206,90,-3420
2194,66,-3420
2180,62,-3404
2176,70,-3404
2107,82,-3421
1997,91,-3466
1831,79,-3538
1699,68,-3618
1661,78,-3698
1629,94,-3751
1606,93,-3804
1593,78,-3875
1661,88,-3909
1729,94,-3918
1826,110,-3898
1884,108,-3884
1926,94,-3863
1990,105,-3833
2051,124,-3801
2101,141,-3759
2126,146,-3711
2141,158,-3669
2164,167,-3647
2194,163,-3652
2202,160,-3631
2197,168,-3600
2191,190,-3565
2187,204,-3538
2181,213,-3531
2175,205,-3540
2165,203,-3557
2153,211,-3566
2158,237,-3559
2159,258,-3558
2146,277,-3552
2136,282,-3564
2135,300,-3570
2131,315,-3588
2123,321,-3606
2109,317,-3617
2105,301,-3643
2088,288,-3663
2065,283,-3676
2026,289,-3665
2010,287,-3679
1991,296,-3691
1988,308,-3703
1999,322,-3725
2015,331,-3747
2031,341,-3751
2051,343,-3766
2064,331,-3770
2076,314,-3772
2070,301,-3755
2062,287,-3747
2076,271,-3757
2072,259,-3769
2071,241,-3787
2059,245,-3787
2037,262,-3767
2030,280,-3768
2026,292,-3799
2010,305,-3813
2003,309,-3837
1992,303,-3848
1977,287,-3851
1955,285,-3837
1942,284,-3817
1922,277,-3791
1916,262,-3779
1924,247,-3783
1945,231,-3802
1973,223,-3821
1999,222,-3844
2029,230,-3847
2043,247,-3860
2036,258,-3844
2018,262,-3826
1989,260,-3809
1934,263,-3776
1883,267,-3758
1847,261,-3762
1817,255,-3759
1790,245,-3749
1766,232,-3724
1751,241,-3694
1747,253,-3669
1747,260,-3664
1758,275,-3674
1771,304,-3684
1781,314,-3698
1768,315,-3721
1751,317,-3738
1725,319,-3743
1697,319,-3765
1692,319,-3792
1705,312,-3831
1712,301,-3869
1703,291,-3886
1695,277,-3918
1660,260,-3959
1644,242,-4003
1631,252,-4034
1636,246,-4070
1610,244,-4082
1584,255,-4088
1541,255,-4107
1487,269,-4119
1458,291,-4124
1453,331,-4109
1460,379,-4079
1478,421,-4035
1496,444,-3976
1516,469,-3923
1552,495,-3879
1580,508,-3863
1620,525,-3860
1651,539,-3863
1670,530,-3866
1682,513,-3865
1696,500,-3871
1702,485,-3887
1705,466,-3901
1704,456,-3906
1687,442,-3901
1683,437,-3900
1675,440,-3905
1657,454,-3901
1623,474,-3890
1584,498,-3872
1552,517,-3860
1524,532,-3858
1491,539,-3865
1463,538,-3874
1458,535,-3880
1462,530,-3879
1472,521,-3885
1501,505,-3892
1542,480,-3897
1591,455,-3892
1615,435,-3884
1618,423,-3876
1625,421,-3869
1619,425,-3866
1611,441,-3876
1603,457,-3896
1597,461,-3922
1588,470,-3937
1562,475,-3943
1531,477,-3948
1513,478,-3957
1500,476,-3973
1496,473,-3989
1492,471,-4009
1501,470,-4027
1505,466,-4033
1503,464,-4042
1494,461,-4039
1483,460,-4027
1485,464,-4020
1486,473,-4013
1494,480,-4006
1501,480,-4005
1509,479,-4002
1512,477,-3992
1521,481,-3983
1532,485,-3978
1542,494,-3978
1553,499,-3973
1561,506,-3979
1567,515,-3984
1565,519,-3987
1563,517,-3989
1559,514,-3986
1561,513,-3987
1551,514,-3988
1538,516,-3991
1529,515,-3984
1525,517,-3973
1525,515,-3967
1528,511,-3966
1528,505,-3968
1536,498,-3968
1541,487,-3972
1542,483,-3962
1543,473,-3960
1540,473,-3963
1537,476,-3968
1531,475,-3991
1531,482,-4023
1528,484,-4059
1519,484,-4101
1500,484,-4141
1483,481,-4169
1468,483,-4186
1462,475,-4182
1461,463,-4167
1467,440,-4140
1483,424,-4108
1502,406,-4064
1517,391,-4020
1535,385,-3983
1552,390,-3964
1565,403,-3965
1574,423,-3973
1570,440,-3991
1564,457,-4016
1550,477,-4043
1535,501,-4073
1524,521,-4108
1518,546,-4145
1503,572,-4174
1500,580,-4188
1500,574,-4196
1501,555,-4185
1505,528,-4175
1519,493,-4151
1534,464,-4125
1541,434,-4103
1554,405,-4079
1567,394,-4056
1581,382,-4041
1579,376,-4037
1580,373,-4045
1583,377,-4053
1584,388,-4058
1586,425,-4064
1562,456,-4078
1533,485,-4095
1522,517,-4112
1516,548,-4133
1504,562,-4150
1506,556,-4169
1520,545,-4181
1530,533,-4177
1541,525,-4155
1549,521,-4119
1542,516,-4079
1539,503,-4050
1537,487,-4031
1538,476,-4020
1541,463,-4016
1542,454,-4017
1533,449,-4017
1517,440,-4025
1490,430,-4023
1468,425,-4026
1445,416,-4033
1430,397,-4040
1411,395,-4040
1394,400,-4030
1380,403,-4006
1376,397,-3967
1393,398,-3917
1419,385,-3854
1452,368,-3806
1472,356,-3763
1485,357,-3728
1485,368,-3698
1474,379,-3688
1474,393,-3688
1461,400,-3690
1441,414,-3692
1423,436,-3696
1391,463,-3695
1345,487,-3703
1312,516,-3716
1288,533,-3747
1274,535,-3789
1266,540,-3818
1253,536,-3842
1283,507,-3869
1316,469,-3888
1341,424,-3885
1379,384,-3863
1416,344,-3834
1439,328,-3780
1457,299,-3731
1440,284,-3697
1422,292,-3687
1394,308,-3702
1358,339,-3745
1337,383,-3791
1315,438,-3832
1298,483,-3865
1293,511,-3892
1286,528,-3899
1281,544,-3884
1305,556,-3865
1323,555,-3842
1336,557,-3819
1334,548,-3816
1341,536,-3814
1355,527,-3826
1368,524,-3845
1359,505,-3860
1361,486,-3863
1378,463,-3856
1391,446,-3850
1410,427,-3839
1426,420,-3844
1439,419,-3860
1434,422,-3862
1415,434,-3877
1395,462,-3902
1376,492,-3928
1360,516,-3952
1342,539,-3958
1327,551,-3949
1317,562,-3920
1327,557,-3883
1340,542,-3849
1361,541,-3843
1388,538,-3857
1400,536,-3885
1410,545,-3917
1407,556,-3950
1404,557,-4003
1401,560,-4046
1402,568,-4070
1410,579,-4085
1416,595,-4081
1430,590,-4084
1445,580,-4087
1464,566,-4089
1489,562,-4096
1494,564,-4099
1506,578,-4098
1521,592,-4086
1525,613,-4058
1509,632,-4033
1498,634,-4008
1499,638,-3975
1504,625,-3947
1497,615,-3921
1486,608,-3919
1480,604,-3936
1480,601,-3978
1478,603,-4025
1473,608,-4068
1475,613,-4123
1481,613,-4175
1489,610,-4216
1488,608,-4233
1482,609,-4232
1481,609,-4209
1489,607,-4179
1497,602,-4142
1504,598,-4101
1509,601,-4061
1505,610,-4031
1494,622,-4011
1483,639,-4011
1479,661,-4020
1482,680,-4037
1489,691,-4050
1492,697,-4047
1494,700,-4043
1488,705,-4034
1482,709,-4035
1485,693,-4052
1497,669,-4065
1503,648,-4077
1513,630,-4079
1513,616,-4069
1518,609,-4057
1523,604,-4051
1517,601,-4047
1513,604,-4035
1500,615,-4011
1488,612,-3989
1473,606,-3975
1458,607,-3967
1451,623,-3962
1451,641,-3973
1465,663,-3984
1475,690,-3988
1483,702,-3997
1493,706,-3998
1504,700,-3990
1513,684,-3970
1517,659,-3946
1536,625,-3927
1555,596,-3921
1568,581,-3916
1584,574,-3925
1587,573,-3945
1584,572,-3977
1573,577,-4009
1559,576,-4042
1532,575,-4063
1507,573,-4066
1482,567,-4053
1470,556,-4029
1463,544,-3994
1470,537,-3952
1484,534,-3911
1513,532,-3876
1541,542,-3848
1583,560,-3823
1620,581,-3809
1651,596,-3795
1708,610,-3775
1755,611,-3760
1681,628,-3791
1586,665,-3854
1559,688,-3906
1576,694,-3937
1590,704,-3927
1597,694,-3894
1580,666,-3865
1557,641,-3848
1542,625,-3850
1547,605,-3856
1565,595,-3853
1574,566,-3846
1602,539,-3829
1622,527,-3816
1610,553,-3802
1601,594,-3795
1623,609,-3795
1641,621,-3792
1649,635,-3790
1647,645,-3790
1660,638,-3755
1706,587,-3710
1716,539,-3669
1680,548,-3651
1644,586,-3658
1631,634,-3680
1625,646,-3716
1617,626,-3747
1618,594,-3744
1605,569,-3716
1592,546,-3675
1587,522,-3620
1592,502,-3570
1612,492,-3536
1629,499,-3512
1639,526,-3498
1659,550,-3495
1668,565,-3496
1671,577,-3479
1671,582,-3450
1670,600,-3406
1684,599,-3362
1694,584,-3311
1685,556,-3269
1668,527,-3229
1655,507,-3186
1636,488,-3146
1611,463,-3109
1595,447,-3071
1583,429,-3048
1566,408,-3032
1571,387,-3023
1577,378,-3014
1581,368,-3003
1579,364,-2983
1579,358,-2972
1565,359,-2957
1544,368,-2940
1510,390,-2911
1473,408,-2885
1454,406,-2874
1430,400,-2845
1418,380,-2815
1413,364,-2778
1416,346,-2731
1421,323,-2687
1422,304,-2641
1423,281,-2614
1424,263,-2598
1444,251,-2590
1471,253,-2582
1478,275,-2584
1466,301,-2597
1463,319,-2635
1465,341,-2673
1467,367,-2717
1475,389,-2749
1487,404,-2771
1494,414,-2777
1517,429,-2760
1512,444,-2727
1485,435,-2699
1465,420,-2692
1460,401,-2683
1508,353,-2745
1530,336,-2722
1523,315,-2659
1512,288,-2626
1478,287,-2632
1503,271,-2587
1577,273,-2534
1629,257,-2506
1670,248,-2493
1709,261,-2473
1741,264,-2456
1747,258,-2456
1746,232,-2490
1756,220,-2509
1812,215,-2543
1876,229,-2596
1970,274,-2658
2060,334,-2734
2126,394,-2832
2228,463,-2924
2337,521,-3029
2399,595,-3107
2470,658,-3135
2482,696,-3132
2468,732,-3118
2471,771,-3134
2498,825,-3173
2562,894,-3225
2644,984,-3283
2708,1028,-3337
2769,1069,-3387
2816,1140,-3398
2842,1255,-3372
2888,1375,-3369
2869,1445,-3333
2857,1498,-3300
2850,1554,-3274
2876,1637,-3259
2927,1685,-3257
3018,1769,-3297
3123,1859,-3363
3265,1781,-3637
3415,1606,-4095
3441,1583,-4368
3409,1625,-4459
3354,1703,-4490
3263,1805,-4431
3208,1911,-4341
3268,1958,-4357
3405,1995,-4455
3630,2051,-4636
3925,2175,-4838
4207,2318,-5070
4420,2414,-5307
4587,2534,-5477
4721,2600,-5667
4865,2613,-5837
4897,2617,-5922
4775,2674,-5742
4483,2654,-5304
4097,2583,-4681
3782,2466,-4048
3491,2338,-3493
3247,2266,-2995
3060,2113,-2672
2948,2015,-2463
2680,1915,-2355
2273,1888,-2332
2051,1869,-2383
2061,1853,-2519
2154,1847,-2714
2245,1838,-2908
2344,1819,-3071
2414,1775,-3196
2470,1737,-3261
2542,1737,-3312
2670,1747,-3363
2886,1772,-3566
3174,1829,-3930
3538,1941,-4386
3988,2040,-4938
4499,2216,-5467
4988,2391,-5871
5426,2529,-6031
5717,2620,-5654
5770,2601,-4734
5518,2500,-3329
5031,2467,-1286
4769,2749,1427
4456,2983,3263
4302,2939,4512
4183,2673,5060
3904,2358,4812
3358,1995,4075
2781,1586,3344
2379,1137,2860
2098,730,2732
1896,436,2876
1750,258,3112
1615,194,3094
1416,195,3005
1201,158,2743
999,89,2328
802,14,1907
538,-127,1543
248,-238,1350
-35,-297,1282
-280,-361,1228
-579,-497,1175
-1112,-718,925
-1474,-750,824
-1782,-659,799
-2132,-592,784
-2690,-616,791
-3458,-615,940
-4451,-591,1234
-6401,-503,1525
-11081,153,1469
-13662,1028,2312
-12641,1308,4611
-9552,1159,10617
-4850,325,20353
-162,-1193,26558
1925,-2056,26720
1449,-1789,22004
921,-1156,17235
1273,-330,14743
2057,205,12877
2626,440,10997
2684,408,8976
2356,203,7004
1867,-95,5437
1226,-413,4286
390,-728,3451
-682,-1065,2893
-2020,-1479,2572
-3698,-2088,2360
-4990,-2532,2394
-6819,-2948,3342
-9095,-3752,3717
-11084,-5424,4009
-10994,-7741,4861
-8403,-8641,5801
-5512,-7870,5827
-3431,-6400,5057
-2057,-5023,4000
-1128,-3830,3010
-545,-2855,2172
-204,-2091,1518
-9,-1521,1032
98,-1116,695
168,-845,492
216,-711,387
273,-670,376
372,-740,444
527,-938,603
752,-1275,886
1062,-1763,1306
1566,-2260,1729
2012,-2701,2183
2246,-2923,2644
2247,-2859,3047
2088,-2619,3460
1810,-2333,3971
1484,-2092,4720
1135,-1867,5648
723,-1601,6526
252,-1337,7097
-195,-1159,7163
-563,-1055,6683
-869,-929,5837
-1043,-900,4999
-1145,-937,4317
-1246,-962,3827
-1379,-995,3486
-1572,-1071,3273
-1909,-1066,2986
-2128,-1293,2852
-2160,-1641,2780
-2196,-1764,2673
-2180,-1893,2617
-2145,-1980,2615
-2336,-1942,2268
-2574,-1853,2042
-2622,-1976,2116
-2432,-2281,2384
-2141,-2581,2751
-1801,-2732,3221
-1557,-2668,3550
-1503,-2361,3947
-1581,-2072,4389
-1783,-1860,4817
-2029,-1762,5111
-2166,-1750,5229
-2124,-1686,5243
-1979,-1481,4680
-2289,-1899,2092
-1927,-3260,197
-971,-3786,928
-658,-3636,2671
-824,-2677,3867
-542,-1620,4376
-170,-1404,4277
-95,-1758,3821
-165,-1982,3542
-284,-1956,3522
-417,-1835,3567
-497,-1651,3598
-618,-1530,3578
-725,-1454,3615
-802,-1362,3606
-857,-1263,3637
-875,-1166,3741
-901,-1077,3851
-919,-976,3910
-971,-880,3895
-991,-677,3759
-961,-722,3529
-1117,-748,3977
-927,-736,4248
-937,-657,4179
-1041,-653,4379
-1224,-722,4467
-1369,-758,4234
-1443,-788,4026
-1454,-835,4032
-1380,-800,4001
-1244,-741,3899
-1164,-660,3784
-1135,-615,3644
-1066,-588,3515
-855,-568,3521
-736,-540,3567
-663,-587,3732
-691,-535,4057
-689,-606,4241
-723,-743,4100
-802,-668,4024
-779,-612,4083
-802,-648,4045
-764,-746,3895
-747,-799,3750
-788,-816,3704
-884,-728,3779
-825,-638,3816
-782,-510,3813
-726,-418,3766
-679,-311,3715
-614,-221,3612
-561,-177,3499
-677,-166,3707
-863,-180,3569
-1035,-207,3613
-995,-312,3719
-968,-369,3734
-1066,-392,3690
-1069,-477,3709
-1162,-615,3713
-1173,-687,3725
-1121,-720,3645
-1176,-675,3661
-1198,-636,3700
-1066,-716,3788
-922,-833,3863
-850,-887,3900
-826,-886,3964
-844,-926,3992
-894,-969,4032
-830,-978,4179
-740,-1041,4263
-566,-1078,4085
-488,-1082,4055
-464,-1116,4286
-314,-1189,4289
-140,-1088,3966
-87,-984,3506
2,-773,3049
101,-585,2845
47,-577,2965
-121,-709,3264
-313,-783,3607
-415,-843,3853
-462,-836,4059
-496,-777,4208
-427,-701,4167
-191,-468,3918
288,-217,3815
884,105,4092
1323,477,4302
1393,633,4094
1138,564,3670
729,324,3373
328,-72,3323
72,-507,3425
-113,-778,3630
-221,-921,3957
-250,-998,4352
-254,-1003,4645
-148,-997,4615
62,-922,4378
245,-748,4119
393,-631,3950
539,-522,3855
651,-381,3808
712,-241,3833
676,-155,3888
584,-94,3900
433,-62,3855
319,-49,3838
182,-26,3854
27,15,3852
-150,112,3822
-313,211,3814
-404,248,3844
-458,150,3765
-509,135,3768
-527,123,3939
-520,227,4233
-518,368,4354
-536,397,4235
-554,490,4070
-570,530,3910
-490,659,4200
-357,827,4575
-234,867,4524
-170,798,4295
-138,619,4032
-152,400,3842
-216,268,3839
-266,231,3912
-316,210,3924
-363,196,3880
-422,172,3782
-467,173,3760
-445,179,3879
-400,202,4001
-365,228,4034
-340,210,3966
-275,167,3894
-162,102,3850
-112,80,3837
-109,45,3832
-157,26,3827
-271,45,3886
-349,-19,3931
-390,-96,3913
-433,-143,3827
-491,-143,3803
-561,-159,3840
-621,-160,3891
-703,-153,3899
-761,-147,3865
-824,-174,3812
-899,-180,3807
-958,-173,3801
-1046,-162,3827
-1061,-79,4092
-1018,23,4129
-1028,-114,3639
-1055,-286,3331
-996,-383,3487
-898,-357,3910
-1054,-437,3904
-1033,-445,3847
-963,-479,3810
-842,-602,3522
-722,-642,3366
-635,-608,3507
-613,-513,3924
-705,-480,4367
-770,-546,4300
-706,-627,4076
-595,-565,3979
-509,-415,4000
-416,-323,4019
-369,-251,4023
-349,-201,4025
-367,-213,4061
-382,-236,4117
-409,-252,4140
-440,-245,4125
-433,-249,4113
-410,-268,4075
-373,-284,3977
-339,-292,3867
-314,-319,3804
-279,-338,3849
-261,-362,3931
-251,-369,3960
-258,-376,3948
-287,-403,3939
-304,-420,3964
-328,-430,3972
-352,-436,3971
-375,-450,3955
-391,-465,3940
-394,-482,3921
-395,-502,3906
-385,-522,3893
-376,-530,3887
-361,-539,3888
-351,-542,3884
-341,-546,3879
-338,-541,3866
-327,-530,3853
-316,-514,3842
-320,-478,3834
-365,-454,3821
-352,-440,3823
-360,-425,3847
-375,-447,3879
-396,-477,3916
-437,-520,3969
-443,-527,3979
-408,-531,3934
-367,-519,3926
-348,-500,3939
-345,-489,3944
-355,-496,3935
-354,-490,3936
-347,-483,3935
-346,-485,3938
-347,-485,3944
-351,-484,3945
-361,-488,3946
-367,-492,3952
-375,-499,3948
-382,-511,3943
-386,-515,3935
-382,-512,3932
-382,-505,3931
-384,-495,3930
-395,-479,3928
-407,-466,3921
-420,-454,3916
-428,-442,3920
-444,-429,3924
-451,-416,3917
-460,-407,3910
-465,-395,3904
-467,-383,3898
-469,-362,3890
-468,-346,3880
-470,-329,3873
-475,-322,3864
-474,-312,3845
-474,-303,3831
-469,-284,3851
-461,-280,3897
-460,-266,3934
-461,-262,3922
-464,-247,3902
-469,-236,3897
-474,-235,3899
-469,-240,3902
-467,-233,3901
-459,-231,3894
-461,-223,3889
-456,-222,3888
-452,-230,3892
-448,-245,3896
-444,-235,3906
-438,-226,3906
-440,-229,3901
-439,-234,3899
-435,-229,3905
-435,-230,3912
-433,-234,3922
-431,-234,3929
-427,-230,3932
-427,-218,3940
-420,-211,3947
-418,-209,3950
-422,-213,3951
-424,-217,3945
-421,-217,3941
-421,-224,3940
-425,-232,3935
-428,-233,3932
-436,-233,3928
-435,-235,3919
-442,-239,3914
-441,-241,3911
-448,-248,3913
-448,-250,3906
-449,-253,3910
-450,-255,3901
-451,-266,3898
-454,-272,3898
-457,-279,3902
-456,-283,3899
-455,-288,3899
-457,-289,3894
-457,-291,3898
-455,-297,3899
-454,-308,3910
-453,-315,3913
-452,-321,3902
-453,-330,3890
-451,-332,3890
-448,-339,3897
-441,-344,3897
-436,-348,3904
-432,-351,3904
-434,-359,3908
-433,-357,3909
-429,-356,3910
-429,-359,3906
-426,-358,3899
-429,-355,3899
-427,-354,3901
-425,-356,3901
-422,-355,3896
-423,-361,3891
-427,-368,3887
-428,-369,3882
-430,-370,3890
-433,-369,3891
-431,-369,3891
-431,-369,3891
-428,-371,3893
-431,-367,3897
-437,-364,3902
-438,-365,3906
-439,-364,3914
-437,-367,3918
-439,-363,3916
-436,-363,3918
-438,-368,3909
-436,-369,3914
-439,-360,3927
-438,-360,3949
-445,-354,3936
-456,-343,3859
-464,-345,3762
-460,-350,3745
-455,-338,3804
-449,-337,3887
-445,-331,3922
-445,-327,3900
-451,-330,3883
-453,-326,3911
-457,-326,3933
-458,-317,3924
-461,-320,3916
-461,-327,3910
-452,-335,3901
-447,-338,3891
-441,-334,3888
-428,-331,3896
-417,-325,3904
-416,-321,3905
-417,-313,3910
-418,-304,3908
-420,-300,3903
-425,-303,3898
-426,-307,3901
-425,-306,3909
-423,-308,3916
-422,-319,3920
-429,-321,3918
-434,-317,3919
-438,-316,3923
-440,-318,3920
-443,-325,3921
-377,-365,3952
-428,-374,3958
-447,-358,3905
-461,-310,3882
-458,-293,3878
-466,-323,3894
-494,-318,3899
-496,-299,3906
-477,-301,3908
-466,-311,3896
-461,-312,3898
-408,-293,3933
-421,-328,3915
-452,-321,3886
-423,-327,3913
-434,-303,3927
-392,-306,3934
-339,-377,3922
-341,-267,3955
-276,-289,3964
-180,-337,3985
-233,-361,3933
-380,-338,3874
-462,-280,3918
-518,-274,3956
-541,-307,3933
-545,-324,3885
-541,-310,3884
-550,-323,3882
-537,-333,3869
-518,-337,3866
-500,-321,3856
-501,-352,3805
-485,-359,3843
-473,-380,3904
-420,-345,3965
-463,-353,3930
-460,-351,3919
-465,-341,3906
-471,-348,3877
-470,-347,3866
-461,-341,3866
-432,-337,3881
-400,-315,3914
-364,-290,3936
-378,-272,3928
-414,-273,3913
-429,-283,3912
-435,-299,3916
-440,-319,3911
-451,-332,3905
-463,-346,3906
-468,-353,3911
-464,-359,3913
-458,-366,3921
-448,-372,3920
-453,-358,3924
-456,-346,3918
-462,-336,3909
-435,-347,3921
-432,-351,3919
-441,-342,3902
-439,-335,3893
-439,-332,3892
-437,-328,3902
-433,-332,3901
-435,-323,3889
-442,-322,3894
-446,-321,3906
-452,-331,3914
-462,-327,3922
-466,-333,3923
-470,-345,3922
-474,-352,3917
-476,-358,3913
-485,-358,3909
-481,-364,3910
-480,-360,3911
-474,-353,3916
-457,-353,3913
-432,-355,3913
-470,-347,3909
-519,-348,3904
-537,-345,3911
-532,-341,3917
-526,-338,3925
-528,-329,3934
-532,-319,3941
-541,-327,3936
-542,-328,3942
-544,-335,3936
-552,-316,3928
-546,-307,3910
-543,-302,3890
-536,-292,3877
-510,-287,3868
-486,-280,3856
-463,-269,3849
-449,-251,3850
-433,-234,3852
-416,-235,3858
-400,-252,3873
-404,-266,3886
-411,-278,3885
-415,-261,3882
-423,-263,3873
-428,-275,3881
-436,-286,3900
-454,-303,3912
-469,-316,3927
-488,-300,3945
-494,-280,3960
-489,-290,3956
-490,-316,3950
-506,-340,3946
-515,-319,3942
-536,-281,3918
-559,-263,3906
-565,-260,3894
-550,-269,3888
-538,-276,3887
-557,-275,3841
-585,-263,3753
-581,-250,3678
-554,-271,3672
-520,-295,3724
-485,-309,3798
-455,-327,3835
-407,-330,3844
-378,-312,3838
-390,-322,3875
-342,-311,3914
-309,-311,3863
-268,-311,3828
-229,-282,3844
-205,-239,3875
-197,-211,3881
-202,-189,3888
-204,-171,3906
-236,-149,3893
-272,-143,3882
-312,-147,3889
-349,-160,3901
-384,-180,3920
-417,-194,3937
-438,-215,3941
-446,-238,3945
-465,-254,3944
-462,-272,3946
-448,-288,3943
-444,-298,3945
-450,-316,3934
-444,-316,3933
-462,-326,3927
-473,-337,3927
-473,-347,3933
-479,-355,3939
-485,-358,3941
-491,-355,3943
-508,-360,3939
-517,-361,3936
-518,-366,3931
-519,-375,3930
-526,-384,3932
-538,-390,3929
-537,-393,3922
-537,-392,3918
-545,-395,3917
-540,-396,3914
-536,-391,3915
-530,-387,3912
-530,-387,3906
-522,-385,3902
-513,-380,3904
-513,-379,3898
-503,-379,3893
-501,-372,3892
-492,-363,3895
-487,-364,3893
-477,-356,3896
-476,-347,3902
-468,-340,3905
-466,-335,3908
-464,-336,3911
-448,-320,3913
-450,-303,3906
-456,-304,3882
-453,-316,3852
-460,-339,3851
-444,-356,3905
-438,-369,3941
-442,-363,3936
-443,-356,3917
-452,-354,3895
-463,-357,3874
-467,-355,3861
-473,-360,3872
-484,-360,3889
-474,-364,3910
-468,-364,3919
-471,-370,3912
-475,-360,3911
-479,-363,3902
-485,-360,3888
-477,-345,3898
-475,-332,3903
-469,-333,3896
-459,-332,3897
-452,-325,3906
-446,-325,3910
-449,-330,3913
-453,-326,3926
-453,-314,3939
-452,-309,3949
-449,-308,3951
-447,-311,3951
-443,-317,3942
-439,-327,3934
-441,-328,3926
-445,-320,3921
-457,-303,3909
-469,-300,3901
-470,-299,3897
-461,-301,3903
-454,-300,3908
-447,-299,3910
-451,-293,3909
-453,-290,3907
-452,-287,3908
-451,-292,3909
-451,-289,3910
-450,-284,3909
-446,-286,3904
-441,-286,3897
-443,-284,3890
-441,-283,3887
-447,-286,3884
-450,-291,3885
-451,-293,3890
-456,-294,3893
-462,-297,3896
-464,-297,3904
-467,-296,3912
-470,-295,3913
-474,-300,3915
-480,-299,3916
-478,-301,3917
-476,-307,3914
-476,-312,3910
-475,-313,3910
-477,-315,3912
-476,-316,3909
-477,-319,3906
-473,-319,3905
-474,-318,3906
-478,-318,3902
-480,-317,3900
-478,-320,3894
-475,-319,3891
-482,-317,3892
-481,-316,3889
-478,-316,3887
-476,-318,3883
-475,-320,3883
-471,-319,3886
-469,-319,3897
-466,-316,3907
-468,-322,3911
-465,-325,3916
-464,-327,3924
-465,-331,3922
-459,-329,3920
-458,-331,3920
-458,-335,3917
-459,-339,3915
-462,-342,3916
-465,-343,3920
-461,-350,3931
-463,-351,3935
-469,-341,3896
-474,-336,3821
-471,-344,3788
-472,-338,3817
-469,-332,3866
-469,-320,3901
-461,-314,3903
-462,-327,3899
-463,-329,3915
-468,-336,3932
-473,-334,3932
-470,-332,3925
-470,-338,3915
-468,-347,3898
-469,-353,3882
-462,-344,3876
-451,-337,3880
-443,-328,3892
-440,-324,3900
-442,-317,3902
-440,-310,3899
-442,-307,3904
-446,-300,3910
-444,-302,3920
-440,-302,3919
-437,-297,3918
-430,-301,3915
-430,-299,3919
-431,-297,3917
-435,-295,3916
-434,-297,3917
-437,-301,3921
-444,-304,3921
-452,-302,3922
-459,-305,3929
-462,-306,3923
-462,-305,3916
-462,-308,3911
-463,-314,3911
-465,-316,3907
-465,-316,3904
-466,-314,3904
-468,-314,3900
-465,-315,3904
-464,-312,3904
-462,-315,3904
-463,-314,3901
-461,-311,3902
-457,-313,3901
-462,-312,3904
-466,-313,3901
-462,-317,3899
-460,-315,3902
-455,-310,3899
-453,-304,3900
-453,-299,3902
-452,-304,3911
-448,-302,3912
-445,-306,3915
-443,-305,3914
-439,-308,3912
-438,-308,3914
-440,-309,3912
-441,-309,3906
-442,-313,3896
-444,-313,3883
-446,-311,3870
-449,-305,3856
-446,-316,3869
-447,-334,3906
-432,-323,3935
-435,-321,3928
-444,-324,3902
-456,-329,3876
-472,-334,3858
-469,-331,3871
-466,-322,3900
-465,-327,3922
-455,-328,3936
-449,-325,3938
-447,-330,3931
-452,-337,3914
-456,-341,3908
-458,-338,3894
-464,-339,3886
-456,-330,3891
-450,-321,3901
-439,-319,3913
-431,-320,3922
-425,-321,3929
-421,-318,3938
-425,-317,3942
-426,-313,3948
-426,-309,3951
-430,-311,3947
-438,-315,3945
-439,-319,3941
-439,-326,3937
-445,-322,3929
-448,-321,3916
-448,-321,3905
-446,-322,3900
-444,-321,3906
-446,-321,3908
-448,-317,3909
-446,-315,3910
-451,-317,3904
-452,-316,3908
-455,-317,3910
-456,-313,3910
-455,-314,3910
-457,-315,3909
-458,-318,3906
-459,-315,3905
-459,-317,3899
-455,-316,3894
-458,-318,3889
-460,-321,3891
-455,-320,3896
-458,-317,3902
-455,-318,3904
-456,-316,3907
-457,-316,3913
-458,-316,3910
-459,-312,3908
-461,-313,3907
-458,-313,3911
-455,-315,3909
-453,-317,3906
-450,-318,3908
-449,-321,3906
-449,-324,3907
-452,-322,3910
-446,-320,3905
-450,-319,3906
-447,-316,3903
-451,-316,3907
-452,-317,3904
-451,-313,3904
-452,-313,3906
-455,-314,3904
-456,-313,3902
-456,-314,3900
-459,-313,3903
-458,-319,3900
-461,-321,3898
-462,-321,3896
-455,-320,3898
-456,-317,3899
-459,-317,3898
-458,-315,3900
-458,-318,3908
-458,-322,3913
-453,-317,3920
-457,-317,3919
-458,-314,3918
-459,-316,3924
-454,-315,3922
-451,-321,3915
-451,-322,3915
-454,-323,3910
-454,-329,3912
-451,-333,3920
-452,-329,3932
-458,-315,3899
-457,-307,3821
-463,-321,3770
-465,-318,3796
-460,-306,3860
-460,-302,3915
-456,-297,3918
-460,-307,3900
-470,-314,3910
-476,-320,3934
-475,-322,3938
-478,-321,3940
-480,-325,3922
-484,-332,3888
-484,-338,3873
-465,-343,3877
-451,-344,3874
-431,-330,3892
-423,-310,3908
-424,-296,3919
-428,-290,3913
-434,-292,3901
-441,-291,3901
-444,-290,3911
-439,-293,3915
-438,-296,3916
-433,-297,3912
-430,-301,3918
-425,-305,3913
-428,-314,3912
-428,-313,3917
-433,-312,3921
-441,-313,3923
-463,-310,3925
-459,-317,3921
-455,-326,3924
-453,-332,3928
-451,-327,3923
-455,-329,3910
-455,-329,3907
-456,-330,3906
-457,-329,3907
-456,-330,3908
-453,-328,3904
-450,-326,3900
-450,-328,3904
-450,-322,3906
-451,-321,3906
-449,-317,3909
-447,-318,3906
-447,-321,3909
-452,-319,3909
-450,-318,3908
-449,-319,3908
-449,-320,3911
-448,-318,3906
-447,-317,3912
-444,-318,3910
-445,-321,3909
-443,-322,3915
-440,-320,3915
-439,-320,3913
-439,-318,3914
-438,-321,3910
-439,-317,3897
-442,-311,3882
-439,-314,3867
-436,-316,3858
-429,-323,3886
-424,-329,3931
-433,-327,3938
-441,-324,3913
-448,-316,3901
-456,-316,3890
-461,-313,3872
-470,-315,3867
-480,-316,3877
-463,-318,3897
-455,-323,3918
-468,-317,3927
-473,-312,3915
-460,-321,3901
-451,-331,3897
-449,-326,3897
-453,-324,3892
-450,-317,3892
-449,-315,3891
-443,-313,3896
-434,-308,3913
-426,-308,3927
-426,-307,3938
-426,-310,3936
-427,-306,3940
-431,-310,3939
-433,-312,3941
-436,-309,3939
-439,-313,3937
-441,-316,3924
-444,-321,3914
-445,-321,3900
-443,-319,3893
-444,-318,3894
-444,-316,3902
-448,-318,3906
-452,-316,3906
-457,-320,3905
-454,-322,3906
-455,-322,3906
-453,-322,3906
-452,-324,3908
-445,-326,3912
-447,-325,3911
-452,-322,3904
-449,-321,3899
-449,-317,3892
-451,-318,3889
-454,-320,3893
-460,-321,3885
-461,-320,3882
-457,-319,3883
-458,-317,3893
-456,-316,3902
-457,-317,3906
-450,-318,3911
-435,-296,3944
-437,-297,3945
-449,-332,3895
-454,-329,3874
-451,-318,3889
-448,-315,3912
-446,-318,3911
-447,-329,3903
-447,-330,3896
-448,-320,3909
-446,-317,3914
-446,-316,3913
-449,-318,3911
-455,-316,3910
-456,-315,3909
-455,-312,3909
-455,-309,3907
-455,-309,3899
-460,-314,3902
-458,-310,3906
-457,-311,3907
-455,-312,3915
-454,-318,3916
-452,-313,3916
-458,-305,3916
-457,-301,3913
-458,-300,3913
-454,-307,3914
-438,-348,3910
-434,-352,3914
-454,-314,3912
-471,-284,3883
-485,-279,3866
-485,-280,3873
-485,-281,3894
-486,-283,3891
-482,-284,3885
-477,-284,3909
-478,-292,3920
-478,-285,3921
-480,-292,3903
-469,-299,3912
-465,-317,3907
-456,-321,3901
-478,-312,3898
-491,-300,3892
-495,-298,3910
-493,-313,3908
-482,-312,3925
-489,-306,3892
-479,-302,3821
-487,-313,3778
-478,-312,3803
-483,-299,3860
-480,-296,3897
-471,-290,3928
-481,-296,3917
-469,-298,3933
-478,-295,3933
-471,-294,3935
-479,-298,3929
-480,-302,3906
-477,-305,3900
-485,-314,3867
-471,-310,3871
-483,-312,3856
-461,-294,3884
-471,-291,3886
-455,-285,3896
-473,-285,3896
-463,-274,3906
-471,-279,3918
-463,-277,3924
-462,-284,3936
-456,-285,3938
-457,-288,3936
-449,-292,3922
-436,-291,3923
-429,-295,3930
-438,-291,3928
-449,-290,3922
-451,-290,3926
-456,-291,3932
-467,-292,3934
-474,-293,3925
-475,-292,3904
-475,-287,3871
-485,-288,3857
-496,-292,3869
-506,-299,3904
-502,-314,3920
-491,-319,3929
-485,-320,3901
-459,-310,3892
-462,-299,3880
-449,-288,3887
-465,-282,3890
-467,-282,3893
-476,-288,3907
-479,-295,3903
-474,-298,3916
-482,-299,3906
-471,-301,3913
-481,-304,3907
-474,-300,3907
-479,-298,3908
-470,-296,3900
-472,-288,3909
-472,-290,3899
-459,-293,3911
-468,-296,3906
-455,-297,3908
-460,-295,3902
-453,-296,3898
-460,-301,3896
-467,-291,3874
-478,-267,3867
-483,-281,3874
-459,-295,3937
-462,-299,3952
-454,-302,3940
-471,-300,3924
-471,-293,3906
-485,-293,3887
-494,-297,3859
-482,-303,3881
-491,-301,3893
-477,-298,3913
-489,-299,3907
-475,-297,3910
-484,-294,3905
-480,-296,3890
-478,-297,3900
-480,-296,3883
-477,-291,3896
-483,-293,3882
-468,-290,3900
-474,-294,3893
-457,-288,3914
-472,-287,3910
-456,-285,3922
-466,-288,3924
-460,-289,3917
-466,-285,3932
-470,-287,3917
-459,-287,3932
-469,-290,3915
-461,-289,3922
-472,-294,3908
-463,-290,3907
-474,-290,3902
-471,-288,3894
-470,-284,3904
-477,-284,3890
-470,-283,3902
-479,-289,3891
-467,-287,3904
-473,-292,3898
-463,-291,3900
-463,-294,3901
-467,-290,3896
-465,-292,3899
-467,-290,3892
-457,-294,3892
-459,-295,3895
-458,-297,3899
-461,-297,3898
-461,-297,3898
-465,-298,3887
-469,-293,3883
-474,-294,3881
-477,-290,3868
-485,-285,3840
-501,-287,3818
-497,-278,3808
-501,-288,3814
-503,-296,3826
-502,-296,3847
-499,-292,3865
-494,-294,3878
-498,-302,3887
-509,-312,3901
-513,-322,3918
-488,-314,3932
-471,-309,3938
-469,-305,3949
-469,-301,3955
-467,-301,3962
-470,-306,3961
-469,-307,3958
-466,-304,3953
-462,-309,3942
-460,-311,3936
-461,-307,3923
-464,-305,3915
-471,-303,3909
-477,-309,3901
-468,-307,3906
-455,-304,3919
-453,-301,3922
-452,-303,3930
-456,-304,3925
-456,-303,3925
-455,-303,3923
-461,-307,3924
-462,-309,3926
-465,-311,3923
-467,-307,3919
-470,-308,3916
-470,-310,3913
-472,-310,3910
-472,-313,3914
-477,-313,3914
-477,-316,3913
-477,-314,3912
-482,-313,3909
-478,-311,3909
-481,-311,3904
-478,-311,3901
-479,-307,3902
-479,-307,3897
-482,-308,3890
-484,-309,3886
-480,-312,3887
-485,-314,3886
-484,-312,3887
-483,-306,3887
-481,-308,3891
-485,-307,3897
-480,-304,3904
-475,-304,3906
-474,-303,3906
-471,-301,3905
-473,-301,3908
-468,-301,3909
-465,-305,3914
-466,-304,3910
-466,-305,3911
-465,-308,3916
-463,-311,3931
-462,-308,3933
-457,-279,3903
-490,-307,3799
-481,-317,3765
-482,-297,3810
-479,-290,3873
-476,-289,3910
-473,-285,3914
-471,-303,3907
-473,-310,3912
-476,-316,3924
-475,-317,3923
-478,-307,3914
-476,-309,3910
-480,-313,3897
-479,-315,3884
-478,-310,3879
-468,-313,3880
-452,-307,3884
-434,-306,3895
-441,-292,3898
-450,-291,3894
-451,-291,3889
-458,-288,3897
-456,-291,3909
-452,-292,3916
-447,-295,3918
-447,-299,3920
-441,-300,3922
-438,-300,3921
-439,-302,3914
-442,-302,3910
-448,-306,3913
-452,-310,3918
-456,-308,3918
-463,-310,3915
-464,-312,3915
-463,-315,3919
-467,-320,3915
-470,-318,3909
-468,-313,3909
-469,-318,3911
-469,-318,3908
-469,-312,3908
-466,-313,3902
-465,-315,3907
-464,-313,3905
-461,-309,3905
-464,-308,3907
-462,-310,3908
-464,-306,3908
-462,-307,3909
-456,-305,3904
-455,-305,3906
-453,-305,3909
-454,-304,3908
-456,-306,3905
-457,-309,3905
-452,-309,3905
-452,-307,3908
-453,-305,3912
-454,-307,3917
-452,-304,3917
-449,-306,3917
-447,-304,3906
-452,-303,3902
-454,-300,3898
-451,-297,3883
-451,-290,3861
-449,-299,3858
-443,-312,3909
-445,-312,3946
-452,-308,3928
-456,-311,3906
-459,-304,3894
-467,-300,3879
-469,-304,3867
-469,-301,3877
-471,-300,3898
-476,-303,3899
-478,-304,3908
-471,-306,3916
-467,-305,3911
-464,-309,3900
-467,-306,3890
-467,-305,3885
-469,-308,3883
-464,-309,3876
-456,-299,3894
-448,-295,3913
-444,-299,3920
-437,-299,3930
-434,-297,3939
-438,-296,3943
-438,-301,3939
-440,-304,3942
-443,-307,3942
-447,-303,3944
-451,-307,3938
-452,-311,3927
-454,-309,3911
-458,-312,3899
-456,-313,3895
-457,-310,3897
-453,-310,3903
-457,-311,3906
-457,-303,3907
-458,-298,3903
-458,-301,3901
-458,-302,3904
-456,-300,3905
-455,-304,3906
-454,-308,3902
-452,-307,3907
-452,-305,3909
-452,-312,3906
-456,-314,3899
-454,-313,3900
-455,-311,3902
-454,-309,3901
-452,-311,3905
-453,-314,3914
-455,-312,3915
-456,-310,3922
-455,-309,3920
-456,-309,3925
-454,-309,3923
-451,-308,3920
-458,-306,3918
-453,-309,3917
-453,-308,3908
-449,-311,3901
-446,-312,3903
-448,-308,3897
-450,-306,3901
-452,-307,3902
-456,-306,3898
-456,-307,3900
-457,-309,3900
-458,-304,3903
-457,-304,3905
-457,-303,3907
-454,-304,3906
-455,-305,3907
-455,-306,3908
-458,-305,3906
-455,-307,3903
-457,-304,3904
-458,-305,3905
-457,-308,3907
-457,-308,3906
-455,-309,3905
-457,-311,3903
-455,-310,3906
-455,-307,3909
-457,-307,3905
-455,-309,3905
-453,-309,3906
-454,-310,3905
-453,-307,3904
-455,-305,3908
-459,-305,3908
-454,-305,3908
-449,-310,3898
-455,-302,3901
-457,-300,3907
-456,-306,3911
-452,-307,3909
-456,-306,3900
-452,-305,3905
-452,-303,3905
-454,-307,3903
-456,-305,3903
-458,-304,3900
-457,-305,3908
-458,-305,3908
-459,-303,3909
-461,-302,3905
-460,-300,3908
-456,-298,3909
-454,-302,3909
-456,-304,3908
-457,-306,3902
-459,-305,3900
-460,-307,3899
-461,-310,3897
-456,-310,3897
-459,-308,3900
-458,-308,3908
-461,-306,3914
-457,-301,3916
-459,-299,3916
-458,-300,3917
-460,-301,3918
-457,-300,3917
-457,-300,3914
-453,-308,3911
-456,-311,3906
-454,-313,3911
-454,-316,3920
-456,-319,3934
-458,-314,3918
-458,-305,3854
-465,-308,3791
-471,-304,3790
-474,-287,3836
-496,-290,3875
-469,-287,3913
-461,-296,3920
-456,-308,3921
-467,-316,3923
-473,-319,3921
-476,-315,3919
-472,-322,3916
-471,-326,3903
-475,-328,3893
-474,-325,3885
-459,-317,3886
-433,-308,3899
-414,-298,3913
-416,-291,3925
-426,-292,3914
-436,-287,3906
-438,-283,3907
-439,-285,3911
-443,-291,3913
-442,-288,3909
-436,-294,3911
-433,-295,3909
-430,-298,3906
-429,-301,3913
-440,-297,3910
-441,-294,3908
-437,-308,3911
-439,-320,3919
-443,-322,3922
-452,-317,3925
-466,-315,3916
-465,-322,3913
-454,-329,3921
-447,-334,3926
-447,-334,3918
-453,-326,3911
-453,-323,3907
-455,-322,3907
-455,-317,3909
-455,-317,3912
-455,-315,3913
-454,-312,3911
-453,-308,3907
-453,-311,3902
-450,-310,3902
-451,-303,3903
-454,-305,3901
-453,-306,3894
-450,-308,3895
-447,-307,3902
-451,-304,3903
-446,-308,3905
-449,-307,3903
-447,-308,3903
-442,-308,3908
-437,-311,3912
-438,-312,3909
-438,-311,3908
-441,-309,3901
-444,-312,3896
-439,-314,3890
-438,-313,3873
-441,-308,3850
-439,-317,3860
-432,-326,3920
-434,-324,3953
-442,-319,3940
-449,-309,3926
-455,-306,3921
-460,-300,3912
-465,-306,3896
-464,-322,3897
-469,-324,3903
-464,-336,3892
-462,-339,3891
-459,-341,3897
-460,-344,3891
-465,-345,3869
-474,-337,3847
-476,-327,3839
-477,-318,3843
-472,-301,3869
-466,-275,3897
-460,-248,3917
-456,-245,3918
-453,-237,3919
-455,-233,3921
-463,-225,3941
-467,-231,3953
-467,-240,3960
-472,-248,3945
-480,-253,3922
-495,-258,3905
-496,-278,3895
-501,-278,3885
-494,-263,3887
-495,-264,3900
-489,-272,3908
-487,-282,3915
-480,-280,3922
-481,-283,3921
-482,-283,3906
-485,-278,3898
-491,-276,3882
-487,-280,3877
-478,-298,3871
-466,-305,3886
-467,-290,3915
-467,-276,3940
-471,-269,3951
-466,-269,3951
-461,-280,3948
-457,-281,3946
-455,-282,3941
-457,-295,3931
-465,-296,3924
-473,-294,3917
-477,-293,3912
-479,-289,3910
-485,-288,3904
-488,-283,3893
-493,-277,3885
-498,-276,3881
-504,-272,3878
-505,-276,3879
-506,-277,3879
-498,-281,3877
-504,-284,3881
-506,-289,3878
-502,-288,3879
-504,-290,3882
-504,-287,3888
-508,-286,3891
-508,-283,3887
-509,-280,3884
-506,-277,3875
-509,-279,3878
-507,-278,3898
-500,-280,3919
-489,-283,3935
-480,-283,3944
-474,-280,3941
-466,-276,3954
-460,-273,3975
-451,-267,3974
-460,-270,3942
-469,-266,3905
-481,-273,3884
-496,-276,3872
-491,-273,3881
-490,-279,3890
-494,-279,3887
-488,-278,3888
-492,-280,3880
-486,-280,3877
-492,-281,3878
-490,-281,3879
-491,-277,3891
-496,-280,3892
-485,-277,3897
-497,-278,3895
-485,-275,3902
-493,-279,3902
-490,-275,3894
-492,-280,3899
-489,-275,3899
-487,-272,3912
-496,-275,3900
-491,-269,3909
-511,-269,3900
-494,-269,3901
-511,-277,3892
-487,-272,3898
-506,-277,3894
-482,-271,3902
-497,-278,3892
-486,-269,3894
-487,-269,3896
-477,-265,3913
-476,-263,3923
-473,-263,3931
-469,-260,3926
-478,-264,3910
-483,-266,3900
-485,-265,3891
-485,-263,3891
-479,-261,3882
-473,-255,3861
-486,-254,3848
-498,-263,3861
-503,-271,3891
-496,-278,3905
-489,-274,3912
-482,-274,3909
-487,-273,3914
-486,-275,3919
-485,-277,3936
-487,-283,3954
-471,-280,3987
-476,-284,3986
-472,-280,3944
-484,-284,3871
-485,-285,3827
-490,-281,3845
-491,-275,3869
-486,-261,3920
-495,-264,3916
-480,-270,3919
-497,-284,3909
-486,-278,3919
-499,-285,3908
-491,-275,3900
-499,-274,3881
-489,-280,3878
-494,-287,3873
-487,-289,3867
-487,-287,3867
-479,-278,3863
-476,-269,3877
-475,-267,3881
-477,-259,3899
-479,-258,3900
-480,-252,3922
-473,-260,3922
-470,-254,3932
-468,-265,3922
-463,-264,3932
-461,-272,3919
-456,-270,3924
-459,-276,3912
-450,-272,3916
-455,-274,3908
-461,-268,3918
-465,-269,3909
-463,-268,3911
-473,-275,3907
-469,-271,3915
-479,-275,3906
-479,-273,3896
-480,-277,3890
-476,-281,3908
-485,-285,3928
-485,-280,3923
-486,-283,3903
-479,-286,3897
-480,-284,3908
-484,-278,3917
-485,-274,3914
-481,-278,3900
-480,-276,3892
-476,-274,3896
-474,-272,3905
-474,-268,3916
-471,-266,3924
-472,-263,3930
-471,-266,3933
-474,-264,3934
-468,-265,3925
-469,-270,3919
-463,-271,3914
-464,-274,3910
-462,-274,3909
-464,-278,3905
-456,-275,3899
-452,-269,3891
-458,-267,3862
-474,-264,3841
-479,-263,3840
-477,-266,3840
-474,-264,3824
-477,-267,3817
-476,-276,3864
-474,-277,3905
-478,-275,3903
-487,-282,3874
-488,-282,3858
-483,-279,3877
-490,-273,3892
-498,-274,3900
-509,-274,3908
-482,-274,3923
-471,-278,3938
-472,-282,3939
-474,-286,3928
-472,-280,3920
-469,-273,3917
-465,-264,3913
-462,-276,3901
-457,-294,3897
-451,-296,3904
-448,-288,3911
-446,-282,3917
-447,-284,3922
-446,-283,3931
-449,-283,3933
-450,-278,3941
-449,-279,3944
-452,-280,3944
-457,-279,3944
-457,-279,3940
-457,-282,3938
-455,-282,3930
-457,-285,3925
-461,-279,3916
-462,-281,3913
-464,-283,3909
-465,-278,3909
-467,-273,3906
-464,-270,3906
-465,-270,3905
-466,-274,3907
-466,-276,3905
-465,-281,3907
-464,-285,3910
-465,-281,3913
-460,-286,3911
-458,-285,3909
-460,-286,3907
-462,-288,3903
-461,-285,3898
-462,-287,3896
-468,-286,3901
-466,-286,3902
-466,-284,3906
-467,-283,3912
-468,-283,3911
-466,-287,3913
-459,-285,3909
-457,-287,3906
-459,-283,3903
-456,-280,3900
-453,-277,3902
-454,-279,3902
-454,-278,3903
-453,-279,3908
-452,-279,3907
-455,-280,3903
-459,-279,3903
-461,-277,3908
-460,-278,3903
-460,-283,3902
-459,-279,3904
-458,-279,3906
-455,-280,3904
-457,-277,3903
-458,-278,3901
-457,-279,3905
-457,-276,3908
-460,-279,3910
-461,-278,3903
-455,-280,3902
-456,-276,3903
-459,-278,3906
-460,-278,3902
-461,-277,3902
-460,-275,3900
-459,-276,3897
-457,-276,3899
-456,-272,3903
-454,-276,3901
-452,-282,3895
-454,-278,3901
-452,-270,3901
-457,-273,3900
-457,-274,3904
-457,-269,3903
-454,-272,3906
-454,-273,3907
-453,-271,3903
-456,-271,3905
-454,-272,3905
-450,-267,3905
-448,-268,3908
-449,-270,3908
-450,-272,3910
-451,-267,3909
-451,-268,3905
-447,-268,3906
-444,-272,3909
-444,-273,3910
-445,-270,3912
-445,-269,3909
-448,-272,3909
-452,-271,3914
-449,-273,3914
-452,-271,3909
-445,-273,3912
-443,-276,3910
-443,-272,3902
-447,-275,3899
-448,-272,3893
-447,-270,3890
-445,-273,3890
-444,-266,3895
-447,-265,3899
-445,-269,3906
-445,-264,3910
-443,-264,3917
-435,-262,3917
-436,-263,3915
-438,-265,3915
-438,-266,3911
-436,-269,3914
-437,-271,3913
-441,-276,3910
-439,-280,3909
-442,-285,3919
-444,-283,3930
-445,-274,3897
-448,-279,3832
-455,-284,3803
-453,-278,3827
-445,-272,3880
-443,-268,3927
-437,-259,3933
-443,-268,3933
-449,-271,3935
-450,-279,3945
-455,-281,3942
-456,-283,3932
-461,-285,3927
-459,-287,3919
-469,-294,3903
-472,-292,3891
-457,-282,3892
-435,-280,3899
-425,-277,3906
-424,-267,3911
-426,-268,3906
-434,-267,3899
-444,-263,3900
-442,-261,3904
-440,-263,3913
-439,-265,3909
-432,-264,3913
-424,-267,3917
-420,-270,3919
-418,-270,3916
-422,-277,3916
-423,-276,3918
-455,-256,3918
-450,-259,3905
-429,-294,3909
-418,-306,3925
-422,-299,3939
-439,-294,3928
-451,-290,3915
-458,-290,3906
-445,-293,3914
-427,-301,3926
-426,-304,3932
-433,-297,3933
-439,-296,3924
-437,-294,3914
-453,-286,3908
-454,-279,3909
-439,-285,3912
-424,-300,3915
-419,-306,3916
-424,-302,3915
-426,-301,3913
-431,-296,3914
-436,-290,3914
-437,-289,3914
-437,-287,3918
-444,-282,3918
-446,-283,3916
-440,-292,3921
-431,-295,3923
-420,-303,3922
-421,-303,3919
-425,-297,3913
-430,-294,3912
-429,-293,3905
-425,-289,3904
-430,-287,3893
-433,-279,3879
-433,-272,3854
-436,-273,3858
-447,-268,3914
-431,-276,3950
-416,-296,3955
-410,-312,3937
-425,-310,3908
-441,-299,3884
-451,-291,3868
-455,-287,3873
-463,-275,3891
-476,-266,3908
-461,-276,3914
-447,-294,3918
-441,-308,3907
-435,-314,3895
-437,-313,3885
-440,-303,3881
-446,-294,3885
-444,-289,3895
-437,-291,3909
-428,-291,3926
-417,-296,3940
-410,-295,3948
-416,-288,3951
-417,-286,3949
-418,-282,3953
-423,-281,3954
-422,-265,3976
-419,-273,3970
-426,-289,3940
-434,-294,3905
-437,-295,3888
-441,-292,3891
-439,-299,3886
-443,-304,3885
-444,-300,3893
-443,-294,3899
-446,-292,3903
-448,-297,3897
-452,-297,3895
-450,-298,3895
-452,-300,3895
-451,-300,3900
-446,-298,3902
-447,-298,3904
-447,-299,3903
-448,-303,3900
-447,-306,3896
-453,-308,3892
-450,-306,3891
-448,-304,3889
-448,-303,3898
-449,-301,3902
-445,-301,3907
-444,-303,3909
-440,-302,3907
-441,-305,3906
-440,-306,3905
-441,-302,3904
-441,-298,3900
-442,-298,3901
-438,-299,3902
-436,-299,3899
-438,-302,3899
-439,-301,3896
-438,-298,3901
-436,-295,3901
-439,-295,3900
-436,-299,3898
-434,-303,3900
-443,-301,3903
-445,-302,3897
-447,-301,3895
-449,-299,3905
-447,-297,3907
-450,-299,3910
-445,-301,3910
-445,-302,3912
-447,-300,3912
-445,-301,3914
-444,-303,3916
-443,-303,3909
-444,-300,3912
-445,-301,3908
-446,-303,3909
-449,-300,3911
-452,-299,3910
-450,-300,3911
-448,-303,3911
-453,-303,3906
-453,-301,3904
-454,-301,3906
-455,-303,3905
-456,-299,3906
-456,-297,3908
-456,-294,3908
-456,-295,3909
-451,-298,3914
-451,-301,3918
-446,-301,3920
-446,-301,3916
-445,-300,3909
-445,-297,3910
-446,-295,3909
-447,-292,3907
-453,-290,3899
-452,-291,3900
-454,-289,3903
-450,-290,3906
-455,-291,3907
-454,-289,3906
-453,-293,3909
-450,-297,3908
-455,-294,3908
-456,-294,3909
-456,-299,3908
-454,-298,3905
-456,-295,3904
-454,-295,3906
-454,-294,3909
-450,-294,3907
-450,-298,3905
-453,-302,3902
-451,-310,3899
-452,-317,3906
-452,-319,3920
-452,-316,3935
-451,-313,3949
-457,-304,3937
-466,-299,3856
-476,-303,3772
-480,-299,3764
-478,-290,3824
-471,-286,3892
-475,-273,3923
-473,-265,3909
-471,-287,3881
-471,-315,3888
-468,-332,3906
-467,-324,3917
-467,-312,3912
-473,-316,3906
-477,-323,3894
-466,-327,3892
-463,-306,3896
-462,-286,3895
-450,-288,3896
-424,-303,3905
-407,-320,3913
-413,-316,3919
-422,-301,3913
-429,-291,3910
-433,-282,3909
-439,-282,3910
-437,-282,3909
-440,-279,3905
-440,-286,3900
-436,-292,3902
-437,-302,3905
-438,-306,3908
-437,-314,3908
-438,-327,3913
-447,-331,3918
-448,-333,3915
-456,-331,3916
-457,-332,3916
-461,-325,3920
-463,-323,3922
-463,-332,3921
-459,-341,3923
-454,-345,3921
-450,-344,3921
-444,-337,3919
-446,-330,3918
-447,-321,3913
-450,-315,3913
-450,-314,3907
-449,-311,3906
-447,-306,3906
-453,-298,3908
-456,-296,3910
-453,-306,3909
-443,-318,3900
-439,-326,3897
-435,-321,3908
-440,-318,3913
-437,-318,3918
-437,-315,3919
-436,-319,3917
-439,-318,3919
-434,-320,3915
-435,-322,3900
-436,-325,3891
-436,-319,3886
-438,-317,3878
-441,-318,3852
-440,-320,3840
-436,-326,3885
-437,-326,3935
-441,-320,3942
-447,-311,3929
-453,-323,3899
-459,-323,3882
-465,-323,3877
-465,-321,3884
-464,-320,3894
-464,-317,3885
-459,-316,3868
-460,-322,3870
-462,-317,3885
-463,-316,3899
-463,-317,3905
-462,-314,3908
-465,-311,3906
-459,-310,3900
-454,-304,3898
-448,-305,3902
-440,-305,3905
-438,-307,3908
-435,-303,3913
-433,-304,3923
-425,-297,3941
-426,-293,3952
-440,-315,3928
-446,-316,3910
-453,-312,3910
-450,-307,3910
-448,-313,3904
-453,-317,3893
-452,-317,3886
-452,-317,3899
-450,-313,3913
-444,-314,3917
-455,-315,3914
-464,-315,3894
-456,-320,3906
-448,-322,3923
-446,-323,3925
-450,-323,3913
-456,-325,3899
-459,-322,3895
-461,-323,3901
-452,-325,3906
-449,-325,3910
-450,-320,3910
-448,-319,3908
-461,-325,3897
-472,-323,3887
-470,-321,3886
-461,-315,3900
-458,-315,3910
-454,-316,3909
-450,-311,3907
-440,-303,3914
-437,-294,3926
-452,-297,3913
-437,-278,3942
-464,-313,3886
-461,-319,3857
-460,-311,3865
-451,-306,3891
-447,-307,3895
-442,-308,3899
-449,-301,3896
-458,-302,3881
-456,-300,3881
-465,-301,3881
-464,-298,3881
-465,-301,3882
-464,-305,3879
-464,-306,3876
-460,-305,3878
-460,-303,3873
-464,-303,3874
-463,-307,3880
-463,-308,3882
-461,-308,3887
-458,-308,3889
-463,-307,3888
-460,-310,3889
-457,-307,3889
-453,-308,3887
-455,-313,3888
-458,-313,3894
-457,-311,3894
-459,-306,3896
-457,-306,3898
-457,-307,3895
-456,-306,3896
-449,-305,3901
-451,-305,3901
-454,-308,3904
-454,-312,3897
-455,-312,3899
-453,-310,3896
-450,-307,3894
-451,-307,3894
-453,-307,3899
-450,-308,3898
-451,-308,3905
-452,-310,3908
-447,-314,3899
-446,-313,3905
-448,-313,3910
-452,-307,3917
-451,-301,3919
-450,-298,3929
-444,-300,3927
-446,-296,3930
-440,-297,3927
-438,-301,3924
-436,-304,3919
-435,-304,3920
-435,-307,3919
-437,-312,3918
-440,-311,3929
-441,-305,3949
-443,-304,3967
-447,-300,3958
-449,-301,3901
-453,-310,3842
-457,-310,3830
-454,-298,3863
-461,-293,3903
-457,-288,3925
-454,-283,3916
-458,-297,3907
-457,-307,3902
-459,-307,3909
-462,-305,3914
-464,-304,3909
-464,-309,3905
-468,-317,3897
-467,-317,3887
-466,-316,3883
-467,-311,3881
-454,-307,3886
-433,-293,3907
-422,-290,3921
-422,-286,3920
-430,-288,3916
-430,-288,3914
-436,-288,3920
-429,-295,3919
-434,-299,3917
-432,-293,3916
-429,-291,3914
-425,-297,3914
-427,-295,3913
-426,-302,3910
-426,-304,3912
-429,-307,3912
-436,-310,3914
-440,-315,3915
-441,-318,3921
-445,-321,3922
-446,-320,3920
-445,-319,3920
-448,-321,3916
-451,-322,3914
-455,-322,3912
-455,-323,3911
-454,-317,3910
-452,-319,3914
-449,-312,3915
-447,-311,3913
-445,-316,3911
-443,-316,3911
-443,-314,3913
-439,-317,3906
-437,-309,3908
-437,-309,3905
-439,-310,3907
-436,-308,3910
-433,-308,3911
-434,-308,3912
-436,-306,3913
-439,-307,3912
-433,-305,3914
-436,-304,3917
-435,-305,3917
-433,-306,3920
-431,-304,3925
-431,-303,3923
-430,-304,3921
-428,-304,3915
-432,-304,3904
-432,-304,3895
-435,-302,3874
-434,-305,3862
-434,-316,3895
-422,-318,3950
-421,-313,3960
-429,-310,3939
-439,-308,3916
-447,-300,3893
-447,-305,3872
-455,-307,3873
-453,-298,3890
-454,-294,3897
-452,-295,3907
-441,-296,3916
-437,-301,3918
-439,-299,3911
-441,-303,3901
-442,-303,3896
-444,-307,3902
-439,-305,3906
-433,-307,3915
-427,-304,3922
-420,-299,3934
-418,-298,3942
-409,-301,3949
-405,-302,3957
-406,-303,3965
-405,-300,3971
-405,-301,3973
-407,-306,3962
-406,-305,3954
-409,-307,3946
-411,-307,3941
-409,-306,3932
-421,-306,3919
-403,-327,3914
-377,-362,3910
-407,-331,3911
-436,-281,3916
-457,-265,3915
-459,-275,3938
-434,-309,3966
-413,-329,3974
-412,-325,3962
-429,-311,3960
-457,-297,3957
-476,-290,3942
-475,-295,3919
-471,-291,3909
-459,-296,3902
-454,-296,3893
-466,-294,3878
-479,-286,3869
-488,-292,3858
-490,-295,3850
-509,-304,3838
