-27,47,45
-28,49,43
-26,52,37
-21,56,33
-21,58,32
-19,63,32
-18,67,29
-11,68,28
-9,71,24
-5,76,22
6,74,20
9,73,17
18,71,12
26,68,15
32,68,15
43,68,13
50,64,12
58,58,14
65,58,12
70,56,13
71,54,12
74,51,8
83,48,10
88,48,9
85,53,6
82,56,9
77,57,14
74,56,17
69,58,21
58,57,16
47,67,11
32,71,6
20,74,0
16,79,-1
14,78,-2
18,73,4
12,65,12
3,61,9
-1,60,8
-4,60,7
-5,62,7
-14,64,8
-15,72,15
-19,77,17
-21,79,14
-24,76,13
-26,71,13
-29,61,14
-32,56,10
-32,53,12
-32,56,14
-33,60,14
-25,62,13
-23,61,10
-11,61,9
-3,60,9
-6,57,11
-8,59,12
-10,64,12
-17,64,7
-23,60,-2
-27,54,-7
-26,51,-11
-26,46,-11
-30,41,-14
-29,35,-13
-24,29,-10
-28,29,-7
-25,25,0
-28,23,0
-34,29,2
-39,38,4
-45,41,8
-54,48,6
-57,57,5
-56,56,1
-58,54,1
-58,54,1
-54,48,-1
-51,44,0
-48,42,1
-46,46,2
-50,51,5
-56,49,1
-63,52,1
-72,50,-1
-80,46,-2
-93,42,5
-105,41,17
-114,40,26
-121,46,33
-118,50,34
-112,57,32
-100,65,31
-87,71,31
-78,77,29
-71,85,25
-64,89,22
-57,96,12
-52,97,9
-42,96,7
-34,87,4
-29,82,3
-26,77,11
-25,80,17
-27,82,24
-23,85,31
-23,93,32
-23,97,37
-26,101,40
-30,99,44
-31,90,47
-35,90,40
-45,94,31
-48,95,31
-51,94,35
-53,93,30
-49,88,32
-46,82,32
-48,83,33
-51,87,33
-47,89,35
-45,84,28
-48,80,21
-46,73,13
-53,69,8
-55,63,9
-57,57,11
-61,47,11
-56,39,13
-58,39,16
-59,42,20
-58,49,18
-56,56,13
-56,57,10
-53,62,5
-43,64,4
-42,74,6
-43,79,5
-46,84,5
-42,85,4
-43,86,4
-45,83,2
-46,82,-3
-44,81,-4
-45,81,-1
-49,77,0
-49,79,7
-43,82,9
-38,91,12
-39,96,15
-39,97,12
-44,97,9
-52,85,2
-61,67,-10
-68,50,-17
-70,30,-14
-71,27,-9
-72,26,5
-72,35,21
-61,44,29
-52,51,28
-48,59,28
-42,61,25
-44,63,21
-45,66,22
-46,71,17
-46,70,13
-45,68,15
-53,66,18
-55,65,18
-52,58,19
-49,53,20
-46,55,21
-47,50,22
-48,48,24
-46,49,22
-45,50,21
-46,51,20
-40,55,17
-41,62,15
-39,64,15
-40,64,19
-41,67,23
-48,67,21
-54,71,22
-61,77,23
-61,84,22
-54,84,24
-49,86,27
-54,90,28
-68,93,28
-75,96,28
-77,102,25
-80,105,20
-74,106,21
-73,106,19
-64,103,16
-64,100,15
-72,99,11
-77,95,11
-83,92,8
-89,83,3
-90,79,0
-89,80,-2
-85,79,2
-88,75,3
-91,77,6
-86,75,8
-80,70,10
-76,69,13
-76,72,12
-76,72,17
-74,67,17
-74,67,17
-70,68,14
-68,71,12
-69,69,13
-68,75,16
-69,77,15
-70,83,17
-67,82,18
-64,82,21
-65,84,24
-68,86,22
-67,83,20
-71,80,18
-70,78,16
-68,79,16
-70,77,16
-71,76,16
-72,82,17
-72,82,13
-71,82,10
-68,85,8
-62,83,11
-64,81,10
-64,77,9
-69,76,11
-73,78,11
-73,79,13
-67,78,14
-64,76,15
-61,70,13
-56,67,11
-59,70,10
-61,70,10
-63,68,10
-67,73,11
-77,71,11
-83,73,9
-93,78,9
-99,77,7
-101,76,11
-108,76,12
-112,77,11
-116,77,8
-123,71,12
-124,71,13
-121,68,14
-118,67,15
-118,65,14
-120,70,10
-115,67,11
-107,64,14
-99,69,15
-99,73,14
-97,76,15
-97,73,16
-102,76,13
-103,78,16
-103,77,16
-104,75,17
-107,78,16
-113,75,17
-120,80,10
-121,81,11
-127,80,10
-130,77,9
-134,72,11
-144,70,19
-155,69,23
-163,64,31
-178,61,44
-183,56,51
-186,57,54
-198,60,48
-198,66,47
-194,72,48
-197,78,50
-200,78,54
-193,77,59
-188,69,69
-188,65,76
-185,61,78
-174,59,79
-163,54,81
-150,55,74
-137,54,66
-127,54,59
-122,54,47
-118,57,44
-111,58,41
-110,61,38
-115,65,33
-117,69,32
-121,70,33
-122,65,38
-127,63,40
-134,61,42
-138,58,43
-146,57,44
-143,61,44
-141,54,39
-139,53,37
-136,54,36
-134,61,34
-134,67,30
-132,74,24
-131,82,23
-124,86,21
-118,90,19
-111,89,20
-98,81,20
-87,82,21
-82,83,23
-77,81,29
-73,77,30
-70,76,29
-68,75,32
-61,75,34
-60,72,35
-60,75,36
-54,73,34
-52,73,32
-56,72,31
-50,73,28
-45,71,28
-45,75,26
-43,72,25
-40,73,24
-38,81,20
-37,87,17
-40,95,13
-46,97,12
-52,100,4
-71,106,1
-95,110,-6
-123,118,-8
-145,125,-10
-176,135,-16
-203,144,-14
-230,146,-11
-255,144,-8
-262,137,-1
-251,125,5
-214,106,5
-166,95,10
-121,82,13
-79,79,16
-50,94,16
-34,119,17
-34,147,20
-43,171,27
-65,188,31
-77,193,36
-92,185,33
-100,175,29
-91,156,30
-75,132,30
-53,111,31
-28,91,34
-2,73,41
13,64,60
21,63,69
19,64,72
13,67,69
0,65,61
-23,65,55
-53,68,51
-80,69,43
-104,76,39
-125,80,36
-135,83,35
-135,85,32
-130,79,35
-122,69,46
-120,66,51
-117,60,57
-110,56,60
-106,56,58
-95,57,57
-87,62,56
-81,65,53
-72,72,50
-61,75,51
-47,75,52
-32,69,54
-16,60,51
-5,59,51
4,56,50
10,52,50
16,52,50
24,54,50
29,52,45
33,55,46
40,51,50
42,50,46
45,50,43
52,54,39
54,58,40
56,56,38
58,50,36
61,47,33
60,44,36
56,44,34
56,49,33
55,53,31
51,58,27
48,61,24
50,61,24
48,62,26
42,56,28
43,58,30
44,58,30
41,55,31
45,56,26
47,63,22
52,61,21
51,52,21
51,52,24
53,46,28
48,47,30
55,42,29
49,46,29
52,47,28
58,45,30
63,47,33
71,44,35
79,44,33
83,47,28
82,51,24
84,51,19
87,49,13
93,43,4
102,35,-1
108,30,-8
122,29,-18
136,33,-28
140,40,-35
149,34,-35
161,28,-33
167,26,-31
165,27,-27
161,33,-27
159,37,-37
163,36,-43
166,28,-53
164,21,-62
154,17,-65
141,16,-70
130,8,-71
121,0,-74
115,-8,-73
106,-8,-70
89,-11,-62
71,-8,-57
51,5,-51
31,14,-38
10,24,-30
-9,37,-21
-32,51,-9
-48,62,1
-63,66,10
-73,70,19
-91,73,29
-105,70,41
-114,66,49
-122,53,50
-125,45,47
-120,40,41
-115,40,35
-117,38,32
-108,37,28
-104,33,29
-102,29,26
-100,29,24
-100,30,17
-100,34,12
-100,40,12
-101,42,9
-98,45,9
-104,47,6
-104,47,5
-104,42,2
-103,37,-1
-103,31,-1
-105,30,-4
-107,27,-4
-108,23,-12
-103,18,-13
-100,15,-16
-96,13,-19
-96,15,-22
-100,16,-22
-101,20,-24
-97,20,-22
-99,31,-22
-100,39,-21
-104,43,-20
-107,46,-21
-104,52,-23
-101,55,-21
-102,57,-20
-102,52,-22
-100,52,-27
-95,52,-29
-83,47,-32
-75,47,-37
-73,44,-37
-74,48,-36
-67,45,-28
-61,45,-23
-49,48,-16
-42,52,-11
-38,56,-5
-35,59,1
-33,63,2
-31,66,-1
-34,68,0
-32,73,-4
-30,72,-5
-36,76,-8
-34,72,-11
-29,69,-7
-31,71,-1
-26,67,4
-20,65,10
-10,59,15
-6,56,19
-4,58,24
-1,58,30
-2,59,32
-3,57,33
-4,58,31
-12,59,34
-17,58,30
-14,55,33
-16,61,33
-21,65,26
-28,69,27
-32,65,26
-36,66,26
-36,66,28
-40,65,27
-37,63,23
-34,62,22
-34,60,21
-44,61,21
-47,60,15
-46,55,16
-46,61,15
-57,63,13
-57,63,15
-61,64,12
-64,63,13
-62,63,17
-61,64,15
-67,61,12
-71,58,11
-76,59,11
-82,62,8
-86,58,5
-86,58,3
-84,54,-2
-84,55,-1
-81,55,-1
-84,53,-2
-90,55,-2
-86,57,-1
-83,55,-2
-88,59,-4
-87,63,0
-84,72,9
-83,77,4
-87,80,4
-85,81,6
-80,79,8
-82,79,10
-83,82,13
-84,79,6
-87,73,6
-88,65,10
-93,62,8
-97,61,6
-101,63,2
-110,63,3
-111,60,2
-106,56,5
-97,55,11
-90,57,12
-84,52,10
-77,50,9
-72,45,13
-67,40,21
-68,36,28
-70,42,25
-75,42,26
-83,45,26
-83,57,29
-74,67,27
-52,74,28
-22,78,32
2,76,32
23,70,33
32,68,36
35,66,42
32,64,43
22,59,37
14,61,28
8,67,18
2,67,16
-1,65,21
-2,55,27
-2,41,34
0,33,42
-3,33,50
-3,32,55
-4,42,54
-10,56,51
-10,61,50
-15,63,47
-21,66,52
-21,58,55
-23,60,55
-21,61,57
-18,58,57
-11,50,54
-10,49,49
-2,46,46
0,40,43
8,29,40
10,32,31
7,33,29
12,31,31
9,31,27
7,31,24
14,32,30
21,29,32
28,35,33
40,40,35
46,49,35
54,49,29
56,56,31
56,56,29
54,53,29
52,49,29
55,48,23
51,51,17
50,54,21
47,61,26
46,64,29
42,66,19
38,65,8
35,56,5
24,50,0
17,45,5
12,43,7
4,44,13
2,52,16
4,60,22
0,66,20
-1,72,12
-3,78,7
-3,77,4
-3,72,-4
-6,70,-8
-10,60,-12
-11,49,-17
-12,38,-16
-13,34,-12
-12,28,-5
-10,27,-2
-10,29,3
-14,29,6
-7,34,10
-1,34,7
-3,40,4
-5,42,2
-9,47,-2
-11,48,-5
-8,51,-6
-10,52,-12
-10,50,-15
-9,50,-19
-9,46,-21
-10,46,-16
-13,47,-8
-19,47,-3
-21,48,10
-26,47,17
-35,46,20
-46,48,15
-48,46,8
-46,43,7
-44,41,9
-43,43,18
-42,47,25
-37,50,34
-33,52,42
-22,53,43
-19,54,45
-17,55,42
-10,53,40
-8,50,37
-8,51,35
-3,55,36
-6,57,40
-13,63,42
-12,64,45
-25,72,48
-38,68,49
-51,60,51
-60,61,53
-59,61,55
-54,54,59
-46,53,59
-28,50,61
-19,49,55
-8,52,47
-1,49,40
-3,45,36
1,47,33
5,46,29
4,47,25
2,41,24
3,41,21
6,47,24
10,51,21
9,58,19
1,65,24
0,73,34
-3,84,35
-17,87,37
-29,95,43
-33,99,49
-40,98,47
-44,100,46
-44,107,47
-32,105,49
-28,98,46
-26,98,45
-23,102,36
-18,97,30
-17,95,31
-12,98,26
-12,102,23
-15,106,17
-19,103,14
-20,103,12
-21,100,9
-24,97,7
-23,92,5
-24,88,1
-27,85,-4
-31,79,-3
-32,75,-1
-31,69,-1
-26,66,-5
-26,68,-8
-29,67,-11
-29,70,-12
-29,78,-17
-33,79,-21
-37,83,-19
-41,86,-19
-47,82,-17
-61,80,-17
-80,79,-15
-99,76,-21
-117,72,-24
-134,72,-24
-153,68,-22
-170,71,-21
-183,73,-15
-187,74,-10
-186,74,-8
-187,73,-1
-186,70,-2
-185,70,-4
-180,69,-5
-178,68,-6
-177,64,-5
-179,65,-4
-181,66,-4
-179,68,0
-182,70,6
-187,78,10
-190,82,14
-189,85,22
-188,88,30
-184,92,29
-178,99,28
-172,102,26
-172,107,28
-171,115,22
-168,115,14
-169,111,10
-173,116,6
-183,113,5
-193,109,4
-202,106,11
-210,104,16
-218,105,21
-225,113,21
-223,125,17
-209,134,14
-193,145,10
-177,150,9
-165,157,7
-155,158,5
-144,156,-1
-132,150,0
-126,139,-1
-116,132,0
-99,125,-2
-82,113,-2
-70,94,0
-56,71,0
-41,56,0
-30,46,0
-11,36,0
2,30,-8
13,25,-14
15,19,-18
9,19,-26
2,22,-31
-13,28,-29
-23,36,-32
-36,47,-35
-48,52,-35
-58,60,-35
-67,70,-31
-73,80,-27
-75,89,-22
-79,99,-13
-84,107,-6
-87,113,-1
-90,112,2
-91,111,1
-89,108,6
-92,98,9
-96,95,12
-102,96,14
-105,96,16
-103,93,15
-106,86,18
-106,82,19
-109,85,22
-105,90,21
-103,89,16
-105,92,13
-109,84,13
-111,72,14
-109,64,17
-102,67,17
-92,79,21
-76,100,25
-69,133,31
-69,162,37
-63,189,44
-55,218,48
-43,239,50
-32,261,51
-24,268,47
-12,259,38
-6,238,34
1,216,24
14,193,9
25,172,-7
35,147,-20
45,125,-24
52,110,-25
60,98,-17
73,97,-2
86,95,12
96,90,18
111,86,27
126,88,33
142,88,33
158,88,31
172,85,28
191,80,19
205,77,10
212,72,-5
209,67,-18
208,57,-31
204,51,-51
189,50,-64
177,42,-74
164,40,-81
152,39,-87
144,36,-93
139,29,-92
134,28,-90
124,31,-89
119,25,-81
112,26,-78
103,32,-81
95,34,-83
88,31,-81
80,32,-80
64,34,-79
57,44,-75
59,46,-74
55,45,-72
55,45,-72
55,50,-67
56,55,-64
55,59,-70
57,57,-76
56,57,-86
59,58,-97
63,59,-109
66,53,-116
66,50,-122
66,48,-125
67,52,-126
67,56,-129
64,53,-131
51,56,-130
33,58,-123
14,59,-120
-3,58,-119
-12,54,-117
-20,53,-116
-21,50,-112
-24,47,-111
-32,47,-108
-32,43,-107
-33,37,-106
-49,33,-105
-67,32,-108
-85,27,-104
-101,14,-98
-119,-6,-102
-131,-34,-102
-132,-62,-102
-127,-91,-106
-114,-126,-117
-105,-152,-127
-83,-182,-132
-59,-200,-132
-32,-201,-136
0,-191,-135
27,-157,-125
54,-115,-109
67,-67,-93
72,-25,-79
67,19,-66
61,58,-52
53,86,-45
41,104,-48
34,109,-51
31,111,-54
26,114,-58
15,118,-66
5,123,-70
1,128,-73
-10,142,-73
-20,153,-71
-29,173,-64
-40,197,-60
-54,216,-55
-68,232,-57
-72,237,-55
-78,240,-57
-80,233,-66
-73,218,-74
-60,201,-82
-53,188,-91
-52,179,-98
-58,177,-111
-62,177,-125
-66,184,-141
-71,189,-154
-81,190,-167
-91,193,-181
-98,202,-193
-104,209,-202
-110,214,-209
-107,227,-208
-108,248,-206
-105,266,-204
-100,279,-191
-90,289,-172
-79,298,-156
-64,308,-139
-54,313,-126
-38,316,-110
-24,318,-95
-13,313,-86
-10,309,-83
-3,302,-80
6,291,-74
14,279,-70
30,263,-65
40,247,-56
47,234,-51
50,221,-43
55,205,-36
52,194,-32
52,180,-25
51,166,-20
48,153,-18
42,137,-17
38,128,-12
39,121,-7
43,120,4
48,125,12
60,127,22
80,131,35
97,133,41
112,128,44
131,116,48
154,102,49
172,82,49
186,61,48
190,44,44
191,32,42
194,24,38
196,15,41
181,13,44
172,8,42
166,-2,33
160,-11,24
153,-17,16
143,-27,9
124,-34,4
102,-42,3
74,-40,2
50,-40,2
8,-40,0
-26,-38,1
-67,-38,3
-101,-38,10
-131,-31,6
-151,-33,0
-161,-37,-11
-173,-46,-24
-184,-54,-37
-198,-60,-43
-211,-67,-52
-230,-74,-59
-244,-74,-62
-265,-69,-62
-290,-52,-60
-315,-38,-55
-339,-20,-43
-365,-8,-29
-388,4,-18
-397,9,-13
-396,13,-14
-394,17,-18
-390,18,-21
-378,23,-18
-366,34,-6
-356,47,3
-352,65,9
-346,80,17
-337,91,25
-324,96,30
-313,91,30
-302,89,27
-298,87,23
-292,83,19
-290,86,17
-279,93,16
-270,99,19
-265,110,23
-258,122,24
-236,134,26
-214,142,31
-200,142,31
-187,140,25
-171,135,23
-152,123,34
-139,114,41
-129,103,47
-121,94,51
-119,87,52
-117,80,52
-115,80,49
-116,81,48
-112,81,50
-111,88,50
-105,92,53
-96,99,54
-87,100,55
-83,99,53
-80,103,51
-89,110,49
-88,114,48
-84,117,47
-88,125,43
-88,126,42
-85,127,42
-84,129,37
-84,132,33
-92,135,29
-94,135,26
-86,136,25
-82,141,26
-78,138,27
-74,138,27
-73,143,27
-70,149,26
-70,155,22
-73,155,19
-74,160,22
-81,164,21
-82,167,19
-87,174,23
-90,178,22
-95,185,25
-97,187,26
-97,187,24
-101,191,25
-104,191,21
-103,189,22
-104,180,21
-105,171,17
-105,164,15
-110,158,14
-109,150,15
-119,150,12
-133,151,13
-141,149,13
-150,149,8
-151,154,8
-141,151,6
-122,145,5
-109,138,2
-109,131,0
-119,133,-1
-125,136,1
-124,143,-6
-117,153,-16
-93,154,-18
-71,155,-14
-55,151,-12
-55,146,-10
-70,142,-9
-84,140,-7
-105,145,-4
-120,146,0
-124,152,3
-122,151,7
-123,152,9
-122,150,14
-116,147,21
-115,146,20
-114,144,18
-108,142,21
-103,138,19
-100,137,19
-104,136,18
-98,136,16
-95,136,17
-95,136,15
-97,131,18
-95,125,18
-95,118,17
-101,114,15
-97,112,17
-95,107,18
-92,101,21
-87,98,22
-84,93,21
-86,94,16
-83,94,11
-80,94,9
-80,100,8
-80,97,5
-78,94,2
-75,88,-2
-75,80,-3
-75,73,-3
-72,67,-1
-72,62,-2
-67,62,-2
-58,70,4
-55,71,1
-55,69,-3
-59,65,-5
-67,65,-5
-73,64,-5
-78,62,-4
-80,59,-6
-82,55,-5
-83,50,-3
-84,49,-5
-85,49,-2
-84,53,1
-78,57,6
-74,62,10
-75,65,10
-74,68,11
-74,74,16
-75,85,20
-72,93,22
-73,97,23
-75,105,29
-70,106,29
-68,109,28
-69,112,27
-58,112,30
-51,107,29
-45,98,20
-38,85,12
-29,72,7
-23,57,9
-19,47,9
-12,36,14
-9,29,16
-16,26,14
-20,23,13
-23,23,10
-23,24,9
-21,28,6
-14,33,7
-3,41,9
11,46,9
24,48,5
38,45,4
52,49,3
59,50,4
66,50,0
72,46,1
66,47,1
56,57,6
52,61,9
50,65,19
50,69,21
56,71,20
66,72,19
76,71,15
86,68,10
85,69,6
87,63,2
85,62,-3
80,58,-5
74,57,-5
61,58,-6
47,61,-7
35,64,-8
28,62,-9
24,63,-8
18,67,-9
15,62,-6
16,56,-3
12,57,1
12,56,5
11,56,8
10,55,9
-1,58,12
-13,63,9
-13,64,10
-16,69,9
-16,75,8
-15,75,7
-19,75,7
-21,78,9
-25,80,9
-38,82,9
-50,82,10
-57,84,10
-65,82,8
-72,77,9
-77,72,8
-77,74,10
-80,70,7
-80,70,8
-81,72,10
-86,71,11
-86,77,9
-86,78,9
-88,76,9
-93,76,13
-96,80,16
-100,78,13
-99,76,10
-99,71,14
-100,65,11
-96,64,7
-92,66,6
-95,63,6
-97,59,9
-99,61,8
-95,64,5
-94,60,6
-97,61,6
-95,59,6
-91,58,6
-90,57,5
-95,51,3
-98,49,6
-97,52,11
-101,56,11
-109,57,7
-111,59,4
-115,61,5
-116,63,4
-115,61,3
-111,61,5
-112,65,9
-116,67,7
-119,74,7
-119,71,5
-119,73,6
-114,75,5
-111,74,5
-108,73,7
-108,78,6
-106,78,7
-106,79,7
-102,80,6
-103,84,8
-104,85,9
-97,79,10
-100,82,11
-95,83,11
-89,83,11
-85,85,13
-87,84,19
-85,85,23
-84,88,25
-81,87,24
-78,87,22
-75,81,25
-78,78,24
-75,74,23
-75,69,24
-81,70,23
-82,66,21
-80,65,17
-82,64,16
-77,71,17
-72,75,16
-68,79,15
-62,77,11
-51,77,10
-44,77,8
-41,75,7
-43,77,9
-51,77,8
-57,77,9
-61,72,10
-68,68,8
-70,65,6
-63,62,9
-56,63,12
-55,60,11
-57,61,11
-53,64,15
-53,64,15
-55,60,13
-55,58,11
-52,54,8
-50,54,11
-51,56,18
-55,59,17
-57,63,13
-51,60,15
-52,55,13
-52,56,17
-55,60,18
-59,57,16
-58,57,12
-65,54,11
-69,51,11
-70,53,7
-73,53,7
-76,58,10
-82,58,10
-90,65,9
-102,70,5
-104,76,2
-117,90,-6
-134,103,-11
-153,115,-25
-166,129,-35
-174,142,-40
-177,148,-44
-177,148,-49
-179,143,-53
-177,140,-52
-172,134,-49
-146,123,-39
-124,108,-27
-106,99,-22
-86,94,-18
-75,91,-10
-74,94,-7
-79,106,-2
-87,118,-3
-97,131,-13
-95,142,-16
-89,152,-17
-83,160,-16
-81,159,-15
-90,153,-17
-97,137,-15
-102,122,-13
-103,113,-15
-98,109,-13
-89,106,-12
-93,112,-13
-97,118,-13
-102,129,-18
-107,139,-20
-114,149,-24
-114,156,-26
-123,170,-28
-126,175,-28
-128,175,-33
-127,170,-32
-129,164,-37
-127,154,-38
-129,144,-43
-131,135,-43
-131,129,-43
-132,129,-40
-132,129,-40
-139,124,-42
-147,122,-45
-151,116,-45
-150,112,-45
-150,112,-39
-140,114,-37
-138,114,-34
-139,110,-32
-144,112,-34
-146,110,-34
-153,108,-29
-151,103,-29
-149,101,-31
-149,103,-34
-149,99,-34
-145,93,-38
-151,99,-36
-157,103,-32
-160,104,-32
-163,103,-28
-159,102,-25
-161,98,-25
-157,94,-22
-155,87,-19
-158,86,-18
-158,85,-13
-157,82,-12
-162,83,-8
-161,88,-3
-158,86,3
-154,85,5
-149,84,2
-151,89,6
-155,95,8
-149,99,7
-144,99,11
-138,94,13
-129,93,10
-122,86,11
-121,78,12
-116,73,14
-116,68,13
-109,64,16
-105,66,19
-106,75,21
-101,82,23
-98,82,25
-95,86,27
-88,82,25
-86,77,27
-83,71,25
-78,65,20
-77,58,15
-75,52,10
-68,45,10
-58,40,10
-55,39,1
-53,40,-4
-48,38,-5
-56,39,-11
-57,43,-10
-61,49,-6
-67,55,-4
-74,60,-4
-75,63,1
-78,73,11
-83,77,15
-85,86,16
-91,86,12
-94,81,11
-103,76,11
-110,80,9
-112,79,4
-115,81,3
-119,79,5
-119,81,4
-125,78,-1
-127,77,-5
-127,75,-7
-129,80,-12
-131,79,-16
-132,77,-12
-130,76,-11
-131,76,-14
-137,78,-17
-143,86,-17
-149,97,-19
-152,104,-20
-155,114,-22
-164,115,-22
-167,118,-22
-181,120,-24
-190,113,-28
-201,111,-33
-208,107,-36
-214,105,-36
-215,102,-39
-219,107,-37
-227,111,-38
-229,114,-39
-231,111,-38
-240,109,-40
-250,111,-43
-254,109,-44
-256,102,-51
-260,99,-59
-263,96,-64
-266,95,-67
-272,98,-64
-284,104,-58
-301,114,-53
-313,122,-44
-331,129,-36
-351,134,-27
-374,150,-15
-391,165,-2
-410,177,17
-425,188,43
-436,190,80
-440,186,117
-435,175,152
-412,169,180
-375,158,196
-319,133,193
-247,105,176
-173,87,162
-109,71,154
-67,53,151
-37,38,151
-24,24,159
-37,31,164
-57,48,158
-72,71,150
-96,106,152
-128,149,159
-151,182,168
-165,206,183
-179,230,196
-206,249,213
-228,261,225
-240,263,243
-253,248,270
-260,217,295
-259,180,315
-245,132,330
-232,90,339
-226,68,340
-220,58,329
-217,56,293
-210,64,249
-198,65,205
-177,70,168
-159,72,137
-138,71,110
-121,71,98
-100,75,91
-84,75,94
-70,85,99
-66,98,111
-70,124,127
-91,154,148
-125,177,170
-161,182,190
-194,178,200
-223,175,199
-242,161,188
-258,148,174
-265,127,157
-258,107,137
-248,93,114
-232,93,99
-216,99,89
-209,123,81
-206,147,80
-199,163,75
-200,180,72
-204,191,77
-209,199,73
-212,211,70
-218,213,71
-229,210,71
-253,213,82
-268,220,92
-281,231,109
-289,241,124
-302,253,136
-310,267,153
-321,282,159
-322,289,165
-330,296,168
-323,307,169
-312,313,167
-297,321,151
-272,319,142
-245,313,137
-219,311,134
-195,306,124
-176,305,122
-161,308,127
-148,310,137
-146,319,148
-150,331,156
-158,341,167
-169,347,170
-186,351,172
-205,362,177
-216,362,184
-225,356,186
-216,347,191
-202,333,194
-188,320,199
-173,306,208
-167,290,213
-157,279,217
-152,269,218
-154,259,207
-153,253,196
-152,254,186
-159,256,171
-167,257,160
-173,251,142
-179,238,115
-191,232,87
-198,221,67
-208,210,47
-210,198,31
-211,191,15
-223,190,1
-221,198,-1
-222,207,-1
-224,221,-8
-228,236,-15
-247,257,-20
-274,284,-24
-283,303,-28
-283,305,-34
-291,306,-46
-298,301,-62
-311,291,-73
-335,270,-80
-348,259,-89
-366,252,-97
-388,252,-103
-418,255,-108
-445,262,-121
-454,276,-134
-456,297,-142
-457,323,-153
-446,344,-164
-435,355,-178
-432,357,-192
-438,350,-200
-447,337,-220
-457,334,-251
-483,349,-290
-528,378,-325
-571,410,-342
-599,427,-340
-616,438,-319
-629,445,-297
-636,445,-273
-639,439,-257
-638,435,-249
-638,427,-246
-650,428,-254
-674,435,-259
-692,439,-253
-719,459,-236
-736,479,-216
-745,508,-197
-739,533,-181
-723,562,-167
-677,575,-139
-636,581,-109
-600,587,-86
-579,606,-62
-563,635,-31
-538,676,-1
-495,725,26
-423,777,55
-347,820,84
-283,857,110
-233,883,123
-208,902,130
-189,917,126
-179,930,117
-178,944,100
-155,950,93
-138,953,98
-115,958,122
-78,960,156
-52,962,196
-48,958,237
-69,952,272
-106,944,300
-141,942,317
-168,940,323
-168,926,323
-145,904,326
-122,883,329
-95,862,334
-75,847,339
-73,846,340
-81,857,337
-109,874,326
-128,899,314
-147,923,302
-178,939,301
-207,950,316
-236,956,341
-249,959,368
-250,957,396
-235,948,424
-219,935,442
-204,920,453
-195,911,461
-189,901,471
-193,894,478
-208,892,473
-237,892,464
-276,879,455
-321,858,452
-370,824,453
-411,785,461
-445,752,476
-485,715,501
-523,680,529
-560,652,551
-582,634,573
-593,620,589
-604,617,601
-613,620,612
-618,623,624
-613,626,630
-603,623,638
-584,606,646
-551,587,649
-519,557,653
-481,510,653
-463,472,652
-458,437,643
-463,403,631
-469,385,620
-483,384,605
-498,389,599
-515,400,593
-527,412,582
-535,425,570
-536,445,563
-532,448,554
-524,446,543
-498,443,531
-468,432,515
-426,410,498
-380,384,480
-347,356,466
-323,327,456
-322,300,448
-342,273,445
-377,257,441
-418,257,442
-459,263,440
-492,285,439
-523,323,434
-553,373,434
-585,416,439
-616,459,456
-655,485,480
-690,487,505
-726,478,526
-755,462,542
-761,447,551
-756,438,553
-725,434,544
-674,432,523
-608,436,495
-539,452,473
-477,474,452
-423,494,441
-383,520,426
-360,537,408
-347,541,382
-333,531,354
-305,517,317
-254,488,282
-190,456,254
-131,423,234
-97,385,219
-74,355,209
-69,339,197
-80,335,188
-111,351,188
-138,377,193
-167,416,198
-198,463,198
-231,512,198
-249,555,208
-251,597,226
-241,624,245
-228,636,265
-223,643,284
-212,633,297
-199,609,299
-178,572,285
-166,528,259
-151,489,221
-137,454,179
-121,428,139
-107,409,106
-96,394,74
-87,387,48
-85,392,24
-84,405,19
-89,430,30
-103,462,46
-112,498,56
-123,537,60
-128,572,61
-134,599,56
-146,615,50
-150,620,41
-151,612,45
-161,592,55
-154,565,63
-149,536,68
-153,517,67
-151,505,61
-145,496,55
-145,492,46
-148,493,40
-148,491,30
-158,482,29
-172,476,27
-195,475,20
-213,483,6
-234,505,-14
-266,533,-22
-290,565,-19
-298,595,-10
-297,626,11
-295,655,35
-294,683,62
-280,699,88
-265,713,105
-245,727,116
-214,739,115
-179,735,114
-168,724,128
-164,697,143
-168,667,148
-172,638,140
-168,606,135
-159,587,132
-153,581,132
-149,582,124
-142,588,108
-130,598,90
-127,618,71
-127,637,50
-121,655,31
-116,676,20
-97,699,9
-79,725,-2
-57,748,-11
-18,771,-18
18,791,-25
51,811,-23
83,827,-16
121,838,-11
164,852,-8
196,864,-8
235,876,-16
276,882,-25
319,891,-31
366,903,-44
414,913,-62
455,901,-72
487,879,-88
507,850,-110
521,820,-132
523,795,-140
517,766,-144
487,737,-162
441,703,-176
393,673,-174
376,654,-171
388,651,-178
426,657,-191
459,668,-206
472,690,-213
471,718,-208
471,743,-197
459,753,-182
447,741,-184
419,714,-195
391,674,-205
381,622,-224
400,578,-246
424,543,-267
427,518,-272
419,517,-266
418,547,-251
425,608,-224
442,686,-187
465,777,-150
480,856,-115
479,919,-82
477,954,-50
483,957,-5
493,935,36
509,886,74
538,823,109
566,747,137
584,673,151
590,615,155
595,589,163
597,594,169
592,641,171
592,712,157
593,802,134
590,892,123
594,969,125
594,1016,134
590,1036,147
595,1024,166
598,988,178
599,946,202
609,896,229
615,860,250
610,850,269
589,857,291
560,877,310
528,906,325
494,933,340
468,947,354
441,938,372
424,921,397
413,901,426
418,880,458
429,853,491
446,829,520
463,809,545
478,797,566
488,791,583
485,789,599
489,789,614
499,788,629
506,788,636
511,790,648
515,788,662
522,784,668
521,777,663
508,764,650
477,736,637
447,700,623
418,663,612
394,627,605
387,591,596
379,560,595
380,534,612
384,518,638
390,508,660
391,503,691
387,511,718
375,524,736
347,537,754
314,555,768
269,574,782
205,597,790
125,617,783
54,637,775
-17,647,756
-82,651,730
-137,648,703
-186,639,673
-242,620,645
-299,601,613
-352,581,580
-408,558,546
-455,538,508
-482,525,475
-483,514,450
-467,512,432
-448,512,425
-434,515,429
-410,524,439
-383,546,446
-362,573,460
-354,613,480
-369,660,503
-396,716,521
-425,774,541
-445,833,556
-467,884,574
-498,926,596
-546,947,628
-613,962,660
-680,966,672
-735,964,687
-788,969,716
-831,976,756
-864,987,796
-874,1006,829
-868,1028,843
-840,1055,849
-800,1074,852
-752,1089,851
-715,1095,850
-705,1105,859
-714,1111,878
-740,1114,909
-768,1122,939
-801,1126,959
-834,1121,967
-886,1104,974
-952,1073,980
-1032,1051,978
-1120,1029,977
-1196,1011,980
-1244,1002,979
-1269,1006,971
-1284,1027,957
-1286,1058,932
-1281,1094,900
-1274,1133,862
-1286,1172,832
-1300,1204,801
-1310,1234,757
-1312,1247,704
-1309,1241,649
-1301,1215,594
-1284,1163,550
-1275,1098,525
-1271,1028,523
-1267,960,542
-1255,900,577
-1225,850,619
-1190,819,643
-1151,800,659
-1107,803,664
-1052,827,674
-984,875,705
-909,937,760
-837,1000,835
-798,1056,914
-793,1085,983
-813,1076,1039
-848,1049,1088
-893,1014,1124
-939,978,1150
-968,949,1183
-981,932,1224
-983,928,1267
-979,933,1305
-954,948,1340
-898,958,1375
-841,977,1399
-802,1021,1405
-774,1059,1396
-770,1078,1369
-782,1090,1320
-786,1097,1258
-793,1092,1182
-816,1077,1108
-845,1056,1045
-893,1027,984
-938,1002,925
-973,982,885
-999,969,856
-1000,965,846
-972,964,856
-938,969,884
-896,987,919
-833,992,944
-768,992,953
-698,980,942
-624,953,920
-536,925,893
-449,888,864
-383,827,824
-344,766,764
-324,700,682
-316,639,579
-315,584,459
-321,536,340
-314,487,236
-303,441,151
-268,395,89
-228,348,57
-200,312,60
-174,285,87
-164,264,112
-166,250,129
-186,251,135
-213,251,140
-240,254,145
-259,263,153
-268,268,158
-274,275,158
-273,281,155
-265,275,146
-256,266,135
-250,258,128
-238,251,121
-226,243,113
-220,236,108
-220,241,105
-225,247,105
-226,248,102
-221,249,103
-213,257,104
-211,265,106
-211,275,108
-205,283,107
-195,283,110
-187,286,109
-186,288,103
-186,296,97
-183,301,92
-180,303,83
-179,307,71
-182,305,58
-190,296,44
-199,279,31
-209,268,16
-222,253,5
-235,241,-5
-241,232,-11
-247,224,-12
-246,217,-15
-236,217,-20
-226,222,-21
-217,236,-25
-205,253,-24
-194,269,-26
-185,289,-26
-186,304,-27
-186,320,-31
-186,341,-30
-188,366,-26
-187,392,-20
-177,408,-15
-170,420,-12
-165,431,-14
-154,444,-15
-144,448,-20
-135,460,-26
-128,473,-37
-121,490,-46
-105,507,-50
-87,520,-54
-65,536,-50
-42,547,-40
-22,556,-35
-15,572,-32
-14,588,-35
-13,603,-40
-12,615,-47
-10,624,-54
-4,634,-56
2,645,-56
2,652,-58
2,666,-61
0,691,-67
1,724,-78
12,751,-89
28,769,-98
38,786,-111
49,795,-118
57,799,-124
52,813,-126
36,817,-129
11,813,-130
-8,809,-130
-32,805,-131
-59,800,-128
-83,796,-124
-98,794,-121
-104,801,-120
-101,803,-118
-80,800,-112
-58,806,-109
-40,817,-105
-28,823,-113
-24,828,-127
-24,835,-145
-16,840,-154
-16,850,-158
-12,858,-157
-10,873,-158
-22,888,-152
-49,910,-147
-82,937,-148
-120,956,-155
-153,963,-157
-184,959,-158
-204,949,-150
-227,946,-144
-243,945,-141
-254,941,-144
-264,940,-143
-267,930,-142
-269,915,-150
-273,910,-163
-280,912,-175
-287,921,-188
-301,927,-210
-321,929,-227
-344,942,-240
-374,961,-250
-412,984,-250
-439,1006,-244
-459,1025,-234
-473,1039,-218
-483,1048,-199
-490,1051,-180
-490,1051,-164
-486,1043,-148
-490,1038,-139
-493,1034,-135
-488,1030,-133
-489,1028,-132
-494,1036,-135
-506,1039,-139
-527,1040,-137
-548,1046,-140
-569,1050,-149
-596,1065,-160
-613,1071,-167
-625,1082,-170
-626,1081,-173
-612,1077,-168
-592,1072,-170
-561,1063,-165
-540,1052,-159
-512,1049,-141
-489,1036,-117
-474,1034,-99
-463,1035,-87
-458,1037,-81
-474,1035,-79
-508,1037,-74
-550,1037,-60
-584,1016,-35
-604,975,-4
-623,931,38
-640,887,82
-658,845,129
-681,823,175
-716,828,223
-750,849,265
-774,887,312
-789,931,355
-789,975,387
-775,1023,415
-754,1069,435
-731,1108,448
-702,1137,450
-658,1153,446
-598,1168,429
-539,1195,404
-482,1221,375
-428,1240,347
-396,1262,318
-384,1285,289
-396,1300,259
-424,1315,224
-470,1325,191
-522,1327,162
-579,1326,135
-633,1313,110
-683,1290,94
-723,1269,97
-756,1248,104
-784,1230,117
-800,1215,131
-806,1205,148
-810,1200,159
-818,1202,169
-815,1193,177
-807,1178,182
-788,1156,186
-756,1131,192
-733,1091,191
-703,1057,181
-683,1031,170
-662,1009,146
-633,996,118
-603,992,85
-568,996,43
-512,996,-15
-460,1006,-75
-434,1025,-127
-414,1040,-179
-391,1042,-221
-364,1040,-251
-307,1017,-280
-242,986,-312
-186,958,-345
-147,944,-377
-122,942,-411
-110,950,-439
-100,957,-455
-108,951,-440
-128,928,-401
-148,890,-344
-173,843,-285
-210,796,-233
-244,757,-181
-261,717,-131
-271,675,-99
-293,632,-77
-336,585,-60
-387,532,-53
-429,482,-57
-439,438,-66
-398,391,-81
-341,318,-112
-262,228,-160
-196,140,-219
-142,52,-299
-86,-44,-391
-67,-142,-480
-76,-220,-559
-94,-299,-632
-104,-372,-701
-133,-421,-760
-190,-439,-817
-281,-408,-859
-358,-333,-877
-436,-241,-869
-511,-152,-835
-557,-70,-778
-581,6,-709
-588,79,-627
-578,155,-539
-544,236,-450
-480,314,-374
-411,384,-313
-331,444,-260
-245,481,-211
-162,484,-154
-126,459,-93
-129,428,-56
-174,411,-46
-261,424,-63
-351,445,-80
-428,467,-88
-470,495,-75
-496,531,-58
-535,582,-48
-568,643,-49
-592,704,-45
-601,758,-44
-600,820,-44
-593,872,-52
-578,914,-63
-565,947,-70
-548,972,-73
-530,1005,-69
-500,1037,-62
-473,1071,-54
-455,1098,-46
-428,1115,-41
-399,1121,-40
-379,1112,-37
-357,1086,-32
-326,1056,-29
-290,1022,-29
-255,987,-25
-227,955,-8
-223,929,16
-232,898,54
-252,869,89
-269,854,118
-289,864,139
-303,890,152
-308,919,164
-307,936,174
-288,925,183
-272,904,184
-241,874,173
-201,837,157
-168,788,139
-136,737,122
-118,678,106
-109,617,89
-120,554,71
-139,486,54
-154,415,36
-161,350,8
-170,292,-16
-181,246,-32
-196,202,-40
-204,154,-39
-219,112,-32
-229,81,-25
-227,47,-21
-216,23,-19
-206,-9,-17
-196,-42,-13
-187,-78,-10
-177,-118,-8
-176,-152,-1
-169,-186,14
-160,-218,21
-141,-252,29
-106,-293,38
-65,-342,39
-10,-400,41
50,-456,43
108,-512,38
159,-566,42
202,-612,52
235,-643,56
263,-674,56
297,-707,57
333,-735,57
373,-751,59
408,-762,61
432,-767,55
442,-769,47
446,-778,47
437,-780,54
429,-782,66
416,-785,92
408,-782,115
407,-765,122
408,-743,111
419,-728,101
430,-720,90
445,-719,78
466,-726,68
493,-743,50
518,-775,30
553,-819,18
583,-865,13
605,-912,18
624,-966,18
646,-1009,9
665,-1032,-10
671,-1040,-29
677,-1041,-45
689,-1034,-62
707,-1023,-74
722,-1008,-74
742,-996,-74
772,-992,-68
790,-978,-50
797,-968,-27
792,-974,-6
776,-994,2
750,-1018,8
725,-1038,7
703,-1056,-4
698,-1067,-16
703,-1057,-35
710,-1046,-49
710,-1039,-43
708,-1028,-26
718,-1030,-8
732,-1039,9
747,-1049,20
764,-1063,13
789,-1073,-1
807,-1069,-4
787,-1057,18
752,-1053,46
708,-1058,62
660,-1063,74
619,-1069,75
582,-1073,76
554,-1075,78
538,-1076,78
521,-1070,80
506,-1059,80
494,-1050,80
482,-1039,75
486,-1026,69
494,-1014,70
509,-1006,77
524,-996,76
532,-981,73
540,-968,73
548,-955,75
568,-940,75
596,-925,74
618,-913,71
640,-902,70
660,-895,67
681,-893,61
687,-898,55
697,-915,48
695,-932,38
691,-953,31
679,-979,23
675,-1001,16
664,-1016,13
639,-1024,20
611,-1009,30
592,-985,40
566,-951,45
541,-911,49
523,-882,45
505,-853,44
482,-815,42
478,-776,39
476,-735,35
471,-702,39
460,-675,46
431,-648,56
394,-624,67
351,-607,78
306,-585,94
254,-562,100
208,-540,107
171,-524,111
142,-512,118
113,-508,114
78,-517,110
52,-520,114
16,-511,120
-12,-513,129
-30,-521,140
-42,-537,144
-48,-559,147
-47,-580,149
-50,-596,148
-64,-616,148
-77,-639,147
-97,-653,142
-116,-652,142
-142,-635,134
-167,-613,118
-186,-595,100
-198,-581,84
-203,-570,60
-194,-565,34
-173,-561,10
-147,-558,1
-124,-553,-8
-90,-540,-8
-58,-522,1
-23,-509,12
26,-507,19
66,-516,21
99,-521,25
137,-529,38
156,-533,48
171,-534,54
184,-524,48
188,-522,30
197,-529,0
210,-532,-22
225,-528,-38
240,-511,-52
250,-492,-64
258,-471,-74
272,-450,-85
286,-439,-99
292,-425,-111
296,-407,-116
301,-394,-120
304,-379,-120
302,-362,-122
311,-353,-129
317,-342,-141
317,-341,-154
308,-355,-169
285,-371,-183
252,-382,-195
219,-392,-210
186,-409,-226
152,-436,-237
106,-446,-253
61,-445,-266
21,-442,-268
-13,-433,-264
-27,-443,-260
-38,-445,-249
-51,-440,-236
-63,-426,-225
-58,-409,-214
-43,-392,-203
-22,-373,-198
-15,-366,-210
-26,-356,-229
-67,-321,-240
-122,-258,-235
-168,-196,-223
-197,-148,-212
-206,-109,-196
-201,-84,-177
-203,-70,-161
-219,-59,-154
-241,-51,-156
-261,-46,-152
-276,-37,-154
-282,-31,-159
-279,-13,-163
-270,7,-164
-267,26,-165
-265,50,-167
-261,71,-167
-261,99,-167
-273,121,-160
-285,141,-155
-299,167,-150
-312,188,-150
-327,202,-154
-339,216,-158
-351,223,-161
-359,232,-167
-357,240,-173
-353,247,-175
-337,245,-171
-318,242,-168
-299,253,-167
-272,257,-161
-249,268,-151
-234,269,-136
-230,259,-114
-224,243,-87
-218,223,-62
-211,194,-29
-195,166,-9
-171,142,-2
-136,120,4
-109,102,11
-81,93,26
-56,79,51
-19,75,74
18,71,93
64,55,113
110,32,126
151,11,130
192,-12,141
222,-31,146
251,-35,143
275,-39,128
290,-39,92
305,-35,42
319,-36,-12
331,-43,-66
339,-54,-120
342,-70,-175
343,-92,-226
347,-118,-264
343,-141,-288
335,-156,-305
334,-176,-310
335,-188,-306
343,-205,-289
345,-214,-268
342,-226,-235
326,-234,-203
305,-241,-161
285,-231,-118
268,-211,-86
249,-184,-66
244,-168,-50
242,-163,-45
236,-167,-43
225,-176,-36
217,-187,-32
204,-208,-19
195,-228,0
195,-248,28
198,-270,53
198,-291,71
193,-309,80
190,-319,97
187,-329,116
177,-342,134
167,-353,152
161,-365,170
150,-365,183
135,-367,185
118,-376,187
97,-387,190
78,-405,197
58,-424,205
41,-438,211
32,-439,223
29,-437,234
22,-434,238
11,-438,247
-8,-447,254
-29,-456,265
-48,-462,280
-66,-468,292
-73,-460,295
-77,-444,296
-76,-421,298
-73,-405,303
-82,-383,304
-96,-366,300
-122,-359,292
-150,-349,288
-179,-345,294
-205,-349,302
-219,-354,304
-223,-356,307
-229,-357,305
-233,-358,303
-233,-362,301
-236,-374,290
-240,-383,283
-245,-387,273
-248,-391,265
-251,-398,262
-249,-397,257
-239,-384,248
-234,-361,239
-234,-344,232
-241,-338,230
-247,-326,225
-248,-305,226
-255,-273,225
-253,-238,217
-255,-209,214
-263,-187,205
-269,-174,205
-272,-171,208
-268,-164,213
-269,-155,216
-260,-134,214
-247,-117,214
-240,-95,213
-229,-69,212
-221,-40,201
-216,-25,193
-214,-16,182
-219,-15,175
-218,-12,174
-212,-8,173
-206,-3,173
-203,9,170
-193,12,168
-198,15,161
-199,14,159
-198,15,156
-197,14,154
-193,5,150
-190,9,147
-179,13,147
-174,15,141
-168,18,136
-164,17,129
-158,22,120
-155,25,113
-160,27,108
-157,29,99
-160,24,89
-163,22,86
-163,21,83
-163,21,82
-163,19,75
-166,21,71
-167,22,69
-160,22,60
-151,19,57
-150,14,57
-152,15,54
-153,19,52
-149,21,51
-140,22,49
-139,24,47
-143,28,48
-145,30,45
-140,26,42
-140,27,38
-142,27,38
-141,29,39
-141,32,39
-140,34,37
-139,39,37
-132,38,39
-130,44,36
-129,45,36
-129,49,35
-128,53,35
-120,54,34
-120,59,34
-112,64,36
-113,68,34
-111,73,33
-108,72,34
-108,69,32
-104,71,34
-100,74,36
-111,86,42
-123,91,58
-131,92,71
-145,90,75
-150,89,72
-152,87,62
-142,87,54
-131,85,48
-116,84,36
-100,85,30
-86,94,25
-82,92,23
-81,95,25
-80,91,27
-81,89,23
-77,91,21
-76,92,20
-75,92,21
-75,89,20
-74,88,17
-78,85,12
-74,87,11
-68,87,11
-60,83,13
-52,82,14
-50,84,13
-46,89,11
-49,92,9
-43,93,7
-44,93,6
-46,91,7
-48,90,5
-49,90,3
-49,97,4
-40,106,0
-26,111,-6
-16,111,-6
-15,114,-12
-23,110,-16
-43,108,-18
-57,111,-12
-63,113,-8
-61,115,-3
-60,111,0
-59,105,2
-54,97,2
-52,93,5
-56,90,5
-57,90,5
-60,89,3
-65,86,-2
-69,78,-12
-75,70,-15
-86,58,-16
-82,45,-19
-76,35,-21
-72,21,-20
-65,8,-17
-63,-14,-17
-74,-30,-14
-93,-40,-10
-107,-47,1
-119,-59,10
-123,-74,22
-130,-91,38
-128,-110,57
-124,-124,69
-118,-142,71
-131,-197,50
-158,-267,0
-181,-335,-29
-166,-400,-43
-123,-448,-33
-64,-471,-6
18,-473,35
89,-449,72
141,-404,101
163,-350,118
164,-302,122
153,-258,125
146,-219,137
143,-195,140
151,-191,138
174,-196,138
194,-200,147
224,-220,155
257,-253,156
304,-272,165
347,-278,174
391,-278,174
417,-285,158
446,-290,133
465,-293,105
473,-292,75
476,-279,39
479,-256,18
463,-224,-1
451,-182,-20
445,-143,-39
434,-126,-64
439,-116,-85
449,-107,-100
471,-101,-118
492,-91,-139
506,-87,-148
508,-96,-142
498,-105,-128
485,-116,-113
469,-118,-87
440,-91,-60
402,-51,-37
369,8,-16
336,82,7
301,154,32
278,202,61
261,243,76
259,284,72
265,305,59
255,305,36
247,308,8
242,306,-22
236,309,-44
235,320,-66
234,329,-87
243,326,-108
248,320,-126
253,319,-136
264,314,-153
286,315,-180
303,318,-206
326,317,-226
341,318,-246
349,318,-261
366,317,-275
389,312,-293
418,306,-301
437,295,-302
468,278,-308
490,260,-307
503,251,-307
520,247,-316
538,242,-322
549,236,-325
568,231,-333
597,222,-344
633,207,-346
657,189,-345
680,175,-333
690,169,-316
694,171,-303
697,172,-296
698,170,-298
693,168,-300
678,169,-296
648,169,-280
625,171,-256
635,164,-241
646,163,-232
656,159,-226
665,159,-229
657,169,-225
637,189,-207
623,209,-193
622,224,-183
607,228,-164
585,226,-150
547,232,-128
503,240,-99
479,231,-80
475,222,-76
482,216,-75
504,206,-78
517,191,-78
516,178,-70
519,159,-51
521,143,-35
518,143,-24
507,155,-16
504,169,-18
501,184,-16
496,202,-18
491,213,-21
481,220,-27
473,228,-31
466,227,-35
445,228,-32
419,231,-33
399,227,-36
380,224,-35
358,225,-36
334,228,-30
316,230,-23
315,227,-23
317,213,-25
318,199,-25
313,192,-24
301,191,-23
295,190,-25
290,184,-26
295,179,-32
309,167,-33
314,153,-28
300,146,-24
279,145,-25
255,143,-28
228,142,-24
206,133,-29
191,126,-30
180,116,-29
165,111,-20
171,120,-19
210,121,-33
237,114,-43
242,109,-41
222,107,-33
219,110,-29
198,106,-26
164,97,-24
158,86,-23
147,78,-21
129,72,-17
131,70,-17
144,67,-18
163,66,-17
186,69,-16
199,72,-13
197,70,-8
192,74,-12
184,75,-10
142,81,9
102,91,25
81,98,26
79,100,16
85,107,8
94,105,8
91,109,7
84,113,10
80,120,13
86,124,8
103,134,-7
123,140,-19
126,149,-22
118,162,-20
111,170,-15
95,172,-10
66,177,-4
54,180,-6
76,179,-23
101,176,-37
116,176,-41
123,173,-33
114,168,-26
84,163,-14
52,160,7
25,160,12
24,159,6
36,150,1
36,142,3
27,136,6
23,132,10
27,138,13
49,142,4
66,138,-3
57,128,-6
41,121,-8
22,114,-9
15,108,-8
17,95,3
-5,94,22
-29,95,29
-48,89,31
-54,85,26
-53,83,26
-58,81,42
-67,79,52
-63,83,42
-49,87,36
-44,91,34
-42,96,33
-46,96,31
-55,94,24
-75,95,15
-80,96,9
-62,90,8
-42,85,2
-33,86,-9
-26,86,-11
-26,89,-18
-33,96,-20
-47,101,-19
-71,103,-14
-94,102,-3
-123,102,1
-119,95,-7
-84,82,-20
-59,72,-20
-46,69,-10
-37,68,0
-38,64,7
-44,64,7
-47,64,7
-50,65,8
-46,61,8
-44,60,9
-48,58,6
-58,54,-6
-68,56,-17
-66,61,-9
-58,73,5
-51,83,12
-52,90,19
-62,101,24
-69,101,29
-76,101,36
-88,105,40
-96,113,42
-93,118,47
-88,119,51
-93,120,54
-93,116,57
-97,111,61
-101,105,67
-114,101,72
-123,94,73
-128,80,73
-132,71,77
-141,69,82
-146,65,78
-158,59,70
-172,65,66
-180,78,68
-182,97,67
-185,111,58
-180,111,40
-167,96,26
-159,87,17
-145,85,11
-132,84,5
-123,87,-1
-120,87,-10
-116,92,-12
-125,95,-20
-142,102,-28
-162,110,-29
-160,109,-23
-152,102,-19
-146,98,-19
-146,89,-19
-145,85,-17
-146,80,-16
-143,71,-11
-136,63,-11
-130,55,-12
-127,45,-9
-125,35,-13
-126,30,-11
-129,28,-11
-128,24,-9
-129,24,-8
-132,23,-7
-135,27,-11
-137,30,-13
-134,36,-13
-131,41,-7
-131,41,-6
-135,34,-5
-145,34,-5
-156,36,-5
-165,38,-6
-164,37,-5
-156,28,3
-148,26,9
-142,27,8
-140,30,5
-140,30,6
-143,33,10
-146,38,14
-151,42,11
-155,57,9
-158,64,10
-164,70,12
-173,73,11
-177,72,8
-181,72,10
-178,68,12
-174,65,15
-172,61,20
-170,54,21
-171,50,26
-168,52,29
-176,51,31
-183,50,31
-183,49,33
-181,53,30
-185,52,31
-192,52,32
-196,53,31
-193,49,32
-195,45,27
-197,44,33
-200,40,32
-198,41,33
-197,44,39
-204,38,43
-210,31,46
-214,20,49
-219,14,50
-226,10,50
-227,8,51
-224,5,56
-228,1,62
-232,-7,70
-238,-11,74
-245,-13,73
-254,-15,74
-257,-23,79
-257,-26,85
-263,-32,90
-277,-30,89
-284,-31,91
-287,-32,98
-291,-32,102
-299,-34,111
-300,-45,116
-297,-53,121
-301,-64,125
-300,-78,131
-298,-94,135
-295,-106,139
-297,-106,147
-294,-108,152
-295,-106,152
-295,-101,154
-299,-93,154
-301,-89,154
-303,-91,150
-299,-89,151
-289,-90,151
-277,-85,152
-271,-79,152
-270,-74,149
-277,-66,144
-279,-63,142
-278,-56,136
-273,-55,136
-267,-53,135
-257,-54,134
-247,-58,134
-233,-63,136
-219,-70,137
-211,-68,136
-207,-65,134
-203,-66,137
-197,-61,137
-201,-52,134
-199,-52,136
-199,-47,133
-204,-40,129
-199,-39,131
-199,-35,130
-202,-33,126
-204,-31,126
-200,-27,123
-197,-26,122
-193,-28,122
-188,-31,125
-185,-33,126
-175,-35,125
-165,-36,125
-165,-31,126
-162,-26,128
-162,-19,125
-168,-10,125
-171,-1,125
-170,6,129
-176,16,134
-175,19,142
-172,23,143
-186,25,140
-201,26,141
-212,29,144
-213,32,147
-211,32,152
-211,37,162
-217,46,167
-229,48,167
-240,48,171
-251,53,178
-261,62,185
-268,70,185
-282,74,185
-303,73,180
-326,67,175
-338,60,172
-343,54,175
-350,49,176
-352,41,178
-358,31,179
-359,23,182
-360,19,185
-359,14,186
-363,14,185
-362,18,191
-363,15,196
-369,22,212
-371,35,247
-371,45,261
-382,43,255
-393,40,246
-406,37,235
-421,45,229
-440,57,218
-466,63,203
-483,64,199
-497,56,201
-501,52,199
-496,53,196
-480,59,192
-460,66,188
-438,68,179
-410,63,174
-387,56,167
-369,50,157
-359,49,139
-366,46,122
-380,49,115
-394,59,117
-421,64,128
-459,59,145
-484,52,160
-518,35,172
-551,26,180
-579,27,191
-602,25,207
-621,22,224
-619,22,240
-602,26,256
-598,41,265
-596,54,261
-590,64,251
-587,75,245
-571,79,248
-545,72,247
-524,63,244
-516,51,236
-517,33,218
-509,18,207
-508,13,211
-518,12,219
-526,14,230
-527,11,242
-527,8,264
-549,20,300
-577,34,336
-590,32,354
-584,16,337
-571,5,301
-549,9,275
-520,16,266
-489,23,262
-463,22,240
-464,15,194
-467,13,144
-457,25,119
-433,49,119
-389,83,137
-344,104,159
-306,117,168
-313,124,176
-366,113,177
-441,103,123
-496,94,53
-538,84,-1
-559,79,-32
-556,76,-36
-547,76,-8
-552,81,21
-557,71,42
-573,56,57
-582,45,85
-558,42,111
-516,56,121
-463,62,133
-410,63,160
-379,57,181
-368,50,189
-383,31,200
-409,7,212
-436,-16,217
-443,-22,215
-434,-25,216
-433,-18,216
-436,-11,221
-429,-4,220
-414,0,216
-389,3,212
-355,2,209
-313,1,204
-276,-3,195
-243,-5,181
-222,4,169
-209,10,166
-212,16,166
-218,22,155
-221,26,138
-226,39,118
-232,50,100
-239,67,91
-242,80,82
-247,94,76
-246,106,74
-257,115,70
-263,125,74
-271,134,76
-278,131,75
-277,133,76
-279,138,78
-281,145,79
-286,157,77
-287,171,69
-274,184,56
-255,186,47
-236,187,43
-226,195,40
-218,209,38
-212,222,35
-208,231,31
-212,239,23
-216,245,22
-221,251,18
-219,246,13
-215,225,7
-217,207,1
-217,196,-4
-213,197,-4
-212,204,-6
-202,208,-6
-190,211,-5
-179,221,-13
-171,222,-20
-160,219,-26
-146,225,-28
-134,234,-31
-130,232,-30
-127,223,-36
-128,223,-45
-128,222,-55
-138,234,-69
-149,249,-78
-164,269,-91
-182,284,-94
-199,285,-93
-226,278,-92
-245,254,-97
-245,222,-102
-246,174,-103
-259,113,-95
-271,49,-84
-286,-23,-72
-300,-103,-48
-319,-178,-22
-328,-239,-7
-315,-292,2
-290,-327,7
-266,-340,16
-238,-343,25
-205,-338,37
-168,-336,45
-140,-329,45
-129,-321,52
-137,-311,58
-156,-304,60
-175,-299,53
-191,-290,37
-202,-264,24
-205,-226,12
-201,-184,-1
-195,-157,-17
-192,-149,-30
-191,-148,-39
-185,-153,-44
-177,-155,-52
-165,-156,-59
-164,-154,-70
-166,-142,-76
-168,-130,-82
-178,-114,-86
-190,-97,-85
-186,-81,-76
-170,-72,-61
-153,-68,-42
-139,-72,-27
-129,-76,-18
-116,-71,-15
-102,-56,-9
-91,-35,-4
-84,-8,-3
-80,15,-8
-76,32,-18
-74,49,-28
-72,62,-35
-68,74,-40
-67,83,-45
-67,81,-51
-68,86,-55
-62,88,-60
-56,85,-57
-41,86,-59
-36,92,-62
-35,89,-63
-30,85,-63
-33,87,-68
-37,92,-74
-39,93,-73
-38,98,-75
-35,102,-74
-35,105,-75
-29,117,-72
-21,124,-67
-18,132,-65
-14,137,-61
-9,134,-54
-11,139,-48
-14,146,-40
-14,150,-30
-14,153,-20
-15,160,-6
-21,170,7
-24,180,15
-22,187,17
-19,189,12
-21,185,10
-14,180,12
-7,178,14
0,182,13
7,183,11
7,185,5
8,186,0
16,179,-6
18,170,-11
24,159,-12
29,146,-11
32,137,-11
31,129,-11
35,122,-16
39,118,-18
46,111,-21
49,108,-20
50,101,-20
39,94,-22
35,79,-32
40,64,-43
52,53,-50
64,49,-64
82,42,-75
103,34,-91
123,23,-110
130,12,-133
125,5,-149
105,-3,-163
90,-13,-171
76,-20,-180
69,-26,-190
68,-29,-198
74,-29,-204
82,-28,-208
93,-21,-213
112,-24,-221
136,-26,-228
155,-15,-238
169,-9,-249
175,-10,-260
182,-13,-278
189,-21,-294
194,-29,-308
191,-46,-319
183,-58,-328
172,-72,-338
165,-83,-341
136,-77,-332
108,-66,-310
91,-48,-277
78,-32,-241
76,-14,-205
80,-2,-174
79,8,-147
71,10,-128
66,6,-117
57,3,-115
45,2,-116
30,1,-111
20,2,-110
11,-6,-111
-2,-9,-116
-11,-14,-115
-17,-26,-110
-26,-25,-104
-30,-28,-97
-26,-28,-92
-14,-27,-86
-2,-30,-81
2,-35,-80
-3,-37,-79
-5,-42,-76
-8,-48,-70
-7,-51,-68
-10,-48,-66
-20,-41,-59
-25,-34,-54
-22,-35,-53
-24,-37,-42
-32,-39,-33
-30,-53,-24
-29,-66,-12
-31,-72,-5
-34,-65,0
-31,-57,0
-28,-49,-3
-25,-47,-10
-20,-44,-21
-21,-44,-18
-13,-45,-1
-1,-48,16
8,-47,27
13,-48,35
22,-55,43
28,-52,49
28,-40,50
32,-27,47
36,-16,37
35,-13,29
43,-2,27
46,-1,27
42,2,29
34,-1,22
36,2,1
53,11,-19
74,21,-35
97,25,-53
108,26,-62
100,17,-76
83,12,-92
77,16,-119
80,23,-148
86,23,-179
94,4,-200
106,-17,-215
128,-27,-220
139,-19,-224
148,-7,-227
157,-4,-224
163,9,-219
153,21,-214
134,28,-211
111,37,-209
76,49,-213
48,57,-212
28,66,-209
6,76,-196
-11,84,-177
-33,97,-154
-53,112,-134
-70,125,-120
-75,135,-100
-78,143,-89
-81,150,-83
-77,146,-79
-81,142,-74
-91,135,-66
-104,122,-50
-121,117,-35
-131,109,-18
-147,99,-5
-179,89,17
-204,74,39
-222,70,57
-230,63,70
-236,63,83
-240,66,92
-238,71,100
-238,73,109
-230,72,114
-217,74,116
-203,76,116
-195,75,110
-191,69,112
-179,59,113
-177,52,110
-185,52,104
-191,53,97
-189,55,93
-186,59,91
-187,59,89
-190,61,88
-198,63,85
-205,62,77
-204,52,68
-206,47,60
-209,42,55
-204,43,50
-201,42,43
-194,38,33
-182,29,27
-181,25,16
-181,13,10
-175,2,7
-167,-13,4
-161,-21,5
-157,-38,8
-158,-42,8
-154,-45,7
-155,-50,9
-166,-53,7
-173,-59,4
-183,-57,5
-188,-55,-1
-184,-48,-11
-178,-51,-23
-173,-52,-29
-186,-50,-36
-193,-51,-42
-196,-51,-47
-197,-52,-50
-198,-51,-51
-190,-54,-51
-184,-60,-51
-172,-75,-47
-165,-88,-43
-157,-94,-38
-156,-92,-39
-154,-82,-43
-153,-76,-45
-153,-69,-48
-152,-62,-54
-147,-54,-56
-140,-49,-60
-136,-43,-60
-134,-42,-64
-132,-42,-66
-133,-41,-64
-133,-38,-65
-136,-34,-66
-136,-30,-63
-138,-23,-59
-138,-15,-59
-137,-5,-57
-133,5,-52
-134,7,-50
-131,10,-46
-132,12,-48
-134,15,-49
-139,17,-47
-142,17,-44
-149,18,-45
-150,20,-40
-148,21,-39
-148,26,-38
-152,30,-36
-155,33,-32
-154,36,-30
-149,38,-30
-150,42,-28
-148,45,-25
-149,54,-25
-145,62,-22
-144,72,-22
-139,81,-23
-133,82,-20
-126,87,-19
-123,93,-18
-120,96,-19
-111,101,-21
-107,103,-21
-97,109,-17
-94,113,-13
-95,117,-18
-96,120,-24
-91,123,-28
-81,123,-24
-72,128,-24
-59,134,-24
-56,139,-24
-51,147,-21
-53,155,-22
-58,162,-21
-60,165,-24
-62,170,-27
-65,179,-29
-56,188,-26
-40,193,-20
-22,195,-16
-16,192,-13
-13,182,-11
-26,163,-13
-43,141,-21
-59,127,-22
-67,119,-21
-68,114,-20
-55,110,-21
-41,107,-21
-29,100,-19
-22,103,-17
-16,101,-13
-13,98,-11
-7,99,-4
-7,104,3
-10,110,11
-12,118,14
-18,126,22
-27,127,26
-36,126,26
-45,127,27
-51,125,30
-55,130,34
-53,136,35
-48,134,40
-42,136,47
-35,137,50
-27,137,55
-23,139,56
-23,138,54
-13,135,57
-13,137,62
-19,139,65
-24,140,64
-25,144,63
-27,140,63
-24,140,63
-25,143,62
-24,141,63
-22,138,61
-22,143,53
-14,143,49
-8,143,45
-4,143,35
1,142,30
7,139,25
3,144,15
5,144,2
8,141,-6
7,138,-14
3,136,-20
1,130,-25
-1,128,-24
-8,127,-27
-19,125,-28
-26,125,-29
-34,125,-29
-36,118,-27
-47,118,-28
-57,120,-27
-56,124,-25
-47,124,-21
-39,123,-20
-34,120,-17
-26,119,-22
-17,116,-20
-15,113,-18
-14,109,-12
-12,106,-5
-10,101,1
-13,97,8
-15,97,7
-21,94,8
-24,95,8
-27,98,10
-35,98,15
-40,96,17
-42,91,19
-38,87,25
-30,88,29
-26,87,27
-22,90,29
-16,85,35
-20,83,32
-19,82,29
-26,81,32
-26,80,32
-28,78,28
-27,77,30
-31,71,29
-34,67,31
-36,63,29
-33,59,28
-31,53,28
-25,55,30
-28,58,31
-29,59,28
-28,55,28
-26,49,29
-21,48,33
-19,44,35
-16,44,34
-20,48,31
-22,48,31
-19,45,31
-19,45,32
-18,41,33
-22,44,29
-19,45,24
-14,49,20
-10,49,23
-3,51,18
-2,56,17
-5,66,14
-7,66,11
-10,68,8
-10,66,3
-9,66,-4
-10,65,-9
-13,64,-15
-8,59,-19
-9,57,-23
-9,62,-27
-8,60,-28
-6,64,-27
-6,66,-29
-4,66,-30
-2,65,-35
-2,66,-35
-4,59,-32
1,54,-31
6,48,-32
8,48,-30
11,51,-26
15,48,-25
18,45,-20
23,46,-18
29,46,-11
31,41,-5
27,43,-2
21,39,2
10,37,3
-2,41,6
-7,43,5
-14,48,7
-23,51,5
-30,48,5
-35,45,4
-41,43,6
-44,39,3
-53,42,4
-64,45,8
-62,46,9
-57,49,9
-56,53,10
-52,57,15
-57,53,21
-65,52,18
-76,62,17
-84,67,21
-91,66,22
-93,68,29
-100,68,29
-105,60,29
-114,53,33
-112,46,37
-116,43,39
-127,41,40
-125,47,40
-121,56,39
-111,64,33
-102,71,31
-98,74,28
-98,74,25
-98,67,26
-99,66,21
-102,59,20
-103,51,18
-104,51,17
-102,49,20
-92,44,23
-91,46,23
-84,43,26
-84,43,28
-83,53,23
-83,62,21
-83,69,21
-86,79,17
-88,83,14
-89,82,14
-91,84,14
-91,90,14
-89,91,8
-91,90,7
-91,90,6
-90,93,4
-90,93,4
-88,96,3
-85,94,4
-87,98,6
-83,100,7
-77,101,6
-75,98,7
-74,101,9
-75,101,10
-73,101,14
-73,101,14
-72,103,14
-73,102,13
-74,103,11
-74,108,11
-72,110,10
-68,107,9
-62,110,6
-53,108,3
-51,109,4
-46,102,1
-45,102,-4
-46,98,0
-52,99,4
-47,99,6
-49,98,10
-47,98,12
-39,97,13
-34,102,10
-30,108,10
-26,106,12
-29,107,9
-39,107,7
-42,104,13
-39,101,18
-41,101,19
-41,98,21
-37,98,23
-37,97,22
-43,97,24
-44,95,25
-51,92,28
-56,91,25
-60,92,26
-66,94,25
-71,91,26
-69,85,29
-67,87,26
-66,81,24
-66,76,19
-65,77,20
-68,76,21
-67,78,21
-65,75,20
-70,75,19
-71,79,19
-71,77,18
-73,77,16
-70,76,16
-68,76,18
-70,74,15
-70,74,15
-72,72,14
-71,70,16
-74,72,21
-74,75,20
-73,75,16
-71,72,16
-77,69,14
-77,67,14
-77,68,11
-77,68,13
-78,68,13
-74,65,11
-74,62,11
-75,65,10
-73,63,12
-71,61,10
-79,60,10
-79,59,11
-79,53,10
-77,53,12
-79,58,12
-81,55,13
-83,58,9
-84,58,11
-76,58,12
-78,57,11
-81,56,12
-84,56,11
-84,59,12
-86,57,17
-86,53,17
-81,53,16
-81,54,16
-82,52,12
-82,56,14
-83,57,14
-81,57,14
-79,52,16
-81,53,18
-80,53,19
-81,55,15
-77,52,15
-83,54,14
-87,54,16
-86,53,16
-87,54,20
-83,61,22
-73,65,22
-70,63,20
-69,63,18
-73,63,16
-83,60,14
-95,57,19
-97,58,21
-96,58,22
-89,54,25
-82,51,27
-84,48,26
-93,49,27
-103,48,29
-106,55,33
-107,58,40
-102,60,39
-98,61,35
-94,72,31
-86,73,27
-81,71,27
-78,68,26
-77,66,24
-80,68,19
-79,71,23
-76,69,23
-71,69,21
-70,71,23
-67,68,24
-65,63,23
-61,64,22
-59,64,19
-62,66,17
-66,67,13
-68,67,17
-66,67,19
-65,69,18
-63,69,14
-60,67,12
-63,67,11
-60,68,11
-63,67,10
-64,68,9
-65,68,8
-63,65,10
-64,68,10
-65,67,10
-68,67,9
-63,67,8
-66,63,5
-67,65,3
-69,69,7
-70,68,9
-71,67,7
-69,61,11
-72,63,14
-71,61,12
-74,62,11
-73,62,11
-76,64,11
-78,64,11
-73,64,12
-68,62,12
-64,61,12
-66,56,9
-71,58,8
-73,61,9
-75,61,11
-75,58,16
-72,56,18
-70,56,19
-66,56,19
-64,60,16
-63,63,14
-65,69,14
-67,70,14
-68,68,14
-76,70,16
-84,73,24
-85,74,20
-79,71,20
-76,73,22
-68,71,22
-62,70,22
-62,73,23
-66,76,18
-68,76,23
-74,75,21
-80,79,19
-87,78,20
-90,74,23
-85,78,25
-84,77,25
-77,76,28
-77,76,24
-76,75,24
-76,76,23
-75,79,19
-74,80,21
-78,82,22
-76,83,23
-74,81,23
-73,77,21
-73,77,18
-77,84,19
-77,88,20
-77,82,19
-76,86,20
-78,87,19
-75,84,21
-71,86,22
-69,87,23
-68,86,23
-71,88,22
-73,91,23
-72,91,24
-73,93,25
-72,92,22
-69,89,23
-71,90,21
-76,88,23
-72,83,24
-74,86,21
-75,85,20
-73,84,23
-70,84,21
-69,81,18
-67,81,19
-68,84,20
-72,86,20
-70,83,16
-69,85,18
-71,90,18
-73,92,17
-70,90,17
-72,87,16
-72,87,16
-70,89,15
-67,88,16
-67,90,14
-68,95,15
-69,99,16
-66,100,17
-62,104,19
-64,101,17
-62,102,15
-64,102,17
-64,97,15
-62,91,20
-66,87,18
-71,84,17
-73,85,18
-63,87,22
-51,94,23
-40,104,21
-29,111,22
-28,116,17
-35,117,11
-57,117,11
-80,119,15
-89,110,18
-92,104,21
-92,97,20
-89,87,20
-83,76,22
-77,65,24
-77,66,27
-74,67,27
-71,71,34
-67,81,33
-63,97,32
-63,111,31
-64,120,30
-66,125,31
-65,125,28
-64,119,23
-64,110,25
-65,97,22
-63,90,21
-56,83,19
-49,81,18
-44,77,19
-41,78,20
-40,79,17
-42,80,18
-44,87,17
-42,91,19
-44,97,21
-47,105,16
-48,103,15
-48,101,16
-49,93,15
-49,89,14
-52,85,12
-48,87,12
-53,90,10
-55,91,10
-54,90,15
-54,91,13
-52,89,11
-55,87,13
-52,84,12
-53,84,13
-53,82,15
-52,81,15
-47,81,15
-52,79,14
-55,75,15
-57,74,19
-63,74,17
-65,69,18
-61,68,17
-67,70,21
-70,71,21
-70,75,20
-61,79,20
-52,80,18
-52,77,17
-55,72,16
-59,68,15
-63,65,18
-61,63,19
-56,63,23
-47,67,27
-41,69,28
-39,64,26
-44,68,23
-48,69,25
-54,76,26
-62,79,26
-61,78,27
-60,80,25
-58,83,29
-52,80,31
-48,74,32
-45,75,32
-45,72,29
-49,70,25
-48,67,25
-54,68,23
-58,71,26
-64,71,24
-58,70,25
-60,70,26
-63,70,25
-62,70,26
-59,68,30
-52,67,29
-56,69,29
-58,71,28
-60,69,30
-59,67,28
-55,71,24
-59,71,23
-56,72,22
-54,71,24
-54,76,26
-59,77,24
-58,76,26
-58,79,26
-56,80,30
-55,81,25
-52,85,25
-52,87,30
-50,91,30
-46,92,27
-47,93,27
-46,94,29
-44,94,23
-49,93,23
-47,91,22
-48,93,21
-51,96,22
-53,91,23
-50,91,21
-43,92,25
-44,89,21
-50,91,19
-48,91,22
-49,90,20
-44,89,20
-47,85,19
-47,90,22
-43,90,20
-47,90,21
-46,89,21
-47,88,21
-48,89,21
-51,89,21
-48,88,23
-46,91,22
-50,90,20
-51,86,22
-46,84,21
-50,86,23
-54,91,21
-56,92,21
-51,95,24
-51,97,24
-52,99,24
-48,102,24
-45,104,26
-46,101,27
-47,99,26
-51,100,25
-53,100,24
-54,100,23
-62,92,21
-62,85,22
-62,84,25
-63,84,25
-54,85,22
-46,92,22
-28,99,24
-20,99,25
-23,107,22
-40,118,20
-57,119,15
-69,119,20
-82,114,23
-84,109,25
-84,101,31
-82,90,30
-80,84,29
-75,73,26
-74,73,29
-75,77,32
-69,86,35
-67,94,36
-68,114,32
-65,128,31
-61,140,28
-64,142,26
-68,144,26
-71,141,25
-76,134,24
-71,119,25
-73,104,26
-74,97,24
-64,90,24
-58,83,23
-54,80,22
-51,75,19
-50,74,18
-51,75,19
-49,75,21
-57,85,23
-58,93,15
-63,96,16
-60,96,18
-58,95,17
-55,92,18
-53,87,19
-57,83,18
-56,83,16
-55,83,16
-56,84,16
-59,81,12
-61,82,8
-63,78,10
-61,79,12
-59,83,14
-58,78,12
-58,77,12
-56,76,16
-57,77,15
-57,75,8
-54,79,10
-58,78,10
-59,75,12
-59,73,13
-59,71,11
-61,71,10
-57,73,11
-52,79,16
-49,88,14
-48,89,11
-46,81,13
-44,73,14
-42,71,14
-48,76,13
-46,77,16
-43,78,20
-42,85,24
-40,86,27
-43,86,24
-47,91,22
-48,87,25
-50,84,26
-53,82,27
-56,85,27
-55,82,28
-51,80,29
-46,82,32
-45,88,31
-47,91,30
-47,90,28
-48,90,29
-52,90,27
-50,88,27
-50,86,31
-57,87,33
-59,87,32
-59,85,31
-58,86,31
-55,88,34
-54,88,32
-52,88,30
-48,81,31
-49,83,32
-52,82,32
-51,81,30
-47,79,29
-51,83,30
-55,83,29
-52,78,33
-53,85,33
-46,84,33
-47,84,35
-49,85,32
-46,88,31
-47,87,35
-48,89,35
-44,95,35
-44,101,33
-41,104,28
-39,104,24
-38,107,22
-39,112,18
-36,107,17
-34,96,17
-34,87,15
-35,80,14
-33,68,11
-33,54,6
-31,42,6
-35,33,0
-34,31,2
-28,31,5
-33,38,7
-36,43,6
-29,43,9
-31,49,5
-33,53,5
-34,50,5
-31,47,8
-26,45,8
-25,38,5
-26,33,1
-24,26,1
-23,21,4
-22,12,6
-20,5,3
-17,-2,2
-14,-2,5
-11,-4,10
-10,-9,8
-8,-11,7
-6,-15,8
-5,-14,10
-10,-14,12
-11,-9,15
-11,-3,16
-9,2,15
-6,1,15
-6,-1,18
-16,1,18
-27,7,22
-33,17,30
-37,24,31
-43,29,30
-46,34,27
-50,38,26
-53,35,22
-47,36,22
-49,38,22
-46,39,23
-37,36,20
-39,33,17
-35,32,18
-33,31,15
-38,40,13
-42,49,11
-47,52,12
-53,54,13
-57,59,11
-55,62,13
-49,65,12
-44,75,10
-30,81,11
-22,87,11
-18,83,7
-22,79,6
-42,76,5
-58,74,7
-60,73,10
-60,77,18
-59,79,16
-57,74,17
-57,71,15
-62,68,14
-58,64,19
-61,62,24
-65,66,26
-61,69,22
-57,72,23
-56,76,19
-48,77,14
-46,83,14
-52,86,16
-60,88,15
-61,87,14
-60,84,12
-54,85,12
-52,88,9
-49,91,9
-46,85,9
-45,86,13
-45,85,10
-45,82,10
-47,83,11
-52,89,11
-55,88,5
-55,87,4
-62,87,6
-57,87,6
-54,87,7
-55,91,4
-63,94,2
-64,90,3
-63,86,3
-62,83,2
-59,83,0
-55,80,1
-55,77,-4
-59,78,-3
-61,76,0
-59,76,4
-59,73,5
-65,74,6
-64,68,6
-63,70,3
-63,69,4
-65,72,6
-67,69,7
-68,67,5
-75,68,3
-81,70,5
-79,69,7
-80,73,4
-79,77,6
-72,79,8
-69,78,7
-73,74,7
-75,73,3
-74,73,2
-75,67,5
-73,68,6
-72,67,13
-67,65,14
-60,65,12
-56,66,11
-56,71,10
-63,77,11
-73,77,11
-75,72,13
-79,71,17
-74,70,19
-73,75,19
-66,76,19
-66,80,16
-67,84,16
-67,86,15
-65,82,15
-68,82,12
-69,80,11
-71,83,10
-68,77,11
-62,73,10
-64,70,7
-62,67,8
-57,73,12
-64,75,13
-67,74,18
-70,72,17
-72,74,11
-77,77,8
-80,82,6
-75,88,5
-74,92,6
-77,97,10
-78,97,13
-76,96,10
-76,92,11
-75,89,13
-72,92,10
-68,88,9
-73,88,8
-76,90,10
-71,93,11
-72,95,11
-72,95,8
-73,94,8
-70,91,9
-67,91,9
-67,88,7
-68,86,7
-69,84,10
-65,80,10
-63,76,10
-60,71,9
-62,72,6
-64,74,6
-60,72,6
-57,72,6
-57,68,9
-63,71,10
-67,76,12
-68,76,11
-67,76,13
-70,73,11
-70,71,11
-69,74,13
-69,72,12
-70,74,13
-69,73,17
-69,75,14
-68,76,11
-71,75,10
-71,71,12
-69,72,14
-67,75,14
-70,77,17
-71,75,15
-71,75,14
-68,78,15
-63,77,13
-66,79,17
-66,80,16
-63,79,14
