3408,-1836,-1233
3406,-1840,-1232
3410,-1843,-1230
3411,-1846,-1228
3409,-1840,-1227
3411,-1839,-1227
3409,-1838,-1224
3410,-1839,-1221
3409,-1837,-1225
3414,-1837,-1225
3417,-1840,-1223
3422,-1839,-1225
3426,-1839,-1230
3426,-1837,-1230
3424,-1837,-1234
3424,-1829,-1236
3416,-1826,-1239
3412,-1823,-1232
3407,-1820,-1233
3407,-1817,-1237
3407,-1822,-1239
3408,-1820,-1237
3410,-1821,-1234
3414,-1827,-1230
3418,-1828,-1231
3422,-1833,-1232
3419,-1835,-1229
3414,-1837,-1226
3410,-1835,-1226
3408,-1836,-1231
3414,-1836,-1236
3410,-1839,-1235
3415,-1840,-1233
3414,-1843,-1239
3419,-1846,-1241
3423,-1843,-1243
3422,-1838,-1240
3420,-1837,-1235
3417,-1832,-1234
3414,-1832,-1232
3413,-1831,-1229
3413,-1835,-1226
3415,-1834,-1226
3412,-1833,-1226
3409,-1837,-1226
3408,-1834,-1226
3408,-1832,-1228
3403,-1831,-1235
3399,-1830,-1233
3400,-1829,-1236
3400,-1830,-1237
3401,-1828,-1242
3402,-1829,-1241
3412,-1830,-1235
3421,-1832,-1229
3425,-1831,-1223
3426,-1829,-1221
3428,-1831,-1217
3427,-1830,-1220
3428,-1833,-1219
3432,-1842,-1217
3431,-1848,-1220
3428,-1854,-1221
3428,-1859,-1228
3431,-1862,-1234
3431,-1866,-1235
3429,-1867,-1237
3430,-1867,-1240
3430,-1866,-1245
3432,-1861,-1251
3430,-1854,-1251
3430,-1851,-1251
3424,-1840,-1248
3417,-1835,-1249
3406,-1830,-1240
3398,-1824,-1232
3396,-1817,-1230
3393,-1817,-1227
3389,-1816,-1227
3393,-1815,-1222
3396,-1818,-1220
3401,-1823,-1220
3406,-1819,-1220
3409,-1820,-1220
3412,-1820,-1222
3418,-1820,-1223
3420,-1823,-1222
3426,-1829,-1220
3430,-1836,-1223
3433,-1842,-1225
3434,-1847,-1226
3434,-1845,-1225
3432,-1844,-1227
3430,-1840,-1227
3430,-1838,-1234
3426,-1840,-1239
3429,-1836,-1235
3427,-1835,-1239
3429,-1837,-1239
3425,-1842,-1242
3428,-1843,-1246
3427,-1847,-1245
3426,-1848,-1243
3423,-1850,-1242
3419,-1849,-1237
3419,-1851,-1237
3422,-1851,-1233
3419,-1851,-1232
3416,-1852,-1231
3414,-1848,-1228
3417,-1849,-1233
3414,-1847,-1229
3412,-1849,-1231
3408,-1843,-1229
3406,-1838,-1231
3404,-1836,-1231
3404,-1833,-1228
3405,-1831,-1225
3407,-1830,-1219
3412,-1831,-1220
3411,-1835,-1219
3415,-1841,-1221
3413,-1846,-1219
3414,-1845,-1222
3416,-1847,-1224
3414,-1845,-1224
3420,-1846,-1225
3425,-1846,-1226
3426,-1849,-1229
3431,-1843,-1229
3432,-1845,-1229
3432,-1846,-1224
3432,-1844,-1225
3428,-1840,-1225
3422,-1834,-1223
3415,-1830,-1223
3408,-1827,-1219
3405,-1827,-1217
3408,-1824,-1219
3403,-1823,-1217
3403,-1824,-1213
3403,-1819,-1214
3400,-1817,-1213
3405,-1816,-1212
3403,-1814,-1209
3403,-1810,-1206
3405,-1814,-1206
3408,-1814,-1204
3407,-1819,-1203
3406,-1825,-1205
3405,-1830,-1206
3406,-1832,-1211
3407,-1834,-1214
3411,-1837,-1213
3412,-1836,-1214
3414,-1838,-1213
3415,-1842,-1214
3415,-1843,-1220
3420,-1847,-1223
3423,-1846,-1224
3420,-1843,-1224
3422,-1842,-1222
3420,-1844,-1226
3422,-1842,-1226
3421,-1840,-1225
3421,-1836,-1222
3415,-1834,-1221
3412,-1831,-1218
3412,-1832,-1217
3412,-1835,-1217
3411,-1833,-1216
3410,-1832,-1213
3408,-1827,-1213
3408,-1827,-1208
3408,-1825,-1207
3410,-1822,-1208
3408,-1820,-1203
3405,-1821,-1209
3404,-1823,-1210
3405,-1822,-1205
3402,-1828,-1208
3400,-1830,-1207
3405,-1833,-1209
3407,-1837,-1209
3406,-1839,-1216
3406,-1838,-1218
3408,-1837,-1218
3410,-1838,-1219
3408,-1839,-1224
3405,-1840,-1222
3408,-1846,-1225
3413,-1851,-1226
3413,-1853,-1221
3414,-1850,-1223
3412,-1852,-1225
3412,-1852,-1224
3411,-1856,-1226
3415,-1855,-1225
3414,-1853,-1223
3412,-1848,-1223
3413,-1848,-1223
3406,-1846,-1221
3407,-1841,-1224
3406,-1842,-1223
3406,-1839,-1223
3403,-1838,-1222
3404,-1839,-1220
3405,-1843,-1222
3407,-1843,-1221
3406,-1841,-1221
3404,-1844,-1218
3403,-1849,-1216
3404,-1851,-1212
3405,-1850,-1216
3408,-1851,-1217
3406,-1850,-1216
3405,-1848,-1218
3404,-1843,-1218
3401,-1847,-1222
3400,-1847,-1222
3398,-1846,-1225
3400,-1845,-1224
3401,-1850,-1222
3404,-1848,-1224
3402,-1850,-1226
3405,-1853,-1225
3403,-1857,-1223
3404,-1857,-1224
3407,-1857,-1228
3408,-1855,-1223
3409,-1857,-1224
3412,-1857,-1222
3409,-1853,-1220
3414,-1850,-1218
3411,-1850,-1214
3408,-1846,-1215
3405,-1839,-1213
3405,-1839,-1211
3405,-1837,-1212
3407,-1833,-1218
3403,-1835,-1215
3399,-1836,-1218
3398,-1838,-1219
3396,-1833,-1219
3393,-1835,-1217
3391,-1831,-1217
3388,-1828,-1219
3389,-1821,-1217
3391,-1823,-1216
3400,-1822,-1215
3410,-1829,-1215
3416,-1830,-1210
3416,-1834,-1210
3423,-1841,-1201
3427,-1851,-1203
3434,-1858,-1204
3442,-1870,-1209
3446,-1880,-1212
3441,-1885,-1214
3439,-1892,-1216
3433,-1893,-1221
3429,-1890,-1223
3426,-1886,-1222
3423,-1881,-1222
3425,-1875,-1223
3423,-1868,-1226
3418,-1857,-1224
3411,-1844,-1227
3403,-1834,-1229
3395,-1828,-1226
3388,-1823,-1222
3383,-1820,-1213
3383,-1813,-1208
3385,-1817,-1205
3388,-1821,-1203
3396,-1825,-1200
3397,-1827,-1204
3401,-1833,-1208
3404,-1835,-1209
3409,-1841,-1209
3418,-1839,-1212
3423,-1841,-1214
3428,-1846,-1218
3431,-1849,-1221
3435,-1847,-1223
3434,-1848,-1221
3432,-1851,-1219
3431,-1850,-1220
3432,-1850,-1223
3435,-1851,-1222
3435,-1846,-1222
3432,-1849,-1221
3432,-1845,-1224
3428,-1840,-1223
3426,-1845,-1225
3423,-1846,-1230
3424,-1851,-1225
3425,-1854,-1228
3424,-1856,-1229
3426,-1861,-1222
3419,-1865,-1225
3417,-1862,-1227
3413,-1864,-1225
3407,-1868,-1225
3406,-1864,-1223
3404,-1860,-1223
3404,-1859,-1220
3401,-1854,-1221
3398,-1852,-1221
3397,-1852,-1218
3399,-1848,-1219
3398,-1847,-1216
3401,-1848,-1214
3404,-1848,-1217
3408,-1849,-1211
3408,-1851,-1208
3411,-1850,-1214
3411,-1853,-1217
3410,-1852,-1217
3411,-1857,-1216
3419,-1856,-1216
3419,-1857,-1213
3423,-1856,-1215
3426,-1852,-1217
3428,-1847,-1217
3429,-1845,-1217
3428,-1844,-1216
3426,-1841,-1216
3423,-1840,-1217
3418,-1839,-1214
3416,-1838,-1215
3412,-1835,-1214
3413,-1838,-1215
3410,-1834,-1211
3407,-1831,-1211
3406,-1832,-1209
3405,-1827,-1213
3406,-1828,-1212
3407,-1824,-1212
3407,-1820,-1212
3408,-1821,-1209
3407,-1821,-1208
3407,-1828,-1206
3404,-1829,-1211
3408,-1833,-1211
3412,-1837,-1210
3413,-1841,-1209
3418,-1848,-1211
3417,-1848,-1212
3422,-1851,-1212
3420,-1853,-1213
3417,-1855,-1212
3418,-1856,-1215
3421,-1856,-1217
3424,-1858,-1220
3426,-1856,-1221
3428,-1857,-1225
3429,-1855,-1229
3426,-1854,-1228
3425,-1849,-1230
3427,-1846,-1232
3428,-1841,-1227
3428,-1839,-1231
3431,-1836,-1228
3427,-1833,-1228
3421,-1830,-1227
3418,-1829,-1222
3417,-1828,-1219
3416,-1821,-1214
3414,-1824,-1211
3412,-1823,-1208
3412,-1821,-1209
3412,-1828,-1207
3411,-1828,-1205
3411,-1825,-1204
3411,-1825,-1207
3411,-1825,-1206
3410,-1824,-1206
3410,-1829,-1209
3410,-1831,-1213
3413,-1831,-1215
3412,-1832,-1214
3416,-1833,-1218
3415,-1836,-1217
3416,-1838,-1218
3418,-1841,-1215
3419,-1846,-1217
3419,-1844,-1216
3420,-1845,-1216
3419,-1844,-1218
3417,-1847,-1216
3413,-1845,-1215
3415,-1841,-1218
3416,-1841,-1214
3422,-1843,-1216
3424,-1843,-1216
3425,-1847,-1217
3420,-1846,-1216
3418,-1845,-1216
3421,-1843,-1215
3421,-1841,-1215
3417,-1840,-1216
3414,-1838,-1220
3414,-1836,-1221
3414,-1837,-1220
3417,-1834,-1219
3414,-1833,-1217
3414,-1832,-1219
3418,-1834,-1220
3421,-1836,-1215
3423,-1838,-1214
3423,-1836,-1210
3423,-1837,-1211
3422,-1837,-1209
3418,-1837,-1213
3415,-1830,-1214
3419,-1831,-1218
3421,-1832,-1216
3417,-1832,-1218
3416,-1830,-1215
3414,-1831,-1216
3411,-1828,-1219
3408,-1828,-1220
3410,-1828,-1222
3413,-1827,-1224
3420,-1832,-1226
3420,-1835,-1223
3424,-1833,-1224
3422,-1833,-1221
3424,-1833,-1222
3424,-1836,-1219
3425,-1836,-1217
3427,-1836,-1219
3424,-1836,-1218
3425,-1836,-1217
3418,-1835,-1220
3421,-1833,-1219
3421,-1833,-1217
3415,-1835,-1214
3411,-1836,-1215
3409,-1831,-1217
3404,-1828,-1223
3400,-1823,-1223
3400,-1820,-1222
3402,-1815,-1220
3405,-1812,-1218
3410,-1815,-1216
3418,-1815,-1209
3421,-1816,-1203
3426,-1824,-1202
3429,-1831,-1204
3431,-1839,-1202
3433,-1848,-1201
3432,-1856,-1203
3434,-1865,-1212
3434,-1867,-1211
3431,-1870,-1217
3425,-1867,-1220
3428,-1862,-1220
3429,-1861,-1225
3428,-1859,-1230
3427,-1852,-1230
3427,-1846,-1230
3427,-1842,-1229
3424,-1837,-1226
3416,-1831,-1225
3409,-1829,-1221
3407,-1825,-1219
3403,-1822,-1218
3396,-1817,-1210
3396,-1813,-1203
3396,-1810,-1200
3397,-1810,-1203
3402,-1810,-1203
3404,-1809,-1205
3406,-1812,-1210
3410,-1812,-1210
3416,-1813,-1215
3421,-1817,-1218
3425,-1818,-1221
3428,-1822,-1222
3428,-1826,-1223
3431,-1823,-1226
3431,-1821,-1224
3430,-1828,-1227
3433,-1830,-1225
3433,-1832,-1224
3433,-1836,-1222
3425,-1841,-1216
3425,-1839,-1217
3424,-1841,-1219
3416,-1840,-1218
3417,-1841,-1217
3419,-1843,-1220
3422,-1847,-1221
3426,-1848,-1225
3426,-1849,-1224
3426,-1850,-1220
3423,-1849,-1218
3418,-1847,-1222
3414,-1843,-1225
3412,-1842,-1228
3407,-1839,-1226
3406,-1838,-1222
3404,-1833,-1220
3408,-1832,-1218
3407,-1830,-1216
3408,-1821,-1210
3408,-1819,-1210
3407,-1818,-1208
3412,-1819,-1207
3411,-1823,-1202
3410,-1827,-1201
3416,-1835,-1205
3419,-1839,-1204
3420,-1844,-1207
3424,-1845,-1206
3430,-1848,-1211
3433,-1848,-1212
3435,-1847,-1214
3432,-1843,-1219
3432,-1836,-1223
3428,-1834,-1222
3423,-1828,-1224
3415,-1826,-1225
3411,-1824,-1223
3413,-1819,-1224
3408,-1820,-1220
3403,-1818,-1220
3404,-1820,-1219
3407,-1821,-1216
3408,-1826,-1216
3410,-1827,-1214
3412,-1828,-1212
3412,-1835,-1212
3412,-1838,-1213
3412,-1842,-1208
3413,-1844,-1208
3415,-1845,-1211
3416,-1845,-1209
3415,-1842,-1207
3419,-1845,-1208
3422,-1844,-1211
3424,-1843,-1216
3425,-1847,-1223
3421,-1843,-1214
3415,-1839,-1216
3419,-1842,-1226
3423,-1841,-1226
3427,-1836,-1221
3430,-1833,-1222
3429,-1833,-1225
3431,-1833,-1224
3431,-1836,-1224
3431,-1846,-1222
3432,-1851,-1221
3430,-1851,-1221
3433,-1849,-1220
3428,-1846,-1221
3428,-1843,-1222
3428,-1839,-1220
3427,-1838,-1221
3421,-1835,-1223
3417,-1831,-1224
3415,-1829,-1221
3416,-1826,-1216
3410,-1825,-1216
3411,-1822,-1213
3412,-1823,-1217
3411,-1824,-1216
3415,-1826,-1213
3412,-1824,-1214
3413,-1826,-1215
3415,-1828,-1213
3411,-1833,-1214
3409,-1833,-1215
3411,-1833,-1214
3413,-1837,-1214
3412,-1837,-1213
3409,-1842,-1215
3411,-1844,-1216
3410,-1847,-1214
3416,-1845,-1212
3417,-1846,-1212
3414,-1846,-1211
3420,-1850,-1211
3421,-1854,-1217
3420,-1850,-1215
3421,-1851,-1218
3420,-1847,-1221
3414,-1842,-1217
3412,-1841,-1217
3414,-1838,-1218
3419,-1839,-1219
3422,-1837,-1216
3415,-1833,-1212
3413,-1832,-1211
3411,-1829,-1209
3410,-1832,-1210
3410,-1831,-1205
3413,-1831,-1204
3412,-1827,-1205
3417,-1829,-1204
3419,-1825,-1203
3416,-1825,-1207
3414,-1822,-1206
3416,-1822,-1206
3409,-1825,-1216
3414,-1826,-1221
3418,-1826,-1221
3425,-1833,-1213
3427,-1838,-1214
3432,-1838,-1214
3431,-1845,-1210
3428,-1848,-1208
3427,-1849,-1205
3425,-1848,-1207
3425,-1846,-1211
3425,-1843,-1214
3424,-1838,-1215
3422,-1839,-1216
3417,-1838,-1219
3417,-1836,-1219
3418,-1836,-1218
3416,-1838,-1218
3414,-1841,-1217
3416,-1837,-1216
3419,-1845,-1218
3417,-1849,-1223
3422,-1848,-1221
3425,-1848,-1224
3425,-1843,-1224
3428,-1842,-1219
3428,-1843,-1213
3431,-1843,-1208
3427,-1841,-1205
3429,-1843,-1205
3426,-1847,-1205
3427,-1842,-1206
3426,-1842,-1207
3417,-1844,-1207
3420,-1840,-1206
3420,-1832,-1203
3412,-1828,-1204
3408,-1823,-1200
3405,-1821,-1209
3401,-1813,-1214
3400,-1809,-1214
3403,-1806,-1214
3408,-1806,-1215
3413,-1807,-1208
3416,-1808,-1203
3422,-1806,-1201
3430,-1812,-1198
3432,-1821,-1201
3436,-1829,-1200
3438,-1839,-1206
3438,-1850,-1210
3439,-1862,-1215
3438,-1872,-1216
3442,-1873,-1218
3440,-1876,-1219
3440,-1876,-1219
3439,-1871,-1224
3439,-1867,-1226
3437,-1857,-1229
3432,-1847,-1229
3425,-1838,-1228
3424,-1826,-1224
3424,-1818,-1224
3416,-1810,-1221
3407,-1807,-1220
3402,-1806,-1220
3403,-1803,-1215
3396,-1803,-1210
3398,-1803,-1209
3399,-1806,-1205
3404,-1809,-1204
3409,-1810,-1206
3411,-1815,-1203
3415,-1815,-1204
3420,-1821,-1206
3422,-1823,-1204
3426,-1823,-1203
3429,-1825,-1205
3429,-1828,-1204
3428,-1827,-1204
3429,-1829,-1206
3428,-1827,-1210
3427,-1828,-1215
3431,-1832,-1221
3433,-1834,-1220
3434,-1836,-1220
3434,-1839,-1221
3432,-1841,-1218
3433,-1842,-1217
3433,-1840,-1214
3434,-1838,-1216
3433,-1842,-1217
3432,-1841,-1213
3430,-1845,-1214
3427,-1846,-1215
3423,-1841,-1217
3415,-1841,-1215
3411,-1837,-1219
3409,-1836,-1215
3406,-1832,-1219
3404,-1826,-1216
3404,-1821,-1216
3406,-1817,-1216
3408,-1814,-1210
3406,-1813,-1207
3415,-1808,-1206
3417,-1806,-1201
3420,-1808,-1197
3415,-1806,-1198
3417,-1812,-1200
3416,-1817,-1199
3423,-1827,-1201
3427,-1835,-1204
3432,-1839,-1203
3433,-1842,-1206
3440,-1843,-1212
3441,-1842,-1215
3436,-1840,-1217
3433,-1838,-1218
3432,-1833,-1222
3427,-1827,-1221
3421,-1825,-1220
3418,-1818,-1223
3418,-1813,-1219
3417,-1813,-1215
3417,-1811,-1214
3413,-1808,-1213
3414,-1809,-1210
3409,-1808,-1204
3408,-1810,-1204
3411,-1812,-1201
3415,-1818,-1201
3415,-1823,-1203
3424,-1826,-1203
3425,-1830,-1201
3425,-1838,-1200
3427,-1839,-1199
3429,-1842,-1201
3427,-1842,-1206
3428,-1844,-1204
3431,-1844,-1210
3431,-1843,-1210
3433,-1843,-1213
3434,-1840,-1214
3436,-1836,-1216
3436,-1834,-1215
3435,-1833,-1219
3431,-1828,-1217
3430,-1828,-1220
3428,-1820,-1222
3423,-1818,-1222
3421,-1817,-1222
3422,-1816,-1218
3422,-1819,-1216
3418,-1819,-1212
3416,-1820,-1212
3411,-1818,-1209
3405,-1822,-1208
3399,-1821,-1208
3393,-1824,-1202
3394,-1823,-1202
3390,-1820,-1201
3390,-1817,-1196
3392,-1822,-1194
3393,-1822,-1189
3397,-1825,-1187
3402,-1831,-1183
3400,-1834,-1178
3394,-1839,-1177
3395,-1844,-1176
3394,-1852,-1179
3394,-1856,-1178
3396,-1861,-1180
3398,-1861,-1181
3405,-1861,-1182
3414,-1860,-1182
3428,-1864,-1186
3433,-1859,-1191
3440,-1852,-1198
3448,-1846,-1202
3451,-1849,-1202
3455,-1845,-1205
3459,-1843,-1218
3460,-1845,-1234
3459,-1842,-1245
3461,-1840,-1257
3461,-1839,-1268
3464,-1842,-1281
3466,-1842,-1293
3465,-1838,-1298
3469,-1835,-1294
3465,-1830,-1293
3461,-1825,-1291
3456,-1815,-1284
3451,-1805,-1281
3442,-1797,-1271
3435,-1789,-1265
3426,-1780,-1255
3424,-1776,-1239
3417,-1775,-1228
3417,-1777,-1223
3420,-1780,-1214
3422,-1783,-1210
3426,-1788,-1206
3427,-1796,-1203
3433,-1811,-1198
3442,-1821,-1194
3447,-1835,-1197
3453,-1848,-1191
3460,-1866,-1182
3462,-1880,-1178
3464,-1894,-1174
3467,-1907,-1166
3468,-1918,-1164
3464,-1926,-1158
3465,-1932,-1159
3461,-1934,-1158
3457,-1932,-1162
3454,-1926,-1168
3448,-1916,-1174
3448,-1902,-1179
3451,-1888,-1188
3447,-1873,-1193
3444,-1859,-1206
3443,-1837,-1214
3440,-1822,-1219
3440,-1807,-1223
3441,-1795,-1222
3437,-1783,-1228
3435,-1774,-1233
3434,-1761,-1236
3430,-1751,-1232
3430,-1744,-1233
3422,-1739,-1231
3421,-1737,-1230
3414,-1735,-1228
3407,-1734,-1230
3400,-1735,-1227
3393,-1735,-1226
3383,-1736,-1225
3378,-1738,-1218
3373,-1749,-1214
3371,-1752,-1212
3372,-1752,-1206
3374,-1756,-1195
3374,-1760,-1188
3374,-1758,-1185
3381,-1763,-1176
3388,-1771,-1168
3395,-1781,-1154
3396,-1793,-1146
3398,-1807,-1140
3398,-1821,-1137
3400,-1831,-1133
3400,-1842,-1138
3398,-1849,-1143
3397,-1857,-1147
3395,-1860,-1153
3397,-1869,-1159
3395,-1873,-1166
3398,-1873,-1174
3399,-1874,-1179
3396,-1872,-1184
3397,-1870,-1191
3393,-1866,-1194
3389,-1859,-1194
3389,-1853,-1198
3384,-1850,-1201
3383,-1850,-1205
3384,-1851,-1207
3387,-1852,-1209
3390,-1849,-1209
3393,-1845,-1212
3393,-1842,-1223
3396,-1839,-1226
3397,-1836,-1233
3401,-1838,-1237
3405,-1833,-1243
3405,-1833,-1247
3410,-1831,-1249
3411,-1829,-1250
3421,-1833,-1250
3425,-1829,-1243
3422,-1831,-1240
3425,-1830,-1242
3424,-1831,-1238
3423,-1834,-1232
3428,-1835,-1229
3428,-1840,-1233
3431,-1842,-1234
3436,-1842,-1234
3438,-1848,-1240
3444,-1849,-1244
3449,-1846,-1245
3452,-1846,-1250
3453,-1848,-1253
3455,-1846,-1260
3451,-1848,-1270
3450,-1853,-1271
3446,-1855,-1279
3445,-1856,-1278
3444,-1857,-1275
3438,-1857,-1277
3437,-1859,-1271
3436,-1859,-1265
3433,-1854,-1262
3437,-1852,-1259
3435,-1850,-1251
3433,-1844,-1243
3430,-1842,-1236
3429,-1833,-1227
3426,-1830,-1219
3424,-1827,-1209
3421,-1823,-1202
3421,-1821,-1198
3422,-1815,-1191
3422,-1811,-1187
3423,-1809,-1188
3425,-1809,-1190
3428,-1810,-1189
3428,-1811,-1189
3428,-1816,-1187
3427,-1818,-1179
3425,-1819,-1177
3421,-1822,-1179
3420,-1825,-1179
3415,-1827,-1182
3412,-1827,-1182
3412,-1824,-1177
3410,-1821,-1173
3408,-1820,-1173
3407,-1816,-1171
3409,-1815,-1174
3410,-1812,-1173
3405,-1814,-1176
3404,-1813,-1180
3409,-1815,-1180
3414,-1821,-1181
3419,-1825,-1187
3423,-1828,-1186
3428,-1834,-1191
3430,-1836,-1195
3431,-1835,-1201
3433,-1835,-1202
3431,-1833,-1205
3431,-1830,-1211
3433,-1824,-1216
3438,-1822,-1222
3438,-1820,-1230
3437,-1815,-1231
3439,-1811,-1237
3439,-1807,-1237
3441,-1805,-1242
3440,-1805,-1241
3436,-1804,-1240
3434,-1806,-1236
3438,-1807,-1235
3436,-1811,-1230
3437,-1816,-1224
3438,-1816,-1221
3437,-1819,-1222
3442,-1823,-1212
3441,-1823,-1210
3441,-1823,-1208
3442,-1825,-1209
3439,-1824,-1203
3441,-1822,-1200
3440,-1825,-1197
3441,-1823,-1195
3438,-1823,-1200
3439,-1822,-1201
3439,-1822,-1201
3438,-1819,-1203
3436,-1815,-1207
3435,-1811,-1208
3433,-1810,-1209
3431,-1809,-1211
3429,-1815,-1212
3429,-1819,-1208
3434,-1822,-1209
3435,-1826,-1212
3435,-1829,-1215
3434,-1831,-1216
3433,-1831,-1213
3433,-1832,-1210
3438,-1830,-1206
3439,-1831,-1207
3438,-1833,-1206
3439,-1832,-1209
3436,-1832,-1200
3435,-1829,-1201
3436,-1831,-1200
3431,-1827,-1196
3430,-1821,-1196
3426,-1817,-1194
3427,-1812,-1193
3431,-1810,-1195
3432,-1808,-1194
3432,-1806,-1194
3433,-1807,-1193
3434,-1807,-1192
3431,-1813,-1190
3431,-1814,-1190
3431,-1816,-1189
3424,-1820,-1188
3421,-1819,-1190
3422,-1820,-1191
3423,-1816,-1189
3427,-1814,-1192
3425,-1815,-1196
3423,-1814,-1195
3425,-1815,-1193
3427,-1813,-1190
3430,-1814,-1190
3430,-1820,-1194
3431,-1823,-1194
3436,-1822,-1195
3433,-1824,-1196
3432,-1825,-1196
3430,-1825,-1196
3432,-1827,-1200
3431,-1826,-1200
3433,-1828,-1203
3432,-1828,-1203
3432,-1828,-1203
3432,-1825,-1204
3430,-1817,-1204
3427,-1816,-1204
3428,-1817,-1204
3430,-1816,-1202
3433,-1815,-1203
3433,-1815,-1208
3433,-1814,-1211
3432,-1811,-1209
3432,-1807,-1205
3433,-1804,-1206
3435,-1803,-1200
3435,-1801,-1198
3431,-1804,-1199
3431,-1806,-1199
3430,-1804,-1203
3429,-1806,-1204
3432,-1808,-1202
3433,-1811,-1199
3430,-1810,-1198
3426,-1810,-1198
3420,-1809,-1199
3413,-1810,-1200
3414,-1809,-1202
3419,-1807,-1198
3417,-1801,-1201
3423,-1799,-1197
3429,-1802,-1195
3436,-1804,-1190
3441,-1807,-1191
3443,-1812,-1188
3450,-1819,-1185
3458,-1823,-1185
3458,-1832,-1184
3460,-1842,-1186
3460,-1854,-1190
3457,-1859,-1191
3459,-1862,-1193
3456,-1864,-1196
3455,-1861,-1195
3455,-1856,-1196
3452,-1850,-1197
3452,-1839,-1196
3445,-1830,-1193
3440,-1821,-1194
3438,-1818,-1191
3436,-1810,-1188
3432,-1806,-1186
3429,-1802,-1185
3419,-1802,-1183
3417,-1798,-1177
3413,-1793,-1169
3412,-1794,-1165
3417,-1799,-1163
3421,-1801,-1161
3427,-1801,-1162
3432,-1807,-1167
3435,-1815,-1172
3438,-1822,-1176
3443,-1821,-1176
3448,-1820,-1181
3449,-1825,-1184
3451,-1827,-1185
3449,-1827,-1187
3453,-1825,-1187
3453,-1819,-1192
3452,-1812,-1190
3452,-1813,-1194
3448,-1811,-1198
3448,-1807,-1201
3449,-1805,-1203
3446,-1807,-1202
3444,-1805,-1204
3441,-1810,-1204
3441,-1809,-1207
3440,-1813,-1207
3443,-1814,-1202
3441,-1818,-1201
3442,-1820,-1202
3440,-1820,-1196
3435,-1818,-1197
3435,-1818,-1195
3433,-1821,-1197
3432,-1818,-1192
3433,-1817,-1185
3432,-1813,-1185
3431,-1808,-1181
3430,-1805,-1179
3428,-1800,-1176
3429,-1790,-1182
3432,-1791,-1181
3432,-1791,-1179
3433,-1790,-1182
3438,-1793,-1182
3440,-1798,-1183
3444,-1802,-1184
3449,-1811,-1188
3453,-1818,-1189
3460,-1821,-1189
3462,-1825,-1188
3461,-1827,-1190
3465,-1826,-1189
3468,-1823,-1189
3464,-1815,-1190
3460,-1812,-1191
3453,-1811,-1189
3448,-1806,-1191
3445,-1805,-1193
3440,-1803,-1190
3437,-1798,-1191
3436,-1795,-1191
3433,-1791,-1189
3432,-1788,-1187
3431,-1785,-1186
3431,-1786,-1182
3434,-1790,-1181
3432,-1790,-1178
3433,-1788,-1179
3433,-1793,-1181
3435,-1797,-1179
3437,-1802,-1175
3443,-1810,-1175
3445,-1809,-1179
3444,-1810,-1175
3447,-1809,-1178
3450,-1814,-1183
3444,-1811,-1190
3446,-1805,-1182
3451,-1803,-1183
3455,-1807,-1189
3457,-1805,-1189
3458,-1804,-1187
3451,-1802,-1191
3445,-1799,-1193
3445,-1797,-1191
3447,-1791,-1189
3446,-1790,-1187
3446,-1793,-1185
3442,-1793,-1186
3444,-1799,-1185
3448,-1802,-1187
3450,-1803,-1183
3445,-1805,-1179
3441,-1806,-1181
3442,-1802,-1179
3440,-1802,-1178
3436,-1803,-1181
3435,-1805,-1182
3435,-1804,-1184
3436,-1806,-1184
3433,-1806,-1182
3437,-1807,-1180
3438,-1808,-1180
3437,-1811,-1181
3437,-1813,-1182
3442,-1813,-1184
3440,-1818,-1186
3440,-1820,-1188
3438,-1820,-1184
3437,-1814,-1182
3434,-1814,-1184
3436,-1816,-1187
3436,-1816,-1191
3435,-1816,-1194
3438,-1819,-1193
3440,-1818,-1194
3435,-1820,-1193
3436,-1816,-1194
3436,-1816,-1192
3433,-1816,-1190
3432,-1820,-1187
3433,-1823,-1194
3434,-1827,-1191
3433,-1830,-1191
3438,-1829,-1191
3438,-1826,-1193
3437,-1825,-1191
3432,-1824,-1188
3432,-1821,-1188
3432,-1821,-1187
3434,-1825,-1185
3435,-1827,-1187
3436,-1826,-1185
3435,-1828,-1184
3434,-1831,-1184
3433,-1831,-1182
3433,-1830,-1180
3434,-1826,-1184
3434,-1824,-1183
3432,-1822,-1178
3433,-1816,-1178
3433,-1817,-1175
3433,-1821,-1179
3432,-1818,-1182
3434,-1815,-1176
3435,-1818,-1174
3433,-1820,-1173
3432,-1826,-1172
3431,-1827,-1171
3433,-1826,-1170
3432,-1824,-1167
3435,-1825,-1168
3434,-1825,-1168
3436,-1827,-1169
3437,-1832,-1169
3438,-1834,-1167
3441,-1837,-1168
3440,-1834,-1164
3445,-1839,-1166
3446,-1836,-1168
3444,-1836,-1170
3443,-1831,-1170
3442,-1830,-1170
3441,-1825,-1176
3441,-1823,-1171
3442,-1817,-1171
3446,-1814,-1170
3445,-1815,-1172
3447,-1809,-1170
3445,-1807,-1171
3441,-1804,-1175
3438,-1803,-1177
3437,-1806,-1173
3428,-1806,-1167
3424,-1806,-1169
3426,-1808,-1173
3422,-1805,-1170
3419,-1801,-1167
3417,-1795,-1170
3417,-1790,-1169
3418,-1784,-1168
3419,-1781,-1170
3426,-1787,-1164
3431,-1790,-1167
3435,-1797,-1162
3445,-1806,-1165
3454,-1818,-1165
3463,-1829,-1171
3468,-1839,-1176
3468,-1853,-1177
3467,-1865,-1177
3468,-1873,-1182
3467,-1880,-1183
3465,-1881,-1184
3468,-1879,-1187
3463,-1879,-1185
3459,-1873,-1184
3457,-1862,-1184
3453,-1848,-1188
3449,-1839,-1184
3444,-1826,-1185
3440,-1817,-1184
3437,-1809,-1183
3432,-1806,-1183
3430,-1800,-1177
3427,-1801,-1175
3425,-1801,-1171
3426,-1805,-1163
3425,-1804,-1159
3429,-1804,-1157
3430,-1804,-1157
3430,-1812,-1160
3436,-1815,-1151
3441,-1812,-1153
3449,-1813,-1152
3455,-1815,-1152
3454,-1809,-1154
3454,-1808,-1157
3450,-1808,-1162
3453,-1808,-1164
3455,-1809,-1164
3456,-1810,-1166
3459,-1809,-1166
3456,-1804,-1168
3458,-1804,-1171
3457,-1803,-1172
3453,-1804,-1169
3459,-1803,-1165
3456,-1810,-1167
3458,-1815,-1165
3459,-1820,-1162
3458,-1826,-1161
3459,-1832,-1162
3462,-1836,-1163
3459,-1839,-1162
3454,-1836,-1163
3448,-1832,-1165
3444,-1831,-1167
3440,-1830,-1166
3440,-1826,-1165
3441,-1824,-1158
3439,-1813,-1159
3437,-1808,-1160
3436,-1805,-1164
3438,-1800,-1166
3441,-1797,-1164
3439,-1794,-1163
3443,-1793,-1159
3443,-1792,-1158
3439,-1796,-1158
3446,-1801,-1160
3450,-1806,-1159
3456,-1810,-1163
3462,-1817,-1157
3462,-1820,-1158
3465,-1822,-1160
3467,-1826,-1163
3466,-1822,-1162
3465,-1820,-1163
3464,-1812,-1167
3462,-1809,-1167
3458,-1804,-1164
3454,-1803,-1164
3455,-1801,-1163
3452,-1796,-1165
3448,-1794,-1166
3445,-1788,-1164
3445,-1784,-1166
3442,-1781,-1166
3443,-1777,-1165
3442,-1776,-1164
3444,-1774,-1163
3444,-1778,-1160
3442,-1784,-1160
3448,-1788,-1158
3451,-1793,-1158
3455,-1804,-1160
3458,-1808,-1160
3458,-1819,-1157
3458,-1823,-1154
3461,-1825,-1159
3462,-1820,-1160
3462,-1824,-1159
3461,-1824,-1163
3462,-1821,-1166
3465,-1819,-1172
3462,-1818,-1175
3461,-1813,-1175
3464,-1808,-1180
3464,-1803,-1181
3461,-1803,-1182
3459,-1803,-1183
3459,-1803,-1181
3459,-1805,-1179
3460,-1809,-1180
3456,-1808,-1177
3459,-1807,-1171
3459,-1810,-1168
3455,-1808,-1164
3455,-1810,-1166
3452,-1810,-1165
3452,-1810,-1162
3448,-1811,-1155
3442,-1811,-1153
3441,-1803,-1155
3440,-1800,-1152
3438,-1795,-1152
3440,-1792,-1152
3438,-1790,-1152
3439,-1790,-1155
3437,-1791,-1156
3441,-1795,-1157
3441,-1803,-1157
3443,-1810,-1158
3447,-1812,-1161
3444,-1811,-1165
3447,-1814,-1169
3449,-1821,-1169
3455,-1821,-1170
3456,-1824,-1170
3457,-1830,-1170
3453,-1831,-1177
3452,-1833,-1172
3456,-1833,-1172
3457,-1831,-1176
3455,-1832,-1178
3452,-1827,-1175
3449,-1827,-1176
3448,-1823,-1177
3443,-1822,-1176
3440,-1821,-1177
3438,-1818,-1174
3439,-1817,-1174
3439,-1820,-1168
3437,-1823,-1168
3436,-1819,-1163
3433,-1814,-1164
3434,-1811,-1165
3433,-1817,-1165
3433,-1816,-1167
3433,-1816,-1164
3433,-1817,-1163
3434,-1816,-1163
3438,-1818,-1162
3441,-1816,-1166
3441,-1815,-1169
3442,-1817,-1169
3441,-1820,-1165
3443,-1817,-1163
3442,-1815,-1166
3444,-1814,-1168
3447,-1819,-1173
3452,-1823,-1174
3449,-1828,-1173
3450,-1826,-1173
3449,-1827,-1174
3452,-1826,-1173
3447,-1822,-1173
3445,-1824,-1173
3445,-1821,-1176
3446,-1815,-1174
3444,-1814,-1175
3443,-1814,-1176
3444,-1813,-1175
3447,-1814,-1177
3448,-1813,-1179
3444,-1812,-1172
3446,-1816,-1165
3449,-1815,-1163
3446,-1816,-1164
3446,-1815,-1159
3445,-1819,-1155
3441,-1820,-1153
3439,-1819,-1153
3440,-1816,-1156
3436,-1816,-1159
3437,-1819,-1158
3437,-1812,-1155
3435,-1813,-1158
3432,-1813,-1163
3430,-1811,-1172
3429,-1802,-1178
3428,-1799,-1178
3426,-1794,-1175
3429,-1791,-1170
3431,-1792,-1169
3439,-1796,-1163
3448,-1796,-1157
3451,-1799,-1151
3459,-1805,-1145
3462,-1816,-1141
3467,-1829,-1139
3470,-1834,-1137
3470,-1843,-1138
3472,-1846,-1139
3469,-1847,-1139
3468,-1846,-1145
3466,-1843,-1144
3462,-1840,-1147
3460,-1833,-1149
3463,-1826,-1150
3461,-1813,-1153
3453,-1806,-1152
3454,-1797,-1153
3448,-1788,-1157
3441,-1775,-1161
3438,-1771,-1160
3432,-1770,-1158
3429,-1769,-1156
3432,-1767,-1151
3436,-1765,-1150
3437,-1768,-1148
3440,-1773,-1149
3442,-1776,-1153
3449,-1778,-1153
3450,-1781,-1153
3451,-1782,-1158
3459,-1787,-1162
3456,-1793,-1162
3459,-1803,-1160
3462,-1809,-1159
3470,-1804,-1160
3473,-1806,-1159
3476,-1803,-1163
3472,-1801,-1163
3467,-1800,-1164
3459,-1802,-1166
3456,-1807,-1162
3451,-1808,-1162
3456,-1806,-1159
3454,-1804,-1160
3456,-1803,-1161
3456,-1806,-1158
3454,-1810,-1155
3455,-1821,-1155
3455,-1832,-1152
3458,-1833,-1151
3459,-1832,-1142
3455,-1833,-1145
3451,-1837,-1149
3447,-1839,-1153
3444,-1841,-1155
3441,-1840,-1156
3444,-1841,-1153
3443,-1840,-1152
3444,-1837,-1154
3446,-1832,-1149
3447,-1822,-1146
3447,-1815,-1144
3445,-1815,-1148
3443,-1812,-1148
3444,-1813,-1147
3442,-1818,-1150
3452,-1819,-1158
3452,-1818,-1161
3457,-1816,-1162
3457,-1814,-1163
3464,-1813,-1164
3468,-1814,-1166
3466,-1813,-1167
3463,-1814,-1172
3461,-1816,-1171
3459,-1813,-1175
3457,-1810,-1173
3451,-1802,-1176
3445,-1804,-1176
3447,-1804,-1175
3445,-1805,-1174
3445,-1805,-1172
3447,-1808,-1166
3447,-1816,-1166
3443,-1822,-1168
3445,-1828,-1167
3454,-1832,-1165
3457,-1837,-1172
3462,-1837,-1171
3465,-1832,-1174
3471,-1830,-1180
3473,-1834,-1180
3482,-1834,-1178
3486,-1837,-1178
3489,-1844,-1184
3494,-1844,-1188
3497,-1847,-1188
3495,-1848,-1194
3499,-1850,-1201
3498,-1848,-1204
3491,-1844,-1206
3482,-1844,-1207
3476,-1837,-1201
3471,-1835,-1200
3459,-1834,-1195
3450,-1830,-1195
3442,-1825,-1181
3436,-1820,-1172
3427,-1817,-1173
3420,-1813,-1169
3419,-1816,-1161
3418,-1812,-1157
3419,-1813,-1154
3415,-1808,-1152
3414,-1807,-1146
3411,-1806,-1142
3414,-1802,-1140
3413,-1802,-1139
3411,-1803,-1138
3412,-1801,-1142
3420,-1798,-1144
3426,-1800,-1144
3430,-1801,-1145
3436,-1804,-1148
3438,-1804,-1154
3443,-1804,-1163
3444,-1804,-1167
3447,-1808,-1170
3453,-1808,-1172
3456,-1811,-1179
3457,-1814,-1176
3460,-1810,-1185
3459,-1808,-1187
3463,-1807,-1191
3464,-1804,-1194
3465,-1800,-1195
3462,-1791,-1194
3466,-1788,-1193
3468,-1790,-1195
3468,-1795,-1197
3466,-1797,-1201
3465,-1798,-1198
3466,-1798,-1196
3463,-1801,-1199
3460,-1804,-1199
3452,-1804,-1198
3451,-1803,-1195
3449,-1807,-1191
3450,-1813,-1190
3449,-1819,-1190
3447,-1822,-1183
3446,-1825,-1181
3442,-1826,-1178
3441,-1834,-1181
3436,-1826,-1182
3429,-1812,-1175
3423,-1796,-1171
3411,-1782,-1171
3405,-1769,-1170
3406,-1757,-1171
3403,-1742,-1176
3405,-1732,-1176
3409,-1725,-1173
3417,-1727,-1179
3427,-1733,-1181
3434,-1741,-1187
3442,-1747,-1186
3452,-1755,-1188
3454,-1758,-1196
3459,-1764,-1196
3464,-1768,-1201
3470,-1775,-1206
3473,-1780,-1209
3474,-1788,-1205
3478,-1797,-1203
3472,-1807,-1202
3475,-1818,-1208
3471,-1828,-1211
3471,-1831,-1216
3467,-1833,-1215
3465,-1833,-1215
3459,-1831,-1214
3453,-1828,-1209
3444,-1820,-1207
3437,-1808,-1205
3434,-1803,-1206
3431,-1795,-1205
3434,-1785,-1200
3434,-1779,-1196
3436,-1773,-1195
3437,-1768,-1193
3436,-1767,-1194
3440,-1768,-1194
3440,-1769,-1202
3444,-1775,-1205
3448,-1777,-1207
3447,-1777,-1211
3447,-1782,-1212
3444,-1783,-1215
3442,-1783,-1214
3439,-1779,-1214
3441,-1776,-1217
3438,-1767,-1214
3433,-1755,-1215
3429,-1747,-1215
3426,-1735,-1213
3428,-1730,-1211
3428,-1727,-1204
3429,-1724,-1200
3428,-1722,-1202
3428,-1724,-1197
3429,-1730,-1197
3431,-1741,-1195
3433,-1755,-1195
3437,-1768,-1199
3439,-1783,-1204
3442,-1796,-1208
3445,-1807,-1214
3449,-1815,-1218
3454,-1828,-1225
3457,-1833,-1233
3461,-1837,-1241
3461,-1837,-1243
3457,-1829,-1251
3453,-1824,-1257
3446,-1819,-1256
3443,-1810,-1258
3438,-1802,-1262
3435,-1797,-1261
3433,-1793,-1263
3436,-1791,-1259
3435,-1786,-1256
3432,-1784,-1245
3431,-1784,-1242
3434,-1778,-1235
3432,-1776,-1226
3432,-1775,-1221
3436,-1775,-1216
3442,-1774,-1211
3441,-1772,-1209
3441,-1774,-1203
3446,-1774,-1203
3447,-1776,-1203
3447,-1779,-1199
3445,-1779,-1198
3446,-1777,-1205
3440,-1774,-1210
3436,-1773,-1217
3434,-1767,-1220
3431,-1766,-1225
3431,-1764,-1230
3433,-1762,-1235
3435,-1761,-1240
3435,-1763,-1244
3434,-1762,-1247
3433,-1762,-1247
3430,-1763,-1249
3432,-1766,-1246
3433,-1766,-1247
3433,-1765,-1244
3434,-1766,-1242
3435,-1763,-1247
3431,-1765,-1247
3430,-1763,-1243
3433,-1761,-1236
3432,-1760,-1233
3430,-1759,-1230
3428,-1759,-1224
3426,-1759,-1220
3430,-1758,-1215
3435,-1762,-1210
3439,-1769,-1208
3439,-1773,-1208
3437,-1772,-1208
3440,-1777,-1205
3445,-1778,-1206
3450,-1786,-1213
3453,-1792,-1219
3457,-1797,-1222
3461,-1800,-1223
3463,-1805,-1231
3465,-1805,-1240
3468,-1803,-1247
3469,-1801,-1249
3466,-1798,-1252
3460,-1794,-1253
3453,-1787,-1254
3453,-1779,-1252
3447,-1773,-1250
3447,-1767,-1248
3443,-1763,-1243
3443,-1763,-1237
3444,-1764,-1236
3439,-1764,-1237
3435,-1759,-1237
3432,-1761,-1232
3431,-1764,-1225
3435,-1764,-1218
3433,-1763,-1217
3433,-1760,-1214
3433,-1762,-1215
3434,-1761,-1215
3433,-1759,-1215
3433,-1758,-1215
3435,-1755,-1214
3439,-1760,-1212
3445,-1757,-1214
3444,-1755,-1217
3446,-1759,-1220
3449,-1759,-1223
3450,-1760,-1222
3448,-1761,-1223
3445,-1761,-1226
3449,-1761,-1233
3452,-1762,-1232
3454,-1764,-1233
3456,-1764,-1230
3458,-1763,-1235
3457,-1766,-1230
3457,-1770,-1232
3451,-1769,-1234
3447,-1770,-1231
3445,-1769,-1226
3442,-1767,-1222
3443,-1767,-1219
3442,-1765,-1214
3442,-1764,-1213
3442,-1765,-1212
3441,-1766,-1211
3444,-1765,-1209
3440,-1766,-1209
3440,-1766,-1213
3436,-1765,-1215
3434,-1759,-1215
3435,-1763,-1215
3435,-1761,-1217
3435,-1757,-1219
3435,-1758,-1220
3435,-1763,-1226
3437,-1765,-1228
3435,-1770,-1233
3437,-1773,-1237
3439,-1774,-1238
3440,-1774,-1235
3447,-1776,-1238
3447,-1779,-1241
3451,-1780,-1240
3450,-1776,-1239
3454,-1774,-1241
3457,-1775,-1239
3457,-1775,-1238
3459,-1772,-1235
3460,-1773,-1235
3459,-1773,-1234
3459,-1773,-1239
3461,-1774,-1237
3459,-1772,-1235
3457,-1773,-1232
3461,-1773,-1232
3458,-1771,-1230
3453,-1768,-1232
3453,-1768,-1233
3451,-1769,-1230
3451,-1771,-1233
3448,-1766,-1231
3445,-1764,-1231
3444,-1768,-1229
3439,-1771,-1229
3440,-1769,-1228
3439,-1771,-1226
3441,-1771,-1224
3442,-1772,-1225
3441,-1771,-1227
3437,-1769,-1225
3439,-1769,-1225
3442,-1769,-1225
3444,-1769,-1226
3442,-1774,-1228
3449,-1775,-1229
3451,-1773,-1229
3456,-1775,-1228
3450,-1777,-1229
3451,-1777,-1230
3455,-1776,-1226
3455,-1778,-1228
3456,-1774,-1226
3456,-1772,-1225
3453,-1773,-1227
3456,-1773,-1228
3456,-1777,-1227
3454,-1778,-1224
3452,-1779,-1222
3453,-1780,-1221
3453,-1780,-1221
3453,-1779,-1221
3455,-1779,-1221
3453,-1779,-1220
3452,-1778,-1219
3453,-1777,-1220
3454,-1777,-1220
3456,-1777,-1215
3455,-1774,-1210
3449,-1772,-1210
3447,-1765,-1212
3443,-1763,-1215
3447,-1763,-1218
3449,-1761,-1219
3452,-1765,-1221
3454,-1768,-1223
3451,-1769,-1227
3451,-1768,-1229
3454,-1766,-1227
3452,-1765,-1226
3444,-1765,-1226
3440,-1760,-1226
3442,-1754,-1226
3441,-1751,-1228
3440,-1750,-1227
3443,-1748,-1223
3448,-1747,-1218
3453,-1749,-1213
3457,-1754,-1209
3460,-1756,-1203
3466,-1760,-1198
3466,-1764,-1199
3468,-1767,-1202
3470,-1774,-1201
3470,-1784,-1206
3468,-1793,-1210
3468,-1796,-1211
3467,-1794,-1213
3466,-1791,-1215
3462,-1790,-1216
3456,-1782,-1213
3454,-1779,-1217
3457,-1775,-1220
3456,-1769,-1219
3449,-1763,-1221
3444,-1757,-1219
3443,-1752,-1218
3442,-1753,-1220
3439,-1756,-1221
3437,-1758,-1217
3438,-1759,-1217
3437,-1760,-1216
3440,-1761,-1214
3442,-1760,-1212
3446,-1762,-1215
3449,-1757,-1215
3451,-1760,-1218
3459,-1764,-1217
3459,-1769,-1217
3462,-1768,-1221
3463,-1767,-1218
3464,-1770,-1218
3466,-1768,-1218
3468,-1767,-1218
3464,-1766,-1218
3462,-1764,-1213
3463,-1755,-1212
3466,-1757,-1216
3466,-1759,-1214
3465,-1758,-1212
3465,-1756,-1211
3464,-1753,-1211
3459,-1752,-1212
3459,-1754,-1208
3457,-1753,-1207
3457,-1753,-1211
3450,-1757,-1210
3453,-1760,-1209
3451,-1758,-1212
3452,-1761,-1215
3452,-1764,-1214
3445,-1765,-1218
3443,-1766,-1219
3442,-1762,-1217
3444,-1768,-1222
3443,-1767,-1223
3447,-1766,-1221
3447,-1767,-1220
3449,-1767,-1216
3452,-1765,-1218
3453,-1767,-1217
3453,-1767,-1214
3451,-1768,-1211
3456,-1772,-1208
3458,-1777,-1212
3459,-1776,-1209
3461,-1777,-1211
3462,-1775,-1214
3463,-1776,-1212
3464,-1772,-1214
3462,-1769,-1213
3463,-1765,-1218
3462,-1763,-1215
3463,-1758,-1215
3464,-1756,-1215
3456,-1755,-1214
3454,-1751,-1212
3450,-1749,-1208
3449,-1748,-1204
3448,-1746,-1206
3442,-1744,-1208
3441,-1743,-1205
3440,-1746,-1202
3439,-1751,-1201
3443,-1759,-1202
3449,-1761,-1199
3453,-1769,-1200
3457,-1775,-1199
3462,-1784,-1197
3464,-1787,-1199
3462,-1789,-1195
3461,-1787,-1195
3464,-1784,-1191
3462,-1779,-1191
3462,-1779,-1193
3462,-1779,-1198
3459,-1776,-1199
3456,-1773,-1200
3457,-1771,-1193
3461,-1772,-1193
3465,-1776,-1198
3467,-1774,-1197
3466,-1768,-1195
3465,-1762,-1195
3464,-1760,-1196
3456,-1759,-1203
3455,-1759,-1199
3460,-1757,-1194
3463,-1760,-1195
3468,-1763,-1203
3465,-1763,-1201
3469,-1754,-1188
3471,-1753,-1185
3473,-1757,-1186
3473,-1756,-1191
3468,-1754,-1188
3464,-1748,-1193
3465,-1742,-1192
3467,-1740,-1199
3468,-1742,-1208
3470,-1744,-1213
3463,-1738,-1214
3464,-1732,-1211
3465,-1734,-1213
3466,-1735,-1224
3464,-1738,-1229
3462,-1738,-1224
3462,-1738,-1221
3461,-1742,-1223
3460,-1741,-1216
3456,-1742,-1210
3450,-1744,-1205
3445,-1748,-1194
3446,-1752,-1188
3443,-1760,-1184
3437,-1766,-1183
3434,-1773,-1177
3429,-1778,-1175
3428,-1782,-1176
3430,-1788,-1174
3428,-1794,-1182
3426,-1801,-1190
3423,-1809,-1194
3416,-1813,-1197
3411,-1815,-1201
3405,-1818,-1200
3404,-1821,-1201
3403,-1822,-1199
3405,-1827,-1198
3414,-1835,-1200
3432,-1843,-1194
3446,-1852,-1187
3461,-1863,-1187
3477,-1879,-1195
3491,-1887,-1200
3503,-1895,-1210
3513,-1893,-1214
3518,-1891,-1218
3522,-1883,-1226
3524,-1875,-1230
3530,-1864,-1227
3540,-1855,-1220
3551,-1851,-1213
3562,-1843,-1201
3570,-1837,-1189
3575,-1822,-1172
3572,-1804,-1156
3574,-1782,-1142
3571,-1757,-1132
3571,-1732,-1125
3574,-1706,-1117
3569,-1685,-1110
3567,-1663,-1105
3553,-1633,-1099
3539,-1599,-1084
3524,-1572,-1080
3507,-1541,-1073
3479,-1512,-1068
3445,-1484,-1065
3413,-1459,-1060
3384,-1436,-1043
3354,-1407,-1038
3324,-1374,-1032
3287,-1326,-1032
3249,-1276,-1034
3212,-1208,-1022
3186,-1163,-998
3168,-1135,-979
3159,-1106,-969
3168,-1089,-965
3195,-1107,-970
3225,-1130,-998
3259,-1129,-1016
3303,-1086,-991
3355,-1056,-975
3429,-1054,-974
3516,-1066,-979
3614,-1072,-994
3717,-1088,-1022
3823,-1122,-1069
3919,-1171,-1129
3989,-1236,-1212
4031,-1295,-1298
4031,-1347,-1381
3987,-1392,-1484
3925,-1406,-1567
3864,-1388,-1624
3820,-1361,-1660
3805,-1347,-1700
3815,-1342,-1748
3843,-1343,-1805
3871,-1356,-1858
3892,-1380,-1899
3909,-1407,-1937
3911,-1436,-1962
3902,-1488,-1976
3877,-1580,-2011
3854,-1683,-2031
3822,-1766,-2026
3792,-1835,-1987
3749,-1901,-1931
3709,-1980,-1865
3677,-2052,-1801
3646,-2121,-1706
3606,-2179,-1612
3560,-2222,-1514
3502,-2251,-1416
3428,-2261,-1330
3348,-2248,-1253
3272,-2218,-1172
3193,-2188,-1101
3118,-2145,-1044
3055,-2089,-992
2998,-2032,-953
2953,-1970,-916
2910,-1909,-894
2883,-1849,-877
2859,-1788,-864
2834,-1733,-853
2819,-1684,-848
2809,-1650,-847
2803,-1623,-852
2798,-1602,-867
2798,-1589,-881
2807,-1590,-896
2812,-1586,-912
2821,-1596,-932
2837,-1608,-939
2848,-1623,-926
2864,-1647,-931
2879,-1675,-953
2904,-1703,-963
2929,-1736,-990
2963,-1765,-1012
3005,-1794,-1045
3045,-1816,-1076
3098,-1825,-1119
3155,-1827,-1152
3214,-1828,-1196
3268,-1822,-1249
3311,-1804,-1308
3350,-1772,-1355
3385,-1736,-1394
3395,-1707,-1452
3396,-1673,-1499
3388,-1642,-1534
3376,-1623,-1569
3372,-1612,-1592
3376,-1610,-1613
3390,-1638,-1630
3413,-1677,-1640
3435,-1709,-1656
3458,-1735,-1661
3477,-1755,-1654
3501,-1774,-1660
3516,-1798,-1656
3529,-1823,-1656
3537,-1850,-1653
3537,-1876,-1647
3531,-1899,-1636
3521,-1922,-1620
3509,-1949,-1611
3501,-1979,-1600
3499,-2012,-1587
3499,-2037,-1576
3510,-2056,-1558
3534,-2063,-1538
3577,-2061,-1512
3633,-2054,-1485
3695,-2052,-1463
3761,-2052,-1435
3833,-2055,-1412
3904,-2054,-1393
3962,-2052,-1369
4004,-2052,-1350
4051,-2059,-1338
4080,-2067,-1328
4107,-2074,-1319
4135,-2081,-1319
4157,-2084,-1320
4175,-2084,-1325
4174,-2073,-1332
4164,-2045,-1354
4154,-2005,-1332
4132,-1983,-1322
4093,-1962,-1358
4040,-1898,-1399
4012,-1857,-1356
3979,-1891,-1365
3941,-1930,-1439
3916,-1916,-1469
3895,-1870,-1475
3859,-1814,-1490
3831,-1761,-1485
3802,-1705,-1490
3767,-1646,-1489
3728,-1593,-1480
3690,-1552,-1458
3663,-1526,-1420
3646,-1518,-1381
3630,-1520,-1339
3609,-1530,-1300
3589,-1533,-1245
3570,-1537,-1194
3553,-1539,-1146
3545,-1537,-1101
3546,-1534,-1052
3558,-1542,-1020
3579,-1546,-985
3599,-1550,-941
3610,-1562,-912
3623,-1576,-871
3639,-1605,-839
3645,-1652,-840
3639,-1699,-849
3642,-1720,-824
3661,-1746,-803
3672,-1789,-824
3685,-1807,-828
3691,-1831,-872
3691,-1836,-874
3674,-1834,-906
3644,-1799,-936
3637,-1761,-913
3623,-1754,-905
3585,-1748,-933
3553,-1733,-923
3528,-1707,-909
3511,-1691,-906
3510,-1704,-905
3528,-1722,-902
3543,-1749,-888
3561,-1771,-860
3595,-1777,-828
3627,-1783,-804
3648,-1782,-789
3659,-1791,-784
3675,-1797,-776
3674,-1785,-773
3676,-1767,-765
3681,-1752,-754
3683,-1739,-747
3678,-1725,-749
3680,-1715,-747
3686,-1699,-733
3693,-1673,-715
3708,-1648,-694
3725,-1613,-661
3742,-1582,-620
3760,-1570,-584
3773,-1586,-559
3808,-1607,-509
3846,-1642,-466
3877,-1683,-421
3901,-1698,-413
3906,-1682,-411
3909,-1650,-393
3909,-1651,-373
3905,-1643,-332
3888,-1621,-300
3853,-1572,-280
3815,-1515,-266
3779,-1477,-255
3755,-1471,-246
3742,-1487,-249
3741,-1531,-254
3741,-1575,-253
3745,-1622,-240
3756,-1684,-231
3753,-1730,-218
3747,-1764,-184
3745,-1786,-146
3733,-1797,-117
3718,-1805,-87
3703,-1806,-68
3682,-1809,-65
3670,-1811,-66
3653,-1797,-77
3641,-1772,-102
3636,-1737,-120
3630,-1688,-135
3626,-1626,-151
3619,-1557,-202
3614,-1459,-232
3608,-1331,-214
3590,-1217,-244
3572,-1128,-314
3567,-1049,-332
3558,-974,-320
3546,-912,-330
3552,-863,-357
3559,-841,-535
3592,-769,-660
3650,-635,-553
3672,-517,-515
3689,-432,-477
3713,-367,-434
3740,-323,-422
3774,-290,-429
3807,-279,-423
3824,-282,-419
3828,-298,-433
3851,-304,-427
3878,-318,-405
3895,-345,-388
3910,-387,-378
3915,-430,-381
3929,-470,-381
3950,-513,-387
3979,-578,-386
4025,-656,-380
4068,-757,-379
4112,-855,-375
4164,-937,-358
4220,-1027,-328
4268,-1140,-312
4302,-1258,-319
4329,-1326,-319
4359,-1358,-282
4384,-1393,-238
4399,-1444,-208
4412,-1508,-181
4434,-1585,-158
4453,-1660,-135
4478,-1733,-108
4499,-1799,-75
4515,-1868,-54
4532,-1928,-29
4542,-1976,-11
4543,-2013,5
4534,-2033,24
4519,-2046,37
4510,-2048,58
4493,-2034,82
4476,-2026,89
4466,-2025,95
4455,-2026,98
4447,-2023,107
4440,-2013,114
4432,-2008,127
4424,-2000,130
4415,-1996,132
4406,-1998,133
4405,-2001,133
4396,-2009,141
4384,-2013,141
4379,-2013,149
4375,-2006,157
4367,-2002,177
4358,-1995,192
4346,-1984,211
4336,-1982,226
4318,-1975,239
4299,-1970,252
4281,-1965,270
4263,-1961,286
4241,-1960,293
4220,-1962,305
4194,-1952,315
4165,-1946,328
4136,-1942,345
4116,-1948,355
4096,-1951,365
4071,-1954,373
4038,-1957,391
4008,-1967,401
3978,-1984,399
3944,-2002,398
3911,-2023,394
3877,-2056,373
3846,-2084,357
3811,-2098,340
3766,-2103,321
3712,-2107,295
3661,-2100,262
3606,-2080,223
3556,-2057,179
3510,-2030,135
3473,-1998,90
3444,-1958,52
3420,-1915,30
3398,-1867,22
3384,-1818,19
3364,-1772,25
3347,-1726,43
3328,-1688,63
3316,-1657,83
3303,-1641,99
3295,-1629,118
3284,-1620,136
3279,-1623,145
3287,-1631,147
3298,-1639,151
3315,-1650,148
3345,-1662,137
3380,-1668,127
3419,-1678,123
3464,-1686,120
3508,-1697,115
3563,-1707,113
3613,-1715,106
3672,-1722,101
3740,-1731,90
3811,-1749,78
3886,-1772,55
3953,-1793,36
4011,-1808,25
4053,-1828,5
4076,-1843,-9
4088,-1858,-29
4091,-1883,-44
4081,-1908,-55
4064,-1931,-74
4035,-1949,-93
4007,-1965,-116
3977,-1980,-140
3947,-1988,-168
3918,-1996,-194
3889,-2007,-214
3860,-2012,-237
3830,-2014,-266
3795,-2018,-299
3761,-2024,-331
3730,-2036,-363
3704,-2048,-404
3675,-2067,-453
3654,-2083,-502
3632,-2102,-553
3608,-2125,-610
3595,-2145,-676
3581,-2170,-751
3573,-2192,-831
3572,-2209,-911
3573,-2225,-996
3577,-2238,-1085
3585,-2267,-1187
3591,-2294,-1274
3596,-2323,-1360
3595,-2338,-1441
3587,-2342,-1512
3576,-2330,-1574
3555,-2293,-1629
3529,-2240,-1672
3491,-2169,-1713
3451,-2082,-1737
3413,-1989,-1757
3375,-1888,-1777
3342,-1796,-1800
3320,-1707,-1823
3313,-1617,-1840
3309,-1515,-1848
3321,-1430,-1868
3340,-1347,-1893
3368,-1264,-1920
3404,-1182,-1957
3448,-1105,-2005
3506,-1023,-2055
3564,-945,-2107
3620,-877,-2164
3679,-825,-2221
3734,-786,-2285
3787,-762,-2345
3832,-746,-2410
3859,-736,-2467
3878,-732,-2507
3884,-740,-2537
3883,-755,-2554
3864,-784,-2562
3839,-826,-2557
3801,-875,-2545
3764,-929,-2521
3727,-990,-2498
3699,-1049,-2468
3667,-1099,-2427
3640,-1150,-2396
3622,-1196,-2367
3604,-1236,-2352
3596,-1271,-2343
3584,-1292,-2340
3575,-1303,-2348
3568,-1312,-2355
3554,-1325,-2374
3538,-1335,-2388
3518,-1347,-2413
3491,-1352,-2428
3455,-1351,-2444
3417,-1354,-2452
3377,-1355,-2455
3335,-1357,-2460
3292,-1357,-2463
3258,-1360,-2452
3206,-1357,-2443
3157,-1345,-2433
3112,-1331,-2409
3069,-1316,-2385
3026,-1309,-2359
2988,-1314,-2327
2952,-1327,-2293
2924,-1349,-2271
2901,-1386,-2247
2877,-1425,-2225
2849,-1454,-2208
2824,-1479,-2188
2795,-1504,-2177
2765,-1537,-2166
2734,-1569,-2166
2708,-1592,-2168
2677,-1609,-2166
2647,-1637,-2158
2621,-1663,-2164
2595,-1688,-2169
2570,-1703,-2170
2545,-1725,-2162
2521,-1748,-2159
2498,-1771,-2156
2479,-1791,-2148
2459,-1810,-2145
2433,-1825,-2143
2406,-1842,-2141
2376,-1855,-2138
2349,-1877,-2150
2319,-1900,-2159
2293,-1913,-2157
2268,-1927,-2160
2247,-1933,-2154
2231,-1935,-2137
2216,-1933,-2117
2206,-1937,-2102
2206,-1936,-2085
2213,-1935,-2078
2230,-1934,-2075
2252,-1939,-2081
2272,-1941,-2096
2296,-1951,-2117
2319,-1956,-2134
2335,-1969,-2154
2342,-1993,-2178
2337,-2005,-2190
2322,-2013,-2196
2302,-2023,-2198
2276,-2032,-2201
2243,-2036,-2191
2213,-2042,-2175
2185,-2043,-2152
2162,-2041,-2133
2150,-2036,-2112
2151,-2033,-2088
2165,-2028,-2069
2191,-2013,-2045
2222,-2009,-2029
2262,-2000,-2018
2303,-1994,-2015
2343,-1993,-2022
2373,-1990,-2021
2394,-1980,-2020
2407,-1977,-2005
2408,-1971,-1988
2408,-1966,-1978
2405,-1970,-1977
2404,-1978,-1964
2392,-1997,-1957
2372,-2021,-1953
2359,-2044,-1941
2338,-2070,-1937
2312,-2088,-1928
2280,-2102,-1931
2247,-2104,-1932
2221,-2085,-1902
2203,-2061,-1860
2194,-2034,-1809
2206,-2013,-1757
2228,-1995,-1713
2260,-1977,-1670
2307,-1962,-1636
2375,-1947,-1605
2460,-1938,-1567
2556,-1936,-1523
2661,-1948,-1493
2774,-1972,-1479
2893,-1996,-1474
3022,-2017,-1479
3165,-2040,-1483
3319,-2069,-1511
3482,-2097,-1542
3657,-2126,-1574
3832,-2157,-1604
3998,-2203,-1634
4149,-2249,-1671
4276,-2287,-1687
4366,-2305,-1681
4414,-2305,-1651
4422,-2294,-1623
4397,-2257,-1585
4333,-2210,-1547
4241,-2158,-1528
4146,-2113,-1514
4035,-2067,-1476
3912,-2015,-1427
3783,-1952,-1387
3657,-1888,-1352
3547,-1839,-1318
3446,-1803,-1302
3346,-1775,-1296
3255,-1748,-1303
3163,-1718,-1327
3072,-1695,-1358
2989,-1687,-1393
2913,-1681,-1454
2853,-1678,-1505
2801,-1661,-1558
2764,-1650,-1612
2746,-1637,-1664
2740,-1629,-1720
2746,-1616,-1763
2761,-1606,-1787
2773,-1586,-1792
2776,-1551,-1767
2776,-1503,-1741
2774,-1458,-1695
2781,-1417,-1635
2790,-1386,-1578
2811,-1373,-1526
2847,-1378,-1483
2895,-1393,-1451
2955,-1422,-1432
3035,-1465,-1420
3121,-1514,-1387
3219,-1570,-1295
3362,-1669,-1068
3578,-1878,-1079
3897,-2079,-1163
4141,-2276,-1298
4266,-2417,-1262
4328,-2528,-1212
4390,-2693,-1256
4399,-2849,-1407
4345,-2872,-1536
4231,-2755,-1583
4083,-2595,-1582
3923,-2443,-1568
3806,-2317,-1524
3741,-2199,-1457
3700,-2077,-1382
3678,-1971,-1298
3679,-1889,-1191
3687,-1844,-1095
3712,-1827,-1041
3732,-1815,-1033
3714,-1794,-1074
3668,-1767,-1154
3599,-1760,-1217
3554,-1792,-1164
3580,-1921,-1127
3655,-2087,-1216
3664,-2021,-1330
3593,-1745,-1318
3534,-1591,-1311
3504,-1568,-1423
3463,-1439,-1492
3397,-1218,-1501
3333,-1067,-1518
3274,-984,-1530
3221,-932,-1511
3181,-921,-1480
3161,-974,-1439
3170,-1106,-1366
3194,-1316,-1340
3217,-1521,-1327
3238,-1672,-1315
3269,-1789,-1307
3306,-1875,-1320
3342,-1942,-1342
3371,-1965,-1360
3384,-1949,-1344
3362,-1903,-1350
3329,-1807,-1314
3298,-1688,-1279
3273,-1547,-1301
3281,-1406,-1323
3322,-1359,-1380
3378,-1421,-1474
3406,-1509,-1567
3406,-1594,-1585
3397,-1689,-1627
3428,-1796,-1625
3498,-1940,-1565
3568,-2089,-1481
3586,-2163,-1412
3557,-2107,-1396
3521,-2005,-1383
3502,-1986,-1388
3500,-2029,-1422
3486,-2069,-1439
3460,-2075,-1437
3430,-2045,-1438
3418,-1954,-1439
3445,-1846,-1441
3509,-1752,-1460
3573,-1661,-1486
3614,-1587,-1507
3636,-1509,-1553
3660,-1414,-1634
3683,-1325,-1739
3694,-1231,-1867
3694,-1110,-1969
3688,-978,-2046
3675,-841,-2102
3669,-701,-2154
3669,-562,-2193
3666,-473,-2232
3675,-418,-2284
3677,-384,-2309
3668,-354,-2327
3645,-308,-2339
3622,-232,-2337
3610,-227,-2318
3599,-274,-2322
3566,-287,-2318
3542,-237,-2343
3547,-210,-2360
3553,-251,-2361
3527,-300,-2408
3515,-339,-2537
3512,-467,-2418
3527,-885,-2293
3675,-1503,-2324
3832,-1971,-2198
3908,-2188,-1876
3952,-2360,-1669
4014,-2547,-1654
4026,-2612,-1713
3930,-2482,-1807
3770,-2238,-1930
3585,-1967,-2049
3402,-1728,-2128
3230,-1539,-2203
3163,-1601,-2334
3109,-1818,-2421
3099,-1780,-2438
3127,-1545,-2434
3150,-1410,-2409
3175,-1531,-2394
3194,-1778,-2378
3217,-1995,-2350
3253,-2190,-2281
3299,-2380,-2196
3345,-2544,-2132
3379,-2637,-2038
3406,-2713,-1938
3441,-2755,-1829
3479,-2742,-1745
3502,-2645,-1662
3495,-2512,-1563
3516,-2409,-1544
3598,-2374,-1655
3666,-2342,-1850
3683,-2326,-1994
3670,-2406,-2154
3658,-2570,-2303
3641,-2782,-2411
3638,-2993,-2475
3656,-3154,-2501
3687,-3248,-2532
3723,-3262,-2555
3735,-3238,-2582
3720,-3175,-2582
3692,-3128,-2582
3664,-3093,-2564
3642,-3068,-2503
3630,-3060,-2419
3627,-3100,-2321
3636,-3199,-2234
3648,-3328,-2147
3657,-3452,-2082
3674,-3551,-2035
3702,-3613,-2027
3731,-3625,-2047
3759,-3585,-2098
3775,-3509,-2181
3779,-3413,-2263
3759,-3314,-2340
3726,-3215,-2404
3682,-3118,-2462
3634,-3022,-2507
3583,-2926,-2543
3539,-2848,-2565
3506,-2801,-2579
3489,-2787,-2588
3478,-2792,-2594
3478,-2813,-2585
3485,-2848,-2541
3485,-2891,-2485
3475,-2944,-2409
3453,-2994,-2318
3422,-3038,-2245
3382,-3066,-2184
3344,-3077,-2128
3308,-3073,-2081
3272,-3047,-2055
3242,-3005,-2043
3204,-2961,-2046
3157,-2889,-2059
3090,-2794,-2071
3029,-2676,-2084
2960,-2551,-2111
2896,-2428,-2134
2839,-2313,-2150
2785,-2207,-2162
2724,-2118,-2176
2660,-2034,-2183
2596,-1943,-2204
2531,-1852,-2271
2468,-1740,-2380
2407,-1607,-2504
2349,-1481,-2642
2303,-1361,-2802
2260,-1229,-2938
2217,-1091,-3032
2158,-976,-3139
2111,-878,-3187
2061,-792,-3147
1991,-711,-3071
1926,-670,-2935
1852,-728,-2789
1814,-898,-2609
1809,-1146,-2391
1836,-1461,-2155
1907,-1830,-1935
2017,-2203,-1741
2155,-2513,-1577
2293,-2740,-1485
2425,-2845,-1477
2537,-2831,-1554
2622,-2721,-1725
2692,-2505,-1940
2728,-2220,-2191
2728,-1856,-2487
2701,-1413,-2783
2686,-942,-3030
2686,-503,-3254
2687,-117,-3435
2712,209,-3539
2762,454,-3589
2837,587,-3603
2899,605,-3574
2961,523,-3490
3019,341,-3326
3070,60,-3113
3101,-292,-2928
3137,-683,-2774
3186,-1068,-2615
3247,-1422,-2442
3305,-1699,-2271
3338,-1897,-2115
3327,-1998,-2049
3284,-1995,-2041
3205,-1847,-2084
3072,-1528,-2181
2895,-1106,-2355
2716,-680,-2599
2538,-313,-2861
2376,-10,-3081
2244,223,-3222
2148,332,-3305
2087,311,-3337
2066,178,-3307
2062,-26,-3225
2061,-270,-3108
2055,-515,-2979
2026,-739,-2841
1977,-929,-2717
1921,-1081,-2625
1860,-1193,-2543
1798,-1265,-2479
1753,-1301,-2448
1718,-1311,-2454
1691,-1298,-2487
1665,-1248,-2520
1642,-1176,-2529
1616,-1116,-2545
1569,-1082,-2597
1514,-1060,-2660
1444,-1035,-2732
1367,-1016,-2815
1301,-1021,-2902
1260,-1041,-2988
1246,-1051,-3061
1277,-1035,-3066
1333,-1027,-3009
1388,-1018,-2929
1429,-990,-2865
1449,-952,-2853
1441,-912,-2842
1404,-873,-2806
1358,-866,-2774
1307,-864,-2819
1256,-809,-2905
1221,-722,-2975
1195,-643,-3085
1189,-598,-3237
1201,-563,-3387
1212,-549,-3532
1213,-555,-3669
1207,-559,-3780
1198,-576,-3848
1205,-713,-4105
1179,-766,-3918
1088,-631,-4021
1078,-724,-3787
1087,-1040,-3612
1077,-1368,-3520
1091,-1633,-3426
1120,-1825,-3305
1144,-1966,-3186
1181,-2062,-3077
1233,-2113,-2981
1302,-2127,-2916
1384,-2112,-2908
1472,-2079,-2962
1550,-2018,-3064
1614,-1921,-3186
1673,-1808,-3313
1738,-1693,-3405
1799,-1594,-3441
1862,-1534,-3443
1914,-1529,-3433
1948,-1557,-3424
1959,-1606,-3425
1941,-1644,-3427
1903,-1648,-3433
1856,-1636,-3452
1810,-1608,-3495
1762,-1537,-3545
1715,-1436,-3590
1664,-1330,-3655
1598,-1222,-3759
1534,-1102,-3887
1477,-968,-4005
1434,-835,-4069
1389,-747,-4102
1358,-707,-4118
1337,-707,-4114
1314,-729,-4100
1293,-787,-4090
1267,-863,-4093
1232,-931,-4125
1199,-965,-4159
1153,-982,-4172
1088,-980,-4159
1020,-988,-4111
969,-1048,-4011
934,-1180,-3894
936,-1385,-3778
954,-1610,-3670
980,-1795,-3584
989,-1895,-3518
984,-1886,-3500
982,-1778,-3487
993,-1666,-3530
1028,-1598,-3658
1075,-1551,-3734
1110,-1526,-3759
1125,-1526,-3756
1127,-1554,-3730
1118,-1583,-3703
1103,-1607,-3686
1090,-1605,-3678
1074,-1573,-3677
1054,-1522,-3690
1038,-1467,-3705
1039,-1429,-3738
1042,-1401,-3779
1054,-1382,-3805
1073,-1371,-3808
1085,-1375,-3794
1100,-1394,-3773
1096,-1432,-3739
1093,-1472,-3707
1072,-1510,-3723
1061,-1522,-3653
1035,-1534,-3571
993,-1538,-3535
952,-1498,-3510
900,-1422,-3475
837,-1327,-3449
775,-1222,-3415
714,-1118,-3395
662,-1016,-3362
604,-927,-3354
565,-862,-3361
526,-809,-3416
503,-759,-3445
492,-729,-3490
498,-718,-3543
524,-721,-3609
578,-781,-3741
624,-849,-3900
653,-895,-4053
664,-904,-4157
661,-921,-4222
647,-985,-4246
630,-1072,-4217
619,-1167,-4126
622,-1280,-3941
641,-1420,-3730
680,-1589,-3561
719,-1766,-3429
755,-1908,-3297
781,-2023,-3154
776,-2128,-3017
746,-2216,-2962
692,-2265,-2953
642,-2279,-2929
608,-2265,-2886
585,-2242,-2847
557,-2206,-2835
531,-2152,-2857
503,-2104,-2924
487,-2058,-2984
474,-1997,-3000
462,-1930,-3007
441,-1864,-3049
432,-1794,-3108
422,-1735,-3153
433,-1685,-3161
452,-1652,-3171
476,-1640,-3166
507,-1649,-3153
541,-1680,-3122
582,-1716,-3092
622,-1762,-3055
651,-1823,-3016
679,-1905,-3001
711,-1990,-3011
755,-2071,-3029
802,-2141,-3052
853,-2215,-3112
907,-2285,-3177
960,-2323,-3217
986,-2317,-3229
979,-2269,-3221
943,-2187,-3225
893,-2096,-3244
838,-2007,-3248
790,-1895,-3272
738,-1709,-3337
707,-1532,-3376
686,-1436,-3415
685,-1411,-3439
709,-1414,-3419
755,-1424,-3341
807,-1439,-3240
857,-1491,-3131
910,-1585,-3014
959,-1712,-2900
1004,-1871,-2787
1027,-2041,-2683
1048,-2208,-2555
1063,-2393,-2452
1057,-2573,-2369
1035,-2721,-2316
1005,-2834,-2253
971,-2928,-2198
924,-2997,-2150
868,-3041,-2101
807,-3069,-2049
729,-3073,-2028
644,-3058,-2001
559,-3024,-1969
485,-2982,-1951
408,-2937,-1961
345,-2877,-1985
293,-2793,-2017
256,-2672,-2004
235,-2616,-2026
245,-2622,-2026
262,-2652,-1965
286,-2706,-1847
304,-2773,-1678
333,-2839,-1454
362,-2934,-1244
393,-3119,-1072
452,-3368,-912
540,-3678,-790
619,-3960,-672
693,-4218,-543
744,-4451,-447
776,-4679,-406
786,-4869,-380
786,-5025,-366
784,-5135,-354
776,-5219,-368
759,-5256,-382
749,-5264,-423
752,-5258,-478
759,-5225,-503
765,-5162,-506
768,-5093,-511
772,-5021,-499
775,-4938,-462
768,-4870,-421
771,-4834,-383
774,-4824,-340
775,-4831,-286
771,-4844,-220
762,-4858,-148
748,-4871,-77
729,-4887,-13
706,-4894,33
684,-4900,70
672,-4914,86
665,-4926,95
664,-4930,102
661,-4920,96
658,-4886,99
652,-4839,91
645,-4794,88
638,-4746,86
628,-4691,84
613,-4638,78
600,-4586,73
588,-4551,60
577,-4504,65
557,-4456,79
544,-4425,91
531,-4412,108
522,-4414,125
517,-4434,138
517,-4464,153
525,-4502,179
531,-4540,204
550,-4590,232
577,-4640,262
609,-4697,282
647,-4746,296
684,-4768,303
712,-4767,313
735,-4744,333
748,-4711,362
767,-4681,403
779,-4648,456
785,-4612,511
789,-4575,560
792,-4532,577
806,-4501,582
835,-4477,580
872,-4437,584
903,-4392,572
941,-4342,585
1005,-4300,607
1082,-4263,615
1166,-4246,621
1255,-4246,624
1337,-4254,639
1420,-4251,649
1500,-4246,649
1575,-4242,640
1636,-4230,620
1691,-4236,587
1749,-4252,560
1801,-4265,546
1839,-4277,541
1860,-4281,542
1857,-4275,545
1833,-4248,568
1788,-4206,592
1734,-4152,617
1670,-4075,651
1600,-3983,689
1536,-3895,724
1473,-3808,755
1411,-3722,770
1351,-3642,782
1286,-3564,773
1227,-3491,751
1180,-3427,713
1143,-3371,678
1121,-3332,642
1116,-3307,619
1120,-3306,605
1133,-3322,606
1158,-3358,599
1177,-3398,596
1200,-3450,585
1216,-3491,603
1225,-3523,622
1231,-3555,641
1243,-3578,664
1253,-3597,698
1262,-3615,731
1275,-3623,762
1291,-3624,785
1307,-3630,796
1323,-3628,793
1338,-3628,785
1351,-3627,773
1361,-3628,759
1368,-3619,743
1367,-3607,730
1364,-3594,720
1364,-3581,713
1361,-3568,710
1359,-3563,705
1354,-3562,706
1355,-3565,702
1342,-3564,696
1327,-3569,680
1309,-3573,666
1287,-3581,651
1268,-3594,635
1251,-3606,622
1232,-3617,604
1216,-3632,589
1200,-3644,573
1180,-3652,557
1157,-3654,535
1127,-3654,515
1100,-3652,492
1076,-3659,476
1056,-3674,463
1039,-3697,442
1027,-3733,428
1023,-3776,409
1017,-3813,391
1014,-3853,366
1011,-3888,348
1005,-3915,329
996,-3932,311
981,-3946,289
967,-3951,267
953,-3950,242
938,-3939,223
920,-3916,209
903,-3889,202
883,-3857,202
864,-3822,206
845,-3786,217
825,-3757,235
803,-3732,253
786,-3712,272
769,-3696,290
752,-3678,320
739,-3668,353
728,-3658,378
717,-3655,398
701,-3653,420
692,-3660,444
684,-3664,462
678,-3672,482
676,-3678,499
675,-3684,512
678,-3692,532
679,-3695,551
678,-3705,561
682,-3703,573
686,-3700,582
686,-3702,587
684,-3711,587
687,-3716,595
684,-3722,600
688,-3722,604
693,-3722,605
697,-3721,599
696,-3724,598
694,-3720,600
689,-3705,611
687,-3692,627
680,-3678,635
676,-3668,643
672,-3650,658
665,-3643,672
663,-3636,686
658,-3635,694
658,-3639,703
667,-3655,695
677,-3671,683
687,-3688,663
701,-3701,632
716,-3711,607
722,-3721,583
731,-3737,561
745,-3756,553
754,-3784,547
767,-3815,533
778,-3848,515
788,-3888,504
801,-3937,497
817,-3996,495
834,-4052,489
847,-4117,476
858,-4181,465
865,-4239,454
869,-4295,448
871,-4337,444
866,-4365,435
858,-4376,428
851,-4377,425
847,-4357,426
835,-4337,430
825,-4308,439
815,-4277,451
802,-4240,461
794,-4206,476
783,-4182,500
767,-4174,525
755,-4181,559
749,-4199,588
746,-4229,609
744,-4263,621
739,-4298,631
731,-4319,647
724,-4336,675
719,-4351,714
705,-4370,762
694,-4388,801
688,-4404,841
683,-4421,892
683,-4438,940
690,-4462,975
701,-4489,1015
715,-4507,1045
728,-4517,1074
729,-4513,1095
727,-4497,1112
726,-4475,1121
717,-4441,1127
711,-4408,1134
707,-4378,1151
705,-4357,1178
705,-4334,1223
706,-4323,1276
721,-4321,1338
740,-4334,1397
770,-4365,1455
811,-4408,1506
852,-4453,1551
890,-4490,1580
928,-4515,1600
963,-4538,1609
999,-4564,1610
1031,-4582,1605
1064,-4589,1602
1087,-4589,1601
1109,-4578,1596
1130,-4558,1602
1145,-4539,1614
1160,-4529,1628
1170,-4520,1633
1178,-4511,1629
1187,-4502,1629
1188,-4479,1643
1189,-4444,1643
1189,-4401,1621
1190,-4345,1592
1190,-4289,1560
1199,-4245,1521
1214,-4206,1468
1234,-4159,1399
1252,-4110,1319
1265,-4041,1231
1267,-3964,1103
1265,-3862,983
1259,-3743,887
1260,-3634,786
1259,-3551,684
1250,-3475,602
1229,-3386,550
1192,-3295,523
1158,-3218,532
1130,-3173,565
1103,-3179,618
1077,-3232,672
1052,-3292,709
1007,-3339,749
963,-3376,782
925,-3407,816
900,-3434,866
890,-3454,931
893,-3472,1011
900,-3502,1117
913,-3543,1234
917,-3603,1333
911,-3673,1413
904,-3758,1487
893,-3845,1545
873,-3932,1592
854,-4018,1627
835,-4108,1648
816,-4190,1661
804,-4260,1667
788,-4307,1665
782,-4336,1654
772,-4334,1636
758,-4317,1615
744,-4280,1593
722,-4231,1571
700,-4178,1543
677,-4138,1514
649,-4099,1483
614,-4065,1455
571,-4033,1432
529,-4009,1414
484,-3990,1400
435,-3984,1390
385,-3974,1383
339,-3965,1380
294,-3960,1370
253,-3959,1359
216,-3963,1341
180,-3971,1318
147,-3976,1299
122,-3974,1279
97,-3967,1258
70,-3955,1233
51,-3947,1202
33,-3931,1177
21,-3920,1158
12,-3902,1147
7,-3880,1148
-2,-3849,1154
-10,-3817,1164
-16,-3786,1186
-25,-3757,1206
-30,-3732,1220
-30,-3707,1227
-32,-3698,1234
-30,-3703,1238
-31,-3695,1225
-26,-3674,1214
-20,-3661,1198
-18,-3651,1199
-9,-3661,1192
3,-3696,1183
15,-3737,1182
22,-3769,1199
23,-3771,1226
15,-3745,1252
7,-3709,1271
-17,-3673,1283
-43,-3629,1299
-72,-3599,1307
-92,-3582,1299
-108,-3571,1298
-120,-3556,1295
-124,-3552,1289
-118,-3554,1282
-110,-3561,1295
-101,-3565,1318
-102,-3557,1346
-103,-3538,1382
-109,-3511,1412
-117,-3483,1446
-128,-3457,1474
-138,-3421,1506
-147,-3380,1545
-153,-3341,1576
-153,-3294,1593
-145,-3259,1594
-123,-3240,1579
-80,-3245,1535
-25,-3255,1449
63,-3258,1436
190,-3354,1438
341,-3548,1391
476,-3728,1312
566,-3824,1235
623,-3848,1170
642,-3834,1095
650,-3832,1002
658,-3858,916
673,-3904,866
693,-3976,839
702,-4049,819
704,-4113,814
694,-4175,821
682,-4238,829
667,-4292,817
643,-4313,809
616,-4308,822
590,-4299,802
562,-4284,748
534,-4253,703
505,-4212,656
477,-4156,631
448,-4088,641
418,-4006,697
388,-3917,775
358,-3832,850
333,-3750,918
316,-3686,946
306,-3632,962
294,-3599,968
293,-3593,955
295,-3629,911
300,-3700,832
298,-3776,742
292,-3849,653
276,-3919,576
263,-3982,520
242,-4036,491
228,-4074,484
208,-4103,488
179,-4117,507
141,-4110,528
101,-4094,557
65,-4069,596
34,-4065,633
15,-4057,705
-7,-4065,769
-20,-4078,843
-28,-4102,912
-28,-4135,961
-34,-4160,1021
-39,-4176,1080
-54,-4201,1127
-67,-4236,1158
-71,-4270,1188
-73,-4300,1206
-73,-4325,1213
-66,-4359,1206
-56,-4407,1194
-42,-4444,1173
-26,-4479,1144
0,-4504,1114
16,-4527,1074
37,-4562,1043
66,-4617,1010
90,-4668,975
122,-4707,963
143,-4740,960
160,-4769,973
182,-4795,1003
209,-4818,1043
251,-4844,1084
301,-4873,1124
360,-4896,1168
426,-4914,1215
490,-4916,1254
551,-4906,1284
602,-4880,1290
638,-4849,1288
662,-4810,1275
677,-4762,1257
678,-4718,1224
674,-4685,1180
672,-4644,1131
672,-4599,1076
669,-4545,1024
676,-4481,985
694,-4425,957
714,-4363,947
743,-4300,950
773,-4235,976
808,-4180,1016
838,-4131,1063
872,-4079,1109
909,-4047,1142
945,-4023,1178
983,-3999,1213
1016,-3971,1246
1044,-3940,1276
1068,-3907,1307
1094,-3874,1344
1118,-3849,1385
1140,-3831,1426
1165,-3822,1465
1192,-3818,1491
1218,-3820,1509
1242,-3827,1517
1265,-3838,1517
1285,-3854,1514
1302,-3868,1508
1307,-3874,1507
1311,-3867,1506
1306,-3854,1504
1305,-3847,1499
1294,-3842,1486
1282,-3830,1471
1273,-3818,1464
1258,-3805,1464
1247,-3790,1456
1236,-3780,1432
1219,-3769,1393
1209,-3758,1357
1199,-3749,1329
1188,-3737,1308
1173,-3720,1287
1156,-3700,1274
1131,-3677,1263
1102,-3668,1264
1079,-3678,1253
1051,-3692,1240
1025,-3722,1212
1005,-3754,1199
988,-3786,1204
976,-3818,1206
976,-3839,1219
978,-3855,1226
981,-3865,1242
987,-3866,1262
995,-3866,1278
1010,-3871,1275
1026,-3874,1257
1048,-3877,1246
1068,-3876,1219
1093,-3863,1170
1115,-3851,1125
1136,-3836,1075
1154,-3823,1023
1171,-3809,989
1188,-3800,962
1206,-3808,948
1221,-3830,948
1228,-3860,951
1240,-3891,956
1243,-3901,978
1235,-3898,983
1220,-3879,964
1192,-3847,943
1165,-3800,927
1131,-3737,899
1094,-3669,863
1048,-3602,833
1005,-3542,815
968,-3494,790
927,-3458,765
900,-3435,754
870,-3431,768
840,-3432,782
795,-3430,793
747,-3416,806
704,-3411,813
674,-3413,824
660,-3424,831
647,-3437,826
643,-3443,814
651,-3451,792
666,-3467,765
681,-3478,742
692,-3491,710
711,-3506,682
722,-3514,665
730,-3520,667
729,-3529,672
731,-3538,675
739,-3555,678
748,-3582,680
757,-3611,685
765,-3630,696
769,-3644,723
766,-3651,748
760,-3652,769
752,-3646,785
743,-3646,795
732,-3657,790
728,-3681,768
724,-3705,751
719,-3719,724
723,-3725,721
722,-3741,689
725,-3753,664
730,-3763,638
726,-3773,621
726,-3787,625
735,-3818,623
747,-3842,605
760,-3848,608
770,-3855,616
784,-3868,628
794,-3879,646
807,-3878,659
820,-3874,660
829,-3877,648
834,-3863,618
843,-3837,603
859,-3826,582
882,-3836,562
907,-3862,538
934,-3894,520
958,-3922,510
983,-3952,517
1001,-3984,533
1010,-4020,550
1010,-4052,568
995,-4068,586
982,-4076,591
968,-4072,575
952,-4062,569
939,-4047,567
920,-4032,558
912,-4013,557
910,-4004,555
911,-3992,546
917,-3974,550
924,-3956,570
931,-3945,597
942,-3949,630
962,-3991,676
982,-4046,718
996,-4094,776
997,-4138,832
984,-4174,865
970,-4197,875
964,-4205,878
964,-4216,874
966,-4239,865
970,-4280,849
970,-4329,827
966,-4371,803
959,-4401,790
945,-4413,790
926,-4408,788
910,-4393,786
891,-4372,779
879,-4353,770
865,-4335,759
845,-4309,750
826,-4289,735
806,-4271,724
784,-4263,722
763,-4252,718
740,-4244,715
729,-4238,711
721,-4243,710
715,-4257,704
714,-4271,706
717,-4281,701
717,-4287,699
721,-4288,703
726,-4279,713
736,-4261,722
749,-4247,727
760,-4239,733
768,-4231,746
772,-4217,773
770,-4208,808
768,-4209,858
770,-4228,905
783,-4259,955
799,-4293,992
817,-4328,1018
842,-4354,1063
864,-4387,1116
893,-4431,1163
927,-4477,1220
958,-4519,1248
980,-4524,1279
992,-4498,1319
1007,-4478,1355
1039,-4479,1392
1079,-4478,1433
1121,-4468,1469
1158,-4459,1505
1188,-4447,1535
1216,-4439,1555
1236,-4424,1578
1248,-4405,1595
1249,-4379,1610
1247,-4339,1621
1238,-4285,1637
1222,-4232,1636
1197,-4170,1628
1170,-4111,1619
1138,-4043,1597
1107,-3966,1575
1069,-3889,1543
1030,-3814,1510
992,-3745,1471
959,-3682,1433
918,-3633,1389
883,-3598,1351
845,-3565,1317
802,-3533,1290
759,-3512,1263
720,-3494,1239
675,-3472,1209
634,-3444,1189
593,-3417,1175
561,-3395,1159
528,-3367,1147
494,-3341,1140
466,-3316,1128
441,-3292,1123
416,-3264,1118
393,-3240,1124
375,-3226,1133
361,-3215,1138
344,-3210,1146
333,-3207,1156
325,-3213,1173
318,-3232,1196
308,-3267,1222
304,-3305,1242
294,-3350,1248
283,-3389,1251
274,-3427,1258
266,-3448,1257
254,-3455,1272
250,-3464,1293
243,-3489,1311
246,-3517,1329
249,-3556,1353
254,-3601,1373
264,-3649,1385
273,-3697,1397
285,-3725,1411
299,-3746,1416
310,-3749,1413
331,-3752,1408
346,-3750,1400
367,-3755,1406
391,-3777,1419
416,-3805,1436
443,-3841,1460
463,-3885,1478
480,-3923,1493
491,-3955,1511
500,-3983,1523
505,-4005,1545
512,-4031,1567
517,-4063,1577
520,-4082,1567
520,-4091,1556
515,-4096,1538
510,-4098,1513
501,-4085,1494
485,-4058,1471
466,-4020,1437
450,-3987,1385
429,-3961,1303
421,-3929,1219
409,-3903,1134
412,-3911,1029
427,-3963,929
430,-4027,866
413,-4047,825
383,-4021,791
342,-3955,750
309,-3895,710
292,-3846,673
287,-3818,655
289,-3803,650
295,-3791,666
307,-3800,692
333,-3836,726
370,-3892,767
410,-3963,813
450,-4028,867
477,-4079,937
492,-4126,995
497,-4176,1036
495,-4219,1079
484,-4240,1130
461,-4252,1176
434,-4240,1219
407,-4207,1257
384,-4162,1282
363,-4116,1304
348,-4069,1323
338,-4026,1334
331,-3988,1337
326,-3957,1338
325,-3937,1336
318,-3910,1329
307,-3893,1315
300,-3870,1306
294,-3845,1298
284,-3829,1294
276,-3812,1283
263,-3791,1275
253,-3774,1270
240,-3756,1274
233,-3740,1277
234,-3733,1280
233,-3733,1282
236,-3733,1282
243,-3738,1281
251,-3735,1284
263,-3736,1283
274,-3735,1280
286,-3734,1278
298,-3742,1276
310,-3757,1276
320,-3774,1277
332,-3795,1280
342,-3810,1278
353,-3826,1274
369,-3842,1263
386,-3860,1254
410,-3880,1244
432,-3900,1245
461,-3923,1247
484,-3947,1249
509,-3971,1252
533,-3997,1250
556,-4021,1247
576,-4044,1246
594,-4071,1243
617,-4090,1245
645,-4125,1251
668,-4164,1259
686,-4201,1266
705,-4231,1275
717,-4251,1280
732,-4261,1280
743,-4269,1276
753,-4271,1265
764,-4272,1245
774,-4271,1225
773,-4269,1206
774,-4270,1190
776,-4274,1172
772,-4282,1159
768,-4296,1144
762,-4311,1132
756,-4329,1121
749,-4356,1115
742,-4382,1090
734,-4403,1074
729,-4425,1066
723,-4453,1065
713,-4475,1053
705,-4466,1049
697,-4443,1053
695,-4437,1050
703,-4465,1051
718,-4504,1061
737,-4543,1090
754,-4583,1114
767,-4611,1138
774,-4633,1156
775,-4650,1172
777,-4659,1174
779,-4666,1162
774,-4670,1140
770,-4663,1117
769,-4653,1104
768,-4653,1073
767,-4649,1050
762,-4644,1025
755,-4628,999
749,-4617,970
737,-4597,939
724,-4562,914
715,-4522,892
697,-4485,867
688,-4439,858
673,-4390,842
668,-4342,826
666,-4285,818
659,-4222,815
651,-4159,818
646,-4095,836
651,-4035,871
659,-3992,919
678,-3969,966
706,-3960,1013
739,-3963,1054
775,-3967,1097
821,-3969,1135
867,-3974,1164
912,-3970,1202
952,-3969,1233
988,-3970,1248
1027,-3969,1255
1050,-3958,1260
1062,-3935,1263
1072,-3919,1260
1078,-3901,1246
1085,-3889,1228
1097,-3883,1210
1108,-3868,1193
1119,-3859,1182
1131,-3851,1169
1138,-3855,1153
1150,-3850,1143
1161,-3846,1117
1176,-3845,1095
1198,-3844,1085
1212,-3847,1067
1224,-3846,1053
1234,-3849,1046
1232,-3847,1041
1228,-3841,1030
1222,-3834,1017
1215,-3827,999
1205,-3819,980
1189,-3799,959
1169,-3776,928
1141,-3748,885
1113,-3708,844
1085,-3666,800
1055,-3627,750
1027,-3590,702
1000,-3562,657
973,-3541,615
947,-3522,587
922,-3507,571
893,-3501,562
862,-3498,551
837,-3505,543
812,-3518,535
791,-3524,536
771,-3530,549
757,-3546,568
744,-3570,594
736,-3595,628
730,-3624,662
726,-3652,704
729,-3675,746
732,-3696,791
738,-3718,835
751,-3738,865
764,-3755,898
775,-3772,925
788,-3782,952
810,-3795,972
835,-3818,997
858,-3845,1017
889,-3872,1028
916,-3898,1041
950,-3932,1053
982,-3943,1086
1006,-3959,1100
1042,-3984,1117
1084,-4015,1128
1117,-4049,1132
1146,-4075,1135
1174,-4097,1132
1195,-4116,1117
1207,-4122,1088
1209,-4118,1038
1205,-4110,985
1198,-4095,933
1178,-4063,883
1157,-4023,840
1131,-3994,797
1099,-3968,740
1061,-3939,668
1020,-3905,611
970,-3866,558
924,-3829,510
880,-3795,466
842,-3774,424
810,-3766,387
783,-3764,349
762,-3764,328
744,-3766,327
722,-3763,333
702,-3762,348
682,-3758,365
663,-3753,386
646,-3752,401
634,-3751,411
626,-3745,413
626,-3739,412
622,-3731,417
621,-3711,422
622,-3695,427
624,-3679,422
624,-3658,417
626,-3641,410
629,-3627,427
628,-3609,450
627,-3593,479
634,-3583,520
637,-3579,563
640,-3588,604
646,-3604,645
647,-3614,682
645,-3621,703
642,-3631,719
638,-3647,732
635,-3676,740
639,-3709,740
646,-3744,722
654,-3776,694
665,-3799,661
683,-3825,620
708,-3842,585
725,-3859,564
739,-3868,553
752,-3876,524
753,-3886,497
753,-3891,470
751,-3893,447
752,-3897,441
749,-3907,440
753,-3918,438
765,-3927,445
775,-3929,448
784,-3929,457
795,-3926,469
808,-3917,488
818,-3910,506
824,-3898,522
832,-3875,548
843,-3855,561
852,-3834,575
866,-3829,579
875,-3834,584
882,-3849,593
889,-3866,592
893,-3887,580
893,-3907,565
890,-3931,545
885,-3953,506
886,-3962,477
892,-3958,465
901,-3952,472
905,-3949,478
910,-3933,481
905,-3913,478
898,-3895,469
889,-3886,466
883,-3881,459
876,-3881,457
873,-3880,452
870,-3885,454
871,-3897,455
878,-3912,457
888,-3931,468
898,-3953,483
905,-3978,494
917,-4005,506
929,-4037,512
936,-4068,525
941,-4090,529
939,-4116,539
938,-4145,555
936,-4172,572
928,-4200,582
918,-4223,594
902,-4242,606
883,-4259,617
865,-4274,619
849,-4286,614
834,-4292,601
821,-4299,582
812,-4311,568
808,-4316,553
804,-4322,530
807,-4330,519
810,-4338,512
819,-4343,505
822,-4352,503
822,-4355,508
810,-4350,511
796,-4349,515
782,-4346,529
764,-4350,547
748,-4351,570
740,-4355,614
735,-4372,659
741,-4399,704
758,-4423,751
772,-4448,800
788,-4477,859
806,-4504,920
825,-4529,970
840,-4543,1018
853,-4546,1066
858,-4535,1105
860,-4512,1136
861,-4474,1168
853,-4427,1191
844,-4377,1204
835,-4325,1213
827,-4275,1218
823,-4237,1212
823,-4195,1200
836,-4163,1182
849,-4141,1169
868,-4144,1155
888,-4146,1154
907,-4163,1143
923,-4188,1127
930,-4205,1109
933,-4213,1087
933,-4214,1046
926,-4207,1003
913,-4189,948
902,-4157,895
887,-4118,889
867,-4085,891
860,-4050,906
849,-4001,947
835,-3959,1003
822,-3928,1055
795,-3909,1095
756,-3895,1124
713,-3886,1131
659,-3870,1134
593,-3852,1128
523,-3821,1133
458,-3783,1134
395,-3738,1147
340,-3689,1164
293,-3639,1186
256,-3599,1204
242,-3572,1226
235,-3558,1245
237,-3554,1257
243,-3557,1269
249,-3566,1282
253,-3577,1296
257,-3592,1311
257,-3610,1331
256,-3626,1351
254,-3646,1376
250,-3663,1412
247,-3681,1448
247,-3702,1479
248,-3727,1505
251,-3746,1530
259,-3771,1562
268,-3798,1597
282,-3821,1623
297,-3849,1644
310,-3874,1662
327,-3902,1682
344,-3927,1709
370,-3957,1732
394,-3990,1751
424,-4015,1765
449,-4029,1779
479,-4040,1788
504,-4048,1791
529,-4057,1797
555,-4064,1798
575,-4066,1802
591,-4068,1802
598,-4064,1786
590,-4050,1751
572,-4029,1710
557,-3996,1661
543,-3958,1612
524,-3922,1563
506,-3882,1511
476,-3838,1463
445,-3802,1407
413,-3759,1354
378,-3724,1299
336,-3686,1253
297,-3658,1217
272,-3641,1202
244,-3629,1196
220,-3630,1194
199,-3633,1202
182,-3640,1205
164,-3654,1216
148,-3672,1228
134,-3691,1241
125,-3706,1247
119,-3715,1254
120,-3730,1251
122,-3738,1248
130,-3746,1247
145,-3763,1247
167,-3785,1246
188,-3801,1254
211,-3823,1264
239,-3845,1276
268,-3868,1294
291,-3893,1306
318,-3923,1321
343,-3951,1335
371,-3978,1350
387,-4001,1365
401,-4022,1374
412,-4039,1379
422,-4044,1384
422,-4036,1377
416,-4019,1372
410,-4002,1362
405,-3986,1356
400,-3963,1342
398,-3936,1317
395,-3908,1286
387,-3877,1252
376,-3847,1213
364,-3820,1184
354,-3806,1151
350,-3791,1119
343,-3789,1079
334,-3784,1045
330,-3784,1022
327,-3787,997
322,-3795,980
317,-3795,976
308,-3800,984
297,-3798,989
283,-3796,990
273,-3795,987
261,-3801,979
248,-3804,977
240,-3807,974
234,-3813,976
235,-3826,984
233,-3834,993
228,-3838,1002
226,-3845,1005
223,-3846,1006
219,-3852,1009
215,-3862,1021
213,-3873,1033
210,-3881,1049
207,-3889,1057
211,-3905,1050
219,-3923,1016
233,-3923,1005
249,-3926,1022
269,-3934,1043
294,-3964,1059
316,-3993,1075
334,-4026,1075
359,-4051,1078
380,-4083,1083
405,-4121,1083
428,-4150,1091
449,-4182,1104
470,-4219,1114
485,-4260,1125
494,-4297,1140
502,-4323,1157
495,-4344,1178
486,-4364,1195
475,-4378,1210
464,-4397,1217
451,-4424,1227
447,-4447,1234
446,-4468,1238
457,-4496,1237
467,-4515,1230
486,-4532,1213
506,-4539,1182
522,-4531,1140
536,-4509,1083
545,-4474,1030
547,-4431,980
545,-4393,927
544,-4360,869
545,-4328,819
542,-4296,768
541,-4275,725
542,-4256,687
548,-4250,664
555,-4250,653
562,-4256,651
575,-4264,658
586,-4271,665
593,-4275,672
600,-4275,687
602,-4273,704
609,-4266,722
611,-4250,738
614,-4235,747
617,-4216,756
626,-4192,757
636,-4169,757
644,-4148,767
663,-4128,775
682,-4119,792
708,-4120,817
739,-4129,844
773,-4147,877
808,-4162,904
842,-4181,929
875,-4200,950
905,-4215,970
934,-4222,996
964,-4227,1022
986,-4228,1038
1005,-4227,1048
1025,-4223,1053
1047,-4213,1066
1071,-4200,1078
1095,-4188,1083
1113,-4176,1076
1126,-4157,1067
1135,-4133,1057
1146,-4114,1055
1156,-4097,1046
1158,-4079,1037
1162,-4062,1033
1167,-4056,1029
1166,-4061,1014
1168,-4065,1003
1168,-4059,1000
1161,-4055,1009
1152,-4047,1011
1139,-4042,1018
1128,-4032,1020
1110,-4018,1016
1094,-3996,1006
1073,-3968,986
1053,-3936,970
1033,-3898,952
1019,-3854,930
999,-3807,911
988,-3766,900
980,-3733,883
974,-3692,867
976,-3658,847
980,-3626,825
977,-3597,811
975,-3579,791
980,-3567,780
982,-3557,768
989,-3555,763
991,-3557,755
996,-3558,754
998,-3561,754
1006,-3571,752
1019,-3583,755
1030,-3597,762
1044,-3618,771
1055,-3638,779
1071,-3659,791
1079,-3675,806
1083,-3690,819
1089,-3713,826
1100,-3734,833
1112,-3753,837
1123,-3777,845
1131,-3798,854
1137,-3822,865
1138,-3842,875
1139,-3861,882
1145,-3875,886
1145,-3882,882
1143,-3893,875
1142,-3905,868
1138,-3922,860
1137,-3928,860
1133,-3930,856
1124,-3921,856
1114,-3916,863
1103,-3916,855
1092,-3909,849
1075,-3906,843
1058,-3904,835
1035,-3897,812
1010,-3884,791
987,-3868,767
962,-3859,741
949,-3856,717
930,-3850,697
921,-3853,676
909,-3862,657
897,-3870,638
884,-3873,620
871,-3878,605
854,-3889,595
842,-3888,584
823,-3889,578
807,-3887,573
798,-3890,567
782,-3885,566
769,-3875,578
752,-3857,601
730,-3831,625
705,-3796,651
688,-3764,666
673,-3739,679
660,-3713,687
650,-3694,691
635,-3682,690
630,-3670,684
630,-3667,681
634,-3661,685
641,-3661,684
649,-3662,684
661,-3673,682
673,-3680,676
680,-3687,670
691,-3694,671
700,-3705,679
709,-3721,680
716,-3735,686
728,-3749,699
733,-3758,722
739,-3761,743
747,-3757,757
763,-3749,772
773,-3743,783
795,-3737,791
815,-3732,797
840,-3742,800
867,-3765,792
905,-3795,778
942,-3830,764
979,-3865,746
1010,-3899,728
1038,-3935,704
1067,-3969,678
1091,-4002,648
1112,-4030,622
1131,-4054,597
1151,-4079,563
1169,-4110,517
1180,-4137,464
1187,-4141,423
1183,-4132,393
1178,-4119,367
1176,-4110,346
1175,-4106,319
1177,-4104,303
1182,-4113,286
1183,-4125,265
1176,-4133,251
1170,-4134,239
1161,-4134,224
1150,-4131,221
1129,-4123,221
1114,-4113,216
1097,-4105,227
1084,-4091,252
1071,-4070,278
1053,-4046,314
1032,-4016,347
1019,-3990,382
1012,-3965,415
997,-3940,444
987,-3917,457
984,-3895,470
979,-3868,486
969,-3846,502
967,-3834,518
967,-3825,534
968,-3819,558
965,-3812,572
961,-3808,576
958,-3809,576
953,-3802,568
946,-3803,552
942,-3803,535
939,-3807,524
941,-3812,517
945,-3818,513
948,-3824,510
948,-3832,501
952,-3837,493
954,-3844,489
956,-3846,483
949,-3851,472
941,-3864,466
935,-3869,459
929,-3873,455
924,-3876,453
922,-3883,448
917,-3891,437
907,-3896,426
895,-3899,408
885,-3904,396
873,-3921,386
867,-3934,390
856,-3943,380
842,-3950,388
828,-3951,398
813,-3957,400
800,-3964,415
786,-3968,423
773,-3971,436
762,-3983,440
752,-3995,440
744,-4002,439
733,-4004,441
725,-4014,442
715,-4017,448
703,-4027,464
693,-4036,482
684,-4049,506
681,-4066,532
683,-4083,567
688,-4101,607
697,-4129,643
712,-4160,679
735,-4194,721
756,-4223,768
782,-4251,815
804,-4280,853
819,-4304,887
831,-4317,916
835,-4325,940
836,-4329,964
831,-4333,989
834,-4332,1014
837,-4336,1042
844,-4346,1079
848,-4350,1118
854,-4365,1136
865,-4385,1124
886,-4408,1102
909,-4424,1077
927,-4428,1054
944,-4421,1035
954,-4411,1016
958,-4392,1014
956,-4360,1009
944,-4326,999
924,-4285,983
904,-4246,970
879,-4211,955
857,-4182,939
846,-4157,925
834,-4130,920
827,-4110,925
824,-4088,939
826,-4072,950
826,-4062,968
829,-4055,988
837,-4047,1010
840,-4046,1037
841,-4043,1057
841,-4035,1077
844,-4024,1092
843,-4015,1110
846,-4003,1131
853,-3996,1159
856,-3987,1192
867,-3984,1226
880,-3982,1253
896,-3983,1279
919,-3984,1306
937,-3987,1333
962,-3997,1364
981,-4005,1387
1003,-4017,1399
1018,-4020,1405
1032,-4018,1402
1039,-4018,1390
1046,-4016,1371
1051,-4008,1344
1049,-3990,1307
1039,-3966,1271
1030,-3931,1233
1018,-3897,1195
999,-3870,1160
987,-3842,1120
968,-3815,1086
947,-3794,1055
924,-3774,1022
902,-3761,987
878,-3750,954
854,-3735,930
830,-3721,916
806,-3716,903
790,-3719,901
780,-3737,905
778,-3765,910
772,-3794,912
771,-3812,944
772,-3835,987
785,-3884,1028
806,-3946,1062
830,-4003,1098
832,-4027,1145
832,-4034,1210
828,-4042,1288
821,-4057,1360
822,-4079,1420
830,-4107,1477
839,-4134,1538
862,-4159,1596
887,-4169,1647
905,-4175,1679
934,-4192,1704
977,-4207,1716
1020,-4218,1731
1058,-4224,1753
1089,-4222,1773
1115,-4215,1778
1135,-4203,1769
1138,-4181,1745
1124,-4143,1699
1103,-4116,1640
1068,-4063,1565
1016,-3992,1488
970,-3928,1414
928,-3873,1346
885,-3829,1276
839,-3788,1212
788,-3743,1157
733,-3695,1101
682,-3649,1045
630,-3604,997
582,-3576,949
538,-3551,905
496,-3532,870
463,-3516,844
434,-3511,818
406,-3502,803
383,-3501,793
356,-3499,784
340,-3493,780
321,-3492,786
309,-3490,800
300,-3486,806
300,-3481,822
299,-3478,838
303,-3484,866
319,-3496,893
338,-3516,920
356,-3539,940
371,-3564,956
389,-3588,963
401,-3610,973
415,-3632,986
433,-3655,990
446,-3673,999
454,-3698,1017
464,-3722,1036
473,-3742,1061
481,-3764,1085
494,-3788,1105
502,-3810,1128
513,-3834,1152
525,-3857,1181
541,-3884,1203
555,-3909,1230
568,-3931,1257
576,-3954,1286
588,-3972,1311
595,-3989,1330
605,-4002,1346
611,-4015,1363
617,-4025,1373
625,-4034,1380
630,-4044,1388
635,-4046,1388
633,-4049,1389
630,-4048,1384
622,-4044,1373
616,-4036,1361
609,-4030,1350
599,-4020,1335
592,-4011,1322
584,-4003,1306
576,-3990,1295
567,-3981,1284
553,-3978,1277
546,-3974,1269
538,-3970,1257
522,-3967,1253
506,-3970,1246
494,-3967,1242
485,-3968,1236
