3363,2,6849
3383,40,6747
3364,18,6799
3349,-2,6782
3326,42,6776
3340,47,6790
3369,43,6826
3346,54,6753
3334,25,6762
3341,60,6804
3329,5,6792
3345,54,6787
3331,35,6766
3336,-22,6760
3335,26,6815
3376,37,6762
3341,45,6789
3354,44,6783
3376,62,6781
3321,47,6803
3324,-10,6716
3330,-8,6782
3357,-19,6780
3378,16,6740
3328,14,6822
3317,34,6767
3345,34,6810
3357,30,6815
3308,17,6793
3332,-10,6738
3339,55,6778
3324,41,6783
3354,37,6886
3341,59,6753
3327,39,6838
3320,67,6825
3330,52,6869
3322,16,6745
3353,21,6720
3305,61,6804
3298,48,6828
3286,30,6822
3333,49,6787
3334,77,6842
3301,38,6862
3298,17,6782
3304,53,6831
3310,33,6831
3321,58,6813
3325,27,6768
3330,13,6817
3321,-1,6752
3344,-14,6739
3337,32,6812
3350,-28,6777
3387,42,6742
3332,30,6715
3383,17,6819
3365,-14,6769
3362,18,6752
3369,-19,6735
3364,20,6729
3355,15,6749
3350,24,6769
3354,18,6771
3373,10,6813
3365,55,6752
3351,43,6740
3387,41,6718
3348,55,6767
3378,15,6674
3399,27,6698
3360,69,6755
3316,39,6721
3339,39,6715
3343,67,6796
3319,39,6759
3352,65,6768
3317,13,6745
3372,53,6645
3352,70,6734
3330,55,6780
3360,88,6757
3342,46,6706
3319,39,6724
3314,71,6748
3324,75,6755
3326,22,6738
3356,45,6651
3344,39,6752
3333,68,6695
3334,52,6726
3344,67,6873
3333,36,6789
3318,58,6801
3338,63,6784
3301,51,6779
3324,71,6695
3336,43,6803
3307,56,6780
3321,48,6801
3347,66,6828
3346,75,6766
3323,90,6766
3340,85,6842
3352,66,6747
3352,60,6684
3341,103,6806
3350,70,6834
3351,53,6767
3366,37,6745
3342,74,6815
3359,23,6744
3325,78,6793
3339,63,6823
3332,76,6585
3374,52,6807
3354,65,6689
3355,62,6722
3343,-8,6790
3357,47,6815
3330,28,6738
3340,53,6766
3345,50,6867
3367,68,6832
3362,92,6811
3371,46,6879
3367,53,6757
3356,42,6795
3324,-9,6786
3347,28,6836
3368,-2,6824
3347,42,6861
3345,47,6727
3345,50,6786
3335,60,6865
3367,13,6756
3342,48,6779
3325,14,6781
3323,32,6847
3318,6,6809
3337,48,6844
3336,16,6678
3320,27,6820
3328,57,6794
3304,38,6790
3293,29,6770
3316,54,6785
3325,8,6822
3335,37,6804
3321,26,6780
3294,-10,6684
3324,0,6889
3325,4,6864
3328,16,6844
3307,45,6763
3322,25,6918
3305,57,6799
3280,-22,6876
3298,4,6842
3317,-18,6791
3327,0,6885
3318,9,6856
3312,4,6838
3314,-29,6841
3335,33,6887
3333,28,6823
3333,3,6782
3345,7,6753
3333,2,6782
3325,16,6791
3336,-26,6728
3332,40,6699
3330,10,6801
3311,31,6758
3320,-12,6777
3351,-3,6777
3311,40,6690
3327,18,6626
3368,-20,6648
3360,33,6742
3334,25,6729
3305,2,6700
3327,-16,6801
3328,-6,6708
3314,35,6716
3351,36,6795
3329,9,6731
3348,28,6672
3329,62,6746
3307,73,6773
3318,71,6716
3290,73,6741
3290,83,6647
3347,75,6765
3301,84,6767
3295,67,6729
3327,79,6757
3307,47,6715
3320,42,6735
3259,38,6714
3305,73,6721
3306,40,6741
3311,40,6657
3310,69,6679
3332,62,6690
3320,65,6717
3270,47,6648
3306,16,6748
3276,6,6704
3283,-27,6763
3301,8,6692
3299,43,6758
3323,5,6747
3308,31,6729
3320,75,6725
3320,78,6681
3305,48,6754
3323,7,6712
3335,47,6681
3296,50,6764
3294,59,6666
3283,86,6636
3301,59,6747
3325,53,6604
3313,47,6783
3367,63,6666
3347,43,6736
3333,59,6778
3336,30,6699
3380,31,6661
3339,40,6709
3344,28,6712
3333,14,6602
3359,42,6682
3335,33,6723
3311,13,6727
3336,39,6737
3332,47,6727
3325,24,6733
3329,35,6812
3294,78,6726
3303,37,6619
3329,42,6726
3332,49,6647
3340,47,6706
3307,49,6668
3323,60,6713
3328,87,6691
3321,36,6667
3325,34,6770
3326,29,6616
3336,34,6661
3358,53,6749
3347,61,6677
3362,9,6703
3337,81,6665
3322,50,6729
3350,-7,6752
3362,20,6700
3370,50,6699
3342,49,6738
3378,51,6630
3357,20,6754
3382,42,6770
3389,68,6694
3341,73,6745
3371,55,6713
3364,48,6711
3352,36,6749
3353,20,6724
3353,51,6726
3345,68,6752
3330,67,6744
3363,74,6664
3349,58,6743
3318,49,6766
3341,16,6672
3387,32,6575
3364,51,6739
3385,48,6720
3339,41,6751
3365,63,6801
3359,14,6780
3346,3,6720
3344,52,6762
3355,19,6711
3342,6,6652
3344,44,6698
3337,61,6737
3348,12,6712
3326,58,6726
3320,25,6756
3338,-4,6746
3330,-6,6764
3326,30,6701
3329,43,6630
3321,20,6700
3353,44,6685
3359,10,6695
3299,15,6682
3320,29,6714
3344,39,6703
3369,-2,6772
3320,-12,6704
3357,-14,6752
3350,-9,6664
3330,-3,6637
3348,0,6685
3320,17,6639
3335,-24,6684
3353,4,6712
3344,51,6736
3350,24,6767
3341,20,6759
3337,17,6695
3343,82,6748
3324,39,6770
3340,12,6736
3339,-33,6774
3358,17,6768
3345,9,6710
3352,27,6686
3357,18,6741
3365,27,6782
3360,36,6754
3373,11,6707
3372,24,6722
3362,8,6693
3375,-10,6692
3357,-20,6712
3359,15,6722
3371,0,6708
3333,-23,6657
3346,-18,6715
3375,8,6813
3377,35,6716
3332,44,6689
3341,59,6709
3329,60,6690
3330,34,6771
3334,31,6820
3341,33,6724
3319,28,6706
3326,25,6743
3300,69,6715
3348,29,6657
3327,-14,6706
3354,38,6698
3363,19,6758
3319,-6,6738
3366,-3,6666
3343,27,6715
3350,31,6712
3363,49,6721
3317,67,6742
3345,74,6762
3332,28,6765
3360,3,6780
3339,32,6758
3342,-18,6622
3283,39,6712
3292,36,6691
3305,21,6702
3308,25,6724
3352,16,6708
3339,38,6711
3382,8,6678
3363,22,6726
3384,23,6738
3363,49,6726
3326,34,6671
3365,12,6641
3299,46,6741
3354,-20,6673
3326,15,6720
3348,11,6684
3366,15,6718
3328,68,6543
3348,62,6703
3332,51,6663
3353,-14,6710
3321,15,6686
3350,27,6686
3354,62,6699
3373,24,6643
3351,25,6753
3351,47,6550
3358,-10,6682
3370,22,6691
3372,30,6757
3396,15,6666
3370,66,6732
3401,32,6699
3350,26,6745
3379,43,6720
3392,41,6768
3377,37,6742
3372,21,6718
3353,20,6755
3361,-13,6755
3364,23,6671
3368,38,6687
3340,15,6693
3357,2,6740
3378,-21,6649
3379,23,6674
3342,-10,6708
3376,-27,6689
3363,-3,6674
3370,0,6725
3336,14,6684
3393,-15,6727
3362,-36,6635
3312,-20,6576
3347,1,6648
3336,-28,6769
3343,39,6696
3362,35,6761
3351,7,6726
3358,43,6736
3372,12,6750
3366,0,6678
3368,15,6566
3360,3,6733
3362,-20,6671
3376,-3,6731
3371,19,6678
3382,0,6739
3404,38,6726
3383,33,6734
3343,14,6646
3336,1,6620
3330,18,6605
3332,18,6687
3369,-28,6702
3321,-2,6705
3349,-17,6709
3321,6,6682
3323,22,6783
3334,34,6725
3342,26,6642
3341,22,6727
3352,9,6711
3352,20,6795
3351,35,6755
3399,-19,6682
3364,-11,6767
3348,6,6703
3344,4,6833
3336,36,6634
3349,37,6738
3381,14,6781
3365,-12,6682
3359,25,6746
3358,1,6691
3366,14,6722
3362,18,6758
3405,4,6665
3346,14,6606
3389,-16,6752
3366,-10,6716
3390,-25,6703
3352,31,6813
3344,66,6756
3362,7,6744
3316,32,6762
3365,42,6705
3349,41,6658
3351,18,6722
3327,43,6700
3365,45,6655
3345,86,6718
3372,20,6769
3346,59,6746
3352,59,6654
3343,75,6750
3361,85,6741
3344,23,6712
3345,65,6752
3319,65,6695
3325,20,6685
3334,78,6663
3361,90,6724
3336,3,6707
3322,29,6731
3329,35,6773
3331,20,6757
3377,2,6697
3361,29,6680
3337,24,6742
3364,30,6715
3373,49,6686
3356,16,6733
3373,52,6638
3324,-14,6734
3340,68,6719
3345,39,6714
3339,25,6737
3375,30,6804
3357,42,6721
3345,52,6684
3354,-4,6753
3308,-15,6683
3332,45,6788
3312,46,6707
3337,58,6710
3337,21,6721
3364,23,6676
3368,4,6711
3411,39,6724
3403,38,6661
3357,60,6794
3352,53,6716
3377,24,6768
3354,80,6729
3368,81,6761
3386,85,6721
3363,92,6664
3365,87,6718
3360,111,6763
3355,93,6659
3326,118,6790
3333,116,6699
3341,148,6604
3313,182,6687
3281,190,6654
3310,195,6617
3275,242,6650
3266,241,6591
3232,274,6503
3186,327,6660
3197,343,6667
3172,360,6633
3168,362,6634
3115,389,6618
3103,448,6543
3065,464,6592
3026,453,6619
3018,506,6548
2956,564,6572
2952,588,6327
2877,630,6578
2841,682,6553
2763,741,6462
2698,792,6462
2669,876,6449
2600,939,6509
2521,989,6493
2450,1005,6464
2369,1092,6245
2303,1186,6335
2228,1180,6349
2139,1250,6306
2045,1295,6289
1937,1293,6269
1860,1336,6226
1769,1375,6306
1704,1403,6252
1594,1402,6245
1541,1406,6336
1496,1415,6324
1435,1396,6332
1390,1407,6373
1325,1417,6468
1312,1401,6525
1291,1385,6549
1254,1400,6621
1247,1385,6588
1194,1387,6486
1207,1378,6598
1164,1369,6663
1215,1362,6791
1165,1352,6729
1217,1377,6736
1211,1391,6690
1230,1373,6615
1274,1399,6446
1275,1429,6413
1313,1480,6383
1325,1530,6211
1347,1556,6033
1361,1572,5697
1365,1560,5686
1429,1534,5828
1456,1554,5840
1478,1543,5647
1513,1534,5856
1510,1533,5729
1492,1568,5675
1513,1590,5639
1475,1563,5560
1478,1546,5515
1440,1593,5487
1408,1586,5491
1396,1595,5402
1415,1634,5500
1386,1594,5546
1381,1618,5454
1318,1611,5517
1334,1593,5584
1329,1603,5580
1326,1589,5469
1329,1600,5529
1262,1629,5548
1217,1615,5537
1194,1636,5466
1157,1613,5446
1127,1645,5504
1092,1636,5513
1052,1639,5508
1036,1636,5442
1014,1654,5524
996,1659,5452
981,1665,5405
970,1656,5491
941,1661,5369
908,1650,5515
842,1676,5387
823,1652,5460
755,1658,5483
737,1659,5480
718,1652,5355
662,1689,5508
654,1689,5494
664,1661,5500
698,1639,5455
715,1630,5446
772,1678,5460
796,1628,5443
872,1635,5479
934,1632,5421
961,1625,5600
1073,1626,5728
1099,1606,5737
1177,1618,5711
1236,1598,5775
1294,1606,5816
1278,1562,5872
1278,1589,5891
1297,1551,5933
1267,1541,5933
1255,1582,5921
1223,1539,5944
1179,1557,5996
1148,1580,5819
1100,1598,5846
990,1601,5793
950,1616,5756
894,1642,5753
847,1635,5583
821,1660,5597
811,1626,5459
779,1644,5523
783,1624,5543
815,1662,5568
829,1652,5556
926,1679,5501
940,1668,5428
994,1687,5506
1016,1700,5516
1083,1654,5527
1130,1636,5552
1183,1631,5554
1215,1645,5602
1220,1632,5637
1246,1613,5674
1276,1616,5651
1248,1613,5512
1291,1620,5607
1274,1601,5626
1272,1596,5644
1238,1632,5653
1229,1621,5659
1208,1607,5548
1159,1653,5567
1156,1644,5605
1150,1639,5494
1161,1665,5601
1114,1625,5566
1099,1664,5646
1148,1675,5577
1117,1634,5605
1110,1654,5559
1106,1631,5542
1126,1642,5639
1094,1630,5575
1046,1662,5598
1060,1633,5617
1040,1681,5551
1020,1681,5537
991,1688,5536
994,1655,5564
1000,1638,5591
1028,1626,5638
1006,1652,5732
1056,1635,5707
1059,1650,5684
1043,1649,5732
1073,1640,5782
1067,1604,5827
1088,1582,5766
1084,1606,5733
1133,1622,5755
1124,1653,5674
1089,1637,5751
1068,1673,5749
1071,1633,5698
1039,1686,5597
981,1665,5599
936,1662,5581
891,1713,5540
843,1713,5537
838,1709,5368
795,1718,5460
846,1708,5371
831,1731,5389
852,1693,5416
864,1716,5510
902,1677,5495
996,1671,5554
1019,1699,5482
1075,1660,5467
1118,1655,5600
1134,1649,5664
1177,1604,5695
1188,1629,5708
1159,1627,5597
1205,1658,5652
1136,1627,5605
1134,1694,5534
1079,1639,5498
1047,1639,5546
965,1643,5537
892,1671,5537
867,1663,5520
791,1689,5548
789,1674,5545
745,1658,5461
712,1668,5392
723,1660,5341
698,1696,5484
728,1669,5499
722,1676,5568
762,1678,5604
823,1673,5569
821,1642,5671
878,1674,5691
902,1650,5675
919,1618,5597
975,1655,5682
1008,1616,5693
962,1644,5700
986,1656,5717
936,1657,5705
874,1633,5693
877,1628,5686
792,1648,5627
792,1644,5473
691,1664,5640
669,1608,5529
601,1648,5522
578,1619,5491
590,1650,5504
591,1653,5471
574,1647,5571
593,1632,5647
643,1638,5627
676,1631,5632
710,1637,5734
784,1658,5661
819,1638,5752
904,1631,5700
923,1652,5691
927,1679,5749
969,1626,5686
962,1627,5693
962,1657,5779
966,1645,5741
945,1654,5681
912,1678,5624
894,1682,5668
840,1634,5673
769,1603,5645
783,1644,5567
729,1660,5540
664,1685,5613
635,1703,5444
611,1731,5456
602,1678,5416
625,1696,5427
653,1655,5505
675,1666,5536
691,1672,5617
726,1658,5633
789,1665,5622
847,1630,5654
898,1694,5602
929,1637,5644
895,1609,5689
926,1614,5640
949,1632,5737
887,1653,5717
842,1618,5743
822,1611,5751
756,1631,5697
699,1645,5637
690,1650,5608
659,1664,5529
619,1633,5524
602,1665,5602
594,1663,5643
594,1682,5524
589,1663,5509
619,1683,5536
660,1675,5659
720,1677,5628
768,1644,5563
762,1674,5536
768,1651,5624
771,1669,5581
761,1644,5542
771,1672,5607
761,1651,5519
735,1666,5585
722,1664,5519
713,1643,5503
664,1666,5534
603,1663,5479
596,1666,5526
601,1662,5559
604,1677,5527
582,1679,5465
602,1662,5527
636,1660,5540
660,1664,5516
676,1695,5505
735,1648,5492
719,1678,5577
775,1661,5542
818,1644,5374
767,1635,5505
758,1627,5484
736,1653,5525
716,1656,5448
731,1598,5536
674,1624,5413
685,1653,5427
657,1674,5480
644,1652,5309
629,1637,5462
615,1636,5443
615,1625,5411
622,1638,5464
615,1676,5408
663,1696,5547
710,1656,5445
717,1647,5484
771,1613,5434
799,1659,5543
864,1654,5529
886,1643,5607
879,1657,5559
880,1630,5566
861,1659,5560
899,1623,5578
849,1607,5666
872,1607,5536
835,1633,5705
821,1618,5749
809,1618,5708
775,1600,5678
773,1613,5765
728,1610,5779
764,1618,5767
764,1624,5760
743,1622,5717
696,1600,5814
709,1616,5758
733,1638,5699
696,1639,5731
679,1623,5758
682,1616,5734
719,1623,5687
724,1607,5670
734,1621,5606
774,1626,5649
765,1623,5663
791,1630,5793
825,1613,5757
791,1621,5757
801,1613,5771
785,1604,5689
758,1577,5714
777,1591,5692
783,1616,5703
739,1599,5734
697,1574,5643
623,1577,5701
579,1593,5709
602,1606,5645
611,1566,5743
604,1599,5737
620,1571,5757
561,1599,5834
604,1563,5779
593,1580,5797
597,1581,5760
634,1566,5761
667,1595,5820
738,1590,5765
722,1651,5827
794,1597,5622
767,1640,5744
787,1628,5710
781,1631,5714
765,1594,5684
767,1610,5749
682,1594,5646
721,1570,5713
673,1559,5692
670,1611,5589
639,1583,5758
597,1580,5762
632,1578,5709
580,1575,5765
605,1610,5691
617,1621,5731
638,1577,5669
649,1580,5733
693,1584,5640
755,1582,5686
752,1600,5766
771,1605,5660
806,1628,5707
834,1608,5750
832,1600,5691
851,1589,5800
826,1614,5801
845,1576,5835
791,1548,5865
752,1561,5913
694,1551,5839
669,1546,5888
597,1573,5929
578,1543,5911
531,1513,5903
515,1559,5907
466,1567,5906
482,1551,5878
515,1494,5926
489,1529,5884
507,1518,5908
520,1526,5864
538,1543,5984
561,1560,5912
607,1560,5862
648,1597,5889
657,1579,5888
668,1586,5839
708,1573,5832
740,1598,5785
753,1577,5763
749,1579,5802
740,1603,5902
713,1557,5765
726,1593,5826
720,1573,5785
667,1582,5803
670,1609,5822
629,1545,5847
619,1562,5899
610,1566,5853
583,1533,5810
616,1566,5865
590,1566,5839
590,1579,5810
622,1556,5797
636,1563,5735
642,1584,5762
643,1578,5828
669,1550,5810
687,1565,5825
730,1584,5843
740,1573,5759
771,1604,5802
810,1627,5829
834,1640,5860
860,1578,5787
902,1622,5805
896,1585,5826
980,1608,5914
958,1592,5906
984,1573,5938
1064,1595,5965
1051,1555,5899
1106,1573,5971
1169,1535,6029
1164,1547,6035
1241,1507,6052
1291,1480,6128
1316,1468,6179
1400,1436,6266
1439,1419,6186
1475,1433,6366
1600,1405,6432
1615,1348,6445
1730,1288,6476
1764,1253,6573
1888,1228,6655
1977,1169,6637
2054,1148,6632
2162,1110,6674
2232,1041,6812
2303,966,6773
2380,940,6913
2473,877,6865
2564,831,6988
2673,713,7010
2742,616,7131
2841,552,7101
2892,456,7044
2964,414,7168
3045,317,7284
3112,263,7188
3188,172,7345
3222,135,7350
3261,79,7354
3310,17,7313
3343,-15,7226
3380,-89,7184
3397,-128,7183
3410,-171,7241
3410,-193,7235
3429,-202,7244
3421,-178,7184
3442,-222,7143
3478,-210,7095
3469,-202,7124
3454,-230,7017
3449,-237,7083
3442,-255,7041
3442,-216,7084
3455,-190,7073
3474,-187,7053
3427,-219,6970
3454,-193,7025
3466,-190,7002
3455,-170,6795
3454,-168,6888
3439,-132,6911
3407,-136,6920
3453,-165,6838
3411,-140,6857
3405,-131,6893
3421,-95,6816
3394,-70,6926
3409,-66,6766
3364,-53,6783
3378,-36,6856
3365,-22,6827
3367,-60,6795
3360,-15,6809
3349,24,6777
3356,51,6817
3386,99,6742
3347,91,6672
3305,70,6767
3282,85,6695
3294,126,6670
3292,107,6643
3304,80,6738
3248,134,6641
3237,139,6710
3298,169,6684
3283,139,6690
3283,155,6708
3256,126,6638
3281,108,6618
3306,134,6677
3249,158,6688
3272,148,6680
3278,127,6712
3286,194,6681
3289,159,6659
3265,127,6648
3302,136,6639
3270,163,6673
3307,130,6710
3271,110,6678
3265,106,6698
3282,104,6672
3314,111,6809
3310,64,6753
3344,101,6729
3292,88,6729
3332,61,6747
3303,67,6709
3301,95,6796
3333,119,6831
3295,82,6754
3271,60,6692
3306,61,6806
3295,60,6744
3291,21,6765
3298,35,6715
3267,48,6719
3275,-1,6825
3275,25,6832
3292,31,6778
3282,9,6752
3240,28,6779
3286,9,6799
3300,23,6792
3320,0,6766
3297,38,6788
3284,30,6834
3262,16,6712
3304,-3,6741
3342,4,6785
3301,38,6697
3329,13,6719
3311,53,6688
3285,70,6604
3291,38,6595
3286,92,6699
3292,81,6649
3302,101,6663
3323,87,6700
3321,60,6700
3313,58,6582
3279,9,6698
3304,17,6710
3336,68,6672
3340,50,6662
3296,28,6719
3320,61,6651
3279,74,6644
3276,77,6746
3346,31,6630
3296,30,6661
3277,86,6698
3328,50,6664
3289,84,6730
3294,93,6709
3326,74,6714
3335,38,6643
3349,48,6770
3338,26,6590
3304,65,6790
3320,76,6657
3309,47,6734
3312,50,6721
3291,71,6680
3292,75,6700
3272,37,6688
3288,51,6766
3290,50,6607
3295,72,6779
3300,88,6669
3299,63,6721
3311,123,6669
3302,95,6731
3314,96,6687
3282,74,6762
3269,93,6768
3278,92,6588
3263,91,6781
3279,114,6700
3267,82,6789
3316,94,6724
3288,114,6656
3260,69,6687
3272,104,6612
3243,61,6718
3279,83,6771
3298,102,6687
3322,125,6721
3327,89,6722
3290,122,6702
3324,115,6719
3288,110,6729
3261,124,6782
3292,99,6743
3303,91,6633
3324,120,6693
3282,126,6676
3259,108,6720
3265,95,6764
3296,100,6768
3315,127,6701
3302,146,6700
3284,106,6743
3289,141,6528
3311,79,6648
3298,100,6651
3316,104,6638
3327,110,6658
3304,86,6673
3311,85,6673
3329,50,6559
3295,94,6659
3283,46,6585
3288,54,6701
3305,94,6720
3308,95,6683
3360,67,6683
3290,92,6748
3306,90,6725
3338,90,6875
3329,87,6797
3298,68,6650
3293,60,6790
3309,79,6737
3301,77,6761
3346,30,6777
3342,39,6806
3303,70,6715
3347,67,6755
3335,32,6837
3349,36,6674
3346,55,6724
3331,57,6792
3326,50,6752
3343,44,6824
3335,55,6805
3351,48,6885
3322,38,6812
3307,67,6823
3346,41,6699
3326,49,6747
3316,42,6757
3350,84,6789
3333,68,6839
3341,34,6772
3352,59,6708
3337,50,6752
3373,45,6789
3316,49,6780
3315,72,6716
3347,89,6731
3329,42,6723
3391,46,6792
3341,73,6745
3372,24,6859
3357,18,6801
3351,60,6690
3323,47,6805
3341,67,6827
3318,13,6823
3327,42,6758
3340,70,6792
3334,19,6784
3348,30,6823
3326,46,6752
3347,82,6745
3351,23,6655
3351,50,6825
3353,36,6767
3374,54,6820
3320,37,6838
3352,53,6739
3341,42,6747
3341,60,6857
3323,53,6766
3325,65,6835
3291,15,6777
3312,47,6844
3315,33,6811
3354,42,6784
3325,35,6814
3364,44,6812
3304,25,6803
3321,41,6766
3318,23,6877
3320,24,6774
3335,15,6864
3361,25,6851
3311,28,6798
3316,36,6796
3315,22,6809
3331,40,6823
3302,22,6784
3346,21,6865
3339,6,6791
3347,44,6708
3350,35,6775
3347,49,6795
3324,24,6787
3321,-3,6772
3317,10,6770
3329,38,6772
3306,27,6798
3320,2,6619
3307,6,6614
3361,19,6600
3306,37,6768
3300,63,6712
3330,21,6697
3293,51,6728
3292,32,6757
3347,-2,6707
3334,22,6774
3337,52,6710
3319,35,6721
3304,40,6699
3354,60,6709
3338,32,6688
3341,42,6710
3362,43,6675
3332,24,6646
3350,75,6547
3336,74,6731
3385,71,6667
3352,59,6681
3347,87,6677
3302,78,6660
3340,65,6703
3355,84,6674
3346,67,6687
3328,41,6684
3372,32,6708
3357,58,6613
3347,-18,6754
3331,0,6744
3366,28,6789
3336,83,6720
3355,56,6627
3345,59,6706
3353,63,6712
3339,54,6616
3343,74,6677
3344,82,6739
3356,62,6695
3363,83,6687
3342,56,6596
3340,27,6773
3372,32,6680
3350,50,6776
3339,75,6669
3337,57,6762
3309,54,6717
3326,56,6714
3346,60,6624
3297,71,6653
3316,60,6587
3301,98,6711
3329,81,6534
3346,64,6696
3326,90,6671
3368,112,6664
3328,80,6673
3340,78,6733
3314,72,6630
3359,75,6758
3322,78,6700
3370,74,6620
3316,61,6710
3329,81,6646
3338,65,6750
3319,47,6757
3374,55,6678
3321,42,6699
3361,46,6669
3325,53,6662
3376,23,6521
3362,17,6703
3359,6,6613
3355,13,6703
3354,42,6751
3369,49,6678
3392,75,6721
3379,48,6669
3333,29,6737
3322,56,6709
3352,30,6730
3333,47,6731
3336,13,6784
3314,68,6782
3360,25,6739
3370,26,6785
3360,20,6795
3376,9,6775
3346,39,6637
3354,38,6758
3371,47,6728
3312,60,6776
3352,12,6813
3338,37,6767
3337,24,6755
3343,7,6867
3305,24,6802
3338,54,6765
3339,54,6797
3350,42,6810
3334,20,6831
3335,48,6815
3325,65,6772
3332,72,6854
3352,119,6747
3337,59,6722
3371,68,6738
3346,39,6770
3339,79,6667
3343,48,6797
3340,57,6740
3331,18,6761
3363,56,6786
3334,39,6790
3318,5,6710
3369,31,6772
3373,34,6736
3366,57,6805
3331,69,6796
3322,69,6790
3327,50,6779
3329,6,6739
3319,29,6752
3323,77,6737
3311,86,6736
3360,76,6799
3337,97,6686
3334,80,6716
3332,59,6721
3369,59,6813
3348,62,6698
3369,90,6789
3352,91,6799
3349,65,6728
3355,62,6692
3293,57,6756
3323,30,6786
3325,51,6711
3351,58,6804
3341,83,6706
3336,70,6711
3343,85,6773
3316,74,6723
3316,34,6792
3322,77,6721
3345,70,6713
3326,65,6700
3321,43,6729
3321,54,6741
3309,35,6730
3345,44,6660
3330,20,6676
3363,41,6765
3365,12,6753
3363,81,6683
3357,21,6738
3371,42,6791
3392,36,6743
3362,41,6632
3365,22,6693
3354,56,6652
3366,41,6861
3358,64,6744
3332,37,6666
3383,41,6729
3346,31,6659
3323,46,6761
3368,-3,6735
3361,21,6785
3376,31,6757
3348,21,6591
3332,59,6746
3332,30,6726
3342,29,6754
3359,-22,6715
3381,-1,6623
3358,12,6695
3319,29,6769
3349,19,6760
3364,36,6683
3371,29,6712
3330,15,6755
3357,12,6733
3373,58,6699
3369,31,6689
3380,-8,6680
3358,8,6699
3372,3,6737
3367,-4,6566
3325,5,6741
3348,-9,6635
3377,-2,6695
3374,23,6763
3345,3,6673
3376,-11,6762
3380,6,6674
3370,-45,6715
3393,8,6592
3366,30,6743
3384,37,6742
3346,7,6769
3365,24,6648
3372,-4,6703
3357,21,6734
3353,22,6722
3350,2,6806
3386,-3,6721
3400,53,6750
3362,14,6730
3368,21,6691
3370,2,6769
3369,35,6641
3343,54,6737
3366,27,6747
3361,54,6689
3328,42,6628
3343,33,6724
3331,46,6768
3377,41,6802
3346,43,6668
3348,42,6747
3312,63,6671
3333,33,6771
3323,52,6731
3294,73,6533
3341,22,6657
3327,58,6773
3272,67,6644
3336,78,6699
3344,37,6740
3351,70,6698
3357,39,6727
3324,20,6694
3335,40,6601
3323,25,6720
3347,14,6705
3381,50,6705
3324,68,6625
3347,31,6687
3345,-18,6719
3344,19,6669
3363,8,6607
3364,21,6636
3344,56,6692
3352,46,6741
3349,30,6636
3333,43,6680
3356,41,6666
3323,42,6649
3341,24,6712
3315,31,6682
3323,5,6625
3319,17,6650
3333,56,6709
3329,57,6611
3325,3,6636
3312,61,6720
3316,62,6665
3326,21,6683
3314,71,6664
3330,7,6689
3342,83,6666
3331,52,6631
3322,31,6623
3331,-19,6586
3321,35,6671
3334,51,6764
3295,53,6726
3334,60,6822
3326,18,6675
3351,4,6708
3293,32,6689
3336,39,6686
3333,47,6623
3330,72,6650
3348,84,6725
3313,47,6689
3299,33,6739
3346,33,6790
3327,43,6667
3310,58,6774
3340,41,6665
3329,56,6661
3318,54,6764
3325,55,6688
3323,8,6723
3314,52,6740
3318,34,6691
3331,56,6753
3328,48,6716
3307,47,6738
3284,74,6793
3302,24,6650
3303,17,6770
3306,61,6736
3331,29,6856
3338,3,6742
3318,0,6755
3339,33,6720
3330,2,6776
3351,55,6746
3372,33,6839
3396,41,6827
3345,-14,6788
3351,62,6768
